Temperature (K)	Pressure (bar)	Density (kg/m3)	Volume (m3/kg)	Internal Energy (kJ/kg)	Enthalpy (kJ/kg)	Entropy (J/g*K)	Cv (J/g*K)	Cp (J/g*K)	Sound Spd. (m/s)	Joule-Thomson (K/bar)	Viscosity (Pa*s)	Therm. Cond. (W/m*K)	Phase
354.0	56.5	101.81	0.0098226	458.67	514.16	2.0431	0.78725	1.2295	266.31	0.68451	1.8898e-05	0.025255	vapor
354.0	59.75	109.06	0.0091691	456.62	511.4	2.0266	0.79243	1.2597	264.99	0.68059	1.9036e-05	0.025649	vapor
354.0	63.0	116.52	0.0085819	454.53	508.59	2.0105	0.7977	1.2917	263.69	0.67629	1.9185e-05	0.026067	vapor
354.0	66.25	124.2	0.0080514	452.39	505.73	1.9948	0.80305	1.3256	262.43	0.6716	1.9344e-05	0.026512	vapor
354.0	69.5	132.11	0.0075695	450.2	502.8	1.9794	0.80849	1.3618	261.19	0.66648	1.9516e-05	0.026985	vapor
354.0	72.75	140.25	0.0071299	447.96	499.83	1.9642	0.814	1.4002	260.0	0.66091	1.97e-05	0.02749	vapor
354.0	76.0	148.65	0.0067271	445.66	496.79	1.9493	0.81959	1.4411	258.85	0.65487	1.9898e-05	0.028027	vapor
354.0	76.0	148.65	0.0067271	445.66	496.79	1.9493	0.81959	1.4411	258.85	0.65487	1.9898e-05	0.028027	supercritical
354.0	76.0	148.65	0.0067271	445.66	496.79	1.9493	0.81959	1.4411	258.85	0.65487	1.9898e-05	0.028027	supercritical
354.0	79.25	157.32	0.0063566	443.31	493.69	1.9345	0.82525	1.4846	257.74	0.64833	2.0111e-05	0.028599	supercritical
354.0	82.5	166.26	0.0060147	440.91	490.53	1.9199	0.83097	1.531	256.7	0.64126	2.0341e-05	0.02921	supercritical
354.0	85.75	175.5	0.0056981	438.45	487.31	1.9054	0.83675	1.5804	255.72	0.63363	2.0589e-05	0.02986	supercritical
354.0	89.0	185.04	0.0054043	435.92	484.02	1.8911	0.84257	1.6328	254.81	0.62542	2.0856e-05	0.030553	supercritical
354.0	92.25	194.9	0.0051308	433.34	480.67	1.8767	0.84843	1.6886	253.98	0.6166	2.1144e-05	0.031291	supercritical
354.0	95.5	205.1	0.0048757	430.69	477.25	1.8625	0.8543	1.7478	253.25	0.60715	2.1456e-05	0.032075	supercritical
354.0	98.75	215.64	0.0046374	427.98	473.77	1.8483	0.86017	1.8105	252.63	0.59704	2.1792e-05	0.032908	supercritical
354.0	102.0	226.54	0.0044143	425.2	470.23	1.8341	0.86601	1.8767	252.12	0.58626	2.2155e-05	0.03379	supercritical
354.0	105.25	237.8	0.0042052	422.36	466.62	1.82	0.8718	1.9462	251.75	0.5748	2.2548e-05	0.034723	supercritical
354.0	108.5	249.44	0.0040091	419.46	462.96	1.8059	0.8775	2.019	251.53	0.56264	2.2972e-05	0.035705	supercritical
354.0	111.75	261.44	0.003825	416.5	459.24	1.7918	0.88308	2.0946	251.48	0.54979	2.3429e-05	0.036735	supercritical
354.0	115.0	273.81	0.0036521	413.48	455.48	1.7777	0.8885	2.1726	251.62	0.53626	2.3922e-05	0.037812	supercritical
354.0	118.25	286.54	0.0034899	410.4	451.67	1.7637	0.8937	2.2521	251.96	0.52206	2.4452e-05	0.038929	supercritical
354.0	121.5	299.61	0.0033377	407.28	447.84	1.7497	0.89865	2.3323	252.54	0.50725	2.5022e-05	0.040084	supercritical
354.0	124.75	312.98	0.0031951	404.13	443.99	1.7358	0.90328	2.4119	253.38	0.49187	2.5632e-05	0.041268	supercritical
354.0	128.0	326.63	0.0030616	400.94	440.13	1.7221	0.90756	2.4896	254.48	0.476	2.6282e-05	0.042474	supercritical
354.0	131.25	340.5	0.0029369	397.74	436.29	1.7085	0.91143	2.5639	255.88	0.45972	2.6974e-05	0.043693	supercritical
354.0	134.5	354.53	0.0028206	394.54	432.47	1.6951	0.91487	2.6332	257.58	0.44314	2.7705e-05	0.044917	supercritical
354.0	137.75	368.67	0.0027124	391.35	428.71	1.6819	0.91784	2.6961	259.61	0.42638	2.8474e-05	0.046136	supercritical
354.0	141.0	382.84	0.0026121	388.18	425.01	1.669	0.92034	2.7513	261.95	0.40956	2.9278e-05	0.047342	supercritical
354.0	144.25	396.96	0.0025191	385.05	421.39	1.6564	0.92237	2.7979	264.63	0.39281	3.0114e-05	0.048528	supercritical
354.0	147.5	410.97	0.0024333	381.98	417.87	1.6442	0.92395	2.8352	267.62	0.37625	3.0977e-05	0.04969	supercritical
354.0	150.75	424.79	0.0023541	378.97	414.46	1.6324	0.92512	2.8629	270.92	0.35999	3.1863e-05	0.050821	supercritical
354.0	154.0	438.36	0.0022812	376.04	411.17	1.621	0.92591	2.8812	274.5	0.34414	3.2767e-05	0.051921	supercritical
354.0	157.25	451.62	0.0022143	373.2	408.02	1.61	0.92637	2.8906	278.36	0.32876	3.3683e-05	0.052986	supercritical
354.0	160.5	464.52	0.0021528	370.45	405.0	1.5994	0.92654	2.8918	282.45	0.31394	3.4606e-05	0.054019	supercritical
354.0	163.75	477.04	0.0020963	367.79	402.12	1.5894	0.92649	2.8858	286.75	0.29971	3.5532e-05	0.055018	supercritical
354.0	167.0	489.14	0.0020444	365.23	399.38	1.5797	0.92624	2.8737	291.23	0.28612	3.6458e-05	0.055986	supercritical
354.0	170.25	500.81	0.0019968	362.78	396.77	1.5705	0.92583	2.8565	295.86	0.27319	3.7378e-05	0.056924	supercritical
354.0	173.5	512.05	0.0019529	360.42	394.3	1.5617	0.9253	2.8353	300.62	0.26092	3.8291e-05	0.057834	supercritical
354.0	176.75	522.85	0.0019126	358.16	391.96	1.5533	0.92467	2.8111	305.48	0.24931	3.9193e-05	0.058718	supercritical
354.0	180.0	533.22	0.0018754	355.99	389.74	1.5453	0.92397	2.7847	310.42	0.23834	4.0083e-05	0.059578	supercritical
354.0	183.25	543.18	0.001841	353.91	387.65	1.5377	0.92322	2.7567	315.41	0.22798	4.096e-05	0.060414	supercritical
354.0	186.5	552.74	0.0018092	351.92	385.66	1.5304	0.92243	2.7279	320.44	0.21822	4.1822e-05	0.06123	supercritical
354.0	189.75	561.91	0.0017796	350.01	383.77	1.5234	0.92162	2.6985	325.5	0.20901	4.2669e-05	0.062024	supercritical
354.0	193.0	570.71	0.0017522	348.17	381.99	1.5168	0.9208	2.669	330.57	0.20033	4.35e-05	0.0628	supercritical
354.0	196.25	579.16	0.0017267	346.41	380.3	1.5104	0.91998	2.6396	335.65	0.19215	4.4315e-05	0.063557	supercritical
354.0	199.5	587.27	0.0017028	344.72	378.69	1.5043	0.91917	2.6106	340.71	0.18443	4.5114e-05	0.064297	supercritical
354.0	202.75	595.07	0.0016805	343.09	377.17	1.4984	0.91836	2.5822	345.75	0.17715	4.5898e-05	0.065019	supercritical
354.0	206.0	602.56	0.0016596	341.53	375.72	1.4928	0.91758	2.5544	350.76	0.17028	4.6666e-05	0.065727	supercritical
354.0	209.25	609.78	0.0016399	340.02	374.34	1.4874	0.91681	2.5273	355.74	0.16378	4.7418e-05	0.066419	supercritical
354.0	212.5	616.73	0.0016215	338.57	373.02	1.4822	0.91607	2.5011	360.68	0.15764	4.8155e-05	0.067096	supercritical
354.0	215.75	623.42	0.001604	337.17	371.77	1.4772	0.91535	2.4757	365.58	0.15183	4.8878e-05	0.06776	supercritical
354.0	219.0	629.89	0.0015876	335.81	370.58	1.4723	0.91465	2.4512	370.43	0.14633	4.9587e-05	0.068411	supercritical
354.0	222.25	636.12	0.001572	334.5	369.44	1.4677	0.91398	2.4276	375.23	0.14112	5.0283e-05	0.069049	supercritical
354.0	225.5	642.15	0.0015573	333.23	368.35	1.4631	0.91334	2.4049	379.98	0.13618	5.0965e-05	0.069675	supercritical
354.0	228.75	647.98	0.0015433	332.01	367.31	1.4588	0.91272	2.383	384.68	0.13148	5.1635e-05	0.070289	supercritical
354.0	232.0	653.62	0.0015299	330.82	366.31	1.4545	0.91214	2.3619	389.33	0.12702	5.2292e-05	0.070893	supercritical
354.0	235.25	659.09	0.0015172	329.67	365.36	1.4505	0.91158	2.3416	393.93	0.12277	5.2938e-05	0.071485	supercritical
354.0	238.5	664.39	0.0015051	328.55	364.44	1.4465	0.91104	2.322	398.47	0.11872	5.3573e-05	0.072068	supercritical
354.0	241.75	669.52	0.0014936	327.46	363.57	1.4426	0.91053	2.3032	402.97	0.11486	5.4197e-05	0.07264	supercritical
354.0	245.0	674.51	0.0014825	326.4	362.72	1.4389	0.91004	2.2851	407.41	0.11118	5.481e-05	0.073203	supercritical
354.0	248.25	679.36	0.001472	325.37	361.91	1.4352	0.90958	2.2677	411.8	0.10766	5.5414e-05	0.073757	supercritical
354.0	251.5	684.07	0.0014618	324.37	361.14	1.4317	0.90914	2.2509	416.14	0.10429	5.6007e-05	0.074302	supercritical
354.0	254.75	688.66	0.0014521	323.4	360.39	1.4282	0.90873	2.2346	420.44	0.10107	5.6592e-05	0.074839	supercritical
354.0	258.0	693.12	0.0014428	322.44	359.67	1.4249	0.90834	2.219	424.68	0.097977	5.7167e-05	0.075367	supercritical
354.0	261.25	697.46	0.0014338	321.52	358.97	1.4216	0.90796	2.2039	428.88	0.095014	5.7734e-05	0.075888	supercritical
354.0	264.5	701.7	0.0014251	320.61	358.31	1.4184	0.90761	2.1893	433.03	0.09217	5.8293e-05	0.076401	supercritical
354.0	267.75	705.83	0.0014168	319.73	357.66	1.4153	0.90728	2.1753	437.13	0.089438	5.8844e-05	0.076906	supercritical
354.0	271.0	709.85	0.0014087	318.86	357.04	1.4122	0.90696	2.1617	441.19	0.086811	5.9387e-05	0.077405	supercritical
354.0	274.25	713.79	0.001401	318.02	356.44	1.4092	0.90666	2.1485	445.21	0.084284	5.9922e-05	0.077896	supercritical
354.0	277.5	717.63	0.0013935	317.19	355.86	1.4063	0.90638	2.1358	449.18	0.081852	6.045e-05	0.078381	supercritical
354.0	280.75	721.38	0.0013862	316.39	355.31	1.4035	0.90612	2.1236	453.11	0.079509	6.0972e-05	0.07886	supercritical
354.0	284.0	725.05	0.0013792	315.6	354.77	1.4007	0.90587	2.1117	457.0	0.07725	6.1487e-05	0.079332	supercritical
354.0	287.25	728.63	0.0013724	314.82	354.25	1.3979	0.90564	2.1002	460.85	0.075072	6.1995e-05	0.079799	supercritical
354.0	290.5	732.15	0.0013658	314.06	353.74	1.3953	0.90542	2.089	464.65	0.07297	6.2497e-05	0.08026	supercritical
354.0	293.75	735.58	0.0013595	313.32	353.25	1.3926	0.90521	2.0783	468.42	0.07094	6.2993e-05	0.080715	supercritical
354.0	297.0	738.95	0.0013533	312.59	352.78	1.3901	0.90502	2.0678	472.15	0.068979	6.3483e-05	0.081164	supercritical
354.0	300.25	742.24	0.0013473	311.87	352.33	1.3875	0.90484	2.0577	475.84	0.067083	6.3968e-05	0.081609	supercritical
354.0	303.5	745.48	0.0013414	311.17	351.89	1.3851	0.90467	2.0479	479.49	0.06525	6.4447e-05	0.082048	supercritical
354.0	306.75	748.65	0.0013357	310.48	351.46	1.3826	0.90451	2.0383	483.11	0.063475	6.4921e-05	0.082482	supercritical
354.0	310.0	751.75	0.0013302	309.81	351.04	1.3802	0.90436	2.0291	486.69	0.061758	6.5389e-05	0.082912	supercritical
354.0	313.25	754.8	0.0013248	309.14	350.64	1.3779	0.90423	2.0202	490.23	0.060094	6.5853e-05	0.083337	supercritical
354.0	316.5	757.8	0.0013196	308.49	350.25	1.3756	0.9041	2.0115	493.74	0.058482	6.6312e-05	0.083758	supercritical
354.0	319.75	760.74	0.0013145	307.85	349.88	1.3733	0.90398	2.003	497.22	0.056919	6.6766e-05	0.084174	supercritical
354.0	323.0	763.62	0.0013095	307.22	349.51	1.3711	0.90388	1.9948	500.66	0.055403	6.7216e-05	0.084585	supercritical
354.0	326.25	766.46	0.0013047	306.59	349.16	1.3689	0.90378	1.9868	504.07	0.053932	6.7661e-05	0.084993	supercritical
354.0	329.5	769.25	0.0013	305.98	348.82	1.3667	0.90368	1.9791	507.45	0.052504	6.8103e-05	0.085397	supercritical
354.0	332.75	771.99	0.0012954	305.38	348.48	1.3646	0.9036	1.9715	510.8	0.051118	6.854e-05	0.085797	supercritical
354.0	336.0	774.68	0.0012909	304.79	348.16	1.3625	0.90353	1.9642	514.12	0.049771	6.8973e-05	0.086193	supercritical
354.0	339.25	777.33	0.0012864	304.21	347.85	1.3604	0.90346	1.9571	517.4	0.048462	6.9402e-05	0.086585	supercritical
354.0	342.5	779.94	0.0012821	303.63	347.55	1.3584	0.9034	1.9501	520.66	0.047189	6.9827e-05	0.086974	supercritical
354.0	345.75	782.51	0.0012779	303.07	347.25	1.3563	0.90334	1.9434	523.89	0.045951	7.0249e-05	0.087359	supercritical
354.0	349.0	785.04	0.0012738	302.51	346.96	1.3544	0.90329	1.9368	527.09	0.044746	7.0667e-05	0.087741	supercritical
354.0	352.25	787.53	0.0012698	301.96	346.69	1.3524	0.90325	1.9304	530.26	0.043574	7.1082e-05	0.08812	supercritical
354.0	355.5	789.98	0.0012659	301.42	346.42	1.3505	0.90322	1.9241	533.41	0.042432	7.1493e-05	0.088495	supercritical
354.0	358.75	792.39	0.001262	300.88	346.16	1.3486	0.90319	1.918	536.52	0.04132	7.1901e-05	0.088867	supercritical
354.0	362.0	794.77	0.0012582	300.36	345.9	1.3467	0.90316	1.9121	539.61	0.040237	7.2306e-05	0.089236	supercritical
354.0	365.25	797.12	0.0012545	299.84	345.66	1.3449	0.90314	1.9063	542.68	0.039181	7.2708e-05	0.089603	supercritical
354.0	368.5	799.43	0.0012509	299.32	345.42	1.343	0.90313	1.9007	545.72	0.038152	7.3106e-05	0.089966	supercritical
354.0	371.75	801.71	0.0012473	298.82	345.18	1.3412	0.90312	1.8952	548.73	0.037148	7.3502e-05	0.090326	supercritical
354.0	375.0	803.96	0.0012438	298.32	344.96	1.3395	0.90311	1.8898	551.73	0.036169	7.3895e-05	0.090684	supercritical
354.0	378.25	806.18	0.0012404	297.82	344.74	1.3377	0.90311	1.8845	554.69	0.035213	7.4285e-05	0.091039	supercritical
354.0	381.5	808.37	0.0012371	297.33	344.53	1.336	0.90312	1.8794	557.64	0.03428	7.4672e-05	0.091391	supercritical
354.0	384.75	810.53	0.0012338	296.85	344.32	1.3342	0.90313	1.8744	560.56	0.033369	7.5057e-05	0.091741	supercritical
354.0	388.0	812.67	0.0012305	296.38	344.12	1.3326	0.90314	1.8695	563.45	0.032479	7.5439e-05	0.092088	supercritical
354.0	391.25	814.77	0.0012273	295.91	343.93	1.3309	0.90315	1.8647	566.33	0.03161	7.5819e-05	0.092432	supercritical
354.0	394.5	816.85	0.0012242	295.44	343.74	1.3292	0.90317	1.86	569.18	0.03076	7.6196e-05	0.092775	supercritical
354.0	397.75	818.9	0.0012211	294.98	343.55	1.3276	0.9032	1.8554	572.02	0.02993	7.657e-05	0.093115	supercritical
354.0	401.0	820.93	0.0012181	294.53	343.38	1.326	0.90322	1.8509	574.83	0.029118	7.6942e-05	0.093452	supercritical
354.0	404.25	822.94	0.0012152	294.08	343.2	1.3243	0.90325	1.8466	577.62	0.028324	7.7312e-05	0.093787	supercritical
354.0	407.5	824.91	0.0012122	293.64	343.04	1.3228	0.90329	1.8423	580.39	0.027548	7.768e-05	0.09412	supercritical
354.0	410.75	826.87	0.0012094	293.2	342.87	1.3212	0.90332	1.8381	583.14	0.026788	7.8045e-05	0.094451	supercritical
354.0	414.0	828.8	0.0012066	292.77	342.72	1.3196	0.90336	1.8339	585.87	0.026044	7.8409e-05	0.09478	supercritical
354.0	417.25	830.72	0.0012038	292.34	342.56	1.3181	0.90341	1.8299	588.58	0.025316	7.877e-05	0.095107	supercritical
354.0	420.5	832.61	0.001201	291.91	342.42	1.3166	0.90345	1.826	591.27	0.024603	7.9129e-05	0.095431	supercritical
354.0	423.75	834.47	0.0011984	291.49	342.27	1.3151	0.9035	1.8221	593.95	0.023904	7.9486e-05	0.095754	supercritical
354.0	427.0	836.32	0.0011957	291.08	342.13	1.3136	0.90355	1.8183	596.6	0.02322	7.9841e-05	0.096075	supercritical
354.0	430.25	838.15	0.0011931	290.66	342.0	1.3121	0.9036	1.8146	599.24	0.02255	8.0195e-05	0.096393	supercritical
354.0	433.5	839.96	0.0011905	290.26	341.87	1.3106	0.90366	1.811	601.86	0.021893	8.0546e-05	0.09671	supercritical
354.0	436.75	841.74	0.001188	289.85	341.74	1.3092	0.90372	1.8074	604.46	0.021249	8.0895e-05	0.097025	supercritical
354.0	440.0	843.51	0.0011855	289.45	341.62	1.3077	0.90378	1.8039	607.05	0.020618	8.1243e-05	0.097338	supercritical
354.0	443.25	845.27	0.0011831	289.06	341.5	1.3063	0.90384	1.8005	609.61	0.019998	8.1589e-05	0.09765	supercritical
354.0	446.5	847.0	0.0011806	288.67	341.38	1.3049	0.9039	1.7971	612.17	0.019391	8.1933e-05	0.097959	supercritical
354.0	449.75	848.71	0.0011783	288.28	341.27	1.3035	0.90397	1.7938	614.7	0.018795	8.2275e-05	0.098267	supercritical
354.0	453.0	850.41	0.0011759	287.9	341.16	1.3021	0.90404	1.7905	617.22	0.018211	8.2616e-05	0.098574	supercritical
354.0	456.25	852.09	0.0011736	287.52	341.06	1.3008	0.90411	1.7873	619.72	0.017637	8.2955e-05	0.098878	supercritical
354.0	459.5	853.76	0.0011713	287.14	340.96	1.2994	0.90418	1.7842	622.21	0.017074	8.3293e-05	0.099181	supercritical
354.0	462.75	855.41	0.001169	286.76	340.86	1.298	0.90426	1.7811	624.69	0.016521	8.3628e-05	0.099483	supercritical
354.0	466.0	857.04	0.0011668	286.39	340.77	1.2967	0.90433	1.7781	627.14	0.015979	8.3963e-05	0.099782	supercritical
354.0	469.25	858.66	0.0011646	286.03	340.68	1.2954	0.90441	1.7751	629.59	0.015445	8.4296e-05	0.10008	supercritical
354.0	472.5	860.26	0.0011624	285.66	340.59	1.2941	0.90449	1.7722	632.01	0.014922	8.4627e-05	0.10038	supercritical
354.0	475.75	861.84	0.0011603	285.3	340.5	1.2928	0.90457	1.7693	634.43	0.014407	8.4957e-05	0.10067	supercritical
354.0	479.0	863.42	0.0011582	284.95	340.42	1.2915	0.90465	1.7665	636.83	0.013902	8.5285e-05	0.10097	supercritical
354.0	482.25	864.97	0.0011561	284.59	340.35	1.2902	0.90474	1.7637	639.21	0.013405	8.5612e-05	0.10126	supercritical
354.0	485.5	866.52	0.001154	284.24	340.27	1.2889	0.90482	1.761	641.59	0.012917	8.5938e-05	0.10155	supercritical
354.0	488.75	868.05	0.001152	283.89	340.2	1.2876	0.90491	1.7583	643.94	0.012437	8.6262e-05	0.10184	supercritical
354.0	492.0	869.56	0.00115	283.55	340.13	1.2864	0.905	1.7557	646.29	0.011965	8.6585e-05	0.10213	supercritical
354.0	495.25	871.07	0.001148	283.21	340.06	1.2852	0.90509	1.7531	648.62	0.011501	8.6907e-05	0.10241	supercritical
354.0	498.5	872.56	0.0011461	282.87	340.0	1.2839	0.90518	1.7505	650.94	0.011044	8.7227e-05	0.1027	supercritical
354.0	501.75	874.03	0.0011441	282.53	339.94	1.2827	0.90527	1.748	653.25	0.010595	8.7546e-05	0.10298	supercritical
354.0	505.0	875.5	0.0011422	282.19	339.88	1.2815	0.90537	1.7456	655.54	0.010154	8.7864e-05	0.10327	supercritical
354.0	508.25	876.95	0.0011403	281.86	339.82	1.2803	0.90546	1.7431	657.82	0.0097193	8.818e-05	0.10355	supercritical
354.0	511.5	878.39	0.0011384	281.53	339.77	1.2791	0.90556	1.7407	660.09	0.0092916	8.8496e-05	0.10383	supercritical
354.0	514.75	879.82	0.0011366	281.21	339.71	1.2779	0.90566	1.7384	662.35	0.0088708	8.881e-05	0.10411	supercritical
354.0	518.0	881.23	0.0011348	280.88	339.67	1.2767	0.90575	1.736	664.59	0.0084565	8.9123e-05	0.10439	supercritical
354.0	521.25	882.64	0.001133	280.56	339.62	1.2755	0.90585	1.7338	666.82	0.0080487	8.9435e-05	0.10466	supercritical
354.0	524.5	884.03	0.0011312	280.24	339.58	1.2744	0.90595	1.7315	669.04	0.0076472	8.9746e-05	0.10494	supercritical
354.0	527.75	885.41	0.0011294	279.93	339.53	1.2732	0.90606	1.7293	671.25	0.0072519	9.0055e-05	0.10521	supercritical
354.0	531.0	886.79	0.0011277	279.61	339.49	1.2721	0.90616	1.7271	673.45	0.0068625	9.0364e-05	0.10549	supercritical
354.0	534.25	888.15	0.0011259	279.3	339.46	1.2709	0.90626	1.7249	675.64	0.006479	9.0671e-05	0.10576	supercritical
354.0	537.5	889.5	0.0011242	278.99	339.42	1.2698	0.90637	1.7228	677.82	0.0061013	9.0978e-05	0.10603	supercritical
354.0	540.75	890.83	0.0011225	278.69	339.39	1.2687	0.90647	1.7207	679.98	0.0057292	9.1283e-05	0.1063	supercritical
354.0	544.0	892.16	0.0011209	278.38	339.36	1.2675	0.90658	1.7186	682.13	0.0053625	9.1588e-05	0.10657	supercritical
354.0	547.25	893.48	0.0011192	278.08	339.33	1.2664	0.90669	1.7166	684.28	0.0050012	9.1891e-05	0.10684	supercritical
354.0	550.5	894.79	0.0011176	277.78	339.3	1.2653	0.9068	1.7146	686.41	0.0046451	9.2193e-05	0.1071	supercritical
354.0	553.75	896.09	0.001116	277.48	339.28	1.2642	0.9069	1.7126	688.53	0.0042942	9.2495e-05	0.10737	supercritical
354.0	557.0	897.38	0.0011144	277.18	339.25	1.2631	0.90701	1.7107	690.65	0.0039482	9.2795e-05	0.10763	supercritical
354.0	560.25	898.66	0.0011128	276.89	339.23	1.2621	0.90713	1.7087	692.75	0.0036072	9.3095e-05	0.1079	supercritical
354.0	563.5	899.93	0.0011112	276.6	339.21	1.261	0.90724	1.7068	694.84	0.003271	9.3393e-05	0.10816	supercritical
354.0	566.75	901.19	0.0011096	276.31	339.2	1.2599	0.90735	1.705	696.92	0.0029394	9.3691e-05	0.10842	supercritical
354.0	570.0	902.45	0.0011081	276.02	339.18	1.2589	0.90746	1.7031	699.0	0.0026125	9.3987e-05	0.10868	supercritical
354.0	573.25	903.69	0.0011066	275.73	339.17	1.2578	0.90758	1.7013	701.06	0.0022901	9.4283e-05	0.10894	supercritical
354.0	576.5	904.93	0.0011051	275.45	339.16	1.2568	0.90769	1.6995	703.11	0.001972	9.4578e-05	0.1092	supercritical
354.0	579.75	906.15	0.0011036	275.17	339.15	1.2557	0.90781	1.6977	705.16	0.0016583	9.4872e-05	0.10946	supercritical
354.0	583.0	907.37	0.0011021	274.89	339.14	1.2547	0.90792	1.696	707.19	0.0013489	9.5166e-05	0.10972	supercritical
354.0	586.25	908.58	0.0011006	274.61	339.13	1.2537	0.90804	1.6942	709.22	0.0010435	9.5458e-05	0.10997	supercritical
354.0	589.5	909.78	0.0010992	274.33	339.13	1.2526	0.90816	1.6925	711.23	0.00074225	9.5749e-05	0.11023	supercritical
354.0	592.75	910.98	0.0010977	274.05	339.12	1.2516	0.90828	1.6908	713.24	0.00044495	9.604e-05	0.11048	supercritical
354.0	596.0	912.16	0.0010963	273.78	339.12	1.2506	0.9084	1.6892	715.24	0.00015155	9.633e-05	0.11074	supercritical
354.0	599.25	913.34	0.0010949	273.51	339.12	1.2496	0.90852	1.6875	717.23	-0.00013802	9.6619e-05	0.11099	supercritical
354.0	602.5	914.51	0.0010935	273.24	339.12	1.2486	0.90864	1.6859	719.21	-0.00042385	9.6908e-05	0.11124	supercritical
354.0	605.75	915.67	0.0010921	272.97	339.13	1.2476	0.90876	1.6843	721.18	-0.00070601	9.7195e-05	0.11149	supercritical
354.0	609.0	916.82	0.0010907	272.7	339.13	1.2466	0.90888	1.6827	723.15	-0.00098457	9.7482e-05	0.11174	supercritical
354.0	612.25	917.97	0.0010894	272.44	339.14	1.2456	0.909	1.6811	725.1	-0.0012596	9.7768e-05	0.11199	supercritical
354.0	615.5	919.11	0.001088	272.18	339.14	1.2446	0.90912	1.6796	727.05	-0.0015311	9.8053e-05	0.11224	supercritical
354.0	618.75	920.24	0.0010867	271.92	339.15	1.2437	0.90925	1.6781	728.99	-0.0017993	9.8338e-05	0.11249	supercritical
354.0	622.0	921.37	0.0010853	271.65	339.16	1.2427	0.90937	1.6766	730.92	-0.0020641	9.8622e-05	0.11273	supercritical
354.0	625.25	922.49	0.001084	271.4	339.18	1.2417	0.90949	1.6751	732.84	-0.0023257	9.8905e-05	0.11298	supercritical
354.0	628.5	923.6	0.0010827	271.14	339.19	1.2408	0.90962	1.6736	734.75	-0.002584	9.9187e-05	0.11322	supercritical
354.0	631.75	924.7	0.0010814	270.88	339.2	1.2398	0.90974	1.6721	736.66	-0.0028392	9.9469e-05	0.11347	supercritical
354.0	635.0	925.8	0.0010801	270.63	339.22	1.2389	0.90987	1.6707	738.56	-0.0030913	9.975e-05	0.11371	supercritical
354.0	638.25	926.89	0.0010789	270.38	339.24	1.2379	0.91	1.6693	740.45	-0.0033403	0.00010003	0.11396	supercritical
354.0	641.5	927.97	0.0010776	270.13	339.26	1.237	0.91012	1.6679	742.33	-0.0035864	0.00010031	0.1142	supercritical
354.0	644.75	929.05	0.0010764	269.88	339.28	1.2361	0.91025	1.6665	744.21	-0.0038295	0.00010059	0.11444	supercritical
354.0	648.0	930.12	0.0010751	269.63	339.3	1.2352	0.91038	1.6651	746.08	-0.0040698	0.00010087	0.11468	supercritical
354.0	651.25	931.19	0.0010739	269.38	339.32	1.2342	0.91051	1.6637	747.94	-0.0043072	0.00010115	0.11492	supercritical
354.0	654.5	932.25	0.0010727	269.14	339.34	1.2333	0.91063	1.6624	749.79	-0.0045418	0.00010142	0.11516	supercritical
354.0	657.75	933.3	0.0010715	268.89	339.37	1.2324	0.91076	1.6611	751.64	-0.0047738	0.0001017	0.1154	supercritical
354.0	661.0	934.34	0.0010703	268.65	339.4	1.2315	0.91089	1.6598	753.47	-0.005003	0.00010197	0.11564	supercritical
354.0	664.25	935.38	0.0010691	268.41	339.42	1.2306	0.91102	1.6585	755.31	-0.0052296	0.00010225	0.11587	supercritical
354.0	667.5	936.42	0.0010679	268.17	339.45	1.2297	0.91115	1.6572	757.13	-0.0054536	0.00010252	0.11611	supercritical
354.0	670.75	937.45	0.0010667	267.93	339.48	1.2288	0.91128	1.6559	758.95	-0.0056751	0.0001028	0.11635	supercritical
354.0	674.0	938.47	0.0010656	267.69	339.51	1.2279	0.91142	1.6546	760.76	-0.0058941	0.00010307	0.11658	supercritical
354.0	677.25	939.49	0.0010644	267.46	339.54	1.227	0.91155	1.6534	762.56	-0.0061106	0.00010335	0.11682	supercritical
354.0	680.5	940.5	0.0010633	267.22	339.58	1.2261	0.91168	1.6522	764.36	-0.0063247	0.00010362	0.11705	supercritical
354.0	683.75	941.5	0.0010621	266.99	339.61	1.2253	0.91181	1.651	766.15	-0.0065364	0.00010389	0.11729	supercritical
354.0	687.0	942.5	0.001061	266.76	339.65	1.2244	0.91194	1.6498	767.93	-0.0067458	0.00010416	0.11752	supercritical
354.0	690.25	943.5	0.0010599	266.53	339.69	1.2235	0.91208	1.6486	769.71	-0.0069529	0.00010443	0.11775	supercritical
354.0	693.5	944.48	0.0010588	266.3	339.72	1.2226	0.91221	1.6474	771.48	-0.0071577	0.0001047	0.11798	supercritical
354.0	696.75	945.47	0.0010577	266.07	339.76	1.2218	0.91235	1.6462	773.24	-0.0073603	0.00010497	0.11821	supercritical
354.0	700.0	946.45	0.0010566	265.84	339.8	1.2209	0.91248	1.6451	775.0	-0.0075607	0.00010524	0.11844	supercritical
354.0	703.25	947.42	0.0010555	265.61	339.84	1.2201	0.91261	1.6439	776.75	-0.0077589	0.00010551	0.11867	supercritical
354.0	706.5	948.39	0.0010544	265.39	339.88	1.2192	0.91275	1.6428	778.49	-0.0079551	0.00010578	0.1189	supercritical
354.0	709.75	949.35	0.0010534	265.17	339.93	1.2184	0.91288	1.6417	780.23	-0.0081491	0.00010604	0.11913	supercritical
354.0	713.0	950.31	0.0010523	264.94	339.97	1.2175	0.91302	1.6406	781.96	-0.0083411	0.00010631	0.11936	supercritical
354.0	716.25	951.26	0.0010512	264.72	340.02	1.2167	0.91316	1.6395	783.68	-0.0085311	0.00010658	0.11959	supercritical
354.0	719.5	952.21	0.0010502	264.5	340.06	1.2159	0.91329	1.6384	785.4	-0.0087191	0.00010684	0.11981	supercritical
354.0	722.75	953.15	0.0010492	264.28	340.11	1.215	0.91343	1.6373	787.12	-0.0089052	0.00010711	0.12004	supercritical
354.0	726.0	954.09	0.0010481	264.06	340.16	1.2142	0.91357	1.6362	788.82	-0.0090893	0.00010737	0.12026	supercritical
354.0	729.25	955.02	0.0010471	263.85	340.21	1.2134	0.9137	1.6352	790.52	-0.0092715	0.00010764	0.12049	supercritical
354.0	732.5	955.95	0.0010461	263.63	340.26	1.2126	0.91384	1.6341	792.22	-0.0094518	0.0001079	0.12071	supercritical
354.0	735.75	956.87	0.0010451	263.42	340.31	1.2117	0.91398	1.6331	793.91	-0.0096303	0.00010816	0.12094	supercritical
354.0	739.0	957.79	0.0010441	263.2	340.36	1.2109	0.91412	1.6321	795.59	-0.009807	0.00010843	0.12116	supercritical
354.0	742.25	958.71	0.0010431	262.99	340.41	1.2101	0.91426	1.6311	797.27	-0.009982	0.00010869	0.12138	supercritical
354.0	745.5	959.62	0.0010421	262.78	340.46	1.2093	0.9144	1.6301	798.94	-0.010155	0.00010895	0.12161	supercritical
354.0	748.75	960.52	0.0010411	262.57	340.52	1.2085	0.91453	1.6291	800.61	-0.010327	0.00010921	0.12183	supercritical
354.0	752.0	961.42	0.0010401	262.36	340.57	1.2077	0.91467	1.6281	802.27	-0.010496	0.00010947	0.12205	supercritical
354.0	755.25	962.32	0.0010392	262.15	340.63	1.2069	0.91481	1.6271	803.92	-0.010664	0.00010974	0.12227	supercritical
354.0	758.5	963.21	0.0010382	261.94	340.69	1.2061	0.91495	1.6261	805.57	-0.010831	0.00011	0.12249	supercritical
354.0	761.75	964.1	0.0010372	261.73	340.74	1.2053	0.91509	1.6252	807.22	-0.010995	0.00011026	0.12271	supercritical
354.0	765.0	964.98	0.0010363	261.53	340.8	1.2045	0.91523	1.6242	808.85	-0.011159	0.00011052	0.12293	supercritical
354.0	768.25	965.86	0.0010353	261.32	340.86	1.2038	0.91537	1.6233	810.49	-0.01132	0.00011077	0.12315	supercritical
354.0	771.5	966.74	0.0010344	261.12	340.92	1.203	0.91552	1.6224	812.11	-0.01148	0.00011103	0.12337	supercritical
354.0	774.75	967.61	0.0010335	260.91	340.98	1.2022	0.91566	1.6214	813.74	-0.011639	0.00011129	0.12359	supercritical
354.0	778.0	968.48	0.0010325	260.71	341.04	1.2014	0.9158	1.6205	815.35	-0.011796	0.00011155	0.1238	supercritical
354.0	781.25	969.34	0.0010316	260.51	341.11	1.2007	0.91594	1.6196	816.97	-0.011951	0.00011181	0.12402	supercritical
354.0	784.5	970.2	0.0010307	260.31	341.17	1.1999	0.91608	1.6187	818.57	-0.012105	0.00011206	0.12424	supercritical
354.0	787.75	971.05	0.0010298	260.11	341.23	1.1991	0.91622	1.6178	820.17	-0.012258	0.00011232	0.12445	supercritical
354.0	791.0	971.9	0.0010289	259.91	341.3	1.1984	0.91637	1.6169	821.77	-0.012409	0.00011258	0.12467	supercritical
354.0	794.25	972.75	0.001028	259.71	341.36	1.1976	0.91651	1.6161	823.36	-0.012558	0.00011283	0.12488	supercritical
354.0	797.5	973.6	0.0010271	259.52	341.43	1.1968	0.91665	1.6152	824.95	-0.012707	0.00011309	0.1251	supercritical
354.0	800.75	974.44	0.0010262	259.32	341.5	1.1961	0.9168	1.6143	826.53	-0.012854	0.00011334	0.12531	supercritical
354.0	804.0	975.27	0.0010254	259.13	341.57	1.1953	0.91694	1.6135	828.1	-0.012999	0.0001136	0.12553	supercritical
354.0	807.25	976.1	0.0010245	258.93	341.63	1.1946	0.91708	1.6127	829.67	-0.013143	0.00011385	0.12574	supercritical
354.0	810.5	976.93	0.0010236	258.74	341.7	1.1938	0.91723	1.6118	831.24	-0.013286	0.0001141	0.12595	supercritical
354.0	813.75	977.76	0.0010227	258.55	341.77	1.1931	0.91737	1.611	832.8	-0.013428	0.00011436	0.12616	supercritical
354.0	817.0	978.58	0.0010219	258.36	341.84	1.1924	0.91751	1.6102	834.36	-0.013568	0.00011461	0.12638	supercritical
354.0	820.25	979.39	0.001021	258.16	341.92	1.1916	0.91766	1.6094	835.91	-0.013707	0.00011486	0.12659	supercritical
354.0	823.5	980.21	0.0010202	257.97	341.99	1.1909	0.9178	1.6086	837.46	-0.013845	0.00011512	0.1268	supercritical
354.0	826.75	981.02	0.0010193	257.79	342.06	1.1902	0.91795	1.6078	839.0	-0.013982	0.00011537	0.12701	supercritical
354.0	830.0	981.83	0.0010185	257.6	342.13	1.1894	0.91809	1.607	840.54	-0.014117	0.00011562	0.12722	supercritical
354.0	833.25	982.63	0.0010177	257.41	342.21	1.1887	0.91824	1.6062	842.07	-0.014251	0.00011587	0.12743	supercritical
354.0	836.5	983.43	0.0010168	257.22	342.28	1.188	0.91838	1.6054	843.6	-0.014384	0.00011612	0.12764	supercritical
354.0	839.75	984.23	0.001016	257.04	342.36	1.1873	0.91853	1.6046	845.12	-0.014516	0.00011637	0.12785	supercritical
354.0	843.0	985.02	0.0010152	256.85	342.43	1.1866	0.91868	1.6039	846.64	-0.014647	0.00011662	0.12806	supercritical
354.0	846.25	985.81	0.0010144	256.67	342.51	1.1858	0.91882	1.6031	848.15	-0.014776	0.00011687	0.12826	supercritical
354.0	849.5	986.6	0.0010136	256.48	342.59	1.1851	0.91897	1.6023	849.66	-0.014904	0.00011712	0.12847	supercritical
354.0	852.75	987.38	0.0010128	256.3	342.67	1.1844	0.91911	1.6016	851.17	-0.015032	0.00011737	0.12868	supercritical
354.0	856.0	988.16	0.001012	256.12	342.74	1.1837	0.91926	1.6009	852.67	-0.015158	0.00011762	0.12889	supercritical
354.0	859.25	988.94	0.0010112	255.94	342.82	1.183	0.91941	1.6001	854.17	-0.015283	0.00011787	0.12909	supercritical
354.0	862.5	989.71	0.0010104	255.76	342.9	1.1823	0.91955	1.5994	855.66	-0.015407	0.00011812	0.1293	supercritical
354.0	865.75	990.48	0.0010096	255.58	342.98	1.1816	0.9197	1.5987	857.15	-0.01553	0.00011837	0.1295	supercritical
354.0	869.0	991.25	0.0010088	255.4	343.06	1.1809	0.91985	1.5979	858.63	-0.015652	0.00011861	0.12971	supercritical
354.0	872.25	992.01	0.0010081	255.22	343.15	1.1802	0.91999	1.5972	860.11	-0.015773	0.00011886	0.12991	supercritical
354.0	875.5	992.77	0.0010073	255.04	343.23	1.1795	0.92014	1.5965	861.59	-0.015893	0.00011911	0.13012	supercritical
354.0	878.75	993.53	0.0010065	254.86	343.31	1.1788	0.92029	1.5958	863.06	-0.016012	0.00011936	0.13032	supercritical
354.0	882.0	994.29	0.0010057	254.69	343.39	1.1781	0.92044	1.5951	864.52	-0.016129	0.0001196	0.13053	supercritical
354.0	885.25	995.04	0.001005	254.51	343.48	1.1775	0.92059	1.5944	865.99	-0.016246	0.00011985	0.13073	supercritical
354.0	888.5	995.79	0.0010042	254.34	343.56	1.1768	0.92073	1.5938	867.45	-0.016362	0.0001201	0.13093	supercritical
354.0	891.75	996.53	0.0010035	254.16	343.65	1.1761	0.92088	1.5931	868.9	-0.016477	0.00012034	0.13114	supercritical
354.0	895.0	997.28	0.0010027	253.99	343.73	1.1754	0.92103	1.5924	870.35	-0.016591	0.00012059	0.13134	supercritical
354.0	898.25	998.02	0.001002	253.82	343.82	1.1747	0.92118	1.5917	871.8	-0.016704	0.00012083	0.13154	supercritical
354.0	901.5	998.75	0.0010012	253.64	343.91	1.1741	0.92133	1.5911	873.24	-0.016817	0.00012108	0.13174	supercritical
354.0	904.75	999.49	0.0010005	253.47	343.99	1.1734	0.92148	1.5904	874.68	-0.016928	0.00012132	0.13194	supercritical
354.0	908.0	1000.2	0.00099978	253.3	344.08	1.1727	0.92163	1.5898	876.11	-0.017038	0.00012156	0.13214	supercritical
354.0	911.25	1000.9	0.00099905	253.13	344.17	1.172	0.92177	1.5891	877.54	-0.017148	0.00012181	0.13234	supercritical
354.0	914.5	1001.7	0.00099833	252.96	344.26	1.1714	0.92192	1.5885	878.97	-0.017256	0.00012205	0.13254	supercritical
354.0	917.75	1002.4	0.00099761	252.79	344.35	1.1707	0.92207	1.5878	880.39	-0.017364	0.0001223	0.13274	supercritical
354.0	921.0	1003.1	0.00099689	252.62	344.44	1.1701	0.92222	1.5872	881.81	-0.017471	0.00012254	0.13294	supercritical
354.0	924.25	1003.8	0.00099618	252.46	344.53	1.1694	0.92237	1.5866	883.22	-0.017577	0.00012278	0.13314	supercritical
354.0	927.5	1004.6	0.00099547	252.29	344.62	1.1687	0.92252	1.586	884.64	-0.017682	0.00012302	0.13334	supercritical
354.0	930.75	1005.3	0.00099476	252.12	344.71	1.1681	0.92267	1.5853	886.04	-0.017787	0.00012327	0.13354	supercritical
354.0	934.0	1006.0	0.00099406	251.96	344.8	1.1674	0.92282	1.5847	887.45	-0.01789	0.00012351	0.13374	supercritical
354.0	937.25	1006.7	0.00099336	251.79	344.89	1.1668	0.92297	1.5841	888.85	-0.017993	0.00012375	0.13394	supercritical
354.0	940.5	1007.4	0.00099267	251.63	344.99	1.1661	0.92312	1.5835	890.24	-0.018095	0.00012399	0.13413	supercritical
354.0	943.75	1008.1	0.00099197	251.46	345.08	1.1655	0.92327	1.5829	891.63	-0.018196	0.00012423	0.13433	supercritical
354.0	947.0	1008.8	0.00099129	251.3	345.17	1.1648	0.92342	1.5823	893.02	-0.018296	0.00012448	0.13453	supercritical
354.0	950.25	1009.5	0.0009906	251.14	345.27	1.1642	0.92357	1.5817	894.41	-0.018396	0.00012472	0.13472	supercritical
354.0	953.5	1010.2	0.00098992	250.97	345.36	1.1635	0.92372	1.5812	895.79	-0.018495	0.00012496	0.13492	supercritical
354.0	956.75	1010.9	0.00098924	250.81	345.46	1.1629	0.92387	1.5806	897.17	-0.018593	0.0001252	0.13512	supercritical
354.0	960.0	1011.6	0.00098857	250.65	345.55	1.1623	0.92403	1.58	898.54	-0.01869	0.00012544	0.13531	supercritical
354.0	963.25	1012.3	0.0009879	250.49	345.65	1.1616	0.92418	1.5794	899.91	-0.018787	0.00012568	0.13551	supercritical
354.0	966.5	1012.9	0.00098723	250.33	345.75	1.161	0.92433	1.5789	901.28	-0.018883	0.00012592	0.1357	supercritical
354.0	969.75	1013.6	0.00098657	250.17	345.84	1.1604	0.92448	1.5783	902.64	-0.018978	0.00012616	0.1359	supercritical
354.0	973.0	1014.3	0.0009859	250.01	345.94	1.1597	0.92463	1.5777	904.0	-0.019072	0.0001264	0.13609	supercritical
354.0	976.25	1015.0	0.00098525	249.86	346.04	1.1591	0.92478	1.5772	905.36	-0.019166	0.00012663	0.13629	supercritical
354.0	979.5	1015.6	0.00098459	249.7	346.14	1.1585	0.92493	1.5766	906.71	-0.019259	0.00012687	0.13648	supercritical
354.0	982.75	1016.3	0.00098394	249.54	346.24	1.1579	0.92508	1.5761	908.06	-0.019351	0.00012711	0.13667	supercritical
354.0	986.0	1017.0	0.00098329	249.38	346.34	1.1572	0.92524	1.5755	909.41	-0.019443	0.00012735	0.13687	supercritical
354.0	989.25	1017.7	0.00098265	249.23	346.44	1.1566	0.92539	1.575	910.75	-0.019534	0.00012759	0.13706	supercritical
354.0	992.5	1018.3	0.000982	249.07	346.54	1.156	0.92554	1.5745	912.09	-0.019624	0.00012783	0.13725	supercritical
354.0	995.75	1019.0	0.00098136	248.92	346.64	1.1554	0.92569	1.5739	913.42	-0.019713	0.00012806	0.13744	supercritical
354.0	999.0	1019.7	0.00098073	248.76	346.74	1.1548	0.92584	1.5734	914.76	-0.019802	0.0001283	0.13764	supercritical
354.0	1002.2	1020.3	0.00098009	248.61	346.84	1.1542	0.926	1.5729	916.08	-0.019891	0.00012854	0.13783	supercritical
354.0	1005.5	1021.0	0.00097946	248.46	346.94	1.1535	0.92615	1.5723	917.41	-0.019978	0.00012877	0.13802	supercritical
354.0	1008.8	1021.6	0.00097884	248.3	347.04	1.1529	0.9263	1.5718	918.73	-0.020065	0.00012901	0.13821	supercritical
354.0	1012.0	1022.3	0.00097821	248.15	347.15	1.1523	0.92645	1.5713	920.05	-0.020152	0.00012925	0.13841	supercritical
354.0	1015.2	1022.9	0.00097759	248.0	347.25	1.1517	0.92661	1.5708	921.37	-0.020238	0.00012948	0.1386	supercritical
354.0	1018.5	1023.6	0.00097697	247.85	347.35	1.1511	0.92676	1.5703	922.68	-0.020323	0.00012972	0.13879	supercritical
354.0	1021.8	1024.2	0.00097636	247.7	347.46	1.1505	0.92691	1.5698	923.99	-0.020407	0.00012996	0.13898	supercritical
354.0	1025.0	1024.9	0.00097574	247.55	347.56	1.1499	0.92706	1.5693	925.3	-0.020491	0.00013019	0.13917	supercritical
354.0	1028.2	1025.5	0.00097513	247.4	347.67	1.1493	0.92722	1.5688	926.6	-0.020574	0.00013043	0.13936	supercritical
354.0	1031.5	1026.1	0.00097452	247.25	347.77	1.1487	0.92737	1.5683	927.9	-0.020657	0.00013066	0.13955	supercritical
354.0	1034.8	1026.8	0.00097392	247.1	347.88	1.1481	0.92752	1.5678	929.2	-0.020739	0.0001309	0.13974	supercritical
354.0	1038.0	1027.4	0.00097332	246.95	347.98	1.1475	0.92768	1.5673	930.49	-0.020821	0.00013113	0.13993	supercritical
354.0	1041.2	1028.0	0.00097272	246.8	348.09	1.1469	0.92783	1.5668	931.78	-0.020902	0.00013137	0.14012	supercritical
354.0	1044.5	1028.7	0.00097212	246.66	348.2	1.1463	0.92798	1.5664	933.07	-0.020982	0.0001316	0.14031	supercritical
354.0	1047.8	1029.3	0.00097153	246.51	348.3	1.1457	0.92814	1.5659	934.36	-0.021062	0.00013184	0.1405	supercritical
354.0	1051.0	1029.9	0.00097094	246.36	348.41	1.1452	0.92829	1.5654	935.64	-0.021142	0.00013207	0.14069	supercritical
354.0	1054.2	1030.6	0.00097035	246.22	348.52	1.1446	0.92844	1.5649	936.92	-0.02122	0.0001323	0.14088	supercritical
354.0	1057.5	1031.2	0.00096976	246.07	348.63	1.144	0.9286	1.5645	938.19	-0.021299	0.00013254	0.14107	supercritical
354.0	1060.8	1031.8	0.00096918	245.93	348.73	1.1434	0.92875	1.564	939.46	-0.021376	0.00013277	0.14126	supercritical
354.0	1064.0	1032.4	0.0009686	245.78	348.84	1.1428	0.9289	1.5636	940.73	-0.021453	0.000133	0.14144	supercritical
354.0	1067.2	1033.0	0.00096802	245.64	348.95	1.1422	0.92906	1.5631	942.0	-0.02153	0.00013324	0.14163	supercritical
354.0	1070.5	1033.7	0.00096744	245.5	349.06	1.1417	0.92921	1.5626	943.26	-0.021606	0.00013347	0.14182	supercritical
354.0	1073.8	1034.3	0.00096687	245.35	349.17	1.1411	0.92937	1.5622	944.53	-0.021682	0.0001337	0.14201	supercritical
354.0	1077.0	1034.9	0.0009663	245.21	349.28	1.1405	0.92952	1.5617	945.78	-0.021757	0.00013394	0.14219	supercritical
354.0	1080.2	1035.5	0.00096573	245.07	349.39	1.1399	0.92967	1.5613	947.04	-0.021831	0.00013417	0.14238	supercritical
354.0	1083.5	1036.1	0.00096516	244.93	349.5	1.1394	0.92983	1.5609	948.29	-0.021905	0.0001344	0.14256	supercritical
354.0	1086.8	1036.7	0.0009646	244.79	349.62	1.1388	0.92998	1.5604	949.54	-0.021979	0.00013463	0.14275	supercritical
354.0	1090.0	1037.3	0.00096404	244.65	349.73	1.1382	0.93014	1.56	950.79	-0.022052	0.00013487	0.14294	supercritical
354.0	1093.2	1037.9	0.00096348	244.51	349.84	1.1376	0.93029	1.5595	952.03	-0.022125	0.0001351	0.14312	supercritical
354.0	1096.5	1038.5	0.00096292	244.37	349.95	1.1371	0.93044	1.5591	953.27	-0.022197	0.00013533	0.14331	supercritical
354.0	1099.8	1039.1	0.00096236	244.23	350.06	1.1365	0.9306	1.5587	954.51	-0.022268	0.00013556	0.14349	supercritical
354.0	1103.0	1039.7	0.00096181	244.09	350.18	1.136	0.93075	1.5583	955.74	-0.022339	0.00013579	0.14368	supercritical
354.0	1106.2	1040.3	0.00096126	243.95	350.29	1.1354	0.93091	1.5578	956.97	-0.02241	0.00013602	0.14386	supercritical
354.0	1109.5	1040.9	0.00096072	243.81	350.4	1.1348	0.93106	1.5574	958.2	-0.02248	0.00013625	0.14405	supercritical
354.0	1112.8	1041.5	0.00096017	243.67	350.52	1.1343	0.93122	1.557	959.43	-0.02255	0.00013648	0.14423	supercritical
354.0	1116.0	1042.1	0.00095963	243.54	350.63	1.1337	0.93137	1.5566	960.65	-0.022619	0.00013671	0.14441	supercritical
354.0	1119.2	1042.7	0.00095909	243.4	350.75	1.1332	0.93153	1.5562	961.88	-0.022688	0.00013695	0.1446	supercritical
354.0	1122.5	1043.2	0.00095855	243.26	350.86	1.1326	0.93168	1.5558	963.09	-0.022757	0.00013718	0.14478	supercritical
354.0	1125.8	1043.8	0.00095801	243.13	350.98	1.132	0.93184	1.5554	964.31	-0.022824	0.00013741	0.14496	supercritical
354.0	1129.0	1044.4	0.00095748	242.99	351.09	1.1315	0.93199	1.5549	965.52	-0.022892	0.00013764	0.14515	supercritical
354.0	1132.2	1045.0	0.00095694	242.86	351.21	1.1309	0.93215	1.5545	966.73	-0.022959	0.00013787	0.14533	supercritical
354.0	1135.5	1045.6	0.00095641	242.72	351.32	1.1304	0.9323	1.5541	967.94	-0.023026	0.0001381	0.14551	supercritical
354.0	1138.8	1046.1	0.00095589	242.59	351.44	1.1298	0.93246	1.5538	969.15	-0.023092	0.00013832	0.14569	supercritical
354.0	1142.0	1046.7	0.00095536	242.46	351.56	1.1293	0.93261	1.5534	970.35	-0.023158	0.00013855	0.14587	supercritical
354.0	1145.2	1047.3	0.00095484	242.32	351.67	1.1287	0.93277	1.553	971.55	-0.023223	0.00013878	0.14606	supercritical
354.0	1148.5	1047.9	0.00095432	242.19	351.79	1.1282	0.93292	1.5526	972.75	-0.023288	0.00013901	0.14624	supercritical
354.0	1151.8	1048.4	0.0009538	242.06	351.91	1.1277	0.93308	1.5522	973.94	-0.023352	0.00013924	0.14642	supercritical
354.0	1155.0	1049.0	0.00095328	241.92	352.03	1.1271	0.93323	1.5518	975.13	-0.023416	0.00013947	0.1466	supercritical
354.0	1158.2	1049.6	0.00095276	241.79	352.15	1.1266	0.93339	1.5514	976.32	-0.02348	0.0001397	0.14678	supercritical
354.0	1161.5	1050.1	0.00095225	241.66	352.26	1.126	0.93354	1.551	977.51	-0.023543	0.00013993	0.14696	supercritical
354.0	1164.8	1050.7	0.00095174	241.53	352.38	1.1255	0.9337	1.5507	978.7	-0.023606	0.00014016	0.14714	supercritical
354.0	1168.0	1051.3	0.00095123	241.4	352.5	1.125	0.93385	1.5503	979.88	-0.023669	0.00014038	0.14732	supercritical
354.0	1171.2	1051.8	0.00095072	241.27	352.62	1.1244	0.93401	1.5499	981.06	-0.023731	0.00014061	0.1475	supercritical
354.0	1174.5	1052.4	0.00095022	241.14	352.74	1.1239	0.93416	1.5496	982.23	-0.023793	0.00014084	0.14768	supercritical
354.0	1177.8	1053.0	0.00094971	241.01	352.86	1.1234	0.93432	1.5492	983.41	-0.023854	0.00014107	0.14786	supercritical
354.0	1181.0	1053.5	0.00094921	240.88	352.98	1.1228	0.93447	1.5488	984.58	-0.023915	0.00014129	0.14804	supercritical
354.0	1184.2	1054.1	0.00094871	240.75	353.1	1.1223	0.93463	1.5485	985.75	-0.023975	0.00014152	0.14822	supercritical
354.0	1187.5	1054.6	0.00094821	240.62	353.22	1.1218	0.93478	1.5481	986.92	-0.024036	0.00014175	0.1484	supercritical
354.0	1190.8	1055.2	0.00094772	240.49	353.34	1.1212	0.93494	1.5477	988.08	-0.024095	0.00014198	0.14858	supercritical
354.0	1194.0	1055.7	0.00094722	240.37	353.46	1.1207	0.9351	1.5474	989.24	-0.024155	0.0001422	0.14875	supercritical
354.0	1197.2	1056.3	0.00094673	240.24	353.59	1.1202	0.93525	1.547	990.4	-0.024214	0.00014243	0.14893	supercritical
354.0	1200.5	1056.8	0.00094624	240.11	353.71	1.1197	0.93541	1.5467	991.56	-0.024273	0.00014266	0.14911	supercritical
354.0	1203.8	1057.4	0.00094575	239.99	353.83	1.1191	0.93556	1.5463	992.72	-0.024331	0.00014288	0.14929	supercritical
354.0	1207.0	1057.9	0.00094527	239.86	353.95	1.1186	0.93572	1.546	993.87	-0.024389	0.00014311	0.14947	supercritical
354.0	1210.2	1058.4	0.00094478	239.73	354.08	1.1181	0.93587	1.5456	995.02	-0.024447	0.00014334	0.14964	supercritical
354.0	1213.5	1059.0	0.0009443	239.61	354.2	1.1176	0.93603	1.5453	996.17	-0.024504	0.00014356	0.14982	supercritical
354.0	1216.8	1059.5	0.00094382	239.48	354.32	1.1171	0.93619	1.5449	997.31	-0.024561	0.00014379	0.15	supercritical
354.0	1220.0	1060.1	0.00094334	239.36	354.45	1.1165	0.93634	1.5446	998.46	-0.024618	0.00014402	0.15017	supercritical
354.0	1223.2	1060.6	0.00094286	239.23	354.57	1.116	0.9365	1.5443	999.6	-0.024674	0.00014424	0.15035	supercritical
354.0	1226.5	1061.1	0.00094238	239.11	354.69	1.1155	0.93665	1.5439	1000.7	-0.02473	0.00014447	0.15053	supercritical
354.0	1229.8	1061.7	0.00094191	238.99	354.82	1.115	0.93681	1.5436	1001.9	-0.024785	0.00014469	0.1507	supercritical
354.0	1233.0	1062.2	0.00094144	238.86	354.94	1.1145	0.93697	1.5433	1003.0	-0.024841	0.00014492	0.15088	supercritical
354.0	1236.2	1062.7	0.00094097	238.74	355.07	1.114	0.93712	1.5429	1004.1	-0.024896	0.00014514	0.15106	supercritical
354.0	1239.5	1063.3	0.0009405	238.62	355.19	1.1135	0.93728	1.5426	1005.3	-0.02495	0.00014537	0.15123	supercritical
354.0	1242.8	1063.8	0.00094003	238.49	355.32	1.1129	0.93743	1.5423	1006.4	-0.025005	0.00014559	0.15141	supercritical
354.0	1246.0	1064.3	0.00093956	238.37	355.44	1.1124	0.93759	1.542	1007.5	-0.025059	0.00014582	0.15158	supercritical
354.0	1249.2	1064.8	0.0009391	238.25	355.57	1.1119	0.93775	1.5416	1008.6	-0.025112	0.00014604	0.15176	supercritical
354.0	1252.5	1065.4	0.00093864	238.13	355.69	1.1114	0.9379	1.5413	1009.8	-0.025166	0.00014627	0.15193	supercritical
354.0	1255.8	1065.9	0.00093818	238.01	355.82	1.1109	0.93806	1.541	1010.9	-0.025219	0.00014649	0.15211	supercritical
354.0	1259.0	1066.4	0.00093772	237.89	355.95	1.1104	0.93821	1.5407	1012.0	-0.025271	0.00014672	0.15228	supercritical
354.0	1262.2	1066.9	0.00093726	237.77	356.07	1.1099	0.93837	1.5404	1013.1	-0.025324	0.00014694	0.15246	supercritical
354.0	1265.5	1067.5	0.0009368	237.65	356.2	1.1094	0.93853	1.5401	1014.2	-0.025376	0.00014717	0.15263	supercritical
354.0	1268.8	1068.0	0.00093635	237.53	356.33	1.1089	0.93868	1.5398	1015.3	-0.025428	0.00014739	0.1528	supercritical
354.0	1272.0	1068.5	0.0009359	237.41	356.45	1.1084	0.93884	1.5394	1016.4	-0.025479	0.00014762	0.15298	supercritical
354.0	1275.2	1069.0	0.00093545	237.29	356.58	1.1079	0.93899	1.5391	1017.5	-0.02553	0.00014784	0.15315	supercritical
354.0	1278.5	1069.5	0.000935	237.17	356.71	1.1074	0.93915	1.5388	1018.6	-0.025581	0.00014806	0.15332	supercritical
354.0	1281.8	1070.0	0.00093455	237.05	356.84	1.1069	0.93931	1.5385	1019.7	-0.025632	0.00014829	0.1535	supercritical
354.0	1285.0	1070.5	0.0009341	236.93	356.97	1.1064	0.93946	1.5382	1020.8	-0.025682	0.00014851	0.15367	supercritical
354.0	1288.2	1071.1	0.00093366	236.82	357.09	1.1059	0.93962	1.5379	1021.9	-0.025732	0.00014873	0.15384	supercritical
354.0	1291.5	1071.6	0.00093321	236.7	357.22	1.1054	0.93978	1.5376	1023.0	-0.025782	0.00014896	0.15402	supercritical
354.0	1294.8	1072.1	0.00093277	236.58	357.35	1.1049	0.93993	1.5373	1024.1	-0.025831	0.00014918	0.15419	supercritical
354.0	1298.0	1072.6	0.00093233	236.46	357.48	1.1044	0.94009	1.537	1025.2	-0.02588	0.0001494	0.15436	supercritical
354.0	1301.2	1073.1	0.00093189	236.35	357.61	1.104	0.94024	1.5367	1026.3	-0.025929	0.00014963	0.15453	supercritical
354.0	1304.5	1073.6	0.00093146	236.23	357.74	1.1035	0.9404	1.5365	1027.4	-0.025978	0.00014985	0.1547	supercritical
354.0	1307.8	1074.1	0.00093102	236.12	357.87	1.103	0.94056	1.5362	1028.5	-0.026026	0.00015007	0.15488	supercritical
354.0	1311.0	1074.6	0.00093059	236.0	358.0	1.1025	0.94071	1.5359	1029.6	-0.026074	0.0001503	0.15505	supercritical
354.0	1314.2	1075.1	0.00093015	235.88	358.13	1.102	0.94087	1.5356	1030.6	-0.026122	0.00015052	0.15522	supercritical
354.0	1317.5	1075.6	0.00092972	235.77	358.26	1.1015	0.94103	1.5353	1031.7	-0.02617	0.00015074	0.15539	supercritical
354.0	1320.8	1076.1	0.00092929	235.66	358.39	1.101	0.94118	1.535	1032.8	-0.026217	0.00015096	0.15556	supercritical
354.0	1324.0	1076.6	0.00092886	235.54	358.52	1.1006	0.94134	1.5347	1033.9	-0.026264	0.00015119	0.15573	supercritical
354.0	1327.2	1077.1	0.00092844	235.43	358.65	1.1001	0.94149	1.5345	1034.9	-0.026311	0.00015141	0.1559	supercritical
354.0	1330.5	1077.6	0.00092801	235.31	358.78	1.0996	0.94165	1.5342	1036.0	-0.026357	0.00015163	0.15607	supercritical
354.0	1333.8	1078.1	0.00092759	235.2	358.92	1.0991	0.94181	1.5339	1037.1	-0.026403	0.00015185	0.15624	supercritical
354.0	1337.0	1078.6	0.00092717	235.09	359.05	1.0986	0.94196	1.5336	1038.1	-0.026449	0.00015207	0.15641	supercritical
354.0	1340.2	1079.0	0.00092674	234.97	359.18	1.0982	0.94212	1.5334	1039.2	-0.026495	0.0001523	0.15658	supercritical
354.0	1343.5	1079.5	0.00092632	234.86	359.31	1.0977	0.94228	1.5331	1040.3	-0.02654	0.00015252	0.15675	supercritical
354.0	1346.8	1080.0	0.00092591	234.75	359.44	1.0972	0.94243	1.5328	1041.3	-0.026585	0.00015274	0.15692	supercritical
354.0	1350.0	1080.5	0.00092549	234.64	359.58	1.0967	0.94259	1.5325	1042.4	-0.02663	0.00015296	0.15709	supercritical
354.0	1353.2	1081.0	0.00092507	234.52	359.71	1.0962	0.94275	1.5323	1043.4	-0.026675	0.00015318	0.15726	supercritical
354.0	1356.5	1081.5	0.00092466	234.41	359.84	1.0958	0.9429	1.532	1044.5	-0.02672	0.0001534	0.15743	supercritical
354.0	1359.8	1082.0	0.00092424	234.3	359.98	1.0953	0.94306	1.5317	1045.5	-0.026764	0.00015363	0.1576	supercritical
354.0	1363.0	1082.4	0.00092383	234.19	360.11	1.0948	0.94321	1.5315	1046.6	-0.026808	0.00015385	0.15777	supercritical
354.0	1366.2	1082.9	0.00092342	234.08	360.24	1.0944	0.94337	1.5312	1047.6	-0.026851	0.00015407	0.15794	supercritical
354.0	1369.5	1083.4	0.00092301	233.97	360.38	1.0939	0.94353	1.531	1048.7	-0.026895	0.00015429	0.15811	supercritical
354.0	1372.8	1083.9	0.00092261	233.86	360.51	1.0934	0.94368	1.5307	1049.7	-0.026938	0.00015451	0.15828	supercritical
354.0	1376.0	1084.4	0.0009222	233.75	360.64	1.093	0.94384	1.5304	1050.8	-0.026981	0.00015473	0.15845	supercritical
354.0	1379.2	1084.8	0.00092179	233.64	360.78	1.0925	0.944	1.5302	1051.8	-0.027024	0.00015495	0.15861	supercritical
354.0	1382.5	1085.3	0.00092139	233.53	360.91	1.092	0.94415	1.5299	1052.9	-0.027066	0.00015517	0.15878	supercritical
354.0	1385.8	1085.8	0.00092099	233.42	361.05	1.0916	0.94431	1.5297	1053.9	-0.027109	0.00015539	0.15895	supercritical
354.0	1389.0	1086.3	0.00092059	233.31	361.18	1.0911	0.94447	1.5294	1054.9	-0.027151	0.00015561	0.15912	supercritical
354.0	1392.2	1086.7	0.00092019	233.21	361.32	1.0906	0.94462	1.5292	1056.0	-0.027193	0.00015583	0.15928	supercritical
354.0	1395.5	1087.2	0.00091979	233.1	361.45	1.0902	0.94478	1.5289	1057.0	-0.027234	0.00015605	0.15945	supercritical
354.0	1398.8	1087.7	0.00091939	232.99	361.59	1.0897	0.94494	1.5287	1058.0	-0.027276	0.00015628	0.15962	supercritical
354.0	1402.0	1088.1	0.00091899	232.88	361.72	1.0892	0.94509	1.5284	1059.1	-0.027317	0.0001565	0.15979	supercritical
354.0	1405.2	1088.6	0.0009186	232.77	361.86	1.0888	0.94525	1.5282	1060.1	-0.027358	0.00015672	0.15995	supercritical
354.0	1408.5	1089.1	0.0009182	232.67	362.0	1.0883	0.9454	1.5279	1061.1	-0.027399	0.00015694	0.16012	supercritical
354.0	1411.8	1089.5	0.00091781	232.56	362.13	1.0879	0.94556	1.5277	1062.1	-0.027439	0.00015716	0.16029	supercritical
354.0	1415.0	1090.0	0.00091742	232.45	362.27	1.0874	0.94572	1.5275	1063.1	-0.02748	0.00015738	0.16045	supercritical
354.0	1418.2	1090.5	0.00091703	232.35	362.4	1.087	0.94587	1.5272	1064.2	-0.02752	0.0001576	0.16062	supercritical
354.0	1421.5	1090.9	0.00091664	232.24	362.54	1.0865	0.94603	1.527	1065.2	-0.02756	0.00015781	0.16079	supercritical
354.0	1424.8	1091.4	0.00091625	232.14	362.68	1.086	0.94619	1.5267	1066.2	-0.027599	0.00015803	0.16095	supercritical
354.0	1428.0	1091.9	0.00091587	232.03	362.82	1.0856	0.94634	1.5265	1067.2	-0.027639	0.00015825	0.16112	supercritical
354.0	1431.2	1092.3	0.00091548	231.92	362.95	1.0851	0.9465	1.5263	1068.2	-0.027678	0.00015847	0.16128	supercritical
354.0	1434.5	1092.8	0.0009151	231.82	363.09	1.0847	0.94665	1.526	1069.2	-0.027717	0.00015869	0.16145	supercritical
354.0	1437.8	1093.2	0.00091471	231.71	363.23	1.0842	0.94681	1.5258	1070.2	-0.027756	0.00015891	0.16161	supercritical
354.0	1441.0	1093.7	0.00091433	231.61	363.37	1.0838	0.94697	1.5256	1071.2	-0.027795	0.00015913	0.16178	supercritical
354.0	1444.2	1094.2	0.00091395	231.51	363.5	1.0833	0.94712	1.5254	1072.2	-0.027833	0.00015935	0.16195	supercritical
354.0	1447.5	1094.6	0.00091357	231.4	363.64	1.0829	0.94728	1.5251	1073.3	-0.027871	0.00015957	0.16211	supercritical
354.0	1450.8	1095.1	0.00091319	231.3	363.78	1.0824	0.94744	1.5249	1074.3	-0.027909	0.00015979	0.16228	supercritical
354.0	1454.0	1095.5	0.00091281	231.19	363.92	1.082	0.94759	1.5247	1075.3	-0.027947	0.00016001	0.16244	supercritical
354.0	1457.2	1096.0	0.00091244	231.09	364.06	1.0815	0.94775	1.5244	1076.2	-0.027985	0.00016023	0.1626	supercritical
354.0	1460.5	1096.4	0.00091206	230.99	364.2	1.0811	0.94791	1.5242	1077.2	-0.028022	0.00016044	0.16277	supercritical
354.0	1463.8	1096.9	0.00091169	230.89	364.33	1.0806	0.94806	1.524	1078.2	-0.02806	0.00016066	0.16293	supercritical
354.0	1467.0	1097.3	0.00091132	230.78	364.47	1.0802	0.94822	1.5238	1079.2	-0.028097	0.00016088	0.1631	supercritical
354.0	1470.2	1097.8	0.00091094	230.68	364.61	1.0798	0.94837	1.5236	1080.2	-0.028134	0.0001611	0.16326	supercritical
354.0	1473.5	1098.2	0.00091057	230.58	364.75	1.0793	0.94853	1.5233	1081.2	-0.02817	0.00016132	0.16343	supercritical
354.0	1476.8	1098.7	0.0009102	230.48	364.89	1.0789	0.94869	1.5231	1082.2	-0.028207	0.00016154	0.16359	supercritical
354.0	1480.0	1099.1	0.00090983	230.38	365.03	1.0784	0.94884	1.5229	1083.2	-0.028243	0.00016176	0.16375	supercritical
354.0	1483.2	1099.5	0.00090947	230.27	365.17	1.078	0.949	1.5227	1084.2	-0.028279	0.00016197	0.16392	supercritical
354.0	1486.5	1100.0	0.0009091	230.17	365.31	1.0776	0.94915	1.5225	1085.2	-0.028315	0.00016219	0.16408	supercritical
354.0	1489.8	1100.4	0.00090873	230.07	365.45	1.0771	0.94931	1.5223	1086.1	-0.028351	0.00016241	0.16424	supercritical
354.0	1493.0	1100.9	0.00090837	229.97	365.59	1.0767	0.94947	1.5221	1087.1	-0.028387	0.00016263	0.16441	supercritical
354.0	1496.2	1101.3	0.00090801	229.87	365.73	1.0762	0.94962	1.5218	1088.1	-0.028422	0.00016285	0.16457	supercritical
354.0	1499.5	1101.8	0.00090765	229.77	365.87	1.0758	0.94978	1.5216	1089.1	-0.028457	0.00016306	0.16473	supercritical
354.0	1502.8	1102.2	0.00090728	229.67	366.01	1.0754	0.94994	1.5214	1090.0	-0.028492	0.00016328	0.16489	supercritical
354.0	1506.0	1102.6	0.00090692	229.57	366.15	1.0749	0.95009	1.5212	1091.0	-0.028527	0.0001635	0.16506	supercritical
354.0	1509.2	1103.1	0.00090656	229.47	366.3	1.0745	0.95025	1.521	1092.0	-0.028562	0.00016372	0.16522	supercritical
354.0	1512.5	1103.5	0.00090621	229.37	366.44	1.0741	0.9504	1.5208	1093.0	-0.028597	0.00016394	0.16538	supercritical
354.0	1515.8	1103.9	0.00090585	229.27	366.58	1.0736	0.95056	1.5206	1093.9	-0.028631	0.00016415	0.16554	supercritical
354.0	1519.0	1104.4	0.00090549	229.18	366.72	1.0732	0.95072	1.5204	1094.9	-0.028665	0.00016437	0.16571	supercritical
354.0	1522.2	1104.8	0.00090514	229.08	366.86	1.0728	0.95087	1.5202	1095.9	-0.028699	0.00016459	0.16587	supercritical
354.0	1525.5	1105.2	0.00090478	228.98	367.0	1.0723	0.95103	1.52	1096.8	-0.028733	0.00016481	0.16603	supercritical
354.0	1528.8	1105.7	0.00090443	228.88	367.15	1.0719	0.95118	1.5198	1097.8	-0.028767	0.00016502	0.16619	supercritical
354.0	1532.0	1106.1	0.00090408	228.78	367.29	1.0715	0.95134	1.5196	1098.7	-0.0288	0.00016524	0.16635	supercritical
354.0	1535.2	1106.5	0.00090373	228.68	367.43	1.0711	0.9515	1.5194	1099.7	-0.028834	0.00016546	0.16652	supercritical
354.0	1538.5	1107.0	0.00090338	228.59	367.57	1.0706	0.95165	1.5192	1100.7	-0.028867	0.00016567	0.16668	supercritical
354.0	1541.8	1107.4	0.00090303	228.49	367.71	1.0702	0.95181	1.519	1101.6	-0.0289	0.00016589	0.16684	supercritical
354.0	1545.0	1107.8	0.00090268	228.39	367.86	1.0698	0.95196	1.5188	1102.6	-0.028933	0.00016611	0.167	supercritical
354.0	1548.2	1108.2	0.00090233	228.3	368.0	1.0694	0.95212	1.5186	1103.5	-0.028965	0.00016633	0.16716	supercritical
354.0	1551.5	1108.7	0.00090199	228.2	368.14	1.0689	0.95227	1.5184	1104.5	-0.028998	0.00016654	0.16732	supercritical
354.0	1554.8	1109.1	0.00090164	228.1	368.29	1.0685	0.95243	1.5182	1105.4	-0.02903	0.00016676	0.16748	supercritical
354.0	1558.0	1109.5	0.0009013	228.01	368.43	1.0681	0.95259	1.5181	1106.4	-0.029062	0.00016698	0.16764	supercritical
354.0	1561.2	1109.9	0.00090096	227.91	368.57	1.0677	0.95274	1.5179	1107.3	-0.029095	0.00016719	0.1678	supercritical
354.0	1564.5	1110.4	0.00090061	227.82	368.72	1.0672	0.9529	1.5177	1108.3	-0.029126	0.00016741	0.16796	supercritical
354.0	1567.8	1110.8	0.00090027	227.72	368.86	1.0668	0.95305	1.5175	1109.2	-0.029158	0.00016763	0.16812	supercritical
354.0	1571.0	1111.2	0.00089993	227.63	369.0	1.0664	0.95321	1.5173	1110.1	-0.02919	0.00016784	0.16828	supercritical
354.0	1574.2	1111.6	0.00089959	227.53	369.15	1.066	0.95337	1.5171	1111.1	-0.029221	0.00016806	0.16844	supercritical
354.0	1577.5	1112.0	0.00089925	227.44	369.29	1.0656	0.95352	1.5169	1112.0	-0.029252	0.00016828	0.1686	supercritical
354.0	1580.8	1112.5	0.00089892	227.34	369.44	1.0651	0.95368	1.5167	1113.0	-0.029284	0.00016849	0.16876	supercritical
354.0	1584.0	1112.9	0.00089858	227.25	369.58	1.0647	0.95383	1.5166	1113.9	-0.029315	0.00016871	0.16892	supercritical
354.0	1587.2	1113.3	0.00089824	227.15	369.73	1.0643	0.95399	1.5164	1114.8	-0.029345	0.00016892	0.16908	supercritical
354.0	1590.5	1113.7	0.00089791	227.06	369.87	1.0639	0.95414	1.5162	1115.8	-0.029376	0.00016914	0.16924	supercritical
354.0	1593.8	1114.1	0.00089757	226.96	370.02	1.0635	0.9543	1.516	1116.7	-0.029407	0.00016936	0.1694	supercritical
354.0	1597.0	1114.5	0.00089724	226.87	370.16	1.0631	0.95445	1.5158	1117.6	-0.029437	0.00016957	0.16956	supercritical
354.0	1600.2	1114.9	0.00089691	226.78	370.31	1.0627	0.95461	1.5157	1118.5	-0.029467	0.00016979	0.16972	supercritical
354.0	1603.5	1115.4	0.00089658	226.68	370.45	1.0622	0.95477	1.5155	1119.5	-0.029497	0.00017	0.16988	supercritical
354.0	1606.8	1115.8	0.00089625	226.59	370.6	1.0618	0.95492	1.5153	1120.4	-0.029527	0.00017022	0.17004	supercritical
354.0	1610.0	1116.2	0.00089592	226.5	370.74	1.0614	0.95508	1.5151	1121.3	-0.029557	0.00017044	0.17019	supercritical
354.0	1613.2	1116.6	0.00089559	226.41	370.89	1.061	0.95523	1.515	1122.2	-0.029587	0.00017065	0.17035	supercritical
354.0	1616.5	1117.0	0.00089526	226.31	371.03	1.0606	0.95539	1.5148	1123.2	-0.029616	0.00017087	0.17051	supercritical
354.0	1619.8	1117.4	0.00089493	226.22	371.18	1.0602	0.95554	1.5146	1124.1	-0.029646	0.00017108	0.17067	supercritical
354.0	1623.0	1117.8	0.00089461	226.13	371.32	1.0598	0.9557	1.5144	1125.0	-0.029675	0.0001713	0.17083	supercritical
354.0	1626.2	1118.2	0.00089428	226.04	371.47	1.0594	0.95585	1.5143	1125.9	-0.029704	0.00017151	0.17099	supercritical
354.0	1629.5	1118.6	0.00089396	225.95	371.62	1.059	0.95601	1.5141	1126.8	-0.029733	0.00017173	0.17114	supercritical
354.0	1632.8	1119.0	0.00089364	225.86	371.76	1.0586	0.95616	1.5139	1127.8	-0.029762	0.00017195	0.1713	supercritical
354.0	1636.0	1119.4	0.00089331	225.76	371.91	1.0581	0.95632	1.5138	1128.7	-0.029791	0.00017216	0.17146	supercritical
354.0	1639.2	1119.8	0.00089299	225.67	372.06	1.0577	0.95647	1.5136	1129.6	-0.029819	0.00017238	0.17162	supercritical
354.0	1642.5	1120.2	0.00089267	225.58	372.2	1.0573	0.95663	1.5134	1130.5	-0.029848	0.00017259	0.17178	supercritical
354.0	1645.8	1120.6	0.00089235	225.49	372.35	1.0569	0.95679	1.5133	1131.4	-0.029876	0.00017281	0.17193	supercritical
354.0	1649.0	1121.0	0.00089203	225.4	372.5	1.0565	0.95694	1.5131	1132.3	-0.029904	0.00017302	0.17209	supercritical
354.0	1652.2	1121.4	0.00089171	225.31	372.64	1.0561	0.9571	1.5129	1133.2	-0.029932	0.00017324	0.17225	supercritical
354.0	1655.5	1121.8	0.00089139	225.22	372.79	1.0557	0.95725	1.5128	1134.1	-0.02996	0.00017345	0.1724	supercritical
354.0	1658.8	1122.2	0.00089108	225.13	372.94	1.0553	0.95741	1.5126	1135.0	-0.029988	0.00017367	0.17256	supercritical
354.0	1662.0	1122.6	0.00089076	225.04	373.09	1.0549	0.95756	1.5125	1135.9	-0.030015	0.00017388	0.17272	supercritical
354.0	1665.2	1123.0	0.00089045	224.95	373.23	1.0545	0.95772	1.5123	1136.8	-0.030043	0.0001741	0.17287	supercritical
354.0	1668.5	1123.4	0.00089013	224.86	373.38	1.0541	0.95787	1.5121	1137.7	-0.03007	0.00017431	0.17303	supercritical
354.0	1671.8	1123.8	0.00088982	224.77	373.53	1.0537	0.95803	1.512	1138.6	-0.030098	0.00017453	0.17319	supercritical
354.0	1675.0	1124.2	0.0008895	224.69	373.68	1.0533	0.95818	1.5118	1139.5	-0.030125	0.00017474	0.17334	supercritical
354.0	1678.2	1124.6	0.00088919	224.6	373.83	1.0529	0.95834	1.5117	1140.4	-0.030152	0.00017496	0.1735	supercritical
354.0	1681.5	1125.0	0.00088888	224.51	373.97	1.0525	0.95849	1.5115	1141.3	-0.030179	0.00017517	0.17366	supercritical
354.0	1684.8	1125.4	0.00088857	224.42	374.12	1.0521	0.95865	1.5113	1142.2	-0.030205	0.00017539	0.17381	supercritical
354.0	1688.0	1125.8	0.00088826	224.33	374.27	1.0517	0.9588	1.5112	1143.1	-0.030232	0.0001756	0.17397	supercritical
354.0	1691.2	1126.2	0.00088795	224.24	374.42	1.0513	0.95896	1.511	1144.0	-0.030259	0.00017582	0.17413	supercritical
354.0	1694.5	1126.6	0.00088764	224.16	374.57	1.0509	0.95911	1.5109	1144.9	-0.030285	0.00017603	0.17428	supercritical
354.0	1697.8	1127.0	0.00088734	224.07	374.72	1.0505	0.95926	1.5107	1145.8	-0.030311	0.00017625	0.17444	supercritical
354.0	1701.0	1127.4	0.00088703	223.98	374.87	1.0502	0.95942	1.5106	1146.6	-0.030337	0.00017646	0.17459	supercritical
354.0	1704.2	1127.7	0.00088672	223.89	375.01	1.0498	0.95957	1.5104	1147.5	-0.030363	0.00017667	0.17475	supercritical
354.0	1707.5	1128.1	0.00088642	223.81	375.16	1.0494	0.95973	1.5103	1148.4	-0.030389	0.00017689	0.1749	supercritical
354.0	1710.8	1128.5	0.00088612	223.72	375.31	1.049	0.95988	1.5101	1149.3	-0.030415	0.0001771	0.17506	supercritical
354.0	1714.0	1128.9	0.00088581	223.63	375.46	1.0486	0.96004	1.51	1150.2	-0.030441	0.00017732	0.17521	supercritical
354.0	1717.2	1129.3	0.00088551	223.55	375.61	1.0482	0.96019	1.5098	1151.1	-0.030466	0.00017753	0.17537	supercritical
354.0	1720.5	1129.7	0.00088521	223.46	375.76	1.0478	0.96035	1.5097	1151.9	-0.030492	0.00017775	0.17552	supercritical
354.0	1723.8	1130.1	0.00088491	223.38	375.91	1.0474	0.9605	1.5095	1152.8	-0.030517	0.00017796	0.17568	supercritical
354.0	1727.0	1130.4	0.0008846	223.29	376.06	1.047	0.96066	1.5094	1153.7	-0.030542	0.00017817	0.17583	supercritical
354.0	1730.2	1130.8	0.0008843	223.2	376.21	1.0466	0.96081	1.5092	1154.6	-0.030567	0.00017839	0.17599	supercritical
354.0	1733.5	1131.2	0.00088401	223.12	376.36	1.0462	0.96097	1.5091	1155.4	-0.030592	0.0001786	0.17614	supercritical
354.0	1736.8	1131.6	0.00088371	223.03	376.51	1.0459	0.96112	1.509	1156.3	-0.030617	0.00017882	0.1763	supercritical
354.0	1740.0	1132.0	0.00088341	222.95	376.66	1.0455	0.96127	1.5088	1157.2	-0.030642	0.00017903	0.17645	supercritical
354.0	1743.2	1132.4	0.00088311	222.86	376.81	1.0451	0.96143	1.5087	1158.0	-0.030667	0.00017925	0.17661	supercritical
354.0	1746.5	1132.7	0.00088282	222.78	376.96	1.0447	0.96158	1.5085	1158.9	-0.030691	0.00017946	0.17676	supercritical
354.0	1749.8	1133.1	0.00088252	222.69	377.11	1.0443	0.96174	1.5084	1159.8	-0.030716	0.00017967	0.17691	supercritical
354.0	1753.0	1133.5	0.00088223	222.61	377.26	1.0439	0.96189	1.5082	1160.6	-0.03074	0.00017989	0.17707	supercritical
354.0	1756.2	1133.9	0.00088193	222.52	377.41	1.0435	0.96205	1.5081	1161.5	-0.030764	0.0001801	0.17722	supercritical
354.0	1759.5	1134.3	0.00088164	222.44	377.56	1.0432	0.9622	1.508	1162.4	-0.030788	0.00018031	0.17738	supercritical
354.0	1762.8	1134.6	0.00088135	222.36	377.72	1.0428	0.96235	1.5078	1163.2	-0.030812	0.00018053	0.17753	supercritical
354.0	1766.0	1135.0	0.00088105	222.27	377.87	1.0424	0.96251	1.5077	1164.1	-0.030836	0.00018074	0.17768	supercritical
354.0	1769.2	1135.4	0.00088076	222.19	378.02	1.042	0.96266	1.5076	1165.0	-0.03086	0.00018096	0.17784	supercritical
354.0	1772.5	1135.8	0.00088047	222.1	378.17	1.0416	0.96282	1.5074	1165.8	-0.030883	0.00018117	0.17799	supercritical
354.0	1775.8	1136.1	0.00088018	222.02	378.32	1.0413	0.96297	1.5073	1166.7	-0.030907	0.00018138	0.17814	supercritical
354.0	1779.0	1136.5	0.00087989	221.94	378.47	1.0409	0.96312	1.5072	1167.5	-0.03093	0.0001816	0.1783	supercritical
354.0	1782.2	1136.9	0.0008796	221.86	378.62	1.0405	0.96328	1.507	1168.4	-0.030954	0.00018181	0.17845	supercritical
354.0	1785.5	1137.2	0.00087932	221.77	378.77	1.0401	0.96343	1.5069	1169.2	-0.030977	0.00018202	0.1786	supercritical
354.0	1788.8	1137.6	0.00087903	221.69	378.93	1.0397	0.96359	1.5068	1170.1	-0.031	0.00018224	0.17876	supercritical
354.0	1792.0	1138.0	0.00087874	221.61	379.08	1.0394	0.96374	1.5066	1170.9	-0.031023	0.00018245	0.17891	supercritical
354.0	1795.2	1138.4	0.00087846	221.53	379.23	1.039	0.96389	1.5065	1171.8	-0.031046	0.00018266	0.17906	supercritical
354.0	1798.5	1138.7	0.00087817	221.44	379.38	1.0386	0.96405	1.5064	1172.6	-0.031069	0.00018288	0.17922	supercritical
354.0	1801.8	1139.1	0.00087789	221.36	379.53	1.0382	0.9642	1.5062	1173.5	-0.031092	0.00018309	0.17937	supercritical
354.0	1805.0	1139.5	0.0008776	221.28	379.69	1.0379	0.96435	1.5061	1174.3	-0.031114	0.0001833	0.17952	supercritical
354.0	1808.2	1139.8	0.00087732	221.2	379.84	1.0375	0.96451	1.506	1175.2	-0.031137	0.00018352	0.17967	supercritical
354.0	1811.5	1140.2	0.00087704	221.12	379.99	1.0371	0.96466	1.5058	1176.0	-0.031159	0.00018373	0.17983	supercritical
354.0	1814.8	1140.6	0.00087676	221.03	380.14	1.0367	0.96482	1.5057	1176.9	-0.031182	0.00018394	0.17998	supercritical
354.0	1818.0	1140.9	0.00087648	220.95	380.3	1.0364	0.96497	1.5056	1177.7	-0.031204	0.00018416	0.18013	supercritical
354.0	1821.2	1141.3	0.00087619	220.87	380.45	1.036	0.96512	1.5055	1178.6	-0.031226	0.00018437	0.18028	supercritical
354.0	1824.5	1141.7	0.00087592	220.79	380.6	1.0356	0.96528	1.5053	1179.4	-0.031248	0.00018458	0.18043	supercritical
354.0	1827.8	1142.0	0.00087564	220.71	380.76	1.0352	0.96543	1.5052	1180.2	-0.03127	0.0001848	0.18059	supercritical
354.0	1831.0	1142.4	0.00087536	220.63	380.91	1.0349	0.96558	1.5051	1181.1	-0.031292	0.00018501	0.18074	supercritical
354.0	1834.2	1142.8	0.00087508	220.55	381.06	1.0345	0.96574	1.505	1181.9	-0.031314	0.00018522	0.18089	supercritical
354.0	1837.5	1143.1	0.0008748	220.47	381.21	1.0341	0.96589	1.5048	1182.7	-0.031335	0.00018543	0.18104	supercritical
354.0	1840.8	1143.5	0.00087453	220.39	381.37	1.0338	0.96604	1.5047	1183.6	-0.031357	0.00018565	0.18119	supercritical
354.0	1844.0	1143.8	0.00087425	220.31	381.52	1.0334	0.9662	1.5046	1184.4	-0.031378	0.00018586	0.18134	supercritical
354.0	1847.2	1144.2	0.00087397	220.23	381.67	1.033	0.96635	1.5045	1185.2	-0.0314	0.00018607	0.18149	supercritical
354.0	1850.5	1144.6	0.0008737	220.15	381.83	1.0326	0.9665	1.5044	1186.1	-0.031421	0.00018629	0.18165	supercritical
354.0	1853.8	1144.9	0.00087342	220.07	381.98	1.0323	0.96666	1.5042	1186.9	-0.031442	0.0001865	0.1818	supercritical
354.0	1857.0	1145.3	0.00087315	219.99	382.14	1.0319	0.96681	1.5041	1187.7	-0.031463	0.00018671	0.18195	supercritical
354.0	1860.2	1145.6	0.00087288	219.91	382.29	1.0315	0.96696	1.504	1188.6	-0.031484	0.00018692	0.1821	supercritical
354.0	1863.5	1146.0	0.00087261	219.83	382.44	1.0312	0.96712	1.5039	1189.4	-0.031505	0.00018714	0.18225	supercritical
354.0	1866.8	1146.3	0.00087233	219.75	382.6	1.0308	0.96727	1.5038	1190.2	-0.031526	0.00018735	0.1824	supercritical
354.0	1870.0	1146.7	0.00087206	219.68	382.75	1.0304	0.96742	1.5036	1191.0	-0.031547	0.00018756	0.18255	supercritical
354.0	1873.2	1147.1	0.00087179	219.6	382.91	1.0301	0.96758	1.5035	1191.8	-0.031568	0.00018778	0.1827	supercritical
354.0	1876.5	1147.4	0.00087152	219.52	383.06	1.0297	0.96773	1.5034	1192.7	-0.031588	0.00018799	0.18285	supercritical
354.0	1879.8	1147.8	0.00087125	219.44	383.21	1.0294	0.96788	1.5033	1193.5	-0.031609	0.0001882	0.183	supercritical
354.0	1883.0	1148.1	0.00087098	219.36	383.37	1.029	0.96803	1.5032	1194.3	-0.031629	0.00018841	0.18315	supercritical
354.0	1886.2	1148.5	0.00087072	219.28	383.52	1.0286	0.96819	1.5031	1195.1	-0.031649	0.00018863	0.1833	supercritical
354.0	1889.5	1148.8	0.00087045	219.21	383.68	1.0283	0.96834	1.503	1195.9	-0.03167	0.00018884	0.18345	supercritical
354.0	1892.8	1149.2	0.00087018	219.13	383.83	1.0279	0.96849	1.5028	1196.8	-0.03169	0.00018905	0.1836	supercritical
354.0	1896.0	1149.5	0.00086992	219.05	383.99	1.0275	0.96865	1.5027	1197.6	-0.03171	0.00018926	0.18375	supercritical
354.0	1899.2	1149.9	0.00086965	218.97	384.14	1.0272	0.9688	1.5026	1198.4	-0.03173	0.00018948	0.1839	supercritical
354.0	1902.5	1150.2	0.00086938	218.9	384.3	1.0268	0.96895	1.5025	1199.2	-0.03175	0.00018969	0.18405	supercritical
354.0	1905.8	1150.6	0.00086912	218.82	384.45	1.0265	0.9691	1.5024	1200.0	-0.031769	0.0001899	0.1842	supercritical
354.0	1909.0	1150.9	0.00086886	218.74	384.61	1.0261	0.96926	1.5023	1200.8	-0.031789	0.00019011	0.18435	supercritical
354.0	1912.2	1151.3	0.00086859	218.67	384.76	1.0257	0.96941	1.5022	1201.6	-0.031809	0.00019033	0.1845	supercritical
354.0	1915.5	1151.6	0.00086833	218.59	384.92	1.0254	0.96956	1.5021	1202.4	-0.031828	0.00019054	0.18465	supercritical
354.0	1918.8	1152.0	0.00086807	218.51	385.07	1.025	0.96971	1.502	1203.3	-0.031848	0.00019075	0.1848	supercritical
354.0	1922.0	1152.3	0.00086781	218.44	385.23	1.0247	0.96987	1.5019	1204.1	-0.031867	0.00019096	0.18495	supercritical
354.0	1925.2	1152.7	0.00086754	218.36	385.39	1.0243	0.97002	1.5017	1204.9	-0.031886	0.00019117	0.1851	supercritical
354.0	1928.5	1153.0	0.00086728	218.28	385.54	1.024	0.97017	1.5016	1205.7	-0.031906	0.00019139	0.18525	supercritical
354.0	1931.8	1153.4	0.00086702	218.21	385.7	1.0236	0.97032	1.5015	1206.5	-0.031925	0.0001916	0.1854	supercritical
354.0	1935.0	1153.7	0.00086676	218.13	385.85	1.0232	0.97048	1.5014	1207.3	-0.031944	0.00019181	0.18555	supercritical
354.0	1938.2	1154.1	0.00086651	218.06	386.01	1.0229	0.97063	1.5013	1208.1	-0.031963	0.00019202	0.1857	supercritical
354.0	1941.5	1154.4	0.00086625	217.98	386.16	1.0225	0.97078	1.5012	1208.9	-0.031982	0.00019223	0.18585	supercritical
354.0	1944.8	1154.7	0.00086599	217.91	386.32	1.0222	0.97093	1.5011	1209.7	-0.032001	0.00019245	0.186	supercritical
354.0	1948.0	1155.1	0.00086573	217.83	386.48	1.0218	0.97108	1.501	1210.5	-0.032019	0.00019266	0.18614	supercritical
354.0	1951.2	1155.4	0.00086548	217.76	386.63	1.0215	0.97124	1.5009	1211.3	-0.032038	0.00019287	0.18629	supercritical
354.0	1954.5	1155.8	0.00086522	217.68	386.79	1.0211	0.97139	1.5008	1212.1	-0.032056	0.00019308	0.18644	supercritical
354.0	1957.8	1156.1	0.00086496	217.61	386.95	1.0208	0.97154	1.5007	1212.9	-0.032075	0.00019329	0.18659	supercritical
354.0	1961.0	1156.5	0.00086471	217.53	387.1	1.0204	0.97169	1.5006	1213.7	-0.032093	0.00019351	0.18674	supercritical
354.0	1964.2	1156.8	0.00086445	217.46	387.26	1.0201	0.97184	1.5005	1214.5	-0.032112	0.00019372	0.18689	supercritical
354.0	1967.5	1157.1	0.0008642	217.38	387.42	1.0197	0.972	1.5004	1215.2	-0.03213	0.00019393	0.18704	supercritical
354.0	1970.8	1157.5	0.00086395	217.31	387.57	1.0194	0.97215	1.5003	1216.0	-0.032148	0.00019414	0.18718	supercritical
354.0	1974.0	1157.8	0.00086369	217.24	387.73	1.019	0.9723	1.5002	1216.8	-0.032166	0.00019435	0.18733	supercritical
354.0	1977.2	1158.2	0.00086344	217.16	387.89	1.0187	0.97245	1.5001	1217.6	-0.032184	0.00019457	0.18748	supercritical
354.0	1980.5	1158.5	0.00086319	217.09	388.04	1.0183	0.9726	1.5	1218.4	-0.032202	0.00019478	0.18763	supercritical
354.0	1983.8	1158.8	0.00086294	217.01	388.2	1.018	0.97275	1.4999	1219.2	-0.03222	0.00019499	0.18778	supercritical
354.0	1987.0	1159.2	0.00086269	216.94	388.36	1.0176	0.97291	1.4998	1220.0	-0.032238	0.0001952	0.18792	supercritical
354.0	1990.2	1159.5	0.00086244	216.87	388.51	1.0173	0.97306	1.4997	1220.8	-0.032256	0.00019541	0.18807	supercritical
354.0	1993.5	1159.8	0.00086219	216.79	388.67	1.0169	0.97321	1.4996	1221.5	-0.032273	0.00019563	0.18822	supercritical
354.0	1996.8	1160.2	0.00086194	216.72	388.83	1.0166	0.97336	1.4995	1222.3	-0.032291	0.00019584	0.18837	supercritical
354.0	2000.0	1160.5	0.00086169	216.65	388.99	1.0162	0.97351	1.4994	1223.1	-0.032309	0.00019605	0.18851	supercritical
