Temperature (K)	Pressure (bar)	Density (kg/m3)	Volume (m3/kg)	Internal Energy (kJ/kg)	Enthalpy (kJ/kg)	Entropy (J/g*K)	Cv (J/g*K)	Cp (J/g*K)	Sound Spd. (m/s)	Joule-Thomson (K/bar)	Viscosity (Pa*s)	Therm. Cond. (W/m*K)	Phase
793.0	56.5	37.491	0.026673	860.17	1010.9	2.9536	0.98071	1.1871	428.61	0.08672	3.521e-05	0.057392	vapor
793.0	59.75	39.632	0.025232	859.78	1010.5	2.9426	0.98091	1.1883	428.98	0.086176	3.5241e-05	0.057469	vapor
793.0	63.0	41.771	0.02394	859.38	1010.2	2.9321	0.98111	1.1895	429.35	0.085634	3.5273e-05	0.057545	vapor
793.0	66.25	43.907	0.022775	858.99	1009.9	2.9221	0.9813	1.1907	429.73	0.085094	3.5304e-05	0.05762	vapor
793.0	69.5	46.041	0.02172	858.6	1009.5	2.9126	0.9815	1.1919	430.11	0.084557	3.5336e-05	0.057695	vapor
793.0	72.75	48.174	0.020758	858.2	1009.2	2.9035	0.9817	1.193	430.5	0.084021	3.5368e-05	0.057769	vapor
793.0	76.0	50.304	0.019879	857.81	1008.9	2.8947	0.9819	1.1942	430.89	0.083488	3.54e-05	0.057843	vapor
793.0	76.0	50.304	0.019879	857.81	1008.9	2.8947	0.9819	1.1942	430.89	0.083488	3.54e-05	0.057843	supercritical
793.0	76.0	50.304	0.019879	857.81	1008.9	2.8947	0.9819	1.1942	430.89	0.083488	3.54e-05	0.057843	supercritical
793.0	79.25	52.431	0.019073	857.42	1008.6	2.8863	0.98209	1.1954	431.28	0.082957	3.5433e-05	0.057916	supercritical
793.0	82.5	54.557	0.018329	857.03	1008.3	2.8783	0.98229	1.1965	431.68	0.082428	3.5466e-05	0.057989	supercritical
793.0	85.75	56.68	0.017643	856.64	1007.9	2.8705	0.98249	1.1977	432.08	0.081901	3.5499e-05	0.058061	supercritical
793.0	89.0	58.801	0.017006	856.26	1007.6	2.863	0.98268	1.1988	432.49	0.081375	3.5532e-05	0.058132	supercritical
793.0	92.25	60.92	0.016415	855.87	1007.3	2.8557	0.98288	1.2	432.9	0.080852	3.5565e-05	0.058203	supercritical
793.0	95.5	63.036	0.015864	855.48	1007.0	2.8487	0.98307	1.2011	433.31	0.08033	3.5599e-05	0.058274	supercritical
793.0	98.75	65.15	0.015349	855.1	1006.7	2.8419	0.98326	1.2023	433.73	0.079809	3.5633e-05	0.058344	supercritical
793.0	102.0	67.261	0.014867	854.71	1006.4	2.8354	0.98346	1.2034	434.15	0.07929	3.5667e-05	0.058414	supercritical
793.0	105.25	69.37	0.014416	854.33	1006.1	2.829	0.98365	1.2046	434.57	0.078773	3.5702e-05	0.058484	supercritical
793.0	108.5	71.476	0.013991	853.94	1005.7	2.8228	0.98384	1.2057	435.0	0.078257	3.5737e-05	0.058553	supercritical
793.0	111.75	73.579	0.013591	853.56	1005.4	2.8167	0.98403	1.2068	435.43	0.077743	3.5772e-05	0.058622	supercritical
793.0	115.0	75.68	0.013213	853.18	1005.1	2.8109	0.98422	1.208	435.86	0.077229	3.5807e-05	0.058691	supercritical
793.0	118.25	77.779	0.012857	852.8	1004.8	2.8051	0.98442	1.2091	436.3	0.076718	3.5843e-05	0.05876	supercritical
793.0	121.5	79.874	0.01252	852.42	1004.5	2.7996	0.98461	1.2102	436.74	0.076207	3.5879e-05	0.058829	supercritical
793.0	124.75	81.967	0.0122	852.04	1004.2	2.7941	0.9848	1.2113	437.19	0.075698	3.5915e-05	0.058897	supercritical
793.0	128.0	84.057	0.011897	851.66	1003.9	2.7888	0.98499	1.2124	437.64	0.075189	3.5952e-05	0.058966	supercritical
793.0	131.25	86.144	0.011608	851.28	1003.6	2.7836	0.98517	1.2135	438.09	0.074682	3.5988e-05	0.059034	supercritical
793.0	134.5	88.229	0.011334	850.9	1003.3	2.7785	0.98536	1.2146	438.55	0.074176	3.6025e-05	0.059102	supercritical
793.0	137.75	90.31	0.011073	850.52	1003.1	2.7736	0.98555	1.2157	439.01	0.073672	3.6063e-05	0.05917	supercritical
793.0	141.0	92.389	0.010824	850.15	1002.8	2.7687	0.98574	1.2168	439.47	0.073168	3.61e-05	0.059239	supercritical
793.0	144.25	94.465	0.010586	849.77	1002.5	2.764	0.98592	1.2179	439.94	0.072665	3.6138e-05	0.059307	supercritical
793.0	147.5	96.538	0.010359	849.4	1002.2	2.7593	0.98611	1.219	440.41	0.072163	3.6177e-05	0.059375	supercritical
793.0	150.75	98.607	0.010141	849.02	1001.9	2.7548	0.9863	1.2201	440.89	0.071662	3.6215e-05	0.059443	supercritical
793.0	154.0	100.67	0.009933	848.65	1001.6	2.7503	0.98648	1.2212	441.37	0.071162	3.6254e-05	0.059512	supercritical
793.0	157.25	102.74	0.0097335	848.28	1001.3	2.7459	0.98667	1.2222	441.85	0.070663	3.6293e-05	0.05958	supercritical
793.0	160.5	104.8	0.0095421	847.91	1001.1	2.7416	0.98685	1.2233	442.34	0.070165	3.6333e-05	0.059649	supercritical
793.0	163.75	106.86	0.0093584	847.54	1000.8	2.7374	0.98703	1.2244	442.82	0.069667	3.6372e-05	0.059718	supercritical
793.0	167.0	108.91	0.0091819	847.17	1000.5	2.7332	0.98722	1.2254	443.32	0.069171	3.6413e-05	0.059787	supercritical
793.0	170.25	110.96	0.0090121	846.8	1000.2	2.7292	0.9874	1.2265	443.82	0.068675	3.6453e-05	0.059856	supercritical
793.0	173.5	113.01	0.0088488	846.43	999.96	2.7252	0.98758	1.2275	444.32	0.06818	3.6494e-05	0.059925	supercritical
793.0	176.75	115.05	0.0086916	846.06	999.68	2.7212	0.98776	1.2286	444.82	0.067686	3.6535e-05	0.059994	supercritical
793.0	180.0	117.1	0.00854	845.69	999.42	2.7174	0.98794	1.2296	445.33	0.067193	3.6576e-05	0.060064	supercritical
793.0	183.25	119.13	0.008394	845.33	999.15	2.7135	0.98812	1.2307	445.84	0.0667	3.6617e-05	0.060134	supercritical
793.0	186.5	121.17	0.008253	844.96	998.88	2.7098	0.9883	1.2317	446.35	0.066208	3.6659e-05	0.060204	supercritical
793.0	189.75	123.2	0.0081169	844.6	998.62	2.7061	0.98848	1.2327	446.87	0.065717	3.6702e-05	0.060274	supercritical
793.0	193.0	125.23	0.0079855	844.24	998.36	2.7025	0.98866	1.2338	447.4	0.065227	3.6744e-05	0.060345	supercritical
793.0	196.25	127.25	0.0078584	843.87	998.09	2.6989	0.98884	1.2348	447.92	0.064737	3.6787e-05	0.060416	supercritical
793.0	199.5	129.27	0.0077356	843.51	997.84	2.6954	0.98902	1.2358	448.45	0.064248	3.683e-05	0.060487	supercritical
793.0	202.75	131.29	0.0076167	843.15	997.58	2.6919	0.9892	1.2368	448.99	0.06376	3.6874e-05	0.060559	supercritical
793.0	206.0	133.3	0.0075016	842.79	997.32	2.6885	0.98937	1.2378	449.52	0.063273	3.6918e-05	0.060631	supercritical
793.0	209.25	135.31	0.0073902	842.43	997.07	2.6851	0.98955	1.2388	450.06	0.062786	3.6962e-05	0.060703	supercritical
793.0	212.5	137.32	0.0072822	842.07	996.82	2.6818	0.98972	1.2398	450.61	0.062301	3.7006e-05	0.060775	supercritical
793.0	215.75	139.32	0.0071775	841.71	996.57	2.6785	0.9899	1.2408	451.16	0.061816	3.7051e-05	0.060848	supercritical
793.0	219.0	141.32	0.0070759	841.36	996.32	2.6753	0.99007	1.2418	451.71	0.061331	3.7096e-05	0.060922	supercritical
793.0	222.25	143.32	0.0069774	841.0	996.07	2.6721	0.99025	1.2427	452.26	0.060848	3.7142e-05	0.060995	supercritical
793.0	225.5	145.31	0.0068817	840.64	995.83	2.6689	0.99042	1.2437	452.82	0.060365	3.7188e-05	0.061069	supercritical
793.0	228.75	147.3	0.0067888	840.29	995.58	2.6658	0.9906	1.2447	453.38	0.059883	3.7234e-05	0.061144	supercritical
793.0	232.0	149.29	0.0066986	839.94	995.34	2.6628	0.99077	1.2456	453.95	0.059402	3.728e-05	0.061218	supercritical
793.0	235.25	151.27	0.0066108	839.58	995.1	2.6597	0.99094	1.2466	454.52	0.058921	3.7327e-05	0.061293	supercritical
793.0	238.5	153.24	0.0065256	839.23	994.87	2.6567	0.99111	1.2476	455.09	0.058442	3.7374e-05	0.061369	supercritical
793.0	241.75	155.22	0.0064426	838.88	994.63	2.6538	0.99128	1.2485	455.67	0.057963	3.7422e-05	0.061445	supercritical
793.0	245.0	157.19	0.0063619	838.53	994.4	2.6509	0.99145	1.2494	456.25	0.057485	3.747e-05	0.061521	supercritical
793.0	248.25	159.15	0.0062833	838.18	994.16	2.648	0.99162	1.2504	456.83	0.057008	3.7518e-05	0.061598	supercritical
793.0	251.5	161.11	0.0062068	837.83	993.93	2.6451	0.99179	1.2513	457.42	0.056532	3.7566e-05	0.061675	supercritical
793.0	254.75	163.07	0.0061323	837.48	993.7	2.6423	0.99196	1.2522	458.01	0.056057	3.7615e-05	0.061753	supercritical
793.0	258.0	165.03	0.0060597	837.14	993.48	2.6395	0.99213	1.2532	458.61	0.055582	3.7664e-05	0.061831	supercritical
793.0	261.25	166.98	0.0059889	836.79	993.25	2.6368	0.9923	1.2541	459.21	0.055109	3.7714e-05	0.06191	supercritical
793.0	264.5	168.92	0.0059199	836.44	993.03	2.6341	0.99246	1.255	459.81	0.054636	3.7763e-05	0.061989	supercritical
793.0	267.75	170.86	0.0058527	836.1	992.8	2.6314	0.99263	1.2559	460.41	0.054164	3.7814e-05	0.062068	supercritical
793.0	271.0	172.8	0.005787	835.76	992.58	2.6287	0.9928	1.2568	461.02	0.053694	3.7864e-05	0.062148	supercritical
793.0	274.25	174.73	0.005723	835.41	992.37	2.6261	0.99296	1.2577	461.64	0.053224	3.7915e-05	0.062228	supercritical
793.0	277.5	176.66	0.0056605	835.07	992.15	2.6235	0.99313	1.2586	462.25	0.052755	3.7966e-05	0.062309	supercritical
793.0	280.75	178.59	0.0055994	834.73	991.93	2.6209	0.99329	1.2594	462.87	0.052288	3.8017e-05	0.06239	supercritical
793.0	284.0	180.51	0.0055398	834.39	991.72	2.6183	0.99346	1.2603	463.5	0.051821	3.8069e-05	0.062472	supercritical
793.0	287.25	182.43	0.0054816	834.05	991.51	2.6158	0.99362	1.2612	464.12	0.051356	3.8121e-05	0.062554	supercritical
793.0	290.5	184.34	0.0054247	833.71	991.3	2.6133	0.99378	1.2621	464.75	0.050891	3.8174e-05	0.062637	supercritical
793.0	293.75	186.25	0.0053692	833.37	991.09	2.6108	0.99395	1.2629	465.39	0.050428	3.8227e-05	0.06272	supercritical
793.0	297.0	188.15	0.0053148	833.04	990.89	2.6084	0.99411	1.2638	466.02	0.049965	3.828e-05	0.062803	supercritical
793.0	300.25	190.05	0.0052617	832.7	990.68	2.606	0.99427	1.2646	466.66	0.049504	3.8333e-05	0.062887	supercritical
793.0	303.5	191.95	0.0052097	832.37	990.48	2.6036	0.99443	1.2655	467.31	0.049044	3.8387e-05	0.062971	supercritical
793.0	306.75	193.84	0.0051588	832.03	990.28	2.6012	0.99459	1.2663	467.95	0.048586	3.8441e-05	0.063056	supercritical
793.0	310.0	195.73	0.0051091	831.7	990.08	2.5988	0.99475	1.2671	468.6	0.048128	3.8495e-05	0.063142	supercritical
793.0	313.25	197.61	0.0050604	831.36	989.88	2.5965	0.99491	1.268	469.26	0.047672	3.855e-05	0.063227	supercritical
793.0	316.5	199.49	0.0050128	831.03	989.69	2.5942	0.99507	1.2688	469.92	0.047216	3.8605e-05	0.063314	supercritical
793.0	319.75	201.37	0.0049661	830.7	989.49	2.5919	0.99523	1.2696	470.58	0.046763	3.8661e-05	0.0634	supercritical
793.0	323.0	203.24	0.0049204	830.37	989.3	2.5896	0.99539	1.2704	471.24	0.04631	3.8716e-05	0.063487	supercritical
793.0	326.25	205.1	0.0048756	830.04	989.11	2.5874	0.99555	1.2712	471.91	0.045859	3.8773e-05	0.063575	supercritical
793.0	329.5	206.96	0.0048318	829.71	988.92	2.5852	0.9957	1.272	472.58	0.045409	3.8829e-05	0.063663	supercritical
793.0	332.75	208.82	0.0047888	829.39	988.73	2.5829	0.99586	1.2728	473.25	0.04496	3.8886e-05	0.063751	supercritical
793.0	336.0	210.67	0.0047467	829.06	988.55	2.5808	0.99602	1.2736	473.93	0.044513	3.8943e-05	0.06384	supercritical
793.0	339.25	212.52	0.0047054	828.73	988.37	2.5786	0.99617	1.2744	474.61	0.044067	3.9e-05	0.063929	supercritical
793.0	342.5	214.36	0.004665	828.41	988.18	2.5764	0.99633	1.2752	475.29	0.043623	3.9058e-05	0.064019	supercritical
793.0	345.75	216.2	0.0046253	828.08	988.0	2.5743	0.99648	1.2759	475.98	0.04318	3.9116e-05	0.064109	supercritical
793.0	349.0	218.04	0.0045864	827.76	987.83	2.5722	0.99664	1.2767	476.67	0.042739	3.9174e-05	0.0642	supercritical
793.0	352.25	219.87	0.0045482	827.44	987.65	2.5701	0.99679	1.2775	477.36	0.042299	3.9233e-05	0.064291	supercritical
793.0	355.5	221.69	0.0045108	827.12	987.48	2.568	0.99695	1.2782	478.06	0.04186	3.9292e-05	0.064382	supercritical
793.0	358.75	223.51	0.004474	826.8	987.3	2.566	0.9971	1.279	478.75	0.041423	3.9351e-05	0.064474	supercritical
793.0	362.0	225.33	0.0044379	826.48	987.13	2.5639	0.99725	1.2797	479.46	0.040988	3.9411e-05	0.064566	supercritical
793.0	365.25	227.14	0.0044025	826.16	986.96	2.5619	0.9974	1.2804	480.16	0.040554	3.9471e-05	0.064659	supercritical
793.0	368.5	228.95	0.0043678	825.84	986.79	2.5599	0.99756	1.2812	480.87	0.040122	3.9531e-05	0.064752	supercritical
793.0	371.75	230.75	0.0043337	825.52	986.63	2.5579	0.99771	1.2819	481.58	0.039691	3.9592e-05	0.064845	supercritical
793.0	375.0	232.55	0.0043001	825.21	986.46	2.5559	0.99786	1.2826	482.29	0.039262	3.9652e-05	0.064939	supercritical
793.0	378.25	234.34	0.0042672	824.89	986.3	2.554	0.99801	1.2834	483.01	0.038835	3.9714e-05	0.065033	supercritical
793.0	381.5	236.13	0.0042349	824.58	986.14	2.552	0.99816	1.2841	483.73	0.038409	3.9775e-05	0.065128	supercritical
793.0	384.75	237.92	0.0042031	824.26	985.98	2.5501	0.99831	1.2848	484.45	0.037985	3.9837e-05	0.065223	supercritical
793.0	388.0	239.7	0.0041719	823.95	985.82	2.5482	0.99846	1.2855	485.18	0.037562	3.9899e-05	0.065318	supercritical
793.0	391.25	241.47	0.0041413	823.64	985.67	2.5463	0.9986	1.2862	485.91	0.037142	3.9961e-05	0.065414	supercritical
793.0	394.5	243.24	0.0041111	823.33	985.51	2.5444	0.99875	1.2869	486.64	0.036723	4.0024e-05	0.06551	supercritical
793.0	397.75	245.01	0.0040815	823.02	985.36	2.5425	0.9989	1.2876	487.37	0.036305	4.0087e-05	0.065606	supercritical
793.0	401.0	246.77	0.0040523	822.71	985.21	2.5407	0.99905	1.2882	488.11	0.03589	4.015e-05	0.065703	supercritical
793.0	404.25	248.53	0.0040237	822.4	985.06	2.5388	0.99919	1.2889	488.84	0.035476	4.0214e-05	0.0658	supercritical
793.0	407.5	250.28	0.0039955	822.09	984.91	2.537	0.99934	1.2896	489.59	0.035064	4.0278e-05	0.065897	supercritical
793.0	410.75	252.03	0.0039678	821.78	984.76	2.5352	0.99949	1.2903	490.33	0.034654	4.0342e-05	0.065995	supercritical
793.0	414.0	253.77	0.0039406	821.48	984.62	2.5334	0.99963	1.2909	491.08	0.034246	4.0407e-05	0.066093	supercritical
793.0	417.25	255.51	0.0039138	821.17	984.48	2.5316	0.99978	1.2916	491.83	0.033839	4.0471e-05	0.066192	supercritical
793.0	420.5	257.24	0.0038874	820.87	984.34	2.5298	0.99992	1.2922	492.58	0.033435	4.0537e-05	0.06629	supercritical
793.0	423.75	258.97	0.0038615	820.57	984.2	2.528	1.0001	1.2929	493.33	0.033032	4.0602e-05	0.066389	supercritical
793.0	427.0	260.69	0.0038359	820.26	984.06	2.5263	1.0002	1.2935	494.09	0.032631	4.0668e-05	0.066489	supercritical
793.0	430.25	262.41	0.0038108	819.96	983.92	2.5245	1.0004	1.2942	494.85	0.032232	4.0734e-05	0.066589	supercritical
793.0	433.5	264.13	0.003786	819.66	983.79	2.5228	1.0005	1.2948	495.61	0.031835	4.08e-05	0.066689	supercritical
793.0	436.75	265.84	0.0037617	819.36	983.65	2.5211	1.0006	1.2954	496.37	0.031439	4.0866e-05	0.066789	supercritical
793.0	440.0	267.54	0.0037377	819.06	983.52	2.5194	1.0008	1.296	497.14	0.031046	4.0933e-05	0.066889	supercritical
793.0	443.25	269.24	0.0037141	818.76	983.39	2.5177	1.0009	1.2967	497.91	0.030655	4.1e-05	0.06699	supercritical
793.0	446.5	270.94	0.0036909	818.47	983.26	2.516	1.0011	1.2973	498.68	0.030265	4.1068e-05	0.067091	supercritical
793.0	449.75	272.63	0.003668	818.17	983.14	2.5144	1.0012	1.2979	499.45	0.029877	4.1135e-05	0.067193	supercritical
793.0	453.0	274.32	0.0036454	817.87	983.01	2.5127	1.0013	1.2985	500.23	0.029492	4.1203e-05	0.067295	supercritical
793.0	456.25	276.0	0.0036232	817.58	982.89	2.5111	1.0015	1.2991	501.0	0.029108	4.1272e-05	0.067396	supercritical
793.0	459.5	277.68	0.0036013	817.29	982.77	2.5094	1.0016	1.2997	501.78	0.028726	4.134e-05	0.067499	supercritical
793.0	462.75	279.35	0.0035798	816.99	982.64	2.5078	1.0018	1.3003	502.57	0.028347	4.1409e-05	0.067601	supercritical
793.0	466.0	281.02	0.0035585	816.7	982.53	2.5062	1.0019	1.3009	503.35	0.027969	4.1478e-05	0.067704	supercritical
793.0	469.25	282.68	0.0035376	816.41	982.41	2.5046	1.002	1.3014	504.14	0.027593	4.1547e-05	0.067807	supercritical
793.0	472.5	284.34	0.0035169	816.12	982.29	2.503	1.0022	1.302	504.92	0.027219	4.1617e-05	0.06791	supercritical
793.0	475.75	285.99	0.0034966	815.83	982.18	2.5014	1.0023	1.3026	505.71	0.026848	4.1687e-05	0.068013	supercritical
793.0	479.0	287.64	0.0034765	815.54	982.07	2.4998	1.0025	1.3032	506.51	0.026478	4.1757e-05	0.068117	supercritical
793.0	482.25	289.29	0.0034568	815.25	981.95	2.4983	1.0026	1.3037	507.3	0.02611	4.1827e-05	0.068221	supercritical
793.0	485.5	290.93	0.0034373	814.96	981.84	2.4967	1.0027	1.3043	508.1	0.025744	4.1898e-05	0.068325	supercritical
793.0	488.75	292.56	0.0034181	814.68	981.74	2.4952	1.0029	1.3049	508.89	0.025381	4.1968e-05	0.068429	supercritical
793.0	492.0	294.19	0.0033991	814.39	981.63	2.4937	1.003	1.3054	509.69	0.025019	4.204e-05	0.068533	supercritical
793.0	495.25	295.82	0.0033805	814.11	981.52	2.4921	1.0031	1.306	510.5	0.024659	4.2111e-05	0.068638	supercritical
793.0	498.5	297.44	0.003362	813.82	981.42	2.4906	1.0033	1.3065	511.3	0.024302	4.2183e-05	0.068743	supercritical
793.0	501.75	299.06	0.0033439	813.54	981.32	2.4891	1.0034	1.307	512.1	0.023946	4.2255e-05	0.068848	supercritical
793.0	505.0	300.67	0.0033259	813.26	981.22	2.4876	1.0035	1.3076	512.91	0.023592	4.2327e-05	0.068953	supercritical
793.0	508.25	302.27	0.0033082	812.97	981.12	2.4861	1.0037	1.3081	513.72	0.023241	4.2399e-05	0.069058	supercritical
793.0	511.5	303.88	0.0032908	812.69	981.02	2.4847	1.0038	1.3086	514.53	0.022891	4.2472e-05	0.069163	supercritical
793.0	514.75	305.48	0.0032736	812.41	980.92	2.4832	1.0039	1.3092	515.34	0.022544	4.2545e-05	0.069269	supercritical
793.0	518.0	307.07	0.0032566	812.13	980.83	2.4817	1.0041	1.3097	516.15	0.022198	4.2618e-05	0.069375	supercritical
793.0	521.25	308.66	0.0032398	811.86	980.73	2.4803	1.0042	1.3102	516.97	0.021855	4.2691e-05	0.069481	supercritical
793.0	524.5	310.24	0.0032233	811.58	980.64	2.4789	1.0043	1.3107	517.78	0.021513	4.2765e-05	0.069587	supercritical
793.0	527.75	311.82	0.003207	811.3	980.55	2.4774	1.0045	1.3112	518.6	0.021174	4.2839e-05	0.069693	supercritical
793.0	531.0	313.4	0.0031908	811.03	980.46	2.476	1.0046	1.3117	519.42	0.020837	4.2913e-05	0.0698	supercritical
793.0	534.25	314.97	0.0031749	810.75	980.37	2.4746	1.0047	1.3122	520.24	0.020501	4.2987e-05	0.069906	supercritical
793.0	537.5	316.53	0.0031592	810.48	980.28	2.4732	1.0049	1.3127	521.06	0.020168	4.3061e-05	0.070013	supercritical
793.0	540.75	318.1	0.0031437	810.2	980.2	2.4718	1.005	1.3132	521.89	0.019837	4.3136e-05	0.070119	supercritical
793.0	544.0	319.65	0.0031284	809.93	980.12	2.4704	1.0051	1.3137	522.71	0.019508	4.3211e-05	0.070226	supercritical
793.0	547.25	321.2	0.0031133	809.66	980.03	2.469	1.0053	1.3142	523.54	0.01918	4.3287e-05	0.070333	supercritical
793.0	550.5	322.75	0.0030984	809.39	979.95	2.4676	1.0054	1.3147	524.37	0.018855	4.3362e-05	0.07044	supercritical
793.0	553.75	324.3	0.0030836	809.12	979.87	2.4663	1.0055	1.3152	525.2	0.018532	4.3438e-05	0.070547	supercritical
793.0	557.0	325.83	0.003069	808.85	979.79	2.4649	1.0056	1.3156	526.03	0.018211	4.3514e-05	0.070655	supercritical
793.0	560.25	327.37	0.0030547	808.58	979.72	2.4635	1.0058	1.3161	526.86	0.017891	4.359e-05	0.070762	supercritical
793.0	563.5	328.9	0.0030405	808.31	979.64	2.4622	1.0059	1.3166	527.69	0.017574	4.3666e-05	0.070869	supercritical
793.0	566.75	330.42	0.0030264	808.04	979.57	2.4609	1.006	1.317	528.52	0.017259	4.3743e-05	0.070977	supercritical
793.0	570.0	331.94	0.0030125	807.78	979.49	2.4595	1.0062	1.3175	529.36	0.016946	4.3819e-05	0.071084	supercritical
793.0	573.25	333.46	0.0029988	807.51	979.42	2.4582	1.0063	1.318	530.2	0.016635	4.3896e-05	0.071192	supercritical
793.0	576.5	334.97	0.0029853	807.25	979.35	2.4569	1.0064	1.3184	531.03	0.016325	4.3974e-05	0.0713	supercritical
793.0	579.75	336.48	0.0029719	806.98	979.28	2.4556	1.0065	1.3189	531.87	0.016018	4.4051e-05	0.071407	supercritical
793.0	583.0	337.98	0.0029587	806.72	979.21	2.4543	1.0067	1.3193	532.71	0.015713	4.4129e-05	0.071515	supercritical
793.0	586.25	339.48	0.0029457	806.46	979.15	2.453	1.0068	1.3198	533.55	0.015409	4.4206e-05	0.071623	supercritical
793.0	589.5	340.98	0.0029327	806.19	979.08	2.4517	1.0069	1.3202	534.39	0.015108	4.4284e-05	0.071731	supercritical
793.0	592.75	342.47	0.00292	805.93	979.02	2.4504	1.007	1.3207	535.23	0.014808	4.4363e-05	0.071839	supercritical
793.0	596.0	343.95	0.0029074	805.67	978.95	2.4491	1.0072	1.3211	536.08	0.014511	4.4441e-05	0.071947	supercritical
793.0	599.25	345.43	0.0028949	805.41	978.89	2.4479	1.0073	1.3215	536.92	0.014215	4.452e-05	0.072055	supercritical
793.0	602.5	346.91	0.0028826	805.16	978.83	2.4466	1.0074	1.322	537.77	0.013922	4.4599e-05	0.072163	supercritical
793.0	605.75	348.38	0.0028704	804.9	978.77	2.4454	1.0075	1.3224	538.61	0.01363	4.4678e-05	0.072271	supercritical
793.0	609.0	349.85	0.0028584	804.64	978.71	2.4441	1.0077	1.3228	539.46	0.01334	4.4757e-05	0.072379	supercritical
793.0	612.25	351.32	0.0028464	804.38	978.66	2.4429	1.0078	1.3232	540.31	0.013052	4.4836e-05	0.072488	supercritical
793.0	615.5	352.78	0.0028347	804.13	978.6	2.4416	1.0079	1.3237	541.15	0.012766	4.4916e-05	0.072596	supercritical
793.0	618.75	354.23	0.002823	803.87	978.55	2.4404	1.008	1.3241	542.0	0.012482	4.4996e-05	0.072704	supercritical
793.0	622.0	355.68	0.0028115	803.62	978.49	2.4392	1.0082	1.3245	542.85	0.012199	4.5076e-05	0.072812	supercritical
793.0	625.25	357.13	0.0028001	803.37	978.44	2.438	1.0083	1.3249	543.7	0.011919	4.5156e-05	0.07292	supercritical
793.0	628.5	358.57	0.0027889	803.11	978.39	2.4368	1.0084	1.3253	544.55	0.01164	4.5236e-05	0.073028	supercritical
793.0	631.75	360.01	0.0027777	802.86	978.34	2.4356	1.0085	1.3257	545.41	0.011363	4.5317e-05	0.073137	supercritical
793.0	635.0	361.44	0.0027667	802.61	978.29	2.4344	1.0087	1.3261	546.26	0.011088	4.5398e-05	0.073245	supercritical
793.0	638.25	362.87	0.0027558	802.36	978.25	2.4332	1.0088	1.3265	547.11	0.010815	4.5479e-05	0.073353	supercritical
793.0	641.5	364.3	0.002745	802.11	978.2	2.432	1.0089	1.3269	547.97	0.010544	4.556e-05	0.073461	supercritical
793.0	644.75	365.72	0.0027343	801.86	978.16	2.4308	1.009	1.3273	548.82	0.010275	4.5641e-05	0.073569	supercritical
793.0	648.0	367.14	0.0027238	801.61	978.11	2.4296	1.0091	1.3277	549.68	0.010007	4.5722e-05	0.073677	supercritical
793.0	651.25	368.55	0.0027133	801.36	978.07	2.4285	1.0093	1.3281	550.53	0.009741	4.5804e-05	0.073786	supercritical
793.0	654.5	369.96	0.002703	801.12	978.03	2.4273	1.0094	1.3285	551.39	0.0094769	4.5886e-05	0.073894	supercritical
793.0	657.75	371.36	0.0026928	800.87	977.99	2.4262	1.0095	1.3288	552.24	0.0092145	4.5968e-05	0.074002	supercritical
793.0	661.0	372.76	0.0026827	800.62	977.95	2.425	1.0096	1.3292	553.1	0.0089539	4.605e-05	0.07411	supercritical
793.0	664.25	374.16	0.0026726	800.38	977.91	2.4239	1.0097	1.3296	553.96	0.008695	4.6132e-05	0.074218	supercritical
793.0	667.5	375.55	0.0026627	800.14	977.87	2.4227	1.0099	1.33	554.82	0.0084379	4.6215e-05	0.074326	supercritical
793.0	670.75	376.94	0.0026529	799.89	977.84	2.4216	1.01	1.3304	555.67	0.0081825	4.6297e-05	0.074434	supercritical
793.0	674.0	378.33	0.0026432	799.65	977.8	2.4205	1.0101	1.3307	556.53	0.0079288	4.638e-05	0.074541	supercritical
793.0	677.25	379.71	0.0026336	799.41	977.77	2.4193	1.0102	1.3311	557.39	0.0076768	4.6463e-05	0.074649	supercritical
793.0	680.5	381.08	0.0026241	799.17	977.74	2.4182	1.0103	1.3315	558.25	0.0074265	4.6546e-05	0.074757	supercritical
793.0	683.75	382.46	0.0026147	798.93	977.7	2.4171	1.0105	1.3318	559.11	0.0071779	4.663e-05	0.074865	supercritical
793.0	687.0	383.82	0.0026054	798.69	977.67	2.416	1.0106	1.3322	559.97	0.0069309	4.6713e-05	0.074972	supercritical
793.0	690.25	385.19	0.0025961	798.45	977.64	2.4149	1.0107	1.3325	560.83	0.0066856	4.6797e-05	0.07508	supercritical
793.0	693.5	386.55	0.002587	798.21	977.62	2.4138	1.0108	1.3329	561.69	0.006442	4.688e-05	0.075188	supercritical
793.0	696.75	387.9	0.002578	797.97	977.59	2.4127	1.0109	1.3333	562.56	0.0062	4.6964e-05	0.075295	supercritical
793.0	700.0	389.26	0.002569	797.73	977.56	2.4116	1.0111	1.3336	563.42	0.0059596	4.7048e-05	0.075403	supercritical
793.0	703.25	390.61	0.0025601	797.5	977.54	2.4105	1.0112	1.334	564.28	0.0057208	4.7133e-05	0.07551	supercritical
793.0	706.5	391.95	0.0025513	797.26	977.51	2.4094	1.0113	1.3343	565.14	0.0054836	4.7217e-05	0.075617	supercritical
793.0	709.75	393.29	0.0025426	797.02	977.49	2.4084	1.0114	1.3346	566.0	0.0052481	4.7302e-05	0.075724	supercritical
793.0	713.0	394.63	0.002534	796.79	977.47	2.4073	1.0115	1.335	566.87	0.005014	4.7386e-05	0.075832	supercritical
793.0	716.25	395.96	0.0025255	796.56	977.45	2.4062	1.0116	1.3353	567.73	0.0047816	4.7471e-05	0.075939	supercritical
793.0	719.5	397.29	0.0025171	796.32	977.43	2.4052	1.0118	1.3357	568.59	0.0045507	4.7556e-05	0.076046	supercritical
793.0	722.75	398.61	0.0025087	796.09	977.41	2.4041	1.0119	1.336	569.46	0.0043214	4.7641e-05	0.076153	supercritical
793.0	726.0	399.94	0.0025004	795.86	977.39	2.4031	1.012	1.3363	570.32	0.0040936	4.7726e-05	0.076259	supercritical
793.0	729.25	401.25	0.0024922	795.63	977.37	2.402	1.0121	1.3367	571.18	0.0038673	4.7812e-05	0.076366	supercritical
793.0	732.5	402.57	0.0024841	795.4	977.35	2.401	1.0122	1.337	572.05	0.0036425	4.7897e-05	0.076473	supercritical
793.0	735.75	403.88	0.002476	795.17	977.34	2.4	1.0123	1.3373	572.91	0.0034193	4.7983e-05	0.076579	supercritical
793.0	739.0	405.18	0.002468	794.94	977.32	2.3989	1.0124	1.3377	573.78	0.0031975	4.8069e-05	0.076686	supercritical
793.0	742.25	406.49	0.0024601	794.71	977.31	2.3979	1.0126	1.338	574.64	0.0029772	4.8155e-05	0.076792	supercritical
793.0	745.5	407.78	0.0024523	794.48	977.3	2.3969	1.0127	1.3383	575.5	0.0027583	4.8241e-05	0.076899	supercritical
793.0	748.75	409.08	0.0024445	794.25	977.29	2.3959	1.0128	1.3386	576.37	0.002541	4.8327e-05	0.077005	supercritical
793.0	752.0	410.37	0.0024368	794.03	977.28	2.3948	1.0129	1.3389	577.23	0.002325	4.8413e-05	0.077111	supercritical
793.0	755.25	411.66	0.0024292	793.8	977.27	2.3938	1.013	1.3393	578.1	0.0021105	4.85e-05	0.077217	supercritical
793.0	758.5	412.94	0.0024216	793.58	977.26	2.3928	1.0131	1.3396	578.96	0.0018974	4.8586e-05	0.077323	supercritical
793.0	761.75	414.22	0.0024142	793.35	977.25	2.3918	1.0132	1.3399	579.83	0.0016857	4.8673e-05	0.077429	supercritical
793.0	765.0	415.5	0.0024067	793.13	977.24	2.3908	1.0134	1.3402	580.69	0.0014755	4.876e-05	0.077534	supercritical
793.0	768.25	416.77	0.0023994	792.9	977.24	2.3898	1.0135	1.3405	581.55	0.0012666	4.8847e-05	0.07764	supercritical
793.0	771.5	418.04	0.0023921	792.68	977.23	2.3889	1.0136	1.3408	582.42	0.001059	4.8934e-05	0.077745	supercritical
793.0	774.75	419.31	0.0023849	792.46	977.23	2.3879	1.0137	1.3411	583.28	0.00085288	4.9021e-05	0.077851	supercritical
793.0	778.0	420.57	0.0023777	792.24	977.23	2.3869	1.0138	1.3414	584.15	0.00064807	4.9109e-05	0.077956	supercritical
793.0	781.25	421.83	0.0023706	792.02	977.22	2.3859	1.0139	1.3417	585.01	0.00044461	4.9196e-05	0.078061	supercritical
793.0	784.5	423.08	0.0023636	791.8	977.22	2.3849	1.014	1.342	585.88	0.00024248	4.9284e-05	0.078166	supercritical
793.0	787.75	424.33	0.0023566	791.58	977.22	2.384	1.0141	1.3423	586.74	4.1672e-05	4.9371e-05	0.078271	supercritical
793.0	791.0	425.58	0.0023497	791.36	977.22	2.383	1.0143	1.3426	587.6	-0.00015783	4.9459e-05	0.078376	supercritical
793.0	794.25	426.82	0.0023429	791.14	977.22	2.3821	1.0144	1.3429	588.47	-0.00035603	4.9547e-05	0.078481	supercritical
793.0	797.5	428.07	0.0023361	790.92	977.22	2.3811	1.0145	1.3432	589.33	-0.00055294	4.9635e-05	0.078585	supercritical
793.0	800.75	429.3	0.0023294	790.7	977.23	2.3801	1.0146	1.3435	590.2	-0.00074858	4.9723e-05	0.07869	supercritical
793.0	804.0	430.54	0.0023227	790.49	977.23	2.3792	1.0147	1.3437	591.06	-0.00094294	4.9812e-05	0.078794	supercritical
793.0	807.25	431.77	0.0023161	790.27	977.24	2.3782	1.0148	1.344	591.92	-0.0011361	4.99e-05	0.078898	supercritical
793.0	810.5	432.99	0.0023095	790.06	977.24	2.3773	1.0149	1.3443	592.79	-0.0013279	4.9988e-05	0.079002	supercritical
793.0	813.75	434.22	0.002303	789.84	977.25	2.3764	1.015	1.3446	593.65	-0.0015186	5.0077e-05	0.079106	supercritical
793.0	817.0	435.44	0.0022965	789.63	977.25	2.3754	1.0151	1.3449	594.52	-0.001708	5.0166e-05	0.07921	supercritical
793.0	820.25	436.65	0.0022901	789.41	977.26	2.3745	1.0153	1.3452	595.38	-0.0018962	5.0255e-05	0.079314	supercritical
793.0	823.5	437.87	0.0022838	789.2	977.27	2.3736	1.0154	1.3454	596.24	-0.0020831	5.0344e-05	0.079418	supercritical
793.0	826.75	439.08	0.0022775	788.99	977.28	2.3727	1.0155	1.3457	597.11	-0.0022689	5.0433e-05	0.079521	supercritical
793.0	830.0	440.28	0.0022713	788.77	977.29	2.3717	1.0156	1.346	597.97	-0.0024535	5.0522e-05	0.079624	supercritical
793.0	833.25	441.49	0.0022651	788.56	977.3	2.3708	1.0157	1.3463	598.83	-0.002637	5.0611e-05	0.079728	supercritical
793.0	836.5	442.68	0.0022589	788.35	977.31	2.3699	1.0158	1.3465	599.69	-0.0028192	5.07e-05	0.079831	supercritical
793.0	839.75	443.88	0.0022529	788.14	977.33	2.369	1.0159	1.3468	600.56	-0.0030004	5.079e-05	0.079934	supercritical
793.0	843.0	445.07	0.0022468	787.93	977.34	2.3681	1.016	1.3471	601.42	-0.0031803	5.0879e-05	0.080036	supercritical
793.0	846.25	446.26	0.0022408	787.72	977.35	2.3672	1.0161	1.3473	602.28	-0.0033592	5.0969e-05	0.080139	supercritical
793.0	849.5	447.45	0.0022349	787.52	977.37	2.3663	1.0162	1.3476	603.14	-0.0035369	5.1059e-05	0.080242	supercritical
793.0	852.75	448.63	0.002229	787.31	977.38	2.3654	1.0163	1.3478	604.0	-0.0037135	5.1149e-05	0.080344	supercritical
793.0	856.0	449.81	0.0022231	787.1	977.4	2.3645	1.0165	1.3481	604.86	-0.003889	5.1238e-05	0.080446	supercritical
793.0	859.25	450.99	0.0022173	786.89	977.42	2.3636	1.0166	1.3484	605.73	-0.0040634	5.1328e-05	0.080549	supercritical
793.0	862.5	452.16	0.0022116	786.69	977.44	2.3627	1.0167	1.3486	606.59	-0.0042367	5.1419e-05	0.080651	supercritical
793.0	865.75	453.33	0.0022059	786.48	977.46	2.3619	1.0168	1.3489	607.45	-0.0044089	5.1509e-05	0.080752	supercritical
793.0	869.0	454.5	0.0022002	786.28	977.48	2.361	1.0169	1.3491	608.31	-0.0045801	5.1599e-05	0.080854	supercritical
793.0	872.25	455.66	0.0021946	786.07	977.5	2.3601	1.017	1.3494	609.17	-0.0047502	5.1689e-05	0.080956	supercritical
793.0	875.5	456.82	0.002189	785.87	977.52	2.3592	1.0171	1.3496	610.03	-0.0049192	5.178e-05	0.081057	supercritical
793.0	878.75	457.98	0.0021835	785.66	977.54	2.3584	1.0172	1.3499	610.89	-0.0050872	5.1871e-05	0.081159	supercritical
793.0	882.0	459.13	0.002178	785.46	977.56	2.3575	1.0173	1.3501	611.75	-0.0052542	5.1961e-05	0.08126	supercritical
793.0	885.25	460.29	0.0021726	785.26	977.59	2.3566	1.0174	1.3504	612.6	-0.0054202	5.2052e-05	0.081361	supercritical
793.0	888.5	461.43	0.0021672	785.06	977.61	2.3558	1.0175	1.3506	613.46	-0.0055851	5.2143e-05	0.081462	supercritical
793.0	891.75	462.58	0.0021618	784.86	977.63	2.3549	1.0176	1.3509	614.32	-0.0057491	5.2234e-05	0.081562	supercritical
793.0	895.0	463.72	0.0021565	784.66	977.66	2.3541	1.0177	1.3511	615.18	-0.005912	5.2325e-05	0.081663	supercritical
793.0	898.25	464.86	0.0021512	784.46	977.69	2.3532	1.0179	1.3513	616.04	-0.0060739	5.2416e-05	0.081764	supercritical
793.0	901.5	465.99	0.002146	784.26	977.71	2.3524	1.018	1.3516	616.9	-0.0062349	5.2507e-05	0.081864	supercritical
793.0	904.75	467.13	0.0021407	784.06	977.74	2.3515	1.0181	1.3518	617.75	-0.0063949	5.2598e-05	0.081964	supercritical
793.0	908.0	468.26	0.0021356	783.86	977.77	2.3507	1.0182	1.352	618.61	-0.0065539	5.2689e-05	0.082064	supercritical
793.0	911.25	469.38	0.0021305	783.66	977.8	2.3499	1.0183	1.3523	619.47	-0.006712	5.2781e-05	0.082164	supercritical
793.0	914.5	470.51	0.0021254	783.46	977.83	2.349	1.0184	1.3525	620.32	-0.0068691	5.2872e-05	0.082264	supercritical
793.0	917.75	471.63	0.0021203	783.27	977.86	2.3482	1.0185	1.3527	621.18	-0.0070253	5.2964e-05	0.082363	supercritical
793.0	921.0	472.74	0.0021153	783.07	977.89	2.3474	1.0186	1.353	622.04	-0.0071806	5.3055e-05	0.082463	supercritical
793.0	924.25	473.86	0.0021103	782.87	977.92	2.3465	1.0187	1.3532	622.89	-0.0073349	5.3147e-05	0.082562	supercritical
793.0	927.5	474.97	0.0021054	782.68	977.95	2.3457	1.0188	1.3534	623.75	-0.0074883	5.3239e-05	0.082661	supercritical
793.0	930.75	476.08	0.0021005	782.48	977.99	2.3449	1.0189	1.3536	624.6	-0.0076408	5.3331e-05	0.082761	supercritical
793.0	934.0	477.18	0.0020956	782.29	978.02	2.3441	1.019	1.3539	625.45	-0.0077924	5.3423e-05	0.082859	supercritical
793.0	937.25	478.28	0.0020908	782.1	978.06	2.3433	1.0191	1.3541	626.31	-0.0079431	5.3515e-05	0.082958	supercritical
793.0	940.5	479.38	0.002086	781.9	978.09	2.3424	1.0192	1.3543	627.16	-0.008093	5.3607e-05	0.083057	supercritical
793.0	943.75	480.48	0.0020813	781.71	978.13	2.3416	1.0193	1.3545	628.02	-0.0082419	5.3699e-05	0.083155	supercritical
793.0	947.0	481.57	0.0020765	781.52	978.16	2.3408	1.0194	1.3548	628.87	-0.00839	5.3791e-05	0.083254	supercritical
793.0	950.25	482.66	0.0020718	781.33	978.2	2.34	1.0195	1.355	629.72	-0.0085372	5.3883e-05	0.083352	supercritical
793.0	953.5	483.75	0.0020672	781.13	978.24	2.3392	1.0196	1.3552	630.57	-0.0086835	5.3976e-05	0.08345	supercritical
793.0	956.75	484.84	0.0020626	780.94	978.28	2.3384	1.0197	1.3554	631.43	-0.008829	5.4068e-05	0.083548	supercritical
793.0	960.0	485.92	0.002058	780.75	978.32	2.3376	1.0199	1.3556	632.28	-0.0089737	5.4161e-05	0.083645	supercritical
793.0	963.25	487.0	0.0020534	780.56	978.36	2.3368	1.02	1.3558	633.13	-0.0091175	5.4253e-05	0.083743	supercritical
793.0	966.5	488.07	0.0020489	780.37	978.4	2.3361	1.0201	1.356	633.98	-0.0092605	5.4346e-05	0.08384	supercritical
793.0	969.75	489.15	0.0020444	780.19	978.44	2.3353	1.0202	1.3562	634.83	-0.0094027	5.4439e-05	0.083938	supercritical
793.0	973.0	490.22	0.0020399	780.0	978.48	2.3345	1.0203	1.3564	635.68	-0.009544	5.4531e-05	0.084035	supercritical
793.0	976.25	491.29	0.0020355	779.81	978.52	2.3337	1.0204	1.3566	636.53	-0.0096846	5.4624e-05	0.084132	supercritical
793.0	979.5	492.35	0.0020311	779.62	978.57	2.3329	1.0205	1.3569	637.38	-0.0098243	5.4717e-05	0.084229	supercritical
793.0	982.75	493.41	0.0020267	779.44	978.61	2.3321	1.0206	1.3571	638.23	-0.0099633	5.481e-05	0.084326	supercritical
793.0	986.0	494.47	0.0020224	779.25	978.65	2.3314	1.0207	1.3573	639.08	-0.010101	5.4903e-05	0.084422	supercritical
793.0	989.25	495.53	0.002018	779.06	978.7	2.3306	1.0208	1.3575	639.92	-0.010239	5.4996e-05	0.084519	supercritical
793.0	992.5	496.58	0.0020138	778.88	978.74	2.3298	1.0209	1.3577	640.77	-0.010375	5.5089e-05	0.084615	supercritical
793.0	995.75	497.64	0.0020095	778.69	978.79	2.3291	1.021	1.3579	641.62	-0.010511	5.5182e-05	0.084711	supercritical
793.0	999.0	498.68	0.0020053	778.51	978.84	2.3283	1.0211	1.3581	642.46	-0.010646	5.5275e-05	0.084807	supercritical
793.0	1002.2	499.73	0.0020011	778.33	978.88	2.3275	1.0212	1.3582	643.31	-0.010781	5.5369e-05	0.084903	supercritical
793.0	1005.5	500.77	0.0019969	778.14	978.93	2.3268	1.0213	1.3584	644.16	-0.010914	5.5462e-05	0.084999	supercritical
793.0	1008.8	501.81	0.0019928	777.96	978.98	2.326	1.0214	1.3586	645.0	-0.011047	5.5555e-05	0.085094	supercritical
793.0	1012.0	502.85	0.0019887	777.78	979.03	2.3253	1.0215	1.3588	645.85	-0.011179	5.5649e-05	0.08519	supercritical
793.0	1015.2	503.89	0.0019846	777.6	979.08	2.3245	1.0216	1.359	646.69	-0.01131	5.5742e-05	0.085285	supercritical
793.0	1018.5	504.92	0.0019805	777.41	979.13	2.3238	1.0217	1.3592	647.54	-0.011441	5.5836e-05	0.08538	supercritical
793.0	1021.8	505.95	0.0019765	777.23	979.18	2.323	1.0218	1.3594	648.38	-0.011571	5.5929e-05	0.085475	supercritical
793.0	1025.0	506.98	0.0019725	777.05	979.23	2.3223	1.0219	1.3596	649.22	-0.0117	5.6023e-05	0.08557	supercritical
793.0	1028.2	508.0	0.0019685	776.87	979.28	2.3215	1.022	1.3598	650.07	-0.011828	5.6117e-05	0.085665	supercritical
793.0	1031.5	509.02	0.0019646	776.69	979.34	2.3208	1.0221	1.36	650.91	-0.011956	5.6211e-05	0.085759	supercritical
793.0	1034.8	510.04	0.0019606	776.51	979.39	2.3201	1.0222	1.3601	651.75	-0.012083	5.6304e-05	0.085854	supercritical
793.0	1038.0	511.06	0.0019567	776.34	979.44	2.3193	1.0223	1.3603	652.59	-0.012209	5.6398e-05	0.085948	supercritical
793.0	1041.2	512.07	0.0019528	776.16	979.5	2.3186	1.0224	1.3605	653.43	-0.012335	5.6492e-05	0.086042	supercritical
793.0	1044.5	513.08	0.001949	775.98	979.55	2.3179	1.0225	1.3607	654.27	-0.01246	5.6586e-05	0.086136	supercritical
793.0	1047.8	514.09	0.0019452	775.8	979.61	2.3171	1.0226	1.3609	655.11	-0.012584	5.668e-05	0.08623	supercritical
793.0	1051.0	515.1	0.0019414	775.63	979.66	2.3164	1.0227	1.361	655.95	-0.012708	5.6774e-05	0.086324	supercritical
793.0	1054.2	516.1	0.0019376	775.45	979.72	2.3157	1.0228	1.3612	656.79	-0.012831	5.6868e-05	0.086417	supercritical
793.0	1057.5	517.1	0.0019338	775.27	979.78	2.315	1.0229	1.3614	657.63	-0.012953	5.6962e-05	0.086511	supercritical
793.0	1060.8	518.1	0.0019301	775.1	979.83	2.3142	1.023	1.3616	658.47	-0.013074	5.7057e-05	0.086604	supercritical
793.0	1064.0	519.1	0.0019264	774.92	979.89	2.3135	1.0231	1.3617	659.31	-0.013195	5.7151e-05	0.086697	supercritical
793.0	1067.2	520.09	0.0019227	774.75	979.95	2.3128	1.0232	1.3619	660.15	-0.013316	5.7245e-05	0.08679	supercritical
793.0	1070.5	521.08	0.0019191	774.57	980.01	2.3121	1.0233	1.3621	660.98	-0.013435	5.7339e-05	0.086883	supercritical
793.0	1073.8	522.07	0.0019154	774.4	980.07	2.3114	1.0234	1.3622	661.82	-0.013554	5.7434e-05	0.086976	supercritical
793.0	1077.0	523.06	0.0019118	774.23	980.13	2.3107	1.0235	1.3624	662.66	-0.013673	5.7528e-05	0.087068	supercritical
793.0	1080.2	524.04	0.0019082	774.05	980.19	2.31	1.0236	1.3626	663.49	-0.01379	5.7623e-05	0.087161	supercritical
793.0	1083.5	525.03	0.0019047	773.88	980.25	2.3093	1.0237	1.3627	664.33	-0.013907	5.7717e-05	0.087253	supercritical
793.0	1086.8	526.0	0.0019011	773.71	980.31	2.3086	1.0238	1.3629	665.16	-0.014024	5.7812e-05	0.087345	supercritical
793.0	1090.0	526.98	0.0018976	773.54	980.38	2.3079	1.0239	1.3631	665.99	-0.01414	5.7906e-05	0.087437	supercritical
793.0	1093.2	527.96	0.0018941	773.37	980.44	2.3072	1.024	1.3632	666.83	-0.014255	5.8001e-05	0.087529	supercritical
793.0	1096.5	528.93	0.0018906	773.2	980.5	2.3065	1.0241	1.3634	667.66	-0.014369	5.8095e-05	0.087621	supercritical
793.0	1099.8	529.9	0.0018872	773.03	980.57	2.3058	1.0242	1.3636	668.49	-0.014484	5.819e-05	0.087712	supercritical
793.0	1103.0	530.86	0.0018837	772.86	980.63	2.3051	1.0243	1.3637	669.33	-0.014597	5.8285e-05	0.087804	supercritical
793.0	1106.2	531.83	0.0018803	772.69	980.7	2.3044	1.0244	1.3639	670.16	-0.01471	5.8379e-05	0.087895	supercritical
793.0	1109.5	532.79	0.0018769	772.52	980.76	2.3037	1.0245	1.364	670.99	-0.014822	5.8474e-05	0.087987	supercritical
793.0	1112.8	533.75	0.0018735	772.35	980.83	2.303	1.0246	1.3642	671.82	-0.014934	5.8569e-05	0.088078	supercritical
793.0	1116.0	534.71	0.0018702	772.18	980.89	2.3023	1.0247	1.3644	672.65	-0.015045	5.8664e-05	0.088169	supercritical
793.0	1119.2	535.66	0.0018668	772.02	980.96	2.3017	1.0248	1.3645	673.48	-0.015155	5.8759e-05	0.088259	supercritical
793.0	1122.5	536.62	0.0018635	771.85	981.03	2.301	1.0249	1.3647	674.31	-0.015265	5.8854e-05	0.08835	supercritical
793.0	1125.8	537.57	0.0018602	771.68	981.1	2.3003	1.025	1.3648	675.14	-0.015374	5.8949e-05	0.088441	supercritical
793.0	1129.0	538.51	0.001857	771.51	981.17	2.2996	1.0251	1.365	675.96	-0.015483	5.9044e-05	0.088531	supercritical
793.0	1132.2	539.46	0.0018537	771.35	981.23	2.299	1.0252	1.3651	676.79	-0.015591	5.9139e-05	0.088621	supercritical
793.0	1135.5	540.4	0.0018505	771.18	981.3	2.2983	1.0253	1.3653	677.62	-0.015699	5.9234e-05	0.088712	supercritical
793.0	1138.8	541.35	0.0018472	771.02	981.37	2.2976	1.0254	1.3654	678.45	-0.015806	5.9329e-05	0.088802	supercritical
793.0	1142.0	542.28	0.001844	770.85	981.44	2.297	1.0255	1.3656	679.27	-0.015912	5.9424e-05	0.088892	supercritical
793.0	1145.2	543.22	0.0018409	770.69	981.52	2.2963	1.0256	1.3657	680.1	-0.016018	5.9519e-05	0.088981	supercritical
793.0	1148.5	544.16	0.0018377	770.53	981.59	2.2956	1.0257	1.3659	680.92	-0.016124	5.9614e-05	0.089071	supercritical
793.0	1151.8	545.09	0.0018346	770.36	981.66	2.295	1.0258	1.366	681.75	-0.016228	5.9709e-05	0.08916	supercritical
793.0	1155.0	546.02	0.0018314	770.2	981.73	2.2943	1.0259	1.3661	682.57	-0.016333	5.9805e-05	0.08925	supercritical
793.0	1158.2	546.95	0.0018283	770.04	981.8	2.2936	1.026	1.3663	683.39	-0.016436	5.99e-05	0.089339	supercritical
793.0	1161.5	547.87	0.0018252	769.87	981.88	2.293	1.0261	1.3664	684.22	-0.01654	5.9995e-05	0.089428	supercritical
793.0	1164.8	548.8	0.0018222	769.71	981.95	2.2923	1.0262	1.3666	685.04	-0.016642	6.009e-05	0.089517	supercritical
793.0	1168.0	549.72	0.0018191	769.55	982.02	2.2917	1.0263	1.3667	685.86	-0.016745	6.0186e-05	0.089606	supercritical
793.0	1171.2	550.64	0.0018161	769.39	982.1	2.291	1.0264	1.3669	686.68	-0.016846	6.0281e-05	0.089695	supercritical
793.0	1174.5	551.55	0.0018131	769.23	982.17	2.2904	1.0265	1.367	687.5	-0.016947	6.0377e-05	0.089784	supercritical
793.0	1177.8	552.47	0.0018101	769.07	982.25	2.2897	1.0266	1.3671	688.32	-0.017048	6.0472e-05	0.089872	supercritical
793.0	1181.0	553.38	0.0018071	768.91	982.33	2.2891	1.0267	1.3673	689.14	-0.017148	6.0567e-05	0.08996	supercritical
793.0	1184.2	554.29	0.0018041	768.75	982.4	2.2884	1.0268	1.3674	689.96	-0.017248	6.0663e-05	0.090049	supercritical
793.0	1187.5	555.2	0.0018012	768.59	982.48	2.2878	1.0269	1.3675	690.78	-0.017347	6.0758e-05	0.090137	supercritical
793.0	1190.8	556.1	0.0017982	768.43	982.56	2.2872	1.027	1.3677	691.6	-0.017445	6.0854e-05	0.090225	supercritical
793.0	1194.0	557.01	0.0017953	768.27	982.63	2.2865	1.0271	1.3678	692.42	-0.017543	6.0949e-05	0.090313	supercritical
793.0	1197.2	557.91	0.0017924	768.12	982.71	2.2859	1.0272	1.3679	693.23	-0.017641	6.1045e-05	0.090401	supercritical
793.0	1200.5	558.81	0.0017895	767.96	982.79	2.2853	1.0273	1.3681	694.05	-0.017738	6.1141e-05	0.090488	supercritical
793.0	1203.8	559.71	0.0017867	767.8	982.87	2.2846	1.0274	1.3682	694.87	-0.017835	6.1236e-05	0.090576	supercritical
793.0	1207.0	560.6	0.0017838	767.64	982.95	2.284	1.0275	1.3683	695.68	-0.017931	6.1332e-05	0.090663	supercritical
793.0	1210.2	561.49	0.001781	767.49	983.03	2.2834	1.0276	1.3685	696.5	-0.018027	6.1427e-05	0.09075	supercritical
793.0	1213.5	562.39	0.0017781	767.33	983.11	2.2827	1.0277	1.3686	697.31	-0.018122	6.1523e-05	0.090838	supercritical
793.0	1216.8	563.27	0.0017753	767.18	983.19	2.2821	1.0278	1.3687	698.12	-0.018216	6.1619e-05	0.090925	supercritical
793.0	1220.0	564.16	0.0017725	767.02	983.27	2.2815	1.0279	1.3689	698.94	-0.018311	6.1714e-05	0.091012	supercritical
793.0	1223.2	565.05	0.0017698	766.87	983.35	2.2809	1.028	1.369	699.75	-0.018404	6.181e-05	0.091098	supercritical
793.0	1226.5	565.93	0.001767	766.71	983.44	2.2802	1.028	1.3691	700.56	-0.018498	6.1906e-05	0.091185	supercritical
793.0	1229.8	566.81	0.0017643	766.56	983.52	2.2796	1.0281	1.3692	701.37	-0.018591	6.2002e-05	0.091272	supercritical
793.0	1233.0	567.69	0.0017615	766.4	983.6	2.279	1.0282	1.3694	702.19	-0.018683	6.2098e-05	0.091358	supercritical
793.0	1236.2	568.57	0.0017588	766.25	983.68	2.2784	1.0283	1.3695	703.0	-0.018775	6.2193e-05	0.091444	supercritical
793.0	1239.5	569.44	0.0017561	766.1	983.77	2.2778	1.0284	1.3696	703.81	-0.018866	6.2289e-05	0.091531	supercritical
793.0	1242.8	570.31	0.0017534	765.95	983.85	2.2772	1.0285	1.3697	704.61	-0.018957	6.2385e-05	0.091617	supercritical
793.0	1246.0	571.18	0.0017507	765.79	983.94	2.2765	1.0286	1.3698	705.42	-0.019048	6.2481e-05	0.091703	supercritical
793.0	1249.2	572.05	0.0017481	765.64	984.02	2.2759	1.0287	1.37	706.23	-0.019138	6.2577e-05	0.091789	supercritical
793.0	1252.5	572.92	0.0017454	765.49	984.11	2.2753	1.0288	1.3701	707.04	-0.019228	6.2673e-05	0.091875	supercritical
793.0	1255.8	573.78	0.0017428	765.34	984.19	2.2747	1.0289	1.3702	707.85	-0.019317	6.2768e-05	0.09196	supercritical
793.0	1259.0	574.65	0.0017402	765.19	984.28	2.2741	1.029	1.3703	708.65	-0.019406	6.2864e-05	0.092046	supercritical
793.0	1262.2	575.51	0.0017376	765.04	984.37	2.2735	1.0291	1.3704	709.46	-0.019494	6.296e-05	0.092131	supercritical
793.0	1265.5	576.37	0.001735	764.89	984.45	2.2729	1.0292	1.3706	710.26	-0.019582	6.3056e-05	0.092217	supercritical
793.0	1268.8	577.22	0.0017324	764.74	984.54	2.2723	1.0293	1.3707	711.07	-0.019669	6.3152e-05	0.092302	supercritical
793.0	1272.0	578.08	0.0017299	764.59	984.63	2.2717	1.0294	1.3708	711.87	-0.019756	6.3248e-05	0.092387	supercritical
793.0	1275.2	578.93	0.0017273	764.44	984.72	2.2711	1.0295	1.3709	712.68	-0.019843	6.3344e-05	0.092472	supercritical
793.0	1278.5	579.78	0.0017248	764.29	984.8	2.2705	1.0296	1.371	713.48	-0.019929	6.344e-05	0.092557	supercritical
793.0	1281.8	580.63	0.0017223	764.14	984.89	2.2699	1.0297	1.3711	714.28	-0.020015	6.3536e-05	0.092642	supercritical
793.0	1285.0	581.48	0.0017197	764.0	984.98	2.2693	1.0298	1.3712	715.09	-0.0201	6.3632e-05	0.092726	supercritical
793.0	1288.2	582.33	0.0017173	763.85	985.07	2.2687	1.0299	1.3714	715.89	-0.020185	6.3728e-05	0.092811	supercritical
793.0	1291.5	583.17	0.0017148	763.7	985.16	2.2681	1.03	1.3715	716.69	-0.02027	6.3824e-05	0.092895	supercritical
793.0	1294.8	584.01	0.0017123	763.55	985.25	2.2676	1.0301	1.3716	717.49	-0.020354	6.392e-05	0.09298	supercritical
793.0	1298.0	584.85	0.0017098	763.41	985.34	2.267	1.0302	1.3717	718.29	-0.020437	6.4016e-05	0.093064	supercritical
793.0	1301.2	585.69	0.0017074	763.26	985.44	2.2664	1.0302	1.3718	719.09	-0.020521	6.4112e-05	0.093148	supercritical
793.0	1304.5	586.52	0.001705	763.12	985.53	2.2658	1.0303	1.3719	719.89	-0.020604	6.4209e-05	0.093232	supercritical
793.0	1307.8	587.36	0.0017025	762.97	985.62	2.2652	1.0304	1.372	720.68	-0.020686	6.4305e-05	0.093316	supercritical
793.0	1311.0	588.19	0.0017001	762.83	985.71	2.2646	1.0305	1.3721	721.48	-0.020768	6.4401e-05	0.0934	supercritical
793.0	1314.2	589.02	0.0016977	762.68	985.8	2.2641	1.0306	1.3722	722.28	-0.02085	6.4497e-05	0.093484	supercritical
793.0	1317.5	589.85	0.0016953	762.54	985.9	2.2635	1.0307	1.3723	723.07	-0.020931	6.4593e-05	0.093568	supercritical
793.0	1320.8	590.68	0.001693	762.39	985.99	2.2629	1.0308	1.3724	723.87	-0.021012	6.4689e-05	0.093651	supercritical
793.0	1324.0	591.5	0.0016906	762.25	986.09	2.2623	1.0309	1.3725	724.67	-0.021093	6.4785e-05	0.093735	supercritical
793.0	1327.2	592.32	0.0016883	762.1	986.18	2.2618	1.031	1.3726	725.46	-0.021173	6.4881e-05	0.093818	supercritical
793.0	1330.5	593.15	0.0016859	761.96	986.27	2.2612	1.0311	1.3727	726.25	-0.021253	6.4978e-05	0.093901	supercritical
793.0	1333.8	593.96	0.0016836	761.82	986.37	2.2606	1.0312	1.3728	727.05	-0.021332	6.5074e-05	0.093985	supercritical
793.0	1337.0	594.78	0.0016813	761.68	986.46	2.26	1.0313	1.373	727.84	-0.021411	6.517e-05	0.094068	supercritical
793.0	1340.2	595.6	0.001679	761.53	986.56	2.2595	1.0314	1.3731	728.63	-0.02149	6.5266e-05	0.094151	supercritical
793.0	1343.5	596.41	0.0016767	761.39	986.66	2.2589	1.0315	1.3732	729.42	-0.021568	6.5362e-05	0.094233	supercritical
793.0	1346.8	597.22	0.0016744	761.25	986.75	2.2583	1.0316	1.3733	730.22	-0.021646	6.5459e-05	0.094316	supercritical
793.0	1350.0	598.03	0.0016721	761.11	986.85	2.2578	1.0317	1.3734	731.01	-0.021723	6.5555e-05	0.094399	supercritical
793.0	1353.2	598.84	0.0016699	760.97	986.95	2.2572	1.0318	1.3735	731.8	-0.021801	6.5651e-05	0.094482	supercritical
793.0	1356.5	599.65	0.0016676	760.83	987.04	2.2567	1.0319	1.3736	732.59	-0.021877	6.5747e-05	0.094564	supercritical
793.0	1359.8	600.46	0.0016654	760.69	987.14	2.2561	1.0319	1.3736	733.37	-0.021954	6.5843e-05	0.094646	supercritical
793.0	1363.0	601.26	0.0016632	760.55	987.24	2.2555	1.032	1.3737	734.16	-0.02203	6.594e-05	0.094729	supercritical
793.0	1366.2	602.06	0.001661	760.41	987.34	2.255	1.0321	1.3738	734.95	-0.022106	6.6036e-05	0.094811	supercritical
793.0	1369.5	602.86	0.0016588	760.27	987.44	2.2544	1.0322	1.3739	735.74	-0.022181	6.6132e-05	0.094893	supercritical
793.0	1372.8	603.66	0.0016566	760.13	987.54	2.2539	1.0323	1.374	736.52	-0.022256	6.6228e-05	0.094975	supercritical
793.0	1376.0	604.46	0.0016544	759.99	987.64	2.2533	1.0324	1.3741	737.31	-0.022331	6.6325e-05	0.095057	supercritical
793.0	1379.2	605.25	0.0016522	759.86	987.74	2.2528	1.0325	1.3742	738.1	-0.022405	6.6421e-05	0.095139	supercritical
793.0	1382.5	606.04	0.00165	759.72	987.84	2.2522	1.0326	1.3743	738.88	-0.022479	6.6517e-05	0.095221	supercritical
793.0	1385.8	606.84	0.0016479	759.58	987.94	2.2517	1.0327	1.3744	739.67	-0.022553	6.6613e-05	0.095303	supercritical
793.0	1389.0	607.63	0.0016458	759.44	988.04	2.2511	1.0328	1.3745	740.45	-0.022626	6.671e-05	0.095384	supercritical
793.0	1392.2	608.41	0.0016436	759.31	988.14	2.2506	1.0329	1.3746	741.23	-0.022699	6.6806e-05	0.095466	supercritical
793.0	1395.5	609.2	0.0016415	759.17	988.24	2.25	1.033	1.3747	742.01	-0.022771	6.6902e-05	0.095547	supercritical
793.0	1398.8	609.98	0.0016394	759.03	988.34	2.2495	1.0331	1.3748	742.8	-0.022844	6.6998e-05	0.095628	supercritical
793.0	1402.0	610.77	0.0016373	758.9	988.45	2.2489	1.0332	1.3749	743.58	-0.022916	6.7095e-05	0.09571	supercritical
793.0	1405.2	611.55	0.0016352	758.76	988.55	2.2484	1.0333	1.375	744.36	-0.022987	6.7191e-05	0.095791	supercritical
793.0	1408.5	612.33	0.0016331	758.63	988.65	2.2479	1.0334	1.375	745.14	-0.023058	6.7287e-05	0.095872	supercritical
793.0	1411.8	613.11	0.001631	758.49	988.75	2.2473	1.0334	1.3751	745.92	-0.023129	6.7384e-05	0.095953	supercritical
793.0	1415.0	613.88	0.001629	758.36	988.86	2.2468	1.0335	1.3752	746.7	-0.0232	6.748e-05	0.096034	supercritical
793.0	1418.2	614.66	0.0016269	758.22	988.96	2.2463	1.0336	1.3753	747.48	-0.02327	6.7576e-05	0.096115	supercritical
793.0	1421.5	615.43	0.0016249	758.09	989.07	2.2457	1.0337	1.3754	748.25	-0.02334	6.7672e-05	0.096195	supercritical
793.0	1424.8	616.2	0.0016228	757.96	989.17	2.2452	1.0338	1.3755	749.03	-0.02341	6.7769e-05	0.096276	supercritical
793.0	1428.0	616.97	0.0016208	757.82	989.27	2.2447	1.0339	1.3756	749.81	-0.023479	6.7865e-05	0.096357	supercritical
793.0	1431.2	617.74	0.0016188	757.69	989.38	2.2441	1.034	1.3757	750.59	-0.023548	6.7961e-05	0.096437	supercritical
793.0	1434.5	618.51	0.0016168	757.56	989.49	2.2436	1.0341	1.3757	751.36	-0.023617	6.8057e-05	0.096518	supercritical
793.0	1437.8	619.27	0.0016148	757.42	989.59	2.2431	1.0342	1.3758	752.14	-0.023685	6.8154e-05	0.096598	supercritical
793.0	1441.0	620.04	0.0016128	757.29	989.7	2.2425	1.0343	1.3759	752.91	-0.023753	6.825e-05	0.096678	supercritical
793.0	1444.2	620.8	0.0016108	757.16	989.8	2.242	1.0344	1.376	753.68	-0.023821	6.8346e-05	0.096758	supercritical
793.0	1447.5	621.56	0.0016089	757.03	989.91	2.2415	1.0345	1.3761	754.46	-0.023889	6.8443e-05	0.096839	supercritical
793.0	1450.8	622.32	0.0016069	756.9	990.02	2.241	1.0346	1.3762	755.23	-0.023956	6.8539e-05	0.096919	supercritical
793.0	1454.0	623.07	0.0016049	756.77	990.12	2.2404	1.0346	1.3762	756.0	-0.024023	6.8635e-05	0.096999	supercritical
793.0	1457.2	623.83	0.001603	756.63	990.23	2.2399	1.0347	1.3763	756.77	-0.024089	6.8731e-05	0.097078	supercritical
793.0	1460.5	624.58	0.0016011	756.5	990.34	2.2394	1.0348	1.3764	757.55	-0.024155	6.8828e-05	0.097158	supercritical
793.0	1463.8	625.34	0.0015991	756.37	990.45	2.2389	1.0349	1.3765	758.32	-0.024221	6.8924e-05	0.097238	supercritical
793.0	1467.0	626.09	0.0015972	756.24	990.56	2.2384	1.035	1.3766	759.09	-0.024287	6.902e-05	0.097318	supercritical
793.0	1470.2	626.84	0.0015953	756.11	990.67	2.2378	1.0351	1.3767	759.86	-0.024352	6.9116e-05	0.097397	supercritical
793.0	1473.5	627.58	0.0015934	755.99	990.77	2.2373	1.0352	1.3767	760.62	-0.024417	6.9213e-05	0.097477	supercritical
793.0	1476.8	628.33	0.0015915	755.86	990.88	2.2368	1.0353	1.3768	761.39	-0.024482	6.9309e-05	0.097556	supercritical
793.0	1480.0	629.08	0.0015896	755.73	990.99	2.2363	1.0354	1.3769	762.16	-0.024547	6.9405e-05	0.097636	supercritical
793.0	1483.2	629.82	0.0015878	755.6	991.1	2.2358	1.0355	1.377	762.93	-0.024611	6.9501e-05	0.097715	supercritical
793.0	1486.5	630.56	0.0015859	755.47	991.21	2.2353	1.0356	1.377	763.69	-0.024675	6.9598e-05	0.097794	supercritical
793.0	1489.8	631.3	0.001584	755.34	991.32	2.2348	1.0357	1.3771	764.46	-0.024738	6.9694e-05	0.097873	supercritical
793.0	1493.0	632.04	0.0015822	755.22	991.44	2.2343	1.0358	1.3772	765.23	-0.024802	6.979e-05	0.097952	supercritical
793.0	1496.2	632.78	0.0015803	755.09	991.55	2.2337	1.0358	1.3773	765.99	-0.024865	6.9886e-05	0.098031	supercritical
793.0	1499.5	633.51	0.0015785	754.96	991.66	2.2332	1.0359	1.3774	766.76	-0.024928	6.9983e-05	0.09811	supercritical
793.0	1502.8	634.25	0.0015767	754.84	991.77	2.2327	1.036	1.3774	767.52	-0.02499	7.0079e-05	0.098189	supercritical
793.0	1506.0	634.98	0.0015749	754.71	991.88	2.2322	1.0361	1.3775	768.28	-0.025052	7.0175e-05	0.098268	supercritical
793.0	1509.2	635.71	0.001573	754.58	991.99	2.2317	1.0362	1.3776	769.04	-0.025114	7.0271e-05	0.098347	supercritical
793.0	1512.5	636.44	0.0015712	754.46	992.11	2.2312	1.0363	1.3777	769.81	-0.025176	7.0368e-05	0.098425	supercritical
793.0	1515.8	637.17	0.0015694	754.33	992.22	2.2307	1.0364	1.3777	770.57	-0.025237	7.0464e-05	0.098504	supercritical
793.0	1519.0	637.9	0.0015677	754.21	992.33	2.2302	1.0365	1.3778	771.33	-0.025299	7.056e-05	0.098583	supercritical
793.0	1522.2	638.62	0.0015659	754.08	992.45	2.2297	1.0366	1.3779	772.09	-0.025359	7.0656e-05	0.098661	supercritical
793.0	1525.5	639.35	0.0015641	753.96	992.56	2.2292	1.0367	1.3779	772.85	-0.02542	7.0752e-05	0.098739	supercritical
793.0	1528.8	640.07	0.0015623	753.83	992.67	2.2287	1.0368	1.378	773.61	-0.02548	7.0849e-05	0.098818	supercritical
793.0	1532.0	640.79	0.0015606	753.71	992.79	2.2282	1.0369	1.3781	774.37	-0.02554	7.0945e-05	0.098896	supercritical
793.0	1535.2	641.51	0.0015588	753.58	992.9	2.2277	1.0369	1.3782	775.13	-0.0256	7.1041e-05	0.098974	supercritical
793.0	1538.5	642.23	0.0015571	753.46	993.02	2.2272	1.037	1.3782	775.88	-0.02566	7.1137e-05	0.099052	supercritical
793.0	1541.8	642.94	0.0015553	753.34	993.13	2.2267	1.0371	1.3783	776.64	-0.025719	7.1233e-05	0.09913	supercritical
793.0	1545.0	643.66	0.0015536	753.21	993.25	2.2263	1.0372	1.3784	777.4	-0.025778	7.1329e-05	0.099209	supercritical
793.0	1548.2	644.37	0.0015519	753.09	993.36	2.2258	1.0373	1.3784	778.15	-0.025837	7.1426e-05	0.099286	supercritical
793.0	1551.5	645.09	0.0015502	752.97	993.48	2.2253	1.0374	1.3785	778.91	-0.025896	7.1522e-05	0.099364	supercritical
793.0	1554.8	645.8	0.0015485	752.85	993.6	2.2248	1.0375	1.3786	779.66	-0.025954	7.1618e-05	0.099442	supercritical
793.0	1558.0	646.51	0.0015468	752.72	993.71	2.2243	1.0376	1.3787	780.42	-0.026012	7.1714e-05	0.09952	supercritical
793.0	1561.2	647.21	0.0015451	752.6	993.83	2.2238	1.0377	1.3787	781.17	-0.02607	7.181e-05	0.099598	supercritical
793.0	1564.5	647.92	0.0015434	752.48	993.95	2.2233	1.0378	1.3788	781.92	-0.026127	7.1906e-05	0.099675	supercritical
793.0	1567.8	648.63	0.0015417	752.36	994.06	2.2228	1.0379	1.3789	782.68	-0.026184	7.2002e-05	0.099753	supercritical
793.0	1571.0	649.33	0.00154	752.24	994.18	2.2224	1.0379	1.3789	783.43	-0.026242	7.2098e-05	0.099831	supercritical
793.0	1574.2	650.03	0.0015384	752.12	994.3	2.2219	1.038	1.379	784.18	-0.026298	7.2195e-05	0.099908	supercritical
793.0	1577.5	650.74	0.0015367	752.0	994.42	2.2214	1.0381	1.3791	784.93	-0.026355	7.2291e-05	0.099985	supercritical
793.0	1580.8	651.44	0.0015351	751.88	994.53	2.2209	1.0382	1.3791	785.68	-0.026411	7.2387e-05	0.10006	supercritical
793.0	1584.0	652.13	0.0015334	751.76	994.65	2.2204	1.0383	1.3792	786.43	-0.026467	7.2483e-05	0.10014	supercritical
793.0	1587.2	652.83	0.0015318	751.64	994.77	2.22	1.0384	1.3793	787.18	-0.026523	7.2579e-05	0.10022	supercritical
793.0	1590.5	653.53	0.0015302	751.52	994.89	2.2195	1.0385	1.3793	787.93	-0.026579	7.2675e-05	0.10029	supercritical
793.0	1593.8	654.22	0.0015285	751.4	995.01	2.219	1.0386	1.3794	788.68	-0.026634	7.2771e-05	0.10037	supercritical
793.0	1597.0	654.92	0.0015269	751.28	995.13	2.2185	1.0387	1.3794	789.42	-0.026689	7.2867e-05	0.10045	supercritical
793.0	1600.2	655.61	0.0015253	751.16	995.25	2.2181	1.0388	1.3795	790.17	-0.026744	7.2963e-05	0.10053	supercritical
793.0	1603.5	656.3	0.0015237	751.04	995.37	2.2176	1.0389	1.3796	790.92	-0.026799	7.3059e-05	0.1006	supercritical
793.0	1606.8	656.99	0.0015221	750.93	995.49	2.2171	1.0389	1.3796	791.66	-0.026853	7.3155e-05	0.10068	supercritical
793.0	1610.0	657.68	0.0015205	750.81	995.61	2.2166	1.039	1.3797	792.41	-0.026907	7.3251e-05	0.10076	supercritical
793.0	1613.2	658.36	0.0015189	750.69	995.73	2.2162	1.0391	1.3798	793.15	-0.026961	7.3347e-05	0.10083	supercritical
793.0	1616.5	659.05	0.0015173	750.57	995.85	2.2157	1.0392	1.3798	793.9	-0.027015	7.3443e-05	0.10091	supercritical
793.0	1619.8	659.73	0.0015158	750.46	995.97	2.2152	1.0393	1.3799	794.64	-0.027069	7.3539e-05	0.10099	supercritical
793.0	1623.0	660.41	0.0015142	750.34	996.09	2.2148	1.0394	1.3799	795.38	-0.027122	7.3635e-05	0.10106	supercritical
793.0	1626.2	661.1	0.0015126	750.22	996.22	2.2143	1.0395	1.38	796.13	-0.027175	7.3731e-05	0.10114	supercritical
793.0	1629.5	661.78	0.0015111	750.11	996.34	2.2138	1.0396	1.3801	796.87	-0.027228	7.3827e-05	0.10122	supercritical
793.0	1632.8	662.45	0.0015095	749.99	996.46	2.2134	1.0397	1.3801	797.61	-0.027281	7.3923e-05	0.10129	supercritical
793.0	1636.0	663.13	0.001508	749.87	996.58	2.2129	1.0398	1.3802	798.35	-0.027333	7.4019e-05	0.10137	supercritical
793.0	1639.2	663.81	0.0015065	749.76	996.71	2.2124	1.0398	1.3803	799.09	-0.027385	7.4115e-05	0.10145	supercritical
793.0	1642.5	664.48	0.0015049	749.64	996.83	2.212	1.0399	1.3803	799.83	-0.027437	7.421e-05	0.10152	supercritical
793.0	1645.8	665.16	0.0015034	749.53	996.95	2.2115	1.04	1.3804	800.57	-0.027489	7.4306e-05	0.1016	supercritical
793.0	1649.0	665.83	0.0015019	749.41	997.08	2.2111	1.0401	1.3804	801.31	-0.027541	7.4402e-05	0.10168	supercritical
793.0	1652.2	666.5	0.0015004	749.3	997.2	2.2106	1.0402	1.3805	802.05	-0.027592	7.4498e-05	0.10175	supercritical
793.0	1655.5	667.17	0.0014989	749.19	997.32	2.2101	1.0403	1.3805	802.78	-0.027643	7.4594e-05	0.10183	supercritical
793.0	1658.8	667.84	0.0014974	749.07	997.45	2.2097	1.0404	1.3806	803.52	-0.027694	7.469e-05	0.1019	supercritical
793.0	1662.0	668.51	0.0014959	748.96	997.57	2.2092	1.0405	1.3807	804.26	-0.027745	7.4786e-05	0.10198	supercritical
793.0	1665.2	669.17	0.0014944	748.84	997.7	2.2088	1.0406	1.3807	804.99	-0.027795	7.4881e-05	0.10206	supercritical
793.0	1668.5	669.84	0.0014929	748.73	997.82	2.2083	1.0407	1.3808	805.73	-0.027845	7.4977e-05	0.10213	supercritical
793.0	1671.8	670.5	0.0014914	748.62	997.95	2.2079	1.0407	1.3808	806.46	-0.027896	7.5073e-05	0.10221	supercritical
793.0	1675.0	671.16	0.00149	748.5	998.07	2.2074	1.0408	1.3809	807.2	-0.027945	7.5169e-05	0.10228	supercritical
793.0	1678.2	671.82	0.0014885	748.39	998.2	2.207	1.0409	1.3809	807.93	-0.027995	7.5265e-05	0.10236	supercritical
793.0	1681.5	672.48	0.001487	748.28	998.32	2.2065	1.041	1.381	808.67	-0.028045	7.536e-05	0.10244	supercritical
793.0	1684.8	673.14	0.0014856	748.17	998.45	2.2061	1.0411	1.3811	809.4	-0.028094	7.5456e-05	0.10251	supercritical
793.0	1688.0	673.8	0.0014841	748.06	998.57	2.2056	1.0412	1.3811	810.13	-0.028143	7.5552e-05	0.10259	supercritical
793.0	1691.2	674.46	0.0014827	747.94	998.7	2.2052	1.0413	1.3812	810.86	-0.028192	7.5648e-05	0.10266	supercritical
793.0	1694.5	675.11	0.0014812	747.83	998.83	2.2047	1.0414	1.3812	811.59	-0.028241	7.5743e-05	0.10274	supercritical
793.0	1697.8	675.76	0.0014798	747.72	998.95	2.2043	1.0415	1.3813	812.32	-0.028289	7.5839e-05	0.10281	supercritical
793.0	1701.0	676.42	0.0014784	747.61	999.08	2.2038	1.0415	1.3813	813.05	-0.028337	7.5935e-05	0.10289	supercritical
793.0	1704.2	677.07	0.001477	747.5	999.21	2.2034	1.0416	1.3814	813.78	-0.028385	7.603e-05	0.10297	supercritical
793.0	1707.5	677.72	0.0014755	747.39	999.34	2.2029	1.0417	1.3814	814.51	-0.028433	7.6126e-05	0.10304	supercritical
793.0	1710.8	678.37	0.0014741	747.28	999.46	2.2025	1.0418	1.3815	815.24	-0.028481	7.6222e-05	0.10312	supercritical
793.0	1714.0	679.02	0.0014727	747.17	999.59	2.202	1.0419	1.3815	815.97	-0.028528	7.6317e-05	0.10319	supercritical
793.0	1717.2	679.66	0.0014713	747.06	999.72	2.2016	1.042	1.3816	816.7	-0.028576	7.6413e-05	0.10327	supercritical
793.0	1720.5	680.31	0.0014699	746.95	999.85	2.2012	1.0421	1.3816	817.42	-0.028623	7.6509e-05	0.10334	supercritical
793.0	1723.8	680.95	0.0014685	746.84	999.98	2.2007	1.0422	1.3817	818.15	-0.02867	7.6604e-05	0.10342	supercritical
793.0	1727.0	681.6	0.0014671	746.73	1000.1	2.2003	1.0423	1.3817	818.88	-0.028717	7.67e-05	0.10349	supercritical
793.0	1730.2	682.24	0.0014658	746.62	1000.2	2.1998	1.0424	1.3818	819.6	-0.028763	7.6795e-05	0.10357	supercritical
793.0	1733.5	682.88	0.0014644	746.51	1000.4	2.1994	1.0424	1.3818	820.32	-0.02881	7.6891e-05	0.10364	supercritical
793.0	1736.8	683.52	0.001463	746.4	1000.5	2.199	1.0425	1.3819	821.05	-0.028856	7.6986e-05	0.10372	supercritical
793.0	1740.0	684.16	0.0014617	746.3	1000.6	2.1985	1.0426	1.3819	821.77	-0.028902	7.7082e-05	0.10379	supercritical
793.0	1743.2	684.79	0.0014603	746.19	1000.8	2.1981	1.0427	1.382	822.5	-0.028947	7.7177e-05	0.10387	supercritical
793.0	1746.5	685.43	0.0014589	746.08	1000.9	2.1977	1.0428	1.382	823.22	-0.028993	7.7273e-05	0.10394	supercritical
793.0	1749.8	686.06	0.0014576	745.97	1001.0	2.1972	1.0429	1.3821	823.94	-0.029039	7.7368e-05	0.10402	supercritical
793.0	1753.0	686.7	0.0014562	745.87	1001.1	2.1968	1.043	1.3821	824.66	-0.029084	7.7464e-05	0.10409	supercritical
793.0	1756.2	687.33	0.0014549	745.76	1001.3	2.1964	1.0431	1.3822	825.38	-0.029129	7.7559e-05	0.10417	supercritical
793.0	1759.5	687.96	0.0014536	745.65	1001.4	2.1959	1.0431	1.3822	826.1	-0.029174	7.7655e-05	0.10424	supercritical
793.0	1762.8	688.59	0.0014522	745.54	1001.5	2.1955	1.0432	1.3823	826.82	-0.029219	7.775e-05	0.10432	supercritical
793.0	1766.0	689.22	0.0014509	745.44	1001.7	2.1951	1.0433	1.3823	827.54	-0.029263	7.7846e-05	0.10439	supercritical
793.0	1769.2	689.85	0.0014496	745.33	1001.8	2.1946	1.0434	1.3824	828.26	-0.029307	7.7941e-05	0.10447	supercritical
793.0	1772.5	690.48	0.0014483	745.23	1001.9	2.1942	1.0435	1.3824	828.98	-0.029352	7.8036e-05	0.10454	supercritical
793.0	1775.8	691.1	0.001447	745.12	1002.1	2.1938	1.0436	1.3825	829.7	-0.029396	7.8132e-05	0.10462	supercritical
793.0	1779.0	691.73	0.0014457	745.02	1002.2	2.1934	1.0437	1.3825	830.41	-0.02944	7.8227e-05	0.10469	supercritical
793.0	1782.2	692.35	0.0014444	744.91	1002.3	2.1929	1.0438	1.3826	831.13	-0.029483	7.8323e-05	0.10477	supercritical
793.0	1785.5	692.98	0.0014431	744.8	1002.5	2.1925	1.0439	1.3826	831.85	-0.029527	7.8418e-05	0.10484	supercritical
793.0	1788.8	693.6	0.0014418	744.7	1002.6	2.1921	1.0439	1.3827	832.56	-0.02957	7.8513e-05	0.10492	supercritical
793.0	1792.0	694.22	0.0014405	744.59	1002.7	2.1917	1.044	1.3827	833.28	-0.029613	7.8609e-05	0.10499	supercritical
793.0	1795.2	694.84	0.0014392	744.49	1002.9	2.1912	1.0441	1.3828	833.99	-0.029656	7.8704e-05	0.10507	supercritical
793.0	1798.5	695.46	0.0014379	744.39	1003.0	2.1908	1.0442	1.3828	834.71	-0.029699	7.8799e-05	0.10514	supercritical
793.0	1801.8	696.07	0.0014366	744.28	1003.1	2.1904	1.0443	1.3829	835.42	-0.029742	7.8894e-05	0.10522	supercritical
793.0	1805.0	696.69	0.0014354	744.18	1003.3	2.19	1.0444	1.3829	836.13	-0.029784	7.899e-05	0.10529	supercritical
793.0	1808.2	697.3	0.0014341	744.07	1003.4	2.1896	1.0445	1.3829	836.84	-0.029826	7.9085e-05	0.10537	supercritical
793.0	1811.5	697.92	0.0014328	743.97	1003.5	2.1891	1.0446	1.383	837.56	-0.029869	7.918e-05	0.10544	supercritical
793.0	1814.8	698.53	0.0014316	743.87	1003.7	2.1887	1.0447	1.383	838.27	-0.029911	7.9275e-05	0.10551	supercritical
793.0	1818.0	699.14	0.0014303	743.77	1003.8	2.1883	1.0447	1.3831	838.98	-0.029952	7.937e-05	0.10559	supercritical
793.0	1821.2	699.75	0.0014291	743.66	1003.9	2.1879	1.0448	1.3831	839.69	-0.029994	7.9466e-05	0.10566	supercritical
793.0	1824.5	700.36	0.0014278	743.56	1004.1	2.1875	1.0449	1.3832	840.4	-0.030035	7.9561e-05	0.10574	supercritical
793.0	1827.8	700.97	0.0014266	743.46	1004.2	2.1871	1.045	1.3832	841.11	-0.030077	7.9656e-05	0.10581	supercritical
793.0	1831.0	701.58	0.0014254	743.36	1004.3	2.1867	1.0451	1.3833	841.82	-0.030118	7.9751e-05	0.10589	supercritical
793.0	1834.2	702.19	0.0014241	743.25	1004.5	2.1862	1.0452	1.3833	842.52	-0.030159	7.9846e-05	0.10596	supercritical
793.0	1837.5	702.79	0.0014229	743.15	1004.6	2.1858	1.0453	1.3833	843.23	-0.0302	7.9941e-05	0.10603	supercritical
793.0	1840.8	703.39	0.0014217	743.05	1004.7	2.1854	1.0454	1.3834	843.94	-0.03024	8.0036e-05	0.10611	supercritical
793.0	1844.0	704.0	0.0014205	742.95	1004.9	2.185	1.0454	1.3834	844.64	-0.030281	8.0131e-05	0.10618	supercritical
793.0	1847.2	704.6	0.0014192	742.85	1005.0	2.1846	1.0455	1.3835	845.35	-0.030321	8.0226e-05	0.10626	supercritical
793.0	1850.5	705.2	0.001418	742.75	1005.2	2.1842	1.0456	1.3835	846.06	-0.030362	8.0321e-05	0.10633	supercritical
793.0	1853.8	705.8	0.0014168	742.65	1005.3	2.1838	1.0457	1.3836	846.76	-0.030402	8.0416e-05	0.10641	supercritical
793.0	1857.0	706.4	0.0014156	742.55	1005.4	2.1834	1.0458	1.3836	847.47	-0.030441	8.0511e-05	0.10648	supercritical
793.0	1860.2	707.0	0.0014144	742.45	1005.6	2.183	1.0459	1.3836	848.17	-0.030481	8.0606e-05	0.10655	supercritical
793.0	1863.5	707.6	0.0014132	742.35	1005.7	2.1826	1.046	1.3837	848.87	-0.030521	8.0701e-05	0.10663	supercritical
793.0	1866.8	708.19	0.001412	742.25	1005.8	2.1821	1.0461	1.3837	849.58	-0.03056	8.0796e-05	0.1067	supercritical
793.0	1870.0	708.79	0.0014109	742.15	1006.0	2.1817	1.0461	1.3838	850.28	-0.0306	8.0891e-05	0.10678	supercritical
793.0	1873.2	709.38	0.0014097	742.05	1006.1	2.1813	1.0462	1.3838	850.98	-0.030639	8.0986e-05	0.10685	supercritical
793.0	1876.5	709.98	0.0014085	741.95	1006.3	2.1809	1.0463	1.3838	851.68	-0.030678	8.1081e-05	0.10692	supercritical
793.0	1879.8	710.57	0.0014073	741.85	1006.4	2.1805	1.0464	1.3839	852.38	-0.030716	8.1176e-05	0.107	supercritical
793.0	1883.0	711.16	0.0014062	741.75	1006.5	2.1801	1.0465	1.3839	853.08	-0.030755	8.1271e-05	0.10707	supercritical
793.0	1886.2	711.75	0.001405	741.65	1006.7	2.1797	1.0466	1.384	853.78	-0.030794	8.1366e-05	0.10715	supercritical
793.0	1889.5	712.34	0.0014038	741.55	1006.8	2.1793	1.0467	1.384	854.48	-0.030832	8.146e-05	0.10722	supercritical
793.0	1892.8	712.93	0.0014027	741.45	1006.9	2.1789	1.0468	1.384	855.18	-0.03087	8.1555e-05	0.10729	supercritical
793.0	1896.0	713.51	0.0014015	741.36	1007.1	2.1785	1.0468	1.3841	855.88	-0.030908	8.165e-05	0.10737	supercritical
793.0	1899.2	714.1	0.0014004	741.26	1007.2	2.1781	1.0469	1.3841	856.57	-0.030946	8.1745e-05	0.10744	supercritical
793.0	1902.5	714.68	0.0013992	741.16	1007.4	2.1777	1.047	1.3842	857.27	-0.030984	8.184e-05	0.10751	supercritical
793.0	1905.8	715.27	0.0013981	741.06	1007.5	2.1773	1.0471	1.3842	857.97	-0.031022	8.1934e-05	0.10759	supercritical
793.0	1909.0	715.85	0.0013969	740.96	1007.6	2.1769	1.0472	1.3842	858.66	-0.031059	8.2029e-05	0.10766	supercritical
793.0	1912.2	716.43	0.0013958	740.87	1007.8	2.1765	1.0473	1.3843	859.36	-0.031096	8.2124e-05	0.10774	supercritical
793.0	1915.5	717.01	0.0013947	740.77	1007.9	2.1761	1.0474	1.3843	860.05	-0.031134	8.2219e-05	0.10781	supercritical
793.0	1918.8	717.59	0.0013935	740.67	1008.1	2.1758	1.0475	1.3844	860.75	-0.031171	8.2313e-05	0.10788	supercritical
793.0	1922.0	718.17	0.0013924	740.58	1008.2	2.1754	1.0475	1.3844	861.44	-0.031208	8.2408e-05	0.10796	supercritical
793.0	1925.2	718.75	0.0013913	740.48	1008.3	2.175	1.0476	1.3844	862.14	-0.031244	8.2503e-05	0.10803	supercritical
793.0	1928.5	719.33	0.0013902	740.39	1008.5	2.1746	1.0477	1.3845	862.83	-0.031281	8.2597e-05	0.10811	supercritical
793.0	1931.8	719.91	0.0013891	740.29	1008.6	2.1742	1.0478	1.3845	863.52	-0.031317	8.2692e-05	0.10818	supercritical
793.0	1935.0	720.48	0.001388	740.19	1008.8	2.1738	1.0479	1.3845	864.21	-0.031354	8.2786e-05	0.10825	supercritical
793.0	1938.2	721.06	0.0013869	740.1	1008.9	2.1734	1.048	1.3846	864.9	-0.03139	8.2881e-05	0.10833	supercritical
793.0	1941.5	721.63	0.0013858	740.0	1009.0	2.173	1.0481	1.3846	865.59	-0.031426	8.2976e-05	0.1084	supercritical
793.0	1944.8	722.2	0.0013847	739.91	1009.2	2.1726	1.0482	1.3847	866.28	-0.031462	8.307e-05	0.10847	supercritical
793.0	1948.0	722.77	0.0013836	739.81	1009.3	2.1722	1.0482	1.3847	866.97	-0.031498	8.3165e-05	0.10855	supercritical
793.0	1951.2	723.34	0.0013825	739.72	1009.5	2.1718	1.0483	1.3847	867.66	-0.031533	8.3259e-05	0.10862	supercritical
793.0	1954.5	723.91	0.0013814	739.62	1009.6	2.1715	1.0484	1.3848	868.35	-0.031569	8.3354e-05	0.10869	supercritical
793.0	1957.8	724.48	0.0013803	739.53	1009.8	2.1711	1.0485	1.3848	869.04	-0.031604	8.3448e-05	0.10877	supercritical
793.0	1961.0	725.05	0.0013792	739.43	1009.9	2.1707	1.0486	1.3848	869.73	-0.03164	8.3543e-05	0.10884	supercritical
793.0	1964.2	725.62	0.0013781	739.34	1010.0	2.1703	1.0487	1.3849	870.41	-0.031675	8.3637e-05	0.10891	supercritical
793.0	1967.5	726.18	0.0013771	739.25	1010.2	2.1699	1.0488	1.3849	871.1	-0.03171	8.3731e-05	0.10899	supercritical
793.0	1970.8	726.75	0.001376	739.15	1010.3	2.1695	1.0488	1.3849	871.79	-0.031744	8.3826e-05	0.10906	supercritical
793.0	1974.0	727.31	0.0013749	739.06	1010.5	2.1691	1.0489	1.385	872.47	-0.031779	8.392e-05	0.10914	supercritical
793.0	1977.2	727.88	0.0013739	738.97	1010.6	2.1688	1.049	1.385	873.16	-0.031814	8.4015e-05	0.10921	supercritical
793.0	1980.5	728.44	0.0013728	738.87	1010.8	2.1684	1.0491	1.3851	873.84	-0.031848	8.4109e-05	0.10928	supercritical
793.0	1983.8	729.0	0.0013717	738.78	1010.9	2.168	1.0492	1.3851	874.53	-0.031883	8.4203e-05	0.10936	supercritical
793.0	1987.0	729.56	0.0013707	738.69	1011.0	2.1676	1.0493	1.3851	875.21	-0.031917	8.4298e-05	0.10943	supercritical
793.0	1990.2	730.12	0.0013696	738.59	1011.2	2.1672	1.0494	1.3852	875.89	-0.031951	8.4392e-05	0.1095	supercritical
793.0	1993.5	730.68	0.0013686	738.5	1011.3	2.1669	1.0495	1.3852	876.57	-0.031985	8.4486e-05	0.10958	supercritical
793.0	1996.8	731.24	0.0013675	738.41	1011.5	2.1665	1.0495	1.3852	877.26	-0.032018	8.4581e-05	0.10965	supercritical
793.0	2000.0	731.79	0.0013665	738.32	1011.6	2.1661	1.0496	1.3853	877.94	-0.032052	8.4675e-05	0.10972	supercritical
