Temperature (K)	Pressure (bar)	Density (kg/m3)	Volume (m3/kg)	Internal Energy (kJ/kg)	Enthalpy (kJ/kg)	Entropy (J/g*K)	Cv (J/g*K)	Cp (J/g*K)	Sound Spd. (m/s)	Joule-Thomson (K/bar)	Viscosity (Pa*s)	Therm. Cond. (W/m*K)	Phase
576.0	56.5	52.83	0.018929	654.37	761.32	2.5866	0.88293	1.1127	364.44	0.20538	2.7711e-05	0.040962	vapor
576.0	59.75	55.916	0.017884	653.72	760.58	2.5749	0.8835	1.1157	364.56	0.20429	2.7761e-05	0.041075	vapor
576.0	63.0	59.006	0.016947	653.07	759.84	2.5638	0.88406	1.1188	364.7	0.20319	2.7813e-05	0.041188	vapor
576.0	66.25	62.1	0.016103	652.42	759.1	2.5532	0.88463	1.1218	364.84	0.20209	2.7865e-05	0.041301	vapor
576.0	69.5	65.198	0.015338	651.76	758.36	2.5431	0.8852	1.1248	365.0	0.20098	2.7917e-05	0.041415	vapor
576.0	72.75	68.3	0.014641	651.11	757.63	2.5333	0.88576	1.1279	365.16	0.19987	2.7971e-05	0.041529	vapor
576.0	76.0	71.405	0.014005	650.46	756.9	2.524	0.88632	1.1309	365.34	0.19875	2.8025e-05	0.041643	vapor
576.0	76.0	71.405	0.014005	650.46	756.9	2.524	0.88632	1.1309	365.34	0.19875	2.8025e-05	0.041643	supercritical
576.0	76.0	71.405	0.014005	650.46	756.9	2.524	0.88632	1.1309	365.34	0.19875	2.8025e-05	0.041643	supercritical
576.0	79.25	74.514	0.01342	649.81	756.17	2.515	0.88688	1.1339	365.52	0.19763	2.8081e-05	0.041758	supercritical
576.0	82.5	77.626	0.012882	649.16	755.44	2.5063	0.88744	1.137	365.72	0.1965	2.8137e-05	0.041874	supercritical
576.0	85.75	80.74	0.012385	648.51	754.72	2.4979	0.88799	1.14	365.92	0.19537	2.8193e-05	0.04199	supercritical
576.0	89.0	83.858	0.011925	647.86	753.99	2.4898	0.88854	1.1431	366.14	0.19423	2.8251e-05	0.042107	supercritical
576.0	92.25	86.978	0.011497	647.21	753.27	2.482	0.88909	1.1461	366.36	0.19308	2.8309e-05	0.042225	supercritical
576.0	95.5	90.101	0.011099	646.56	752.55	2.4743	0.88964	1.1492	366.6	0.19193	2.8369e-05	0.042343	supercritical
576.0	98.75	93.226	0.010727	645.91	751.84	2.4669	0.89019	1.1522	366.84	0.19077	2.8429e-05	0.042462	supercritical
576.0	102.0	96.353	0.010379	645.26	751.13	2.4597	0.89073	1.1553	367.1	0.18961	2.849e-05	0.042582	supercritical
576.0	105.25	99.481	0.010052	644.62	750.41	2.4527	0.89127	1.1584	367.37	0.18844	2.8552e-05	0.042703	supercritical
576.0	108.5	102.61	0.0097454	643.97	749.71	2.4459	0.89181	1.1614	367.65	0.18727	2.8615e-05	0.042824	supercritical
576.0	111.75	105.74	0.0094568	643.32	749.0	2.4393	0.89235	1.1645	367.93	0.18609	2.8678e-05	0.042947	supercritical
576.0	115.0	108.88	0.0091846	642.67	748.3	2.4328	0.89288	1.1675	368.23	0.18491	2.8743e-05	0.04307	supercritical
576.0	118.25	112.01	0.0089276	642.03	747.6	2.4265	0.89341	1.1705	368.54	0.18372	2.8808e-05	0.043194	supercritical
576.0	121.5	115.15	0.0086845	641.38	746.9	2.4203	0.89394	1.1736	368.86	0.18252	2.8875e-05	0.043319	supercritical
576.0	124.75	118.28	0.0084542	640.74	746.21	2.4143	0.89447	1.1766	369.19	0.18132	2.8942e-05	0.043445	supercritical
576.0	128.0	121.42	0.0082358	640.09	745.51	2.4084	0.89499	1.1796	369.54	0.18011	2.901e-05	0.043573	supercritical
576.0	131.25	124.56	0.0080284	639.45	744.82	2.4026	0.89551	1.1827	369.89	0.1789	2.908e-05	0.043701	supercritical
576.0	134.5	127.69	0.0078312	638.81	744.14	2.3969	0.89603	1.1857	370.25	0.17769	2.915e-05	0.04383	supercritical
576.0	137.75	130.83	0.0076434	638.17	743.45	2.3914	0.89654	1.1887	370.63	0.17646	2.9221e-05	0.04396	supercritical
576.0	141.0	133.97	0.0074645	637.53	742.77	2.3859	0.89705	1.1917	371.02	0.17524	2.9293e-05	0.044092	supercritical
576.0	144.25	137.1	0.0072937	636.89	742.1	2.3806	0.89756	1.1947	371.41	0.17401	2.9366e-05	0.044224	supercritical
576.0	147.5	140.24	0.0071306	636.25	741.42	2.3753	0.89807	1.1977	371.82	0.17277	2.944e-05	0.044358	supercritical
576.0	150.75	143.37	0.0069747	635.61	740.75	2.3702	0.89857	1.2006	372.24	0.17153	2.9514e-05	0.044492	supercritical
576.0	154.0	146.51	0.0068256	634.97	740.08	2.3651	0.89907	1.2036	372.67	0.17029	2.959e-05	0.044628	supercritical
576.0	157.25	149.64	0.0066827	634.33	739.42	2.3602	0.89956	1.2065	373.12	0.16904	2.9667e-05	0.044765	supercritical
576.0	160.5	152.77	0.0065458	633.7	738.76	2.3553	0.90006	1.2095	373.57	0.16779	2.9745e-05	0.044904	supercritical
576.0	163.75	155.9	0.0064144	633.06	738.1	2.3505	0.90054	1.2124	374.04	0.16654	2.9824e-05	0.045043	supercritical
576.0	167.0	159.02	0.0062883	632.43	737.45	2.3458	0.90103	1.2153	374.51	0.16528	2.9903e-05	0.045183	supercritical
576.0	170.25	162.15	0.0061672	631.8	736.8	2.3411	0.90151	1.2182	375.0	0.16402	2.9984e-05	0.045325	supercritical
576.0	173.5	165.27	0.0060507	631.17	736.15	2.3366	0.90199	1.2211	375.5	0.16275	3.0066e-05	0.045468	supercritical
576.0	176.75	168.39	0.0059386	630.54	735.5	2.3321	0.90247	1.224	376.02	0.16148	3.0148e-05	0.045612	supercritical
576.0	180.0	171.51	0.0058307	629.91	734.86	2.3276	0.90294	1.2268	376.54	0.16021	3.0232e-05	0.045757	supercritical
576.0	183.25	174.62	0.0057268	629.28	734.23	2.3233	0.90341	1.2297	377.08	0.15894	3.0317e-05	0.045904	supercritical
576.0	186.5	177.73	0.0056266	628.66	733.59	2.319	0.90388	1.2325	377.62	0.15767	3.0402e-05	0.046051	supercritical
576.0	189.75	180.83	0.0055299	628.03	732.96	2.3147	0.90434	1.2353	378.18	0.15639	3.0489e-05	0.0462	supercritical
576.0	193.0	183.94	0.0054367	627.41	732.34	2.3105	0.9048	1.2381	378.75	0.15511	3.0577e-05	0.04635	supercritical
576.0	196.25	187.03	0.0053466	626.79	731.71	2.3064	0.90526	1.2409	379.33	0.15384	3.0665e-05	0.046501	supercritical
576.0	199.5	190.13	0.0052596	626.17	731.1	2.3024	0.90571	1.2436	379.93	0.15256	3.0755e-05	0.046654	supercritical
576.0	202.75	193.22	0.0051755	625.55	730.48	2.2983	0.90616	1.2464	380.53	0.15128	3.0845e-05	0.046807	supercritical
576.0	206.0	196.3	0.0050942	624.93	729.87	2.2944	0.9066	1.2491	381.15	0.14999	3.0937e-05	0.046962	supercritical
576.0	209.25	199.38	0.0050155	624.31	729.26	2.2905	0.90705	1.2518	381.78	0.14871	3.1029e-05	0.047118	supercritical
576.0	212.5	202.46	0.0049393	623.7	728.66	2.2866	0.90748	1.2544	382.42	0.14743	3.1123e-05	0.047275	supercritical
576.0	215.75	205.53	0.0048656	623.09	728.06	2.2828	0.90792	1.2571	383.07	0.14615	3.1217e-05	0.047433	supercritical
576.0	219.0	208.59	0.0047941	622.48	727.47	2.2791	0.90835	1.2597	383.73	0.14487	3.1313e-05	0.047592	supercritical
576.0	222.25	211.65	0.0047248	621.87	726.88	2.2753	0.90878	1.2623	384.41	0.14359	3.1409e-05	0.047752	supercritical
576.0	225.5	214.7	0.0046577	621.26	726.29	2.2717	0.9092	1.2649	385.09	0.14231	3.1507e-05	0.047913	supercritical
576.0	228.75	217.75	0.0045925	620.65	725.71	2.2681	0.90962	1.2675	385.79	0.14103	3.1605e-05	0.048076	supercritical
576.0	232.0	220.79	0.0045293	620.05	725.13	2.2645	0.91004	1.2701	386.5	0.13975	3.1704e-05	0.048239	supercritical
576.0	235.25	223.82	0.0044679	619.44	724.55	2.2609	0.91046	1.2726	387.22	0.13848	3.1804e-05	0.048404	supercritical
576.0	238.5	226.84	0.0044083	618.84	723.98	2.2575	0.91087	1.2751	387.95	0.13721	3.1906e-05	0.048569	supercritical
576.0	241.75	229.86	0.0043504	618.24	723.41	2.254	0.91127	1.2776	388.69	0.13594	3.2008e-05	0.048736	supercritical
576.0	245.0	232.88	0.0042941	617.65	722.85	2.2506	0.91168	1.28	389.44	0.13467	3.2111e-05	0.048904	supercritical
576.0	248.25	235.88	0.0042394	617.05	722.29	2.2472	0.91208	1.2824	390.21	0.1334	3.2215e-05	0.049072	supercritical
576.0	251.5	238.88	0.0041862	616.46	721.74	2.2439	0.91247	1.2848	390.98	0.13214	3.232e-05	0.049242	supercritical
576.0	254.75	241.87	0.0041345	615.86	721.19	2.2406	0.91287	1.2872	391.77	0.13088	3.2426e-05	0.049412	supercritical
576.0	258.0	244.85	0.0040841	615.27	720.65	2.2373	0.91326	1.2896	392.56	0.12963	3.2533e-05	0.049583	supercritical
576.0	261.25	247.82	0.0040351	614.69	720.1	2.2341	0.91364	1.2919	393.37	0.12837	3.264e-05	0.049756	supercritical
576.0	264.5	250.79	0.0039874	614.1	719.57	2.2309	0.91403	1.2942	394.19	0.12713	3.2749e-05	0.049929	supercritical
576.0	267.75	253.75	0.0039409	613.52	719.03	2.2277	0.91441	1.2965	395.01	0.12588	3.2858e-05	0.050103	supercritical
576.0	271.0	256.7	0.0038957	612.93	718.51	2.2246	0.91478	1.2987	395.85	0.12464	3.2969e-05	0.050278	supercritical
576.0	274.25	259.64	0.0038515	612.35	717.98	2.2215	0.91516	1.301	396.7	0.12341	3.308e-05	0.050453	supercritical
576.0	277.5	262.57	0.0038085	611.78	717.46	2.2184	0.91553	1.3032	397.56	0.12218	3.3192e-05	0.05063	supercritical
576.0	280.75	265.49	0.0037666	611.2	716.95	2.2154	0.91589	1.3054	398.43	0.12095	3.3305e-05	0.050807	supercritical
576.0	284.0	268.4	0.0037257	610.63	716.44	2.2124	0.91626	1.3075	399.31	0.11974	3.3419e-05	0.050985	supercritical
576.0	287.25	271.31	0.0036859	610.05	715.93	2.2094	0.91662	1.3096	400.19	0.11852	3.3534e-05	0.051163	supercritical
576.0	290.5	274.2	0.0036469	609.48	715.43	2.2065	0.91697	1.3117	401.09	0.11731	3.3649e-05	0.051343	supercritical
576.0	293.75	277.09	0.003609	608.92	714.93	2.2036	0.91733	1.3138	402.0	0.11611	3.3765e-05	0.051523	supercritical
576.0	297.0	279.96	0.0035719	608.35	714.44	2.2007	0.91768	1.3159	402.91	0.11491	3.3883e-05	0.051703	supercritical
576.0	300.25	282.83	0.0035357	607.79	713.95	2.1978	0.91802	1.3179	403.84	0.11372	3.4001e-05	0.051884	supercritical
576.0	303.5	285.68	0.0035004	607.23	713.46	2.195	0.91837	1.3199	404.77	0.11254	3.4119e-05	0.052066	supercritical
576.0	306.75	288.53	0.0034658	606.67	712.98	2.1922	0.91871	1.3219	405.72	0.11136	3.4239e-05	0.052249	supercritical
576.0	310.0	291.37	0.0034321	606.11	712.5	2.1894	0.91904	1.3238	406.67	0.11019	3.4359e-05	0.052432	supercritical
576.0	313.25	294.19	0.0033991	605.55	712.03	2.1867	0.91938	1.3257	407.63	0.10902	3.448e-05	0.052615	supercritical
576.0	316.5	297.01	0.0033669	605.0	711.57	2.184	0.91971	1.3276	408.6	0.10786	3.4602e-05	0.052799	supercritical
576.0	319.75	299.81	0.0033354	604.45	711.1	2.1813	0.92004	1.3295	409.58	0.10671	3.4725e-05	0.052984	supercritical
576.0	323.0	302.61	0.0033046	603.9	710.64	2.1786	0.92036	1.3314	410.57	0.10557	3.4848e-05	0.053169	supercritical
576.0	326.25	305.39	0.0032745	603.36	710.19	2.176	0.92069	1.3332	411.56	0.10443	3.4972e-05	0.053354	supercritical
576.0	329.5	308.16	0.003245	602.81	709.74	2.1733	0.921	1.335	412.56	0.1033	3.5097e-05	0.05354	supercritical
576.0	332.75	310.92	0.0032162	602.27	709.29	2.1707	0.92132	1.3367	413.57	0.10218	3.5223e-05	0.053726	supercritical
576.0	336.0	313.68	0.003188	601.73	708.85	2.1682	0.92163	1.3385	414.59	0.10107	3.5349e-05	0.053913	supercritical
576.0	339.25	316.42	0.0031604	601.2	708.41	2.1656	0.92195	1.3402	415.62	0.099958	3.5476e-05	0.0541	supercritical
576.0	342.5	319.15	0.0031334	600.66	707.98	2.1631	0.92225	1.3419	416.65	0.098859	3.5603e-05	0.054287	supercritical
576.0	345.75	321.86	0.0031069	600.13	707.55	2.1606	0.92256	1.3436	417.69	0.097767	3.5732e-05	0.054475	supercritical
576.0	349.0	324.57	0.003081	599.6	707.13	2.1581	0.92286	1.3452	418.74	0.096684	3.5861e-05	0.054663	supercritical
576.0	352.25	327.27	0.0030556	599.07	706.71	2.1556	0.92316	1.3469	419.79	0.095608	3.599e-05	0.054851	supercritical
576.0	355.5	329.95	0.0030307	598.55	706.29	2.1532	0.92346	1.3485	420.86	0.09454	3.612e-05	0.055039	supercritical
576.0	358.75	332.63	0.0030064	598.02	705.88	2.1508	0.92375	1.35	421.92	0.09348	3.6251e-05	0.055228	supercritical
576.0	362.0	335.29	0.0029825	597.5	705.47	2.1484	0.92404	1.3516	423.0	0.092428	3.6383e-05	0.055417	supercritical
576.0	365.25	337.94	0.0029591	596.98	705.06	2.146	0.92433	1.3531	424.08	0.091384	3.6515e-05	0.055606	supercritical
576.0	368.5	340.58	0.0029362	596.47	704.66	2.1436	0.92462	1.3546	425.17	0.090348	3.6647e-05	0.055795	supercritical
576.0	371.75	343.21	0.0029137	595.95	704.27	2.1413	0.9249	1.3561	426.26	0.089321	3.678e-05	0.055984	supercritical
576.0	375.0	345.83	0.0028916	595.44	703.88	2.139	0.92518	1.3576	427.36	0.088302	3.6914e-05	0.056174	supercritical
576.0	378.25	348.43	0.00287	594.93	703.49	2.1367	0.92546	1.359	428.47	0.08729	3.7049e-05	0.056363	supercritical
576.0	381.5	351.02	0.0028488	594.42	703.11	2.1344	0.92574	1.3604	429.58	0.086288	3.7184e-05	0.056553	supercritical
576.0	384.75	353.61	0.002828	593.92	702.73	2.1322	0.92601	1.3618	430.7	0.085293	3.7319e-05	0.056743	supercritical
576.0	388.0	356.18	0.0028076	593.42	702.35	2.1299	0.92628	1.3632	431.82	0.084307	3.7455e-05	0.056932	supercritical
576.0	391.25	358.74	0.0027876	592.92	701.98	2.1277	0.92655	1.3646	432.95	0.083328	3.7591e-05	0.057122	supercritical
576.0	394.5	361.28	0.0027679	592.42	701.61	2.1255	0.92682	1.3659	434.08	0.082359	3.7729e-05	0.057312	supercritical
576.0	397.75	363.82	0.0027486	591.92	701.25	2.1233	0.92708	1.3672	435.22	0.081397	3.7866e-05	0.057502	supercritical
576.0	401.0	366.35	0.0027297	591.43	700.89	2.1211	0.92734	1.3685	436.37	0.080443	3.8004e-05	0.057692	supercritical
576.0	404.25	368.86	0.0027111	590.94	700.53	2.119	0.9276	1.3698	437.51	0.079498	3.8143e-05	0.057882	supercritical
576.0	407.5	371.36	0.0026928	590.45	700.18	2.1168	0.92786	1.371	438.67	0.078561	3.8282e-05	0.058071	supercritical
576.0	410.75	373.85	0.0026749	589.96	699.83	2.1147	0.92812	1.3722	439.83	0.077632	3.8421e-05	0.058261	supercritical
576.0	414.0	376.33	0.0026573	589.48	699.49	2.1126	0.92837	1.3734	440.99	0.076712	3.8561e-05	0.058451	supercritical
576.0	417.25	378.79	0.00264	589.0	699.15	2.1105	0.92862	1.3746	442.16	0.075799	3.8701e-05	0.05864	supercritical
576.0	420.5	381.25	0.002623	588.52	698.81	2.1085	0.92887	1.3758	443.33	0.074895	3.8842e-05	0.05883	supercritical
576.0	423.75	383.69	0.0026063	588.04	698.48	2.1064	0.92912	1.3769	444.5	0.073998	3.8983e-05	0.059019	supercritical
576.0	427.0	386.12	0.0025898	587.56	698.15	2.1044	0.92936	1.3781	445.68	0.07311	3.9125e-05	0.059208	supercritical
576.0	430.25	388.55	0.0025737	587.09	697.82	2.1023	0.92961	1.3792	446.87	0.07223	3.9267e-05	0.059397	supercritical
576.0	433.5	390.95	0.0025578	586.62	697.5	2.1003	0.92985	1.3803	448.05	0.071357	3.9409e-05	0.059586	supercritical
576.0	436.75	393.35	0.0025423	586.15	697.18	2.0983	0.93009	1.3813	449.24	0.070493	3.9552e-05	0.059775	supercritical
576.0	440.0	395.74	0.0025269	585.68	696.87	2.0964	0.93032	1.3824	450.44	0.069636	3.9695e-05	0.059963	supercritical
576.0	443.25	398.11	0.0025119	585.22	696.56	2.0944	0.93056	1.3834	451.64	0.068787	3.9839e-05	0.060152	supercritical
576.0	446.5	400.47	0.002497	584.76	696.25	2.0925	0.93079	1.3845	452.84	0.067946	3.9983e-05	0.06034	supercritical
576.0	449.75	402.83	0.0024825	584.3	695.95	2.0905	0.93102	1.3855	454.04	0.067113	4.0127e-05	0.060528	supercritical
576.0	453.0	405.17	0.0024681	583.84	695.65	2.0886	0.93125	1.3864	455.25	0.066287	4.0271e-05	0.060716	supercritical
576.0	456.25	407.5	0.002454	583.38	695.35	2.0867	0.93148	1.3874	456.46	0.065469	4.0416e-05	0.060903	supercritical
576.0	459.5	409.81	0.0024401	582.93	695.06	2.0848	0.93171	1.3883	457.68	0.064658	4.0562e-05	0.061091	supercritical
576.0	462.75	412.12	0.0024265	582.48	694.77	2.0829	0.93193	1.3893	458.9	0.063855	4.0707e-05	0.061278	supercritical
576.0	466.0	414.41	0.002413	582.03	694.48	2.0811	0.93215	1.3902	460.12	0.063059	4.0853e-05	0.061465	supercritical
576.0	469.25	416.7	0.0023998	581.58	694.2	2.0792	0.93237	1.3911	461.34	0.062271	4.0999e-05	0.061651	supercritical
576.0	472.5	418.97	0.0023868	581.14	693.92	2.0774	0.93259	1.392	462.57	0.06149	4.1146e-05	0.061837	supercritical
576.0	475.75	421.23	0.002374	580.7	693.64	2.0756	0.93281	1.3928	463.79	0.060716	4.1293e-05	0.062023	supercritical
576.0	479.0	423.48	0.0023614	580.26	693.37	2.0738	0.93303	1.3937	465.03	0.059949	4.144e-05	0.062209	supercritical
576.0	482.25	425.72	0.0023489	579.82	693.1	2.072	0.93324	1.3945	466.26	0.05919	4.1587e-05	0.062394	supercritical
576.0	485.5	427.95	0.0023367	579.38	692.83	2.0702	0.93345	1.3953	467.5	0.058437	4.1734e-05	0.06258	supercritical
576.0	488.75	430.17	0.0023247	578.95	692.57	2.0684	0.93367	1.3961	468.73	0.057692	4.1882e-05	0.062764	supercritical
576.0	492.0	432.37	0.0023128	578.52	692.31	2.0666	0.93388	1.3969	469.97	0.056953	4.203e-05	0.062949	supercritical
576.0	495.25	434.57	0.0023011	578.09	692.05	2.0649	0.93408	1.3977	471.22	0.056221	4.2179e-05	0.063133	supercritical
576.0	498.5	436.76	0.0022896	577.66	691.79	2.0632	0.93429	1.3985	472.46	0.055497	4.2327e-05	0.063317	supercritical
576.0	501.75	438.93	0.0022783	577.23	691.54	2.0614	0.9345	1.3992	473.71	0.054778	4.2476e-05	0.0635	supercritical
576.0	505.0	441.09	0.0022671	576.81	691.3	2.0597	0.9347	1.3999	474.96	0.054067	4.2625e-05	0.063683	supercritical
576.0	508.25	443.24	0.0022561	576.39	691.05	2.058	0.9349	1.4007	476.21	0.053362	4.2774e-05	0.063866	supercritical
576.0	511.5	445.39	0.0022452	575.97	690.81	2.0563	0.93511	1.4014	477.46	0.052663	4.2923e-05	0.064049	supercritical
576.0	514.75	447.52	0.0022345	575.55	690.57	2.0547	0.93531	1.402	478.72	0.051971	4.3073e-05	0.064231	supercritical
576.0	518.0	449.64	0.002224	575.13	690.34	2.053	0.9355	1.4027	479.97	0.051285	4.3223e-05	0.064413	supercritical
576.0	521.25	451.75	0.0022136	574.72	690.1	2.0513	0.9357	1.4034	481.23	0.050606	4.3373e-05	0.064594	supercritical
576.0	524.5	453.85	0.0022034	574.31	689.88	2.0497	0.9359	1.404	482.49	0.049933	4.3523e-05	0.064775	supercritical
576.0	527.75	455.94	0.0021933	573.9	689.65	2.0481	0.93609	1.4047	483.75	0.049266	4.3673e-05	0.064956	supercritical
576.0	531.0	458.02	0.0021833	573.49	689.43	2.0464	0.93629	1.4053	485.01	0.048606	4.3824e-05	0.065136	supercritical
576.0	534.25	460.08	0.0021735	573.09	689.21	2.0448	0.93648	1.4059	486.28	0.047951	4.3974e-05	0.065316	supercritical
576.0	537.5	462.14	0.0021638	572.68	688.99	2.0432	0.93667	1.4065	487.54	0.047303	4.4125e-05	0.065495	supercritical
576.0	540.75	464.19	0.0021543	572.28	688.77	2.0416	0.93686	1.4071	488.81	0.04666	4.4276e-05	0.065674	supercritical
576.0	544.0	466.23	0.0021449	571.88	688.56	2.0401	0.93705	1.4076	490.07	0.046023	4.4427e-05	0.065853	supercritical
576.0	547.25	468.26	0.0021356	571.48	688.35	2.0385	0.93724	1.4082	491.34	0.045392	4.4578e-05	0.066031	supercritical
576.0	550.5	470.27	0.0021264	571.09	688.15	2.0369	0.93742	1.4087	492.61	0.044767	4.4729e-05	0.066209	supercritical
576.0	553.75	472.28	0.0021174	570.69	687.94	2.0354	0.93761	1.4093	493.88	0.044148	4.4881e-05	0.066387	supercritical
576.0	557.0	474.28	0.0021085	570.3	687.74	2.0338	0.9378	1.4098	495.16	0.043534	4.5032e-05	0.066564	supercritical
576.0	560.25	476.27	0.0020997	569.91	687.54	2.0323	0.93798	1.4103	496.43	0.042926	4.5184e-05	0.066741	supercritical
576.0	563.5	478.24	0.002091	569.52	687.35	2.0308	0.93816	1.4108	497.7	0.042323	4.5336e-05	0.066917	supercritical
576.0	566.75	480.21	0.0020824	569.13	687.15	2.0293	0.93834	1.4113	498.98	0.041726	4.5487e-05	0.067093	supercritical
576.0	570.0	482.17	0.002074	568.75	686.96	2.0278	0.93852	1.4117	500.25	0.041135	4.5639e-05	0.067268	supercritical
576.0	573.25	484.12	0.0020656	568.37	686.78	2.0263	0.9387	1.4122	501.53	0.040548	4.5791e-05	0.067443	supercritical
576.0	576.5	486.06	0.0020574	567.99	686.59	2.0248	0.93888	1.4127	502.8	0.039967	4.5943e-05	0.067618	supercritical
576.0	579.75	487.99	0.0020492	567.61	686.41	2.0233	0.93906	1.4131	504.08	0.039392	4.6096e-05	0.067792	supercritical
576.0	583.0	489.91	0.0020412	567.23	686.23	2.0218	0.93924	1.4135	505.36	0.038821	4.6248e-05	0.067966	supercritical
576.0	586.25	491.82	0.0020333	566.85	686.05	2.0204	0.93941	1.414	506.64	0.038256	4.64e-05	0.06814	supercritical
576.0	589.5	493.72	0.0020254	566.48	685.88	2.0189	0.93959	1.4144	507.92	0.037696	4.6552e-05	0.068313	supercritical
576.0	592.75	495.61	0.0020177	566.11	685.71	2.0175	0.93976	1.4148	509.2	0.03714	4.6705e-05	0.068485	supercritical
576.0	596.0	497.49	0.0020101	565.74	685.54	2.0161	0.93993	1.4152	510.48	0.03659	4.6857e-05	0.068657	supercritical
576.0	599.25	499.37	0.0020025	565.37	685.37	2.0146	0.94011	1.4156	511.76	0.036045	4.701e-05	0.068829	supercritical
576.0	602.5	501.23	0.0019951	565.0	685.21	2.0132	0.94028	1.4159	513.04	0.035505	4.7162e-05	0.069	supercritical
576.0	605.75	503.09	0.0019877	564.64	685.04	2.0118	0.94045	1.4163	514.32	0.03497	4.7315e-05	0.069171	supercritical
576.0	609.0	504.93	0.0019805	564.27	684.88	2.0104	0.94062	1.4166	515.6	0.034439	4.7468e-05	0.069342	supercritical
576.0	612.25	506.77	0.0019733	563.91	684.73	2.009	0.94079	1.417	516.88	0.033913	4.762e-05	0.069512	supercritical
576.0	615.5	508.6	0.0019662	563.55	684.57	2.0077	0.94096	1.4173	518.16	0.033392	4.7773e-05	0.069682	supercritical
576.0	618.75	510.41	0.0019592	563.19	684.42	2.0063	0.94112	1.4177	519.45	0.032876	4.7926e-05	0.069851	supercritical
576.0	622.0	512.22	0.0019523	562.84	684.27	2.0049	0.94129	1.418	520.73	0.032364	4.8079e-05	0.07002	supercritical
576.0	625.25	514.03	0.0019454	562.48	684.12	2.0036	0.94146	1.4183	522.01	0.031857	4.8231e-05	0.070188	supercritical
576.0	628.5	515.82	0.0019387	562.13	683.97	2.0022	0.94162	1.4186	523.29	0.031354	4.8384e-05	0.070356	supercritical
576.0	631.75	517.6	0.001932	561.78	683.83	2.0009	0.94179	1.4189	524.57	0.030856	4.8537e-05	0.070524	supercritical
576.0	635.0	519.38	0.0019254	561.43	683.69	1.9995	0.94195	1.4192	525.85	0.030362	4.869e-05	0.070691	supercritical
576.0	638.25	521.14	0.0019189	561.08	683.55	1.9982	0.94212	1.4195	527.14	0.029873	4.8842e-05	0.070858	supercritical
576.0	641.5	522.9	0.0019124	560.73	683.41	1.9969	0.94228	1.4197	528.42	0.029388	4.8995e-05	0.071024	supercritical
576.0	644.75	524.65	0.001906	560.39	683.28	1.9956	0.94244	1.42	529.7	0.028908	4.9148e-05	0.07119	supercritical
576.0	648.0	526.39	0.0018997	560.05	683.15	1.9943	0.9426	1.4202	530.98	0.028432	4.9301e-05	0.071356	supercritical
576.0	651.25	528.12	0.0018935	559.7	683.02	1.993	0.94276	1.4205	532.26	0.02796	4.9453e-05	0.071521	supercritical
576.0	654.5	529.85	0.0018873	559.36	682.89	1.9917	0.94292	1.4207	533.54	0.027492	4.9606e-05	0.071686	supercritical
576.0	657.75	531.57	0.0018812	559.03	682.76	1.9904	0.94308	1.421	534.82	0.027028	4.9759e-05	0.07185	supercritical
576.0	661.0	533.27	0.0018752	558.69	682.64	1.9891	0.94324	1.4212	536.1	0.026569	4.9912e-05	0.072014	supercritical
576.0	664.25	534.97	0.0018693	558.35	682.52	1.9879	0.9434	1.4214	537.38	0.026113	5.0064e-05	0.072177	supercritical
576.0	667.5	536.66	0.0018634	558.02	682.4	1.9866	0.94356	1.4216	538.66	0.025662	5.0217e-05	0.07234	supercritical
576.0	670.75	538.35	0.0018575	557.69	682.28	1.9854	0.94371	1.4218	539.94	0.025215	5.0369e-05	0.072503	supercritical
576.0	674.0	540.02	0.0018518	557.36	682.17	1.9841	0.94387	1.422	541.22	0.024771	5.0522e-05	0.072665	supercritical
576.0	677.25	541.69	0.0018461	557.03	682.05	1.9829	0.94403	1.4222	542.49	0.024332	5.0675e-05	0.072827	supercritical
576.0	680.5	543.35	0.0018404	556.7	681.94	1.9816	0.94418	1.4224	543.77	0.023897	5.0827e-05	0.072989	supercritical
576.0	683.75	545.0	0.0018349	556.37	681.83	1.9804	0.94434	1.4226	545.05	0.023465	5.098e-05	0.07315	supercritical
576.0	687.0	546.65	0.0018293	556.05	681.72	1.9792	0.94449	1.4228	546.32	0.023037	5.1132e-05	0.073311	supercritical
576.0	690.25	548.28	0.0018239	555.73	681.62	1.978	0.94465	1.423	547.6	0.022613	5.1284e-05	0.073471	supercritical
576.0	693.5	549.91	0.0018185	555.4	681.51	1.9768	0.9448	1.4231	548.87	0.022193	5.1437e-05	0.073631	supercritical
576.0	696.75	551.53	0.0018131	555.08	681.41	1.9756	0.94495	1.4233	550.15	0.021776	5.1589e-05	0.07379	supercritical
576.0	700.0	553.15	0.0018078	554.76	681.31	1.9744	0.94511	1.4234	551.42	0.021364	5.1741e-05	0.07395	supercritical
576.0	703.25	554.75	0.0018026	554.45	681.22	1.9732	0.94526	1.4236	552.69	0.020954	5.1893e-05	0.074108	supercritical
576.0	706.5	556.35	0.0017974	554.13	681.12	1.972	0.94541	1.4237	553.96	0.020549	5.2045e-05	0.074267	supercritical
576.0	709.75	557.94	0.0017923	553.82	681.03	1.9708	0.94556	1.4239	555.23	0.020147	5.2197e-05	0.074425	supercritical
576.0	713.0	559.53	0.0017872	553.5	680.93	1.9697	0.94571	1.424	556.5	0.019748	5.2349e-05	0.074582	supercritical
576.0	716.25	561.1	0.0017822	553.19	680.84	1.9685	0.94586	1.4241	557.77	0.019353	5.2501e-05	0.07474	supercritical
576.0	719.5	562.67	0.0017772	552.88	680.75	1.9673	0.94601	1.4243	559.04	0.018962	5.2653e-05	0.074896	supercritical
576.0	722.75	564.23	0.0017723	552.57	680.67	1.9662	0.94616	1.4244	560.31	0.018574	5.2805e-05	0.075053	supercritical
576.0	726.0	565.79	0.0017674	552.27	680.58	1.965	0.94631	1.4245	561.57	0.018189	5.2957e-05	0.075209	supercritical
576.0	729.25	567.34	0.0017626	551.96	680.5	1.9639	0.94646	1.4246	562.84	0.017808	5.3108e-05	0.075365	supercritical
576.0	732.5	568.88	0.0017578	551.65	680.42	1.9628	0.94661	1.4247	564.1	0.01743	5.326e-05	0.07552	supercritical
576.0	735.75	570.41	0.0017531	551.35	680.34	1.9616	0.94675	1.4248	565.37	0.017056	5.3411e-05	0.075675	supercritical
576.0	739.0	571.94	0.0017484	551.05	680.26	1.9605	0.9469	1.4249	566.63	0.016684	5.3563e-05	0.07583	supercritical
576.0	742.25	573.46	0.0017438	550.75	680.18	1.9594	0.94705	1.425	567.89	0.016316	5.3714e-05	0.075984	supercritical
576.0	745.5	574.97	0.0017392	550.45	680.11	1.9583	0.94719	1.4251	569.15	0.015952	5.3865e-05	0.076138	supercritical
576.0	748.75	576.48	0.0017347	550.15	680.03	1.9572	0.94734	1.4252	570.41	0.01559	5.4016e-05	0.076292	supercritical
576.0	752.0	577.98	0.0017302	549.85	679.96	1.9561	0.94749	1.4253	571.67	0.015231	5.4167e-05	0.076445	supercritical
576.0	755.25	579.47	0.0017257	549.56	679.89	1.955	0.94763	1.4253	572.93	0.014876	5.4318e-05	0.076598	supercritical
576.0	758.5	580.95	0.0017213	549.26	679.83	1.9539	0.94778	1.4254	574.18	0.014524	5.4469e-05	0.07675	supercritical
576.0	761.75	582.43	0.0017169	548.97	679.76	1.9528	0.94792	1.4255	575.44	0.014175	5.462e-05	0.076903	supercritical
576.0	765.0	583.91	0.0017126	548.68	679.69	1.9517	0.94807	1.4255	576.69	0.013828	5.4771e-05	0.077054	supercritical
576.0	768.25	585.37	0.0017083	548.39	679.63	1.9506	0.94821	1.4256	577.94	0.013485	5.4921e-05	0.077206	supercritical
576.0	771.5	586.83	0.0017041	548.1	679.57	1.9496	0.94835	1.4257	579.19	0.013145	5.5072e-05	0.077357	supercritical
576.0	774.75	588.29	0.0016999	547.81	679.51	1.9485	0.9485	1.4257	580.44	0.012808	5.5222e-05	0.077508	supercritical
576.0	778.0	589.73	0.0016957	547.53	679.45	1.9475	0.94864	1.4258	581.69	0.012473	5.5373e-05	0.077658	supercritical
576.0	781.25	591.17	0.0016916	547.24	679.39	1.9464	0.94878	1.4258	582.94	0.012142	5.5523e-05	0.077808	supercritical
576.0	784.5	592.61	0.0016875	546.96	679.34	1.9454	0.94893	1.4259	584.19	0.011813	5.5673e-05	0.077958	supercritical
576.0	787.75	594.03	0.0016834	546.67	679.28	1.9443	0.94907	1.4259	585.43	0.011487	5.5823e-05	0.078108	supercritical
576.0	791.0	595.46	0.0016794	546.39	679.23	1.9433	0.94921	1.426	586.68	0.011164	5.5973e-05	0.078257	supercritical
576.0	794.25	596.87	0.0016754	546.11	679.18	1.9422	0.94935	1.426	587.92	0.010844	5.6123e-05	0.078406	supercritical
576.0	797.5	598.28	0.0016715	545.83	679.13	1.9412	0.94949	1.426	589.16	0.010526	5.6273e-05	0.078554	supercritical
576.0	800.75	599.68	0.0016675	545.55	679.08	1.9402	0.94964	1.4261	590.4	0.010211	5.6423e-05	0.078703	supercritical
576.0	804.0	601.08	0.0016637	545.28	679.04	1.9392	0.94978	1.4261	591.64	0.0098992	5.6572e-05	0.07885	supercritical
576.0	807.25	602.47	0.0016598	545.0	678.99	1.9381	0.94992	1.4261	592.88	0.0095896	5.6722e-05	0.078998	supercritical
576.0	810.5	603.86	0.001656	544.73	678.95	1.9371	0.95006	1.4262	594.12	0.0092826	5.6871e-05	0.079145	supercritical
576.0	813.75	605.24	0.0016522	544.45	678.9	1.9361	0.9502	1.4262	595.35	0.0089783	5.702e-05	0.079292	supercritical
576.0	817.0	606.61	0.0016485	544.18	678.86	1.9351	0.95034	1.4262	596.58	0.0086765	5.7169e-05	0.079439	supercritical
576.0	820.25	607.98	0.0016448	543.91	678.82	1.9341	0.95048	1.4262	597.82	0.0083772	5.7318e-05	0.079585	supercritical
576.0	823.5	609.34	0.0016411	543.64	678.79	1.9331	0.95062	1.4262	599.05	0.0080804	5.7467e-05	0.079731	supercritical
576.0	826.75	610.7	0.0016375	543.37	678.75	1.9321	0.95076	1.4263	600.28	0.0077861	5.7616e-05	0.079877	supercritical
576.0	830.0	612.05	0.0016339	543.1	678.71	1.9312	0.9509	1.4263	601.51	0.0074943	5.7765e-05	0.080022	supercritical
576.0	833.25	613.39	0.0016303	542.84	678.68	1.9302	0.95103	1.4263	602.73	0.0072049	5.7913e-05	0.080168	supercritical
576.0	836.5	614.73	0.0016267	542.57	678.65	1.9292	0.95117	1.4263	603.96	0.0069178	5.8062e-05	0.080312	supercritical
576.0	839.75	616.06	0.0016232	542.31	678.62	1.9282	0.95131	1.4263	605.18	0.0066332	5.821e-05	0.080457	supercritical
576.0	843.0	617.39	0.0016197	542.04	678.59	1.9273	0.95145	1.4263	606.41	0.0063509	5.8359e-05	0.080601	supercritical
576.0	846.25	618.71	0.0016163	541.78	678.56	1.9263	0.95159	1.4263	607.63	0.0060709	5.8507e-05	0.080745	supercritical
576.0	849.5	620.03	0.0016128	541.52	678.53	1.9253	0.95172	1.4263	608.85	0.0057933	5.8655e-05	0.080889	supercritical
576.0	852.75	621.34	0.0016094	541.26	678.5	1.9244	0.95186	1.4263	610.07	0.0055179	5.8803e-05	0.081032	supercritical
576.0	856.0	622.65	0.0016061	541.0	678.48	1.9234	0.952	1.4263	611.29	0.0052447	5.8951e-05	0.081175	supercritical
576.0	859.25	623.95	0.0016027	540.74	678.45	1.9225	0.95214	1.4263	612.5	0.0049738	5.9098e-05	0.081318	supercritical
576.0	862.5	625.24	0.0015994	540.49	678.43	1.9215	0.95227	1.4263	613.72	0.0047051	5.9246e-05	0.081461	supercritical
576.0	865.75	626.53	0.0015961	540.23	678.41	1.9206	0.95241	1.4263	614.93	0.0044386	5.9393e-05	0.081603	supercritical
576.0	869.0	627.82	0.0015928	539.97	678.39	1.9197	0.95255	1.4262	616.14	0.0041742	5.9541e-05	0.081745	supercritical
576.0	872.25	629.09	0.0015896	539.72	678.37	1.9187	0.95268	1.4262	617.35	0.0039119	5.9688e-05	0.081887	supercritical
576.0	875.5	630.37	0.0015864	539.47	678.35	1.9178	0.95282	1.4262	618.56	0.0036518	5.9835e-05	0.082028	supercritical
576.0	878.75	631.64	0.0015832	539.22	678.34	1.9169	0.95295	1.4262	619.77	0.0033937	5.9982e-05	0.08217	supercritical
576.0	882.0	632.9	0.00158	538.97	678.32	1.916	0.95309	1.4262	620.98	0.0031377	6.0129e-05	0.082311	supercritical
576.0	885.25	634.16	0.0015769	538.72	678.31	1.9151	0.95322	1.4262	622.18	0.0028837	6.0276e-05	0.082451	supercritical
576.0	888.5	635.41	0.0015738	538.47	678.3	1.9141	0.95336	1.4261	623.38	0.0026318	6.0422e-05	0.082592	supercritical
576.0	891.75	636.66	0.0015707	538.22	678.29	1.9132	0.95349	1.4261	624.59	0.0023818	6.0569e-05	0.082732	supercritical
576.0	895.0	637.91	0.0015676	537.97	678.27	1.9123	0.95363	1.4261	625.79	0.0021338	6.0715e-05	0.082872	supercritical
576.0	898.25	639.14	0.0015646	537.73	678.27	1.9114	0.95376	1.4261	626.99	0.0018878	6.0862e-05	0.083012	supercritical
576.0	901.5	640.38	0.0015616	537.48	678.26	1.9105	0.9539	1.426	628.18	0.0016437	6.1008e-05	0.083151	supercritical
576.0	904.75	641.61	0.0015586	537.24	678.25	1.9096	0.95403	1.426	629.38	0.0014015	6.1154e-05	0.08329	supercritical
576.0	908.0	642.83	0.0015556	536.99	678.24	1.9088	0.95417	1.426	630.58	0.0011612	6.13e-05	0.083429	supercritical
576.0	911.25	644.05	0.0015527	536.75	678.24	1.9079	0.9543	1.4259	631.77	0.00092281	6.1446e-05	0.083568	supercritical
576.0	914.5	645.26	0.0015498	536.51	678.24	1.907	0.95444	1.4259	632.96	0.00068623	6.1591e-05	0.083706	supercritical
576.0	917.75	646.47	0.0015469	536.27	678.23	1.9061	0.95457	1.4259	634.15	0.00045149	6.1737e-05	0.083845	supercritical
576.0	921.0	647.68	0.001544	536.03	678.23	1.9052	0.9547	1.4258	635.34	0.00021856	6.1882e-05	0.083982	supercritical
576.0	924.25	648.88	0.0015411	535.79	678.23	1.9044	0.95484	1.4258	636.53	-1.2581e-05	6.2028e-05	0.08412	supercritical
576.0	927.5	650.07	0.0015383	535.56	678.23	1.9035	0.95497	1.4258	637.72	-0.00024195	6.2173e-05	0.084258	supercritical
576.0	930.75	651.26	0.0015355	535.32	678.23	1.9026	0.9551	1.4257	638.9	-0.00046956	6.2318e-05	0.084395	supercritical
576.0	934.0	652.45	0.0015327	535.08	678.24	1.9018	0.95524	1.4257	640.09	-0.00069544	6.2463e-05	0.084532	supercritical
576.0	937.25	653.63	0.0015299	534.85	678.24	1.9009	0.95537	1.4256	641.27	-0.0009196	6.2608e-05	0.084669	supercritical
576.0	940.5	654.81	0.0015272	534.61	678.24	1.9001	0.9555	1.4256	642.45	-0.0011421	6.2752e-05	0.084805	supercritical
576.0	943.75	655.98	0.0015244	534.38	678.25	1.8992	0.95564	1.4255	643.63	-0.0013628	6.2897e-05	0.084942	supercritical
576.0	947.0	657.15	0.0015217	534.15	678.26	1.8984	0.95577	1.4255	644.81	-0.001582	6.3041e-05	0.085078	supercritical
576.0	950.25	658.31	0.001519	533.92	678.26	1.8975	0.9559	1.4255	645.98	-0.0017994	6.3186e-05	0.085214	supercritical
576.0	953.5	659.47	0.0015164	533.69	678.27	1.8967	0.95603	1.4254	647.16	-0.0020153	6.333e-05	0.08535	supercritical
576.0	956.75	660.63	0.0015137	533.46	678.28	1.8958	0.95617	1.4254	648.33	-0.0022295	6.3474e-05	0.085485	supercritical
576.0	960.0	661.78	0.0015111	533.23	678.29	1.895	0.9563	1.4253	649.51	-0.0024421	6.3618e-05	0.08562	supercritical
576.0	963.25	662.92	0.0015085	533.0	678.31	1.8942	0.95643	1.4253	650.68	-0.0026532	6.3762e-05	0.085755	supercritical
576.0	966.5	664.07	0.0015059	532.78	678.32	1.8933	0.95656	1.4252	651.85	-0.0028627	6.3906e-05	0.08589	supercritical
576.0	969.75	665.2	0.0015033	532.55	678.33	1.8925	0.95669	1.4252	653.01	-0.0030706	6.4049e-05	0.086025	supercritical
576.0	973.0	666.34	0.0015007	532.33	678.35	1.8917	0.95682	1.4251	654.18	-0.003277	6.4193e-05	0.086159	supercritical
576.0	976.25	667.47	0.0014982	532.1	678.36	1.8909	0.95696	1.425	655.35	-0.0034819	6.4336e-05	0.086293	supercritical
576.0	979.5	668.59	0.0014957	531.88	678.38	1.8901	0.95709	1.425	656.51	-0.0036853	6.4479e-05	0.086427	supercritical
576.0	982.75	669.71	0.0014932	531.65	678.4	1.8893	0.95722	1.4249	657.67	-0.0038872	6.4623e-05	0.086561	supercritical
576.0	986.0	670.83	0.0014907	531.43	678.42	1.8884	0.95735	1.4249	658.83	-0.0040877	6.4766e-05	0.086695	supercritical
576.0	989.25	671.94	0.0014882	531.21	678.44	1.8876	0.95748	1.4248	659.99	-0.0042866	6.4908e-05	0.086828	supercritical
576.0	992.5	673.05	0.0014858	530.99	678.46	1.8868	0.95761	1.4248	661.15	-0.0044842	6.5051e-05	0.086961	supercritical
576.0	995.75	674.15	0.0014833	530.77	678.48	1.886	0.95774	1.4247	662.31	-0.0046803	6.5194e-05	0.087094	supercritical
576.0	999.0	675.25	0.0014809	530.55	678.5	1.8852	0.95787	1.4246	663.47	-0.004875	6.5336e-05	0.087227	supercritical
576.0	1002.2	676.35	0.0014785	530.34	678.52	1.8844	0.958	1.4246	664.62	-0.0050683	6.5479e-05	0.08736	supercritical
576.0	1005.5	677.44	0.0014761	530.12	678.55	1.8836	0.95814	1.4245	665.77	-0.0052602	6.5621e-05	0.087492	supercritical
576.0	1008.8	678.53	0.0014738	529.9	678.57	1.8829	0.95827	1.4245	666.92	-0.0054508	6.5763e-05	0.087624	supercritical
576.0	1012.0	679.61	0.0014714	529.69	678.6	1.8821	0.9584	1.4244	668.07	-0.0056399	6.5905e-05	0.087756	supercritical
576.0	1015.2	680.69	0.0014691	529.47	678.62	1.8813	0.95853	1.4243	669.22	-0.0058278	6.6047e-05	0.087888	supercritical
576.0	1018.5	681.77	0.0014668	529.26	678.65	1.8805	0.95866	1.4243	670.37	-0.0060143	6.6189e-05	0.08802	supercritical
576.0	1021.8	682.84	0.0014645	529.05	678.68	1.8797	0.95879	1.4242	671.52	-0.0061995	6.633e-05	0.088151	supercritical
576.0	1025.0	683.91	0.0014622	528.83	678.71	1.879	0.95892	1.4241	672.66	-0.0063833	6.6472e-05	0.088283	supercritical
576.0	1028.2	684.98	0.0014599	528.62	678.74	1.8782	0.95905	1.4241	673.8	-0.0065659	6.6613e-05	0.088414	supercritical
576.0	1031.5	686.04	0.0014576	528.41	678.77	1.8774	0.95918	1.424	674.94	-0.0067472	6.6754e-05	0.088545	supercritical
576.0	1034.8	687.09	0.0014554	528.2	678.8	1.8766	0.95931	1.4239	676.08	-0.0069273	6.6895e-05	0.088676	supercritical
576.0	1038.0	688.15	0.0014532	527.99	678.83	1.8759	0.95944	1.4239	677.22	-0.007106	6.7036e-05	0.088806	supercritical
576.0	1041.2	689.2	0.001451	527.78	678.87	1.8751	0.95956	1.4238	678.36	-0.0072836	6.7177e-05	0.088936	supercritical
576.0	1044.5	690.24	0.0014488	527.58	678.9	1.8744	0.95969	1.4237	679.5	-0.0074598	6.7318e-05	0.089067	supercritical
576.0	1047.8	691.29	0.0014466	527.37	678.93	1.8736	0.95982	1.4236	680.63	-0.0076349	6.7459e-05	0.089197	supercritical
576.0	1051.0	692.32	0.0014444	527.16	678.97	1.8729	0.95995	1.4236	681.76	-0.0078088	6.7599e-05	0.089327	supercritical
576.0	1054.2	693.36	0.0014423	526.96	679.01	1.8721	0.96008	1.4235	682.9	-0.0079814	6.774e-05	0.089456	supercritical
576.0	1057.5	694.39	0.0014401	526.75	679.04	1.8714	0.96021	1.4234	684.03	-0.0081529	6.788e-05	0.089586	supercritical
576.0	1060.8	695.42	0.001438	526.55	679.08	1.8706	0.96034	1.4233	685.15	-0.0083231	6.802e-05	0.089715	supercritical
576.0	1064.0	696.44	0.0014359	526.34	679.12	1.8699	0.96047	1.4233	686.28	-0.0084922	6.816e-05	0.089845	supercritical
576.0	1067.2	697.46	0.0014338	526.14	679.16	1.8691	0.9606	1.4232	687.41	-0.0086602	6.83e-05	0.089974	supercritical
576.0	1070.5	698.48	0.0014317	525.94	679.2	1.8684	0.96073	1.4231	688.53	-0.008827	6.844e-05	0.090102	supercritical
576.0	1073.8	699.49	0.0014296	525.74	679.24	1.8676	0.96086	1.4231	689.66	-0.0089927	6.8579e-05	0.090231	supercritical
576.0	1077.0	700.5	0.0014275	525.54	679.28	1.8669	0.96098	1.423	690.78	-0.0091572	6.8719e-05	0.09036	supercritical
576.0	1080.2	701.51	0.0014255	525.34	679.33	1.8662	0.96111	1.4229	691.9	-0.0093206	6.8858e-05	0.090488	supercritical
576.0	1083.5	702.52	0.0014235	525.14	679.37	1.8655	0.96124	1.4228	693.02	-0.0094829	6.8998e-05	0.090616	supercritical
576.0	1086.8	703.51	0.0014214	524.94	679.41	1.8647	0.96137	1.4227	694.14	-0.0096441	6.9137e-05	0.090744	supercritical
576.0	1090.0	704.51	0.0014194	524.74	679.46	1.864	0.9615	1.4227	695.25	-0.0098042	6.9276e-05	0.090872	supercritical
576.0	1093.2	705.5	0.0014174	524.55	679.51	1.8633	0.96163	1.4226	696.37	-0.0099633	6.9415e-05	0.091	supercritical
576.0	1096.5	706.49	0.0014154	524.35	679.55	1.8626	0.96175	1.4225	697.48	-0.010121	6.9554e-05	0.091128	supercritical
576.0	1099.8	707.48	0.0014135	524.15	679.6	1.8619	0.96188	1.4224	698.59	-0.010278	6.9692e-05	0.091255	supercritical
576.0	1103.0	708.46	0.0014115	523.96	679.65	1.8611	0.96201	1.4224	699.7	-0.010434	6.9831e-05	0.091383	supercritical
576.0	1106.2	709.44	0.0014096	523.76	679.7	1.8604	0.96214	1.4223	700.81	-0.010589	6.9969e-05	0.09151	supercritical
576.0	1109.5	710.42	0.0014076	523.57	679.74	1.8597	0.96227	1.4222	701.92	-0.010743	7.0108e-05	0.091637	supercritical
576.0	1112.8	711.39	0.0014057	523.38	679.79	1.859	0.9624	1.4221	703.03	-0.010895	7.0246e-05	0.091764	supercritical
576.0	1116.0	712.36	0.0014038	523.18	679.85	1.8583	0.96252	1.422	704.13	-0.011047	7.0384e-05	0.091891	supercritical
576.0	1119.2	713.33	0.0014019	522.99	679.9	1.8576	0.96265	1.422	705.23	-0.011198	7.0522e-05	0.092017	supercritical
576.0	1122.5	714.29	0.0014	522.8	679.95	1.8569	0.96278	1.4219	706.34	-0.011347	7.066e-05	0.092144	supercritical
576.0	1125.8	715.25	0.0013981	522.61	680.0	1.8562	0.96291	1.4218	707.44	-0.011496	7.0797e-05	0.09227	supercritical
576.0	1129.0	716.21	0.0013962	522.42	680.06	1.8555	0.96303	1.4217	708.54	-0.011644	7.0935e-05	0.092396	supercritical
576.0	1132.2	717.17	0.0013944	522.23	680.11	1.8548	0.96316	1.4216	709.63	-0.011791	7.1073e-05	0.092522	supercritical
576.0	1135.5	718.12	0.0013925	522.04	680.16	1.8541	0.96329	1.4216	710.73	-0.011937	7.121e-05	0.092648	supercritical
576.0	1138.8	719.07	0.0013907	521.85	680.22	1.8534	0.96342	1.4215	711.83	-0.012081	7.1347e-05	0.092774	supercritical
576.0	1142.0	720.01	0.0013889	521.67	680.28	1.8528	0.96354	1.4214	712.92	-0.012225	7.1484e-05	0.092899	supercritical
576.0	1145.2	720.95	0.0013871	521.48	680.33	1.8521	0.96367	1.4213	714.01	-0.012368	7.1621e-05	0.093025	supercritical
576.0	1148.5	721.89	0.0013853	521.29	680.39	1.8514	0.9638	1.4212	715.1	-0.01251	7.1758e-05	0.09315	supercritical
576.0	1151.8	722.83	0.0013835	521.11	680.45	1.8507	0.96392	1.4211	716.19	-0.012651	7.1895e-05	0.093276	supercritical
576.0	1155.0	723.76	0.0013817	520.92	680.51	1.85	0.96405	1.4211	717.28	-0.012791	7.2032e-05	0.093401	supercritical
576.0	1158.2	724.69	0.0013799	520.74	680.57	1.8493	0.96418	1.421	718.37	-0.012931	7.2168e-05	0.093526	supercritical
576.0	1161.5	725.62	0.0013781	520.56	680.63	1.8487	0.96431	1.4209	719.45	-0.013069	7.2305e-05	0.09365	supercritical
576.0	1164.8	726.54	0.0013764	520.37	680.69	1.848	0.96443	1.4208	720.54	-0.013206	7.2441e-05	0.093775	supercritical
576.0	1168.0	727.46	0.0013746	520.19	680.75	1.8473	0.96456	1.4207	721.62	-0.013343	7.2577e-05	0.0939	supercritical
576.0	1171.2	728.38	0.0013729	520.01	680.81	1.8467	0.96469	1.4206	722.7	-0.013479	7.2713e-05	0.094024	supercritical
576.0	1174.5	729.29	0.0013712	519.83	680.87	1.846	0.96481	1.4206	723.78	-0.013613	7.2849e-05	0.094149	supercritical
576.0	1177.8	730.2	0.0013695	519.65	680.94	1.8453	0.96494	1.4205	724.86	-0.013747	7.2985e-05	0.094273	supercritical
576.0	1181.0	731.11	0.0013678	519.47	681.0	1.8447	0.96507	1.4204	725.93	-0.01388	7.3121e-05	0.094397	supercritical
576.0	1184.2	732.02	0.0013661	519.29	681.06	1.844	0.96519	1.4203	727.01	-0.014013	7.3256e-05	0.094521	supercritical
576.0	1187.5	732.92	0.0013644	519.11	681.13	1.8434	0.96532	1.4202	728.08	-0.014144	7.3392e-05	0.094645	supercritical
576.0	1190.8	733.82	0.0013627	518.93	681.19	1.8427	0.96545	1.4201	729.16	-0.014274	7.3527e-05	0.094769	supercritical
576.0	1194.0	734.72	0.0013611	518.75	681.26	1.842	0.96557	1.4201	730.23	-0.014404	7.3663e-05	0.094892	supercritical
576.0	1197.2	735.62	0.0013594	518.57	681.33	1.8414	0.9657	1.42	731.3	-0.014533	7.3798e-05	0.095016	supercritical
576.0	1200.5	736.51	0.0013578	518.4	681.4	1.8407	0.96583	1.4199	732.37	-0.014661	7.3933e-05	0.095139	supercritical
576.0	1203.8	737.4	0.0013561	518.22	681.46	1.8401	0.96595	1.4198	733.43	-0.014788	7.4068e-05	0.095262	supercritical
576.0	1207.0	738.28	0.0013545	518.04	681.53	1.8395	0.96608	1.4197	734.5	-0.014915	7.4203e-05	0.095385	supercritical
576.0	1210.2	739.17	0.0013529	517.87	681.6	1.8388	0.9662	1.4196	735.56	-0.01504	7.4337e-05	0.095508	supercritical
576.0	1213.5	740.05	0.0013513	517.69	681.67	1.8382	0.96633	1.4196	736.62	-0.015165	7.4472e-05	0.095631	supercritical
576.0	1216.8	740.93	0.0013497	517.52	681.74	1.8375	0.96646	1.4195	737.69	-0.015289	7.4606e-05	0.095754	supercritical
576.0	1220.0	741.8	0.0013481	517.35	681.81	1.8369	0.96658	1.4194	738.75	-0.015412	7.4741e-05	0.095877	supercritical
576.0	1223.2	742.68	0.0013465	517.17	681.88	1.8363	0.96671	1.4193	739.8	-0.015534	7.4875e-05	0.096	supercritical
576.0	1226.5	743.55	0.0013449	517.0	681.95	1.8356	0.96683	1.4192	740.86	-0.015656	7.5009e-05	0.096122	supercritical
576.0	1229.8	744.42	0.0013433	516.83	682.03	1.835	0.96696	1.4191	741.92	-0.015777	7.5143e-05	0.096244	supercritical
576.0	1233.0	745.28	0.0013418	516.66	682.1	1.8344	0.96709	1.4191	742.97	-0.015897	7.5277e-05	0.096367	supercritical
576.0	1236.2	746.14	0.0013402	516.49	682.17	1.8337	0.96721	1.419	744.02	-0.016016	7.5411e-05	0.096489	supercritical
576.0	1239.5	747.0	0.0013387	516.32	682.25	1.8331	0.96734	1.4189	745.08	-0.016135	7.5545e-05	0.096611	supercritical
576.0	1242.8	747.86	0.0013371	516.15	682.32	1.8325	0.96746	1.4188	746.13	-0.016253	7.5678e-05	0.096733	supercritical
576.0	1246.0	748.72	0.0013356	515.98	682.4	1.8319	0.96759	1.4187	747.17	-0.01637	7.5812e-05	0.096855	supercritical
576.0	1249.2	749.57	0.0013341	515.81	682.47	1.8312	0.96772	1.4186	748.22	-0.016486	7.5945e-05	0.096977	supercritical
576.0	1252.5	750.42	0.0013326	515.64	682.55	1.8306	0.96784	1.4186	749.27	-0.016602	7.6078e-05	0.097098	supercritical
576.0	1255.8	751.27	0.0013311	515.48	682.63	1.83	0.96797	1.4185	750.31	-0.016717	7.6212e-05	0.09722	supercritical
576.0	1259.0	752.11	0.0013296	515.31	682.7	1.8294	0.96809	1.4184	751.35	-0.016831	7.6345e-05	0.097341	supercritical
576.0	1262.2	752.95	0.0013281	515.14	682.78	1.8288	0.96822	1.4183	752.4	-0.016944	7.6478e-05	0.097463	supercritical
576.0	1265.5	753.79	0.0013266	514.98	682.86	1.8281	0.96834	1.4182	753.44	-0.017057	7.661e-05	0.097584	supercritical
576.0	1268.8	754.63	0.0013252	514.81	682.94	1.8275	0.96847	1.4181	754.47	-0.017169	7.6743e-05	0.097705	supercritical
576.0	1272.0	755.46	0.0013237	514.65	683.02	1.8269	0.96859	1.4181	755.51	-0.017281	7.6876e-05	0.097826	supercritical
576.0	1275.2	756.3	0.0013222	514.48	683.1	1.8263	0.96872	1.418	756.55	-0.017391	7.7008e-05	0.097947	supercritical
576.0	1278.5	757.13	0.0013208	514.32	683.18	1.8257	0.96884	1.4179	757.58	-0.017501	7.7141e-05	0.098068	supercritical
576.0	1281.8	757.95	0.0013193	514.15	683.26	1.8251	0.96897	1.4178	758.61	-0.01761	7.7273e-05	0.098189	supercritical
576.0	1285.0	758.78	0.0013179	513.99	683.34	1.8245	0.96909	1.4177	759.65	-0.017719	7.7405e-05	0.098309	supercritical
576.0	1288.2	759.6	0.0013165	513.83	683.42	1.8239	0.96922	1.4176	760.68	-0.017827	7.7537e-05	0.09843	supercritical
576.0	1291.5	760.42	0.0013151	513.67	683.51	1.8233	0.96934	1.4176	761.71	-0.017934	7.767e-05	0.098551	supercritical
576.0	1294.8	761.24	0.0013136	513.5	683.59	1.8227	0.96947	1.4175	762.73	-0.018041	7.7801e-05	0.098671	supercritical
576.0	1298.0	762.06	0.0013122	513.34	683.67	1.8221	0.96959	1.4174	763.76	-0.018147	7.7933e-05	0.098791	supercritical
576.0	1301.2	762.87	0.0013108	513.18	683.76	1.8215	0.96972	1.4173	764.78	-0.018252	7.8065e-05	0.098912	supercritical
576.0	1304.5	763.68	0.0013094	513.02	683.84	1.8209	0.96984	1.4172	765.81	-0.018357	7.8197e-05	0.099032	supercritical
576.0	1307.8	764.49	0.0013081	512.86	683.92	1.8203	0.96997	1.4172	766.83	-0.018461	7.8328e-05	0.099152	supercritical
576.0	1311.0	765.29	0.0013067	512.7	684.01	1.8197	0.97009	1.4171	767.85	-0.018564	7.8459e-05	0.099272	supercritical
576.0	1314.2	766.1	0.0013053	512.54	684.1	1.8192	0.97022	1.417	768.87	-0.018667	7.8591e-05	0.099392	supercritical
576.0	1317.5	766.9	0.0013039	512.39	684.18	1.8186	0.97034	1.4169	769.89	-0.018769	7.8722e-05	0.099512	supercritical
576.0	1320.8	767.7	0.0013026	512.23	684.27	1.818	0.97047	1.4168	770.9	-0.018871	7.8853e-05	0.099631	supercritical
576.0	1324.0	768.5	0.0013012	512.07	684.36	1.8174	0.97059	1.4168	771.92	-0.018971	7.8984e-05	0.099751	supercritical
576.0	1327.2	769.29	0.0012999	511.91	684.44	1.8168	0.97072	1.4167	772.93	-0.019072	7.9115e-05	0.099871	supercritical
576.0	1330.5	770.09	0.0012986	511.76	684.53	1.8162	0.97084	1.4166	773.94	-0.019171	7.9246e-05	0.09999	supercritical
576.0	1333.8	770.88	0.0012972	511.6	684.62	1.8157	0.97097	1.4165	774.95	-0.01927	7.9376e-05	0.10011	supercritical
576.0	1337.0	771.66	0.0012959	511.45	684.71	1.8151	0.97109	1.4164	775.96	-0.019369	7.9507e-05	0.10023	supercritical
576.0	1340.2	772.45	0.0012946	511.29	684.8	1.8145	0.97122	1.4164	776.97	-0.019467	7.9637e-05	0.10035	supercritical
576.0	1343.5	773.23	0.0012933	511.14	684.89	1.8139	0.97134	1.4163	777.98	-0.019564	7.9768e-05	0.10047	supercritical
576.0	1346.8	774.02	0.001292	510.98	684.98	1.8134	0.97146	1.4162	778.98	-0.019661	7.9898e-05	0.10059	supercritical
576.0	1350.0	774.8	0.0012907	510.83	685.07	1.8128	0.97159	1.4161	779.99	-0.019757	8.0028e-05	0.10071	supercritical
576.0	1353.2	775.57	0.0012894	510.68	685.16	1.8122	0.97171	1.416	780.99	-0.019852	8.0158e-05	0.10082	supercritical
576.0	1356.5	776.35	0.0012881	510.52	685.25	1.8117	0.97184	1.416	781.99	-0.019947	8.0288e-05	0.10094	supercritical
576.0	1359.8	777.12	0.0012868	510.37	685.34	1.8111	0.97196	1.4159	782.99	-0.020041	8.0418e-05	0.10106	supercritical
576.0	1363.0	777.89	0.0012855	510.22	685.44	1.8105	0.97209	1.4158	783.99	-0.020135	8.0548e-05	0.10118	supercritical
576.0	1366.2	778.66	0.0012843	510.07	685.53	1.81	0.97221	1.4157	784.98	-0.020228	8.0678e-05	0.1013	supercritical
576.0	1369.5	779.43	0.001283	509.92	685.62	1.8094	0.97233	1.4157	785.98	-0.020321	8.0807e-05	0.10142	supercritical
576.0	1372.8	780.19	0.0012817	509.77	685.72	1.8088	0.97246	1.4156	786.97	-0.020413	8.0937e-05	0.10154	supercritical
576.0	1376.0	780.96	0.0012805	509.62	685.81	1.8083	0.97258	1.4155	787.97	-0.020505	8.1066e-05	0.10165	supercritical
576.0	1379.2	781.72	0.0012792	509.47	685.9	1.8077	0.97271	1.4154	788.96	-0.020596	8.1196e-05	0.10177	supercritical
576.0	1382.5	782.48	0.001278	509.32	686.0	1.8072	0.97283	1.4154	789.95	-0.020686	8.1325e-05	0.10189	supercritical
576.0	1385.8	783.23	0.0012768	509.17	686.09	1.8066	0.97295	1.4153	790.94	-0.020776	8.1454e-05	0.10201	supercritical
576.0	1389.0	783.99	0.0012755	509.02	686.19	1.8061	0.97308	1.4152	791.92	-0.020865	8.1583e-05	0.10213	supercritical
576.0	1392.2	784.74	0.0012743	508.87	686.29	1.8055	0.9732	1.4151	792.91	-0.020954	8.1712e-05	0.10225	supercritical
576.0	1395.5	785.49	0.0012731	508.72	686.38	1.8049	0.97333	1.4151	793.89	-0.021043	8.1841e-05	0.10236	supercritical
576.0	1398.8	786.24	0.0012719	508.58	686.48	1.8044	0.97345	1.415	794.88	-0.02113	8.197e-05	0.10248	supercritical
576.0	1402.0	786.99	0.0012707	508.43	686.58	1.8038	0.97357	1.4149	795.86	-0.021218	8.2098e-05	0.1026	supercritical
576.0	1405.2	787.73	0.0012695	508.28	686.68	1.8033	0.9737	1.4148	796.84	-0.021304	8.2227e-05	0.10272	supercritical
576.0	1408.5	788.47	0.0012683	508.14	686.77	1.8028	0.97382	1.4148	797.82	-0.021391	8.2355e-05	0.10283	supercritical
576.0	1411.8	789.22	0.0012671	507.99	686.87	1.8022	0.97395	1.4147	798.8	-0.021476	8.2484e-05	0.10295	supercritical
576.0	1415.0	789.95	0.0012659	507.85	686.97	1.8017	0.97407	1.4146	799.77	-0.021562	8.2612e-05	0.10307	supercritical
576.0	1418.2	790.69	0.0012647	507.7	687.07	1.8011	0.97419	1.4146	800.75	-0.021646	8.274e-05	0.10319	supercritical
576.0	1421.5	791.43	0.0012635	507.56	687.17	1.8006	0.97432	1.4145	801.72	-0.021731	8.2868e-05	0.10331	supercritical
576.0	1424.8	792.16	0.0012624	507.41	687.27	1.8001	0.97444	1.4144	802.69	-0.021814	8.2996e-05	0.10342	supercritical
576.0	1428.0	792.89	0.0012612	507.27	687.37	1.7995	0.97456	1.4143	803.66	-0.021897	8.3124e-05	0.10354	supercritical
576.0	1431.2	793.62	0.00126	507.13	687.47	1.799	0.97469	1.4143	804.63	-0.02198	8.3252e-05	0.10366	supercritical
576.0	1434.5	794.35	0.0012589	506.98	687.57	1.7984	0.97481	1.4142	805.6	-0.022063	8.338e-05	0.10377	supercritical
576.0	1437.8	795.07	0.0012577	506.84	687.67	1.7979	0.97493	1.4141	806.57	-0.022144	8.3508e-05	0.10389	supercritical
576.0	1441.0	795.8	0.0012566	506.7	687.78	1.7974	0.97506	1.4141	807.54	-0.022226	8.3635e-05	0.10401	supercritical
576.0	1444.2	796.52	0.0012555	506.56	687.88	1.7968	0.97518	1.414	808.5	-0.022306	8.3763e-05	0.10413	supercritical
576.0	1447.5	797.24	0.0012543	506.42	687.98	1.7963	0.9753	1.4139	809.46	-0.022387	8.389e-05	0.10424	supercritical
576.0	1450.8	797.96	0.0012532	506.28	688.08	1.7958	0.97543	1.4138	810.42	-0.022467	8.4018e-05	0.10436	supercritical
576.0	1454.0	798.67	0.0012521	506.14	688.19	1.7953	0.97555	1.4138	811.39	-0.022546	8.4145e-05	0.10448	supercritical
576.0	1457.2	799.39	0.001251	506.0	688.29	1.7947	0.97567	1.4137	812.34	-0.022625	8.4272e-05	0.10459	supercritical
576.0	1460.5	800.1	0.0012498	505.86	688.4	1.7942	0.9758	1.4136	813.3	-0.022704	8.4399e-05	0.10471	supercritical
576.0	1463.8	800.81	0.0012487	505.72	688.5	1.7937	0.97592	1.4136	814.26	-0.022782	8.4526e-05	0.10483	supercritical
576.0	1467.0	801.52	0.0012476	505.58	688.6	1.7932	0.97604	1.4135	815.21	-0.022859	8.4653e-05	0.10494	supercritical
576.0	1470.2	802.23	0.0012465	505.44	688.71	1.7926	0.97617	1.4134	816.17	-0.022937	8.478e-05	0.10506	supercritical
576.0	1473.5	802.93	0.0012454	505.3	688.82	1.7921	0.97629	1.4134	817.12	-0.023013	8.4906e-05	0.10518	supercritical
576.0	1476.8	803.64	0.0012443	505.16	688.92	1.7916	0.97641	1.4133	818.07	-0.02309	8.5033e-05	0.10529	supercritical
576.0	1480.0	804.34	0.0012433	505.03	689.03	1.7911	0.97654	1.4132	819.02	-0.023165	8.516e-05	0.10541	supercritical
576.0	1483.2	805.04	0.0012422	504.89	689.13	1.7906	0.97666	1.4132	819.97	-0.023241	8.5286e-05	0.10553	supercritical
576.0	1486.5	805.74	0.0012411	504.75	689.24	1.7901	0.97678	1.4131	820.92	-0.023316	8.5413e-05	0.10564	supercritical
576.0	1489.8	806.43	0.00124	504.62	689.35	1.7895	0.9769	1.413	821.86	-0.02339	8.5539e-05	0.10576	supercritical
576.0	1493.0	807.13	0.001239	504.48	689.46	1.789	0.97703	1.413	822.81	-0.023464	8.5665e-05	0.10587	supercritical
576.0	1496.2	807.82	0.0012379	504.34	689.56	1.7885	0.97715	1.4129	823.75	-0.023538	8.5791e-05	0.10599	supercritical
576.0	1499.5	808.51	0.0012368	504.21	689.67	1.788	0.97727	1.4129	824.69	-0.023611	8.5917e-05	0.10611	supercritical
576.0	1502.8	809.2	0.0012358	504.07	689.78	1.7875	0.9774	1.4128	825.63	-0.023684	8.6043e-05	0.10622	supercritical
576.0	1506.0	809.89	0.0012347	503.94	689.89	1.787	0.97752	1.4127	826.57	-0.023757	8.6169e-05	0.10634	supercritical
576.0	1509.2	810.58	0.0012337	503.81	690.0	1.7865	0.97764	1.4127	827.51	-0.023829	8.6295e-05	0.10645	supercritical
576.0	1512.5	811.26	0.0012326	503.67	690.11	1.786	0.97776	1.4126	828.45	-0.0239	8.6421e-05	0.10657	supercritical
576.0	1515.8	811.95	0.0012316	503.54	690.22	1.7855	0.97789	1.4125	829.39	-0.023972	8.6546e-05	0.10669	supercritical
576.0	1519.0	812.63	0.0012306	503.4	690.33	1.785	0.97801	1.4125	830.32	-0.024043	8.6672e-05	0.1068	supercritical
576.0	1522.2	813.31	0.0012295	503.27	690.44	1.7845	0.97813	1.4124	831.25	-0.024113	8.6797e-05	0.10692	supercritical
576.0	1525.5	813.99	0.0012285	503.14	690.55	1.784	0.97825	1.4123	832.18	-0.024183	8.6923e-05	0.10703	supercritical
576.0	1528.8	814.66	0.0012275	503.01	690.66	1.7835	0.97838	1.4123	833.12	-0.024253	8.7048e-05	0.10715	supercritical
576.0	1532.0	815.34	0.0012265	502.88	690.77	1.783	0.9785	1.4122	834.04	-0.024322	8.7173e-05	0.10727	supercritical
576.0	1535.2	816.01	0.0012255	502.74	690.88	1.7825	0.97862	1.4122	834.97	-0.024391	8.7299e-05	0.10738	supercritical
576.0	1538.5	816.69	0.0012245	502.61	691.0	1.782	0.97874	1.4121	835.9	-0.024459	8.7424e-05	0.1075	supercritical
576.0	1541.8	817.36	0.0012235	502.48	691.11	1.7815	0.97887	1.412	836.83	-0.024527	8.7549e-05	0.10761	supercritical
576.0	1545.0	818.02	0.0012225	502.35	691.22	1.781	0.97899	1.412	837.75	-0.024595	8.7674e-05	0.10773	supercritical
576.0	1548.2	818.69	0.0012215	502.22	691.33	1.7805	0.97911	1.4119	838.67	-0.024662	8.7799e-05	0.10784	supercritical
576.0	1551.5	819.36	0.0012205	502.09	691.45	1.78	0.97923	1.4119	839.59	-0.024729	8.7923e-05	0.10796	supercritical
576.0	1554.8	820.02	0.0012195	501.96	691.56	1.7795	0.97936	1.4118	840.52	-0.024796	8.8048e-05	0.10807	supercritical
576.0	1558.0	820.68	0.0012185	501.83	691.68	1.779	0.97948	1.4117	841.43	-0.024862	8.8173e-05	0.10819	supercritical
576.0	1561.2	821.34	0.0012175	501.7	691.79	1.7785	0.9796	1.4117	842.35	-0.024928	8.8297e-05	0.1083	supercritical
576.0	1564.5	822.0	0.0012165	501.58	691.9	1.778	0.97972	1.4116	843.27	-0.024994	8.8422e-05	0.10842	supercritical
576.0	1567.8	822.66	0.0012156	501.45	692.02	1.7776	0.97984	1.4116	844.19	-0.025059	8.8546e-05	0.10853	supercritical
576.0	1571.0	823.32	0.0012146	501.32	692.13	1.7771	0.97997	1.4115	845.1	-0.025123	8.8671e-05	0.10865	supercritical
576.0	1574.2	823.97	0.0012136	501.19	692.25	1.7766	0.98009	1.4115	846.01	-0.025188	8.8795e-05	0.10876	supercritical
576.0	1577.5	824.63	0.0012127	501.07	692.37	1.7761	0.98021	1.4114	846.93	-0.025252	8.8919e-05	0.10888	supercritical
576.0	1580.8	825.28	0.0012117	500.94	692.48	1.7756	0.98033	1.4113	847.84	-0.025316	8.9043e-05	0.10899	supercritical
576.0	1584.0	825.93	0.0012108	500.81	692.6	1.7751	0.98045	1.4113	848.75	-0.025379	8.9167e-05	0.10911	supercritical
576.0	1587.2	826.58	0.0012098	500.69	692.71	1.7747	0.98058	1.4112	849.65	-0.025442	8.9291e-05	0.10922	supercritical
576.0	1590.5	827.22	0.0012089	500.56	692.83	1.7742	0.9807	1.4112	850.56	-0.025505	8.9415e-05	0.10934	supercritical
576.0	1593.8	827.87	0.0012079	500.44	692.95	1.7737	0.98082	1.4111	851.47	-0.025567	8.9539e-05	0.10945	supercritical
576.0	1597.0	828.51	0.001207	500.31	693.07	1.7732	0.98094	1.4111	852.37	-0.025629	8.9663e-05	0.10957	supercritical
576.0	1600.2	829.16	0.001206	500.19	693.18	1.7727	0.98106	1.411	853.27	-0.025691	8.9786e-05	0.10968	supercritical
576.0	1603.5	829.8	0.0012051	500.06	693.3	1.7723	0.98119	1.411	854.18	-0.025752	8.991e-05	0.1098	supercritical
576.0	1606.8	830.44	0.0012042	499.94	693.42	1.7718	0.98131	1.4109	855.08	-0.025813	9.0034e-05	0.10991	supercritical
576.0	1610.0	831.07	0.0012033	499.81	693.54	1.7713	0.98143	1.4108	855.98	-0.025874	9.0157e-05	0.11003	supercritical
576.0	1613.2	831.71	0.0012023	499.69	693.66	1.7708	0.98155	1.4108	856.88	-0.025934	9.028e-05	0.11014	supercritical
576.0	1616.5	832.35	0.0012014	499.57	693.78	1.7704	0.98167	1.4107	857.77	-0.025994	9.0404e-05	0.11026	supercritical
576.0	1619.8	832.98	0.0012005	499.44	693.89	1.7699	0.98179	1.4107	858.67	-0.026054	9.0527e-05	0.11037	supercritical
576.0	1623.0	833.61	0.0011996	499.32	694.01	1.7694	0.98192	1.4106	859.57	-0.026113	9.065e-05	0.11049	supercritical
576.0	1626.2	834.25	0.0011987	499.2	694.13	1.769	0.98204	1.4106	860.46	-0.026172	9.0773e-05	0.1106	supercritical
576.0	1629.5	834.88	0.0011978	499.08	694.25	1.7685	0.98216	1.4105	861.35	-0.026231	9.0896e-05	0.11071	supercritical
576.0	1632.8	835.5	0.0011969	498.95	694.37	1.768	0.98228	1.4105	862.24	-0.026289	9.1019e-05	0.11083	supercritical
576.0	1636.0	836.13	0.001196	498.83	694.5	1.7676	0.9824	1.4104	863.13	-0.026347	9.1142e-05	0.11094	supercritical
576.0	1639.2	836.76	0.0011951	498.71	694.62	1.7671	0.98252	1.4104	864.02	-0.026405	9.1265e-05	0.11106	supercritical
576.0	1642.5	837.38	0.0011942	498.59	694.74	1.7666	0.98265	1.4103	864.91	-0.026463	9.1388e-05	0.11117	supercritical
576.0	1645.8	838.0	0.0011933	498.47	694.86	1.7662	0.98277	1.4103	865.8	-0.02652	9.1511e-05	0.11129	supercritical
576.0	1649.0	838.62	0.0011924	498.35	694.98	1.7657	0.98289	1.4102	866.68	-0.026577	9.1633e-05	0.1114	supercritical
576.0	1652.2	839.24	0.0011915	498.23	695.1	1.7653	0.98301	1.4102	867.57	-0.026633	9.1756e-05	0.11151	supercritical
576.0	1655.5	839.86	0.0011907	498.11	695.22	1.7648	0.98313	1.4101	868.45	-0.026689	9.1878e-05	0.11163	supercritical
576.0	1658.8	840.48	0.0011898	497.99	695.35	1.7643	0.98325	1.4101	869.33	-0.026745	9.2001e-05	0.11174	supercritical
576.0	1662.0	841.1	0.0011889	497.87	695.47	1.7639	0.98337	1.41	870.22	-0.026801	9.2123e-05	0.11186	supercritical
576.0	1665.2	841.71	0.0011881	497.75	695.59	1.7634	0.9835	1.41	871.09	-0.026857	9.2245e-05	0.11197	supercritical
576.0	1668.5	842.33	0.0011872	497.63	695.72	1.763	0.98362	1.4099	871.97	-0.026912	9.2368e-05	0.11208	supercritical
576.0	1671.8	842.94	0.0011863	497.52	695.84	1.7625	0.98374	1.4099	872.85	-0.026966	9.249e-05	0.1122	supercritical
576.0	1675.0	843.55	0.0011855	497.4	695.96	1.7621	0.98386	1.4098	873.73	-0.027021	9.2612e-05	0.11231	supercritical
576.0	1678.2	844.16	0.0011846	497.28	696.09	1.7616	0.98398	1.4098	874.6	-0.027075	9.2734e-05	0.11243	supercritical
576.0	1681.5	844.77	0.0011838	497.16	696.21	1.7611	0.9841	1.4097	875.48	-0.027129	9.2856e-05	0.11254	supercritical
576.0	1684.8	845.37	0.0011829	497.04	696.34	1.7607	0.98422	1.4097	876.35	-0.027183	9.2978e-05	0.11265	supercritical
576.0	1688.0	845.98	0.0011821	496.93	696.46	1.7602	0.98434	1.4096	877.22	-0.027236	9.31e-05	0.11277	supercritical
576.0	1691.2	846.58	0.0011812	496.81	696.59	1.7598	0.98446	1.4096	878.09	-0.027289	9.3221e-05	0.11288	supercritical
576.0	1694.5	847.18	0.0011804	496.69	696.71	1.7593	0.98458	1.4096	878.96	-0.027342	9.3343e-05	0.113	supercritical
576.0	1697.8	847.79	0.0011795	496.58	696.84	1.7589	0.98471	1.4095	879.83	-0.027395	9.3465e-05	0.11311	supercritical
576.0	1701.0	848.39	0.0011787	496.46	696.96	1.7585	0.98483	1.4095	880.7	-0.027447	9.3586e-05	0.11322	supercritical
576.0	1704.2	848.99	0.0011779	496.35	697.09	1.758	0.98495	1.4094	881.56	-0.027499	9.3708e-05	0.11334	supercritical
576.0	1707.5	849.58	0.001177	496.23	697.21	1.7576	0.98507	1.4094	882.43	-0.027551	9.3829e-05	0.11345	supercritical
576.0	1710.8	850.18	0.0011762	496.12	697.34	1.7571	0.98519	1.4093	883.29	-0.027602	9.3951e-05	0.11356	supercritical
576.0	1714.0	850.78	0.0011754	496.0	697.47	1.7567	0.98531	1.4093	884.16	-0.027653	9.4072e-05	0.11368	supercritical
576.0	1717.2	851.37	0.0011746	495.89	697.59	1.7562	0.98543	1.4092	885.02	-0.027704	9.4193e-05	0.11379	supercritical
576.0	1720.5	851.96	0.0011738	495.77	697.72	1.7558	0.98555	1.4092	885.88	-0.027755	9.4315e-05	0.11391	supercritical
576.0	1723.8	852.55	0.0011729	495.66	697.85	1.7553	0.98567	1.4091	886.74	-0.027805	9.4436e-05	0.11402	supercritical
576.0	1727.0	853.14	0.0011721	495.55	697.97	1.7549	0.98579	1.4091	887.6	-0.027856	9.4557e-05	0.11413	supercritical
576.0	1730.2	853.73	0.0011713	495.43	698.1	1.7545	0.98591	1.4091	888.46	-0.027906	9.4678e-05	0.11425	supercritical
576.0	1733.5	854.32	0.0011705	495.32	698.23	1.754	0.98603	1.409	889.31	-0.027955	9.4799e-05	0.11436	supercritical
576.0	1736.8	854.91	0.0011697	495.21	698.36	1.7536	0.98615	1.409	890.17	-0.028005	9.492e-05	0.11447	supercritical
576.0	1740.0	855.49	0.0011689	495.1	698.49	1.7532	0.98628	1.4089	891.02	-0.028054	9.5041e-05	0.11459	supercritical
576.0	1743.2	856.08	0.0011681	494.98	698.62	1.7527	0.9864	1.4089	891.87	-0.028103	9.5161e-05	0.1147	supercritical
576.0	1746.5	856.66	0.0011673	494.87	698.74	1.7523	0.98652	1.4089	892.73	-0.028151	9.5282e-05	0.11481	supercritical
576.0	1749.8	857.24	0.0011665	494.76	698.87	1.7518	0.98664	1.4088	893.58	-0.0282	9.5403e-05	0.11493	supercritical
576.0	1753.0	857.82	0.0011657	494.65	699.0	1.7514	0.98676	1.4088	894.43	-0.028248	9.5523e-05	0.11504	supercritical
576.0	1756.2	858.4	0.001165	494.54	699.13	1.751	0.98688	1.4087	895.28	-0.028296	9.5644e-05	0.11515	supercritical
576.0	1759.5	858.98	0.0011642	494.43	699.26	1.7505	0.987	1.4087	896.12	-0.028344	9.5764e-05	0.11527	supercritical
576.0	1762.8	859.56	0.0011634	494.31	699.39	1.7501	0.98712	1.4086	896.97	-0.028391	9.5885e-05	0.11538	supercritical
576.0	1766.0	860.13	0.0011626	494.2	699.52	1.7497	0.98724	1.4086	897.82	-0.028438	9.6005e-05	0.11549	supercritical
576.0	1769.2	860.71	0.0011618	494.09	699.65	1.7493	0.98736	1.4086	898.66	-0.028485	9.6126e-05	0.11561	supercritical
576.0	1772.5	861.28	0.0011611	493.98	699.78	1.7488	0.98748	1.4085	899.5	-0.028532	9.6246e-05	0.11572	supercritical
576.0	1775.8	861.85	0.0011603	493.87	699.91	1.7484	0.9876	1.4085	900.35	-0.028578	9.6366e-05	0.11583	supercritical
576.0	1779.0	862.42	0.0011595	493.76	700.04	1.748	0.98772	1.4084	901.19	-0.028625	9.6486e-05	0.11595	supercritical
576.0	1782.2	862.99	0.0011588	493.66	700.17	1.7475	0.98784	1.4084	902.03	-0.028671	9.6606e-05	0.11606	supercritical
576.0	1785.5	863.56	0.001158	493.55	700.31	1.7471	0.98796	1.4084	902.87	-0.028717	9.6726e-05	0.11617	supercritical
576.0	1788.8	864.13	0.0011572	493.44	700.44	1.7467	0.98808	1.4083	903.7	-0.028762	9.6846e-05	0.11629	supercritical
576.0	1792.0	864.7	0.0011565	493.33	700.57	1.7463	0.9882	1.4083	904.54	-0.028807	9.6966e-05	0.1164	supercritical
576.0	1795.2	865.26	0.0011557	493.22	700.7	1.7458	0.98832	1.4083	905.38	-0.028853	9.7086e-05	0.11651	supercritical
576.0	1798.5	865.83	0.001155	493.11	700.83	1.7454	0.98844	1.4082	906.21	-0.028897	9.7206e-05	0.11662	supercritical
576.0	1801.8	866.39	0.0011542	493.01	700.97	1.745	0.98856	1.4082	907.05	-0.028942	9.7326e-05	0.11674	supercritical
576.0	1805.0	866.95	0.0011535	492.9	701.1	1.7446	0.98868	1.4081	907.88	-0.028987	9.7445e-05	0.11685	supercritical
576.0	1808.2	867.51	0.0011527	492.79	701.23	1.7442	0.9888	1.4081	908.71	-0.029031	9.7565e-05	0.11696	supercritical
576.0	1811.5	868.07	0.001152	492.68	701.36	1.7437	0.98892	1.4081	909.54	-0.029075	9.7685e-05	0.11708	supercritical
576.0	1814.8	868.63	0.0011512	492.58	701.5	1.7433	0.98904	1.408	910.37	-0.029119	9.7804e-05	0.11719	supercritical
576.0	1818.0	869.19	0.0011505	492.47	701.63	1.7429	0.98916	1.408	911.2	-0.029162	9.7924e-05	0.1173	supercritical
576.0	1821.2	869.75	0.0011498	492.36	701.76	1.7425	0.98928	1.408	912.03	-0.029206	9.8043e-05	0.11742	supercritical
576.0	1824.5	870.3	0.001149	492.26	701.9	1.7421	0.9894	1.4079	912.86	-0.029249	9.8162e-05	0.11753	supercritical
576.0	1827.8	870.86	0.0011483	492.15	702.03	1.7417	0.98952	1.4079	913.68	-0.029292	9.8282e-05	0.11764	supercritical
576.0	1831.0	871.41	0.0011476	492.05	702.17	1.7412	0.98964	1.4078	914.51	-0.029335	9.8401e-05	0.11775	supercritical
576.0	1834.2	871.96	0.0011468	491.94	702.3	1.7408	0.98976	1.4078	915.33	-0.029377	9.852e-05	0.11787	supercritical
576.0	1837.5	872.51	0.0011461	491.84	702.43	1.7404	0.98988	1.4078	916.15	-0.029419	9.8639e-05	0.11798	supercritical
576.0	1840.8	873.06	0.0011454	491.73	702.57	1.74	0.99	1.4077	916.97	-0.029462	9.8759e-05	0.11809	supercritical
576.0	1844.0	873.61	0.0011447	491.63	702.7	1.7396	0.99012	1.4077	917.8	-0.029503	9.8878e-05	0.11821	supercritical
576.0	1847.2	874.16	0.001144	491.52	702.84	1.7392	0.99024	1.4077	918.61	-0.029545	9.8997e-05	0.11832	supercritical
576.0	1850.5	874.71	0.0011432	491.42	702.97	1.7388	0.99036	1.4076	919.43	-0.029587	9.9116e-05	0.11843	supercritical
576.0	1853.8	875.25	0.0011425	491.31	703.11	1.7384	0.99048	1.4076	920.25	-0.029628	9.9235e-05	0.11854	supercritical
576.0	1857.0	875.8	0.0011418	491.21	703.25	1.738	0.9906	1.4076	921.07	-0.029669	9.9353e-05	0.11866	supercritical
576.0	1860.2	876.34	0.0011411	491.11	703.38	1.7375	0.99071	1.4075	921.88	-0.02971	9.9472e-05	0.11877	supercritical
576.0	1863.5	876.89	0.0011404	491.0	703.52	1.7371	0.99083	1.4075	922.7	-0.029751	9.9591e-05	0.11888	supercritical
576.0	1866.8	877.43	0.0011397	490.9	703.65	1.7367	0.99095	1.4075	923.51	-0.029791	9.971e-05	0.11899	supercritical
576.0	1870.0	877.97	0.001139	490.8	703.79	1.7363	0.99107	1.4074	924.32	-0.029832	9.9828e-05	0.11911	supercritical
576.0	1873.2	878.51	0.0011383	490.7	703.93	1.7359	0.99119	1.4074	925.14	-0.029872	9.9947e-05	0.11922	supercritical
576.0	1876.5	879.05	0.0011376	490.59	704.06	1.7355	0.99131	1.4074	925.95	-0.029912	0.00010007	0.11933	supercritical
576.0	1879.8	879.58	0.0011369	490.49	704.2	1.7351	0.99143	1.4073	926.76	-0.029952	0.00010018	0.11945	supercritical
576.0	1883.0	880.12	0.0011362	490.39	704.34	1.7347	0.99155	1.4073	927.57	-0.029991	0.0001003	0.11956	supercritical
576.0	1886.2	880.66	0.0011355	490.29	704.47	1.7343	0.99167	1.4073	928.37	-0.03003	0.00010042	0.11967	supercritical
576.0	1889.5	881.19	0.0011348	490.19	704.61	1.7339	0.99179	1.4072	929.18	-0.03007	0.00010054	0.11978	supercritical
576.0	1892.8	881.72	0.0011341	490.09	704.75	1.7335	0.99191	1.4072	929.99	-0.030109	0.00010066	0.1199	supercritical
576.0	1896.0	882.26	0.0011335	489.98	704.89	1.7331	0.99203	1.4072	930.79	-0.030147	0.00010078	0.12001	supercritical
576.0	1899.2	882.79	0.0011328	489.88	705.03	1.7327	0.99215	1.4072	931.6	-0.030186	0.00010089	0.12012	supercritical
576.0	1902.5	883.32	0.0011321	489.78	705.16	1.7323	0.99226	1.4071	932.4	-0.030225	0.00010101	0.12023	supercritical
576.0	1905.8	883.85	0.0011314	489.68	705.3	1.7319	0.99238	1.4071	933.2	-0.030263	0.00010113	0.12035	supercritical
576.0	1909.0	884.38	0.0011307	489.58	705.44	1.7315	0.9925	1.4071	934.0	-0.030301	0.00010125	0.12046	supercritical
576.0	1912.2	884.91	0.0011301	489.48	705.58	1.7311	0.99262	1.407	934.8	-0.030339	0.00010137	0.12057	supercritical
576.0	1915.5	885.43	0.0011294	489.38	705.72	1.7307	0.99274	1.407	935.6	-0.030377	0.00010148	0.12068	supercritical
576.0	1918.8	885.96	0.0011287	489.28	705.86	1.7303	0.99286	1.407	936.4	-0.030414	0.0001016	0.1208	supercritical
576.0	1922.0	886.48	0.0011281	489.18	706.0	1.7299	0.99298	1.4069	937.2	-0.030452	0.00010172	0.12091	supercritical
576.0	1925.2	887.01	0.0011274	489.09	706.14	1.7295	0.9931	1.4069	937.99	-0.030489	0.00010184	0.12102	supercritical
576.0	1928.5	887.53	0.0011267	488.99	706.27	1.7291	0.99322	1.4069	938.79	-0.030526	0.00010196	0.12113	supercritical
576.0	1931.8	888.05	0.0011261	488.89	706.41	1.7287	0.99333	1.4069	939.58	-0.030563	0.00010207	0.12125	supercritical
576.0	1935.0	888.57	0.0011254	488.79	706.55	1.7283	0.99345	1.4068	940.38	-0.030599	0.00010219	0.12136	supercritical
576.0	1938.2	889.09	0.0011247	488.69	706.69	1.728	0.99357	1.4068	941.17	-0.030636	0.00010231	0.12147	supercritical
576.0	1941.5	889.61	0.0011241	488.59	706.83	1.7276	0.99369	1.4068	941.96	-0.030672	0.00010243	0.12158	supercritical
576.0	1944.8	890.13	0.0011234	488.5	706.97	1.7272	0.99381	1.4067	942.75	-0.030708	0.00010254	0.1217	supercritical
576.0	1948.0	890.65	0.0011228	488.4	707.12	1.7268	0.99393	1.4067	943.54	-0.030745	0.00010266	0.12181	supercritical
576.0	1951.2	891.16	0.0011221	488.3	707.26	1.7264	0.99405	1.4067	944.33	-0.03078	0.00010278	0.12192	supercritical
576.0	1954.5	891.68	0.0011215	488.2	707.4	1.726	0.99416	1.4067	945.12	-0.030816	0.0001029	0.12203	supercritical
576.0	1957.8	892.19	0.0011208	488.11	707.54	1.7256	0.99428	1.4066	945.91	-0.030852	0.00010301	0.12214	supercritical
576.0	1961.0	892.71	0.0011202	488.01	707.68	1.7252	0.9944	1.4066	946.69	-0.030887	0.00010313	0.12226	supercritical
576.0	1964.2	893.22	0.0011195	487.91	707.82	1.7248	0.99452	1.4066	947.48	-0.030922	0.00010325	0.12237	supercritical
576.0	1967.5	893.73	0.0011189	487.82	707.96	1.7245	0.99464	1.4066	948.26	-0.030957	0.00010337	0.12248	supercritical
576.0	1970.8	894.24	0.0011183	487.72	708.1	1.7241	0.99476	1.4065	949.05	-0.030992	0.00010348	0.12259	supercritical
576.0	1974.0	894.75	0.0011176	487.62	708.24	1.7237	0.99488	1.4065	949.83	-0.031027	0.0001036	0.12271	supercritical
576.0	1977.2	895.26	0.001117	487.53	708.39	1.7233	0.99499	1.4065	950.61	-0.031061	0.00010372	0.12282	supercritical
576.0	1980.5	895.77	0.0011164	487.43	708.53	1.7229	0.99511	1.4064	951.39	-0.031096	0.00010383	0.12293	supercritical
576.0	1983.8	896.27	0.0011157	487.34	708.67	1.7225	0.99523	1.4064	952.17	-0.03113	0.00010395	0.12304	supercritical
576.0	1987.0	896.78	0.0011151	487.24	708.81	1.7222	0.99535	1.4064	952.95	-0.031164	0.00010407	0.12316	supercritical
576.0	1990.2	897.29	0.0011145	487.15	708.96	1.7218	0.99547	1.4064	953.73	-0.031198	0.00010418	0.12327	supercritical
576.0	1993.5	897.79	0.0011138	487.05	709.1	1.7214	0.99559	1.4063	954.5	-0.031232	0.0001043	0.12338	supercritical
576.0	1996.8	898.29	0.0011132	486.96	709.24	1.721	0.9957	1.4063	955.28	-0.031265	0.00010442	0.12349	supercritical
576.0	2000.0	898.8	0.0011126	486.86	709.38	1.7206	0.99582	1.4063	956.06	-0.031299	0.00010454	0.1236	supercritical
