Temperature (K)	Pressure (bar)	Density (kg/m3)	Volume (m3/kg)	Internal Energy (kJ/kg)	Enthalpy (kJ/kg)	Entropy (J/g*K)	Cv (J/g*K)	Cp (J/g*K)	Sound Spd. (m/s)	Joule-Thomson (K/bar)	Viscosity (Pa*s)	Therm. Cond. (W/m*K)	Phase
420.0	56.5	77.757	0.012861	517.32	589.98	2.2398	0.80142	1.1052	303.2	0.44626	2.1598e-05	0.029252	vapor
420.0	59.75	82.657	0.012098	516.09	588.38	2.2263	0.80349	1.1156	302.71	0.444	2.1684e-05	0.029461	vapor
420.0	63.0	87.607	0.011415	514.85	586.76	2.2134	0.80556	1.1263	302.24	0.44166	2.1774e-05	0.029676	vapor
420.0	66.25	92.606	0.010798	513.6	585.14	2.2009	0.80764	1.1371	301.79	0.43923	2.1867e-05	0.029896	vapor
420.0	69.5	97.655	0.01024	512.35	583.52	2.1889	0.80971	1.1481	301.37	0.43671	2.1963e-05	0.030122	vapor
420.0	72.75	102.75	0.009732	511.08	581.89	2.1773	0.81179	1.1594	300.98	0.4341	2.2063e-05	0.030353	vapor
420.0	76.0	107.9	0.0092676	509.81	580.25	2.1661	0.81386	1.1709	300.61	0.4314	2.2167e-05	0.030591	vapor
420.0	76.0	107.9	0.0092676	509.81	580.25	2.1661	0.81386	1.1709	300.61	0.4314	2.2167e-05	0.030591	supercritical
420.0	76.0	107.9	0.0092676	509.81	580.25	2.1661	0.81386	1.1709	300.61	0.4314	2.2167e-05	0.030591	supercritical
420.0	79.25	113.1	0.0088416	508.53	578.6	2.1551	0.81593	1.1825	300.26	0.4286	2.2274e-05	0.030834	supercritical
420.0	82.5	118.35	0.0084494	507.24	576.95	2.1445	0.818	1.1944	299.95	0.42571	2.2385e-05	0.031084	supercritical
420.0	85.75	123.65	0.0080873	505.95	575.3	2.1342	0.82006	1.2065	299.66	0.42273	2.25e-05	0.03134	supercritical
420.0	89.0	129.0	0.0077519	504.65	573.64	2.1241	0.82212	1.2187	299.4	0.41965	2.2619e-05	0.031603	supercritical
420.0	92.25	134.4	0.0074405	503.33	571.97	2.1143	0.82416	1.2312	299.17	0.41648	2.2742e-05	0.031873	supercritical
420.0	95.5	139.85	0.0071505	502.02	570.3	2.1047	0.8262	1.2438	298.98	0.41321	2.287e-05	0.032149	supercritical
420.0	98.75	145.35	0.0068801	500.69	568.63	2.0952	0.82823	1.2567	298.82	0.40984	2.3001e-05	0.032432	supercritical
420.0	102.0	150.89	0.0066272	499.36	566.96	2.086	0.83025	1.2697	298.7	0.40639	2.3138e-05	0.032722	supercritical
420.0	105.25	156.49	0.0063902	498.02	565.28	2.077	0.83226	1.2828	298.61	0.40283	2.3279e-05	0.033019	supercritical
420.0	108.5	162.13	0.0061679	496.68	563.6	2.0681	0.83425	1.2961	298.55	0.39919	2.3425e-05	0.033324	supercritical
420.0	111.75	167.82	0.0059588	495.33	561.92	2.0594	0.83622	1.3096	298.54	0.39545	2.3576e-05	0.033635	supercritical
420.0	115.0	173.55	0.005762	493.97	560.23	2.0509	0.83818	1.3232	298.56	0.39162	2.3731e-05	0.033954	supercritical
420.0	118.25	179.33	0.0055763	492.61	558.55	2.0425	0.84012	1.3369	298.63	0.38771	2.3892e-05	0.03428	supercritical
420.0	121.5	185.15	0.005401	491.24	556.86	2.0342	0.84204	1.3507	298.74	0.3837	2.4058e-05	0.034614	supercritical
420.0	124.75	191.01	0.0052353	489.87	555.18	2.0261	0.84394	1.3646	298.89	0.37962	2.4229e-05	0.034954	supercritical
420.0	128.0	196.91	0.0050784	488.49	553.5	2.0181	0.84582	1.3786	299.09	0.37545	2.4406e-05	0.035303	supercritical
420.0	131.25	202.85	0.0049297	487.11	551.81	2.0103	0.84767	1.3926	299.33	0.3712	2.4588e-05	0.035658	supercritical
420.0	134.5	208.83	0.0047886	485.73	550.14	2.0025	0.8495	1.4067	299.62	0.36688	2.4776e-05	0.036021	supercritical
420.0	137.75	214.84	0.0046546	484.34	548.46	1.9949	0.8513	1.4208	299.96	0.36248	2.4969e-05	0.03639	supercritical
420.0	141.0	220.89	0.0045272	482.96	546.79	1.9873	0.85307	1.435	300.35	0.35802	2.5168e-05	0.036767	supercritical
420.0	144.25	226.96	0.004406	481.57	545.12	1.9799	0.85481	1.4491	300.78	0.35349	2.5373e-05	0.03715	supercritical
420.0	147.5	233.07	0.0042906	480.17	543.46	1.9726	0.85652	1.4631	301.27	0.34889	2.5583e-05	0.037541	supercritical
420.0	150.75	239.2	0.0041807	478.78	541.8	1.9654	0.8582	1.4771	301.81	0.34425	2.5799e-05	0.037938	supercritical
420.0	154.0	245.35	0.0040758	477.39	540.15	1.9582	0.85985	1.4911	302.4	0.33955	2.6021e-05	0.038341	supercritical
420.0	157.25	251.52	0.0039758	475.99	538.51	1.9512	0.86146	1.5049	303.05	0.3348	2.6249e-05	0.03875	supercritical
420.0	160.5	257.71	0.0038803	474.6	536.88	1.9443	0.86304	1.5186	303.74	0.33	2.6483e-05	0.039166	supercritical
420.0	163.75	263.92	0.0037891	473.21	535.26	1.9374	0.86458	1.5321	304.5	0.32517	2.6722e-05	0.039586	supercritical
420.0	167.0	270.13	0.0037019	471.82	533.64	1.9307	0.86609	1.5455	305.31	0.32031	2.6968e-05	0.040013	supercritical
420.0	170.25	276.36	0.0036185	470.43	532.04	1.9241	0.86755	1.5587	306.17	0.31541	2.7219e-05	0.040444	supercritical
420.0	173.5	282.59	0.0035387	469.05	530.45	1.9175	0.86898	1.5716	307.09	0.3105	2.7476e-05	0.040881	supercritical
420.0	176.75	288.82	0.0034623	467.67	528.87	1.911	0.87037	1.5843	308.07	0.30556	2.7738e-05	0.041321	supercritical
420.0	180.0	295.06	0.0033892	466.29	527.3	1.9046	0.87171	1.5968	309.1	0.30061	2.8007e-05	0.041766	supercritical
420.0	183.25	301.28	0.0033191	464.92	525.75	1.8984	0.87302	1.6089	310.19	0.29565	2.828e-05	0.042215	supercritical
420.0	186.5	307.51	0.003252	463.56	524.21	1.8921	0.87429	1.6208	311.33	0.29069	2.8559e-05	0.042667	supercritical
420.0	189.75	313.72	0.0031876	462.2	522.68	1.886	0.87552	1.6323	312.53	0.28574	2.8844e-05	0.043123	supercritical
420.0	193.0	319.91	0.0031259	460.85	521.18	1.88	0.8767	1.6435	313.78	0.28079	2.9133e-05	0.043581	supercritical
420.0	196.25	326.09	0.0030666	459.5	519.69	1.874	0.87785	1.6544	315.09	0.27585	2.9428e-05	0.044042	supercritical
420.0	199.5	332.25	0.0030098	458.17	518.21	1.8682	0.87895	1.6648	316.45	0.27094	2.9727e-05	0.044504	supercritical
420.0	202.75	338.38	0.0029552	456.84	516.75	1.8624	0.88002	1.6749	317.86	0.26604	3.0032e-05	0.044969	supercritical
420.0	206.0	344.49	0.0029028	455.52	515.31	1.8567	0.88104	1.6846	319.33	0.26117	3.0341e-05	0.045435	supercritical
420.0	209.25	350.57	0.0028525	454.21	513.89	1.8511	0.88203	1.6939	320.84	0.25634	3.0654e-05	0.045902	supercritical
420.0	212.5	356.62	0.0028041	452.9	512.49	1.8456	0.88297	1.7028	322.41	0.25154	3.0971e-05	0.04637	supercritical
420.0	215.75	362.63	0.0027576	451.61	511.11	1.8401	0.88388	1.7113	324.02	0.24678	3.1293e-05	0.046838	supercritical
420.0	219.0	368.6	0.0027129	450.33	509.75	1.8348	0.88475	1.7193	325.68	0.24207	3.1618e-05	0.047307	supercritical
420.0	222.25	374.54	0.00267	449.06	508.4	1.8295	0.88558	1.7269	327.39	0.23741	3.1947e-05	0.047775	supercritical
420.0	225.5	380.43	0.0026286	447.81	507.08	1.8243	0.88638	1.7342	329.15	0.23279	3.228e-05	0.048243	supercritical
420.0	228.75	386.28	0.0025888	446.56	505.78	1.8192	0.88714	1.7409	330.94	0.22823	3.2615e-05	0.04871	supercritical
420.0	232.0	392.08	0.0025505	445.33	504.5	1.8141	0.88786	1.7473	332.78	0.22373	3.2954e-05	0.049177	supercritical
420.0	235.25	397.83	0.0025137	444.11	503.24	1.8092	0.88856	1.7533	334.66	0.21929	3.3296e-05	0.049642	supercritical
420.0	238.5	403.53	0.0024782	442.9	502.0	1.8043	0.88922	1.7588	336.58	0.2149	3.364e-05	0.050106	supercritical
420.0	241.75	409.17	0.0024439	441.7	500.78	1.7995	0.88984	1.764	338.54	0.21059	3.3987e-05	0.050568	supercritical
420.0	245.0	414.77	0.002411	440.52	499.59	1.7948	0.89044	1.7687	340.53	0.20633	3.4336e-05	0.051029	supercritical
420.0	248.25	420.31	0.0023792	439.35	498.41	1.7901	0.89101	1.7731	342.56	0.20215	3.4688e-05	0.051488	supercritical
420.0	251.5	425.79	0.0023486	438.19	497.26	1.7855	0.89155	1.7771	344.62	0.19803	3.5041e-05	0.051945	supercritical
420.0	254.75	431.22	0.002319	437.05	496.12	1.781	0.89206	1.7807	346.72	0.19398	3.5396e-05	0.052399	supercritical
420.0	258.0	436.58	0.0022905	435.92	495.01	1.7766	0.89255	1.784	348.84	0.19	3.5752e-05	0.052852	supercritical
420.0	261.25	441.89	0.002263	434.8	493.92	1.7722	0.89301	1.7869	351.0	0.18608	3.611e-05	0.053302	supercritical
420.0	264.5	447.14	0.0022364	433.7	492.85	1.768	0.89345	1.7895	353.18	0.18224	3.6468e-05	0.053749	supercritical
420.0	267.75	452.33	0.0022108	432.61	491.8	1.7637	0.89387	1.7918	355.39	0.17847	3.6828e-05	0.054193	supercritical
420.0	271.0	457.46	0.002186	431.53	490.77	1.7596	0.89426	1.7937	357.63	0.17477	3.7189e-05	0.054635	supercritical
420.0	274.25	462.52	0.0021621	430.47	489.76	1.7555	0.89464	1.7954	359.89	0.17114	3.755e-05	0.055074	supercritical
420.0	277.5	467.53	0.0021389	429.42	488.77	1.7515	0.89499	1.7968	362.17	0.16757	3.7912e-05	0.05551	supercritical
420.0	280.75	472.47	0.0021165	428.38	487.81	1.7475	0.89532	1.7979	364.47	0.16408	3.8274e-05	0.055943	supercritical
420.0	284.0	477.35	0.0020949	427.36	486.86	1.7436	0.89564	1.7987	366.79	0.16066	3.8636e-05	0.056373	supercritical
420.0	287.25	482.17	0.0020739	426.35	485.93	1.7398	0.89594	1.7993	369.14	0.1573	3.8999e-05	0.056801	supercritical
420.0	290.5	486.93	0.0020537	425.36	485.02	1.7361	0.89623	1.7997	371.5	0.15401	3.9361e-05	0.057225	supercritical
420.0	293.75	491.63	0.002034	424.38	484.13	1.7324	0.8965	1.7998	373.87	0.15079	3.9724e-05	0.057645	supercritical
420.0	297.0	496.27	0.002015	423.41	483.25	1.7287	0.89675	1.7997	376.27	0.14764	4.0086e-05	0.058063	supercritical
420.0	300.25	500.85	0.0019966	422.45	482.4	1.7251	0.897	1.7995	378.67	0.14455	4.0447e-05	0.058478	supercritical
420.0	303.5	505.36	0.0019788	421.51	481.56	1.7216	0.89723	1.799	381.09	0.14153	4.0809e-05	0.058889	supercritical
420.0	306.75	509.82	0.0019615	420.57	480.74	1.7181	0.89745	1.7984	383.52	0.13857	4.1169e-05	0.059297	supercritical
420.0	310.0	514.22	0.0019447	419.66	479.94	1.7147	0.89766	1.7976	385.97	0.13567	4.1529e-05	0.059703	supercritical
420.0	313.25	518.56	0.0019284	418.75	479.16	1.7113	0.89786	1.7967	388.42	0.13284	4.1888e-05	0.060104	supercritical
420.0	316.5	522.84	0.0019126	417.86	478.39	1.708	0.89805	1.7956	390.88	0.13007	4.2247e-05	0.060503	supercritical
420.0	319.75	527.06	0.0018973	416.97	477.64	1.7048	0.89823	1.7944	393.35	0.12735	4.2604e-05	0.060899	supercritical
420.0	323.0	531.23	0.0018824	416.1	476.9	1.7015	0.8984	1.7931	395.82	0.1247	4.2961e-05	0.061292	supercritical
420.0	326.25	535.34	0.001868	415.24	476.19	1.6984	0.89856	1.7916	398.31	0.12211	4.3316e-05	0.061681	supercritical
420.0	329.5	539.4	0.0018539	414.4	475.48	1.6953	0.89872	1.7901	400.79	0.11957	4.3671e-05	0.062068	supercritical
420.0	332.75	543.4	0.0018402	413.56	474.79	1.6922	0.89887	1.7885	403.28	0.11709	4.4024e-05	0.062451	supercritical
420.0	336.0	547.35	0.001827	412.74	474.12	1.6892	0.89902	1.7867	405.78	0.11467	4.4376e-05	0.062832	supercritical
420.0	339.25	551.25	0.0018141	411.92	473.46	1.6862	0.89916	1.785	408.27	0.11229	4.4727e-05	0.063209	supercritical
420.0	342.5	555.1	0.0018015	411.12	472.82	1.6833	0.8993	1.7831	410.77	0.10998	4.5077e-05	0.063584	supercritical
420.0	345.75	558.89	0.0017893	410.32	472.19	1.6804	0.89943	1.7812	413.27	0.10771	4.5425e-05	0.063956	supercritical
420.0	349.0	562.63	0.0017774	409.54	471.57	1.6775	0.89955	1.7792	415.77	0.10549	4.5772e-05	0.064325	supercritical
420.0	352.25	566.33	0.0017658	408.77	470.97	1.6747	0.89968	1.7772	418.27	0.10333	4.6118e-05	0.064691	supercritical
420.0	355.5	569.97	0.0017545	408.01	470.38	1.672	0.8998	1.7751	420.76	0.10121	4.6462e-05	0.065054	supercritical
420.0	358.75	573.57	0.0017435	407.25	469.8	1.6692	0.89991	1.773	423.26	0.09914	4.6805e-05	0.065415	supercritical
420.0	362.0	577.12	0.0017327	406.51	469.24	1.6665	0.90003	1.7709	425.75	0.097116	4.7146e-05	0.065773	supercritical
420.0	365.25	580.63	0.0017223	405.78	468.68	1.6639	0.90014	1.7687	428.24	0.095137	4.7486e-05	0.066128	supercritical
420.0	368.5	584.09	0.0017121	405.05	468.14	1.6613	0.90025	1.7665	430.73	0.093202	4.7825e-05	0.066481	supercritical
420.0	371.75	587.5	0.0017021	404.34	467.61	1.6587	0.90035	1.7643	433.21	0.09131	4.8162e-05	0.066831	supercritical
420.0	375.0	590.87	0.0016924	403.63	467.09	1.6561	0.90046	1.7621	435.69	0.08946	4.8498e-05	0.067178	supercritical
420.0	378.25	594.2	0.0016829	402.93	466.59	1.6536	0.90056	1.7598	438.17	0.087651	4.8832e-05	0.067523	supercritical
420.0	381.5	597.49	0.0016737	402.24	466.09	1.6511	0.90067	1.7576	440.64	0.085882	4.9165e-05	0.067866	supercritical
420.0	384.75	600.73	0.0016646	401.56	465.61	1.6487	0.90077	1.7553	443.11	0.084151	4.9496e-05	0.068206	supercritical
420.0	388.0	603.94	0.0016558	400.89	465.13	1.6463	0.90087	1.753	445.57	0.082459	4.9826e-05	0.068544	supercritical
420.0	391.25	607.11	0.0016472	400.22	464.67	1.6439	0.90096	1.7508	448.02	0.080802	5.0154e-05	0.068879	supercritical
420.0	394.5	610.23	0.0016387	399.56	464.21	1.6415	0.90106	1.7485	450.47	0.079182	5.0481e-05	0.069213	supercritical
420.0	397.75	613.32	0.0016305	398.91	463.77	1.6392	0.90116	1.7462	452.91	0.077596	5.0806e-05	0.069544	supercritical
420.0	401.0	616.37	0.0016224	398.27	463.33	1.6369	0.90126	1.7439	455.35	0.076044	5.113e-05	0.069872	supercritical
420.0	404.25	619.39	0.0016145	397.64	462.9	1.6347	0.90135	1.7417	457.78	0.074525	5.1452e-05	0.070199	supercritical
420.0	407.5	622.37	0.0016068	397.01	462.49	1.6324	0.90145	1.7394	460.2	0.073038	5.1773e-05	0.070523	supercritical
420.0	410.75	625.31	0.0015992	396.39	462.08	1.6302	0.90154	1.7371	462.62	0.071582	5.2093e-05	0.070845	supercritical
420.0	414.0	628.22	0.0015918	395.78	461.68	1.628	0.90164	1.7349	465.03	0.070156	5.2411e-05	0.071165	supercritical
420.0	417.25	631.09	0.0015845	395.17	461.29	1.6259	0.90173	1.7327	467.43	0.06876	5.2728e-05	0.071484	supercritical
420.0	420.5	633.94	0.0015774	394.57	460.9	1.6237	0.90183	1.7304	469.83	0.067392	5.3043e-05	0.0718	supercritical
420.0	423.75	636.74	0.0015705	393.98	460.53	1.6216	0.90192	1.7282	472.22	0.066052	5.3356e-05	0.072114	supercritical
420.0	427.0	639.52	0.0015637	393.39	460.16	1.6195	0.90202	1.726	474.6	0.064739	5.3669e-05	0.072426	supercritical
420.0	430.25	642.27	0.001557	392.81	459.8	1.6175	0.90211	1.7238	476.97	0.063452	5.398e-05	0.072736	supercritical
420.0	433.5	644.98	0.0015504	392.24	459.45	1.6154	0.90221	1.7216	479.34	0.062191	5.4289e-05	0.073044	supercritical
420.0	436.75	647.67	0.001544	391.67	459.11	1.6134	0.9023	1.7194	481.7	0.060954	5.4597e-05	0.073351	supercritical
420.0	440.0	650.32	0.0015377	391.11	458.77	1.6114	0.9024	1.7172	484.05	0.059742	5.4904e-05	0.073656	supercritical
420.0	443.25	652.94	0.0015315	390.56	458.44	1.6094	0.9025	1.7151	486.39	0.058553	5.521e-05	0.073958	supercritical
420.0	446.5	655.54	0.0015255	390.01	458.12	1.6075	0.90259	1.7129	488.73	0.057388	5.5514e-05	0.07426	supercritical
420.0	449.75	658.11	0.0015195	389.46	457.8	1.6056	0.90269	1.7108	491.06	0.056244	5.5816e-05	0.074559	supercritical
420.0	453.0	660.65	0.0015137	388.92	457.49	1.6036	0.90278	1.7087	493.38	0.055122	5.6118e-05	0.074856	supercritical
420.0	456.25	663.16	0.0015079	388.39	457.19	1.6018	0.90288	1.7065	495.69	0.054021	5.6418e-05	0.075152	supercritical
420.0	459.5	665.65	0.0015023	387.86	456.89	1.5999	0.90298	1.7045	498.0	0.05294	5.6717e-05	0.075447	supercritical
420.0	462.75	668.11	0.0014968	387.34	456.6	1.598	0.90308	1.7024	500.3	0.05188	5.7014e-05	0.075739	supercritical
420.0	466.0	670.55	0.0014913	386.82	456.32	1.5962	0.90317	1.7003	502.59	0.050839	5.731e-05	0.07603	supercritical
420.0	469.25	672.96	0.001486	386.31	456.04	1.5944	0.90327	1.6983	504.87	0.049817	5.7605e-05	0.07632	supercritical
420.0	472.5	675.34	0.0014807	385.8	455.77	1.5926	0.90337	1.6962	507.15	0.048813	5.7899e-05	0.076607	supercritical
420.0	475.75	677.7	0.0014756	385.3	455.5	1.5908	0.90347	1.6942	509.42	0.047827	5.8191e-05	0.076894	supercritical
420.0	479.0	680.04	0.0014705	384.8	455.24	1.5891	0.90357	1.6922	511.68	0.046859	5.8482e-05	0.077179	supercritical
420.0	482.25	682.35	0.0014655	384.31	454.99	1.5873	0.90367	1.6902	513.93	0.045908	5.8772e-05	0.077462	supercritical
420.0	485.5	684.64	0.0014606	383.82	454.74	1.5856	0.90377	1.6882	516.18	0.044973	5.906e-05	0.077744	supercritical
420.0	488.75	686.91	0.0014558	383.34	454.49	1.5839	0.90387	1.6863	518.42	0.044055	5.9348e-05	0.078024	supercritical
420.0	492.0	689.15	0.0014511	382.86	454.25	1.5822	0.90397	1.6843	520.65	0.043153	5.9634e-05	0.078303	supercritical
420.0	495.25	691.37	0.0014464	382.39	454.02	1.5805	0.90408	1.6824	522.88	0.042266	5.9919e-05	0.07858	supercritical
420.0	498.5	693.58	0.0014418	381.92	453.79	1.5788	0.90418	1.6804	525.09	0.041394	6.0203e-05	0.078856	supercritical
420.0	501.75	695.76	0.0014373	381.45	453.57	1.5772	0.90428	1.6785	527.3	0.040537	6.0486e-05	0.079131	supercritical
420.0	505.0	697.92	0.0014328	380.99	453.35	1.5756	0.90439	1.6767	529.5	0.039694	6.0767e-05	0.079405	supercritical
420.0	508.25	700.05	0.0014285	380.53	453.14	1.574	0.90449	1.6748	531.7	0.038865	6.1047e-05	0.079677	supercritical
420.0	511.5	702.17	0.0014241	380.08	452.93	1.5723	0.90459	1.6729	533.88	0.03805	6.1327e-05	0.079947	supercritical
420.0	514.75	704.27	0.0014199	379.63	452.72	1.5708	0.9047	1.6711	536.06	0.037249	6.1605e-05	0.080217	supercritical
420.0	518.0	706.35	0.0014157	379.19	452.52	1.5692	0.9048	1.6692	538.24	0.036461	6.1882e-05	0.080485	supercritical
420.0	521.25	708.41	0.0014116	378.75	452.33	1.5676	0.90491	1.6674	540.4	0.035685	6.2158e-05	0.080752	supercritical
420.0	524.5	710.45	0.0014076	378.31	452.14	1.5661	0.90502	1.6656	542.56	0.034922	6.2432e-05	0.081017	supercritical
420.0	527.75	712.48	0.0014036	377.88	451.95	1.5646	0.90512	1.6638	544.71	0.034171	6.2706e-05	0.081282	supercritical
420.0	531.0	714.48	0.0013996	377.45	451.77	1.563	0.90523	1.6621	546.85	0.033433	6.2979e-05	0.081545	supercritical
420.0	534.25	716.47	0.0013957	377.02	451.59	1.5615	0.90534	1.6603	548.99	0.032706	6.325e-05	0.081807	supercritical
420.0	537.5	718.44	0.0013919	376.6	451.41	1.56	0.90545	1.6586	551.12	0.03199	6.3521e-05	0.082068	supercritical
420.0	540.75	720.39	0.0013881	376.18	451.24	1.5585	0.90556	1.6569	553.24	0.031286	6.3791e-05	0.082328	supercritical
420.0	544.0	722.32	0.0013844	375.76	451.08	1.5571	0.90567	1.6551	555.35	0.030592	6.4059e-05	0.082586	supercritical
420.0	547.25	724.24	0.0013808	375.35	450.91	1.5556	0.90578	1.6535	557.46	0.02991	6.4326e-05	0.082844	supercritical
420.0	550.5	726.14	0.0013771	374.94	450.75	1.5542	0.90589	1.6518	559.56	0.029238	6.4593e-05	0.0831	supercritical
420.0	553.75	728.02	0.0013736	374.54	450.6	1.5527	0.906	1.6501	561.65	0.028576	6.4858e-05	0.083355	supercritical
420.0	557.0	729.89	0.0013701	374.13	450.45	1.5513	0.90611	1.6485	563.74	0.027925	6.5123e-05	0.083609	supercritical
420.0	560.25	731.74	0.0013666	373.74	450.3	1.5499	0.90622	1.6468	565.81	0.027283	6.5386e-05	0.083863	supercritical
420.0	563.5	733.58	0.0013632	373.34	450.16	1.5485	0.90633	1.6452	567.89	0.026651	6.5649e-05	0.084115	supercritical
420.0	566.75	735.4	0.0013598	372.95	450.01	1.5471	0.90644	1.6436	569.95	0.026029	6.5911e-05	0.084366	supercritical
420.0	570.0	737.21	0.0013565	372.56	449.88	1.5457	0.90656	1.642	572.01	0.025416	6.6171e-05	0.084616	supercritical
420.0	573.25	739.0	0.0013532	372.17	449.74	1.5444	0.90667	1.6404	574.06	0.024812	6.6431e-05	0.084864	supercritical
420.0	576.5	740.78	0.0013499	371.79	449.61	1.543	0.90678	1.6389	576.1	0.024217	6.669e-05	0.085112	supercritical
420.0	579.75	742.54	0.0013467	371.41	449.49	1.5417	0.9069	1.6373	578.13	0.02363	6.6948e-05	0.085359	supercritical
420.0	583.0	744.29	0.0013436	371.03	449.36	1.5403	0.90701	1.6358	580.16	0.023053	6.7205e-05	0.085605	supercritical
420.0	586.25	746.02	0.0013404	370.66	449.24	1.539	0.90713	1.6343	582.18	0.022484	6.7461e-05	0.085851	supercritical
420.0	589.5	747.75	0.0013374	370.29	449.12	1.5377	0.90725	1.6328	584.2	0.021923	6.7716e-05	0.086095	supercritical
420.0	592.75	749.45	0.0013343	369.92	449.01	1.5364	0.90736	1.6313	586.2	0.02137	6.7971e-05	0.086338	supercritical
420.0	596.0	751.15	0.0013313	369.55	448.9	1.5351	0.90748	1.6298	588.2	0.020825	6.8224e-05	0.08658	supercritical
420.0	599.25	752.83	0.0013283	369.19	448.79	1.5338	0.90759	1.6284	590.2	0.020288	6.8477e-05	0.086821	supercritical
420.0	602.5	754.49	0.0013254	368.83	448.68	1.5325	0.90771	1.6269	592.18	0.019758	6.8729e-05	0.087062	supercritical
420.0	605.75	756.15	0.0013225	368.47	448.58	1.5313	0.90783	1.6255	594.16	0.019237	6.898e-05	0.087301	supercritical
420.0	609.0	757.79	0.0013196	368.11	448.48	1.53	0.90795	1.6241	596.14	0.018722	6.923e-05	0.08754	supercritical
420.0	612.25	759.42	0.0013168	367.76	448.38	1.5287	0.90807	1.6227	598.1	0.018215	6.9479e-05	0.087778	supercritical
420.0	615.5	761.04	0.001314	367.41	448.29	1.5275	0.90819	1.6213	600.06	0.017714	6.9728e-05	0.088015	supercritical
420.0	618.75	762.64	0.0013112	367.06	448.19	1.5263	0.90831	1.6199	602.01	0.017221	6.9975e-05	0.088251	supercritical
420.0	622.0	764.24	0.0013085	366.72	448.1	1.525	0.90843	1.6186	603.96	0.016735	7.0222e-05	0.088486	supercritical
420.0	625.25	765.82	0.0013058	366.37	448.02	1.5238	0.90855	1.6172	605.9	0.016255	7.0468e-05	0.088721	supercritical
420.0	628.5	767.39	0.0013031	366.03	447.93	1.5226	0.90867	1.6159	607.83	0.015782	7.0714e-05	0.088954	supercritical
420.0	631.75	768.95	0.0013005	365.69	447.85	1.5214	0.90879	1.6146	609.75	0.015315	7.0958e-05	0.089187	supercritical
420.0	635.0	770.49	0.0012979	365.36	447.77	1.5202	0.90891	1.6133	611.67	0.014855	7.1202e-05	0.089419	supercritical
420.0	638.25	772.03	0.0012953	365.02	447.7	1.519	0.90903	1.612	613.58	0.014401	7.1445e-05	0.089651	supercritical
420.0	641.5	773.56	0.0012927	364.69	447.62	1.5178	0.90915	1.6107	615.49	0.013953	7.1688e-05	0.089881	supercritical
420.0	644.75	775.07	0.0012902	364.36	447.55	1.5167	0.90927	1.6094	617.39	0.013511	7.1929e-05	0.090111	supercritical
420.0	648.0	776.57	0.0012877	364.04	447.48	1.5155	0.9094	1.6082	619.28	0.013075	7.217e-05	0.09034	supercritical
420.0	651.25	778.07	0.0012852	363.71	447.41	1.5144	0.90952	1.6069	621.17	0.012645	7.241e-05	0.090568	supercritical
420.0	654.5	779.55	0.0012828	363.39	447.35	1.5132	0.90964	1.6057	623.05	0.01222	7.265e-05	0.090796	supercritical
420.0	657.75	781.02	0.0012804	363.07	447.29	1.5121	0.90977	1.6045	624.92	0.011801	7.2889e-05	0.091023	supercritical
420.0	661.0	782.49	0.001278	362.75	447.23	1.5109	0.90989	1.6033	626.79	0.011387	7.3127e-05	0.091249	supercritical
420.0	664.25	783.94	0.0012756	362.43	447.17	1.5098	0.91002	1.6021	628.65	0.010979	7.3364e-05	0.091474	supercritical
420.0	667.5	785.38	0.0012733	362.12	447.11	1.5087	0.91014	1.6009	630.5	0.010576	7.3601e-05	0.091699	supercritical
420.0	670.75	786.81	0.0012709	361.81	447.06	1.5076	0.91027	1.5997	632.35	0.010179	7.3837e-05	0.091923	supercritical
420.0	674.0	788.24	0.0012687	361.5	447.01	1.5065	0.91039	1.5986	634.19	0.0097863	7.4072e-05	0.092146	supercritical
420.0	677.25	789.65	0.0012664	361.19	446.96	1.5054	0.91052	1.5974	636.02	0.0093988	7.4307e-05	0.092369	supercritical
420.0	680.5	791.06	0.0012641	360.88	446.91	1.5043	0.91065	1.5963	637.85	0.0090162	7.4541e-05	0.092591	supercritical
420.0	683.75	792.45	0.0012619	360.58	446.86	1.5032	0.91077	1.5951	639.67	0.0086384	7.4775e-05	0.092812	supercritical
420.0	687.0	793.84	0.0012597	360.28	446.82	1.5021	0.9109	1.594	641.49	0.0082654	7.5007e-05	0.093033	supercritical
420.0	690.25	795.22	0.0012575	359.98	446.78	1.501	0.91103	1.5929	643.3	0.0078971	7.524e-05	0.093253	supercritical
420.0	693.5	796.59	0.0012554	359.68	446.74	1.5	0.91115	1.5918	645.1	0.0075334	7.5471e-05	0.093472	supercritical
420.0	696.75	797.95	0.0012532	359.38	446.7	1.4989	0.91128	1.5908	646.9	0.0071742	7.5702e-05	0.093691	supercritical
420.0	700.0	799.3	0.0012511	359.09	446.66	1.4979	0.91141	1.5897	648.69	0.0068195	7.5932e-05	0.093909	supercritical
420.0	703.25	800.64	0.001249	358.79	446.63	1.4968	0.91154	1.5886	650.48	0.0064691	7.6162e-05	0.094127	supercritical
420.0	706.5	801.97	0.0012469	358.5	446.6	1.4958	0.91167	1.5876	652.26	0.006123	7.6391e-05	0.094343	supercritical
420.0	709.75	803.3	0.0012449	358.21	446.56	1.4947	0.9118	1.5865	654.03	0.0057811	7.662e-05	0.09456	supercritical
420.0	713.0	804.62	0.0012428	357.92	446.54	1.4937	0.91193	1.5855	655.8	0.0054434	7.6848e-05	0.094775	supercritical
420.0	716.25	805.93	0.0012408	357.64	446.51	1.4927	0.91205	1.5845	657.57	0.0051098	7.7075e-05	0.094991	supercritical
420.0	719.5	807.23	0.0012388	357.35	446.48	1.4917	0.91218	1.5835	659.32	0.0047801	7.7302e-05	0.095205	supercritical
420.0	722.75	808.52	0.0012368	357.07	446.46	1.4906	0.91231	1.5825	661.07	0.0044544	7.7528e-05	0.095419	supercritical
420.0	726.0	809.81	0.0012349	356.79	446.44	1.4896	0.91245	1.5815	662.82	0.0041326	7.7754e-05	0.095632	supercritical
420.0	729.25	811.09	0.0012329	356.51	446.42	1.4886	0.91258	1.5805	664.56	0.0038146	7.7979e-05	0.095845	supercritical
420.0	732.5	812.36	0.001231	356.23	446.4	1.4876	0.91271	1.5796	666.29	0.0035004	7.8204e-05	0.096058	supercritical
420.0	735.75	813.62	0.0012291	355.95	446.38	1.4866	0.91284	1.5786	668.02	0.0031899	7.8428e-05	0.096269	supercritical
420.0	739.0	814.88	0.0012272	355.68	446.37	1.4856	0.91297	1.5777	669.74	0.0028829	7.8651e-05	0.09648	supercritical
420.0	742.25	816.13	0.0012253	355.4	446.35	1.4847	0.9131	1.5767	671.46	0.0025796	7.8874e-05	0.096691	supercritical
420.0	745.5	817.37	0.0012234	355.13	446.34	1.4837	0.91323	1.5758	673.17	0.0022797	7.9097e-05	0.096901	supercritical
420.0	748.75	818.6	0.0012216	354.86	446.33	1.4827	0.91337	1.5749	674.88	0.0019834	7.9319e-05	0.097111	supercritical
420.0	752.0	819.83	0.0012198	354.59	446.32	1.4817	0.9135	1.574	676.58	0.0016904	7.954e-05	0.09732	supercritical
420.0	755.25	821.05	0.001218	354.32	446.31	1.4808	0.91363	1.5731	678.27	0.0014007	7.9761e-05	0.097528	supercritical
420.0	758.5	822.26	0.0012162	354.06	446.3	1.4798	0.91376	1.5722	679.96	0.0011144	7.9981e-05	0.097736	supercritical
420.0	761.75	823.47	0.0012144	353.79	446.3	1.4789	0.9139	1.5713	681.65	0.00083127	8.0201e-05	0.097944	supercritical
420.0	765.0	824.67	0.0012126	353.53	446.3	1.4779	0.91403	1.5704	683.33	0.00055135	8.0421e-05	0.098151	supercritical
420.0	768.25	825.86	0.0012109	353.27	446.29	1.477	0.91417	1.5695	685.0	0.00027456	8.064e-05	0.098357	supercritical
420.0	771.5	827.05	0.0012091	353.01	446.29	1.476	0.9143	1.5687	686.67	8.5751e-07	8.0858e-05	0.098566	supercritical
420.0	774.75	828.22	0.0012074	352.75	446.29	1.4751	0.91443	1.5678	688.33	-0.00026981	8.1076e-05	0.098773	supercritical
420.0	778.0	829.4	0.0012057	352.49	446.3	1.4742	0.91457	1.567	689.99	-0.00053748	8.1294e-05	0.098981	supercritical
420.0	781.25	830.56	0.001204	352.24	446.3	1.4733	0.9147	1.5661	691.64	-0.00080221	8.1511e-05	0.099187	supercritical
420.0	784.5	831.72	0.0012023	351.98	446.3	1.4723	0.91484	1.5653	693.29	-0.001064	8.1727e-05	0.099394	supercritical
420.0	787.75	832.88	0.0012007	351.73	446.31	1.4714	0.91497	1.5645	694.93	-0.001323	8.1943e-05	0.099599	supercritical
420.0	791.0	834.02	0.001199	351.48	446.32	1.4705	0.91511	1.5637	696.57	-0.0015792	8.2159e-05	0.099805	supercritical
420.0	794.25	835.17	0.0011974	351.23	446.33	1.4696	0.91524	1.5628	698.2	-0.0018326	8.2374e-05	0.10001	supercritical
420.0	797.5	836.3	0.0011957	350.98	446.34	1.4687	0.91538	1.562	699.83	-0.0020833	8.2589e-05	0.10021	supercritical
420.0	800.75	837.43	0.0011941	350.73	446.35	1.4678	0.91552	1.5613	701.45	-0.0023313	8.2803e-05	0.10042	supercritical
420.0	804.0	838.55	0.0011925	350.48	446.36	1.4669	0.91565	1.5605	703.07	-0.0025766	8.3017e-05	0.10062	supercritical
420.0	807.25	839.67	0.0011909	350.23	446.37	1.466	0.91579	1.5597	704.69	-0.0028194	8.3231e-05	0.10082	supercritical
420.0	810.5	840.78	0.0011894	349.99	446.39	1.4651	0.91593	1.5589	706.29	-0.0030596	8.3444e-05	0.10103	supercritical
420.0	813.75	841.89	0.0011878	349.75	446.4	1.4643	0.91606	1.5582	707.9	-0.0032972	8.3656e-05	0.10123	supercritical
420.0	817.0	842.99	0.0011863	349.5	446.42	1.4634	0.9162	1.5574	709.49	-0.0035324	8.3869e-05	0.10143	supercritical
420.0	820.25	844.08	0.0011847	349.26	446.44	1.4625	0.91634	1.5566	711.09	-0.0037651	8.408e-05	0.10163	supercritical
420.0	823.5	845.17	0.0011832	349.02	446.46	1.4616	0.91647	1.5559	712.68	-0.0039955	8.4292e-05	0.10183	supercritical
420.0	826.75	846.26	0.0011817	348.79	446.48	1.4608	0.91661	1.5552	714.26	-0.0042234	8.4503e-05	0.10203	supercritical
420.0	830.0	847.34	0.0011802	348.55	446.5	1.4599	0.91675	1.5544	715.84	-0.004449	8.4713e-05	0.10223	supercritical
420.0	833.25	848.41	0.0011787	348.31	446.53	1.4591	0.91689	1.5537	717.42	-0.0046723	8.4923e-05	0.10243	supercritical
420.0	836.5	849.48	0.0011772	348.08	446.55	1.4582	0.91703	1.553	718.99	-0.0048933	8.5133e-05	0.10263	supercritical
420.0	839.75	850.54	0.0011757	347.84	446.57	1.4573	0.91716	1.5523	720.55	-0.0051121	8.5342e-05	0.10283	supercritical
420.0	843.0	851.59	0.0011743	347.61	446.6	1.4565	0.9173	1.5516	722.11	-0.0053287	8.5551e-05	0.10303	supercritical
420.0	846.25	852.65	0.0011728	347.38	446.63	1.4557	0.91744	1.5509	723.67	-0.0055431	8.576e-05	0.10323	supercritical
420.0	849.5	853.69	0.0011714	347.15	446.66	1.4548	0.91758	1.5502	725.22	-0.0057553	8.5968e-05	0.10342	supercritical
420.0	852.75	854.73	0.00117	346.92	446.69	1.454	0.91772	1.5495	726.77	-0.0059655	8.6176e-05	0.10362	supercritical
420.0	856.0	855.77	0.0011685	346.69	446.72	1.4532	0.91786	1.5488	728.31	-0.0061735	8.6383e-05	0.10382	supercritical
420.0	859.25	856.8	0.0011671	346.46	446.75	1.4523	0.918	1.5482	729.85	-0.0063795	8.659e-05	0.10401	supercritical
420.0	862.5	857.83	0.0011657	346.24	446.78	1.4515	0.91814	1.5475	731.38	-0.0065835	8.6797e-05	0.10421	supercritical
420.0	865.75	858.85	0.0011643	346.01	446.81	1.4507	0.91828	1.5468	732.91	-0.0067855	8.7003e-05	0.1044	supercritical
420.0	869.0	859.87	0.001163	345.79	446.85	1.4499	0.91842	1.5462	734.44	-0.0069855	8.7209e-05	0.1046	supercritical
420.0	872.25	860.88	0.0011616	345.56	446.88	1.449	0.91856	1.5455	735.96	-0.0071836	8.7415e-05	0.10479	supercritical
420.0	875.5	861.89	0.0011602	345.34	446.92	1.4482	0.9187	1.5449	737.48	-0.0073797	8.762e-05	0.10499	supercritical
420.0	878.75	862.89	0.0011589	345.12	446.96	1.4474	0.91884	1.5442	738.99	-0.007574	8.7825e-05	0.10518	supercritical
420.0	882.0	863.89	0.0011576	344.9	447.0	1.4466	0.91898	1.5436	740.5	-0.0077664	8.803e-05	0.10538	supercritical
420.0	885.25	864.88	0.0011562	344.68	447.04	1.4458	0.91912	1.543	742.0	-0.0079569	8.8234e-05	0.10557	supercritical
420.0	888.5	865.87	0.0011549	344.46	447.08	1.445	0.91926	1.5423	743.5	-0.0081457	8.8438e-05	0.10576	supercritical
420.0	891.75	866.85	0.0011536	344.25	447.12	1.4442	0.9194	1.5417	745.0	-0.0083327	8.8641e-05	0.10595	supercritical
420.0	895.0	867.83	0.0011523	344.03	447.16	1.4434	0.91954	1.5411	746.49	-0.0085179	8.8845e-05	0.10615	supercritical
420.0	898.25	868.81	0.001151	343.82	447.2	1.4426	0.91968	1.5405	747.98	-0.0087013	8.9048e-05	0.10634	supercritical
420.0	901.5	869.78	0.0011497	343.6	447.25	1.4419	0.91983	1.5399	749.46	-0.0088831	8.925e-05	0.10653	supercritical
420.0	904.75	870.74	0.0011484	343.39	447.29	1.4411	0.91997	1.5393	750.94	-0.0090631	8.9452e-05	0.10672	supercritical
420.0	908.0	871.71	0.0011472	343.18	447.34	1.4403	0.92011	1.5387	752.42	-0.0092415	8.9654e-05	0.10691	supercritical
420.0	911.25	872.66	0.0011459	342.96	447.39	1.4395	0.92025	1.5381	753.89	-0.0094183	8.9856e-05	0.1071	supercritical
420.0	914.5	873.62	0.0011447	342.75	447.43	1.4388	0.92039	1.5375	755.35	-0.0095934	9.0057e-05	0.10729	supercritical
420.0	917.75	874.57	0.0011434	342.54	447.48	1.438	0.92054	1.5369	756.82	-0.0097669	9.0258e-05	0.10748	supercritical
420.0	921.0	875.51	0.0011422	342.33	447.53	1.4372	0.92068	1.5364	758.28	-0.0099389	9.0459e-05	0.10767	supercritical
420.0	924.25	876.45	0.001141	342.13	447.58	1.4364	0.92082	1.5358	759.73	-0.010109	9.0659e-05	0.10786	supercritical
420.0	927.5	877.39	0.0011397	341.92	447.63	1.4357	0.92096	1.5352	761.18	-0.010278	9.0859e-05	0.10805	supercritical
420.0	930.75	878.32	0.0011385	341.71	447.68	1.4349	0.92111	1.5347	762.63	-0.010445	9.1059e-05	0.10824	supercritical
420.0	934.0	879.25	0.0011373	341.51	447.74	1.4342	0.92125	1.5341	764.08	-0.010611	9.1258e-05	0.10842	supercritical
420.0	937.25	880.18	0.0011361	341.3	447.79	1.4334	0.92139	1.5336	765.52	-0.010776	9.1457e-05	0.10861	supercritical
420.0	940.5	881.1	0.0011349	341.1	447.84	1.4327	0.92153	1.533	766.95	-0.010938	9.1656e-05	0.1088	supercritical
420.0	943.75	882.02	0.0011338	340.9	447.9	1.4319	0.92168	1.5325	768.39	-0.0111	9.1855e-05	0.10899	supercritical
420.0	947.0	882.93	0.0011326	340.7	447.95	1.4312	0.92182	1.5319	769.81	-0.01126	9.2053e-05	0.10917	supercritical
420.0	950.25	883.84	0.0011314	340.5	448.01	1.4304	0.92196	1.5314	771.24	-0.011418	9.2251e-05	0.10936	supercritical
420.0	953.5	884.75	0.0011303	340.3	448.07	1.4297	0.92211	1.5309	772.66	-0.011576	9.2448e-05	0.10955	supercritical
420.0	956.75	885.65	0.0011291	340.1	448.13	1.429	0.92225	1.5303	774.08	-0.011731	9.2646e-05	0.10973	supercritical
420.0	960.0	886.55	0.001128	339.9	448.18	1.4282	0.9224	1.5298	775.49	-0.011886	9.2843e-05	0.10992	supercritical
420.0	963.25	887.44	0.0011268	339.7	448.24	1.4275	0.92254	1.5293	776.9	-0.012039	9.304e-05	0.1101	supercritical
420.0	966.5	888.33	0.0011257	339.5	448.3	1.4268	0.92268	1.5288	778.31	-0.012191	9.3236e-05	0.11029	supercritical
420.0	969.75	889.22	0.0011246	339.31	448.36	1.426	0.92283	1.5283	779.71	-0.012341	9.3433e-05	0.11047	supercritical
420.0	973.0	890.1	0.0011235	339.11	448.43	1.4253	0.92297	1.5278	781.11	-0.012491	9.3629e-05	0.11066	supercritical
420.0	976.25	890.98	0.0011224	338.92	448.49	1.4246	0.92312	1.5273	782.51	-0.012638	9.3824e-05	0.11084	supercritical
420.0	979.5	891.86	0.0011213	338.72	448.55	1.4239	0.92326	1.5268	783.9	-0.012785	9.402e-05	0.11102	supercritical
420.0	982.75	892.73	0.0011202	338.53	448.62	1.4232	0.92341	1.5263	785.29	-0.012931	9.4215e-05	0.11121	supercritical
420.0	986.0	893.6	0.0011191	338.34	448.68	1.4225	0.92355	1.5258	786.68	-0.013075	9.441e-05	0.11139	supercritical
420.0	989.25	894.47	0.001118	338.15	448.74	1.4217	0.9237	1.5253	788.06	-0.013218	9.4605e-05	0.11157	supercritical
420.0	992.5	895.33	0.0011169	337.96	448.81	1.421	0.92384	1.5248	789.44	-0.01336	9.4799e-05	0.11176	supercritical
420.0	995.75	896.19	0.0011158	337.77	448.88	1.4203	0.92399	1.5243	790.81	-0.0135	9.4993e-05	0.11194	supercritical
420.0	999.0	897.04	0.0011148	337.58	448.94	1.4196	0.92413	1.5239	792.18	-0.01364	9.5187e-05	0.11212	supercritical
420.0	1002.2	897.9	0.0011137	337.39	449.01	1.4189	0.92428	1.5234	793.55	-0.013778	9.5381e-05	0.1123	supercritical
420.0	1005.5	898.74	0.0011127	337.2	449.08	1.4182	0.92442	1.5229	794.92	-0.013915	9.5574e-05	0.11248	supercritical
420.0	1008.8	899.59	0.0011116	337.02	449.15	1.4175	0.92457	1.5225	796.28	-0.014051	9.5767e-05	0.11266	supercritical
420.0	1012.0	900.43	0.0011106	336.83	449.22	1.4168	0.92471	1.522	797.64	-0.014186	9.596e-05	0.11285	supercritical
420.0	1015.2	901.27	0.0011095	336.64	449.29	1.4162	0.92486	1.5215	798.99	-0.01432	9.6153e-05	0.11303	supercritical
420.0	1018.5	902.11	0.0011085	336.46	449.36	1.4155	0.925	1.5211	800.34	-0.014453	9.6345e-05	0.11321	supercritical
420.0	1021.8	902.94	0.0011075	336.28	449.43	1.4148	0.92515	1.5206	801.69	-0.014584	9.6537e-05	0.11339	supercritical
420.0	1025.0	903.77	0.0011065	336.09	449.51	1.4141	0.9253	1.5202	803.04	-0.014715	9.6729e-05	0.11357	supercritical
420.0	1028.2	904.6	0.0011055	335.91	449.58	1.4134	0.92544	1.5197	804.38	-0.014844	9.6921e-05	0.11375	supercritical
420.0	1031.5	905.42	0.0011045	335.73	449.65	1.4127	0.92559	1.5193	805.72	-0.014973	9.7113e-05	0.11393	supercritical
420.0	1034.8	906.24	0.0011035	335.55	449.73	1.4121	0.92573	1.5189	807.05	-0.0151	9.7304e-05	0.11411	supercritical
420.0	1038.0	907.06	0.0011025	335.37	449.8	1.4114	0.92588	1.5184	808.38	-0.015227	9.7495e-05	0.11428	supercritical
420.0	1041.2	907.87	0.0011015	335.19	449.88	1.4107	0.92603	1.518	809.71	-0.015352	9.7686e-05	0.11446	supercritical
420.0	1044.5	908.68	0.0011005	335.01	449.95	1.41	0.92617	1.5176	811.04	-0.015477	9.7876e-05	0.11464	supercritical
420.0	1047.8	909.49	0.0010995	334.83	450.03	1.4094	0.92632	1.5171	812.36	-0.0156	9.8067e-05	0.11482	supercritical
420.0	1051.0	910.29	0.0010985	334.65	450.11	1.4087	0.92646	1.5167	813.68	-0.015723	9.8257e-05	0.115	supercritical
420.0	1054.2	911.1	0.0010976	334.47	450.18	1.408	0.92661	1.5163	815.0	-0.015844	9.8447e-05	0.11517	supercritical
420.0	1057.5	911.9	0.0010966	334.3	450.26	1.4074	0.92676	1.5159	816.31	-0.015965	9.8636e-05	0.11535	supercritical
420.0	1060.8	912.69	0.0010957	334.12	450.34	1.4067	0.9269	1.5154	817.62	-0.016085	9.8826e-05	0.11553	supercritical
420.0	1064.0	913.49	0.0010947	333.94	450.42	1.4061	0.92705	1.515	818.93	-0.016203	9.9015e-05	0.11571	supercritical
420.0	1067.2	914.28	0.0010938	333.77	450.5	1.4054	0.9272	1.5146	820.23	-0.016321	9.9204e-05	0.11588	supercritical
420.0	1070.5	915.06	0.0010928	333.6	450.58	1.4047	0.92735	1.5142	821.53	-0.016438	9.9393e-05	0.11606	supercritical
420.0	1073.8	915.85	0.0010919	333.42	450.66	1.4041	0.92749	1.5138	822.83	-0.016554	9.9581e-05	0.11624	supercritical
420.0	1077.0	916.63	0.001091	333.25	450.75	1.4034	0.92764	1.5134	824.12	-0.016669	9.977e-05	0.11641	supercritical
420.0	1080.2	917.41	0.00109	333.08	450.83	1.4028	0.92779	1.513	825.42	-0.016783	9.9958e-05	0.11659	supercritical
420.0	1083.5	918.19	0.0010891	332.91	450.91	1.4021	0.92793	1.5126	826.71	-0.016897	0.00010015	0.11676	supercritical
420.0	1086.8	918.96	0.0010882	332.73	450.99	1.4015	0.92808	1.5122	827.99	-0.017009	0.00010033	0.11694	supercritical
420.0	1090.0	919.73	0.0010873	332.56	451.08	1.4009	0.92823	1.5118	829.28	-0.017121	0.00010052	0.11711	supercritical
420.0	1093.2	920.5	0.0010864	332.39	451.16	1.4002	0.92838	1.5115	830.56	-0.017232	0.00010071	0.11729	supercritical
420.0	1096.5	921.27	0.0010855	332.23	451.25	1.3996	0.92852	1.5111	831.83	-0.017342	0.0001009	0.11746	supercritical
420.0	1099.8	922.03	0.0010846	332.06	451.33	1.3989	0.92867	1.5107	833.11	-0.017451	0.00010108	0.11764	supercritical
420.0	1103.0	922.79	0.0010837	331.89	451.42	1.3983	0.92882	1.5103	834.38	-0.017559	0.00010127	0.11781	supercritical
420.0	1106.2	923.55	0.0010828	331.72	451.5	1.3977	0.92897	1.5099	835.65	-0.017667	0.00010146	0.11799	supercritical
420.0	1109.5	924.3	0.0010819	331.55	451.59	1.397	0.92911	1.5096	836.91	-0.017774	0.00010164	0.11816	supercritical
420.0	1112.8	925.06	0.001081	331.39	451.68	1.3964	0.92926	1.5092	838.18	-0.01788	0.00010183	0.11833	supercritical
420.0	1116.0	925.81	0.0010801	331.22	451.77	1.3958	0.92941	1.5088	839.44	-0.017985	0.00010201	0.11851	supercritical
420.0	1119.2	926.55	0.0010793	331.06	451.86	1.3952	0.92956	1.5085	840.69	-0.018089	0.0001022	0.11868	supercritical
420.0	1122.5	927.3	0.0010784	330.89	451.94	1.3945	0.92971	1.5081	841.95	-0.018193	0.00010239	0.11885	supercritical
420.0	1125.8	928.04	0.0010775	330.73	452.03	1.3939	0.92985	1.5077	843.2	-0.018296	0.00010257	0.11903	supercritical
420.0	1129.0	928.78	0.0010767	330.57	452.12	1.3933	0.93	1.5074	844.45	-0.018398	0.00010276	0.1192	supercritical
420.0	1132.2	929.52	0.0010758	330.4	452.21	1.3927	0.93015	1.507	845.69	-0.0185	0.00010294	0.11937	supercritical
420.0	1135.5	930.25	0.001075	330.24	452.3	1.3921	0.9303	1.5067	846.94	-0.0186	0.00010313	0.11954	supercritical
420.0	1138.8	930.99	0.0010741	330.08	452.4	1.3915	0.93045	1.5063	848.18	-0.0187	0.00010331	0.11971	supercritical
420.0	1142.0	931.72	0.0010733	329.92	452.49	1.3908	0.93059	1.506	849.42	-0.0188	0.0001035	0.11989	supercritical
420.0	1145.2	932.44	0.0010725	329.76	452.58	1.3902	0.93074	1.5056	850.65	-0.018898	0.00010368	0.12006	supercritical
420.0	1148.5	933.17	0.0010716	329.6	452.67	1.3896	0.93089	1.5053	851.89	-0.018996	0.00010387	0.12023	supercritical
420.0	1151.8	933.89	0.0010708	329.44	452.77	1.389	0.93104	1.5049	853.12	-0.019093	0.00010405	0.1204	supercritical
420.0	1155.0	934.61	0.00107	329.28	452.86	1.3884	0.93119	1.5046	854.34	-0.01919	0.00010423	0.12057	supercritical
420.0	1158.2	935.33	0.0010691	329.12	452.95	1.3878	0.93134	1.5043	855.57	-0.019285	0.00010442	0.12074	supercritical
420.0	1161.5	936.05	0.0010683	328.96	453.05	1.3872	0.93149	1.5039	856.79	-0.019381	0.0001046	0.12091	supercritical
420.0	1164.8	936.76	0.0010675	328.8	453.14	1.3866	0.93163	1.5036	858.01	-0.019475	0.00010478	0.12108	supercritical
420.0	1168.0	937.47	0.0010667	328.65	453.24	1.386	0.93178	1.5033	859.23	-0.019569	0.00010497	0.12125	supercritical
420.0	1171.2	938.18	0.0010659	328.49	453.33	1.3854	0.93193	1.5029	860.44	-0.019662	0.00010515	0.12142	supercritical
420.0	1174.5	938.89	0.0010651	328.34	453.43	1.3848	0.93208	1.5026	861.65	-0.019754	0.00010533	0.12159	supercritical
420.0	1177.8	939.59	0.0010643	328.18	453.53	1.3842	0.93223	1.5023	862.86	-0.019846	0.00010552	0.12176	supercritical
420.0	1181.0	940.29	0.0010635	328.03	453.62	1.3836	0.93238	1.5019	864.07	-0.019937	0.0001057	0.12193	supercritical
420.0	1184.2	940.99	0.0010627	327.87	453.72	1.383	0.93253	1.5016	865.27	-0.020028	0.00010588	0.1221	supercritical
420.0	1187.5	941.69	0.0010619	327.72	453.82	1.3825	0.93268	1.5013	866.47	-0.020118	0.00010606	0.12227	supercritical
420.0	1190.8	942.39	0.0010611	327.56	453.92	1.3819	0.93282	1.501	867.67	-0.020207	0.00010624	0.12244	supercritical
420.0	1194.0	943.08	0.0010604	327.41	454.02	1.3813	0.93297	1.5007	868.87	-0.020296	0.00010643	0.12261	supercritical
420.0	1197.2	943.77	0.0010596	327.26	454.12	1.3807	0.93312	1.5004	870.06	-0.020384	0.00010661	0.12278	supercritical
420.0	1200.5	944.46	0.0010588	327.11	454.22	1.3801	0.93327	1.5001	871.25	-0.020472	0.00010679	0.12294	supercritical
420.0	1203.8	945.15	0.001058	326.95	454.32	1.3795	0.93342	1.4997	872.44	-0.020559	0.00010697	0.12311	supercritical
420.0	1207.0	945.83	0.0010573	326.8	454.42	1.379	0.93357	1.4994	873.63	-0.020645	0.00010715	0.12328	supercritical
420.0	1210.2	946.52	0.0010565	326.65	454.52	1.3784	0.93372	1.4991	874.81	-0.020731	0.00010733	0.12345	supercritical
420.0	1213.5	947.2	0.0010557	326.5	454.62	1.3778	0.93387	1.4988	875.99	-0.020816	0.00010751	0.12362	supercritical
420.0	1216.8	947.88	0.001055	326.35	454.72	1.3772	0.93402	1.4985	877.17	-0.020901	0.00010769	0.12378	supercritical
420.0	1220.0	948.55	0.0010542	326.2	454.82	1.3766	0.93417	1.4982	878.35	-0.020985	0.00010788	0.12395	supercritical
420.0	1223.2	949.23	0.0010535	326.06	454.92	1.3761	0.93432	1.4979	879.53	-0.021068	0.00010806	0.12412	supercritical
420.0	1226.5	949.9	0.0010527	325.91	455.03	1.3755	0.93446	1.4976	880.7	-0.021151	0.00010824	0.12428	supercritical
420.0	1229.8	950.57	0.001052	325.76	455.13	1.3749	0.93461	1.4973	881.87	-0.021234	0.00010842	0.12445	supercritical
420.0	1233.0	951.24	0.0010513	325.61	455.23	1.3744	0.93476	1.4971	883.03	-0.021315	0.0001086	0.12462	supercritical
420.0	1236.2	951.91	0.0010505	325.47	455.34	1.3738	0.93491	1.4968	884.2	-0.021397	0.00010878	0.12478	supercritical
420.0	1239.5	952.57	0.0010498	325.32	455.44	1.3732	0.93506	1.4965	885.36	-0.021478	0.00010896	0.12495	supercritical
420.0	1242.8	953.23	0.0010491	325.17	455.55	1.3727	0.93521	1.4962	886.52	-0.021558	0.00010914	0.12512	supercritical
420.0	1246.0	953.89	0.0010483	325.03	455.65	1.3721	0.93536	1.4959	887.68	-0.021637	0.00010932	0.12528	supercritical
420.0	1249.2	954.55	0.0010476	324.88	455.76	1.3716	0.93551	1.4956	888.84	-0.021717	0.00010949	0.12545	supercritical
420.0	1252.5	955.21	0.0010469	324.74	455.86	1.371	0.93566	1.4953	889.99	-0.021795	0.00010967	0.12561	supercritical
420.0	1255.8	955.86	0.0010462	324.6	455.97	1.3704	0.93581	1.4951	891.14	-0.021874	0.00010985	0.12578	supercritical
420.0	1259.0	956.52	0.0010455	324.45	456.07	1.3699	0.93596	1.4948	892.29	-0.021951	0.00011003	0.12594	supercritical
420.0	1262.2	957.17	0.0010447	324.31	456.18	1.3693	0.93611	1.4945	893.44	-0.022028	0.00011021	0.12611	supercritical
420.0	1265.5	957.82	0.001044	324.17	456.29	1.3688	0.93626	1.4942	894.58	-0.022105	0.00011039	0.12627	supercritical
420.0	1268.8	958.46	0.0010433	324.02	456.4	1.3682	0.93641	1.494	895.72	-0.022181	0.00011057	0.12644	supercritical
420.0	1272.0	959.11	0.0010426	323.88	456.5	1.3677	0.93656	1.4937	896.86	-0.022257	0.00011075	0.1266	supercritical
420.0	1275.2	959.75	0.0010419	323.74	456.61	1.3671	0.93671	1.4934	898.0	-0.022332	0.00011092	0.12677	supercritical
420.0	1278.5	960.39	0.0010412	323.6	456.72	1.3666	0.93686	1.4931	899.13	-0.022407	0.0001111	0.12693	supercritical
420.0	1281.8	961.03	0.0010405	323.46	456.83	1.366	0.93701	1.4929	900.27	-0.022481	0.00011128	0.1271	supercritical
420.0	1285.0	961.67	0.0010399	323.32	456.94	1.3655	0.93716	1.4926	901.4	-0.022555	0.00011146	0.12726	supercritical
420.0	1288.2	962.31	0.0010392	323.18	457.05	1.3649	0.93731	1.4924	902.53	-0.022628	0.00011164	0.12742	supercritical
420.0	1291.5	962.94	0.0010385	323.04	457.16	1.3644	0.93746	1.4921	903.65	-0.022701	0.00011181	0.12759	supercritical
420.0	1294.8	963.57	0.0010378	322.9	457.27	1.3639	0.9376	1.4918	904.78	-0.022774	0.00011199	0.12775	supercritical
420.0	1298.0	964.21	0.0010371	322.76	457.38	1.3633	0.93775	1.4916	905.9	-0.022846	0.00011217	0.12791	supercritical
420.0	1301.2	964.83	0.0010364	322.62	457.49	1.3628	0.9379	1.4913	907.02	-0.022917	0.00011235	0.12808	supercritical
420.0	1304.5	965.46	0.0010358	322.49	457.6	1.3622	0.93805	1.4911	908.14	-0.022988	0.00011252	0.12824	supercritical
420.0	1307.8	966.09	0.0010351	322.35	457.71	1.3617	0.9382	1.4908	909.25	-0.023059	0.0001127	0.1284	supercritical
420.0	1311.0	966.71	0.0010344	322.21	457.83	1.3612	0.93835	1.4906	910.37	-0.023129	0.00011288	0.12857	supercritical
420.0	1314.2	967.33	0.0010338	322.07	457.94	1.3606	0.9385	1.4903	911.48	-0.023199	0.00011305	0.12873	supercritical
420.0	1317.5	967.95	0.0010331	321.94	458.05	1.3601	0.93865	1.4901	912.59	-0.023268	0.00011323	0.12889	supercritical
420.0	1320.8	968.57	0.0010324	321.8	458.16	1.3596	0.9388	1.4898	913.69	-0.023337	0.00011341	0.12905	supercritical
420.0	1324.0	969.19	0.0010318	321.67	458.28	1.3591	0.93895	1.4896	914.8	-0.023405	0.00011358	0.12922	supercritical
420.0	1327.2	969.8	0.0010311	321.53	458.39	1.3585	0.9391	1.4893	915.9	-0.023473	0.00011376	0.12938	supercritical
420.0	1330.5	970.42	0.0010305	321.4	458.5	1.358	0.93925	1.4891	917.0	-0.023541	0.00011393	0.12954	supercritical
420.0	1333.8	971.03	0.0010298	321.26	458.62	1.3575	0.9394	1.4888	918.1	-0.023608	0.00011411	0.1297	supercritical
420.0	1337.0	971.64	0.0010292	321.13	458.73	1.3569	0.93955	1.4886	919.2	-0.023675	0.00011429	0.12986	supercritical
420.0	1340.2	972.25	0.0010285	321.0	458.85	1.3564	0.9397	1.4883	920.29	-0.023742	0.00011446	0.13002	supercritical
420.0	1343.5	972.86	0.0010279	320.86	458.96	1.3559	0.93985	1.4881	921.39	-0.023808	0.00011464	0.13019	supercritical
420.0	1346.8	973.46	0.0010273	320.73	459.08	1.3554	0.94	1.4879	922.48	-0.023873	0.00011481	0.13035	supercritical
420.0	1350.0	974.06	0.0010266	320.6	459.19	1.3549	0.94015	1.4876	923.56	-0.023938	0.00011499	0.13051	supercritical
420.0	1353.2	974.67	0.001026	320.47	459.31	1.3543	0.9403	1.4874	924.65	-0.024003	0.00011516	0.13067	supercritical
420.0	1356.5	975.27	0.0010254	320.33	459.42	1.3538	0.94045	1.4872	925.74	-0.024068	0.00011534	0.13083	supercritical
420.0	1359.8	975.87	0.0010247	320.2	459.54	1.3533	0.9406	1.4869	926.82	-0.024132	0.00011551	0.13099	supercritical
420.0	1363.0	976.46	0.0010241	320.07	459.66	1.3528	0.94075	1.4867	927.9	-0.024195	0.00011569	0.13115	supercritical
420.0	1366.2	977.06	0.0010235	319.94	459.77	1.3523	0.9409	1.4865	928.98	-0.024259	0.00011586	0.13131	supercritical
420.0	1369.5	977.65	0.0010229	319.81	459.89	1.3518	0.94105	1.4863	930.05	-0.024322	0.00011604	0.13147	supercritical
420.0	1372.8	978.25	0.0010222	319.68	460.01	1.3513	0.9412	1.486	931.13	-0.024384	0.00011621	0.13163	supercritical
420.0	1376.0	978.84	0.0010216	319.55	460.13	1.3508	0.94135	1.4858	932.2	-0.024446	0.00011639	0.13179	supercritical
420.0	1379.2	979.43	0.001021	319.42	460.25	1.3502	0.9415	1.4856	933.27	-0.024508	0.00011656	0.13195	supercritical
420.0	1382.5	980.01	0.0010204	319.29	460.36	1.3497	0.94165	1.4854	934.34	-0.02457	0.00011674	0.13211	supercritical
420.0	1385.8	980.6	0.0010198	319.17	460.48	1.3492	0.9418	1.4851	935.41	-0.024631	0.00011691	0.13227	supercritical
420.0	1389.0	981.19	0.0010192	319.04	460.6	1.3487	0.94195	1.4849	936.47	-0.024692	0.00011709	0.13243	supercritical
420.0	1392.2	981.77	0.0010186	318.91	460.72	1.3482	0.9421	1.4847	937.54	-0.024752	0.00011726	0.13259	supercritical
420.0	1395.5	982.35	0.001018	318.78	460.84	1.3477	0.94225	1.4845	938.6	-0.024812	0.00011743	0.13275	supercritical
420.0	1398.8	982.93	0.0010174	318.66	460.96	1.3472	0.9424	1.4843	939.66	-0.024872	0.00011761	0.13291	supercritical
420.0	1402.0	983.51	0.0010168	318.53	461.08	1.3467	0.94255	1.484	940.72	-0.024931	0.00011778	0.13307	supercritical
420.0	1405.2	984.09	0.0010162	318.4	461.2	1.3462	0.9427	1.4838	941.77	-0.02499	0.00011795	0.13322	supercritical
420.0	1408.5	984.66	0.0010156	318.28	461.32	1.3457	0.94285	1.4836	942.82	-0.025049	0.00011813	0.13338	supercritical
420.0	1411.8	985.24	0.001015	318.15	461.44	1.3452	0.943	1.4834	943.88	-0.025107	0.0001183	0.13354	supercritical
420.0	1415.0	985.81	0.0010144	318.03	461.56	1.3447	0.94315	1.4832	944.93	-0.025165	0.00011848	0.1337	supercritical
420.0	1418.2	986.38	0.0010138	317.9	461.69	1.3442	0.9433	1.483	945.97	-0.025223	0.00011865	0.13386	supercritical
420.0	1421.5	986.95	0.0010132	317.78	461.81	1.3437	0.94345	1.4828	947.02	-0.02528	0.00011882	0.13402	supercritical
420.0	1424.8	987.52	0.0010126	317.65	461.93	1.3432	0.9436	1.4826	948.07	-0.025337	0.00011899	0.13417	supercritical
420.0	1428.0	988.09	0.0010121	317.53	462.05	1.3427	0.94375	1.4824	949.11	-0.025394	0.00011917	0.13433	supercritical
420.0	1431.2	988.66	0.0010115	317.41	462.17	1.3423	0.9439	1.4822	950.15	-0.02545	0.00011934	0.13449	supercritical
420.0	1434.5	989.22	0.0010109	317.28	462.3	1.3418	0.94405	1.482	951.19	-0.025506	0.00011951	0.13465	supercritical
420.0	1437.8	989.78	0.0010103	317.16	462.42	1.3413	0.9442	1.4818	952.22	-0.025562	0.00011969	0.13481	supercritical
420.0	1441.0	990.35	0.0010097	317.04	462.54	1.3408	0.94435	1.4816	953.26	-0.025617	0.00011986	0.13496	supercritical
420.0	1444.2	990.91	0.0010092	316.92	462.67	1.3403	0.9445	1.4814	954.29	-0.025672	0.00012003	0.13512	supercritical
420.0	1447.5	991.47	0.0010086	316.79	462.79	1.3398	0.94465	1.4812	955.33	-0.025727	0.0001202	0.13528	supercritical
420.0	1450.8	992.02	0.001008	316.67	462.91	1.3393	0.9448	1.481	956.36	-0.025781	0.00012038	0.13543	supercritical
420.0	1454.0	992.58	0.0010075	316.55	463.04	1.3388	0.94495	1.4808	957.38	-0.025836	0.00012055	0.13559	supercritical
420.0	1457.2	993.13	0.0010069	316.43	463.16	1.3384	0.9451	1.4806	958.41	-0.025889	0.00012072	0.13575	supercritical
420.0	1460.5	993.69	0.0010064	316.31	463.29	1.3379	0.94525	1.4804	959.43	-0.025943	0.00012089	0.1359	supercritical
420.0	1463.8	994.24	0.0010058	316.19	463.41	1.3374	0.9454	1.4802	960.46	-0.025996	0.00012106	0.13606	supercritical
420.0	1467.0	994.79	0.0010052	316.07	463.54	1.3369	0.94555	1.48	961.48	-0.026049	0.00012124	0.13622	supercritical
420.0	1470.2	995.34	0.0010047	315.95	463.66	1.3364	0.9457	1.4798	962.5	-0.026102	0.00012141	0.13637	supercritical
420.0	1473.5	995.89	0.0010041	315.83	463.79	1.336	0.94585	1.4796	963.52	-0.026154	0.00012158	0.13653	supercritical
420.0	1476.8	996.44	0.0010036	315.71	463.91	1.3355	0.946	1.4794	964.53	-0.026206	0.00012175	0.13669	supercritical
420.0	1480.0	996.98	0.001003	315.59	464.04	1.335	0.94615	1.4792	965.55	-0.026258	0.00012192	0.13684	supercritical
420.0	1483.2	997.53	0.0010025	315.47	464.17	1.3345	0.9463	1.479	966.56	-0.02631	0.00012209	0.137	supercritical
420.0	1486.5	998.07	0.0010019	315.36	464.29	1.3341	0.94645	1.4789	967.57	-0.026361	0.00012226	0.13715	supercritical
420.0	1489.8	998.61	0.0010014	315.24	464.42	1.3336	0.9466	1.4787	968.58	-0.026412	0.00012244	0.13731	supercritical
420.0	1493.0	999.15	0.0010008	315.12	464.55	1.3331	0.94675	1.4785	969.59	-0.026463	0.00012261	0.13747	supercritical
420.0	1496.2	999.69	0.0010003	315.0	464.67	1.3326	0.9469	1.4783	970.59	-0.026513	0.00012278	0.13762	supercritical
420.0	1499.5	1000.2	0.00099977	314.89	464.8	1.3322	0.94705	1.4781	971.6	-0.026563	0.00012295	0.13778	supercritical
420.0	1502.8	1000.8	0.00099924	314.77	464.93	1.3317	0.9472	1.4779	972.6	-0.026613	0.00012312	0.13793	supercritical
420.0	1506.0	1001.3	0.0009987	314.65	465.06	1.3312	0.94735	1.4778	973.6	-0.026663	0.00012329	0.13809	supercritical
420.0	1509.2	1001.8	0.00099817	314.54	465.19	1.3308	0.9475	1.4776	974.6	-0.026712	0.00012346	0.13824	supercritical
420.0	1512.5	1002.4	0.00099764	314.42	465.31	1.3303	0.94765	1.4774	975.6	-0.026761	0.00012363	0.1384	supercritical
420.0	1515.8	1002.9	0.00099711	314.31	465.44	1.3298	0.9478	1.4772	976.59	-0.02681	0.0001238	0.13855	supercritical
420.0	1519.0	1003.4	0.00099658	314.19	465.57	1.3294	0.94795	1.477	977.59	-0.026858	0.00012397	0.13871	supercritical
420.0	1522.2	1004.0	0.00099606	314.08	465.7	1.3289	0.9481	1.4769	978.58	-0.026907	0.00012414	0.13886	supercritical
420.0	1525.5	1004.5	0.00099553	313.96	465.83	1.3284	0.94825	1.4767	979.57	-0.026955	0.00012431	0.13901	supercritical
420.0	1528.8	1005.0	0.00099501	313.85	465.96	1.328	0.9484	1.4765	980.56	-0.027003	0.00012448	0.13917	supercritical
420.0	1532.0	1005.5	0.00099449	313.73	466.09	1.3275	0.94855	1.4764	981.55	-0.02705	0.00012465	0.13932	supercritical
420.0	1535.2	1006.1	0.00099397	313.62	466.22	1.3271	0.9487	1.4762	982.53	-0.027097	0.00012482	0.13948	supercritical
420.0	1538.5	1006.6	0.00099346	313.51	466.35	1.3266	0.94884	1.476	983.52	-0.027144	0.00012499	0.13963	supercritical
420.0	1541.8	1007.1	0.00099294	313.39	466.48	1.3261	0.94899	1.4758	984.5	-0.027191	0.00012516	0.13979	supercritical
420.0	1545.0	1007.6	0.00099243	313.28	466.61	1.3257	0.94914	1.4757	985.48	-0.027238	0.00012533	0.13994	supercritical
420.0	1548.2	1008.2	0.00099192	313.17	466.74	1.3252	0.94929	1.4755	986.46	-0.027284	0.0001255	0.14009	supercritical
420.0	1551.5	1008.7	0.00099141	313.05	466.87	1.3248	0.94944	1.4753	987.44	-0.02733	0.00012567	0.14025	supercritical
420.0	1554.8	1009.2	0.0009909	312.94	467.0	1.3243	0.94959	1.4752	988.42	-0.027376	0.00012584	0.1404	supercritical
420.0	1558.0	1009.7	0.00099039	312.83	467.13	1.3239	0.94974	1.475	989.39	-0.027421	0.00012601	0.14055	supercritical
420.0	1561.2	1010.2	0.00098989	312.72	467.27	1.3234	0.94989	1.4748	990.36	-0.027467	0.00012618	0.14071	supercritical
420.0	1564.5	1010.7	0.00098938	312.61	467.4	1.323	0.95004	1.4747	991.34	-0.027512	0.00012635	0.14086	supercritical
420.0	1567.8	1011.2	0.00098888	312.5	467.53	1.3225	0.95019	1.4745	992.31	-0.027556	0.00012652	0.14101	supercritical
420.0	1571.0	1011.8	0.00098838	312.39	467.66	1.3221	0.95034	1.4743	993.27	-0.027601	0.00012669	0.14117	supercritical
420.0	1574.2	1012.3	0.00098788	312.28	467.79	1.3216	0.95049	1.4742	994.24	-0.027645	0.00012686	0.14132	supercritical
420.0	1577.5	1012.8	0.00098739	312.17	467.93	1.3212	0.95064	1.474	995.21	-0.02769	0.00012703	0.14147	supercritical
420.0	1580.8	1013.3	0.00098689	312.06	468.06	1.3207	0.95079	1.4739	996.17	-0.027734	0.0001272	0.14162	supercritical
420.0	1584.0	1013.8	0.0009864	311.95	468.19	1.3203	0.95094	1.4737	997.13	-0.027777	0.00012737	0.14178	supercritical
420.0	1587.2	1014.3	0.0009859	311.84	468.32	1.3198	0.95109	1.4735	998.09	-0.027821	0.00012754	0.14193	supercritical
420.0	1590.5	1014.8	0.00098541	311.73	468.46	1.3194	0.95124	1.4734	999.05	-0.027864	0.00012771	0.14208	supercritical
420.0	1593.8	1015.3	0.00098492	311.62	468.59	1.3189	0.95139	1.4732	1000.0	-0.027907	0.00012787	0.14223	supercritical
420.0	1597.0	1015.8	0.00098444	311.51	468.73	1.3185	0.95153	1.4731	1001.0	-0.02795	0.00012804	0.14239	supercritical
420.0	1600.2	1016.3	0.00098395	311.4	468.86	1.318	0.95168	1.4729	1001.9	-0.027992	0.00012821	0.14254	supercritical
420.0	1603.5	1016.8	0.00098347	311.29	468.99	1.3176	0.95183	1.4728	1002.9	-0.028035	0.00012838	0.14269	supercritical
420.0	1606.8	1017.3	0.00098298	311.19	469.13	1.3172	0.95198	1.4726	1003.8	-0.028077	0.00012855	0.14284	supercritical
420.0	1610.0	1017.8	0.0009825	311.08	469.26	1.3167	0.95213	1.4725	1004.8	-0.028119	0.00012872	0.14299	supercritical
420.0	1613.2	1018.3	0.00098202	310.97	469.4	1.3163	0.95228	1.4723	1005.7	-0.028161	0.00012889	0.14315	supercritical
420.0	1616.5	1018.8	0.00098154	310.86	469.53	1.3158	0.95243	1.4722	1006.7	-0.028202	0.00012905	0.1433	supercritical
420.0	1619.8	1019.3	0.00098107	310.76	469.67	1.3154	0.95258	1.472	1007.6	-0.028243	0.00012922	0.14345	supercritical
420.0	1623.0	1019.8	0.00098059	310.65	469.8	1.315	0.95273	1.4719	1008.6	-0.028285	0.00012939	0.1436	supercritical
420.0	1626.2	1020.3	0.00098012	310.55	469.94	1.3145	0.95288	1.4717	1009.5	-0.028325	0.00012956	0.14375	supercritical
420.0	1629.5	1020.8	0.00097965	310.44	470.07	1.3141	0.95303	1.4716	1010.5	-0.028366	0.00012973	0.1439	supercritical
420.0	1632.8	1021.3	0.00097918	310.33	470.21	1.3137	0.95317	1.4714	1011.4	-0.028407	0.00012989	0.14405	supercritical
420.0	1636.0	1021.8	0.00097871	310.23	470.34	1.3132	0.95332	1.4713	1012.3	-0.028447	0.00013006	0.14421	supercritical
420.0	1639.2	1022.2	0.00097824	310.12	470.48	1.3128	0.95347	1.4711	1013.3	-0.028487	0.00013023	0.14436	supercritical
420.0	1642.5	1022.7	0.00097777	310.02	470.62	1.3124	0.95362	1.471	1014.2	-0.028527	0.0001304	0.14451	supercritical
420.0	1645.8	1023.2	0.00097731	309.91	470.75	1.3119	0.95377	1.4708	1015.1	-0.028566	0.00013057	0.14466	supercritical
420.0	1649.0	1023.7	0.00097684	309.81	470.89	1.3115	0.95392	1.4707	1016.1	-0.028606	0.00013073	0.14481	supercritical
420.0	1652.2	1024.2	0.00097638	309.7	471.03	1.3111	0.95407	1.4706	1017.0	-0.028645	0.0001309	0.14496	supercritical
420.0	1655.5	1024.7	0.00097592	309.6	471.16	1.3106	0.95422	1.4704	1017.9	-0.028684	0.00013107	0.14511	supercritical
420.0	1658.8	1025.2	0.00097546	309.5	471.3	1.3102	0.95437	1.4703	1018.9	-0.028723	0.00013124	0.14526	supercritical
420.0	1662.0	1025.6	0.000975	309.39	471.44	1.3098	0.95451	1.4701	1019.8	-0.028762	0.0001314	0.14541	supercritical
420.0	1665.2	1026.1	0.00097454	309.29	471.58	1.3094	0.95466	1.47	1020.7	-0.0288	0.00013157	0.14556	supercritical
420.0	1668.5	1026.6	0.00097409	309.19	471.71	1.3089	0.95481	1.4699	1021.6	-0.028839	0.00013174	0.14571	supercritical
420.0	1671.8	1027.1	0.00097363	309.08	471.85	1.3085	0.95496	1.4697	1022.6	-0.028877	0.00013191	0.14586	supercritical
420.0	1675.0	1027.6	0.00097318	308.98	471.99	1.3081	0.95511	1.4696	1023.5	-0.028915	0.00013207	0.14601	supercritical
420.0	1678.2	1028.0	0.00097273	308.88	472.13	1.3077	0.95526	1.4694	1024.4	-0.028953	0.00013224	0.14616	supercritical
420.0	1681.5	1028.5	0.00097228	308.78	472.27	1.3072	0.95541	1.4693	1025.3	-0.02899	0.00013241	0.14631	supercritical
420.0	1684.8	1029.0	0.00097183	308.68	472.4	1.3068	0.95556	1.4692	1026.2	-0.029028	0.00013257	0.14646	supercritical
420.0	1688.0	1029.5	0.00097138	308.57	472.54	1.3064	0.9557	1.469	1027.2	-0.029065	0.00013274	0.14661	supercritical
420.0	1691.2	1029.9	0.00097094	308.47	472.68	1.306	0.95585	1.4689	1028.1	-0.029102	0.00013291	0.14676	supercritical
420.0	1694.5	1030.4	0.00097049	308.37	472.82	1.3055	0.956	1.4688	1029.0	-0.029139	0.00013308	0.14691	supercritical
420.0	1697.8	1030.9	0.00097005	308.27	472.96	1.3051	0.95615	1.4686	1029.9	-0.029175	0.00013324	0.14706	supercritical
420.0	1701.0	1031.3	0.00096961	308.17	473.1	1.3047	0.9563	1.4685	1030.8	-0.029212	0.00013341	0.14721	supercritical
420.0	1704.2	1031.8	0.00096917	308.07	473.24	1.3043	0.95645	1.4684	1031.7	-0.029248	0.00013358	0.14736	supercritical
420.0	1707.5	1032.3	0.00096873	307.97	473.38	1.3039	0.95659	1.4682	1032.6	-0.029284	0.00013374	0.14751	supercritical
420.0	1710.8	1032.8	0.00096829	307.87	473.52	1.3035	0.95674	1.4681	1033.5	-0.02932	0.00013391	0.14766	supercritical
420.0	1714.0	1033.2	0.00096785	307.77	473.66	1.303	0.95689	1.468	1034.4	-0.029356	0.00013408	0.1478	supercritical
420.0	1717.2	1033.7	0.00096742	307.67	473.8	1.3026	0.95704	1.4678	1035.4	-0.029392	0.00013424	0.14795	supercritical
420.0	1720.5	1034.1	0.00096698	307.57	473.94	1.3022	0.95719	1.4677	1036.3	-0.029427	0.00013441	0.1481	supercritical
420.0	1723.8	1034.6	0.00096655	307.47	474.08	1.3018	0.95734	1.4676	1037.2	-0.029463	0.00013457	0.14825	supercritical
420.0	1727.0	1035.1	0.00096612	307.37	474.22	1.3014	0.95748	1.4675	1038.1	-0.029498	0.00013474	0.1484	supercritical
420.0	1730.2	1035.5	0.00096568	307.27	474.36	1.301	0.95763	1.4673	1039.0	-0.029533	0.00013491	0.14855	supercritical
420.0	1733.5	1036.0	0.00096525	307.17	474.5	1.3006	0.95778	1.4672	1039.9	-0.029567	0.00013507	0.1487	supercritical
420.0	1736.8	1036.5	0.00096483	307.08	474.64	1.3001	0.95793	1.4671	1040.7	-0.029602	0.00013524	0.14884	supercritical
420.0	1740.0	1036.9	0.0009644	306.98	474.78	1.2997	0.95808	1.467	1041.6	-0.029637	0.00013541	0.14899	supercritical
420.0	1743.2	1037.4	0.00096397	306.88	474.93	1.2993	0.95823	1.4668	1042.5	-0.029671	0.00013557	0.14914	supercritical
420.0	1746.5	1037.8	0.00096355	306.78	475.07	1.2989	0.95837	1.4667	1043.4	-0.029705	0.00013574	0.14929	supercritical
420.0	1749.8	1038.3	0.00096312	306.69	475.21	1.2985	0.95852	1.4666	1044.3	-0.029739	0.0001359	0.14944	supercritical
420.0	1753.0	1038.7	0.0009627	306.59	475.35	1.2981	0.95867	1.4665	1045.2	-0.029773	0.00013607	0.14959	supercritical
420.0	1756.2	1039.2	0.00096228	306.49	475.49	1.2977	0.95882	1.4664	1046.1	-0.029806	0.00013624	0.14973	supercritical
420.0	1759.5	1039.7	0.00096186	306.39	475.63	1.2973	0.95897	1.4662	1047.0	-0.02984	0.0001364	0.14988	supercritical
420.0	1762.8	1040.1	0.00096144	306.3	475.78	1.2969	0.95911	1.4661	1047.9	-0.029873	0.00013657	0.15003	supercritical
420.0	1766.0	1040.6	0.00096103	306.2	475.92	1.2965	0.95926	1.466	1048.8	-0.029906	0.00013673	0.15018	supercritical
420.0	1769.2	1041.0	0.00096061	306.11	476.06	1.2961	0.95941	1.4659	1049.6	-0.029939	0.0001369	0.15032	supercritical
420.0	1772.5	1041.5	0.00096019	306.01	476.2	1.2957	0.95956	1.4658	1050.5	-0.029972	0.00013706	0.15047	supercritical
420.0	1775.8	1041.9	0.00095978	305.91	476.35	1.2953	0.9597	1.4656	1051.4	-0.030005	0.00013723	0.15062	supercritical
420.0	1779.0	1042.4	0.00095937	305.82	476.49	1.2949	0.95985	1.4655	1052.3	-0.030038	0.0001374	0.15077	supercritical
420.0	1782.2	1042.8	0.00095895	305.72	476.63	1.2945	0.96	1.4654	1053.2	-0.03007	0.00013756	0.15091	supercritical
420.0	1785.5	1043.2	0.00095854	305.63	476.78	1.2941	0.96015	1.4653	1054.0	-0.030102	0.00013773	0.15106	supercritical
420.0	1788.8	1043.7	0.00095813	305.53	476.92	1.2937	0.9603	1.4652	1054.9	-0.030134	0.00013789	0.15121	supercritical
420.0	1792.0	1044.1	0.00095773	305.44	477.06	1.2933	0.96044	1.4651	1055.8	-0.030166	0.00013806	0.15136	supercritical
420.0	1795.2	1044.6	0.00095732	305.34	477.21	1.2929	0.96059	1.4649	1056.7	-0.030198	0.00013822	0.1515	supercritical
420.0	1798.5	1045.0	0.00095691	305.25	477.35	1.2925	0.96074	1.4648	1057.5	-0.03023	0.00013839	0.15165	supercritical
420.0	1801.8	1045.5	0.00095651	305.16	477.5	1.2921	0.96089	1.4647	1058.4	-0.030261	0.00013855	0.1518	supercritical
420.0	1805.0	1045.9	0.0009561	305.06	477.64	1.2917	0.96103	1.4646	1059.3	-0.030293	0.00013872	0.15194	supercritical
420.0	1808.2	1046.4	0.0009557	304.97	477.78	1.2913	0.96118	1.4645	1060.2	-0.030324	0.00013888	0.15209	supercritical
420.0	1811.5	1046.8	0.0009553	304.88	477.93	1.2909	0.96133	1.4644	1061.0	-0.030355	0.00013905	0.15224	supercritical
420.0	1814.8	1047.2	0.0009549	304.78	478.07	1.2905	0.96148	1.4643	1061.9	-0.030386	0.00013921	0.15238	supercritical
420.0	1818.0	1047.7	0.0009545	304.69	478.22	1.2901	0.96162	1.4642	1062.8	-0.030417	0.00013938	0.15253	supercritical
420.0	1821.2	1048.1	0.0009541	304.6	478.36	1.2897	0.96177	1.464	1063.6	-0.030448	0.00013954	0.15268	supercritical
420.0	1824.5	1048.5	0.0009537	304.5	478.51	1.2893	0.96192	1.4639	1064.5	-0.030478	0.00013971	0.15282	supercritical
420.0	1827.8	1049.0	0.0009533	304.41	478.65	1.2889	0.96206	1.4638	1065.3	-0.030509	0.00013987	0.15297	supercritical
420.0	1831.0	1049.4	0.00095291	304.32	478.8	1.2885	0.96221	1.4637	1066.2	-0.030539	0.00014004	0.15311	supercritical
420.0	1834.2	1049.9	0.00095251	304.23	478.94	1.2881	0.96236	1.4636	1067.1	-0.030569	0.0001402	0.15326	supercritical
420.0	1837.5	1050.3	0.00095212	304.14	479.09	1.2877	0.96251	1.4635	1067.9	-0.030599	0.00014037	0.15341	supercritical
420.0	1840.8	1050.7	0.00095173	304.04	479.23	1.2874	0.96265	1.4634	1068.8	-0.030629	0.00014053	0.15355	supercritical
420.0	1844.0	1051.2	0.00095134	303.95	479.38	1.287	0.9628	1.4633	1069.6	-0.030658	0.0001407	0.1537	supercritical
420.0	1847.2	1051.6	0.00095095	303.86	479.53	1.2866	0.96295	1.4632	1070.5	-0.030688	0.00014086	0.15384	supercritical
420.0	1850.5	1052.0	0.00095056	303.77	479.67	1.2862	0.96309	1.4631	1071.3	-0.030717	0.00014103	0.15399	supercritical
420.0	1853.8	1052.4	0.00095017	303.68	479.82	1.2858	0.96324	1.463	1072.2	-0.030747	0.00014119	0.15414	supercritical
420.0	1857.0	1052.9	0.00094978	303.59	479.96	1.2854	0.96339	1.4629	1073.1	-0.030776	0.00014136	0.15428	supercritical
420.0	1860.2	1053.3	0.0009494	303.5	480.11	1.285	0.96353	1.4628	1073.9	-0.030805	0.00014152	0.15443	supercritical
420.0	1863.5	1053.7	0.00094901	303.41	480.26	1.2846	0.96368	1.4627	1074.8	-0.030834	0.00014168	0.15457	supercritical
420.0	1866.8	1054.2	0.00094863	303.32	480.4	1.2843	0.96383	1.4626	1075.6	-0.030863	0.00014185	0.15472	supercritical
420.0	1870.0	1054.6	0.00094824	303.23	480.55	1.2839	0.96397	1.4625	1076.4	-0.030891	0.00014201	0.15486	supercritical
420.0	1873.2	1055.0	0.00094786	303.14	480.7	1.2835	0.96412	1.4624	1077.3	-0.03092	0.00014218	0.15501	supercritical
420.0	1876.5	1055.4	0.00094748	303.05	480.84	1.2831	0.96427	1.4623	1078.1	-0.030948	0.00014234	0.15515	supercritical
420.0	1879.8	1055.9	0.0009471	302.96	480.99	1.2827	0.96441	1.4622	1079.0	-0.030977	0.00014251	0.1553	supercritical
420.0	1883.0	1056.3	0.00094672	302.87	481.14	1.2823	0.96456	1.4621	1079.8	-0.031005	0.00014267	0.15544	supercritical
420.0	1886.2	1056.7	0.00094634	302.78	481.29	1.282	0.96471	1.462	1080.7	-0.031033	0.00014283	0.15559	supercritical
420.0	1889.5	1057.1	0.00094597	302.69	481.43	1.2816	0.96485	1.4619	1081.5	-0.031061	0.000143	0.15573	supercritical
420.0	1892.8	1057.5	0.00094559	302.6	481.58	1.2812	0.965	1.4618	1082.3	-0.031088	0.00014316	0.15588	supercritical
420.0	1896.0	1058.0	0.00094522	302.52	481.73	1.2808	0.96515	1.4617	1083.2	-0.031116	0.00014333	0.15602	supercritical
420.0	1899.2	1058.4	0.00094484	302.43	481.88	1.2804	0.96529	1.4616	1084.0	-0.031144	0.00014349	0.15617	supercritical
420.0	1902.5	1058.8	0.00094447	302.34	482.02	1.2801	0.96544	1.4615	1084.9	-0.031171	0.00014366	0.15631	supercritical
420.0	1905.8	1059.2	0.0009441	302.25	482.17	1.2797	0.96559	1.4614	1085.7	-0.031198	0.00014382	0.15646	supercritical
420.0	1909.0	1059.6	0.00094372	302.16	482.32	1.2793	0.96573	1.4613	1086.5	-0.031226	0.00014398	0.1566	supercritical
420.0	1912.2	1060.0	0.00094335	302.08	482.47	1.2789	0.96588	1.4612	1087.4	-0.031253	0.00014415	0.15675	supercritical
420.0	1915.5	1060.5	0.00094298	301.99	482.62	1.2785	0.96603	1.4611	1088.2	-0.031279	0.00014431	0.15689	supercritical
420.0	1918.8	1060.9	0.00094261	301.9	482.77	1.2782	0.96617	1.461	1089.0	-0.031306	0.00014447	0.15703	supercritical
420.0	1922.0	1061.3	0.00094225	301.81	482.91	1.2778	0.96632	1.4609	1089.8	-0.031333	0.00014464	0.15718	supercritical
420.0	1925.2	1061.7	0.00094188	301.73	483.06	1.2774	0.96646	1.4608	1090.7	-0.03136	0.0001448	0.15732	supercritical
420.0	1928.5	1062.1	0.00094151	301.64	483.21	1.277	0.96661	1.4607	1091.5	-0.031386	0.00014497	0.15747	supercritical
420.0	1931.8	1062.5	0.00094115	301.56	483.36	1.2767	0.96676	1.4606	1092.3	-0.031412	0.00014513	0.15761	supercritical
420.0	1935.0	1062.9	0.00094079	301.47	483.51	1.2763	0.9669	1.4605	1093.2	-0.031439	0.00014529	0.15775	supercritical
420.0	1938.2	1063.4	0.00094042	301.38	483.66	1.2759	0.96705	1.4604	1094.0	-0.031465	0.00014546	0.1579	supercritical
420.0	1941.5	1063.8	0.00094006	301.3	483.81	1.2756	0.96719	1.4603	1094.8	-0.031491	0.00014562	0.15804	supercritical
420.0	1944.8	1064.2	0.0009397	301.21	483.96	1.2752	0.96734	1.4603	1095.6	-0.031517	0.00014578	0.15819	supercritical
420.0	1948.0	1064.6	0.00093934	301.13	484.11	1.2748	0.96749	1.4602	1096.4	-0.031542	0.00014595	0.15833	supercritical
420.0	1951.2	1065.0	0.00093898	301.04	484.26	1.2744	0.96763	1.4601	1097.3	-0.031568	0.00014611	0.15847	supercritical
420.0	1954.5	1065.4	0.00093862	300.96	484.41	1.2741	0.96778	1.46	1098.1	-0.031594	0.00014627	0.15862	supercritical
420.0	1957.8	1065.8	0.00093826	300.87	484.56	1.2737	0.96792	1.4599	1098.9	-0.031619	0.00014644	0.15876	supercritical
420.0	1961.0	1066.2	0.00093791	300.79	484.71	1.2733	0.96807	1.4598	1099.7	-0.031644	0.0001466	0.1589	supercritical
420.0	1964.2	1066.6	0.00093755	300.7	484.86	1.273	0.96821	1.4597	1100.5	-0.03167	0.00014676	0.15905	supercritical
420.0	1967.5	1067.0	0.00093719	300.62	485.01	1.2726	0.96836	1.4596	1101.3	-0.031695	0.00014693	0.15919	supercritical
420.0	1970.8	1067.4	0.00093684	300.53	485.16	1.2722	0.96851	1.4595	1102.2	-0.03172	0.00014709	0.15933	supercritical
420.0	1974.0	1067.8	0.00093649	300.45	485.31	1.2719	0.96865	1.4595	1103.0	-0.031745	0.00014725	0.15948	supercritical
420.0	1977.2	1068.2	0.00093613	300.36	485.46	1.2715	0.9688	1.4594	1103.8	-0.03177	0.00014742	0.15962	supercritical
420.0	1980.5	1068.6	0.00093578	300.28	485.61	1.2711	0.96894	1.4593	1104.6	-0.031794	0.00014758	0.15976	supercritical
420.0	1983.8	1069.0	0.00093543	300.2	485.76	1.2708	0.96909	1.4592	1105.4	-0.031819	0.00014774	0.15991	supercritical
420.0	1987.0	1069.4	0.00093508	300.11	485.91	1.2704	0.96923	1.4591	1106.2	-0.031843	0.00014791	0.16005	supercritical
420.0	1990.2	1069.8	0.00093473	300.03	486.06	1.27	0.96938	1.459	1107.0	-0.031868	0.00014807	0.16019	supercritical
420.0	1993.5	1070.2	0.00093438	299.95	486.22	1.2697	0.96952	1.4589	1107.8	-0.031892	0.00014823	0.16034	supercritical
420.0	1996.8	1070.6	0.00093404	299.86	486.37	1.2693	0.96967	1.4589	1108.6	-0.031916	0.0001484	0.16048	supercritical
420.0	2000.0	1071.0	0.00093369	299.78	486.52	1.269	0.96981	1.4588	1109.4	-0.03194	0.00014856	0.16062	supercritical
