Temperature (K)	Pressure (bar)	Density (kg/m3)	Volume (m3/kg)	Internal Energy (kJ/kg)	Enthalpy (kJ/kg)	Entropy (J/g*K)	Cv (J/g*K)	Cp (J/g*K)	Sound Spd. (m/s)	Joule-Thomson (K/bar)	Viscosity (Pa*s)	Therm. Cond. (W/m*K)	Phase
340.0	56.5	110.22	0.0090729	445.19	496.46	1.9921	0.7929	1.3066	256.29	0.75914	1.8353e-05	0.024732	vapor
340.0	59.75	118.52	0.0084371	442.78	493.19	1.9741	0.79981	1.3501	254.61	0.75442	1.8517e-05	0.025231	vapor
340.0	63.0	127.15	0.0078646	440.29	489.83	1.9564	0.80692	1.3974	252.95	0.74912	1.8696e-05	0.025772	vapor
340.0	66.25	136.13	0.0073461	437.72	486.38	1.939	0.81423	1.4489	251.31	0.74318	1.8892e-05	0.026359	vapor
340.0	69.5	145.48	0.006874	435.06	482.83	1.9218	0.82176	1.5052	249.7	0.73655	1.9107e-05	0.026998	vapor
340.0	72.75	155.23	0.0064419	432.31	479.17	1.9047	0.8295	1.5669	248.13	0.72916	1.9342e-05	0.027694	vapor
340.0	76.0	165.43	0.0060448	429.46	475.4	1.8876	0.83746	1.6347	246.6	0.72094	1.96e-05	0.028453	vapor
340.0	76.0	165.43	0.0060448	429.46	475.4	1.8876	0.83746	1.6347	246.6	0.72094	1.96e-05	0.028453	supercritical
340.0	76.0	165.43	0.0060448	429.46	475.4	1.8876	0.83746	1.6347	246.6	0.72094	1.96e-05	0.028453	supercritical
340.0	79.25	176.11	0.0056783	426.51	471.51	1.8706	0.84565	1.7092	245.12	0.71181	1.9885e-05	0.029281	supercritical
340.0	82.5	187.31	0.0053387	423.45	467.49	1.8535	0.85407	1.7913	243.72	0.70169	2.0199e-05	0.030188	supercritical
340.0	85.75	199.08	0.0050232	420.27	463.34	1.8363	0.8627	1.882	242.4	0.69049	2.0547e-05	0.031178	supercritical
340.0	89.0	211.46	0.004729	416.96	459.04	1.819	0.87154	1.9821	241.18	0.67813	2.0933e-05	0.032261	supercritical
340.0	92.25	224.51	0.0044542	413.51	454.6	1.8016	0.88056	2.0925	240.08	0.6645	2.1362e-05	0.033442	supercritical
340.0	95.5	238.28	0.0041968	409.93	450.0	1.7839	0.88973	2.2141	239.14	0.64952	2.184e-05	0.034729	supercritical
340.0	98.75	252.81	0.0039555	406.19	445.25	1.766	0.89898	2.3474	238.37	0.6331	2.2374e-05	0.036124	supercritical
340.0	102.0	268.16	0.0037291	402.31	440.35	1.7479	0.90824	2.4922	237.84	0.61516	2.297e-05	0.037628	supercritical
340.0	105.25	284.35	0.0035168	398.28	435.29	1.7296	0.91738	2.6476	237.58	0.59567	2.3637e-05	0.039236	supercritical
340.0	108.5	301.39	0.0033179	394.1	430.1	1.7111	0.92626	2.8114	237.65	0.57464	2.4382e-05	0.040939	supercritical
340.0	111.75	319.27	0.0031322	389.8	424.8	1.6924	0.93468	2.9795	238.11	0.55212	2.521e-05	0.042717	supercritical
340.0	115.0	337.91	0.0029594	385.39	419.42	1.6737	0.94243	3.1461	239.04	0.52829	2.6128e-05	0.044544	supercritical
340.0	118.25	357.19	0.0027996	380.91	414.01	1.655	0.94926	3.3038	240.5	0.50339	2.7136e-05	0.046388	supercritical
340.0	121.5	376.95	0.0026529	376.4	408.63	1.6366	0.95497	3.4445	242.57	0.47777	2.8234e-05	0.048213	supercritical
340.0	124.75	396.96	0.0025192	371.91	403.34	1.6185	0.95942	3.5605	245.29	0.45181	2.9412e-05	0.049986	supercritical
340.0	128.0	416.95	0.0023983	367.5	398.2	1.6011	0.96255	3.6454	248.69	0.42593	3.066e-05	0.051678	supercritical
340.0	131.25	436.68	0.00229	363.21	393.26	1.5843	0.96438	3.696	252.76	0.40052	3.1962e-05	0.05327	supercritical
340.0	134.5	455.87	0.0021936	359.08	388.59	1.5684	0.965	3.7122	257.48	0.37595	3.3298e-05	0.054753	supercritical
340.0	137.75	474.33	0.0021082	355.16	384.2	1.5535	0.96457	3.6975	262.76	0.35252	3.465e-05	0.05613	supercritical
340.0	141.0	491.92	0.0020329	351.45	380.12	1.5395	0.96329	3.6579	268.52	0.33045	3.6e-05	0.057411	supercritical
340.0	144.25	508.55	0.0019664	347.98	376.34	1.5265	0.96139	3.6003	274.65	0.3099	3.7335e-05	0.05861	supercritical
340.0	147.5	524.19	0.0019077	344.72	372.86	1.5144	0.95907	3.5314	281.06	0.2909	3.8643e-05	0.059743	supercritical
340.0	150.75	538.86	0.0018558	341.68	369.66	1.5032	0.9565	3.4561	287.65	0.27343	3.9918e-05	0.06082	supercritical
340.0	154.0	552.59	0.0018097	338.84	366.71	1.4927	0.95379	3.3783	294.35	0.2574	4.1155e-05	0.06185	supercritical
340.0	157.25	565.45	0.0017685	336.19	364.0	1.483	0.95103	3.3005	301.12	0.2427	4.2352e-05	0.06284	supercritical
340.0	160.5	577.49	0.0017316	333.7	361.5	1.474	0.94829	3.2244	307.9	0.22923	4.3509e-05	0.063795	supercritical
340.0	163.75	588.78	0.0016984	331.38	359.19	1.4656	0.94561	3.1511	314.66	0.21688	4.4625e-05	0.064717	supercritical
340.0	167.0	599.39	0.0016684	329.19	357.05	1.4577	0.94302	3.0813	321.37	0.20553	4.5703e-05	0.06561	supercritical
340.0	170.25	609.37	0.001641	327.13	355.06	1.4503	0.94053	3.0154	328.01	0.1951	4.6743e-05	0.066477	supercritical
340.0	173.5	618.78	0.0016161	325.18	353.22	1.4433	0.93817	2.9534	334.56	0.18549	4.7747e-05	0.067318	supercritical
340.0	176.75	627.66	0.0015932	323.34	351.5	1.4367	0.93593	2.8955	341.02	0.17663	4.8718e-05	0.068137	supercritical
340.0	180.0	636.08	0.0015721	321.59	349.89	1.4304	0.93381	2.8413	347.37	0.16843	4.9658e-05	0.068933	supercritical
340.0	183.25	644.07	0.0015526	319.93	348.39	1.4245	0.93182	2.7908	353.61	0.16083	5.0568e-05	0.069709	supercritical
340.0	186.5	651.66	0.0015345	318.35	346.97	1.4189	0.92996	2.7436	359.73	0.15378	5.145e-05	0.070466	supercritical
340.0	189.75	658.9	0.0015177	316.84	345.64	1.4135	0.92821	2.6995	365.75	0.14721	5.2306e-05	0.071204	supercritical
340.0	193.0	665.8	0.0015019	315.4	344.39	1.4084	0.92658	2.6582	371.65	0.14108	5.3138e-05	0.071924	supercritical
340.0	196.25	672.41	0.0014872	314.01	343.2	1.4035	0.92506	2.6195	377.45	0.13534	5.3947e-05	0.072627	supercritical
340.0	199.5	678.73	0.0014733	312.69	342.08	1.3988	0.92363	2.5832	383.14	0.12997	5.4735e-05	0.073314	supercritical
340.0	202.75	684.8	0.0014603	311.41	341.02	1.3942	0.9223	2.549	388.73	0.12492	5.5503e-05	0.073986	supercritical
340.0	206.0	690.62	0.001448	310.18	340.01	1.3899	0.92106	2.5168	394.22	0.12016	5.6252e-05	0.074643	supercritical
340.0	209.25	696.23	0.0014363	309.0	339.05	1.3857	0.9199	2.4864	399.61	0.11568	5.6983e-05	0.075287	supercritical
340.0	212.5	701.63	0.0014252	307.85	338.14	1.3816	0.91882	2.4577	404.9	0.11144	5.7698e-05	0.075917	supercritical
340.0	215.75	706.84	0.0014147	306.75	337.27	1.3777	0.91781	2.4305	410.1	0.10744	5.8396e-05	0.076534	supercritical
340.0	219.0	711.87	0.0014048	305.68	336.44	1.3739	0.91686	2.4048	415.22	0.10364	5.908e-05	0.07714	supercritical
340.0	222.25	716.73	0.0013952	304.64	335.65	1.3703	0.91598	2.3804	420.25	0.10004	5.975e-05	0.077734	supercritical
340.0	225.5	721.44	0.0013861	303.63	334.89	1.3667	0.91516	2.3572	425.19	0.096614	6.0406e-05	0.078316	supercritical
340.0	228.75	726.0	0.0013774	302.66	334.17	1.3633	0.91439	2.3352	430.06	0.093357	6.105e-05	0.078889	supercritical
340.0	232.0	730.42	0.0013691	301.71	333.47	1.3599	0.91367	2.3142	434.84	0.090254	6.1681e-05	0.079451	supercritical
340.0	235.25	734.71	0.0013611	300.79	332.81	1.3566	0.91299	2.2942	439.55	0.087294	6.2301e-05	0.080004	supercritical
340.0	238.5	738.87	0.0013534	299.89	332.17	1.3535	0.91237	2.2752	444.19	0.084469	6.291e-05	0.080547	supercritical
340.0	241.75	742.92	0.001346	299.02	331.56	1.3504	0.91178	2.257	448.76	0.081768	6.3509e-05	0.081082	supercritical
340.0	245.0	746.86	0.0013389	298.17	330.97	1.3474	0.91123	2.2396	453.26	0.079184	6.4098e-05	0.081608	supercritical
340.0	248.25	750.7	0.0013321	297.34	330.41	1.3444	0.91072	2.223	457.69	0.07671	6.4678e-05	0.082126	supercritical
340.0	251.5	754.44	0.0013255	296.53	329.86	1.3416	0.91024	2.2071	462.05	0.074338	6.5248e-05	0.082636	supercritical
340.0	254.75	758.09	0.0013191	295.73	329.34	1.3388	0.90979	2.1918	466.36	0.072062	6.581e-05	0.083139	supercritical
340.0	258.0	761.64	0.001313	294.96	328.83	1.336	0.90937	2.1772	470.6	0.069877	6.6364e-05	0.083634	supercritical
340.0	261.25	765.11	0.001307	294.2	328.35	1.3333	0.90899	2.1632	474.78	0.067776	6.6909e-05	0.084123	supercritical
340.0	264.5	768.51	0.0013012	293.46	327.88	1.3307	0.90862	2.1497	478.91	0.065757	6.7448e-05	0.084605	supercritical
340.0	267.75	771.82	0.0012956	292.74	327.43	1.3281	0.90828	2.1368	482.98	0.063812	6.7979e-05	0.08508	supercritical
340.0	271.0	775.06	0.0012902	292.03	326.99	1.3256	0.90797	2.1243	487.0	0.061939	6.8503e-05	0.085549	supercritical
340.0	274.25	778.23	0.001285	291.33	326.57	1.3232	0.90767	2.1123	490.97	0.060134	6.902e-05	0.086013	supercritical
340.0	277.5	781.34	0.0012799	290.65	326.17	1.3207	0.9074	2.1008	494.88	0.058392	6.9531e-05	0.08647	supercritical
340.0	280.75	784.38	0.0012749	289.98	325.78	1.3184	0.90715	2.0897	498.75	0.056711	7.0036e-05	0.086922	supercritical
340.0	284.0	787.36	0.0012701	289.33	325.4	1.316	0.90691	2.0789	502.57	0.055088	7.0535e-05	0.087369	supercritical
340.0	287.25	790.28	0.0012654	288.68	325.03	1.3138	0.9067	2.0686	506.34	0.053519	7.1028e-05	0.087811	supercritical
340.0	290.5	793.14	0.0012608	288.05	324.68	1.3115	0.90649	2.0586	510.07	0.052001	7.1516e-05	0.088247	supercritical
340.0	293.75	795.95	0.0012564	287.43	324.34	1.3093	0.90631	2.0489	513.75	0.050533	7.1998e-05	0.088679	supercritical
340.0	297.0	798.71	0.001252	286.82	324.01	1.3071	0.90614	2.0395	517.4	0.049111	7.2475e-05	0.089106	supercritical
340.0	300.25	801.42	0.0012478	286.22	323.69	1.305	0.90598	2.0305	521.0	0.047734	7.2947e-05	0.089528	supercritical
340.0	303.5	804.08	0.0012437	285.63	323.38	1.3029	0.90584	2.0217	524.55	0.046399	7.3415e-05	0.089946	supercritical
340.0	306.75	806.69	0.0012396	285.05	323.08	1.3008	0.9057	2.0132	528.07	0.045105	7.3878e-05	0.09036	supercritical
340.0	310.0	809.26	0.0012357	284.48	322.79	1.2988	0.90558	2.005	531.56	0.043849	7.4336e-05	0.090769	supercritical
340.0	313.25	811.79	0.0012319	283.92	322.5	1.2968	0.90547	1.9971	535.0	0.04263	7.479e-05	0.091175	supercritical
340.0	316.5	814.27	0.0012281	283.36	322.23	1.2948	0.90537	1.9893	538.41	0.041446	7.524e-05	0.091576	supercritical
340.0	319.75	816.71	0.0012244	282.82	321.97	1.2928	0.90528	1.9818	541.78	0.040296	7.5686e-05	0.091974	supercritical
340.0	323.0	819.12	0.0012208	282.28	321.71	1.2909	0.90521	1.9745	545.12	0.039178	7.6128e-05	0.092368	supercritical
340.0	326.25	821.48	0.0012173	281.75	321.47	1.289	0.90513	1.9674	548.43	0.038091	7.6566e-05	0.092759	supercritical
340.0	329.5	823.82	0.0012139	281.23	321.23	1.2872	0.90507	1.9606	551.7	0.037033	7.7001e-05	0.093146	supercritical
340.0	332.75	826.11	0.0012105	280.71	320.99	1.2853	0.90502	1.9539	554.94	0.036004	7.7431e-05	0.093529	supercritical
340.0	336.0	828.37	0.0012072	280.21	320.77	1.2835	0.90497	1.9474	558.15	0.035002	7.7859e-05	0.09391	supercritical
340.0	339.25	830.6	0.0012039	279.71	320.55	1.2817	0.90493	1.941	561.33	0.034026	7.8283e-05	0.094287	supercritical
340.0	342.5	832.8	0.0012008	279.21	320.34	1.2799	0.9049	1.9349	564.48	0.033075	7.8704e-05	0.094661	supercritical
340.0	345.75	834.96	0.0011977	278.72	320.13	1.2782	0.90487	1.9288	567.6	0.032148	7.9121e-05	0.095032	supercritical
340.0	349.0	837.1	0.0011946	278.24	319.94	1.2765	0.90485	1.923	570.69	0.031244	7.9536e-05	0.095399	supercritical
340.0	352.25	839.21	0.0011916	277.77	319.74	1.2748	0.90484	1.9173	573.75	0.030362	7.9947e-05	0.095764	supercritical
340.0	355.5	841.28	0.0011887	277.3	319.56	1.2731	0.90483	1.9117	576.79	0.029502	8.0355e-05	0.096127	supercritical
340.0	358.75	843.33	0.0011858	276.84	319.38	1.2714	0.90483	1.9063	579.8	0.028663	8.0761e-05	0.096486	supercritical
340.0	362.0	845.36	0.0011829	276.38	319.2	1.2698	0.90483	1.901	582.79	0.027843	8.1164e-05	0.096843	supercritical
340.0	365.25	847.35	0.0011801	275.93	319.03	1.2681	0.90484	1.8958	585.75	0.027042	8.1564e-05	0.097197	supercritical
340.0	368.5	849.33	0.0011774	275.48	318.87	1.2665	0.90485	1.8908	588.68	0.02626	8.1961e-05	0.097548	supercritical
340.0	371.75	851.27	0.0011747	275.04	318.71	1.2649	0.90487	1.8858	591.59	0.025496	8.2356e-05	0.097897	supercritical
340.0	375.0	853.2	0.0011721	274.6	318.56	1.2634	0.90489	1.881	594.48	0.024749	8.2749e-05	0.098244	supercritical
340.0	378.25	855.1	0.0011695	274.17	318.41	1.2618	0.90492	1.8763	597.34	0.024018	8.3139e-05	0.098588	supercritical
340.0	381.5	856.97	0.0011669	273.75	318.26	1.2603	0.90495	1.8717	600.18	0.023304	8.3526e-05	0.09893	supercritical
340.0	384.75	858.83	0.0011644	273.32	318.12	1.2587	0.90498	1.8672	603.0	0.022605	8.3911e-05	0.099269	supercritical
340.0	388.0	860.66	0.0011619	272.91	317.99	1.2572	0.90502	1.8628	605.8	0.021921	8.4294e-05	0.099606	supercritical
340.0	391.25	862.48	0.0011595	272.49	317.86	1.2557	0.90506	1.8585	608.57	0.021251	8.4675e-05	0.099941	supercritical
340.0	394.5	864.27	0.001157	272.09	317.73	1.2543	0.9051	1.8543	611.33	0.020596	8.5053e-05	0.10027	supercritical
340.0	397.75	866.04	0.0011547	271.68	317.61	1.2528	0.90515	1.8501	614.06	0.019954	8.543e-05	0.1006	supercritical
340.0	401.0	867.79	0.0011524	271.28	317.49	1.2513	0.90519	1.8461	616.78	0.019325	8.5804e-05	0.10093	supercritical
340.0	404.25	869.52	0.0011501	270.89	317.38	1.2499	0.90525	1.8421	619.47	0.018709	8.6176e-05	0.10126	supercritical
340.0	407.5	871.24	0.0011478	270.5	317.27	1.2485	0.9053	1.8382	622.14	0.018105	8.6547e-05	0.10158	supercritical
340.0	410.75	872.93	0.0011456	270.11	317.16	1.2471	0.90536	1.8344	624.8	0.017513	8.6915e-05	0.10191	supercritical
340.0	414.0	874.61	0.0011434	269.72	317.06	1.2457	0.90542	1.8307	627.44	0.016933	8.7281e-05	0.10223	supercritical
340.0	417.25	876.27	0.0011412	269.34	316.96	1.2443	0.90548	1.827	630.06	0.016364	8.7646e-05	0.10255	supercritical
340.0	420.5	877.92	0.0011391	268.97	316.86	1.2429	0.90555	1.8234	632.66	0.015805	8.8009e-05	0.10286	supercritical
340.0	423.75	879.54	0.001137	268.59	316.77	1.2416	0.90562	1.8199	635.24	0.015258	8.8369e-05	0.10318	supercritical
340.0	427.0	881.15	0.0011349	268.22	316.68	1.2402	0.90569	1.8165	637.81	0.014721	8.8729e-05	0.10349	supercritical
340.0	430.25	882.75	0.0011328	267.86	316.6	1.2389	0.90576	1.8131	640.36	0.014193	8.9086e-05	0.1038	supercritical
340.0	433.5	884.33	0.0011308	267.5	316.52	1.2376	0.90583	1.8098	642.89	0.013676	8.9442e-05	0.10411	supercritical
340.0	436.75	885.89	0.0011288	267.14	316.44	1.2363	0.90591	1.8065	645.4	0.013168	8.9796e-05	0.10442	supercritical
340.0	440.0	887.44	0.0011268	266.78	316.36	1.235	0.90599	1.8033	647.9	0.012669	9.0149e-05	0.10473	supercritical
340.0	443.25	888.97	0.0011249	266.43	316.29	1.2337	0.90606	1.8001	650.39	0.012178	9.0499e-05	0.10503	supercritical
340.0	446.5	890.49	0.001123	266.08	316.22	1.2324	0.90615	1.797	652.85	0.011697	9.0849e-05	0.10534	supercritical
340.0	449.75	892.0	0.0011211	265.73	316.15	1.2311	0.90623	1.794	655.31	0.011224	9.1197e-05	0.10564	supercritical
340.0	453.0	893.49	0.0011192	265.39	316.09	1.2299	0.90631	1.791	657.74	0.010759	9.1543e-05	0.10594	supercritical
340.0	456.25	894.97	0.0011174	265.05	316.03	1.2286	0.9064	1.7881	660.17	0.010302	9.1888e-05	0.10624	supercritical
340.0	459.5	896.43	0.0011155	264.71	315.97	1.2274	0.90649	1.7852	662.57	0.0098532	9.2231e-05	0.10654	supercritical
340.0	462.75	897.88	0.0011137	264.38	315.91	1.2261	0.90658	1.7824	664.97	0.0094117	9.2573e-05	0.10683	supercritical
340.0	466.0	899.32	0.001112	264.04	315.86	1.2249	0.90667	1.7796	667.35	0.0089776	9.2914e-05	0.10713	supercritical
340.0	469.25	900.75	0.0011102	263.71	315.81	1.2237	0.90676	1.7768	669.71	0.0085506	9.3253e-05	0.10742	supercritical
340.0	472.5	902.16	0.0011085	263.39	315.76	1.2225	0.90685	1.7741	672.06	0.0081307	9.3591e-05	0.10771	supercritical
340.0	475.75	903.56	0.0011067	263.06	315.72	1.2213	0.90695	1.7715	674.4	0.0077176	9.3928e-05	0.108	supercritical
340.0	479.0	904.95	0.001105	262.74	315.67	1.2201	0.90704	1.7689	676.72	0.0073112	9.4263e-05	0.10829	supercritical
340.0	482.25	906.33	0.0011034	262.42	315.63	1.219	0.90714	1.7663	679.04	0.0069112	9.4597e-05	0.10858	supercritical
340.0	485.5	907.7	0.0011017	262.11	315.59	1.2178	0.90724	1.7638	681.33	0.0065176	9.493e-05	0.10886	supercritical
340.0	488.75	909.05	0.0011	261.79	315.56	1.2166	0.90734	1.7613	683.62	0.0061302	9.5262e-05	0.10915	supercritical
340.0	492.0	910.4	0.0010984	261.48	315.52	1.2155	0.90744	1.7588	685.89	0.0057488	9.5592e-05	0.10943	supercritical
340.0	495.25	911.73	0.0010968	261.17	315.49	1.2143	0.90754	1.7564	688.15	0.0053732	9.5921e-05	0.10972	supercritical
340.0	498.5	913.05	0.0010952	260.86	315.46	1.2132	0.90765	1.754	690.4	0.0050035	9.625e-05	0.11	supercritical
340.0	501.75	914.37	0.0010937	260.56	315.43	1.2121	0.90775	1.7517	692.64	0.0046393	9.6576e-05	0.11028	supercritical
340.0	505.0	915.67	0.0010921	260.26	315.41	1.211	0.90786	1.7494	694.86	0.0042807	9.6902e-05	0.11056	supercritical
340.0	508.25	916.96	0.0010906	259.96	315.39	1.2098	0.90796	1.7471	697.07	0.0039274	9.7227e-05	0.11083	supercritical
340.0	511.5	918.24	0.001089	259.66	315.36	1.2087	0.90807	1.7449	699.28	0.0035793	9.755e-05	0.11111	supercritical
340.0	514.75	919.51	0.0010875	259.36	315.34	1.2076	0.90818	1.7426	701.46	0.0032364	9.7873e-05	0.11139	supercritical
340.0	518.0	920.78	0.001086	259.07	315.33	1.2066	0.90828	1.7405	703.64	0.0028985	9.8194e-05	0.11166	supercritical
340.0	521.25	922.03	0.0010846	258.78	315.31	1.2055	0.90839	1.7383	705.81	0.0025654	9.8515e-05	0.11193	supercritical
340.0	524.5	923.27	0.0010831	258.49	315.3	1.2044	0.9085	1.7362	707.97	0.0022372	9.8834e-05	0.11221	supercritical
340.0	527.75	924.51	0.0010817	258.2	315.29	1.2033	0.90862	1.7341	710.11	0.0019136	9.9153e-05	0.11248	supercritical
340.0	531.0	925.73	0.0010802	257.92	315.28	1.2023	0.90873	1.7321	712.25	0.0015946	9.947e-05	0.11275	supercritical
340.0	534.25	926.95	0.0010788	257.63	315.27	1.2012	0.90884	1.73	714.37	0.0012801	9.9786e-05	0.11302	supercritical
340.0	537.5	928.16	0.0010774	257.35	315.26	1.2002	0.90896	1.728	716.48	0.00096997	0.0001001	0.11328	supercritical
340.0	540.75	929.36	0.001076	257.07	315.26	1.1991	0.90907	1.7261	718.59	0.00066414	0.00010042	0.11355	supercritical
340.0	544.0	930.55	0.0010746	256.79	315.25	1.1981	0.90918	1.7241	720.68	0.0003625	0.00010073	0.11382	supercritical
340.0	547.25	931.73	0.0010733	256.52	315.25	1.197	0.9093	1.7222	722.76	6.4974e-05	0.00010104	0.11408	supercritical
340.0	550.5	932.9	0.0010719	256.24	315.25	1.196	0.90942	1.7203	724.84	-0.00022852	0.00010135	0.11434	supercritical
340.0	553.75	934.07	0.0010706	255.97	315.26	1.195	0.90953	1.7184	726.9	-0.00051807	0.00010167	0.11461	supercritical
340.0	557.0	935.23	0.0010693	255.7	315.26	1.194	0.90965	1.7166	728.95	-0.00080376	0.00010198	0.11487	supercritical
340.0	560.25	936.38	0.0010679	255.43	315.27	1.193	0.90977	1.7148	731.0	-0.0010857	0.00010228	0.11513	supercritical
340.0	563.5	937.52	0.0010666	255.17	315.27	1.192	0.90989	1.713	733.03	-0.0013639	0.00010259	0.11539	supercritical
340.0	566.75	938.66	0.0010654	254.9	315.28	1.191	0.91001	1.7112	735.06	-0.0016384	0.0001029	0.11565	supercritical
340.0	570.0	939.78	0.0010641	254.64	315.29	1.19	0.91013	1.7095	737.07	-0.0019094	0.00010321	0.11591	supercritical
340.0	573.25	940.9	0.0010628	254.38	315.3	1.189	0.91025	1.7077	739.08	-0.0021769	0.00010351	0.11617	supercritical
340.0	576.5	942.02	0.0010616	254.12	315.31	1.188	0.91037	1.706	741.08	-0.002441	0.00010382	0.11642	supercritical
340.0	579.75	943.12	0.0010603	253.86	315.33	1.1871	0.9105	1.7043	743.07	-0.0027017	0.00010412	0.11668	supercritical
340.0	583.0	944.22	0.0010591	253.6	315.34	1.1861	0.91062	1.7027	745.05	-0.0029591	0.00010443	0.11693	supercritical
340.0	586.25	945.31	0.0010579	253.34	315.36	1.1851	0.91074	1.701	747.02	-0.0032133	0.00010473	0.11719	supercritical
340.0	589.5	946.4	0.0010566	253.09	315.38	1.1842	0.91087	1.6994	748.98	-0.0034643	0.00010503	0.11744	supercritical
340.0	592.75	947.47	0.0010554	252.84	315.4	1.1832	0.91099	1.6978	750.94	-0.0037122	0.00010533	0.11769	supercritical
340.0	596.0	948.54	0.0010542	252.59	315.42	1.1823	0.91112	1.6962	752.88	-0.0039571	0.00010563	0.11794	supercritical
340.0	599.25	949.61	0.0010531	252.34	315.44	1.1813	0.91124	1.6947	754.82	-0.004199	0.00010593	0.11819	supercritical
340.0	602.5	950.67	0.0010519	252.09	315.47	1.1804	0.91137	1.6931	756.75	-0.0044379	0.00010623	0.11844	supercritical
340.0	605.75	951.72	0.0010507	251.84	315.49	1.1795	0.9115	1.6916	758.67	-0.004674	0.00010653	0.11869	supercritical
340.0	609.0	952.76	0.0010496	251.6	315.52	1.1786	0.91162	1.6901	760.58	-0.0049072	0.00010683	0.11894	supercritical
340.0	612.25	953.8	0.0010484	251.36	315.55	1.1776	0.91175	1.6886	762.49	-0.0051376	0.00010712	0.11919	supercritical
340.0	615.5	954.83	0.0010473	251.11	315.57	1.1767	0.91188	1.6871	764.38	-0.0053653	0.00010742	0.11943	supercritical
340.0	618.75	955.86	0.0010462	250.87	315.6	1.1758	0.91201	1.6856	766.27	-0.0055903	0.00010771	0.11968	supercritical
340.0	622.0	956.88	0.0010451	250.63	315.64	1.1749	0.91214	1.6842	768.16	-0.0058127	0.00010801	0.11993	supercritical
340.0	625.25	957.89	0.001044	250.39	315.67	1.174	0.91226	1.6828	770.03	-0.0060325	0.0001083	0.12017	supercritical
340.0	628.5	958.9	0.0010429	250.16	315.7	1.1731	0.91239	1.6814	771.9	-0.0062498	0.0001086	0.12041	supercritical
340.0	631.75	959.9	0.0010418	249.92	315.74	1.1722	0.91252	1.68	773.75	-0.0064645	0.00010889	0.12066	supercritical
340.0	635.0	960.9	0.0010407	249.69	315.77	1.1713	0.91266	1.6786	775.61	-0.0066768	0.00010918	0.1209	supercritical
340.0	638.25	961.89	0.0010396	249.46	315.81	1.1704	0.91279	1.6772	777.45	-0.0068867	0.00010947	0.12114	supercritical
340.0	641.5	962.88	0.0010386	249.22	315.85	1.1695	0.91292	1.6759	779.29	-0.0070942	0.00010976	0.12138	supercritical
340.0	644.75	963.85	0.0010375	248.99	315.89	1.1687	0.91305	1.6745	781.11	-0.0072994	0.00011005	0.12162	supercritical
340.0	648.0	964.83	0.0010365	248.76	315.93	1.1678	0.91318	1.6732	782.94	-0.0075023	0.00011034	0.12186	supercritical
340.0	651.25	965.8	0.0010354	248.54	315.97	1.1669	0.91331	1.6719	784.75	-0.007703	0.00011063	0.1221	supercritical
340.0	654.5	966.76	0.0010344	248.31	316.01	1.1661	0.91345	1.6706	786.56	-0.0079014	0.00011092	0.12234	supercritical
340.0	657.75	967.72	0.0010334	248.09	316.05	1.1652	0.91358	1.6694	788.36	-0.0080977	0.00011121	0.12257	supercritical
340.0	661.0	968.67	0.0010323	247.86	316.1	1.1643	0.91371	1.6681	790.16	-0.0082918	0.0001115	0.12281	supercritical
340.0	664.25	969.62	0.0010313	247.64	316.14	1.1635	0.91385	1.6668	791.94	-0.0084838	0.00011178	0.12305	supercritical
340.0	667.5	970.56	0.0010303	247.42	316.19	1.1626	0.91398	1.6656	793.72	-0.0086737	0.00011207	0.12328	supercritical
340.0	670.75	971.5	0.0010293	247.2	316.24	1.1618	0.91412	1.6644	795.5	-0.0088616	0.00011236	0.12352	supercritical
340.0	674.0	972.43	0.0010283	246.98	316.29	1.161	0.91425	1.6632	797.26	-0.0090475	0.00011264	0.12375	supercritical
340.0	677.25	973.36	0.0010274	246.76	316.34	1.1601	0.91439	1.662	799.03	-0.0092314	0.00011292	0.12399	supercritical
340.0	680.5	974.28	0.0010264	246.54	316.39	1.1593	0.91452	1.6608	800.78	-0.0094134	0.00011321	0.12422	supercritical
340.0	683.75	975.2	0.0010254	246.32	316.44	1.1585	0.91466	1.6596	802.53	-0.0095934	0.00011349	0.12445	supercritical
340.0	687.0	976.11	0.0010245	246.11	316.49	1.1576	0.9148	1.6585	804.27	-0.0097716	0.00011378	0.12468	supercritical
340.0	690.25	977.02	0.0010235	245.89	316.54	1.1568	0.91493	1.6573	806.0	-0.0099479	0.00011406	0.12491	supercritical
340.0	693.5	977.93	0.0010226	245.68	316.6	1.156	0.91507	1.6562	807.73	-0.010122	0.00011434	0.12514	supercritical
340.0	696.75	978.83	0.0010216	245.47	316.65	1.1552	0.91521	1.655	809.45	-0.010295	0.00011462	0.12537	supercritical
340.0	700.0	979.72	0.0010207	245.26	316.71	1.1544	0.91534	1.6539	811.17	-0.010466	0.0001149	0.1256	supercritical
340.0	703.25	980.61	0.0010198	245.05	316.76	1.1536	0.91548	1.6528	812.88	-0.010635	0.00011518	0.12583	supercritical
340.0	706.5	981.5	0.0010189	244.84	316.82	1.1527	0.91562	1.6517	814.59	-0.010803	0.00011546	0.12606	supercritical
340.0	709.75	982.38	0.0010179	244.63	316.88	1.1519	0.91576	1.6506	816.28	-0.010969	0.00011574	0.12629	supercritical
340.0	713.0	983.26	0.001017	244.43	316.94	1.1511	0.9159	1.6496	817.98	-0.011133	0.00011602	0.12652	supercritical
340.0	716.25	984.13	0.0010161	244.22	317.0	1.1504	0.91604	1.6485	819.66	-0.011295	0.0001163	0.12674	supercritical
340.0	719.5	985.0	0.0010152	244.01	317.06	1.1496	0.91618	1.6475	821.34	-0.011456	0.00011658	0.12697	supercritical
340.0	722.75	985.86	0.0010143	243.81	317.12	1.1488	0.91632	1.6464	823.02	-0.011615	0.00011686	0.12719	supercritical
340.0	726.0	986.72	0.0010135	243.61	317.18	1.148	0.91646	1.6454	824.69	-0.011773	0.00011713	0.12742	supercritical
340.0	729.25	987.58	0.0010126	243.41	317.25	1.1472	0.9166	1.6444	826.35	-0.011929	0.00011741	0.12764	supercritical
340.0	732.5	988.43	0.0010117	243.2	317.31	1.1464	0.91674	1.6434	828.01	-0.012084	0.00011769	0.12787	supercritical
340.0	735.75	989.28	0.0010108	243.0	317.38	1.1457	0.91688	1.6424	829.66	-0.012237	0.00011796	0.12809	supercritical
340.0	739.0	990.12	0.00101	242.81	317.44	1.1449	0.91702	1.6414	831.3	-0.012389	0.00011824	0.12831	supercritical
340.0	742.25	990.96	0.0010091	242.61	317.51	1.1441	0.91716	1.6404	832.94	-0.012539	0.00011851	0.12853	supercritical
340.0	745.5	991.8	0.0010083	242.41	317.58	1.1433	0.9173	1.6394	834.58	-0.012688	0.00011879	0.12876	supercritical
340.0	748.75	992.63	0.0010074	242.21	317.64	1.1426	0.91744	1.6384	836.21	-0.012835	0.00011906	0.12898	supercritical
340.0	752.0	993.46	0.0010066	242.02	317.71	1.1418	0.91758	1.6375	837.83	-0.012981	0.00011933	0.1292	supercritical
340.0	755.25	994.28	0.0010058	241.82	317.78	1.1411	0.91773	1.6365	839.45	-0.013126	0.00011961	0.12942	supercritical
340.0	758.5	995.1	0.0010049	241.63	317.85	1.1403	0.91787	1.6356	841.07	-0.013269	0.00011988	0.12964	supercritical
340.0	761.75	995.92	0.0010041	241.44	317.92	1.1396	0.91801	1.6347	842.68	-0.013411	0.00012015	0.12986	supercritical
340.0	765.0	996.73	0.0010033	241.24	318.0	1.1388	0.91815	1.6337	844.28	-0.013552	0.00012042	0.13008	supercritical
340.0	768.25	997.54	0.0010025	241.05	318.07	1.1381	0.9183	1.6328	845.88	-0.013691	0.0001207	0.13029	supercritical
340.0	771.5	998.35	0.0010017	240.86	318.14	1.1373	0.91844	1.6319	847.47	-0.013829	0.00012097	0.13051	supercritical
340.0	774.75	999.15	0.0010009	240.67	318.21	1.1366	0.91858	1.631	849.06	-0.013966	0.00012124	0.13073	supercritical
340.0	778.0	999.95	0.0010001	240.48	318.29	1.1358	0.91873	1.6301	850.64	-0.014101	0.00012151	0.13095	supercritical
340.0	781.25	1000.7	0.00099926	240.3	318.36	1.1351	0.91887	1.6293	852.22	-0.014235	0.00012178	0.13116	supercritical
340.0	784.5	1001.5	0.00099847	240.11	318.44	1.1344	0.91901	1.6284	853.79	-0.014368	0.00012205	0.13138	supercritical
340.0	787.75	1002.3	0.00099768	239.92	318.52	1.1336	0.91916	1.6275	855.36	-0.0145	0.00012232	0.13159	supercritical
340.0	791.0	1003.1	0.0009969	239.74	318.59	1.1329	0.9193	1.6267	856.92	-0.014631	0.00012259	0.13181	supercritical
340.0	794.25	1003.9	0.00099613	239.55	318.67	1.1322	0.91945	1.6258	858.48	-0.014761	0.00012286	0.13202	supercritical
340.0	797.5	1004.7	0.00099536	239.37	318.75	1.1315	0.91959	1.625	860.03	-0.014889	0.00012312	0.13224	supercritical
340.0	800.75	1005.4	0.00099459	239.19	318.83	1.1308	0.91974	1.6241	861.58	-0.015016	0.00012339	0.13245	supercritical
340.0	804.0	1006.2	0.00099383	239.0	318.91	1.13	0.91988	1.6233	863.12	-0.015142	0.00012366	0.13266	supercritical
340.0	807.25	1007.0	0.00099307	238.82	318.99	1.1293	0.92003	1.6225	864.66	-0.015267	0.00012393	0.13288	supercritical
340.0	810.5	1007.7	0.00099231	238.64	319.07	1.1286	0.92017	1.6217	866.2	-0.015391	0.00012419	0.13309	supercritical
340.0	813.75	1008.5	0.00099156	238.46	319.15	1.1279	0.92032	1.6209	867.73	-0.015514	0.00012446	0.1333	supercritical
340.0	817.0	1009.3	0.00099082	238.28	319.23	1.1272	0.92047	1.62	869.25	-0.015636	0.00012473	0.13351	supercritical
340.0	820.25	1010.0	0.00099008	238.1	319.31	1.1265	0.92061	1.6193	870.77	-0.015757	0.00012499	0.13372	supercritical
340.0	823.5	1010.8	0.00098934	237.93	319.4	1.1258	0.92076	1.6185	872.29	-0.015876	0.00012526	0.13393	supercritical
340.0	826.75	1011.5	0.00098861	237.75	319.48	1.1251	0.9209	1.6177	873.8	-0.015995	0.00012552	0.13414	supercritical
340.0	830.0	1012.3	0.00098788	237.57	319.57	1.1244	0.92105	1.6169	875.3	-0.016113	0.00012579	0.13435	supercritical
340.0	833.25	1013.0	0.00098715	237.4	319.65	1.1237	0.9212	1.6161	876.81	-0.016229	0.00012605	0.13456	supercritical
340.0	836.5	1013.8	0.00098643	237.22	319.74	1.123	0.92134	1.6154	878.3	-0.016345	0.00012631	0.13477	supercritical
340.0	839.75	1014.5	0.00098572	237.05	319.82	1.1223	0.92149	1.6146	879.8	-0.01646	0.00012658	0.13498	supercritical
340.0	843.0	1015.2	0.000985	236.87	319.91	1.1216	0.92164	1.6139	881.29	-0.016573	0.00012684	0.13519	supercritical
340.0	846.25	1016.0	0.0009843	236.7	320.0	1.1209	0.92179	1.6131	882.77	-0.016686	0.00012711	0.1354	supercritical
340.0	849.5	1016.7	0.00098359	236.53	320.08	1.1203	0.92193	1.6124	884.25	-0.016798	0.00012737	0.1356	supercritical
340.0	852.75	1017.4	0.00098289	236.36	320.17	1.1196	0.92208	1.6117	885.73	-0.016909	0.00012763	0.13581	supercritical
340.0	856.0	1018.1	0.00098219	236.19	320.26	1.1189	0.92223	1.6109	887.2	-0.017019	0.00012789	0.13602	supercritical
340.0	859.25	1018.9	0.0009815	236.02	320.35	1.1182	0.92238	1.6102	888.67	-0.017128	0.00012816	0.13622	supercritical
340.0	862.5	1019.6	0.00098081	235.85	320.44	1.1176	0.92253	1.6095	890.13	-0.017236	0.00012842	0.13643	supercritical
340.0	865.75	1020.3	0.00098012	235.68	320.53	1.1169	0.92267	1.6088	891.59	-0.017343	0.00012868	0.13663	supercritical
340.0	869.0	1021.0	0.00097944	235.51	320.62	1.1162	0.92282	1.6081	893.04	-0.01745	0.00012894	0.13684	supercritical
340.0	872.25	1021.7	0.00097876	235.34	320.71	1.1156	0.92297	1.6074	894.5	-0.017555	0.0001292	0.13704	supercritical
340.0	875.5	1022.4	0.00097808	235.17	320.81	1.1149	0.92312	1.6067	895.94	-0.01766	0.00012946	0.13725	supercritical
340.0	878.75	1023.1	0.00097741	235.01	320.9	1.1142	0.92327	1.606	897.39	-0.017764	0.00012972	0.13745	supercritical
340.0	882.0	1023.8	0.00097674	234.84	320.99	1.1136	0.92342	1.6053	898.82	-0.017867	0.00012998	0.13766	supercritical
340.0	885.25	1024.5	0.00097608	234.68	321.08	1.1129	0.92357	1.6047	900.26	-0.017969	0.00013024	0.13786	supercritical
340.0	888.5	1025.2	0.00097541	234.51	321.18	1.1122	0.92372	1.604	901.69	-0.018071	0.0001305	0.13806	supercritical
340.0	891.75	1025.9	0.00097475	234.35	321.27	1.1116	0.92387	1.6033	903.12	-0.018171	0.00013076	0.13827	supercritical
340.0	895.0	1026.6	0.0009741	234.19	321.37	1.1109	0.92402	1.6027	904.54	-0.018271	0.00013102	0.13847	supercritical
340.0	898.25	1027.3	0.00097345	234.02	321.46	1.1103	0.92417	1.602	905.96	-0.01837	0.00013128	0.13867	supercritical
340.0	901.5	1028.0	0.0009728	233.86	321.56	1.1096	0.92431	1.6014	907.37	-0.018469	0.00013153	0.13887	supercritical
340.0	904.75	1028.6	0.00097215	233.7	321.66	1.109	0.92446	1.6007	908.78	-0.018566	0.00013179	0.13907	supercritical
340.0	908.0	1029.3	0.00097151	233.54	321.75	1.1084	0.92461	1.6001	910.19	-0.018663	0.00013205	0.13927	supercritical
340.0	911.25	1030.0	0.00097087	233.38	321.85	1.1077	0.92477	1.5994	911.6	-0.018759	0.00013231	0.13947	supercritical
340.0	914.5	1030.7	0.00097023	233.22	321.95	1.1071	0.92492	1.5988	912.99	-0.018854	0.00013256	0.13967	supercritical
340.0	917.75	1031.4	0.0009696	233.06	322.05	1.1064	0.92507	1.5982	914.39	-0.018949	0.00013282	0.13987	supercritical
340.0	921.0	1032.0	0.00096897	232.9	322.14	1.1058	0.92522	1.5976	915.78	-0.019043	0.00013308	0.14007	supercritical
340.0	924.25	1032.7	0.00096835	232.74	322.24	1.1052	0.92537	1.5969	917.17	-0.019136	0.00013333	0.14027	supercritical
340.0	927.5	1033.4	0.00096772	232.59	322.34	1.1045	0.92552	1.5963	918.56	-0.019228	0.00013359	0.14047	supercritical
340.0	930.75	1034.0	0.0009671	232.43	322.44	1.1039	0.92567	1.5957	919.94	-0.01932	0.00013385	0.14067	supercritical
340.0	934.0	1034.7	0.00096648	232.27	322.54	1.1033	0.92582	1.5951	921.32	-0.019411	0.0001341	0.14087	supercritical
340.0	937.25	1035.3	0.00096587	232.12	322.64	1.1026	0.92597	1.5945	922.69	-0.019501	0.00013436	0.14106	supercritical
340.0	940.5	1036.0	0.00096526	231.96	322.75	1.102	0.92612	1.5939	924.06	-0.019591	0.00013461	0.14126	supercritical
340.0	943.75	1036.6	0.00096465	231.81	322.85	1.1014	0.92627	1.5933	925.43	-0.01968	0.00013487	0.14146	supercritical
340.0	947.0	1037.3	0.00096404	231.65	322.95	1.1008	0.92642	1.5928	926.79	-0.019768	0.00013512	0.14166	supercritical
340.0	950.25	1037.9	0.00096344	231.5	323.05	1.1002	0.92658	1.5922	928.15	-0.019855	0.00013538	0.14185	supercritical
340.0	953.5	1038.6	0.00096284	231.35	323.15	1.0995	0.92673	1.5916	929.51	-0.019942	0.00013563	0.14205	supercritical
340.0	956.75	1039.2	0.00096224	231.2	323.26	1.0989	0.92688	1.591	930.86	-0.020029	0.00013588	0.14224	supercritical
340.0	960.0	1039.9	0.00096165	231.04	323.36	1.0983	0.92703	1.5905	932.21	-0.020115	0.00013614	0.14244	supercritical
340.0	963.25	1040.5	0.00096105	230.89	323.47	1.0977	0.92718	1.5899	933.55	-0.0202	0.00013639	0.14264	supercritical
340.0	966.5	1041.2	0.00096047	230.74	323.57	1.0971	0.92733	1.5893	934.9	-0.020284	0.00013665	0.14283	supercritical
340.0	969.75	1041.8	0.00095988	230.59	323.68	1.0965	0.92749	1.5888	936.24	-0.020368	0.0001369	0.14302	supercritical
340.0	973.0	1042.4	0.00095929	230.44	323.78	1.0959	0.92764	1.5882	937.57	-0.020451	0.00013715	0.14322	supercritical
340.0	976.25	1043.1	0.00095871	230.29	323.89	1.0953	0.92779	1.5877	938.9	-0.020534	0.0001374	0.14341	supercritical
340.0	979.5	1043.7	0.00095813	230.14	323.99	1.0947	0.92794	1.5871	940.23	-0.020616	0.00013766	0.14361	supercritical
340.0	982.75	1044.3	0.00095756	229.99	324.1	1.0941	0.9281	1.5866	941.56	-0.020697	0.00013791	0.1438	supercritical
340.0	986.0	1044.9	0.00095699	229.85	324.21	1.0935	0.92825	1.5861	942.88	-0.020778	0.00013816	0.14399	supercritical
340.0	989.25	1045.6	0.00095641	229.7	324.31	1.0929	0.9284	1.5855	944.2	-0.020858	0.00013841	0.14419	supercritical
340.0	992.5	1046.2	0.00095585	229.55	324.42	1.0923	0.92855	1.585	945.52	-0.020938	0.00013866	0.14438	supercritical
340.0	995.75	1046.8	0.00095528	229.41	324.53	1.0917	0.92871	1.5845	946.83	-0.021017	0.00013892	0.14458	supercritical
340.0	999.0	1047.4	0.00095472	229.26	324.64	1.0911	0.92886	1.5839	948.14	-0.021096	0.00013917	0.14477	supercritical
340.0	1002.2	1048.0	0.00095416	229.12	324.75	1.0905	0.92901	1.5834	949.44	-0.021174	0.00013942	0.14496	supercritical
340.0	1005.5	1048.7	0.0009536	228.97	324.86	1.0899	0.92916	1.5829	950.75	-0.021251	0.00013967	0.14515	supercritical
340.0	1008.8	1049.3	0.00095304	228.83	324.96	1.0893	0.92932	1.5824	952.05	-0.021328	0.00013992	0.14535	supercritical
340.0	1012.0	1049.9	0.00095249	228.68	325.07	1.0887	0.92947	1.5819	953.34	-0.021405	0.00014017	0.14554	supercritical
340.0	1015.2	1050.5	0.00095194	228.54	325.18	1.0881	0.92962	1.5814	954.64	-0.021481	0.00014042	0.14573	supercritical
340.0	1018.5	1051.1	0.00095139	228.4	325.3	1.0875	0.92978	1.5809	955.93	-0.021556	0.00014067	0.14592	supercritical
340.0	1021.8	1051.7	0.00095084	228.25	325.41	1.087	0.92993	1.5804	957.21	-0.021631	0.00014092	0.14611	supercritical
340.0	1025.0	1052.3	0.0009503	228.11	325.52	1.0864	0.93008	1.5799	958.5	-0.021705	0.00014117	0.1463	supercritical
340.0	1028.2	1052.9	0.00094976	227.97	325.63	1.0858	0.93024	1.5794	959.78	-0.021779	0.00014142	0.14649	supercritical
340.0	1031.5	1053.5	0.00094922	227.83	325.74	1.0852	0.93039	1.5789	961.06	-0.021852	0.00014167	0.14669	supercritical
340.0	1034.8	1054.1	0.00094868	227.69	325.85	1.0846	0.93054	1.5784	962.33	-0.021925	0.00014192	0.14688	supercritical
340.0	1038.0	1054.7	0.00094815	227.55	325.97	1.0841	0.9307	1.578	963.6	-0.021997	0.00014217	0.14706	supercritical
340.0	1041.2	1055.3	0.00094762	227.41	326.08	1.0835	0.93085	1.5775	964.87	-0.022069	0.00014241	0.14725	supercritical
340.0	1044.5	1055.9	0.00094709	227.27	326.19	1.0829	0.93101	1.577	966.14	-0.022141	0.00014266	0.14744	supercritical
340.0	1047.8	1056.5	0.00094656	227.13	326.31	1.0823	0.93116	1.5765	967.4	-0.022211	0.00014291	0.14763	supercritical
340.0	1051.0	1057.0	0.00094603	226.99	326.42	1.0818	0.93131	1.5761	968.66	-0.022282	0.00014316	0.14782	supercritical
340.0	1054.2	1057.6	0.00094551	226.85	326.53	1.0812	0.93147	1.5756	969.92	-0.022352	0.00014341	0.14801	supercritical
340.0	1057.5	1058.2	0.00094499	226.72	326.65	1.0806	0.93162	1.5751	971.17	-0.022421	0.00014365	0.1482	supercritical
340.0	1060.8	1058.8	0.00094447	226.58	326.76	1.0801	0.93178	1.5747	972.43	-0.02249	0.0001439	0.14839	supercritical
340.0	1064.0	1059.4	0.00094395	226.44	326.88	1.0795	0.93193	1.5742	973.67	-0.022559	0.00014415	0.14857	supercritical
340.0	1067.2	1060.0	0.00094344	226.31	326.99	1.0789	0.93208	1.5738	974.92	-0.022627	0.0001444	0.14876	supercritical
340.0	1070.5	1060.5	0.00094292	226.17	327.11	1.0784	0.93224	1.5733	976.16	-0.022694	0.00014464	0.14895	supercritical
340.0	1073.8	1061.1	0.00094241	226.04	327.23	1.0778	0.93239	1.5729	977.4	-0.022761	0.00014489	0.14914	supercritical
340.0	1077.0	1061.7	0.0009419	225.9	327.34	1.0773	0.93255	1.5724	978.64	-0.022828	0.00014514	0.14932	supercritical
340.0	1080.2	1062.3	0.0009414	225.77	327.46	1.0767	0.9327	1.572	979.87	-0.022894	0.00014538	0.14951	supercritical
340.0	1083.5	1062.8	0.00094089	225.63	327.58	1.0762	0.93286	1.5716	981.1	-0.02296	0.00014563	0.1497	supercritical
340.0	1086.8	1063.4	0.00094039	225.5	327.69	1.0756	0.93301	1.5711	982.33	-0.023026	0.00014588	0.14988	supercritical
340.0	1090.0	1064.0	0.00093989	225.36	327.81	1.0751	0.93317	1.5707	983.56	-0.023091	0.00014612	0.15007	supercritical
340.0	1093.2	1064.5	0.00093939	225.23	327.93	1.0745	0.93332	1.5703	984.78	-0.023155	0.00014637	0.15025	supercritical
340.0	1096.5	1065.1	0.00093889	225.1	328.05	1.074	0.93348	1.5698	986.0	-0.023219	0.00014661	0.15044	supercritical
340.0	1099.8	1065.6	0.0009384	224.97	328.17	1.0734	0.93363	1.5694	987.22	-0.023283	0.00014686	0.15062	supercritical
340.0	1103.0	1066.2	0.00093791	224.84	328.29	1.0729	0.93379	1.569	988.44	-0.023346	0.0001471	0.15081	supercritical
340.0	1106.2	1066.8	0.00093742	224.7	328.41	1.0723	0.93394	1.5686	989.65	-0.023409	0.00014735	0.15099	supercritical
340.0	1109.5	1067.3	0.00093693	224.57	328.52	1.0718	0.9341	1.5682	990.86	-0.023472	0.00014759	0.15118	supercritical
340.0	1112.8	1067.9	0.00093644	224.44	328.64	1.0712	0.93425	1.5677	992.06	-0.023534	0.00014784	0.15136	supercritical
340.0	1116.0	1068.4	0.00093596	224.31	328.76	1.0707	0.93441	1.5673	993.27	-0.023596	0.00014808	0.15154	supercritical
340.0	1119.2	1069.0	0.00093547	224.18	328.89	1.0701	0.93456	1.5669	994.47	-0.023657	0.00014833	0.15173	supercritical
340.0	1122.5	1069.5	0.00093499	224.05	329.01	1.0696	0.93472	1.5665	995.67	-0.023718	0.00014857	0.15191	supercritical
340.0	1125.8	1070.1	0.00093451	223.92	329.13	1.0691	0.93487	1.5661	996.87	-0.023778	0.00014882	0.15209	supercritical
340.0	1129.0	1070.6	0.00093403	223.8	329.25	1.0685	0.93503	1.5657	998.06	-0.023839	0.00014906	0.15228	supercritical
340.0	1132.2	1071.2	0.00093356	223.67	329.37	1.068	0.93518	1.5653	999.25	-0.023898	0.00014931	0.15246	supercritical
340.0	1135.5	1071.7	0.00093308	223.54	329.49	1.0675	0.93534	1.5649	1000.4	-0.023958	0.00014955	0.15264	supercritical
340.0	1138.8	1072.3	0.00093261	223.41	329.61	1.0669	0.93549	1.5645	1001.6	-0.024017	0.00014979	0.15282	supercritical
340.0	1142.0	1072.8	0.00093214	223.28	329.74	1.0664	0.93565	1.5641	1002.8	-0.024076	0.00015004	0.15301	supercritical
340.0	1145.2	1073.3	0.00093167	223.16	329.86	1.0659	0.9358	1.5638	1004.0	-0.024134	0.00015028	0.15319	supercritical
340.0	1148.5	1073.9	0.00093121	223.03	329.98	1.0653	0.93596	1.5634	1005.2	-0.024192	0.00015052	0.15337	supercritical
340.0	1151.8	1074.4	0.00093074	222.91	330.1	1.0648	0.93611	1.563	1006.3	-0.024249	0.00015077	0.15355	supercritical
340.0	1155.0	1074.9	0.00093028	222.78	330.23	1.0643	0.93627	1.5626	1007.5	-0.024307	0.00015101	0.15373	supercritical
340.0	1158.2	1075.5	0.00092982	222.65	330.35	1.0638	0.93642	1.5622	1008.7	-0.024363	0.00015125	0.15391	supercritical
340.0	1161.5	1076.0	0.00092936	222.53	330.47	1.0632	0.93658	1.5619	1009.9	-0.02442	0.00015149	0.15409	supercritical
340.0	1164.8	1076.5	0.0009289	222.4	330.6	1.0627	0.93674	1.5615	1011.0	-0.024476	0.00015174	0.15427	supercritical
340.0	1168.0	1077.1	0.00092844	222.28	330.72	1.0622	0.93689	1.5611	1012.2	-0.024532	0.00015198	0.15445	supercritical
340.0	1171.2	1077.6	0.00092799	222.16	330.85	1.0617	0.93705	1.5607	1013.3	-0.024588	0.00015222	0.15463	supercritical
340.0	1174.5	1078.1	0.00092753	222.03	330.97	1.0611	0.9372	1.5604	1014.5	-0.024643	0.00015246	0.15481	supercritical
340.0	1177.8	1078.7	0.00092708	221.91	331.1	1.0606	0.93736	1.56	1015.7	-0.024698	0.00015271	0.15499	supercritical
340.0	1181.0	1079.2	0.00092663	221.79	331.22	1.0601	0.93751	1.5596	1016.8	-0.024752	0.00015295	0.15517	supercritical
340.0	1184.2	1079.7	0.00092619	221.66	331.35	1.0596	0.93767	1.5593	1018.0	-0.024806	0.00015319	0.15535	supercritical
340.0	1187.5	1080.2	0.00092574	221.54	331.47	1.0591	0.93783	1.5589	1019.1	-0.02486	0.00015343	0.15553	supercritical
340.0	1190.8	1080.7	0.00092529	221.42	331.6	1.0586	0.93798	1.5586	1020.3	-0.024914	0.00015367	0.15571	supercritical
340.0	1194.0	1081.3	0.00092485	221.3	331.73	1.0581	0.93814	1.5582	1021.4	-0.024967	0.00015391	0.15589	supercritical
340.0	1197.2	1081.8	0.00092441	221.18	331.85	1.0575	0.93829	1.5579	1022.6	-0.02502	0.00015415	0.15607	supercritical
340.0	1200.5	1082.3	0.00092397	221.06	331.98	1.057	0.93845	1.5575	1023.7	-0.025072	0.0001544	0.15624	supercritical
340.0	1203.8	1082.8	0.00092353	220.94	332.11	1.0565	0.93861	1.5572	1024.8	-0.025124	0.00015464	0.15642	supercritical
340.0	1207.0	1083.3	0.00092309	220.82	332.23	1.056	0.93876	1.5568	1026.0	-0.025176	0.00015488	0.1566	supercritical
340.0	1210.2	1083.8	0.00092266	220.7	332.36	1.0555	0.93892	1.5565	1027.1	-0.025228	0.00015512	0.15678	supercritical
340.0	1213.5	1084.3	0.00092222	220.58	332.49	1.055	0.93907	1.5561	1028.2	-0.025279	0.00015536	0.15695	supercritical
340.0	1216.8	1084.8	0.00092179	220.46	332.62	1.0545	0.93923	1.5558	1029.4	-0.02533	0.0001556	0.15713	supercritical
340.0	1220.0	1085.4	0.00092136	220.34	332.75	1.054	0.93939	1.5555	1030.5	-0.025381	0.00015584	0.15731	supercritical
340.0	1223.2	1085.9	0.00092093	220.22	332.87	1.0535	0.93954	1.5551	1031.6	-0.025432	0.00015608	0.15748	supercritical
340.0	1226.5	1086.4	0.0009205	220.1	333.0	1.053	0.9397	1.5548	1032.7	-0.025482	0.00015632	0.15766	supercritical
340.0	1229.8	1086.9	0.00092008	219.99	333.13	1.0525	0.93986	1.5545	1033.8	-0.025532	0.00015656	0.15784	supercritical
340.0	1233.0	1087.4	0.00091965	219.87	333.26	1.052	0.94001	1.5541	1035.0	-0.025581	0.0001568	0.15801	supercritical
340.0	1236.2	1087.9	0.00091923	219.75	333.39	1.0515	0.94017	1.5538	1036.1	-0.02563	0.00015704	0.15819	supercritical
340.0	1239.5	1088.4	0.00091881	219.63	333.52	1.051	0.94032	1.5535	1037.2	-0.025679	0.00015728	0.15836	supercritical
340.0	1242.8	1088.9	0.00091838	219.52	333.65	1.0505	0.94048	1.5532	1038.3	-0.025728	0.00015752	0.15854	supercritical
340.0	1246.0	1089.4	0.00091797	219.4	333.78	1.05	0.94064	1.5528	1039.4	-0.025776	0.00015776	0.15872	supercritical
340.0	1249.2	1089.9	0.00091755	219.28	333.91	1.0495	0.94079	1.5525	1040.5	-0.025825	0.000158	0.15889	supercritical
340.0	1252.5	1090.4	0.00091713	219.17	334.04	1.049	0.94095	1.5522	1041.6	-0.025872	0.00015824	0.15907	supercritical
340.0	1255.8	1090.9	0.00091672	219.05	334.17	1.0485	0.94111	1.5519	1042.7	-0.02592	0.00015847	0.15924	supercritical
340.0	1259.0	1091.3	0.0009163	218.94	334.3	1.048	0.94126	1.5516	1043.8	-0.025967	0.00015871	0.15942	supercritical
340.0	1262.2	1091.8	0.00091589	218.82	334.43	1.0475	0.94142	1.5513	1044.9	-0.026014	0.00015895	0.15959	supercritical
340.0	1265.5	1092.3	0.00091548	218.71	334.56	1.047	0.94157	1.5509	1046.0	-0.026061	0.00015919	0.15976	supercritical
340.0	1268.8	1092.8	0.00091507	218.6	334.69	1.0466	0.94173	1.5506	1047.1	-0.026108	0.00015943	0.15994	supercritical
340.0	1272.0	1093.3	0.00091466	218.48	334.83	1.0461	0.94189	1.5503	1048.2	-0.026154	0.00015967	0.16011	supercritical
340.0	1275.2	1093.8	0.00091426	218.37	334.96	1.0456	0.94204	1.55	1049.3	-0.0262	0.00015991	0.16029	supercritical
340.0	1278.5	1094.3	0.00091385	218.25	335.09	1.0451	0.9422	1.5497	1050.4	-0.026246	0.00016014	0.16046	supercritical
340.0	1281.8	1094.8	0.00091345	218.14	335.22	1.0446	0.94236	1.5494	1051.5	-0.026291	0.00016038	0.16063	supercritical
340.0	1285.0	1095.2	0.00091304	218.03	335.36	1.0441	0.94251	1.5491	1052.5	-0.026336	0.00016062	0.16081	supercritical
340.0	1288.2	1095.7	0.00091264	217.92	335.49	1.0436	0.94267	1.5488	1053.6	-0.026381	0.00016086	0.16098	supercritical
340.0	1291.5	1096.2	0.00091224	217.8	335.62	1.0432	0.94283	1.5485	1054.7	-0.026426	0.0001611	0.16115	supercritical
340.0	1294.8	1096.7	0.00091184	217.69	335.75	1.0427	0.94298	1.5482	1055.8	-0.02647	0.00016133	0.16132	supercritical
340.0	1298.0	1097.2	0.00091145	217.58	335.89	1.0422	0.94314	1.5479	1056.8	-0.026515	0.00016157	0.1615	supercritical
340.0	1301.2	1097.6	0.00091105	217.47	336.02	1.0417	0.9433	1.5476	1057.9	-0.026559	0.00016181	0.16167	supercritical
340.0	1304.5	1098.1	0.00091066	217.36	336.15	1.0413	0.94345	1.5474	1059.0	-0.026602	0.00016205	0.16184	supercritical
340.0	1307.8	1098.6	0.00091026	217.25	336.29	1.0408	0.94361	1.5471	1060.1	-0.026646	0.00016228	0.16201	supercritical
340.0	1311.0	1099.1	0.00090987	217.14	336.42	1.0403	0.94376	1.5468	1061.1	-0.026689	0.00016252	0.16218	supercritical
340.0	1314.2	1099.5	0.00090948	217.03	336.56	1.0398	0.94392	1.5465	1062.2	-0.026732	0.00016276	0.16236	supercritical
340.0	1317.5	1100.0	0.00090909	216.92	336.69	1.0394	0.94408	1.5462	1063.3	-0.026775	0.000163	0.16253	supercritical
340.0	1320.8	1100.5	0.0009087	216.81	336.83	1.0389	0.94423	1.5459	1064.3	-0.026817	0.00016323	0.1627	supercritical
340.0	1324.0	1100.9	0.00090831	216.7	336.96	1.0384	0.94439	1.5457	1065.4	-0.02686	0.00016347	0.16287	supercritical
340.0	1327.2	1101.4	0.00090793	216.59	337.1	1.0379	0.94455	1.5454	1066.4	-0.026902	0.00016371	0.16304	supercritical
340.0	1330.5	1101.9	0.00090754	216.48	337.23	1.0375	0.9447	1.5451	1067.5	-0.026943	0.00016394	0.16321	supercritical
340.0	1333.8	1102.3	0.00090716	216.37	337.37	1.037	0.94486	1.5448	1068.5	-0.026985	0.00016418	0.16338	supercritical
340.0	1337.0	1102.8	0.00090678	216.27	337.5	1.0365	0.94502	1.5445	1069.6	-0.027026	0.00016442	0.16355	supercritical
340.0	1340.2	1103.3	0.0009064	216.16	337.64	1.0361	0.94517	1.5443	1070.6	-0.027068	0.00016465	0.16372	supercritical
340.0	1343.5	1103.7	0.00090602	216.05	337.77	1.0356	0.94533	1.544	1071.7	-0.027109	0.00016489	0.16389	supercritical
340.0	1346.8	1104.2	0.00090564	215.94	337.91	1.0351	0.94549	1.5437	1072.7	-0.027149	0.00016512	0.16406	supercritical
340.0	1350.0	1104.7	0.00090526	215.84	338.05	1.0347	0.94564	1.5435	1073.8	-0.02719	0.00016536	0.16423	supercritical
340.0	1353.2	1105.1	0.00090488	215.73	338.18	1.0342	0.9458	1.5432	1074.8	-0.02723	0.0001656	0.1644	supercritical
340.0	1356.5	1105.6	0.00090451	215.62	338.32	1.0337	0.94596	1.5429	1075.8	-0.02727	0.00016583	0.16457	supercritical
340.0	1359.8	1106.0	0.00090413	215.52	338.46	1.0333	0.94611	1.5427	1076.9	-0.02731	0.00016607	0.16474	supercritical
340.0	1363.0	1106.5	0.00090376	215.41	338.59	1.0328	0.94627	1.5424	1077.9	-0.02735	0.0001663	0.16491	supercritical
340.0	1366.2	1106.9	0.00090339	215.3	338.73	1.0324	0.94643	1.5421	1079.0	-0.027389	0.00016654	0.16508	supercritical
340.0	1369.5	1107.4	0.00090302	215.2	338.87	1.0319	0.94658	1.5419	1080.0	-0.027428	0.00016678	0.16525	supercritical
340.0	1372.8	1107.9	0.00090265	215.09	339.0	1.0314	0.94674	1.5416	1081.0	-0.027467	0.00016701	0.16542	supercritical
340.0	1376.0	1108.3	0.00090228	214.99	339.14	1.031	0.9469	1.5414	1082.0	-0.027506	0.00016725	0.16558	supercritical
340.0	1379.2	1108.8	0.00090191	214.88	339.28	1.0305	0.94705	1.5411	1083.1	-0.027545	0.00016748	0.16575	supercritical
340.0	1382.5	1109.2	0.00090155	214.78	339.42	1.0301	0.94721	1.5409	1084.1	-0.027583	0.00016772	0.16592	supercritical
340.0	1385.8	1109.7	0.00090118	214.68	339.56	1.0296	0.94737	1.5406	1085.1	-0.027621	0.00016795	0.16609	supercritical
340.0	1389.0	1110.1	0.00090082	214.57	339.7	1.0292	0.94752	1.5404	1086.1	-0.027659	0.00016819	0.16626	supercritical
340.0	1392.2	1110.6	0.00090045	214.47	339.83	1.0287	0.94768	1.5401	1087.2	-0.027697	0.00016842	0.16642	supercritical
340.0	1395.5	1111.0	0.00090009	214.36	339.97	1.0283	0.94784	1.5399	1088.2	-0.027734	0.00016866	0.16659	supercritical
340.0	1398.8	1111.4	0.00089973	214.26	340.11	1.0278	0.94799	1.5396	1089.2	-0.027772	0.00016889	0.16676	supercritical
340.0	1402.0	1111.9	0.00089937	214.16	340.25	1.0273	0.94815	1.5394	1090.2	-0.027809	0.00016913	0.16693	supercritical
340.0	1405.2	1112.3	0.00089901	214.06	340.39	1.0269	0.94831	1.5391	1091.2	-0.027846	0.00016936	0.16709	supercritical
340.0	1408.5	1112.8	0.00089866	213.95	340.53	1.0264	0.94846	1.5389	1092.2	-0.027883	0.0001696	0.16726	supercritical
340.0	1411.8	1113.2	0.0008983	213.85	340.67	1.026	0.94862	1.5386	1093.2	-0.027919	0.00016983	0.16743	supercritical
340.0	1415.0	1113.7	0.00089794	213.75	340.81	1.0256	0.94878	1.5384	1094.2	-0.027956	0.00017006	0.16759	supercritical
340.0	1418.2	1114.1	0.00089759	213.65	340.95	1.0251	0.94893	1.5382	1095.2	-0.027992	0.0001703	0.16776	supercritical
340.0	1421.5	1114.5	0.00089724	213.55	341.09	1.0247	0.94909	1.5379	1096.2	-0.028028	0.00017053	0.16793	supercritical
340.0	1424.8	1115.0	0.00089688	213.44	341.23	1.0242	0.94924	1.5377	1097.2	-0.028064	0.00017077	0.16809	supercritical
340.0	1428.0	1115.4	0.00089653	213.34	341.37	1.0238	0.9494	1.5375	1098.2	-0.0281	0.000171	0.16826	supercritical
340.0	1431.2	1115.8	0.00089618	213.24	341.51	1.0233	0.94956	1.5372	1099.2	-0.028135	0.00017124	0.16842	supercritical
340.0	1434.5	1116.3	0.00089583	213.14	341.65	1.0229	0.94971	1.537	1100.2	-0.02817	0.00017147	0.16859	supercritical
340.0	1437.8	1116.7	0.00089549	213.04	341.79	1.0224	0.94987	1.5368	1101.2	-0.028206	0.0001717	0.16876	supercritical
340.0	1441.0	1117.1	0.00089514	212.94	341.93	1.022	0.95003	1.5365	1102.2	-0.028241	0.00017194	0.16892	supercritical
340.0	1444.2	1117.6	0.00089479	212.84	342.07	1.0216	0.95018	1.5363	1103.2	-0.028275	0.00017217	0.16909	supercritical
340.0	1447.5	1118.0	0.00089445	212.74	342.21	1.0211	0.95034	1.5361	1104.2	-0.02831	0.0001724	0.16925	supercritical
340.0	1450.8	1118.4	0.0008941	212.64	342.36	1.0207	0.9505	1.5359	1105.2	-0.028344	0.00017264	0.16942	supercritical
340.0	1454.0	1118.9	0.00089376	212.54	342.5	1.0202	0.95065	1.5356	1106.2	-0.028379	0.00017287	0.16958	supercritical
340.0	1457.2	1119.3	0.00089342	212.45	342.64	1.0198	0.95081	1.5354	1107.2	-0.028413	0.0001731	0.16975	supercritical
340.0	1460.5	1119.7	0.00089308	212.35	342.78	1.0194	0.95097	1.5352	1108.1	-0.028447	0.00017334	0.16991	supercritical
340.0	1463.8	1120.2	0.00089274	212.25	342.92	1.0189	0.95112	1.535	1109.1	-0.02848	0.00017357	0.17008	supercritical
340.0	1467.0	1120.6	0.0008924	212.15	343.06	1.0185	0.95128	1.5347	1110.1	-0.028514	0.0001738	0.17024	supercritical
340.0	1470.2	1121.0	0.00089206	212.05	343.21	1.0181	0.95144	1.5345	1111.1	-0.028547	0.00017404	0.1704	supercritical
340.0	1473.5	1121.4	0.00089172	211.95	343.35	1.0176	0.95159	1.5343	1112.1	-0.02858	0.00017427	0.17057	supercritical
340.0	1476.8	1121.9	0.00089138	211.86	343.49	1.0172	0.95175	1.5341	1113.0	-0.028613	0.0001745	0.17073	supercritical
340.0	1480.0	1122.3	0.00089105	211.76	343.63	1.0168	0.9519	1.5339	1114.0	-0.028646	0.00017474	0.1709	supercritical
340.0	1483.2	1122.7	0.00089071	211.66	343.78	1.0163	0.95206	1.5337	1115.0	-0.028679	0.00017497	0.17106	supercritical
340.0	1486.5	1123.1	0.00089038	211.57	343.92	1.0159	0.95222	1.5334	1115.9	-0.028712	0.0001752	0.17122	supercritical
340.0	1489.8	1123.5	0.00089005	211.47	344.06	1.0155	0.95237	1.5332	1116.9	-0.028744	0.00017543	0.17139	supercritical
340.0	1493.0	1124.0	0.00088972	211.37	344.21	1.015	0.95253	1.533	1117.9	-0.028776	0.00017567	0.17155	supercritical
340.0	1496.2	1124.4	0.00088938	211.28	344.35	1.0146	0.95269	1.5328	1118.8	-0.028808	0.0001759	0.17171	supercritical
340.0	1499.5	1124.8	0.00088905	211.18	344.49	1.0142	0.95284	1.5326	1119.8	-0.02884	0.00017613	0.17188	supercritical
340.0	1502.8	1125.2	0.00088873	211.08	344.64	1.0138	0.953	1.5324	1120.8	-0.028872	0.00017637	0.17204	supercritical
340.0	1506.0	1125.6	0.0008884	210.99	344.78	1.0133	0.95316	1.5322	1121.7	-0.028904	0.0001766	0.1722	supercritical
340.0	1509.2	1126.0	0.00088807	210.89	344.93	1.0129	0.95331	1.532	1122.7	-0.028935	0.00017683	0.17236	supercritical
340.0	1512.5	1126.5	0.00088774	210.8	345.07	1.0125	0.95347	1.5318	1123.6	-0.028966	0.00017706	0.17253	supercritical
340.0	1515.8	1126.9	0.00088742	210.7	345.21	1.0121	0.95362	1.5316	1124.6	-0.028997	0.00017729	0.17269	supercritical
340.0	1519.0	1127.3	0.00088709	210.61	345.36	1.0116	0.95378	1.5314	1125.6	-0.029028	0.00017753	0.17285	supercritical
340.0	1522.2	1127.7	0.00088677	210.51	345.5	1.0112	0.95394	1.5312	1126.5	-0.029059	0.00017776	0.17301	supercritical
340.0	1525.5	1128.1	0.00088645	210.42	345.65	1.0108	0.95409	1.531	1127.5	-0.02909	0.00017799	0.17318	supercritical
340.0	1528.8	1128.5	0.00088613	210.33	345.79	1.0104	0.95425	1.5308	1128.4	-0.02912	0.00017822	0.17334	supercritical
340.0	1532.0	1128.9	0.0008858	210.23	345.94	1.01	0.95441	1.5306	1129.4	-0.029151	0.00017845	0.1735	supercritical
340.0	1535.2	1129.3	0.00088548	210.14	346.08	1.0095	0.95456	1.5304	1130.3	-0.029181	0.00017869	0.17366	supercritical
340.0	1538.5	1129.7	0.00088516	210.04	346.23	1.0091	0.95472	1.5302	1131.2	-0.029211	0.00017892	0.17382	supercritical
340.0	1541.8	1130.1	0.00088485	209.95	346.37	1.0087	0.95487	1.53	1132.2	-0.029241	0.00017915	0.17398	supercritical
340.0	1545.0	1130.5	0.00088453	209.86	346.52	1.0083	0.95503	1.5298	1133.1	-0.029271	0.00017938	0.17414	supercritical
340.0	1548.2	1131.0	0.00088421	209.77	346.66	1.0079	0.95519	1.5296	1134.1	-0.029301	0.00017961	0.17431	supercritical
340.0	1551.5	1131.4	0.0008839	209.67	346.81	1.0074	0.95534	1.5294	1135.0	-0.02933	0.00017984	0.17447	supercritical
340.0	1554.8	1131.8	0.00088358	209.58	346.96	1.007	0.9555	1.5292	1135.9	-0.029359	0.00018008	0.17463	supercritical
340.0	1558.0	1132.2	0.00088327	209.49	347.1	1.0066	0.95565	1.529	1136.9	-0.029389	0.00018031	0.17479	supercritical
340.0	1561.2	1132.6	0.00088295	209.4	347.25	1.0062	0.95581	1.5288	1137.8	-0.029418	0.00018054	0.17495	supercritical
340.0	1564.5	1133.0	0.00088264	209.3	347.39	1.0058	0.95597	1.5287	1138.7	-0.029447	0.00018077	0.17511	supercritical
340.0	1567.8	1133.4	0.00088233	209.21	347.54	1.0054	0.95612	1.5285	1139.7	-0.029476	0.000181	0.17527	supercritical
340.0	1571.0	1133.8	0.00088202	209.12	347.69	1.005	0.95628	1.5283	1140.6	-0.029504	0.00018123	0.17543	supercritical
340.0	1574.2	1134.2	0.00088171	209.03	347.83	1.0045	0.95643	1.5281	1141.5	-0.029533	0.00018146	0.17559	supercritical
340.0	1577.5	1134.6	0.0008814	208.94	347.98	1.0041	0.95659	1.5279	1142.5	-0.029561	0.00018169	0.17575	supercritical
340.0	1580.8	1135.0	0.00088109	208.85	348.13	1.0037	0.95675	1.5277	1143.4	-0.029589	0.00018193	0.17591	supercritical
340.0	1584.0	1135.4	0.00088078	208.76	348.27	1.0033	0.9569	1.5275	1144.3	-0.029617	0.00018216	0.17607	supercritical
340.0	1587.2	1135.8	0.00088047	208.67	348.42	1.0029	0.95706	1.5274	1145.2	-0.029645	0.00018239	0.17623	supercritical
340.0	1590.5	1136.1	0.00088017	208.58	348.57	1.0025	0.95721	1.5272	1146.2	-0.029673	0.00018262	0.17639	supercritical
340.0	1593.8	1136.5	0.00087986	208.49	348.72	1.0021	0.95737	1.527	1147.1	-0.029701	0.00018285	0.17655	supercritical
340.0	1597.0	1136.9	0.00087956	208.4	348.86	1.0017	0.95752	1.5268	1148.0	-0.029729	0.00018308	0.17671	supercritical
340.0	1600.2	1137.3	0.00087925	208.31	349.01	1.0013	0.95768	1.5267	1148.9	-0.029756	0.00018331	0.17687	supercritical
340.0	1603.5	1137.7	0.00087895	208.22	349.16	1.0009	0.95784	1.5265	1149.8	-0.029783	0.00018354	0.17703	supercritical
340.0	1606.8	1138.1	0.00087865	208.13	349.31	1.0005	0.95799	1.5263	1150.7	-0.029811	0.00018377	0.17718	supercritical
340.0	1610.0	1138.5	0.00087835	208.04	349.45	1.0001	0.95815	1.5261	1151.7	-0.029838	0.000184	0.17734	supercritical
340.0	1613.2	1138.9	0.00087805	207.95	349.6	0.99966	0.9583	1.5259	1152.6	-0.029865	0.00018423	0.1775	supercritical
340.0	1616.5	1139.3	0.00087775	207.86	349.75	0.99925	0.95846	1.5258	1153.5	-0.029891	0.00018446	0.17766	supercritical
340.0	1619.8	1139.7	0.00087745	207.77	349.9	0.99885	0.95861	1.5256	1154.4	-0.029918	0.00018469	0.17782	supercritical
340.0	1623.0	1140.1	0.00087715	207.69	350.05	0.99845	0.95877	1.5254	1155.3	-0.029945	0.00018492	0.17798	supercritical
340.0	1626.2	1140.4	0.00087685	207.6	350.2	0.99805	0.95893	1.5253	1156.2	-0.029971	0.00018516	0.17814	supercritical
340.0	1629.5	1140.8	0.00087656	207.51	350.34	0.99764	0.95908	1.5251	1157.1	-0.029998	0.00018539	0.17829	supercritical
340.0	1632.8	1141.2	0.00087626	207.42	350.49	0.99724	0.95924	1.5249	1158.0	-0.030024	0.00018562	0.17845	supercritical
340.0	1636.0	1141.6	0.00087596	207.33	350.64	0.99685	0.95939	1.5248	1158.9	-0.03005	0.00018585	0.17861	supercritical
340.0	1639.2	1142.0	0.00087567	207.25	350.79	0.99645	0.95955	1.5246	1159.8	-0.030076	0.00018608	0.17877	supercritical
340.0	1642.5	1142.4	0.00087537	207.16	350.94	0.99605	0.9597	1.5244	1160.7	-0.030102	0.00018631	0.17892	supercritical
340.0	1645.8	1142.8	0.00087508	207.07	351.09	0.99565	0.95986	1.5243	1161.6	-0.030127	0.00018654	0.17908	supercritical
340.0	1649.0	1143.1	0.00087479	206.99	351.24	0.99525	0.96001	1.5241	1162.5	-0.030153	0.00018677	0.17924	supercritical
340.0	1652.2	1143.5	0.0008745	206.9	351.39	0.99486	0.96017	1.5239	1163.4	-0.030178	0.000187	0.1794	supercritical
340.0	1655.5	1143.9	0.00087421	206.81	351.54	0.99446	0.96032	1.5238	1164.3	-0.030204	0.00018723	0.17955	supercritical
340.0	1658.8	1144.3	0.00087392	206.73	351.69	0.99406	0.96048	1.5236	1165.2	-0.030229	0.00018746	0.17971	supercritical
340.0	1662.0	1144.7	0.00087363	206.64	351.84	0.99367	0.96064	1.5234	1166.1	-0.030254	0.00018769	0.17987	supercritical
340.0	1665.2	1145.0	0.00087334	206.55	351.99	0.99328	0.96079	1.5233	1167.0	-0.030279	0.00018792	0.18003	supercritical
340.0	1668.5	1145.4	0.00087305	206.47	352.14	0.99288	0.96095	1.5231	1167.8	-0.030304	0.00018814	0.18018	supercritical
340.0	1671.8	1145.8	0.00087276	206.38	352.29	0.99249	0.9611	1.523	1168.7	-0.030329	0.00018837	0.18034	supercritical
340.0	1675.0	1146.2	0.00087247	206.3	352.44	0.9921	0.96126	1.5228	1169.6	-0.030354	0.0001886	0.1805	supercritical
340.0	1678.2	1146.5	0.00087219	206.21	352.59	0.9917	0.96141	1.5227	1170.5	-0.030378	0.00018883	0.18065	supercritical
340.0	1681.5	1146.9	0.0008719	206.13	352.74	0.99131	0.96157	1.5225	1171.4	-0.030403	0.00018906	0.18081	supercritical
340.0	1684.8	1147.3	0.00087162	206.04	352.89	0.99092	0.96172	1.5223	1172.3	-0.030427	0.00018929	0.18096	supercritical
340.0	1688.0	1147.7	0.00087133	205.96	353.04	0.99053	0.96188	1.5222	1173.1	-0.030451	0.00018952	0.18112	supercritical
340.0	1691.2	1148.0	0.00087105	205.87	353.19	0.99014	0.96203	1.522	1174.0	-0.030475	0.00018975	0.18128	supercritical
340.0	1694.5	1148.4	0.00087077	205.79	353.34	0.98975	0.96219	1.5219	1174.9	-0.030499	0.00018998	0.18143	supercritical
340.0	1697.8	1148.8	0.00087049	205.7	353.49	0.98937	0.96234	1.5217	1175.8	-0.030523	0.00019021	0.18159	supercritical
340.0	1701.0	1149.2	0.0008702	205.62	353.64	0.98898	0.9625	1.5216	1176.7	-0.030547	0.00019044	0.18174	supercritical
340.0	1704.2	1149.5	0.00086992	205.54	353.79	0.98859	0.96265	1.5214	1177.5	-0.030571	0.00019067	0.1819	supercritical
340.0	1707.5	1149.9	0.00086964	205.45	353.94	0.9882	0.96281	1.5213	1178.4	-0.030594	0.0001909	0.18206	supercritical
340.0	1710.8	1150.3	0.00086936	205.37	354.1	0.98782	0.96296	1.5211	1179.3	-0.030618	0.00019113	0.18221	supercritical
340.0	1714.0	1150.6	0.00086909	205.29	354.25	0.98743	0.96312	1.521	1180.1	-0.030641	0.00019136	0.18237	supercritical
340.0	1717.2	1151.0	0.00086881	205.2	354.4	0.98705	0.96327	1.5208	1181.0	-0.030664	0.00019159	0.18252	supercritical
340.0	1720.5	1151.4	0.00086853	205.12	354.55	0.98666	0.96343	1.5207	1181.9	-0.030688	0.00019181	0.18268	supercritical
340.0	1723.8	1151.7	0.00086825	205.04	354.7	0.98628	0.96358	1.5205	1182.7	-0.030711	0.00019204	0.18283	supercritical
340.0	1727.0	1152.1	0.00086798	204.95	354.85	0.9859	0.96374	1.5204	1183.6	-0.030734	0.00019227	0.18299	supercritical
340.0	1730.2	1152.5	0.0008677	204.87	355.01	0.98551	0.96389	1.5202	1184.5	-0.030756	0.0001925	0.18314	supercritical
340.0	1733.5	1152.8	0.00086743	204.79	355.16	0.98513	0.96405	1.5201	1185.3	-0.030779	0.00019273	0.1833	supercritical
340.0	1736.8	1153.2	0.00086715	204.71	355.31	0.98475	0.9642	1.52	1186.2	-0.030802	0.00019296	0.18345	supercritical
340.0	1740.0	1153.6	0.00086688	204.62	355.46	0.98437	0.96435	1.5198	1187.1	-0.030824	0.00019319	0.18361	supercritical
340.0	1743.2	1153.9	0.00086661	204.54	355.61	0.98399	0.96451	1.5197	1187.9	-0.030847	0.00019342	0.18376	supercritical
340.0	1746.5	1154.3	0.00086633	204.46	355.77	0.98361	0.96466	1.5195	1188.8	-0.030869	0.00019365	0.18391	supercritical
340.0	1749.8	1154.6	0.00086606	204.38	355.92	0.98323	0.96482	1.5194	1189.6	-0.030891	0.00019387	0.18407	supercritical
340.0	1753.0	1155.0	0.00086579	204.3	356.07	0.98285	0.96497	1.5192	1190.5	-0.030913	0.0001941	0.18422	supercritical
340.0	1756.2	1155.4	0.00086552	204.22	356.22	0.98247	0.96513	1.5191	1191.3	-0.030936	0.00019433	0.18438	supercritical
340.0	1759.5	1155.7	0.00086525	204.14	356.38	0.98209	0.96528	1.519	1192.2	-0.030957	0.00019456	0.18453	supercritical
340.0	1762.8	1156.1	0.00086498	204.05	356.53	0.98172	0.96544	1.5188	1193.0	-0.030979	0.00019479	0.18468	supercritical
340.0	1766.0	1156.5	0.00086471	203.97	356.68	0.98134	0.96559	1.5187	1193.9	-0.031001	0.00019502	0.18484	supercritical
340.0	1769.2	1156.8	0.00086445	203.89	356.84	0.98096	0.96575	1.5186	1194.7	-0.031023	0.00019525	0.18499	supercritical
340.0	1772.5	1157.2	0.00086418	203.81	356.99	0.98059	0.9659	1.5184	1195.6	-0.031044	0.00019547	0.18515	supercritical
340.0	1775.8	1157.5	0.00086391	203.73	357.14	0.98021	0.96605	1.5183	1196.4	-0.031066	0.0001957	0.1853	supercritical
340.0	1779.0	1157.9	0.00086365	203.65	357.3	0.97984	0.96621	1.5182	1197.3	-0.031087	0.00019593	0.18545	supercritical
340.0	1782.2	1158.2	0.00086338	203.57	357.45	0.97946	0.96636	1.518	1198.1	-0.031108	0.00019616	0.18561	supercritical
340.0	1785.5	1158.6	0.00086312	203.49	357.6	0.97909	0.96652	1.5179	1199.0	-0.03113	0.00019639	0.18576	supercritical
340.0	1788.8	1158.9	0.00086285	203.41	357.76	0.97872	0.96667	1.5178	1199.8	-0.031151	0.00019662	0.18591	supercritical
340.0	1792.0	1159.3	0.00086259	203.33	357.91	0.97834	0.96682	1.5176	1200.7	-0.031172	0.00019684	0.18606	supercritical
340.0	1795.2	1159.7	0.00086233	203.25	358.06	0.97797	0.96698	1.5175	1201.5	-0.031193	0.00019707	0.18622	supercritical
340.0	1798.5	1160.0	0.00086206	203.18	358.22	0.9776	0.96713	1.5174	1202.3	-0.031213	0.0001973	0.18637	supercritical
340.0	1801.8	1160.4	0.0008618	203.1	358.37	0.97723	0.96729	1.5172	1203.2	-0.031234	0.00019753	0.18652	supercritical
340.0	1805.0	1160.7	0.00086154	203.02	358.53	0.97686	0.96744	1.5171	1204.0	-0.031255	0.00019776	0.18668	supercritical
340.0	1808.2	1161.1	0.00086128	202.94	358.68	0.97649	0.9676	1.517	1204.8	-0.031275	0.00019798	0.18683	supercritical
340.0	1811.5	1161.4	0.00086102	202.86	358.83	0.97612	0.96775	1.5168	1205.7	-0.031296	0.00019821	0.18698	supercritical
340.0	1814.8	1161.8	0.00086076	202.78	358.99	0.97575	0.9679	1.5167	1206.5	-0.031316	0.00019844	0.18713	supercritical
340.0	1818.0	1162.1	0.0008605	202.7	359.14	0.97538	0.96806	1.5166	1207.3	-0.031336	0.00019867	0.18729	supercritical
340.0	1821.2	1162.5	0.00086024	202.63	359.3	0.97501	0.96821	1.5165	1208.2	-0.031357	0.0001989	0.18744	supercritical
340.0	1824.5	1162.8	0.00085999	202.55	359.45	0.97465	0.96836	1.5163	1209.0	-0.031377	0.00019912	0.18759	supercritical
340.0	1827.8	1163.2	0.00085973	202.47	359.61	0.97428	0.96852	1.5162	1209.8	-0.031397	0.00019935	0.18774	supercritical
340.0	1831.0	1163.5	0.00085947	202.39	359.76	0.97391	0.96867	1.5161	1210.7	-0.031417	0.00019958	0.18789	supercritical
340.0	1834.2	1163.9	0.00085922	202.31	359.92	0.97355	0.96883	1.516	1211.5	-0.031437	0.00019981	0.18804	supercritical
340.0	1837.5	1164.2	0.00085896	202.24	360.07	0.97318	0.96898	1.5159	1212.3	-0.031456	0.00020004	0.1882	supercritical
340.0	1840.8	1164.5	0.0008587	202.16	360.23	0.97282	0.96913	1.5157	1213.1	-0.031476	0.00020026	0.18835	supercritical
340.0	1844.0	1164.9	0.00085845	202.08	360.38	0.97245	0.96929	1.5156	1214.0	-0.031496	0.00020049	0.1885	supercritical
340.0	1847.2	1165.2	0.0008582	202.01	360.54	0.97209	0.96944	1.5155	1214.8	-0.031515	0.00020072	0.18865	supercritical
340.0	1850.5	1165.6	0.00085794	201.93	360.69	0.97172	0.96959	1.5154	1215.6	-0.031535	0.00020095	0.1888	supercritical
340.0	1853.8	1165.9	0.00085769	201.85	360.85	0.97136	0.96975	1.5152	1216.4	-0.031554	0.00020118	0.18895	supercritical
340.0	1857.0	1166.3	0.00085744	201.78	361.0	0.971	0.9699	1.5151	1217.2	-0.031573	0.0002014	0.18911	supercritical
340.0	1860.2	1166.6	0.00085719	201.7	361.16	0.97064	0.97005	1.515	1218.1	-0.031592	0.00020163	0.18926	supercritical
340.0	1863.5	1166.9	0.00085694	201.62	361.31	0.97027	0.97021	1.5149	1218.9	-0.031611	0.00020186	0.18941	supercritical
340.0	1866.8	1167.3	0.00085669	201.55	361.47	0.96991	0.97036	1.5148	1219.7	-0.03163	0.00020209	0.18956	supercritical
340.0	1870.0	1167.6	0.00085644	201.47	361.62	0.96955	0.97051	1.5147	1220.5	-0.031649	0.00020231	0.18971	supercritical
340.0	1873.2	1168.0	0.00085619	201.4	361.78	0.96919	0.97067	1.5145	1221.3	-0.031668	0.00020254	0.18986	supercritical
340.0	1876.5	1168.3	0.00085594	201.32	361.94	0.96883	0.97082	1.5144	1222.1	-0.031687	0.00020277	0.19001	supercritical
340.0	1879.8	1168.6	0.00085569	201.24	362.09	0.96847	0.97097	1.5143	1222.9	-0.031706	0.000203	0.19016	supercritical
340.0	1883.0	1169.0	0.00085544	201.17	362.25	0.96811	0.97113	1.5142	1223.8	-0.031724	0.00020322	0.19031	supercritical
340.0	1886.2	1169.3	0.00085519	201.09	362.4	0.96776	0.97128	1.5141	1224.6	-0.031743	0.00020345	0.19046	supercritical
340.0	1889.5	1169.7	0.00085495	201.02	362.56	0.9674	0.97143	1.514	1225.4	-0.031761	0.00020368	0.19061	supercritical
340.0	1892.8	1170.0	0.0008547	200.94	362.72	0.96704	0.97159	1.5139	1226.2	-0.03178	0.00020391	0.19076	supercritical
340.0	1896.0	1170.3	0.00085445	200.87	362.87	0.96668	0.97174	1.5137	1227.0	-0.031798	0.00020413	0.19091	supercritical
340.0	1899.2	1170.7	0.00085421	200.79	363.03	0.96633	0.97189	1.5136	1227.8	-0.031816	0.00020436	0.19106	supercritical
340.0	1902.5	1171.0	0.00085396	200.72	363.19	0.96597	0.97205	1.5135	1228.6	-0.031834	0.00020459	0.19121	supercritical
340.0	1905.8	1171.3	0.00085372	200.65	363.34	0.96562	0.9722	1.5134	1229.4	-0.031852	0.00020481	0.19136	supercritical
340.0	1909.0	1171.7	0.00085348	200.57	363.5	0.96526	0.97235	1.5133	1230.2	-0.03187	0.00020504	0.19151	supercritical
340.0	1912.2	1172.0	0.00085323	200.5	363.66	0.96491	0.97251	1.5132	1231.0	-0.031888	0.00020527	0.19166	supercritical
340.0	1915.5	1172.3	0.00085299	200.42	363.81	0.96455	0.97266	1.5131	1231.8	-0.031906	0.0002055	0.19181	supercritical
340.0	1918.8	1172.7	0.00085275	200.35	363.97	0.9642	0.97281	1.513	1232.6	-0.031924	0.00020572	0.19196	supercritical
340.0	1922.0	1173.0	0.00085251	200.28	364.13	0.96385	0.97296	1.5129	1233.4	-0.031942	0.00020595	0.19211	supercritical
340.0	1925.2	1173.3	0.00085227	200.2	364.28	0.96349	0.97312	1.5128	1234.2	-0.031959	0.00020618	0.19226	supercritical
340.0	1928.5	1173.7	0.00085202	200.13	364.44	0.96314	0.97327	1.5127	1235.0	-0.031977	0.0002064	0.19241	supercritical
340.0	1931.8	1174.0	0.00085178	200.06	364.6	0.96279	0.97342	1.5125	1235.8	-0.031994	0.00020663	0.19256	supercritical
340.0	1935.0	1174.3	0.00085154	199.98	364.76	0.96244	0.97357	1.5124	1236.6	-0.032012	0.00020686	0.19271	supercritical
340.0	1938.2	1174.7	0.00085131	199.91	364.91	0.96209	0.97373	1.5123	1237.4	-0.032029	0.00020709	0.19286	supercritical
340.0	1941.5	1175.0	0.00085107	199.84	365.07	0.96174	0.97388	1.5122	1238.2	-0.032046	0.00020731	0.19301	supercritical
340.0	1944.8	1175.3	0.00085083	199.76	365.23	0.96139	0.97403	1.5121	1238.9	-0.032064	0.00020754	0.19315	supercritical
340.0	1948.0	1175.7	0.00085059	199.69	365.39	0.96104	0.97418	1.512	1239.7	-0.032081	0.00020777	0.1933	supercritical
340.0	1951.2	1176.0	0.00085035	199.62	365.54	0.96069	0.97434	1.5119	1240.5	-0.032098	0.00020799	0.19345	supercritical
340.0	1954.5	1176.3	0.00085012	199.55	365.7	0.96034	0.97449	1.5118	1241.3	-0.032115	0.00020822	0.1936	supercritical
340.0	1957.8	1176.6	0.00084988	199.47	365.86	0.95999	0.97464	1.5117	1242.1	-0.032132	0.00020845	0.19375	supercritical
340.0	1961.0	1177.0	0.00084965	199.4	366.02	0.95964	0.97479	1.5116	1242.9	-0.032148	0.00020867	0.1939	supercritical
340.0	1964.2	1177.3	0.00084941	199.33	366.18	0.95929	0.97495	1.5115	1243.7	-0.032165	0.0002089	0.19405	supercritical
340.0	1967.5	1177.6	0.00084918	199.26	366.33	0.95895	0.9751	1.5114	1244.4	-0.032182	0.00020913	0.19419	supercritical
340.0	1970.8	1177.9	0.00084894	199.19	366.49	0.9586	0.97525	1.5113	1245.2	-0.032199	0.00020935	0.19434	supercritical
340.0	1974.0	1178.3	0.00084871	199.12	366.65	0.95825	0.9754	1.5112	1246.0	-0.032215	0.00020958	0.19449	supercritical
340.0	1977.2	1178.6	0.00084847	199.04	366.81	0.95791	0.97556	1.5111	1246.8	-0.032232	0.00020981	0.19464	supercritical
340.0	1980.5	1178.9	0.00084824	198.97	366.97	0.95756	0.97571	1.511	1247.6	-0.032248	0.00021003	0.19479	supercritical
340.0	1983.8	1179.2	0.00084801	198.9	367.12	0.95722	0.97586	1.5109	1248.4	-0.032264	0.00021026	0.19494	supercritical
340.0	1987.0	1179.6	0.00084778	198.83	367.28	0.95687	0.97601	1.5108	1249.1	-0.032281	0.00021049	0.19508	supercritical
340.0	1990.2	1179.9	0.00084754	198.76	367.44	0.95653	0.97616	1.5107	1249.9	-0.032297	0.00021072	0.19523	supercritical
340.0	1993.5	1180.2	0.00084731	198.69	367.6	0.95619	0.97632	1.5106	1250.7	-0.032313	0.00021094	0.19538	supercritical
340.0	1996.8	1180.5	0.00084708	198.62	367.76	0.95584	0.97647	1.5105	1251.5	-0.032329	0.00021117	0.19553	supercritical
340.0	2000.0	1180.8	0.00084685	198.55	367.92	0.9555	0.97662	1.5104	1252.2	-0.032345	0.0002114	0.19567	supercritical
