Temperature (K)	Pressure (bar)	Density (kg/m3)	Volume (m3/kg)	Internal Energy (kJ/kg)	Enthalpy (kJ/kg)	Entropy (J/g*K)	Cv (J/g*K)	Cp (J/g*K)	Sound Spd. (m/s)	Joule-Thomson (K/bar)	Viscosity (Pa*s)	Therm. Cond. (W/m*K)	Phase
311.0	56.5	138.6	0.0072148	413.03	453.79	1.8606	0.84463	1.7447	229.37	0.95737	1.7417e-05	0.025187	vapor
311.0	59.75	151.99	0.0065794	408.83	448.14	1.8353	0.86342	1.9084	226.03	0.94794	1.7723e-05	0.026435	vapor
311.0	63.0	166.84	0.0059937	404.23	441.99	1.8089	0.88473	2.119	222.53	0.93589	1.809e-05	0.027969	vapor
311.0	66.25	183.61	0.0054465	399.11	435.2	1.7811	0.90933	2.4006	218.83	0.92033	1.854e-05	0.029898	vapor
311.0	69.5	202.96	0.004927	393.3	427.54	1.7511	0.93844	2.7974	214.87	0.89992	1.9107e-05	0.032405	vapor
311.0	72.75	226.07	0.0044234	386.5	418.68	1.7177	0.97404	3.3985	210.56	0.87244	1.9853e-05	0.035803	vapor
311.0	76.0	255.11	0.0039199	378.2	407.99	1.6789	1.0196	4.4131	205.73	0.83393	2.0899e-05	0.040703	vapor
311.0	76.0	255.11	0.0039199	378.2	407.99	1.6789	1.0196	4.4131	205.73	0.83393	2.0899e-05	0.040703	supercritical
311.0	76.0	255.11	0.0039199	378.2	407.99	1.6789	1.0196	4.4131	205.73	0.83393	2.0899e-05	0.040703	supercritical
311.0	79.25	294.93	0.0033907	367.26	394.13	1.6305	1.082	6.4426	200.08	0.77611	2.254e-05	0.048451	supercritical
311.0	82.5	358.86	0.0027866	350.87	373.86	1.5621	1.1721	11.551	193.51	0.679	2.5699e-05	0.062121	supercritical
311.0	85.75	473.29	0.0021129	325.2	343.32	1.4614	1.2172	17.442	195.14	0.51574	3.313e-05	0.076733	supercritical
311.0	89.0	564.38	0.0017719	307.2	322.97	1.394	1.1349	10.522	221.02	0.37954	4.0904e-05	0.074309	supercritical
311.0	92.25	610.88	0.001637	298.3	313.4	1.3614	1.0756	7.2493	247.65	0.30543	4.5615e-05	0.072957	supercritical
311.0	95.5	640.55	0.0015612	292.59	307.5	1.3408	1.0394	5.8035	269.93	0.25973	4.8918e-05	0.073152	supercritical
311.0	98.75	662.32	0.0015099	288.35	303.26	1.3255	1.0154	4.9892	288.74	0.22801	5.1504e-05	0.073899	supercritical
311.0	102.0	679.58	0.0014715	284.94	299.95	1.3133	0.99844	4.4648	305.0	0.2043	5.3659e-05	0.074848	supercritical
311.0	105.25	693.94	0.001441	282.08	297.25	1.3031	0.98591	4.097	319.37	0.18567	5.5527e-05	0.075861	supercritical
311.0	108.5	706.28	0.0014159	279.6	294.96	1.2943	0.97627	3.8233	332.29	0.1705	5.7188e-05	0.076879	supercritical
311.0	111.75	717.13	0.0013944	277.4	292.98	1.2864	0.96863	3.6109	344.08	0.15782	5.8695e-05	0.07788	supercritical
311.0	115.0	726.84	0.0013758	275.42	291.24	1.2794	0.9624	3.4406	354.97	0.147	6.0081e-05	0.078851	supercritical
311.0	118.25	735.64	0.0013594	273.61	289.68	1.273	0.95722	3.3006	365.13	0.13762	6.1368e-05	0.079789	supercritical
311.0	121.5	743.7	0.0013446	271.94	288.28	1.267	0.95283	3.1829	374.68	0.12937	6.2575e-05	0.080695	supercritical
311.0	124.75	751.14	0.0013313	270.39	287.0	1.2615	0.94905	3.0824	383.7	0.12205	6.3713e-05	0.081569	supercritical
311.0	128.0	758.07	0.0013191	268.94	285.82	1.2564	0.94575	2.9954	392.28	0.11547	6.4794e-05	0.082412	supercritical
311.0	131.25	764.54	0.001308	267.58	284.74	1.2515	0.94285	2.9191	400.47	0.10953	6.5823e-05	0.083227	supercritical
311.0	134.5	770.63	0.0012976	266.29	283.74	1.2469	0.94028	2.8515	408.32	0.10412	6.6809e-05	0.084016	supercritical
311.0	137.75	776.38	0.001288	265.07	282.81	1.2426	0.93797	2.7911	415.86	0.099175	6.7755e-05	0.08478	supercritical
311.0	141.0	781.83	0.0012791	263.91	281.94	1.2384	0.9359	2.7368	423.11	0.094622	6.8666e-05	0.085521	supercritical
311.0	144.25	787.01	0.0012706	262.8	281.13	1.2345	0.93403	2.6876	430.12	0.090415	6.9546e-05	0.08624	supercritical
311.0	147.5	791.95	0.0012627	261.73	280.36	1.2307	0.93233	2.6428	436.89	0.086513	7.0397e-05	0.08694	supercritical
311.0	150.75	796.67	0.0012552	260.72	279.64	1.2271	0.93078	2.6017	443.45	0.082879	7.1223e-05	0.087621	supercritical
311.0	154.0	801.19	0.0012481	259.74	278.96	1.2236	0.92936	2.5639	449.81	0.079485	7.2025e-05	0.088285	supercritical
311.0	157.25	805.54	0.0012414	258.79	278.31	1.2202	0.92805	2.529	455.98	0.076306	7.2805e-05	0.088933	supercritical
311.0	160.5	809.72	0.001235	257.88	277.7	1.2169	0.92686	2.4966	461.99	0.07332	7.3565e-05	0.089566	supercritical
311.0	163.75	813.75	0.0012289	257.0	277.12	1.2138	0.92576	2.4665	467.83	0.070509	7.4307e-05	0.090184	supercritical
311.0	167.0	817.63	0.001223	256.15	276.57	1.2107	0.92474	2.4384	473.53	0.067856	7.5032e-05	0.090789	supercritical
311.0	170.25	821.39	0.0012174	255.32	276.05	1.2078	0.9238	2.4121	479.08	0.065348	7.5741e-05	0.091382	supercritical
311.0	173.5	825.03	0.0012121	254.52	275.55	1.2049	0.92293	2.3874	484.5	0.062972	7.6435e-05	0.091962	supercritical
311.0	176.75	828.56	0.0012069	253.74	275.07	1.2021	0.92213	2.3642	489.79	0.060716	7.7115e-05	0.092531	supercritical
311.0	180.0	831.98	0.001202	252.98	274.61	1.1994	0.92138	2.3423	494.96	0.058572	7.7782e-05	0.09309	supercritical
311.0	183.25	835.3	0.0011972	252.24	274.18	1.1967	0.92069	2.3217	500.02	0.05653	7.8437e-05	0.093639	supercritical
311.0	186.5	838.54	0.0011926	251.52	273.76	1.1941	0.92004	2.3021	504.98	0.054583	7.908e-05	0.094178	supercritical
311.0	189.75	841.68	0.0011881	250.81	273.36	1.1916	0.91945	2.2836	509.83	0.052724	7.9712e-05	0.094708	supercritical
311.0	193.0	844.75	0.0011838	250.13	272.98	1.1891	0.91889	2.2659	514.59	0.050946	8.0335e-05	0.095229	supercritical
311.0	196.25	847.74	0.0011796	249.46	272.61	1.1867	0.91837	2.2492	519.25	0.049244	8.0947e-05	0.095742	supercritical
311.0	199.5	850.66	0.0011756	248.8	272.25	1.1843	0.91789	2.2332	523.83	0.047612	8.155e-05	0.096247	supercritical
311.0	202.75	853.5	0.0011716	248.16	271.92	1.182	0.91745	2.218	528.32	0.046047	8.2145e-05	0.096745	supercritical
311.0	206.0	856.29	0.0011678	247.53	271.59	1.1798	0.91703	2.2034	532.73	0.044543	8.2731e-05	0.097236	supercritical
311.0	209.25	859.01	0.0011641	246.92	271.28	1.1775	0.91665	2.1895	537.06	0.043097	8.331e-05	0.097719	supercritical
311.0	212.5	861.67	0.0011605	246.32	270.98	1.1754	0.91629	2.1762	541.33	0.041706	8.388e-05	0.098196	supercritical
311.0	215.75	864.28	0.001157	245.72	270.69	1.1732	0.91596	2.1634	545.52	0.040365	8.4444e-05	0.098667	supercritical
311.0	219.0	866.83	0.0011536	245.15	270.41	1.1711	0.91565	2.1512	549.64	0.039073	8.5001e-05	0.099131	supercritical
311.0	222.25	869.33	0.0011503	244.58	270.14	1.169	0.91536	2.1394	553.7	0.037826	8.5551e-05	0.09959	supercritical
311.0	225.5	871.79	0.0011471	244.02	269.88	1.167	0.9151	2.128	557.7	0.036622	8.6095e-05	0.10004	supercritical
311.0	228.75	874.19	0.0011439	243.47	269.63	1.165	0.91485	2.1171	561.64	0.035458	8.6632e-05	0.10049	supercritical
311.0	232.0	876.56	0.0011408	242.93	269.4	1.1631	0.91462	2.1066	565.52	0.034332	8.7164e-05	0.10093	supercritical
311.0	235.25	878.88	0.0011378	242.4	269.16	1.1611	0.91441	2.0965	569.35	0.033243	8.7691e-05	0.10137	supercritical
311.0	238.5	881.15	0.0011349	241.88	268.94	1.1592	0.91422	2.0867	573.12	0.032187	8.8212e-05	0.1018	supercritical
311.0	241.75	883.39	0.001132	241.36	268.73	1.1573	0.91404	2.0773	576.85	0.031165	8.8728e-05	0.10223	supercritical
311.0	245.0	885.59	0.0011292	240.86	268.52	1.1555	0.91388	2.0682	580.52	0.030174	8.9239e-05	0.10265	supercritical
311.0	248.25	887.76	0.0011264	240.36	268.32	1.1537	0.91373	2.0594	584.14	0.029212	8.9745e-05	0.10307	supercritical
311.0	251.5	889.89	0.0011237	239.87	268.13	1.1519	0.91359	2.0508	587.72	0.028278	9.0247e-05	0.10349	supercritical
311.0	254.75	891.98	0.0011211	239.39	267.95	1.1501	0.91346	2.0426	591.26	0.027371	9.0744e-05	0.1039	supercritical
311.0	258.0	894.05	0.0011185	238.91	267.77	1.1484	0.91335	2.0345	594.75	0.026489	9.1236e-05	0.1043	supercritical
311.0	261.25	896.08	0.001116	238.44	267.59	1.1467	0.91325	2.0268	598.2	0.025632	9.1725e-05	0.10471	supercritical
311.0	264.5	898.08	0.0011135	237.98	267.43	1.145	0.91315	2.0192	601.61	0.024799	9.221e-05	0.10511	supercritical
311.0	267.75	900.05	0.0011111	237.52	267.27	1.1433	0.91307	2.0119	604.98	0.023987	9.269e-05	0.1055	supercritical
311.0	271.0	901.99	0.0011087	237.07	267.12	1.1416	0.913	2.0048	608.32	0.023197	9.3167e-05	0.10589	supercritical
311.0	274.25	903.9	0.0011063	236.63	266.97	1.14	0.91293	1.9979	611.61	0.022428	9.3641e-05	0.10628	supercritical
311.0	277.5	905.79	0.001104	236.19	266.82	1.1384	0.91287	1.9912	614.87	0.021678	9.411e-05	0.10667	supercritical
311.0	280.75	907.66	0.0011017	235.75	266.69	1.1368	0.91283	1.9847	618.1	0.020946	9.4577e-05	0.10705	supercritical
311.0	284.0	909.49	0.0010995	235.33	266.55	1.1352	0.91278	1.9783	621.29	0.020233	9.504e-05	0.10743	supercritical
311.0	287.25	911.31	0.0010973	234.91	266.43	1.1336	0.91275	1.9721	624.45	0.019538	9.55e-05	0.1078	supercritical
311.0	290.5	913.09	0.0010952	234.49	266.3	1.1321	0.91272	1.9661	627.58	0.018858	9.5956e-05	0.10817	supercritical
311.0	293.75	914.86	0.0010931	234.08	266.18	1.1306	0.9127	1.9602	630.68	0.018195	9.641e-05	0.10854	supercritical
311.0	297.0	916.6	0.001091	233.67	266.07	1.1291	0.91269	1.9545	633.75	0.017548	9.686e-05	0.10891	supercritical
311.0	300.25	918.33	0.0010889	233.27	265.96	1.1276	0.91268	1.9489	636.79	0.016915	9.7308e-05	0.10927	supercritical
311.0	303.5	920.03	0.0010869	232.87	265.86	1.1261	0.91268	1.9435	639.8	0.016297	9.7753e-05	0.10963	supercritical
311.0	306.75	921.71	0.0010849	232.48	265.76	1.1247	0.91268	1.9382	642.78	0.015692	9.8195e-05	0.10999	supercritical
311.0	310.0	923.37	0.001083	232.09	265.66	1.1232	0.91269	1.933	645.74	0.015101	9.8634e-05	0.11035	supercritical
311.0	313.25	925.01	0.0010811	231.7	265.57	1.1218	0.9127	1.9279	648.67	0.014522	9.9071e-05	0.1107	supercritical
311.0	316.5	926.63	0.0010792	231.32	265.48	1.1204	0.91271	1.923	651.57	0.013956	9.9506e-05	0.11105	supercritical
311.0	319.75	928.24	0.0010773	230.94	265.39	1.119	0.91273	1.9181	654.45	0.013402	9.9937e-05	0.1114	supercritical
311.0	323.0	929.82	0.0010755	230.57	265.31	1.1176	0.91276	1.9134	657.3	0.012859	0.00010037	0.11175	supercritical
311.0	326.25	931.39	0.0010737	230.2	265.23	1.1162	0.91279	1.9088	660.13	0.012328	0.00010079	0.11209	supercritical
311.0	329.5	932.94	0.0010719	229.84	265.16	1.1148	0.91282	1.9042	662.94	0.011807	0.00010122	0.11243	supercritical
311.0	332.75	934.47	0.0010701	229.48	265.09	1.1135	0.91286	1.8998	665.72	0.011297	0.00010164	0.11277	supercritical
311.0	336.0	935.99	0.0010684	229.12	265.02	1.1122	0.9129	1.8955	668.49	0.010797	0.00010206	0.11311	supercritical
311.0	339.25	937.5	0.0010667	228.77	264.95	1.1108	0.91294	1.8912	671.23	0.010307	0.00010248	0.11344	supercritical
311.0	342.5	938.98	0.001065	228.42	264.89	1.1095	0.91299	1.8871	673.95	0.0098267	0.0001029	0.11377	supercritical
311.0	345.75	940.45	0.0010633	228.07	264.83	1.1082	0.91304	1.883	676.64	0.0093554	0.00010331	0.11411	supercritical
311.0	349.0	941.91	0.0010617	227.72	264.78	1.1069	0.9131	1.879	679.32	0.008893	0.00010372	0.11443	supercritical
311.0	352.25	943.35	0.0010601	227.38	264.72	1.1056	0.91315	1.8751	681.98	0.0084392	0.00010413	0.11476	supercritical
311.0	355.5	944.78	0.0010584	227.05	264.67	1.1044	0.91321	1.8713	684.62	0.0079939	0.00010454	0.11509	supercritical
311.0	358.75	946.19	0.0010569	226.71	264.63	1.1031	0.91327	1.8675	687.24	0.0075568	0.00010495	0.11541	supercritical
311.0	362.0	947.59	0.0010553	226.38	264.58	1.1019	0.91334	1.8638	689.84	0.0071276	0.00010535	0.11573	supercritical
311.0	365.25	948.98	0.0010538	226.05	264.54	1.1006	0.9134	1.8602	692.42	0.0067061	0.00010575	0.11605	supercritical
311.0	368.5	950.36	0.0010522	225.73	264.5	1.0994	0.91347	1.8567	694.98	0.0062921	0.00010615	0.11637	supercritical
311.0	371.75	951.72	0.0010507	225.4	264.46	1.0982	0.91354	1.8532	697.53	0.0058854	0.00010655	0.11668	supercritical
311.0	375.0	953.07	0.0010492	225.08	264.43	1.097	0.91362	1.8498	700.05	0.0054858	0.00010695	0.117	supercritical
311.0	378.25	954.4	0.0010478	224.77	264.4	1.0958	0.91369	1.8464	702.57	0.0050931	0.00010735	0.11731	supercritical
311.0	381.5	955.73	0.0010463	224.45	264.37	1.0946	0.91377	1.8431	705.06	0.0047071	0.00010774	0.11762	supercritical
311.0	384.75	957.04	0.0010449	224.14	264.34	1.0934	0.91385	1.8399	707.54	0.0043275	0.00010813	0.11793	supercritical
311.0	388.0	958.34	0.0010435	223.83	264.32	1.0922	0.91393	1.8367	710.0	0.0039544	0.00010853	0.11823	supercritical
311.0	391.25	959.63	0.0010421	223.52	264.29	1.0911	0.91401	1.8335	712.44	0.0035874	0.00010892	0.11854	supercritical
311.0	394.5	960.91	0.0010407	223.22	264.27	1.0899	0.9141	1.8305	714.88	0.0032265	0.0001093	0.11884	supercritical
311.0	397.75	962.18	0.0010393	222.92	264.26	1.0888	0.91419	1.8275	717.29	0.0028714	0.00010969	0.11915	supercritical
311.0	401.0	963.44	0.001038	222.62	264.24	1.0877	0.91427	1.8245	719.69	0.002522	0.00011007	0.11945	supercritical
311.0	404.25	964.68	0.0010366	222.32	264.23	1.0865	0.91436	1.8216	722.07	0.0021782	0.00011046	0.11975	supercritical
311.0	407.5	965.92	0.0010353	222.03	264.21	1.0854	0.91446	1.8187	724.45	0.0018398	0.00011084	0.12005	supercritical
311.0	410.75	967.15	0.001034	221.73	264.2	1.0843	0.91455	1.8159	726.8	0.0015068	0.00011122	0.12034	supercritical
311.0	414.0	968.36	0.0010327	221.44	264.2	1.0832	0.91464	1.8131	729.14	0.0011789	0.0001116	0.12064	supercritical
311.0	417.25	969.57	0.0010314	221.16	264.19	1.0821	0.91474	1.8104	731.47	0.00085607	0.00011198	0.12093	supercritical
311.0	420.5	970.77	0.0010301	220.87	264.19	1.081	0.91484	1.8077	733.79	0.00053816	0.00011236	0.12123	supercritical
311.0	423.75	971.95	0.0010289	220.59	264.18	1.0799	0.91493	1.805	736.09	0.00022506	0.00011273	0.12152	supercritical
311.0	427.0	973.13	0.0010276	220.3	264.18	1.0788	0.91503	1.8024	738.37	-8.3343e-05	0.00011311	0.12181	supercritical
311.0	430.25	974.3	0.0010264	220.03	264.18	1.0778	0.91513	1.7998	740.65	-0.00038716	0.00011348	0.1221	supercritical
311.0	433.5	975.46	0.0010252	219.75	264.19	1.0767	0.91524	1.7973	742.91	-0.0006865	0.00011385	0.12238	supercritical
311.0	436.75	976.62	0.0010239	219.47	264.19	1.0757	0.91534	1.7948	745.16	-0.00098146	0.00011422	0.12267	supercritical
311.0	440.0	977.76	0.0010227	219.2	264.2	1.0746	0.91544	1.7924	747.4	-0.0012721	0.00011459	0.12296	supercritical
311.0	443.25	978.89	0.0010216	218.93	264.21	1.0736	0.91555	1.79	749.62	-0.0015587	0.00011496	0.12324	supercritical
311.0	446.5	980.02	0.0010204	218.66	264.22	1.0725	0.91566	1.7876	751.83	-0.0018411	0.00011533	0.12352	supercritical
311.0	449.75	981.14	0.0010192	218.39	264.23	1.0715	0.91576	1.7852	754.04	-0.0021195	0.00011569	0.1238	supercritical
311.0	453.0	982.25	0.0010181	218.12	264.24	1.0705	0.91587	1.7829	756.22	-0.002394	0.00011606	0.12408	supercritical
311.0	456.25	983.35	0.0010169	217.86	264.26	1.0695	0.91598	1.7806	758.4	-0.0026647	0.00011642	0.12436	supercritical
311.0	459.5	984.45	0.0010158	217.6	264.27	1.0684	0.91609	1.7784	760.57	-0.0029316	0.00011679	0.12464	supercritical
311.0	462.75	985.53	0.0010147	217.34	264.29	1.0674	0.9162	1.7762	762.72	-0.0031949	0.00011715	0.12492	supercritical
311.0	466.0	986.61	0.0010136	217.08	264.31	1.0664	0.91631	1.774	764.87	-0.0034546	0.00011751	0.12519	supercritical
311.0	469.25	987.68	0.0010125	216.82	264.33	1.0655	0.91643	1.7718	767.0	-0.0037107	0.00011787	0.12547	supercritical
311.0	472.5	988.75	0.0010114	216.56	264.35	1.0645	0.91654	1.7697	769.12	-0.0039635	0.00011823	0.12574	supercritical
311.0	475.75	989.81	0.0010103	216.31	264.38	1.0635	0.91665	1.7676	771.23	-0.0042129	0.00011859	0.12601	supercritical
311.0	479.0	990.86	0.0010092	216.06	264.4	1.0625	0.91677	1.7656	773.33	-0.0044589	0.00011894	0.12629	supercritical
311.0	482.25	991.9	0.0010082	215.81	264.43	1.0615	0.91689	1.7635	775.42	-0.0047018	0.0001193	0.12656	supercritical
311.0	485.5	992.94	0.0010071	215.56	264.45	1.0606	0.917	1.7615	777.5	-0.0049415	0.00011965	0.12683	supercritical
311.0	488.75	993.96	0.0010061	215.31	264.48	1.0596	0.91712	1.7595	779.57	-0.0051781	0.00012001	0.12709	supercritical
311.0	492.0	994.99	0.001005	215.07	264.51	1.0587	0.91724	1.7576	781.63	-0.0054116	0.00012036	0.12736	supercritical
311.0	495.25	996.0	0.001004	214.82	264.55	1.0577	0.91736	1.7556	783.68	-0.0056422	0.00012071	0.12763	supercritical
311.0	498.5	997.01	0.001003	214.58	264.58	1.0568	0.91748	1.7537	785.72	-0.0058698	0.00012107	0.12789	supercritical
311.0	501.75	998.02	0.001002	214.34	264.61	1.0558	0.9176	1.7519	787.75	-0.0060946	0.00012142	0.12816	supercritical
311.0	505.0	999.01	0.001001	214.1	264.65	1.0549	0.91772	1.75	789.77	-0.0063166	0.00012177	0.12842	supercritical
311.0	508.25	1000.0	0.001	213.86	264.68	1.054	0.91784	1.7482	791.78	-0.0065358	0.00012211	0.12868	supercritical
311.0	511.5	1001.0	0.00099901	213.62	264.72	1.0531	0.91796	1.7464	793.79	-0.0067523	0.00012246	0.12895	supercritical
311.0	514.75	1002.0	0.00099804	213.39	264.76	1.0521	0.91808	1.7446	795.78	-0.0069662	0.00012281	0.12921	supercritical
311.0	518.0	1002.9	0.00099707	213.15	264.8	1.0512	0.91821	1.7428	797.76	-0.0071775	0.00012316	0.12947	supercritical
311.0	521.25	1003.9	0.00099611	212.92	264.84	1.0503	0.91833	1.7411	799.74	-0.0073862	0.0001235	0.12973	supercritical
311.0	524.5	1004.9	0.00099516	212.69	264.88	1.0494	0.91845	1.7393	801.71	-0.0075924	0.00012385	0.12998	supercritical
311.0	527.75	1005.8	0.00099421	212.46	264.93	1.0485	0.91858	1.7376	803.66	-0.0077962	0.00012419	0.13024	supercritical
311.0	531.0	1006.8	0.00099328	212.23	264.97	1.0476	0.9187	1.736	805.61	-0.0079975	0.00012453	0.1305	supercritical
311.0	534.25	1007.7	0.00099235	212.0	265.02	1.0467	0.91883	1.7343	807.55	-0.0081965	0.00012488	0.13075	supercritical
311.0	537.5	1008.6	0.00099142	211.78	265.07	1.0458	0.91896	1.7327	809.49	-0.0083931	0.00012522	0.13101	supercritical
311.0	540.75	1009.6	0.00099051	211.55	265.11	1.045	0.91908	1.731	811.41	-0.0085875	0.00012556	0.13126	supercritical
311.0	544.0	1010.5	0.0009896	211.33	265.16	1.0441	0.91921	1.7294	813.32	-0.0087796	0.0001259	0.13152	supercritical
311.0	547.25	1011.4	0.0009887	211.11	265.21	1.0432	0.91934	1.7278	815.23	-0.0089695	0.00012624	0.13177	supercritical
311.0	550.5	1012.3	0.0009878	210.88	265.26	1.0423	0.91947	1.7263	817.13	-0.0091572	0.00012658	0.13202	supercritical
311.0	553.75	1013.3	0.00098691	210.66	265.31	1.0415	0.91959	1.7247	819.02	-0.0093428	0.00012691	0.13227	supercritical
311.0	557.0	1014.2	0.00098603	210.45	265.37	1.0406	0.91972	1.7232	820.9	-0.0095263	0.00012725	0.13252	supercritical
311.0	560.25	1015.1	0.00098516	210.23	265.42	1.0398	0.91985	1.7217	822.78	-0.0097077	0.00012759	0.13277	supercritical
311.0	563.5	1016.0	0.00098429	210.01	265.48	1.0389	0.91998	1.7202	824.65	-0.0098872	0.00012792	0.13302	supercritical
311.0	566.75	1016.9	0.00098343	209.8	265.53	1.038	0.92011	1.7187	826.51	-0.010065	0.00012826	0.13327	supercritical
311.0	570.0	1017.7	0.00098257	209.58	265.59	1.0372	0.92024	1.7173	828.36	-0.01024	0.00012859	0.13351	supercritical
311.0	573.25	1018.6	0.00098172	209.37	265.65	1.0364	0.92037	1.7158	830.2	-0.010414	0.00012893	0.13376	supercritical
311.0	576.5	1019.5	0.00098088	209.16	265.7	1.0355	0.92051	1.7144	832.04	-0.010585	0.00012926	0.134	supercritical
311.0	579.75	1020.4	0.00098004	208.95	265.76	1.0347	0.92064	1.713	833.87	-0.010755	0.00012959	0.13425	supercritical
311.0	583.0	1021.2	0.0009792	208.74	265.82	1.0339	0.92077	1.7116	835.69	-0.010923	0.00012993	0.13449	supercritical
311.0	586.25	1022.1	0.00097838	208.53	265.89	1.033	0.9209	1.7102	837.51	-0.011089	0.00013026	0.13474	supercritical
311.0	589.5	1023.0	0.00097756	208.32	265.95	1.0322	0.92104	1.7088	839.32	-0.011254	0.00013059	0.13498	supercritical
311.0	592.75	1023.8	0.00097674	208.11	266.01	1.0314	0.92117	1.7075	841.12	-0.011416	0.00013092	0.13522	supercritical
311.0	596.0	1024.7	0.00097593	207.91	266.07	1.0306	0.9213	1.7061	842.91	-0.011577	0.00013125	0.13546	supercritical
311.0	599.25	1025.5	0.00097513	207.7	266.14	1.0298	0.92144	1.7048	844.7	-0.011737	0.00013158	0.1357	supercritical
311.0	602.5	1026.3	0.00097433	207.5	266.2	1.029	0.92157	1.7035	846.48	-0.011894	0.00013191	0.13594	supercritical
311.0	605.75	1027.2	0.00097354	207.3	266.27	1.0282	0.92171	1.7022	848.26	-0.01205	0.00013223	0.13618	supercritical
311.0	609.0	1028.0	0.00097275	207.1	266.34	1.0274	0.92184	1.7009	850.02	-0.012205	0.00013256	0.13642	supercritical
311.0	612.25	1028.8	0.00097197	206.9	266.41	1.0266	0.92198	1.6996	851.78	-0.012357	0.00013289	0.13666	supercritical
311.0	615.5	1029.7	0.00097119	206.7	266.47	1.0258	0.92211	1.6984	853.54	-0.012509	0.00013321	0.1369	supercritical
311.0	618.75	1030.5	0.00097042	206.5	266.54	1.025	0.92225	1.6971	855.28	-0.012658	0.00013354	0.13713	supercritical
311.0	622.0	1031.3	0.00096965	206.3	266.61	1.0242	0.92238	1.6959	857.02	-0.012807	0.00013386	0.13737	supercritical
311.0	625.25	1032.1	0.00096889	206.1	266.68	1.0234	0.92252	1.6947	858.76	-0.012953	0.00013419	0.1376	supercritical
311.0	628.5	1032.9	0.00096813	205.91	266.76	1.0226	0.92266	1.6935	860.49	-0.013098	0.00013451	0.13784	supercritical
311.0	631.75	1033.7	0.00096738	205.71	266.83	1.0218	0.92279	1.6923	862.21	-0.013242	0.00013484	0.13807	supercritical
311.0	635.0	1034.5	0.00096663	205.52	266.9	1.0211	0.92293	1.6911	863.92	-0.013385	0.00013516	0.13831	supercritical
311.0	638.25	1035.3	0.00096589	205.33	266.98	1.0203	0.92307	1.6899	865.63	-0.013526	0.00013548	0.13854	supercritical
311.0	641.5	1036.1	0.00096515	205.14	267.05	1.0195	0.92321	1.6888	867.33	-0.013665	0.0001358	0.13877	supercritical
311.0	644.75	1036.9	0.00096441	204.95	267.13	1.0188	0.92335	1.6876	869.03	-0.013803	0.00013612	0.139	supercritical
311.0	648.0	1037.7	0.00096368	204.76	267.2	1.018	0.92348	1.6865	870.72	-0.01394	0.00013645	0.13923	supercritical
311.0	651.25	1038.5	0.00096296	204.57	267.28	1.0172	0.92362	1.6854	872.41	-0.014076	0.00013677	0.13946	supercritical
311.0	654.5	1039.2	0.00096224	204.38	267.36	1.0165	0.92376	1.6843	874.09	-0.01421	0.00013709	0.13969	supercritical
311.0	657.75	1040.0	0.00096152	204.19	267.43	1.0157	0.9239	1.6831	875.76	-0.014343	0.0001374	0.13992	supercritical
311.0	661.0	1040.8	0.00096081	204.0	267.51	1.015	0.92404	1.6821	877.43	-0.014475	0.00013772	0.14015	supercritical
311.0	664.25	1041.6	0.0009601	203.82	267.59	1.0142	0.92418	1.681	879.09	-0.014605	0.00013804	0.14038	supercritical
311.0	667.5	1042.3	0.0009594	203.63	267.67	1.0135	0.92432	1.6799	880.74	-0.014735	0.00013836	0.14061	supercritical
311.0	670.75	1043.1	0.0009587	203.45	267.75	1.0127	0.92446	1.6788	882.39	-0.014863	0.00013868	0.14084	supercritical
311.0	674.0	1043.8	0.00095801	203.27	267.83	1.012	0.9246	1.6778	884.04	-0.01499	0.00013899	0.14106	supercritical
311.0	677.25	1044.6	0.00095732	203.08	267.92	1.0113	0.92474	1.6767	885.68	-0.015115	0.00013931	0.14129	supercritical
311.0	680.5	1045.3	0.00095663	202.9	268.0	1.0105	0.92488	1.6757	887.31	-0.01524	0.00013963	0.14151	supercritical
311.0	683.75	1046.1	0.00095595	202.72	268.08	1.0098	0.92502	1.6747	888.94	-0.015363	0.00013994	0.14174	supercritical
311.0	687.0	1046.8	0.00095527	202.54	268.17	1.0091	0.92517	1.6737	890.56	-0.015485	0.00014026	0.14196	supercritical
311.0	690.25	1047.6	0.00095459	202.36	268.25	1.0083	0.92531	1.6727	892.18	-0.015607	0.00014057	0.14219	supercritical
311.0	693.5	1048.3	0.00095392	202.18	268.34	1.0076	0.92545	1.6717	893.79	-0.015727	0.00014089	0.14241	supercritical
311.0	696.75	1049.0	0.00095326	202.0	268.42	1.0069	0.92559	1.6707	895.39	-0.015846	0.0001412	0.14263	supercritical
311.0	700.0	1049.8	0.00095259	201.83	268.51	1.0062	0.92573	1.6697	896.99	-0.015963	0.00014152	0.14286	supercritical
311.0	703.25	1050.5	0.00095194	201.65	268.6	1.0055	0.92587	1.6687	898.59	-0.01608	0.00014183	0.14308	supercritical
311.0	706.5	1051.2	0.00095128	201.48	268.68	1.0047	0.92602	1.6678	900.18	-0.016196	0.00014214	0.1433	supercritical
311.0	709.75	1051.9	0.00095063	201.3	268.77	1.004	0.92616	1.6668	901.77	-0.016311	0.00014245	0.14352	supercritical
311.0	713.0	1052.7	0.00094998	201.13	268.86	1.0033	0.9263	1.6659	903.35	-0.016425	0.00014277	0.14374	supercritical
311.0	716.25	1053.4	0.00094933	200.95	268.95	1.0026	0.92645	1.665	904.92	-0.016537	0.00014308	0.14396	supercritical
311.0	719.5	1054.1	0.00094869	200.78	269.04	1.0019	0.92659	1.664	906.49	-0.016649	0.00014339	0.14418	supercritical
311.0	722.75	1054.8	0.00094806	200.61	269.13	1.0012	0.92673	1.6631	908.06	-0.01676	0.0001437	0.1444	supercritical
311.0	726.0	1055.5	0.00094742	200.44	269.22	1.0005	0.92688	1.6622	909.62	-0.01687	0.00014401	0.14462	supercritical
311.0	729.25	1056.2	0.00094679	200.27	269.31	0.99982	0.92702	1.6613	911.17	-0.016979	0.00014432	0.14484	supercritical
311.0	732.5	1056.9	0.00094616	200.1	269.4	0.99913	0.92716	1.6604	912.72	-0.017086	0.00014463	0.14505	supercritical
311.0	735.75	1057.6	0.00094554	199.93	269.5	0.99844	0.92731	1.6595	914.27	-0.017193	0.00014494	0.14527	supercritical
311.0	739.0	1058.3	0.00094492	199.76	269.59	0.99775	0.92745	1.6586	915.81	-0.0173	0.00014525	0.14549	supercritical
311.0	742.25	1059.0	0.0009443	199.59	269.68	0.99706	0.9276	1.6578	917.34	-0.017405	0.00014555	0.1457	supercritical
311.0	745.5	1059.7	0.00094369	199.42	269.78	0.99638	0.92774	1.6569	918.87	-0.017509	0.00014586	0.14592	supercritical
311.0	748.75	1060.4	0.00094308	199.26	269.87	0.9957	0.92789	1.656	920.4	-0.017612	0.00014617	0.14614	supercritical
311.0	752.0	1061.0	0.00094247	199.09	269.97	0.99502	0.92803	1.6552	921.92	-0.017715	0.00014648	0.14635	supercritical
311.0	755.25	1061.7	0.00094187	198.93	270.06	0.99434	0.92818	1.6544	923.44	-0.017817	0.00014678	0.14657	supercritical
311.0	758.5	1062.4	0.00094127	198.76	270.16	0.99367	0.92832	1.6535	924.95	-0.017918	0.00014709	0.14678	supercritical
311.0	761.75	1063.1	0.00094067	198.6	270.25	0.99299	0.92847	1.6527	926.46	-0.018018	0.0001474	0.14699	supercritical
311.0	765.0	1063.7	0.00094007	198.44	270.35	0.99232	0.92861	1.6519	927.96	-0.018117	0.0001477	0.14721	supercritical
311.0	768.25	1064.4	0.00093948	198.27	270.45	0.99165	0.92876	1.6511	929.46	-0.018215	0.00014801	0.14742	supercritical
311.0	771.5	1065.1	0.00093889	198.11	270.55	0.99099	0.92891	1.6502	930.96	-0.018313	0.00014831	0.14763	supercritical
311.0	774.75	1065.7	0.00093831	197.95	270.64	0.99032	0.92905	1.6494	932.45	-0.01841	0.00014862	0.14784	supercritical
311.0	778.0	1066.4	0.00093772	197.79	270.74	0.98966	0.9292	1.6487	933.93	-0.018506	0.00014892	0.14805	supercritical
311.0	781.25	1067.1	0.00093714	197.63	270.84	0.989	0.92934	1.6479	935.41	-0.018601	0.00014923	0.14827	supercritical
311.0	784.5	1067.7	0.00093657	197.47	270.94	0.98834	0.92949	1.6471	936.89	-0.018695	0.00014953	0.14848	supercritical
311.0	787.75	1068.4	0.00093599	197.31	271.04	0.98769	0.92964	1.6463	938.36	-0.018789	0.00014984	0.14869	supercritical
311.0	791.0	1069.0	0.00093542	197.15	271.14	0.98703	0.92978	1.6455	939.83	-0.018882	0.00015014	0.1489	supercritical
311.0	794.25	1069.7	0.00093485	196.99	271.25	0.98638	0.92993	1.6448	941.3	-0.018974	0.00015044	0.14911	supercritical
311.0	797.5	1070.3	0.00093429	196.84	271.35	0.98573	0.93008	1.644	942.76	-0.019065	0.00015074	0.14932	supercritical
311.0	800.75	1071.0	0.00093373	196.68	271.45	0.98508	0.93023	1.6433	944.21	-0.019156	0.00015105	0.14952	supercritical
311.0	804.0	1071.6	0.00093317	196.53	271.55	0.98444	0.93037	1.6425	945.66	-0.019246	0.00015135	0.14973	supercritical
311.0	807.25	1072.3	0.00093261	196.37	271.65	0.98379	0.93052	1.6418	947.11	-0.019335	0.00015165	0.14994	supercritical
311.0	810.5	1072.9	0.00093205	196.21	271.76	0.98315	0.93067	1.6411	948.56	-0.019424	0.00015195	0.15015	supercritical
311.0	813.75	1073.5	0.0009315	196.06	271.86	0.98251	0.93082	1.6403	949.99	-0.019512	0.00015225	0.15035	supercritical
311.0	817.0	1074.2	0.00093095	195.91	271.97	0.98187	0.93096	1.6396	951.43	-0.019599	0.00015255	0.15056	supercritical
311.0	820.25	1074.8	0.00093041	195.75	272.07	0.98124	0.93111	1.6389	952.86	-0.019686	0.00015285	0.15077	supercritical
311.0	823.5	1075.4	0.00092986	195.6	272.18	0.9806	0.93126	1.6382	954.29	-0.019772	0.00015315	0.15097	supercritical
311.0	826.75	1076.1	0.00092932	195.45	272.28	0.97997	0.93141	1.6375	955.71	-0.019857	0.00015345	0.15118	supercritical
311.0	830.0	1076.7	0.00092878	195.3	272.39	0.97934	0.93156	1.6368	957.13	-0.019941	0.00015375	0.15138	supercritical
311.0	833.25	1077.3	0.00092824	195.15	272.49	0.97871	0.93171	1.6361	958.55	-0.020025	0.00015405	0.15159	supercritical
311.0	836.5	1077.9	0.00092771	195.0	272.6	0.97809	0.93185	1.6354	959.96	-0.020109	0.00015435	0.15179	supercritical
311.0	839.75	1078.5	0.00092718	194.85	272.71	0.97746	0.932	1.6347	961.37	-0.020191	0.00015465	0.152	supercritical
311.0	843.0	1079.2	0.00092665	194.7	272.81	0.97684	0.93215	1.634	962.77	-0.020273	0.00015495	0.1522	supercritical
311.0	846.25	1079.8	0.00092612	194.55	272.92	0.97622	0.9323	1.6334	964.17	-0.020355	0.00015525	0.15241	supercritical
311.0	849.5	1080.4	0.0009256	194.4	273.03	0.9756	0.93245	1.6327	965.56	-0.020436	0.00015555	0.15261	supercritical
311.0	852.75	1081.0	0.00092508	194.25	273.14	0.97498	0.9326	1.632	966.96	-0.020516	0.00015584	0.15281	supercritical
311.0	856.0	1081.6	0.00092456	194.11	273.25	0.97436	0.93275	1.6314	968.35	-0.020595	0.00015614	0.15301	supercritical
311.0	859.25	1082.2	0.00092404	193.96	273.36	0.97375	0.9329	1.6307	969.73	-0.020674	0.00015644	0.15322	supercritical
311.0	862.5	1082.8	0.00092353	193.81	273.47	0.97314	0.93305	1.6301	971.11	-0.020753	0.00015674	0.15342	supercritical
311.0	865.75	1083.4	0.00092301	193.67	273.58	0.97253	0.9332	1.6294	972.49	-0.020831	0.00015703	0.15362	supercritical
311.0	869.0	1084.0	0.0009225	193.52	273.69	0.97192	0.93335	1.6288	973.86	-0.020908	0.00015733	0.15382	supercritical
311.0	872.25	1084.6	0.000922	193.38	273.8	0.97131	0.9335	1.6282	975.23	-0.020985	0.00015762	0.15402	supercritical
311.0	875.5	1085.2	0.00092149	193.23	273.91	0.9707	0.93364	1.6275	976.6	-0.021061	0.00015792	0.15422	supercritical
311.0	878.75	1085.8	0.00092099	193.09	274.02	0.9701	0.93379	1.6269	977.96	-0.021137	0.00015822	0.15442	supercritical
311.0	882.0	1086.4	0.00092049	192.95	274.13	0.9695	0.93394	1.6263	979.32	-0.021212	0.00015851	0.15462	supercritical
311.0	885.25	1087.0	0.00091999	192.8	274.25	0.9689	0.93409	1.6257	980.68	-0.021286	0.00015881	0.15482	supercritical
311.0	888.5	1087.6	0.00091949	192.66	274.36	0.9683	0.93425	1.6251	982.03	-0.02136	0.0001591	0.15502	supercritical
311.0	891.75	1088.1	0.000919	192.52	274.47	0.9677	0.9344	1.6244	983.38	-0.021434	0.0001594	0.15522	supercritical
311.0	895.0	1088.7	0.0009185	192.38	274.58	0.96711	0.93455	1.6238	984.73	-0.021506	0.00015969	0.15542	supercritical
311.0	898.25	1089.3	0.00091801	192.24	274.7	0.96651	0.9347	1.6232	986.07	-0.021579	0.00015998	0.15561	supercritical
311.0	901.5	1089.9	0.00091753	192.1	274.81	0.96592	0.93485	1.6227	987.41	-0.021651	0.00016028	0.15581	supercritical
311.0	904.75	1090.5	0.00091704	191.96	274.93	0.96533	0.935	1.6221	988.74	-0.021722	0.00016057	0.15601	supercritical
311.0	908.0	1091.0	0.00091656	191.82	275.04	0.96474	0.93515	1.6215	990.07	-0.021793	0.00016087	0.15621	supercritical
311.0	911.25	1091.6	0.00091607	191.68	275.16	0.96415	0.9353	1.6209	991.4	-0.021863	0.00016116	0.1564	supercritical
311.0	914.5	1092.2	0.00091559	191.54	275.27	0.96357	0.93545	1.6203	992.73	-0.021933	0.00016145	0.1566	supercritical
311.0	917.75	1092.8	0.00091512	191.4	275.39	0.96298	0.9356	1.6197	994.05	-0.022003	0.00016174	0.1568	supercritical
311.0	921.0	1093.3	0.00091464	191.27	275.5	0.9624	0.93575	1.6192	995.37	-0.022072	0.00016204	0.157	supercritical
311.0	924.25	1093.9	0.00091417	191.13	275.62	0.96182	0.9359	1.6186	996.68	-0.02214	0.00016233	0.15719	supercritical
311.0	927.5	1094.5	0.00091369	190.99	275.74	0.96124	0.93605	1.6181	997.99	-0.022208	0.00016262	0.15739	supercritical
311.0	930.75	1095.0	0.00091322	190.86	275.85	0.96066	0.93621	1.6175	999.3	-0.022275	0.00016291	0.15758	supercritical
311.0	934.0	1095.6	0.00091276	190.72	275.97	0.96008	0.93636	1.6169	1000.6	-0.022342	0.0001632	0.15778	supercritical
311.0	937.25	1096.1	0.00091229	190.58	276.09	0.9595	0.93651	1.6164	1001.9	-0.022409	0.0001635	0.15798	supercritical
311.0	940.5	1096.7	0.00091183	190.45	276.21	0.95893	0.93666	1.6158	1003.2	-0.022475	0.00016379	0.15817	supercritical
311.0	943.75	1097.3	0.00091136	190.31	276.32	0.95836	0.93681	1.6153	1004.5	-0.022541	0.00016408	0.15837	supercritical
311.0	947.0	1097.8	0.0009109	190.18	276.44	0.95779	0.93696	1.6148	1005.8	-0.022606	0.00016437	0.15856	supercritical
311.0	950.25	1098.4	0.00091045	190.05	276.56	0.95722	0.93712	1.6142	1007.1	-0.022671	0.00016466	0.15875	supercritical
311.0	953.5	1098.9	0.00090999	189.91	276.68	0.95665	0.93727	1.6137	1008.4	-0.022735	0.00016495	0.15895	supercritical
311.0	956.75	1099.5	0.00090953	189.78	276.8	0.95608	0.93742	1.6132	1009.7	-0.022799	0.00016524	0.15914	supercritical
311.0	960.0	1100.0	0.00090908	189.65	276.92	0.95552	0.93757	1.6127	1010.9	-0.022862	0.00016553	0.15934	supercritical
311.0	963.25	1100.6	0.00090863	189.52	277.04	0.95495	0.93772	1.6121	1012.2	-0.022925	0.00016582	0.15953	supercritical
311.0	966.5	1101.1	0.00090818	189.38	277.16	0.95439	0.93788	1.6116	1013.5	-0.022988	0.00016611	0.15972	supercritical
311.0	969.75	1101.6	0.00090773	189.25	277.28	0.95383	0.93803	1.6111	1014.8	-0.02305	0.0001664	0.15991	supercritical
311.0	973.0	1102.2	0.00090729	189.12	277.4	0.95327	0.93818	1.6106	1016.0	-0.023112	0.00016669	0.16011	supercritical
311.0	976.25	1102.7	0.00090684	188.99	277.52	0.95271	0.93833	1.6101	1017.3	-0.023173	0.00016698	0.1603	supercritical
311.0	979.5	1103.3	0.0009064	188.86	277.64	0.95215	0.93848	1.6096	1018.6	-0.023234	0.00016726	0.16049	supercritical
311.0	982.75	1103.8	0.00090596	188.73	277.77	0.9516	0.93864	1.6091	1019.8	-0.023295	0.00016755	0.16068	supercritical
311.0	986.0	1104.3	0.00090552	188.6	277.89	0.95104	0.93879	1.6086	1021.1	-0.023355	0.00016784	0.16087	supercritical
311.0	989.25	1104.9	0.00090508	188.47	278.01	0.95049	0.93894	1.6081	1022.3	-0.023415	0.00016813	0.16106	supercritical
311.0	992.5	1105.4	0.00090465	188.35	278.13	0.94994	0.93909	1.6076	1023.6	-0.023474	0.00016842	0.16125	supercritical
311.0	995.75	1105.9	0.00090422	188.22	278.25	0.94939	0.93925	1.6071	1024.8	-0.023533	0.00016871	0.16144	supercritical
311.0	999.0	1106.5	0.00090378	188.09	278.38	0.94884	0.9394	1.6066	1026.1	-0.023592	0.00016899	0.16163	supercritical
311.0	1002.2	1107.0	0.00090335	187.96	278.5	0.94829	0.93955	1.6062	1027.3	-0.02365	0.00016928	0.16182	supercritical
311.0	1005.5	1107.5	0.00090292	187.84	278.62	0.94774	0.93971	1.6057	1028.5	-0.023708	0.00016957	0.16201	supercritical
311.0	1008.8	1108.0	0.0009025	187.71	278.75	0.9472	0.93986	1.6052	1029.8	-0.023765	0.00016985	0.1622	supercritical
311.0	1012.0	1108.6	0.00090207	187.58	278.87	0.94666	0.94001	1.6048	1031.0	-0.023822	0.00017014	0.16239	supercritical
311.0	1015.2	1109.1	0.00090165	187.46	279.0	0.94611	0.94016	1.6043	1032.2	-0.023879	0.00017043	0.16258	supercritical
311.0	1018.5	1109.6	0.00090122	187.33	279.12	0.94557	0.94032	1.6038	1033.5	-0.023936	0.00017071	0.16277	supercritical
311.0	1021.8	1110.1	0.0009008	187.21	279.25	0.94503	0.94047	1.6034	1034.7	-0.023992	0.000171	0.16296	supercritical
311.0	1025.0	1110.6	0.00090038	187.08	279.37	0.94449	0.94062	1.6029	1035.9	-0.024047	0.00017129	0.16314	supercritical
311.0	1028.2	1111.2	0.00089997	186.96	279.5	0.94396	0.94078	1.6024	1037.1	-0.024103	0.00017157	0.16333	supercritical
311.0	1031.5	1111.7	0.00089955	186.83	279.62	0.94342	0.94093	1.602	1038.4	-0.024158	0.00017186	0.16352	supercritical
311.0	1034.8	1112.2	0.00089914	186.71	279.75	0.94288	0.94108	1.6015	1039.6	-0.024212	0.00017214	0.16371	supercritical
311.0	1038.0	1112.7	0.00089872	186.59	279.88	0.94235	0.94124	1.6011	1040.8	-0.024266	0.00017243	0.16389	supercritical
311.0	1041.2	1113.2	0.00089831	186.46	280.0	0.94182	0.94139	1.6007	1042.0	-0.02432	0.00017272	0.16408	supercritical
311.0	1044.5	1113.7	0.0008979	186.34	280.13	0.94129	0.94154	1.6002	1043.2	-0.024374	0.000173	0.16427	supercritical
311.0	1047.8	1114.2	0.00089749	186.22	280.25	0.94076	0.9417	1.5998	1044.4	-0.024427	0.00017329	0.16445	supercritical
311.0	1051.0	1114.7	0.00089709	186.1	280.38	0.94023	0.94185	1.5993	1045.6	-0.02448	0.00017357	0.16464	supercritical
311.0	1054.2	1115.2	0.00089668	185.98	280.51	0.9397	0.942	1.5989	1046.8	-0.024533	0.00017385	0.16482	supercritical
311.0	1057.5	1115.7	0.00089628	185.86	280.64	0.93917	0.94216	1.5985	1048.0	-0.024585	0.00017414	0.16501	supercritical
311.0	1060.8	1116.2	0.00089587	185.73	280.76	0.93865	0.94231	1.5981	1049.2	-0.024637	0.00017442	0.1652	supercritical
311.0	1064.0	1116.7	0.00089547	185.61	280.89	0.93812	0.94247	1.5976	1050.4	-0.024689	0.00017471	0.16538	supercritical
311.0	1067.2	1117.2	0.00089507	185.49	281.02	0.9376	0.94262	1.5972	1051.6	-0.02474	0.00017499	0.16556	supercritical
311.0	1070.5	1117.7	0.00089468	185.37	281.15	0.93708	0.94277	1.5968	1052.7	-0.024791	0.00017528	0.16575	supercritical
311.0	1073.8	1118.2	0.00089428	185.26	281.28	0.93656	0.94293	1.5964	1053.9	-0.024842	0.00017556	0.16593	supercritical
311.0	1077.0	1118.7	0.00089388	185.14	281.41	0.93604	0.94308	1.596	1055.1	-0.024892	0.00017584	0.16612	supercritical
311.0	1080.2	1119.2	0.00089349	185.02	281.54	0.93552	0.94324	1.5956	1056.3	-0.024942	0.00017613	0.1663	supercritical
311.0	1083.5	1119.7	0.0008931	184.9	281.67	0.935	0.94339	1.5951	1057.5	-0.024992	0.00017641	0.16648	supercritical
311.0	1086.8	1120.2	0.00089271	184.78	281.8	0.93449	0.94354	1.5947	1058.6	-0.025041	0.00017669	0.16667	supercritical
311.0	1090.0	1120.7	0.00089232	184.66	281.93	0.93397	0.9437	1.5943	1059.8	-0.02509	0.00017697	0.16685	supercritical
311.0	1093.2	1121.2	0.00089193	184.55	282.06	0.93346	0.94385	1.5939	1061.0	-0.025139	0.00017726	0.16703	supercritical
311.0	1096.5	1121.7	0.00089154	184.43	282.19	0.93295	0.94401	1.5935	1062.1	-0.025188	0.00017754	0.16722	supercritical
311.0	1099.8	1122.1	0.00089115	184.31	282.32	0.93243	0.94416	1.5931	1063.3	-0.025236	0.00017782	0.1674	supercritical
311.0	1103.0	1122.6	0.00089077	184.2	282.45	0.93192	0.94431	1.5927	1064.4	-0.025284	0.0001781	0.16758	supercritical
311.0	1106.2	1123.1	0.00089039	184.08	282.58	0.93141	0.94447	1.5924	1065.6	-0.025332	0.00017839	0.16776	supercritical
311.0	1109.5	1123.6	0.00089	183.96	282.71	0.93091	0.94462	1.592	1066.8	-0.025379	0.00017867	0.16795	supercritical
311.0	1112.8	1124.1	0.00088962	183.85	282.84	0.9304	0.94478	1.5916	1067.9	-0.025426	0.00017895	0.16813	supercritical
311.0	1116.0	1124.6	0.00088924	183.73	282.97	0.92989	0.94493	1.5912	1069.1	-0.025473	0.00017923	0.16831	supercritical
311.0	1119.2	1125.0	0.00088887	183.62	283.1	0.92939	0.94509	1.5908	1070.2	-0.02552	0.00017951	0.16849	supercritical
311.0	1122.5	1125.5	0.00088849	183.5	283.24	0.92888	0.94524	1.5904	1071.3	-0.025566	0.0001798	0.16867	supercritical
311.0	1125.8	1126.0	0.00088811	183.39	283.37	0.92838	0.94539	1.5901	1072.5	-0.025612	0.00018008	0.16885	supercritical
311.0	1129.0	1126.5	0.00088774	183.28	283.5	0.92788	0.94555	1.5897	1073.6	-0.025658	0.00018036	0.16903	supercritical
311.0	1132.2	1126.9	0.00088737	183.16	283.63	0.92738	0.9457	1.5893	1074.8	-0.025704	0.00018064	0.16921	supercritical
311.0	1135.5	1127.4	0.000887	183.05	283.77	0.92688	0.94586	1.5889	1075.9	-0.025749	0.00018092	0.16939	supercritical
311.0	1138.8	1127.9	0.00088662	182.94	283.9	0.92638	0.94601	1.5886	1077.0	-0.025794	0.0001812	0.16957	supercritical
311.0	1142.0	1128.3	0.00088626	182.82	284.03	0.92588	0.94617	1.5882	1078.2	-0.025839	0.00018148	0.16975	supercritical
311.0	1145.2	1128.8	0.00088589	182.71	284.17	0.92538	0.94632	1.5878	1079.3	-0.025883	0.00018176	0.16993	supercritical
311.0	1148.5	1129.3	0.00088552	182.6	284.3	0.92489	0.94648	1.5875	1080.4	-0.025927	0.00018204	0.17011	supercritical
311.0	1151.8	1129.7	0.00088515	182.49	284.43	0.92439	0.94663	1.5871	1081.5	-0.025971	0.00018232	0.17029	supercritical
311.0	1155.0	1130.2	0.00088479	182.38	284.57	0.9239	0.94679	1.5868	1082.7	-0.026015	0.0001826	0.17047	supercritical
311.0	1158.2	1130.7	0.00088443	182.26	284.7	0.92341	0.94694	1.5864	1083.8	-0.026058	0.00018288	0.17065	supercritical
311.0	1161.5	1131.1	0.00088407	182.15	284.84	0.92291	0.9471	1.5861	1084.9	-0.026101	0.00018316	0.17082	supercritical
311.0	1164.8	1131.6	0.0008837	182.04	284.97	0.92242	0.94725	1.5857	1086.0	-0.026144	0.00018344	0.171	supercritical
311.0	1168.0	1132.1	0.00088334	181.93	285.11	0.92193	0.94741	1.5854	1087.1	-0.026187	0.00018372	0.17118	supercritical
311.0	1171.2	1132.5	0.00088299	181.82	285.24	0.92145	0.94756	1.585	1088.2	-0.02623	0.000184	0.17136	supercritical
311.0	1174.5	1133.0	0.00088263	181.71	285.38	0.92096	0.94772	1.5847	1089.4	-0.026272	0.00018428	0.17154	supercritical
311.0	1177.8	1133.4	0.00088227	181.6	285.51	0.92047	0.94787	1.5843	1090.5	-0.026314	0.00018456	0.17171	supercritical
311.0	1181.0	1133.9	0.00088192	181.49	285.65	0.91998	0.94803	1.584	1091.6	-0.026355	0.00018484	0.17189	supercritical
311.0	1184.2	1134.3	0.00088156	181.38	285.78	0.9195	0.94818	1.5836	1092.7	-0.026397	0.00018512	0.17207	supercritical
311.0	1187.5	1134.8	0.00088121	181.28	285.92	0.91902	0.94833	1.5833	1093.8	-0.026438	0.0001854	0.17224	supercritical
311.0	1190.8	1135.3	0.00088086	181.17	286.06	0.91853	0.94849	1.583	1094.9	-0.026479	0.00018567	0.17242	supercritical
311.0	1194.0	1135.7	0.00088051	181.06	286.19	0.91805	0.94864	1.5826	1096.0	-0.02652	0.00018595	0.1726	supercritical
311.0	1197.2	1136.2	0.00088016	180.95	286.33	0.91757	0.9488	1.5823	1097.0	-0.026561	0.00018623	0.17277	supercritical
311.0	1200.5	1136.6	0.00087981	180.84	286.47	0.91709	0.94896	1.582	1098.1	-0.026601	0.00018651	0.17295	supercritical
311.0	1203.8	1137.1	0.00087946	180.74	286.6	0.91661	0.94911	1.5817	1099.2	-0.026641	0.00018679	0.17312	supercritical
311.0	1207.0	1137.5	0.00087912	180.63	286.74	0.91613	0.94927	1.5813	1100.3	-0.026681	0.00018707	0.1733	supercritical
311.0	1210.2	1138.0	0.00087877	180.52	286.88	0.91566	0.94942	1.581	1101.4	-0.026721	0.00018734	0.17348	supercritical
311.0	1213.5	1138.4	0.00087843	180.42	287.01	0.91518	0.94958	1.5807	1102.5	-0.02676	0.00018762	0.17365	supercritical
311.0	1216.8	1138.8	0.00087809	180.31	287.15	0.9147	0.94973	1.5804	1103.6	-0.026799	0.0001879	0.17383	supercritical
311.0	1220.0	1139.3	0.00087774	180.2	287.29	0.91423	0.94989	1.58	1104.6	-0.026838	0.00018818	0.174	supercritical
311.0	1223.2	1139.7	0.0008774	180.1	287.43	0.91376	0.95004	1.5797	1105.7	-0.026877	0.00018846	0.17418	supercritical
311.0	1226.5	1140.2	0.00087706	179.99	287.56	0.91328	0.9502	1.5794	1106.8	-0.026916	0.00018873	0.17435	supercritical
311.0	1229.8	1140.6	0.00087672	179.89	287.7	0.91281	0.95035	1.5791	1107.9	-0.026954	0.00018901	0.17452	supercritical
311.0	1233.0	1141.0	0.00087639	179.78	287.84	0.91234	0.95051	1.5788	1108.9	-0.026992	0.00018929	0.1747	supercritical
311.0	1236.2	1141.5	0.00087605	179.68	287.98	0.91187	0.95066	1.5785	1110.0	-0.02703	0.00018956	0.17487	supercritical
311.0	1239.5	1141.9	0.00087571	179.57	288.12	0.9114	0.95082	1.5782	1111.1	-0.027068	0.00018984	0.17505	supercritical
311.0	1242.8	1142.4	0.00087538	179.47	288.26	0.91093	0.95097	1.5779	1112.1	-0.027106	0.00019012	0.17522	supercritical
311.0	1246.0	1142.8	0.00087505	179.37	288.4	0.91046	0.95113	1.5776	1113.2	-0.027143	0.0001904	0.17539	supercritical
311.0	1249.2	1143.2	0.00087471	179.26	288.54	0.91	0.95128	1.5773	1114.3	-0.02718	0.00019067	0.17557	supercritical
311.0	1252.5	1143.7	0.00087438	179.16	288.68	0.90953	0.95144	1.577	1115.3	-0.027217	0.00019095	0.17574	supercritical
311.0	1255.8	1144.1	0.00087405	179.06	288.82	0.90907	0.95159	1.5767	1116.4	-0.027254	0.00019123	0.17591	supercritical
311.0	1259.0	1144.5	0.00087372	178.95	288.95	0.9086	0.95175	1.5764	1117.4	-0.02729	0.0001915	0.17608	supercritical
311.0	1262.2	1145.0	0.00087339	178.85	289.09	0.90814	0.9519	1.5761	1118.5	-0.027327	0.00019178	0.17626	supercritical
311.0	1265.5	1145.4	0.00087307	178.75	289.23	0.90768	0.95206	1.5758	1119.5	-0.027363	0.00019205	0.17643	supercritical
311.0	1268.8	1145.8	0.00087274	178.65	289.38	0.90722	0.95221	1.5755	1120.6	-0.027399	0.00019233	0.1766	supercritical
311.0	1272.0	1146.2	0.00087241	178.54	289.52	0.90676	0.95237	1.5752	1121.6	-0.027435	0.00019261	0.17677	supercritical
311.0	1275.2	1146.7	0.00087209	178.44	289.66	0.9063	0.95253	1.5749	1122.7	-0.02747	0.00019288	0.17695	supercritical
311.0	1278.5	1147.1	0.00087177	178.34	289.8	0.90584	0.95268	1.5746	1123.7	-0.027506	0.00019316	0.17712	supercritical
311.0	1281.8	1147.5	0.00087144	178.24	289.94	0.90538	0.95284	1.5743	1124.7	-0.027541	0.00019343	0.17729	supercritical
311.0	1285.0	1147.9	0.00087112	178.14	290.08	0.90492	0.95299	1.5741	1125.8	-0.027576	0.00019371	0.17746	supercritical
311.0	1288.2	1148.4	0.0008708	178.04	290.22	0.90447	0.95315	1.5738	1126.8	-0.027611	0.00019398	0.17763	supercritical
311.0	1291.5	1148.8	0.00087048	177.94	290.36	0.90401	0.9533	1.5735	1127.9	-0.027645	0.00019426	0.1778	supercritical
311.0	1294.8	1149.2	0.00087016	177.84	290.5	0.90356	0.95346	1.5732	1128.9	-0.02768	0.00019454	0.17797	supercritical
311.0	1298.0	1149.6	0.00086984	177.74	290.64	0.9031	0.95361	1.5729	1129.9	-0.027714	0.00019481	0.17814	supercritical
311.0	1301.2	1150.1	0.00086953	177.64	290.79	0.90265	0.95377	1.5727	1130.9	-0.027748	0.00019509	0.17831	supercritical
311.0	1304.5	1150.5	0.00086921	177.54	290.93	0.9022	0.95392	1.5724	1132.0	-0.027782	0.00019536	0.17848	supercritical
311.0	1307.8	1150.9	0.00086889	177.44	291.07	0.90175	0.95408	1.5721	1133.0	-0.027816	0.00019564	0.17865	supercritical
311.0	1311.0	1151.3	0.00086858	177.34	291.21	0.9013	0.95423	1.5718	1134.0	-0.02785	0.00019591	0.17882	supercritical
311.0	1314.2	1151.7	0.00086827	177.24	291.35	0.90085	0.95439	1.5716	1135.0	-0.027883	0.00019619	0.17899	supercritical
311.0	1317.5	1152.1	0.00086795	177.14	291.5	0.9004	0.95455	1.5713	1136.1	-0.027916	0.00019646	0.17916	supercritical
311.0	1320.8	1152.6	0.00086764	177.05	291.64	0.89995	0.9547	1.571	1137.1	-0.027949	0.00019673	0.17933	supercritical
311.0	1324.0	1153.0	0.00086733	176.95	291.78	0.8995	0.95486	1.5708	1138.1	-0.027982	0.00019701	0.1795	supercritical
311.0	1327.2	1153.4	0.00086702	176.85	291.92	0.89905	0.95501	1.5705	1139.1	-0.028015	0.00019728	0.17967	supercritical
311.0	1330.5	1153.8	0.00086671	176.75	292.07	0.89861	0.95517	1.5703	1140.1	-0.028047	0.00019756	0.17984	supercritical
311.0	1333.8	1154.2	0.0008664	176.65	292.21	0.89816	0.95532	1.57	1141.1	-0.02808	0.00019783	0.18001	supercritical
311.0	1337.0	1154.6	0.00086609	176.56	292.35	0.89772	0.95548	1.5697	1142.2	-0.028112	0.00019811	0.18018	supercritical
311.0	1340.2	1155.0	0.00086579	176.46	292.5	0.89728	0.95563	1.5695	1143.2	-0.028144	0.00019838	0.18035	supercritical
311.0	1343.5	1155.4	0.00086548	176.36	292.64	0.89683	0.95579	1.5692	1144.2	-0.028176	0.00019865	0.18052	supercritical
311.0	1346.8	1155.8	0.00086518	176.27	292.79	0.89639	0.95595	1.569	1145.2	-0.028208	0.00019893	0.18068	supercritical
311.0	1350.0	1156.2	0.00086487	176.17	292.93	0.89595	0.9561	1.5687	1146.2	-0.028239	0.0001992	0.18085	supercritical
311.0	1353.2	1156.6	0.00086457	176.08	293.07	0.89551	0.95626	1.5685	1147.2	-0.028271	0.00019948	0.18102	supercritical
311.0	1356.5	1157.0	0.00086427	175.98	293.22	0.89507	0.95641	1.5682	1148.2	-0.028302	0.00019975	0.18119	supercritical
311.0	1359.8	1157.5	0.00086397	175.88	293.36	0.89463	0.95657	1.568	1149.2	-0.028333	0.00020002	0.18136	supercritical
311.0	1363.0	1157.9	0.00086367	175.79	293.51	0.89419	0.95672	1.5677	1150.2	-0.028364	0.0002003	0.18152	supercritical
311.0	1366.2	1158.3	0.00086337	175.69	293.65	0.89375	0.95688	1.5675	1151.2	-0.028395	0.00020057	0.18169	supercritical
311.0	1369.5	1158.7	0.00086307	175.6	293.8	0.89332	0.95703	1.5672	1152.1	-0.028425	0.00020084	0.18186	supercritical
311.0	1372.8	1159.1	0.00086277	175.5	293.94	0.89288	0.95719	1.567	1153.1	-0.028456	0.00020112	0.18202	supercritical
311.0	1376.0	1159.5	0.00086247	175.41	294.09	0.89245	0.95734	1.5667	1154.1	-0.028486	0.00020139	0.18219	supercritical
311.0	1379.2	1159.9	0.00086217	175.32	294.23	0.89201	0.9575	1.5665	1155.1	-0.028516	0.00020166	0.18236	supercritical
311.0	1382.5	1160.3	0.00086188	175.22	294.38	0.89158	0.95766	1.5662	1156.1	-0.028546	0.00020193	0.18252	supercritical
311.0	1385.8	1160.7	0.00086158	175.13	294.52	0.89114	0.95781	1.566	1157.1	-0.028576	0.00020221	0.18269	supercritical
311.0	1389.0	1161.0	0.00086129	175.03	294.67	0.89071	0.95797	1.5658	1158.1	-0.028606	0.00020248	0.18286	supercritical
311.0	1392.2	1161.4	0.000861	174.94	294.81	0.89028	0.95812	1.5655	1159.0	-0.028635	0.00020275	0.18302	supercritical
311.0	1395.5	1161.8	0.0008607	174.85	294.96	0.88985	0.95828	1.5653	1160.0	-0.028665	0.00020303	0.18319	supercritical
311.0	1398.8	1162.2	0.00086041	174.75	295.1	0.88942	0.95843	1.5651	1161.0	-0.028694	0.0002033	0.18336	supercritical
311.0	1402.0	1162.6	0.00086012	174.66	295.25	0.88899	0.95859	1.5648	1162.0	-0.028723	0.00020357	0.18352	supercritical
311.0	1405.2	1163.0	0.00085983	174.57	295.4	0.88856	0.95874	1.5646	1162.9	-0.028752	0.00020384	0.18369	supercritical
311.0	1408.5	1163.4	0.00085954	174.48	295.54	0.88813	0.9589	1.5644	1163.9	-0.028781	0.00020412	0.18385	supercritical
311.0	1411.8	1163.8	0.00085925	174.38	295.69	0.88771	0.95905	1.5641	1164.9	-0.028809	0.00020439	0.18402	supercritical
311.0	1415.0	1164.2	0.00085896	174.29	295.84	0.88728	0.95921	1.5639	1165.9	-0.028838	0.00020466	0.18418	supercritical
311.0	1418.2	1164.6	0.00085868	174.2	295.98	0.88685	0.95937	1.5637	1166.8	-0.028866	0.00020493	0.18435	supercritical
311.0	1421.5	1165.0	0.00085839	174.11	296.13	0.88643	0.95952	1.5634	1167.8	-0.028895	0.0002052	0.18451	supercritical
311.0	1424.8	1165.4	0.0008581	174.02	296.28	0.886	0.95968	1.5632	1168.7	-0.028923	0.00020548	0.18468	supercritical
311.0	1428.0	1165.7	0.00085782	173.93	296.42	0.88558	0.95983	1.563	1169.7	-0.028951	0.00020575	0.18484	supercritical
311.0	1431.2	1166.1	0.00085753	173.84	296.57	0.88516	0.95999	1.5628	1170.7	-0.028979	0.00020602	0.18501	supercritical
311.0	1434.5	1166.5	0.00085725	173.74	296.72	0.88473	0.96014	1.5626	1171.6	-0.029006	0.00020629	0.18517	supercritical
311.0	1437.8	1166.9	0.00085697	173.65	296.86	0.88431	0.9603	1.5623	1172.6	-0.029034	0.00020656	0.18534	supercritical
311.0	1441.0	1167.3	0.00085669	173.56	297.01	0.88389	0.96045	1.5621	1173.5	-0.029061	0.00020684	0.1855	supercritical
311.0	1444.2	1167.7	0.00085641	173.47	297.16	0.88347	0.96061	1.5619	1174.5	-0.029089	0.00020711	0.18566	supercritical
311.0	1447.5	1168.1	0.00085612	173.38	297.31	0.88305	0.96076	1.5617	1175.5	-0.029116	0.00020738	0.18583	supercritical
311.0	1450.8	1168.4	0.00085584	173.29	297.45	0.88263	0.96092	1.5615	1176.4	-0.029143	0.00020765	0.18599	supercritical
311.0	1454.0	1168.8	0.00085557	173.2	297.6	0.88221	0.96107	1.5613	1177.4	-0.02917	0.00020792	0.18615	supercritical
311.0	1457.2	1169.2	0.00085529	173.11	297.75	0.88179	0.96123	1.561	1178.3	-0.029196	0.00020819	0.18632	supercritical
311.0	1460.5	1169.6	0.00085501	173.03	297.9	0.88138	0.96139	1.5608	1179.2	-0.029223	0.00020846	0.18648	supercritical
311.0	1463.8	1170.0	0.00085473	172.94	298.05	0.88096	0.96154	1.5606	1180.2	-0.02925	0.00020873	0.18664	supercritical
311.0	1467.0	1170.3	0.00085446	172.85	298.2	0.88055	0.9617	1.5604	1181.1	-0.029276	0.00020901	0.18681	supercritical
311.0	1470.2	1170.7	0.00085418	172.76	298.34	0.88013	0.96185	1.5602	1182.1	-0.029302	0.00020928	0.18697	supercritical
311.0	1473.5	1171.1	0.00085391	172.67	298.49	0.87972	0.96201	1.56	1183.0	-0.029328	0.00020955	0.18713	supercritical
311.0	1476.8	1171.5	0.00085363	172.58	298.64	0.8793	0.96216	1.5598	1184.0	-0.029354	0.00020982	0.18729	supercritical
311.0	1480.0	1171.8	0.00085336	172.49	298.79	0.87889	0.96232	1.5596	1184.9	-0.02938	0.00021009	0.18746	supercritical
311.0	1483.2	1172.2	0.00085308	172.41	298.94	0.87848	0.96247	1.5594	1185.8	-0.029406	0.00021036	0.18762	supercritical
311.0	1486.5	1172.6	0.00085281	172.32	299.09	0.87806	0.96263	1.5592	1186.8	-0.029432	0.00021063	0.18778	supercritical
311.0	1489.8	1173.0	0.00085254	172.23	299.24	0.87765	0.96278	1.559	1187.7	-0.029457	0.0002109	0.18794	supercritical
311.0	1493.0	1173.3	0.00085227	172.14	299.39	0.87724	0.96294	1.5588	1188.6	-0.029483	0.00021117	0.18811	supercritical
311.0	1496.2	1173.7	0.000852	172.06	299.54	0.87683	0.96309	1.5586	1189.6	-0.029508	0.00021144	0.18827	supercritical
311.0	1499.5	1174.1	0.00085173	171.97	299.69	0.87642	0.96325	1.5584	1190.5	-0.029533	0.00021171	0.18843	supercritical
311.0	1502.8	1174.5	0.00085146	171.88	299.84	0.87601	0.9634	1.5582	1191.4	-0.029558	0.00021198	0.18859	supercritical
311.0	1506.0	1174.8	0.00085119	171.8	299.99	0.87561	0.96356	1.558	1192.3	-0.029583	0.00021225	0.18875	supercritical
311.0	1509.2	1175.2	0.00085093	171.71	300.14	0.8752	0.96371	1.5578	1193.3	-0.029608	0.00021252	0.18891	supercritical
311.0	1512.5	1175.6	0.00085066	171.62	300.29	0.87479	0.96387	1.5576	1194.2	-0.029633	0.00021279	0.18907	supercritical
311.0	1515.8	1175.9	0.00085039	171.54	300.44	0.87438	0.96402	1.5574	1195.1	-0.029657	0.00021306	0.18924	supercritical
311.0	1519.0	1176.3	0.00085013	171.45	300.59	0.87398	0.96418	1.5572	1196.0	-0.029682	0.00021333	0.1894	supercritical
311.0	1522.2	1176.7	0.00084986	171.37	300.74	0.87357	0.96434	1.557	1196.9	-0.029706	0.00021361	0.18956	supercritical
311.0	1525.5	1177.0	0.0008496	171.28	300.89	0.87317	0.96449	1.5568	1197.9	-0.02973	0.00021388	0.18972	supercritical
311.0	1528.8	1177.4	0.00084934	171.19	301.04	0.87277	0.96465	1.5566	1198.8	-0.029754	0.00021414	0.18988	supercritical
311.0	1532.0	1177.8	0.00084907	171.11	301.19	0.87236	0.9648	1.5564	1199.7	-0.029778	0.00021441	0.19004	supercritical
311.0	1535.2	1178.1	0.00084881	171.02	301.34	0.87196	0.96496	1.5562	1200.6	-0.029802	0.00021468	0.1902	supercritical
311.0	1538.5	1178.5	0.00084855	170.94	301.49	0.87156	0.96511	1.5561	1201.5	-0.029826	0.00021495	0.19036	supercritical
311.0	1541.8	1178.8	0.00084829	170.85	301.64	0.87116	0.96527	1.5559	1202.4	-0.02985	0.00021522	0.19052	supercritical
311.0	1545.0	1179.2	0.00084803	170.77	301.79	0.87076	0.96542	1.5557	1203.3	-0.029873	0.00021549	0.19068	supercritical
311.0	1548.2	1179.6	0.00084777	170.69	301.94	0.87035	0.96558	1.5555	1204.2	-0.029897	0.00021576	0.19084	supercritical
311.0	1551.5	1179.9	0.00084751	170.6	302.09	0.86996	0.96573	1.5553	1205.1	-0.02992	0.00021603	0.191	supercritical
311.0	1554.8	1180.3	0.00084725	170.52	302.24	0.86956	0.96589	1.5551	1206.0	-0.029943	0.0002163	0.19116	supercritical
311.0	1558.0	1180.6	0.00084699	170.43	302.4	0.86916	0.96604	1.555	1206.9	-0.029966	0.00021657	0.19132	supercritical
311.0	1561.2	1181.0	0.00084673	170.35	302.55	0.86876	0.9662	1.5548	1207.8	-0.029989	0.00021684	0.19148	supercritical
311.0	1564.5	1181.4	0.00084648	170.27	302.7	0.86836	0.96635	1.5546	1208.7	-0.030012	0.00021711	0.19164	supercritical
311.0	1567.8	1181.7	0.00084622	170.18	302.85	0.86797	0.96651	1.5544	1209.6	-0.030035	0.00021738	0.1918	supercritical
311.0	1571.0	1182.1	0.00084597	170.1	303.0	0.86757	0.96666	1.5542	1210.5	-0.030058	0.00021765	0.19195	supercritical
311.0	1574.2	1182.4	0.00084571	170.02	303.15	0.86717	0.96682	1.5541	1211.4	-0.030081	0.00021792	0.19211	supercritical
311.0	1577.5	1182.8	0.00084546	169.94	303.31	0.86678	0.96697	1.5539	1212.3	-0.030103	0.00021819	0.19227	supercritical
311.0	1580.8	1183.1	0.0008452	169.85	303.46	0.86638	0.96712	1.5537	1213.2	-0.030125	0.00021846	0.19243	supercritical
311.0	1584.0	1183.5	0.00084495	169.77	303.61	0.86599	0.96728	1.5535	1214.1	-0.030148	0.00021873	0.19259	supercritical
311.0	1587.2	1183.9	0.0008447	169.69	303.76	0.8656	0.96743	1.5534	1215.0	-0.03017	0.00021899	0.19275	supercritical
311.0	1590.5	1184.2	0.00084445	169.61	303.91	0.8652	0.96759	1.5532	1215.9	-0.030192	0.00021926	0.19291	supercritical
311.0	1593.8	1184.6	0.00084419	169.52	304.07	0.86481	0.96774	1.553	1216.8	-0.030214	0.00021953	0.19306	supercritical
311.0	1597.0	1184.9	0.00084394	169.44	304.22	0.86442	0.9679	1.5528	1217.7	-0.030236	0.0002198	0.19322	supercritical
311.0	1600.2	1185.3	0.00084369	169.36	304.37	0.86403	0.96805	1.5527	1218.6	-0.030258	0.00022007	0.19338	supercritical
311.0	1603.5	1185.6	0.00084344	169.28	304.53	0.86364	0.96821	1.5525	1219.4	-0.030279	0.00022034	0.19354	supercritical
311.0	1606.8	1186.0	0.00084319	169.2	304.68	0.86325	0.96836	1.5523	1220.3	-0.030301	0.00022061	0.1937	supercritical
311.0	1610.0	1186.3	0.00084295	169.12	304.83	0.86286	0.96852	1.5522	1221.2	-0.030322	0.00022088	0.19385	supercritical
311.0	1613.2	1186.7	0.0008427	169.04	304.98	0.86247	0.96867	1.552	1222.1	-0.030344	0.00022114	0.19401	supercritical
311.0	1616.5	1187.0	0.00084245	168.95	305.14	0.86208	0.96883	1.5518	1223.0	-0.030365	0.00022141	0.19417	supercritical
311.0	1619.8	1187.4	0.0008422	168.87	305.29	0.8617	0.96898	1.5517	1223.8	-0.030386	0.00022168	0.19433	supercritical
311.0	1623.0	1187.7	0.00084196	168.79	305.44	0.86131	0.96914	1.5515	1224.7	-0.030407	0.00022195	0.19448	supercritical
311.0	1626.2	1188.1	0.00084171	168.71	305.6	0.86092	0.96929	1.5513	1225.6	-0.030428	0.00022222	0.19464	supercritical
311.0	1629.5	1188.4	0.00084147	168.63	305.75	0.86054	0.96945	1.5512	1226.5	-0.030449	0.00022249	0.1948	supercritical
311.0	1632.8	1188.7	0.00084122	168.55	305.9	0.86015	0.9696	1.551	1227.3	-0.03047	0.00022276	0.19495	supercritical
311.0	1636.0	1189.1	0.00084098	168.47	306.06	0.85977	0.96975	1.5509	1228.2	-0.030491	0.00022302	0.19511	supercritical
311.0	1639.2	1189.4	0.00084074	168.39	306.21	0.85938	0.96991	1.5507	1229.1	-0.030512	0.00022329	0.19527	supercritical
311.0	1642.5	1189.8	0.00084049	168.31	306.37	0.859	0.97006	1.5505	1229.9	-0.030532	0.00022356	0.19542	supercritical
311.0	1645.8	1190.1	0.00084025	168.23	306.52	0.85861	0.97022	1.5504	1230.8	-0.030553	0.00022383	0.19558	supercritical
311.0	1649.0	1190.5	0.00084001	168.16	306.67	0.85823	0.97037	1.5502	1231.7	-0.030573	0.0002241	0.19574	supercritical
311.0	1652.2	1190.8	0.00083977	168.08	306.83	0.85785	0.97053	1.5501	1232.5	-0.030593	0.00022436	0.19589	supercritical
311.0	1655.5	1191.1	0.00083953	168.0	306.98	0.85747	0.97068	1.5499	1233.4	-0.030613	0.00022463	0.19605	supercritical
311.0	1658.8	1191.5	0.00083929	167.92	307.14	0.85709	0.97084	1.5498	1234.3	-0.030634	0.0002249	0.19621	supercritical
311.0	1662.0	1191.8	0.00083905	167.84	307.29	0.85671	0.97099	1.5496	1235.1	-0.030654	0.00022517	0.19636	supercritical
311.0	1665.2	1192.2	0.00083881	167.76	307.44	0.85633	0.97114	1.5494	1236.0	-0.030673	0.00022544	0.19652	supercritical
311.0	1668.5	1192.5	0.00083857	167.68	307.6	0.85595	0.9713	1.5493	1236.8	-0.030693	0.0002257	0.19667	supercritical
311.0	1671.8	1192.8	0.00083833	167.61	307.75	0.85557	0.97145	1.5491	1237.7	-0.030713	0.00022597	0.19683	supercritical
311.0	1675.0	1193.2	0.00083809	167.53	307.91	0.85519	0.97161	1.549	1238.6	-0.030733	0.00022624	0.19698	supercritical
311.0	1678.2	1193.5	0.00083786	167.45	308.06	0.85481	0.97176	1.5488	1239.4	-0.030752	0.00022651	0.19714	supercritical
311.0	1681.5	1193.9	0.00083762	167.37	308.22	0.85443	0.97192	1.5487	1240.3	-0.030772	0.00022678	0.19729	supercritical
311.0	1684.8	1194.2	0.00083738	167.29	308.37	0.85406	0.97207	1.5485	1241.1	-0.030791	0.00022704	0.19745	supercritical
311.0	1688.0	1194.5	0.00083715	167.22	308.53	0.85368	0.97222	1.5484	1242.0	-0.030811	0.00022731	0.19761	supercritical
311.0	1691.2	1194.9	0.00083691	167.14	308.68	0.8533	0.97238	1.5482	1242.8	-0.03083	0.00022758	0.19776	supercritical
311.0	1694.5	1195.2	0.00083668	167.06	308.84	0.85293	0.97253	1.5481	1243.7	-0.030849	0.00022785	0.19792	supercritical
311.0	1697.8	1195.5	0.00083645	166.99	308.99	0.85255	0.97269	1.5479	1244.5	-0.030868	0.00022811	0.19807	supercritical
311.0	1701.0	1195.9	0.00083621	166.91	309.15	0.85218	0.97284	1.5478	1245.4	-0.030887	0.00022838	0.19822	supercritical
311.0	1704.2	1196.2	0.00083598	166.83	309.3	0.8518	0.97299	1.5477	1246.2	-0.030906	0.00022865	0.19838	supercritical
311.0	1707.5	1196.5	0.00083575	166.76	309.46	0.85143	0.97315	1.5475	1247.1	-0.030925	0.00022892	0.19853	supercritical
311.0	1710.8	1196.9	0.00083552	166.68	309.61	0.85106	0.9733	1.5474	1247.9	-0.030943	0.00022918	0.19869	supercritical
311.0	1714.0	1197.2	0.00083528	166.6	309.77	0.85068	0.97346	1.5472	1248.7	-0.030962	0.00022945	0.19884	supercritical
311.0	1717.2	1197.5	0.00083505	166.53	309.93	0.85031	0.97361	1.5471	1249.6	-0.030981	0.00022972	0.199	supercritical
311.0	1720.5	1197.9	0.00083482	166.45	310.08	0.84994	0.97376	1.5469	1250.4	-0.030999	0.00022998	0.19915	supercritical
311.0	1723.8	1198.2	0.00083459	166.37	310.24	0.84957	0.97392	1.5468	1251.3	-0.031017	0.00023025	0.1993	supercritical
311.0	1727.0	1198.5	0.00083436	166.3	310.39	0.8492	0.97407	1.5467	1252.1	-0.031036	0.00023052	0.19946	supercritical
311.0	1730.2	1198.8	0.00083413	166.22	310.55	0.84883	0.97423	1.5465	1252.9	-0.031054	0.00023079	0.19961	supercritical
311.0	1733.5	1199.2	0.00083391	166.15	310.71	0.84846	0.97438	1.5464	1253.8	-0.031072	0.00023105	0.19977	supercritical
311.0	1736.8	1199.5	0.00083368	166.07	310.86	0.84809	0.97453	1.5462	1254.6	-0.03109	0.00023132	0.19992	supercritical
311.0	1740.0	1199.8	0.00083345	166.0	311.02	0.84772	0.97469	1.5461	1255.4	-0.031108	0.00023159	0.20007	supercritical
311.0	1743.2	1200.2	0.00083322	165.92	311.17	0.84735	0.97484	1.546	1256.3	-0.031126	0.00023185	0.20023	supercritical
311.0	1746.5	1200.5	0.000833	165.85	311.33	0.84699	0.97499	1.5458	1257.1	-0.031144	0.00023212	0.20038	supercritical
311.0	1749.8	1200.8	0.00083277	165.77	311.49	0.84662	0.97515	1.5457	1257.9	-0.031162	0.00023239	0.20053	supercritical
311.0	1753.0	1201.1	0.00083255	165.7	311.64	0.84625	0.9753	1.5456	1258.7	-0.03118	0.00023265	0.20069	supercritical
311.0	1756.2	1201.5	0.00083232	165.62	311.8	0.84589	0.97546	1.5454	1259.6	-0.031197	0.00023292	0.20084	supercritical
311.0	1759.5	1201.8	0.0008321	165.55	311.96	0.84552	0.97561	1.5453	1260.4	-0.031215	0.00023319	0.20099	supercritical
311.0	1762.8	1202.1	0.00083187	165.48	312.11	0.84516	0.97576	1.5452	1261.2	-0.031232	0.00023346	0.20115	supercritical
311.0	1766.0	1202.4	0.00083165	165.4	312.27	0.84479	0.97592	1.545	1262.0	-0.03125	0.00023372	0.2013	supercritical
311.0	1769.2	1202.8	0.00083142	165.33	312.43	0.84443	0.97607	1.5449	1262.9	-0.031267	0.00023399	0.20145	supercritical
311.0	1772.5	1203.1	0.0008312	165.25	312.59	0.84406	0.97622	1.5448	1263.7	-0.031284	0.00023426	0.2016	supercritical
311.0	1775.8	1203.4	0.00083098	165.18	312.74	0.8437	0.97638	1.5446	1264.5	-0.031301	0.00023452	0.20176	supercritical
311.0	1779.0	1203.7	0.00083076	165.11	312.9	0.84334	0.97653	1.5445	1265.3	-0.031319	0.00023479	0.20191	supercritical
311.0	1782.2	1204.0	0.00083054	165.03	313.06	0.84297	0.97668	1.5444	1266.1	-0.031336	0.00023506	0.20206	supercritical
311.0	1785.5	1204.4	0.00083032	164.96	313.21	0.84261	0.97684	1.5443	1267.0	-0.031353	0.00023532	0.20221	supercritical
311.0	1788.8	1204.7	0.0008301	164.89	313.37	0.84225	0.97699	1.5441	1267.8	-0.03137	0.00023559	0.20236	supercritical
311.0	1792.0	1205.0	0.00082988	164.82	313.53	0.84189	0.97714	1.544	1268.6	-0.031386	0.00023586	0.20252	supercritical
311.0	1795.2	1205.3	0.00082966	164.74	313.69	0.84153	0.9773	1.5439	1269.4	-0.031403	0.00023612	0.20267	supercritical
311.0	1798.5	1205.6	0.00082944	164.67	313.84	0.84117	0.97745	1.5438	1270.2	-0.03142	0.00023639	0.20282	supercritical
311.0	1801.8	1206.0	0.00082922	164.6	314.0	0.84081	0.9776	1.5436	1271.0	-0.031436	0.00023665	0.20297	supercritical
311.0	1805.0	1206.3	0.000829	164.53	314.16	0.84045	0.97776	1.5435	1271.8	-0.031453	0.00023692	0.20312	supercritical
311.0	1808.2	1206.6	0.00082878	164.45	314.32	0.84009	0.97791	1.5434	1272.6	-0.031469	0.00023719	0.20328	supercritical
311.0	1811.5	1206.9	0.00082856	164.38	314.48	0.83973	0.97806	1.5433	1273.5	-0.031486	0.00023745	0.20343	supercritical
311.0	1814.8	1207.2	0.00082835	164.31	314.63	0.83937	0.97822	1.5431	1274.3	-0.031502	0.00023772	0.20358	supercritical
311.0	1818.0	1207.5	0.00082813	164.24	314.79	0.83902	0.97837	1.543	1275.1	-0.031518	0.00023799	0.20373	supercritical
311.0	1821.2	1207.9	0.00082792	164.17	314.95	0.83866	0.97852	1.5429	1275.9	-0.031535	0.00023825	0.20388	supercritical
311.0	1824.5	1208.2	0.0008277	164.09	315.11	0.8383	0.97868	1.5428	1276.7	-0.031551	0.00023852	0.20403	supercritical
311.0	1827.8	1208.5	0.00082748	164.02	315.27	0.83795	0.97883	1.5427	1277.5	-0.031567	0.00023878	0.20418	supercritical
311.0	1831.0	1208.8	0.00082727	163.95	315.42	0.83759	0.97898	1.5425	1278.3	-0.031583	0.00023905	0.20433	supercritical
311.0	1834.2	1209.1	0.00082706	163.88	315.58	0.83724	0.97914	1.5424	1279.1	-0.031599	0.00023932	0.20448	supercritical
311.0	1837.5	1209.4	0.00082684	163.81	315.74	0.83688	0.97929	1.5423	1279.9	-0.031615	0.00023958	0.20464	supercritical
311.0	1840.8	1209.7	0.00082663	163.74	315.9	0.83653	0.97944	1.5422	1280.7	-0.03163	0.00023985	0.20479	supercritical
311.0	1844.0	1210.0	0.00082642	163.67	316.06	0.83617	0.97959	1.5421	1281.5	-0.031646	0.00024012	0.20494	supercritical
311.0	1847.2	1210.4	0.0008262	163.6	316.22	0.83582	0.97975	1.5419	1282.3	-0.031662	0.00024038	0.20509	supercritical
311.0	1850.5	1210.7	0.00082599	163.53	316.38	0.83547	0.9799	1.5418	1283.1	-0.031677	0.00024065	0.20524	supercritical
311.0	1853.8	1211.0	0.00082578	163.46	316.53	0.83512	0.98005	1.5417	1283.9	-0.031693	0.00024091	0.20539	supercritical
311.0	1857.0	1211.3	0.00082557	163.38	316.69	0.83476	0.98021	1.5416	1284.7	-0.031708	0.00024118	0.20554	supercritical
311.0	1860.2	1211.6	0.00082536	163.31	316.85	0.83441	0.98036	1.5415	1285.4	-0.031724	0.00024145	0.20569	supercritical
311.0	1863.5	1211.9	0.00082515	163.24	317.01	0.83406	0.98051	1.5414	1286.2	-0.031739	0.00024171	0.20584	supercritical
311.0	1866.8	1212.2	0.00082494	163.17	317.17	0.83371	0.98066	1.5413	1287.0	-0.031754	0.00024198	0.20599	supercritical
311.0	1870.0	1212.5	0.00082473	163.1	317.33	0.83336	0.98082	1.5411	1287.8	-0.03177	0.00024224	0.20614	supercritical
311.0	1873.2	1212.8	0.00082452	163.04	317.49	0.83301	0.98097	1.541	1288.6	-0.031785	0.00024251	0.20629	supercritical
311.0	1876.5	1213.1	0.00082431	162.97	317.65	0.83266	0.98112	1.5409	1289.4	-0.0318	0.00024277	0.20644	supercritical
311.0	1879.8	1213.4	0.0008241	162.9	317.81	0.83231	0.98127	1.5408	1290.2	-0.031815	0.00024304	0.20659	supercritical
311.0	1883.0	1213.8	0.00082389	162.83	317.97	0.83196	0.98143	1.5407	1291.0	-0.03183	0.00024331	0.20674	supercritical
311.0	1886.2	1214.1	0.00082368	162.76	318.13	0.83161	0.98158	1.5406	1291.7	-0.031845	0.00024357	0.20689	supercritical
311.0	1889.5	1214.4	0.00082348	162.69	318.28	0.83127	0.98173	1.5405	1292.5	-0.03186	0.00024384	0.20704	supercritical
311.0	1892.8	1214.7	0.00082327	162.62	318.44	0.83092	0.98188	1.5404	1293.3	-0.031874	0.0002441	0.20719	supercritical
311.0	1896.0	1215.0	0.00082306	162.55	318.6	0.83057	0.98204	1.5403	1294.1	-0.031889	0.00024437	0.20733	supercritical
311.0	1899.2	1215.3	0.00082286	162.48	318.76	0.83022	0.98219	1.5402	1294.9	-0.031904	0.00024463	0.20748	supercritical
311.0	1902.5	1215.6	0.00082265	162.41	318.92	0.82988	0.98234	1.5401	1295.7	-0.031918	0.0002449	0.20763	supercritical
311.0	1905.8	1215.9	0.00082245	162.35	319.08	0.82953	0.98249	1.5399	1296.4	-0.031933	0.00024517	0.20778	supercritical
311.0	1909.0	1216.2	0.00082224	162.28	319.24	0.82919	0.98265	1.5398	1297.2	-0.031947	0.00024543	0.20793	supercritical
311.0	1912.2	1216.5	0.00082204	162.21	319.4	0.82884	0.9828	1.5397	1298.0	-0.031962	0.0002457	0.20808	supercritical
311.0	1915.5	1216.8	0.00082183	162.14	319.56	0.8285	0.98295	1.5396	1298.8	-0.031976	0.00024596	0.20823	supercritical
311.0	1918.8	1217.1	0.00082163	162.07	319.72	0.82815	0.9831	1.5395	1299.5	-0.03199	0.00024623	0.20838	supercritical
311.0	1922.0	1217.4	0.00082143	162.0	319.88	0.82781	0.98325	1.5394	1300.3	-0.032005	0.00024649	0.20853	supercritical
311.0	1925.2	1217.7	0.00082122	161.94	320.04	0.82747	0.98341	1.5393	1301.1	-0.032019	0.00024676	0.20867	supercritical
311.0	1928.5	1218.0	0.00082102	161.87	320.2	0.82712	0.98356	1.5392	1301.8	-0.032033	0.00024702	0.20882	supercritical
311.0	1931.8	1218.3	0.00082082	161.8	320.36	0.82678	0.98371	1.5391	1302.6	-0.032047	0.00024729	0.20897	supercritical
311.0	1935.0	1218.6	0.00082062	161.73	320.52	0.82644	0.98386	1.539	1303.4	-0.032061	0.00024755	0.20912	supercritical
311.0	1938.2	1218.9	0.00082042	161.67	320.68	0.8261	0.98401	1.5389	1304.2	-0.032075	0.00024782	0.20927	supercritical
311.0	1941.5	1219.2	0.00082022	161.6	320.84	0.82576	0.98417	1.5388	1304.9	-0.032089	0.00024809	0.20942	supercritical
311.0	1944.8	1219.5	0.00082002	161.53	321.01	0.82541	0.98432	1.5387	1305.7	-0.032103	0.00024835	0.20956	supercritical
311.0	1948.0	1219.8	0.00081982	161.47	321.17	0.82507	0.98447	1.5386	1306.5	-0.032116	0.00024862	0.20971	supercritical
311.0	1951.2	1220.1	0.00081962	161.4	321.33	0.82473	0.98462	1.5385	1307.2	-0.03213	0.00024888	0.20986	supercritical
311.0	1954.5	1220.4	0.00081942	161.33	321.49	0.82439	0.98477	1.5384	1308.0	-0.032144	0.00024915	0.21001	supercritical
311.0	1957.8	1220.7	0.00081922	161.27	321.65	0.82405	0.98493	1.5383	1308.7	-0.032158	0.00024941	0.21016	supercritical
311.0	1961.0	1221.0	0.00081902	161.2	321.81	0.82372	0.98508	1.5382	1309.5	-0.032171	0.00024968	0.2103	supercritical
311.0	1964.2	1221.3	0.00081882	161.13	321.97	0.82338	0.98523	1.5381	1310.3	-0.032185	0.00024994	0.21045	supercritical
311.0	1967.5	1221.6	0.00081862	161.07	322.13	0.82304	0.98538	1.538	1311.0	-0.032198	0.00025021	0.2106	supercritical
311.0	1970.8	1221.9	0.00081842	161.0	322.29	0.8227	0.98553	1.5379	1311.8	-0.032211	0.00025047	0.21075	supercritical
311.0	1974.0	1222.2	0.00081823	160.93	322.45	0.82236	0.98568	1.5378	1312.5	-0.032225	0.00025074	0.21089	supercritical
311.0	1977.2	1222.4	0.00081803	160.87	322.61	0.82203	0.98584	1.5377	1313.3	-0.032238	0.000251	0.21104	supercritical
311.0	1980.5	1222.7	0.00081783	160.8	322.77	0.82169	0.98599	1.5376	1314.1	-0.032251	0.00025127	0.21119	supercritical
311.0	1983.8	1223.0	0.00081764	160.74	322.94	0.82135	0.98614	1.5375	1314.8	-0.032265	0.00025153	0.21133	supercritical
311.0	1987.0	1223.3	0.00081744	160.67	323.1	0.82102	0.98629	1.5374	1315.6	-0.032278	0.0002518	0.21148	supercritical
311.0	1990.2	1223.6	0.00081725	160.61	323.26	0.82068	0.98644	1.5374	1316.3	-0.032291	0.00025206	0.21163	supercritical
311.0	1993.5	1223.9	0.00081705	160.54	323.42	0.82035	0.98659	1.5373	1317.1	-0.032304	0.00025233	0.21178	supercritical
311.0	1996.8	1224.2	0.00081686	160.48	323.58	0.82001	0.98674	1.5372	1317.8	-0.032317	0.00025259	0.21192	supercritical
311.0	2000.0	1224.5	0.00081666	160.41	323.74	0.81968	0.9869	1.5371	1318.6	-0.03233	0.00025286	0.21207	supercritical
