Temperature (K)	Pressure (bar)	Density (kg/m3)	Volume (m3/kg)	Internal Energy (kJ/kg)	Enthalpy (kJ/kg)	Entropy (J/g*K)	Cv (J/g*K)	Cp (J/g*K)	Sound Spd. (m/s)	Joule-Thomson (K/bar)	Viscosity (Pa*s)	Therm. Cond. (W/m*K)	Phase
574.0	56.5	53.036	0.018855	652.56	759.09	2.5827	0.88189	1.1121	363.76	0.20718	2.7637e-05	0.040808	vapor
574.0	59.75	56.136	0.017814	651.91	758.34	2.571	0.88246	1.1152	363.89	0.20608	2.7687e-05	0.040921	vapor
574.0	63.0	59.24	0.016881	651.25	757.6	2.5599	0.88304	1.1182	364.02	0.20497	2.7739e-05	0.041035	vapor
574.0	66.25	62.347	0.016039	650.6	756.85	2.5493	0.88361	1.1213	364.16	0.20386	2.7791e-05	0.041149	vapor
574.0	69.5	65.459	0.015277	649.94	756.11	2.5392	0.88418	1.1243	364.31	0.20274	2.7844e-05	0.041263	vapor
574.0	72.75	68.575	0.014583	649.28	755.37	2.5294	0.88475	1.1274	364.47	0.20162	2.7898e-05	0.041378	vapor
574.0	76.0	71.694	0.013948	648.63	754.64	2.5201	0.88532	1.1305	364.64	0.20049	2.7953e-05	0.041493	vapor
574.0	76.0	71.694	0.013948	648.63	754.64	2.5201	0.88532	1.1305	364.64	0.20049	2.7953e-05	0.041493	supercritical
574.0	76.0	71.694	0.013948	648.63	754.64	2.5201	0.88532	1.1305	364.64	0.20049	2.7953e-05	0.041493	supercritical
574.0	79.25	74.817	0.013366	647.98	753.9	2.511	0.88589	1.1336	364.82	0.19936	2.8008e-05	0.041609	supercritical
574.0	82.5	77.943	0.01283	647.32	753.17	2.5024	0.88645	1.1366	365.01	0.19822	2.8065e-05	0.041725	supercritical
574.0	85.75	81.073	0.012335	646.67	752.44	2.494	0.88701	1.1397	365.22	0.19708	2.8122e-05	0.041842	supercritical
574.0	89.0	84.205	0.011876	646.01	751.71	2.4858	0.88757	1.1428	365.43	0.19593	2.818e-05	0.04196	supercritical
574.0	92.25	87.34	0.01145	645.36	750.98	2.478	0.88813	1.1459	365.65	0.19477	2.8239e-05	0.042078	supercritical
574.0	95.5	90.478	0.011052	644.7	750.26	2.4703	0.88869	1.149	365.88	0.19361	2.8298e-05	0.042197	supercritical
574.0	98.75	93.618	0.010682	644.05	749.53	2.4629	0.88924	1.1521	366.13	0.19244	2.8359e-05	0.042317	supercritical
574.0	102.0	96.76	0.010335	643.4	748.81	2.4557	0.88979	1.1552	366.38	0.19127	2.842e-05	0.042438	supercritical
574.0	105.25	99.904	0.01001	642.75	748.1	2.4487	0.89034	1.1583	366.65	0.19009	2.8483e-05	0.042559	supercritical
574.0	108.5	103.05	0.009704	642.09	747.38	2.4419	0.89089	1.1614	366.92	0.1889	2.8546e-05	0.042681	supercritical
574.0	111.75	106.2	0.0094164	641.44	746.67	2.4352	0.89143	1.1644	367.21	0.18771	2.861e-05	0.042805	supercritical
574.0	115.0	109.35	0.0091452	640.79	745.96	2.4288	0.89197	1.1675	367.5	0.18652	2.8675e-05	0.042929	supercritical
574.0	118.25	112.5	0.0088891	640.14	745.26	2.4224	0.89251	1.1706	367.81	0.18531	2.8741e-05	0.043054	supercritical
574.0	121.5	115.65	0.0086469	639.49	744.55	2.4162	0.89304	1.1737	368.13	0.18411	2.8808e-05	0.04318	supercritical
574.0	124.75	118.8	0.0084175	638.84	743.85	2.4102	0.89357	1.1768	368.46	0.18289	2.8876e-05	0.043307	supercritical
574.0	128.0	121.95	0.0081998	638.2	743.15	2.4043	0.8941	1.1798	368.8	0.18167	2.8945e-05	0.043436	supercritical
574.0	131.25	125.11	0.0079932	637.55	742.46	2.3985	0.89463	1.1829	369.15	0.18045	2.9014e-05	0.043565	supercritical
574.0	134.5	128.26	0.0077966	636.9	741.77	2.3928	0.89515	1.1859	369.51	0.17922	2.9085e-05	0.043695	supercritical
574.0	137.75	131.41	0.0076096	636.26	741.08	2.3872	0.89567	1.189	369.89	0.17798	2.9157e-05	0.043826	supercritical
574.0	141.0	134.57	0.0074313	635.61	740.39	2.3818	0.89619	1.192	370.27	0.17675	2.9229e-05	0.043959	supercritical
574.0	144.25	137.72	0.0072611	634.97	739.71	2.3764	0.89671	1.1951	370.67	0.1755	2.9303e-05	0.044092	supercritical
574.0	147.5	140.87	0.0070987	634.32	739.03	2.3712	0.89722	1.1981	371.08	0.17425	2.9377e-05	0.044227	supercritical
574.0	150.75	144.02	0.0069433	633.68	738.35	2.366	0.89772	1.2011	371.5	0.173	2.9453e-05	0.044363	supercritical
574.0	154.0	147.17	0.0067947	633.04	737.68	2.361	0.89823	1.2041	371.93	0.17174	2.9529e-05	0.0445	supercritical
574.0	157.25	150.32	0.0066524	632.4	737.01	2.356	0.89873	1.2071	372.37	0.17048	2.9607e-05	0.044638	supercritical
574.0	160.5	153.47	0.006516	631.76	736.34	2.3511	0.89923	1.2101	372.83	0.16921	2.9685e-05	0.044778	supercritical
574.0	163.75	156.61	0.0063851	631.12	735.68	2.3463	0.89973	1.213	373.29	0.16794	2.9765e-05	0.044918	supercritical
574.0	167.0	159.76	0.0062595	630.48	735.02	2.3416	0.90022	1.216	373.77	0.16667	2.9845e-05	0.04506	supercritical
574.0	170.25	162.9	0.0061388	629.85	734.36	2.3369	0.90071	1.2189	374.26	0.16539	2.9926e-05	0.045203	supercritical
574.0	173.5	166.04	0.0060227	629.21	733.7	2.3323	0.90119	1.2218	374.76	0.16412	3.0009e-05	0.045347	supercritical
574.0	176.75	169.17	0.0059111	628.58	733.06	2.3278	0.90167	1.2247	375.27	0.16283	3.0092e-05	0.045492	supercritical
574.0	180.0	172.31	0.0058036	627.94	732.41	2.3234	0.90215	1.2276	375.8	0.16155	3.0177e-05	0.045639	supercritical
574.0	183.25	175.44	0.0057001	627.31	731.77	2.319	0.90263	1.2305	376.33	0.16026	3.0262e-05	0.045787	supercritical
574.0	186.5	178.56	0.0056003	626.68	731.13	2.3147	0.9031	1.2334	376.88	0.15897	3.0348e-05	0.045936	supercritical
574.0	189.75	181.69	0.005504	626.05	730.49	2.3104	0.90357	1.2362	377.44	0.15768	3.0436e-05	0.046086	supercritical
574.0	193.0	184.81	0.0054111	625.43	729.86	2.3062	0.90403	1.239	378.01	0.15639	3.0524e-05	0.046237	supercritical
574.0	196.25	187.92	0.0053214	624.8	729.23	2.3021	0.90449	1.2419	378.6	0.15509	3.0614e-05	0.04639	supercritical
574.0	199.5	191.03	0.0052347	624.18	728.61	2.298	0.90495	1.2446	379.19	0.1538	3.0704e-05	0.046543	supercritical
574.0	202.75	194.14	0.005151	623.55	727.99	2.294	0.9054	1.2474	379.8	0.1525	3.0796e-05	0.046698	supercritical
574.0	206.0	197.24	0.00507	622.93	727.37	2.29	0.90585	1.2502	380.42	0.1512	3.0888e-05	0.046854	supercritical
574.0	209.25	200.34	0.0049916	622.31	726.76	2.2861	0.9063	1.2529	381.05	0.14991	3.0981e-05	0.047012	supercritical
574.0	212.5	203.43	0.0049157	621.69	726.15	2.2823	0.90674	1.2556	381.69	0.14861	3.1076e-05	0.04717	supercritical
574.0	215.75	206.51	0.0048423	621.07	725.55	2.2784	0.90718	1.2583	382.35	0.14731	3.1171e-05	0.04733	supercritical
574.0	219.0	209.6	0.0047711	620.46	724.95	2.2747	0.90762	1.261	383.01	0.14602	3.1268e-05	0.04749	supercritical
574.0	222.25	212.67	0.0047021	619.85	724.35	2.271	0.90805	1.2636	383.69	0.14472	3.1365e-05	0.047652	supercritical
574.0	225.5	215.74	0.0046352	619.23	723.76	2.2673	0.90848	1.2662	384.38	0.14343	3.1463e-05	0.047815	supercritical
574.0	228.75	218.8	0.0045703	618.62	723.17	2.2636	0.90891	1.2688	385.08	0.14213	3.1563e-05	0.047979	supercritical
574.0	232.0	221.86	0.0045074	618.01	722.59	2.2601	0.90933	1.2714	385.79	0.14084	3.1663e-05	0.048144	supercritical
574.0	235.25	224.91	0.0044463	617.41	722.01	2.2565	0.90975	1.2739	386.51	0.13955	3.1764e-05	0.04831	supercritical
574.0	238.5	227.95	0.0043869	616.8	721.43	2.253	0.91016	1.2765	387.25	0.13826	3.1866e-05	0.048477	supercritical
574.0	241.75	230.99	0.0043292	616.2	720.86	2.2496	0.91057	1.279	387.99	0.13698	3.1969e-05	0.048645	supercritical
574.0	245.0	234.02	0.0042732	615.6	720.29	2.2461	0.91098	1.2815	388.75	0.13569	3.2074e-05	0.048814	supercritical
574.0	248.25	237.04	0.0042187	615.0	719.73	2.2427	0.91138	1.2839	389.52	0.13441	3.2179e-05	0.048984	supercritical
574.0	251.5	240.05	0.0041658	614.4	719.17	2.2394	0.91178	1.2864	390.3	0.13314	3.2285e-05	0.049155	supercritical
574.0	254.75	243.06	0.0041143	613.8	718.61	2.2361	0.91218	1.2888	391.08	0.13186	3.2392e-05	0.049327	supercritical
574.0	258.0	246.06	0.0040641	613.21	718.06	2.2328	0.91257	1.2911	391.89	0.13059	3.25e-05	0.0495	supercritical
574.0	261.25	249.05	0.0040153	612.62	717.52	2.2296	0.91296	1.2935	392.7	0.12933	3.2608e-05	0.049674	supercritical
574.0	264.5	252.03	0.0039678	612.03	716.98	2.2264	0.91335	1.2958	393.52	0.12806	3.2718e-05	0.049849	supercritical
574.0	267.75	255.0	0.0039216	611.44	716.44	2.2232	0.91373	1.2981	394.35	0.1268	3.2829e-05	0.050024	supercritical
574.0	271.0	257.97	0.0038765	610.85	715.91	2.2201	0.91411	1.3004	395.19	0.12555	3.294e-05	0.050201	supercritical
574.0	274.25	260.92	0.0038326	610.27	715.38	2.217	0.91449	1.3027	396.05	0.1243	3.3052e-05	0.050378	supercritical
574.0	277.5	263.87	0.0037898	609.69	714.85	2.2139	0.91486	1.3049	396.91	0.12306	3.3166e-05	0.050556	supercritical
574.0	280.75	266.81	0.003748	609.11	714.33	2.2109	0.91523	1.3071	397.78	0.12182	3.328e-05	0.050735	supercritical
574.0	284.0	269.74	0.0037073	608.53	713.82	2.2078	0.9156	1.3093	398.67	0.12059	3.3395e-05	0.050914	supercritical
574.0	287.25	272.65	0.0036676	607.96	713.31	2.2049	0.91596	1.3114	399.56	0.11936	3.3511e-05	0.051094	supercritical
574.0	290.5	275.56	0.0036289	607.38	712.8	2.2019	0.91632	1.3135	400.46	0.11813	3.3627e-05	0.051275	supercritical
574.0	293.75	278.46	0.0035911	606.81	712.3	2.199	0.91668	1.3156	401.38	0.11692	3.3745e-05	0.051457	supercritical
574.0	297.0	281.35	0.0035542	606.24	711.8	2.1961	0.91703	1.3177	402.3	0.11571	3.3863e-05	0.051639	supercritical
574.0	300.25	284.24	0.0035182	605.67	711.31	2.1932	0.91738	1.3198	403.23	0.1145	3.3982e-05	0.051822	supercritical
574.0	303.5	287.11	0.003483	605.11	710.82	2.1904	0.91772	1.3218	404.17	0.11331	3.4102e-05	0.052005	supercritical
574.0	306.75	289.97	0.0034487	604.55	710.34	2.1876	0.91807	1.3238	405.12	0.11211	3.4223e-05	0.052189	supercritical
574.0	310.0	292.82	0.0034151	603.99	709.86	2.1848	0.91841	1.3257	406.08	0.11093	3.4345e-05	0.052374	supercritical
574.0	313.25	295.66	0.0033823	603.43	709.38	2.1821	0.91874	1.3277	407.05	0.10975	3.4467e-05	0.052559	supercritical
574.0	316.5	298.49	0.0033502	602.87	708.91	2.1793	0.91908	1.3296	408.02	0.10858	3.459e-05	0.052744	supercritical
574.0	319.75	301.3	0.0033189	602.32	708.44	2.1766	0.91941	1.3315	409.01	0.10742	3.4714e-05	0.052931	supercritical
574.0	323.0	304.11	0.0032883	601.77	707.98	2.174	0.91974	1.3333	410.0	0.10626	3.4839e-05	0.053117	supercritical
574.0	326.25	306.91	0.0032583	601.22	707.52	2.1713	0.92006	1.3352	411.0	0.10511	3.4964e-05	0.053304	supercritical
574.0	329.5	309.7	0.003229	600.67	707.07	2.1687	0.92038	1.337	412.01	0.10397	3.509e-05	0.053491	supercritical
574.0	332.75	312.47	0.0032003	600.13	706.62	2.1661	0.9207	1.3388	413.03	0.10284	3.5217e-05	0.053679	supercritical
574.0	336.0	315.24	0.0031722	599.59	706.17	2.1635	0.92102	1.3405	414.05	0.10171	3.5344e-05	0.053867	supercritical
574.0	339.25	317.99	0.0031447	599.04	705.73	2.1609	0.92133	1.3423	415.09	0.10059	3.5473e-05	0.054056	supercritical
574.0	342.5	320.73	0.0031179	598.51	705.29	2.1584	0.92164	1.344	416.13	0.099481	3.5601e-05	0.054245	supercritical
574.0	345.75	323.46	0.0030915	597.97	704.86	2.1559	0.92195	1.3457	417.17	0.098378	3.5731e-05	0.054434	supercritical
574.0	349.0	326.18	0.0030657	597.44	704.43	2.1534	0.92225	1.3473	418.23	0.097284	3.5861e-05	0.054623	supercritical
574.0	352.25	328.89	0.0030405	596.91	704.01	2.1509	0.92255	1.349	419.29	0.096197	3.5992e-05	0.054813	supercritical
574.0	355.5	331.59	0.0030158	596.38	703.59	2.1485	0.92285	1.3506	420.36	0.095118	3.6124e-05	0.055003	supercritical
574.0	358.75	334.28	0.0029915	595.85	703.17	2.1461	0.92315	1.3522	421.43	0.094048	3.6256e-05	0.055193	supercritical
574.0	362.0	336.95	0.0029678	595.33	702.76	2.1437	0.92344	1.3537	422.52	0.092985	3.6388e-05	0.055383	supercritical
574.0	365.25	339.61	0.0029445	594.81	702.36	2.1413	0.92373	1.3553	423.61	0.091931	3.6522e-05	0.055574	supercritical
574.0	368.5	342.27	0.0029217	594.29	701.95	2.1389	0.92402	1.3568	424.7	0.090886	3.6656e-05	0.055764	supercritical
574.0	371.75	344.91	0.0028993	593.77	701.55	2.1366	0.9243	1.3583	425.8	0.089848	3.679e-05	0.055955	supercritical
574.0	375.0	347.53	0.0028774	593.26	701.16	2.1343	0.92458	1.3597	426.91	0.088819	3.6925e-05	0.056146	supercritical
574.0	378.25	350.15	0.0028559	592.74	700.77	2.132	0.92486	1.3612	428.02	0.087798	3.7061e-05	0.056337	supercritical
574.0	381.5	352.76	0.0028348	592.23	700.38	2.1297	0.92514	1.3626	429.14	0.086786	3.7197e-05	0.056528	supercritical
574.0	384.75	355.35	0.0028141	591.73	700.0	2.1274	0.92542	1.364	430.27	0.085782	3.7334e-05	0.056719	supercritical
574.0	388.0	357.93	0.0027938	591.22	699.62	2.1252	0.92569	1.3654	431.4	0.084786	3.7471e-05	0.05691	supercritical
574.0	391.25	360.5	0.0027739	590.72	699.25	2.1229	0.92596	1.3668	432.53	0.083799	3.7609e-05	0.057102	supercritical
574.0	394.5	363.06	0.0027544	590.22	698.88	2.1207	0.92623	1.3681	433.67	0.08282	3.7748e-05	0.057293	supercritical
574.0	397.75	365.61	0.0027352	589.72	698.51	2.1185	0.92649	1.3694	434.82	0.08185	3.7887e-05	0.057484	supercritical
574.0	401.0	368.14	0.0027163	589.22	698.15	2.1164	0.92676	1.3707	435.97	0.080888	3.8026e-05	0.057675	supercritical
574.0	404.25	370.66	0.0026979	588.73	697.79	2.1142	0.92702	1.372	437.13	0.079934	3.8166e-05	0.057866	supercritical
574.0	407.5	373.18	0.0026797	588.24	697.44	2.1121	0.92727	1.3732	438.29	0.078989	3.8306e-05	0.058057	supercritical
574.0	410.75	375.68	0.0026619	587.75	697.09	2.1099	0.92753	1.3745	439.45	0.078052	3.8447e-05	0.058248	supercritical
574.0	414.0	378.16	0.0026444	587.26	696.74	2.1078	0.92779	1.3757	440.62	0.077123	3.8588e-05	0.058439	supercritical
574.0	417.25	380.64	0.0026272	586.78	696.4	2.1057	0.92804	1.3769	441.8	0.076203	3.873e-05	0.05863	supercritical
574.0	420.5	383.1	0.0026103	586.3	696.06	2.1037	0.92829	1.378	442.98	0.075291	3.8872e-05	0.058821	supercritical
574.0	423.75	385.56	0.0025937	585.82	695.72	2.1016	0.92853	1.3792	444.16	0.074386	3.9014e-05	0.059012	supercritical
574.0	427.0	388.0	0.0025773	585.34	695.39	2.0996	0.92878	1.3803	445.35	0.073491	3.9157e-05	0.059202	supercritical
574.0	430.25	390.43	0.0025613	584.86	695.06	2.0975	0.92902	1.3814	446.54	0.072603	3.9301e-05	0.059392	supercritical
574.0	433.5	392.85	0.0025455	584.39	694.74	2.0955	0.92927	1.3825	447.74	0.071723	3.9444e-05	0.059583	supercritical
574.0	436.75	395.25	0.00253	583.92	694.42	2.0935	0.92951	1.3836	448.93	0.070851	3.9588e-05	0.059773	supercritical
574.0	440.0	397.65	0.0025148	583.45	694.1	2.0916	0.92974	1.3846	450.14	0.069988	3.9733e-05	0.059962	supercritical
574.0	443.25	400.03	0.0024998	582.98	693.79	2.0896	0.92998	1.3857	451.34	0.069132	3.9878e-05	0.060152	supercritical
574.0	446.5	402.4	0.0024851	582.52	693.48	2.0876	0.93021	1.3867	452.55	0.068284	4.0023e-05	0.060341	supercritical
574.0	449.75	404.76	0.0024706	582.06	693.17	2.0857	0.93044	1.3877	453.76	0.067444	4.0169e-05	0.060531	supercritical
574.0	453.0	407.11	0.0024563	581.6	692.87	2.0838	0.93067	1.3887	454.98	0.066611	4.0314e-05	0.06072	supercritical
574.0	456.25	409.45	0.0024423	581.14	692.57	2.0819	0.9309	1.3896	456.2	0.065786	4.0461e-05	0.060908	supercritical
574.0	459.5	411.77	0.0024285	580.69	692.28	2.08	0.93113	1.3906	457.42	0.064969	4.0607e-05	0.061097	supercritical
574.0	462.75	414.08	0.002415	580.23	691.98	2.0781	0.93135	1.3915	458.65	0.06416	4.0754e-05	0.061285	supercritical
574.0	466.0	416.39	0.0024016	579.78	691.7	2.0762	0.93158	1.3924	459.88	0.063358	4.0901e-05	0.061473	supercritical
574.0	469.25	418.68	0.0023885	579.33	691.41	2.0744	0.9318	1.3933	461.11	0.062563	4.1049e-05	0.061661	supercritical
574.0	472.5	420.96	0.0023755	578.89	691.13	2.0725	0.93202	1.3942	462.34	0.061776	4.1197e-05	0.061848	supercritical
574.0	475.75	423.23	0.0023628	578.44	690.85	2.0707	0.93224	1.3951	463.58	0.060997	4.1345e-05	0.062035	supercritical
574.0	479.0	425.49	0.0023503	578.0	690.58	2.0689	0.93245	1.3959	464.82	0.060224	4.1493e-05	0.062222	supercritical
574.0	482.25	427.73	0.0023379	577.56	690.3	2.0671	0.93267	1.3968	466.06	0.059459	4.1641e-05	0.062408	supercritical
574.0	485.5	429.97	0.0023258	577.12	690.04	2.0653	0.93288	1.3976	467.3	0.058701	4.179e-05	0.062595	supercritical
574.0	488.75	432.19	0.0023138	576.68	689.77	2.0635	0.93309	1.3984	468.55	0.057949	4.1939e-05	0.062781	supercritical
574.0	492.0	434.4	0.002302	576.25	689.51	2.0618	0.9333	1.3992	469.8	0.057205	4.2089e-05	0.062966	supercritical
574.0	495.25	436.61	0.0022904	575.82	689.25	2.06	0.93351	1.3999	471.05	0.056468	4.2238e-05	0.063151	supercritical
574.0	498.5	438.8	0.002279	575.39	689.0	2.0583	0.93372	1.4007	472.3	0.055738	4.2388e-05	0.063336	supercritical
574.0	501.75	440.98	0.0022677	574.96	688.74	2.0566	0.93392	1.4014	473.55	0.055014	4.2538e-05	0.063521	supercritical
574.0	505.0	443.15	0.0022566	574.54	688.49	2.0549	0.93413	1.4021	474.81	0.054298	4.2688e-05	0.063705	supercritical
574.0	508.25	445.3	0.0022457	574.11	688.25	2.0532	0.93433	1.4028	476.07	0.053587	4.2839e-05	0.063889	supercritical
574.0	511.5	447.45	0.0022349	573.69	688.01	2.0515	0.93453	1.4035	477.33	0.052884	4.2989e-05	0.064072	supercritical
574.0	514.75	449.59	0.0022243	573.27	687.77	2.0498	0.93473	1.4042	478.59	0.052187	4.314e-05	0.064255	supercritical
574.0	518.0	451.72	0.0022138	572.86	687.53	2.0481	0.93493	1.4049	479.86	0.051496	4.3291e-05	0.064438	supercritical
574.0	521.25	453.83	0.0022035	572.44	687.3	2.0465	0.93513	1.4055	481.12	0.050812	4.3442e-05	0.06462	supercritical
574.0	524.5	455.94	0.0021933	572.03	687.07	2.0448	0.93533	1.4062	482.39	0.050135	4.3594e-05	0.064802	supercritical
574.0	527.75	458.03	0.0021833	571.62	686.84	2.0432	0.93552	1.4068	483.66	0.049463	4.3745e-05	0.064984	supercritical
574.0	531.0	460.11	0.0021734	571.21	686.61	2.0415	0.93572	1.4074	484.93	0.048798	4.3897e-05	0.065165	supercritical
574.0	534.25	462.19	0.0021636	570.8	686.39	2.0399	0.93591	1.408	486.2	0.048139	4.4049e-05	0.065346	supercritical
574.0	537.5	464.25	0.002154	570.39	686.17	2.0383	0.9361	1.4086	487.47	0.047486	4.4201e-05	0.065526	supercritical
574.0	540.75	466.3	0.0021445	569.99	685.96	2.0367	0.93629	1.4092	488.74	0.046839	4.4353e-05	0.065706	supercritical
574.0	544.0	468.35	0.0021352	569.59	685.74	2.0352	0.93648	1.4097	490.02	0.046198	4.4505e-05	0.065886	supercritical
574.0	547.25	470.38	0.0021259	569.19	685.53	2.0336	0.93667	1.4103	491.3	0.045563	4.4657e-05	0.066065	supercritical
574.0	550.5	472.4	0.0021168	568.79	685.33	2.032	0.93685	1.4108	492.57	0.044934	4.481e-05	0.066244	supercritical
574.0	553.75	474.41	0.0021079	568.4	685.12	2.0305	0.93704	1.4114	493.85	0.04431	4.4962e-05	0.066423	supercritical
574.0	557.0	476.42	0.002099	568.0	684.92	2.0289	0.93722	1.4119	495.13	0.043692	4.5115e-05	0.066601	supercritical
574.0	560.25	478.41	0.0020903	567.61	684.72	2.0274	0.93741	1.4124	496.41	0.04308	4.5268e-05	0.066778	supercritical
574.0	563.5	480.39	0.0020816	567.22	684.52	2.0259	0.93759	1.4129	497.69	0.042474	4.5421e-05	0.066955	supercritical
574.0	566.75	482.36	0.0020731	566.84	684.33	2.0244	0.93777	1.4133	498.97	0.041873	4.5574e-05	0.067132	supercritical
574.0	570.0	484.32	0.0020647	566.45	684.14	2.0228	0.93795	1.4138	500.26	0.041277	4.5727e-05	0.067309	supercritical
574.0	573.25	486.28	0.0020564	566.07	683.95	2.0214	0.93813	1.4143	501.54	0.040687	4.588e-05	0.067485	supercritical
574.0	576.5	488.22	0.0020483	565.68	683.77	2.0199	0.93831	1.4147	502.82	0.040103	4.6033e-05	0.06766	supercritical
574.0	579.75	490.15	0.0020402	565.3	683.58	2.0184	0.93849	1.4151	504.11	0.039524	4.6186e-05	0.067835	supercritical
574.0	583.0	492.08	0.0020322	564.92	683.4	2.0169	0.93867	1.4156	505.39	0.03895	4.634e-05	0.06801	supercritical
574.0	586.25	493.99	0.0020243	564.55	683.22	2.0155	0.93884	1.416	506.68	0.038381	4.6493e-05	0.068184	supercritical
574.0	589.5	495.9	0.0020166	564.17	683.05	2.014	0.93902	1.4164	507.97	0.037817	4.6647e-05	0.068358	supercritical
574.0	592.75	497.79	0.0020089	563.8	682.88	2.0126	0.93919	1.4168	509.25	0.037259	4.68e-05	0.068531	supercritical
574.0	596.0	499.68	0.0020013	563.43	682.71	2.0111	0.93936	1.4172	510.54	0.036705	4.6954e-05	0.068704	supercritical
574.0	599.25	501.55	0.0019938	563.06	682.54	2.0097	0.93954	1.4175	511.83	0.036157	4.7107e-05	0.068877	supercritical
574.0	602.5	503.42	0.0019864	562.69	682.37	2.0083	0.93971	1.4179	513.12	0.035614	4.7261e-05	0.069049	supercritical
574.0	605.75	505.28	0.0019791	562.32	682.21	2.0069	0.93988	1.4183	514.4	0.035075	4.7415e-05	0.069221	supercritical
574.0	609.0	507.13	0.0019719	561.96	682.05	2.0055	0.94005	1.4186	515.69	0.034541	4.7569e-05	0.069392	supercritical
574.0	612.25	508.97	0.0019648	561.6	681.89	2.0041	0.94022	1.4189	516.98	0.034013	4.7722e-05	0.069563	supercritical
574.0	615.5	510.8	0.0019577	561.24	681.73	2.0027	0.94039	1.4193	518.27	0.033489	4.7876e-05	0.069734	supercritical
574.0	618.75	512.62	0.0019508	560.88	681.58	2.0014	0.94055	1.4196	519.56	0.032969	4.803e-05	0.069904	supercritical
574.0	622.0	514.43	0.0019439	560.52	681.43	2.0	0.94072	1.4199	520.85	0.032455	4.8184e-05	0.070073	supercritical
574.0	625.25	516.24	0.0019371	560.16	681.28	1.9986	0.94089	1.4202	522.14	0.031945	4.8337e-05	0.070242	supercritical
574.0	628.5	518.03	0.0019304	559.81	681.14	1.9973	0.94105	1.4205	523.43	0.03144	4.8491e-05	0.070411	supercritical
574.0	631.75	519.82	0.0019238	559.46	680.99	1.9959	0.94122	1.4208	524.71	0.030939	4.8645e-05	0.070579	supercritical
574.0	635.0	521.59	0.0019172	559.11	680.85	1.9946	0.94138	1.4211	526.0	0.030443	4.8799e-05	0.070747	supercritical
574.0	638.25	523.36	0.0019107	558.76	680.71	1.9933	0.94154	1.4213	527.29	0.029951	4.8953e-05	0.070915	supercritical
574.0	641.5	525.12	0.0019043	558.41	680.57	1.992	0.94171	1.4216	528.58	0.029463	4.9107e-05	0.071082	supercritical
574.0	644.75	526.88	0.001898	558.07	680.44	1.9906	0.94187	1.4218	529.87	0.02898	4.926e-05	0.071249	supercritical
574.0	648.0	528.62	0.0018917	557.72	680.31	1.9893	0.94203	1.4221	531.16	0.028502	4.9414e-05	0.071415	supercritical
574.0	651.25	530.35	0.0018855	557.38	680.17	1.988	0.94219	1.4223	532.44	0.028027	4.9568e-05	0.071581	supercritical
574.0	654.5	532.08	0.0018794	557.04	680.05	1.9868	0.94235	1.4226	533.73	0.027557	4.9722e-05	0.071746	supercritical
574.0	657.75	533.8	0.0018734	556.7	679.92	1.9855	0.94251	1.4228	535.02	0.027092	4.9875e-05	0.071911	supercritical
574.0	661.0	535.51	0.0018674	556.36	679.8	1.9842	0.94267	1.423	536.3	0.02663	5.0029e-05	0.072076	supercritical
574.0	664.25	537.21	0.0018615	556.03	679.67	1.9829	0.94283	1.4232	537.59	0.026172	5.0183e-05	0.07224	supercritical
574.0	667.5	538.9	0.0018556	555.69	679.55	1.9817	0.94299	1.4234	538.88	0.025719	5.0336e-05	0.072404	supercritical
574.0	670.75	540.59	0.0018498	555.36	679.44	1.9804	0.94314	1.4236	540.16	0.02527	5.049e-05	0.072567	supercritical
574.0	674.0	542.27	0.0018441	555.03	679.32	1.9792	0.9433	1.4238	541.45	0.024824	5.0643e-05	0.07273	supercritical
574.0	677.25	543.93	0.0018385	554.7	679.21	1.9779	0.94346	1.424	542.73	0.024383	5.0797e-05	0.072893	supercritical
574.0	680.5	545.6	0.0018329	554.37	679.09	1.9767	0.94361	1.4242	544.01	0.023945	5.095e-05	0.073055	supercritical
574.0	683.75	547.25	0.0018273	554.04	678.98	1.9755	0.94377	1.4243	545.3	0.023512	5.1104e-05	0.073217	supercritical
574.0	687.0	548.9	0.0018218	553.72	678.88	1.9742	0.94392	1.4245	546.58	0.023082	5.1257e-05	0.073378	supercritical
574.0	690.25	550.53	0.0018164	553.39	678.77	1.973	0.94407	1.4247	547.86	0.022656	5.141e-05	0.073539	supercritical
574.0	693.5	552.16	0.0018111	553.07	678.67	1.9718	0.94423	1.4248	549.14	0.022234	5.1564e-05	0.0737	supercritical
574.0	696.75	553.79	0.0018058	552.75	678.56	1.9706	0.94438	1.425	550.42	0.021816	5.1717e-05	0.07386	supercritical
574.0	700.0	555.4	0.0018005	552.43	678.46	1.9694	0.94453	1.4251	551.7	0.021402	5.187e-05	0.07402	supercritical
574.0	703.25	557.01	0.0017953	552.11	678.37	1.9682	0.94469	1.4253	552.98	0.020991	5.2023e-05	0.074179	supercritical
574.0	706.5	558.61	0.0017902	551.79	678.27	1.9671	0.94484	1.4254	554.25	0.020584	5.2176e-05	0.074338	supercritical
574.0	709.75	560.2	0.0017851	551.48	678.18	1.9659	0.94499	1.4255	555.53	0.02018	5.2329e-05	0.074497	supercritical
574.0	713.0	561.78	0.00178	551.17	678.08	1.9647	0.94514	1.4257	556.81	0.01978	5.2482e-05	0.074655	supercritical
574.0	716.25	563.36	0.0017751	550.85	677.99	1.9635	0.94529	1.4258	558.08	0.019384	5.2635e-05	0.074813	supercritical
574.0	719.5	564.93	0.0017701	550.54	677.9	1.9624	0.94544	1.4259	559.36	0.018991	5.2787e-05	0.07497	supercritical
574.0	722.75	566.5	0.0017652	550.23	677.82	1.9612	0.94559	1.426	560.63	0.018601	5.294e-05	0.075128	supercritical
574.0	726.0	568.05	0.0017604	549.93	677.73	1.9601	0.94574	1.4261	561.9	0.018215	5.3093e-05	0.075284	supercritical
574.0	729.25	569.6	0.0017556	549.62	677.65	1.9589	0.94589	1.4262	563.17	0.017833	5.3245e-05	0.075441	supercritical
574.0	732.5	571.14	0.0017509	549.31	677.57	1.9578	0.94603	1.4263	564.44	0.017454	5.3397e-05	0.075597	supercritical
574.0	735.75	572.68	0.0017462	549.01	677.49	1.9567	0.94618	1.4264	565.71	0.017078	5.355e-05	0.075752	supercritical
574.0	739.0	574.2	0.0017415	548.71	677.41	1.9556	0.94633	1.4265	566.98	0.016705	5.3702e-05	0.075908	supercritical
574.0	742.25	575.72	0.0017369	548.41	677.33	1.9544	0.94648	1.4266	568.25	0.016336	5.3854e-05	0.076063	supercritical
574.0	745.5	577.24	0.0017324	548.11	677.26	1.9533	0.94662	1.4267	569.51	0.01597	5.4006e-05	0.076217	supercritical
574.0	748.75	578.74	0.0017279	547.81	677.18	1.9522	0.94677	1.4267	570.78	0.015607	5.4158e-05	0.076371	supercritical
574.0	752.0	580.24	0.0017234	547.51	677.11	1.9511	0.94691	1.4268	572.04	0.015248	5.431e-05	0.076525	supercritical
574.0	755.25	581.74	0.001719	547.21	677.04	1.95	0.94706	1.4269	573.31	0.014891	5.4462e-05	0.076679	supercritical
574.0	758.5	583.22	0.0017146	546.92	676.97	1.9489	0.94721	1.4269	574.57	0.014538	5.4614e-05	0.076832	supercritical
574.0	761.75	584.7	0.0017103	546.63	676.91	1.9478	0.94735	1.427	575.83	0.014187	5.4765e-05	0.076985	supercritical
574.0	765.0	586.18	0.001706	546.33	676.84	1.9468	0.94749	1.4271	577.09	0.01384	5.4917e-05	0.077137	supercritical
574.0	768.25	587.64	0.0017017	546.04	676.78	1.9457	0.94764	1.4271	578.34	0.013496	5.5068e-05	0.077289	supercritical
574.0	771.5	589.1	0.0016975	545.75	676.72	1.9446	0.94778	1.4272	579.6	0.013155	5.522e-05	0.077441	supercritical
574.0	774.75	590.56	0.0016933	545.47	676.66	1.9436	0.94793	1.4272	580.86	0.012817	5.5371e-05	0.077592	supercritical
574.0	778.0	592.0	0.0016892	545.18	676.6	1.9425	0.94807	1.4273	582.11	0.012481	5.5522e-05	0.077743	supercritical
574.0	781.25	593.44	0.0016851	544.89	676.54	1.9414	0.94821	1.4273	583.36	0.012149	5.5673e-05	0.077894	supercritical
574.0	784.5	594.88	0.001681	544.61	676.48	1.9404	0.94836	1.4274	584.62	0.011819	5.5824e-05	0.078045	supercritical
574.0	787.75	596.31	0.001677	544.33	676.43	1.9393	0.9485	1.4274	585.87	0.011493	5.5975e-05	0.078195	supercritical
574.0	791.0	597.73	0.001673	544.04	676.38	1.9383	0.94864	1.4274	587.12	0.011169	5.6126e-05	0.078344	supercritical
574.0	794.25	599.14	0.001669	543.76	676.33	1.9373	0.94878	1.4275	588.36	0.010847	5.6276e-05	0.078494	supercritical
574.0	797.5	600.55	0.0016651	543.48	676.28	1.9362	0.94892	1.4275	589.61	0.010529	5.6427e-05	0.078643	supercritical
574.0	800.75	601.96	0.0016612	543.2	676.23	1.9352	0.94906	1.4275	590.86	0.010213	5.6577e-05	0.078792	supercritical
574.0	804.0	603.35	0.0016574	542.93	676.18	1.9342	0.94921	1.4275	592.1	0.0099004	5.6728e-05	0.07894	supercritical
574.0	807.25	604.75	0.0016536	542.65	676.14	1.9332	0.94935	1.4276	593.34	0.0095901	5.6878e-05	0.079088	supercritical
574.0	810.5	606.13	0.0016498	542.38	676.09	1.9322	0.94949	1.4276	594.58	0.0092824	5.7028e-05	0.079236	supercritical
574.0	813.75	607.51	0.0016461	542.1	676.05	1.9312	0.94963	1.4276	595.82	0.0089773	5.7178e-05	0.079384	supercritical
574.0	817.0	608.88	0.0016424	541.83	676.01	1.9302	0.94977	1.4276	597.06	0.0086748	5.7328e-05	0.079531	supercritical
574.0	820.25	610.25	0.0016387	541.56	675.97	1.9292	0.94991	1.4276	598.3	0.0083749	5.7478e-05	0.079678	supercritical
574.0	823.5	611.61	0.001635	541.29	675.93	1.9282	0.95005	1.4276	599.54	0.0080774	5.7627e-05	0.079825	supercritical
574.0	826.75	612.97	0.0016314	541.02	675.9	1.9272	0.95019	1.4276	600.77	0.0077825	5.7777e-05	0.079971	supercritical
574.0	830.0	614.32	0.0016278	540.75	675.86	1.9262	0.95032	1.4276	602.0	0.00749	5.7927e-05	0.080117	supercritical
574.0	833.25	615.66	0.0016243	540.48	675.83	1.9252	0.95046	1.4276	603.24	0.0072	5.8076e-05	0.080263	supercritical
574.0	836.5	617.0	0.0016207	540.22	675.79	1.9242	0.9506	1.4276	604.47	0.0069124	5.8225e-05	0.080408	supercritical
574.0	839.75	618.33	0.0016172	539.95	675.76	1.9233	0.95074	1.4276	605.7	0.0066271	5.8374e-05	0.080553	supercritical
574.0	843.0	619.66	0.0016138	539.69	675.73	1.9223	0.95088	1.4276	606.92	0.0063443	5.8523e-05	0.080698	supercritical
574.0	846.25	620.98	0.0016103	539.43	675.7	1.9213	0.95102	1.4276	608.15	0.0060638	5.8672e-05	0.080842	supercritical
574.0	849.5	622.3	0.0016069	539.17	675.68	1.9204	0.95115	1.4276	609.38	0.0057855	5.8821e-05	0.080987	supercritical
574.0	852.75	623.61	0.0016036	538.91	675.65	1.9194	0.95129	1.4276	610.6	0.0055096	5.8969e-05	0.081131	supercritical
574.0	856.0	624.92	0.0016002	538.65	675.62	1.9185	0.95143	1.4276	611.82	0.0052359	5.9118e-05	0.081274	supercritical
574.0	859.25	626.22	0.0015969	538.39	675.6	1.9175	0.95157	1.4276	613.04	0.0049645	5.9266e-05	0.081418	supercritical
574.0	862.5	627.51	0.0015936	538.13	675.58	1.9166	0.9517	1.4276	614.26	0.0046953	5.9415e-05	0.081561	supercritical
574.0	865.75	628.8	0.0015903	537.87	675.56	1.9156	0.95184	1.4276	615.48	0.0044282	5.9563e-05	0.081704	supercritical
574.0	869.0	630.08	0.0015871	537.62	675.54	1.9147	0.95198	1.4275	616.7	0.0041633	5.9711e-05	0.081846	supercritical
574.0	872.25	631.36	0.0015839	537.37	675.52	1.9138	0.95211	1.4275	617.91	0.0039006	5.9859e-05	0.081989	supercritical
574.0	875.5	632.64	0.0015807	537.11	675.5	1.9129	0.95225	1.4275	619.13	0.00364	6.0007e-05	0.082131	supercritical
574.0	878.75	633.91	0.0015775	536.86	675.48	1.9119	0.95238	1.4275	620.34	0.0033815	6.0154e-05	0.082273	supercritical
574.0	882.0	635.17	0.0015744	536.61	675.47	1.911	0.95252	1.4274	621.55	0.003125	6.0302e-05	0.082414	supercritical
574.0	885.25	636.43	0.0015713	536.36	675.46	1.9101	0.95265	1.4274	622.76	0.0028706	6.0449e-05	0.082555	supercritical
574.0	888.5	637.68	0.0015682	536.11	675.44	1.9092	0.95279	1.4274	623.97	0.0026182	6.0597e-05	0.082696	supercritical
574.0	891.75	638.93	0.0015651	535.86	675.43	1.9083	0.95293	1.4274	625.17	0.0023679	6.0744e-05	0.082837	supercritical
574.0	895.0	640.17	0.0015621	535.61	675.42	1.9074	0.95306	1.4273	626.38	0.0021195	6.0891e-05	0.082978	supercritical
574.0	898.25	641.41	0.0015591	535.37	675.41	1.9065	0.9532	1.4273	627.58	0.001873	6.1038e-05	0.083118	supercritical
574.0	901.5	642.64	0.0015561	535.12	675.4	1.9056	0.95333	1.4273	628.78	0.0016286	6.1185e-05	0.083258	supercritical
574.0	904.75	643.87	0.0015531	534.88	675.4	1.9047	0.95346	1.4272	629.99	0.001386	6.1331e-05	0.083398	supercritical
574.0	908.0	645.09	0.0015502	534.64	675.39	1.9038	0.9536	1.4272	631.18	0.0011453	6.1478e-05	0.083537	supercritical
574.0	911.25	646.31	0.0015472	534.39	675.39	1.9029	0.95373	1.4271	632.38	0.00090652	6.1624e-05	0.083676	supercritical
574.0	914.5	647.53	0.0015443	534.15	675.38	1.902	0.95387	1.4271	633.58	0.00066958	6.1771e-05	0.083815	supercritical
574.0	917.75	648.73	0.0015415	533.91	675.38	1.9012	0.954	1.4271	634.77	0.00043448	6.1917e-05	0.083954	supercritical
574.0	921.0	649.94	0.0015386	533.67	675.38	1.9003	0.95414	1.427	635.97	0.0002012	6.2063e-05	0.084093	supercritical
574.0	924.25	651.14	0.0015358	533.43	675.38	1.8994	0.95427	1.427	637.16	-3.0287e-05	6.2209e-05	0.084231	supercritical
574.0	927.5	652.33	0.001533	533.2	675.38	1.8985	0.9544	1.4269	638.35	-0.00025999	6.2355e-05	0.084369	supercritical
574.0	930.75	653.52	0.0015302	532.96	675.38	1.8977	0.95454	1.4269	639.54	-0.00048794	6.25e-05	0.084507	supercritical
574.0	934.0	654.71	0.0015274	532.72	675.38	1.8968	0.95467	1.4268	640.73	-0.00071414	6.2646e-05	0.084644	supercritical
574.0	937.25	655.89	0.0015246	532.49	675.39	1.896	0.9548	1.4268	641.92	-0.00093862	6.2791e-05	0.084782	supercritical
574.0	940.5	657.07	0.0015219	532.26	675.39	1.8951	0.95494	1.4267	643.1	-0.0011614	6.2937e-05	0.084919	supercritical
574.0	943.75	658.24	0.0015192	532.02	675.4	1.8943	0.95507	1.4267	644.28	-0.0013825	6.3082e-05	0.085056	supercritical
574.0	947.0	659.41	0.0015165	531.79	675.4	1.8934	0.9552	1.4266	645.47	-0.0016019	6.3227e-05	0.085192	supercritical
574.0	950.25	660.57	0.0015138	531.56	675.41	1.8926	0.95533	1.4266	646.65	-0.0018197	6.3372e-05	0.085329	supercritical
574.0	953.5	661.73	0.0015112	531.33	675.42	1.8917	0.95547	1.4265	647.83	-0.0020358	6.3517e-05	0.085465	supercritical
574.0	956.75	662.88	0.0015086	531.1	675.43	1.8909	0.9556	1.4265	649.0	-0.0022503	6.3662e-05	0.085601	supercritical
574.0	960.0	664.03	0.001506	530.87	675.44	1.89	0.95573	1.4264	650.18	-0.0024632	6.3806e-05	0.085737	supercritical
574.0	963.25	665.18	0.0015034	530.64	675.45	1.8892	0.95586	1.4264	651.36	-0.0026745	6.3951e-05	0.085873	supercritical
574.0	966.5	666.32	0.0015008	530.42	675.47	1.8884	0.95599	1.4263	652.53	-0.0028843	6.4095e-05	0.086008	supercritical
574.0	969.75	667.45	0.0014982	530.19	675.48	1.8876	0.95613	1.4263	653.7	-0.0030925	6.4239e-05	0.086143	supercritical
574.0	973.0	668.59	0.0014957	529.96	675.5	1.8867	0.95626	1.4262	654.87	-0.0032992	6.4383e-05	0.086278	supercritical
574.0	976.25	669.71	0.0014932	529.74	675.51	1.8859	0.95639	1.4261	656.04	-0.0035043	6.4527e-05	0.086413	supercritical
574.0	979.5	670.84	0.0014907	529.52	675.53	1.8851	0.95652	1.4261	657.21	-0.0037079	6.4671e-05	0.086547	supercritical
574.0	982.75	671.96	0.0014882	529.29	675.55	1.8843	0.95665	1.426	658.38	-0.0039101	6.4815e-05	0.086682	supercritical
574.0	986.0	673.07	0.0014857	529.07	675.56	1.8835	0.95678	1.4259	659.54	-0.0041108	6.4958e-05	0.086816	supercritical
574.0	989.25	674.18	0.0014833	528.85	675.58	1.8827	0.95692	1.4259	660.71	-0.00431	6.5102e-05	0.08695	supercritical
574.0	992.5	675.29	0.0014808	528.63	675.6	1.8819	0.95705	1.4258	661.87	-0.0045078	6.5245e-05	0.087083	supercritical
574.0	995.75	676.39	0.0014784	528.41	675.63	1.8811	0.95718	1.4258	663.03	-0.0047041	6.5388e-05	0.087217	supercritical
574.0	999.0	677.49	0.001476	528.19	675.65	1.8803	0.95731	1.4257	664.19	-0.004899	6.5531e-05	0.08735	supercritical
574.0	1002.2	678.59	0.0014736	527.98	675.67	1.8795	0.95744	1.4256	665.35	-0.0050925	6.5674e-05	0.087483	supercritical
574.0	1005.5	679.68	0.0014713	527.76	675.7	1.8787	0.95757	1.4256	666.5	-0.0052846	6.5817e-05	0.087616	supercritical
574.0	1008.8	680.77	0.0014689	527.54	675.72	1.8779	0.9577	1.4255	667.66	-0.0054754	6.5959e-05	0.087749	supercritical
574.0	1012.0	681.85	0.0014666	527.33	675.75	1.8771	0.95783	1.4254	668.81	-0.0056648	6.6102e-05	0.087882	supercritical
574.0	1015.2	682.93	0.0014643	527.11	675.77	1.8763	0.95796	1.4253	669.96	-0.0058528	6.6244e-05	0.088014	supercritical
574.0	1018.5	684.01	0.001462	526.9	675.8	1.8756	0.95809	1.4253	671.12	-0.0060395	6.6387e-05	0.088146	supercritical
574.0	1021.8	685.08	0.0014597	526.69	675.83	1.8748	0.95822	1.4252	672.27	-0.0062249	6.6529e-05	0.088278	supercritical
574.0	1025.0	686.14	0.0014574	526.47	675.86	1.874	0.95835	1.4251	673.41	-0.0064089	6.6671e-05	0.08841	supercritical
574.0	1028.2	687.21	0.0014552	526.26	675.89	1.8732	0.95848	1.4251	674.56	-0.0065917	6.6813e-05	0.088542	supercritical
574.0	1031.5	688.27	0.0014529	526.05	675.92	1.8725	0.95861	1.425	675.71	-0.0067731	6.6955e-05	0.088673	supercritical
574.0	1034.8	689.32	0.0014507	525.84	675.95	1.8717	0.95874	1.4249	676.85	-0.0069533	6.7096e-05	0.088805	supercritical
574.0	1038.0	690.38	0.0014485	525.63	675.98	1.8709	0.95887	1.4248	677.99	-0.0071323	6.7238e-05	0.088936	supercritical
574.0	1041.2	691.43	0.0014463	525.42	676.02	1.8702	0.959	1.4248	679.13	-0.00731	6.7379e-05	0.089067	supercritical
574.0	1044.5	692.47	0.0014441	525.21	676.05	1.8694	0.95913	1.4247	680.27	-0.0074864	6.7521e-05	0.089197	supercritical
574.0	1047.8	693.51	0.0014419	525.01	676.09	1.8687	0.95926	1.4246	681.41	-0.0076616	6.7662e-05	0.089328	supercritical
574.0	1051.0	694.55	0.0014398	524.8	676.12	1.8679	0.95939	1.4245	682.55	-0.0078356	6.7803e-05	0.089458	supercritical
574.0	1054.2	695.58	0.0014376	524.6	676.16	1.8671	0.95952	1.4245	683.68	-0.0080084	6.7944e-05	0.089589	supercritical
574.0	1057.5	696.61	0.0014355	524.39	676.2	1.8664	0.95965	1.4244	684.82	-0.00818	6.8084e-05	0.089719	supercritical
574.0	1060.8	697.64	0.0014334	524.19	676.23	1.8657	0.95978	1.4243	685.95	-0.0083504	6.8225e-05	0.089849	supercritical
574.0	1064.0	698.66	0.0014313	523.98	676.27	1.8649	0.95991	1.4242	687.08	-0.0085196	6.8366e-05	0.089978	supercritical
574.0	1067.2	699.68	0.0014292	523.78	676.31	1.8642	0.96004	1.4241	688.21	-0.0086877	6.8506e-05	0.090108	supercritical
574.0	1070.5	700.7	0.0014271	523.58	676.35	1.8634	0.96017	1.4241	689.34	-0.0088546	6.8646e-05	0.090237	supercritical
574.0	1073.8	701.71	0.0014251	523.38	676.4	1.8627	0.9603	1.424	690.46	-0.0090204	6.8786e-05	0.090367	supercritical
574.0	1077.0	702.72	0.001423	523.18	676.44	1.862	0.96042	1.4239	691.59	-0.009185	6.8926e-05	0.090496	supercritical
574.0	1080.2	703.73	0.001421	522.98	676.48	1.8612	0.96055	1.4238	692.71	-0.0093485	6.9066e-05	0.090625	supercritical
574.0	1083.5	704.73	0.001419	522.78	676.52	1.8605	0.96068	1.4237	693.84	-0.0095109	6.9206e-05	0.090753	supercritical
574.0	1086.8	705.73	0.001417	522.58	676.57	1.8598	0.96081	1.4237	694.96	-0.0096722	6.9346e-05	0.090882	supercritical
574.0	1090.0	706.72	0.001415	522.38	676.61	1.8591	0.96094	1.4236	696.08	-0.0098325	6.9485e-05	0.091011	supercritical
574.0	1093.2	707.72	0.001413	522.18	676.66	1.8583	0.96107	1.4235	697.19	-0.0099916	6.9625e-05	0.091139	supercritical
574.0	1096.5	708.7	0.001411	521.99	676.71	1.8576	0.9612	1.4234	698.31	-0.01015	6.9764e-05	0.091267	supercritical
574.0	1099.8	709.69	0.0014091	521.79	676.75	1.8569	0.96132	1.4233	699.43	-0.010307	6.9903e-05	0.091395	supercritical
574.0	1103.0	710.67	0.0014071	521.6	676.8	1.8562	0.96145	1.4232	700.54	-0.010463	7.0042e-05	0.091523	supercritical
574.0	1106.2	711.65	0.0014052	521.4	676.85	1.8555	0.96158	1.4232	701.65	-0.010617	7.0181e-05	0.091651	supercritical
574.0	1109.5	712.63	0.0014033	521.21	676.9	1.8548	0.96171	1.4231	702.76	-0.010771	7.032e-05	0.091778	supercritical
574.0	1112.8	713.6	0.0014013	521.01	676.95	1.8541	0.96184	1.423	703.87	-0.010924	7.0459e-05	0.091906	supercritical
574.0	1116.0	714.57	0.0013994	520.82	677.0	1.8534	0.96197	1.4229	704.98	-0.011076	7.0597e-05	0.092033	supercritical
574.0	1119.2	715.53	0.0013976	520.63	677.05	1.8527	0.96209	1.4228	706.09	-0.011227	7.0736e-05	0.09216	supercritical
574.0	1122.5	716.49	0.0013957	520.44	677.1	1.852	0.96222	1.4227	707.19	-0.011376	7.0874e-05	0.092287	supercritical
574.0	1125.8	717.45	0.0013938	520.25	677.16	1.8513	0.96235	1.4227	708.3	-0.011525	7.1012e-05	0.092414	supercritical
574.0	1129.0	718.41	0.001392	520.06	677.21	1.8506	0.96248	1.4226	709.4	-0.011673	7.115e-05	0.092541	supercritical
574.0	1132.2	719.36	0.0013901	519.87	677.27	1.8499	0.9626	1.4225	710.5	-0.01182	7.1288e-05	0.092667	supercritical
574.0	1135.5	720.31	0.0013883	519.68	677.32	1.8492	0.96273	1.4224	711.6	-0.011966	7.1426e-05	0.092794	supercritical
574.0	1138.8	721.26	0.0013865	519.49	677.38	1.8485	0.96286	1.4223	712.7	-0.012111	7.1564e-05	0.09292	supercritical
574.0	1142.0	722.2	0.0013847	519.31	677.43	1.8478	0.96299	1.4222	713.8	-0.012254	7.1701e-05	0.093046	supercritical
574.0	1145.2	723.14	0.0013829	519.12	677.49	1.8471	0.96312	1.4221	714.89	-0.012397	7.1839e-05	0.093172	supercritical
574.0	1148.5	724.08	0.0013811	518.93	677.55	1.8464	0.96324	1.4221	715.98	-0.012539	7.1976e-05	0.093298	supercritical
574.0	1151.8	725.02	0.0013793	518.75	677.61	1.8458	0.96337	1.422	717.08	-0.012681	7.2113e-05	0.093424	supercritical
574.0	1155.0	725.95	0.0013775	518.56	677.66	1.8451	0.9635	1.4219	718.17	-0.012821	7.2251e-05	0.093549	supercritical
574.0	1158.2	726.88	0.0013758	518.38	677.72	1.8444	0.96362	1.4218	719.26	-0.01296	7.2387e-05	0.093675	supercritical
574.0	1161.5	727.8	0.001374	518.19	677.78	1.8437	0.96375	1.4217	720.35	-0.013098	7.2524e-05	0.0938	supercritical
574.0	1164.8	728.72	0.0013723	518.01	677.84	1.8431	0.96388	1.4216	721.43	-0.013236	7.2661e-05	0.093925	supercritical
574.0	1168.0	729.64	0.0013705	517.83	677.91	1.8424	0.96401	1.4215	722.52	-0.013372	7.2798e-05	0.094051	supercritical
574.0	1171.2	730.56	0.0013688	517.65	677.97	1.8417	0.96413	1.4214	723.6	-0.013508	7.2934e-05	0.094176	supercritical
574.0	1174.5	731.47	0.0013671	517.46	678.03	1.8411	0.96426	1.4214	724.68	-0.013643	7.3071e-05	0.0943	supercritical
574.0	1177.8	732.38	0.0013654	517.28	678.09	1.8404	0.96439	1.4213	725.77	-0.013777	7.3207e-05	0.094425	supercritical
574.0	1181.0	733.29	0.0013637	517.1	678.16	1.8397	0.96451	1.4212	726.84	-0.01391	7.3343e-05	0.09455	supercritical
574.0	1184.2	734.2	0.001362	516.92	678.22	1.8391	0.96464	1.4211	727.92	-0.014042	7.3479e-05	0.094674	supercritical
574.0	1187.5	735.1	0.0013604	516.75	678.29	1.8384	0.96477	1.421	729.0	-0.014173	7.3615e-05	0.094799	supercritical
574.0	1190.8	736.0	0.0013587	516.57	678.35	1.8378	0.96489	1.4209	730.08	-0.014304	7.3751e-05	0.094923	supercritical
574.0	1194.0	736.9	0.001357	516.39	678.42	1.8371	0.96502	1.4208	731.15	-0.014433	7.3887e-05	0.095047	supercritical
574.0	1197.2	737.79	0.0013554	516.21	678.49	1.8365	0.96515	1.4207	732.22	-0.014562	7.4022e-05	0.095171	supercritical
574.0	1200.5	738.68	0.0013538	516.03	678.55	1.8358	0.96527	1.4207	733.29	-0.01469	7.4158e-05	0.095295	supercritical
574.0	1203.8	739.57	0.0013521	515.86	678.62	1.8352	0.9654	1.4206	734.36	-0.014817	7.4293e-05	0.095419	supercritical
574.0	1207.0	740.45	0.0013505	515.68	678.69	1.8345	0.96553	1.4205	735.43	-0.014944	7.4428e-05	0.095542	supercritical
574.0	1210.2	741.34	0.0013489	515.51	678.76	1.8339	0.96565	1.4204	736.5	-0.015069	7.4564e-05	0.095666	supercritical
574.0	1213.5	742.22	0.0013473	515.33	678.83	1.8332	0.96578	1.4203	737.56	-0.015194	7.4699e-05	0.095789	supercritical
574.0	1216.8	743.09	0.0013457	515.16	678.9	1.8326	0.96591	1.4202	738.63	-0.015318	7.4833e-05	0.095913	supercritical
574.0	1220.0	743.97	0.0013441	514.99	678.97	1.832	0.96603	1.4201	739.69	-0.015441	7.4968e-05	0.096036	supercritical
574.0	1223.2	744.84	0.0013426	514.81	679.04	1.8313	0.96616	1.42	740.75	-0.015563	7.5103e-05	0.096159	supercritical
574.0	1226.5	745.71	0.001341	514.64	679.12	1.8307	0.96629	1.42	741.81	-0.015685	7.5238e-05	0.096282	supercritical
574.0	1229.8	746.58	0.0013394	514.47	679.19	1.8301	0.96641	1.4199	742.87	-0.015806	7.5372e-05	0.096405	supercritical
574.0	1233.0	747.44	0.0013379	514.3	679.26	1.8294	0.96654	1.4198	743.92	-0.015926	7.5506e-05	0.096528	supercritical
574.0	1236.2	748.3	0.0013364	514.13	679.34	1.8288	0.96666	1.4197	744.98	-0.016045	7.5641e-05	0.096651	supercritical
574.0	1239.5	749.16	0.0013348	513.96	679.41	1.8282	0.96679	1.4196	746.03	-0.016163	7.5775e-05	0.096773	supercritical
574.0	1242.8	750.02	0.0013333	513.79	679.48	1.8275	0.96692	1.4195	747.09	-0.016281	7.5909e-05	0.096896	supercritical
574.0	1246.0	750.87	0.0013318	513.62	679.56	1.8269	0.96704	1.4194	748.14	-0.016398	7.6043e-05	0.097018	supercritical
574.0	1249.2	751.72	0.0013303	513.45	679.64	1.8263	0.96717	1.4194	749.19	-0.016515	7.6176e-05	0.09714	supercritical
574.0	1252.5	752.57	0.0013288	513.28	679.71	1.8257	0.96729	1.4193	750.23	-0.01663	7.631e-05	0.097262	supercritical
574.0	1255.8	753.41	0.0013273	513.11	679.79	1.8251	0.96742	1.4192	751.28	-0.016745	7.6444e-05	0.097385	supercritical
574.0	1259.0	754.26	0.0013258	512.95	679.87	1.8244	0.96755	1.4191	752.33	-0.016859	7.6577e-05	0.097507	supercritical
574.0	1262.2	755.1	0.0013243	512.78	679.94	1.8238	0.96767	1.419	753.37	-0.016972	7.6711e-05	0.097628	supercritical
574.0	1265.5	755.94	0.0013229	512.62	680.02	1.8232	0.9678	1.4189	754.41	-0.017085	7.6844e-05	0.09775	supercritical
574.0	1268.8	756.77	0.0013214	512.45	680.1	1.8226	0.96792	1.4188	755.45	-0.017197	7.6977e-05	0.097872	supercritical
574.0	1272.0	757.61	0.0013199	512.28	680.18	1.822	0.96805	1.4188	756.49	-0.017308	7.711e-05	0.097993	supercritical
574.0	1275.2	758.44	0.0013185	512.12	680.26	1.8214	0.96817	1.4187	757.53	-0.017419	7.7243e-05	0.098115	supercritical
574.0	1278.5	759.27	0.0013171	511.96	680.34	1.8208	0.9683	1.4186	758.57	-0.017529	7.7376e-05	0.098236	supercritical
574.0	1281.8	760.09	0.0013156	511.79	680.42	1.8202	0.96842	1.4185	759.6	-0.017638	7.7508e-05	0.098358	supercritical
574.0	1285.0	760.92	0.0013142	511.63	680.5	1.8196	0.96855	1.4184	760.64	-0.017747	7.7641e-05	0.098479	supercritical
574.0	1288.2	761.74	0.0013128	511.47	680.59	1.819	0.96868	1.4183	761.67	-0.017854	7.7774e-05	0.0986	supercritical
574.0	1291.5	762.56	0.0013114	511.31	680.67	1.8184	0.9688	1.4182	762.7	-0.017962	7.7906e-05	0.098721	supercritical
574.0	1294.8	763.37	0.00131	511.14	680.75	1.8178	0.96893	1.4182	763.73	-0.018068	7.8038e-05	0.098842	supercritical
574.0	1298.0	764.19	0.0013086	510.98	680.84	1.8172	0.96905	1.4181	764.76	-0.018174	7.817e-05	0.098963	supercritical
574.0	1301.2	765.0	0.0013072	510.82	680.92	1.8166	0.96918	1.418	765.78	-0.018279	7.8303e-05	0.099084	supercritical
574.0	1304.5	765.81	0.0013058	510.66	681.0	1.816	0.9693	1.4179	766.81	-0.018384	7.8435e-05	0.099204	supercritical
574.0	1307.8	766.62	0.0013044	510.5	681.09	1.8154	0.96943	1.4178	767.83	-0.018488	7.8566e-05	0.099325	supercritical
574.0	1311.0	767.42	0.0013031	510.34	681.17	1.8148	0.96955	1.4177	768.86	-0.018591	7.8698e-05	0.099445	supercritical
574.0	1314.2	768.23	0.0013017	510.18	681.26	1.8142	0.96968	1.4177	769.88	-0.018694	7.883e-05	0.099566	supercritical
574.0	1317.5	769.03	0.0013003	510.03	681.35	1.8136	0.9698	1.4176	770.9	-0.018796	7.8961e-05	0.099686	supercritical
574.0	1320.8	769.82	0.001299	509.87	681.43	1.8131	0.96993	1.4175	771.92	-0.018897	7.9093e-05	0.099806	supercritical
574.0	1324.0	770.62	0.0012977	509.71	681.52	1.8125	0.97005	1.4174	772.93	-0.018998	7.9224e-05	0.099927	supercritical
574.0	1327.2	771.41	0.0012963	509.55	681.61	1.8119	0.97018	1.4173	773.95	-0.019098	7.9356e-05	0.10005	supercritical
574.0	1330.5	772.21	0.001295	509.4	681.7	1.8113	0.9703	1.4173	774.96	-0.019197	7.9487e-05	0.10017	supercritical
574.0	1333.8	772.99	0.0012937	509.24	681.79	1.8107	0.97043	1.4172	775.98	-0.019296	7.9618e-05	0.10029	supercritical
574.0	1337.0	773.78	0.0012924	509.09	681.88	1.8102	0.97055	1.4171	776.99	-0.019395	7.9749e-05	0.10041	supercritical
574.0	1340.2	774.57	0.001291	508.93	681.96	1.8096	0.97068	1.417	778.0	-0.019492	7.988e-05	0.10053	supercritical
574.0	1343.5	775.35	0.0012897	508.78	682.05	1.809	0.9708	1.4169	779.0	-0.019589	8.001e-05	0.10065	supercritical
574.0	1346.8	776.13	0.0012884	508.62	682.14	1.8084	0.97093	1.4168	780.01	-0.019686	8.0141e-05	0.10077	supercritical
574.0	1350.0	776.91	0.0012872	508.47	682.24	1.8079	0.97105	1.4168	781.02	-0.019782	8.0272e-05	0.10088	supercritical
574.0	1353.2	777.68	0.0012859	508.32	682.33	1.8073	0.97118	1.4167	782.02	-0.019877	8.0402e-05	0.101	supercritical
574.0	1356.5	778.46	0.0012846	508.16	682.42	1.8067	0.9713	1.4166	783.02	-0.019972	8.0532e-05	0.10112	supercritical
574.0	1359.8	779.23	0.0012833	508.01	682.51	1.8062	0.97143	1.4165	784.03	-0.020066	8.0663e-05	0.10124	supercritical
574.0	1363.0	780.0	0.001282	507.86	682.6	1.8056	0.97155	1.4164	785.03	-0.02016	8.0793e-05	0.10136	supercritical
574.0	1366.2	780.77	0.0012808	507.71	682.7	1.805	0.97167	1.4164	786.03	-0.020253	8.0923e-05	0.10148	supercritical
574.0	1369.5	781.53	0.0012795	507.56	682.79	1.8045	0.9718	1.4163	787.02	-0.020346	8.1053e-05	0.1016	supercritical
574.0	1372.8	782.3	0.0012783	507.41	682.88	1.8039	0.97192	1.4162	788.02	-0.020438	8.1183e-05	0.10172	supercritical
574.0	1376.0	783.06	0.001277	507.26	682.98	1.8034	0.97205	1.4161	789.01	-0.020529	8.1313e-05	0.10184	supercritical
574.0	1379.2	783.82	0.0012758	507.11	683.07	1.8028	0.97217	1.4161	790.01	-0.02062	8.1442e-05	0.10196	supercritical
574.0	1382.5	784.58	0.0012746	506.96	683.17	1.8022	0.9723	1.416	791.0	-0.02071	8.1572e-05	0.10208	supercritical
574.0	1385.8	785.33	0.0012733	506.81	683.26	1.8017	0.97242	1.4159	791.99	-0.0208	8.1701e-05	0.10219	supercritical
574.0	1389.0	786.09	0.0012721	506.66	683.36	1.8011	0.97254	1.4158	792.98	-0.020889	8.1831e-05	0.10231	supercritical
574.0	1392.2	786.84	0.0012709	506.51	683.46	1.8006	0.97267	1.4157	793.97	-0.020978	8.196e-05	0.10243	supercritical
574.0	1395.5	787.59	0.0012697	506.37	683.55	1.8	0.97279	1.4157	794.95	-0.021066	8.2089e-05	0.10255	supercritical
574.0	1398.8	788.33	0.0012685	506.22	683.65	1.7995	0.97292	1.4156	795.94	-0.021154	8.2219e-05	0.10267	supercritical
574.0	1402.0	789.08	0.0012673	506.07	683.75	1.7989	0.97304	1.4155	796.92	-0.021241	8.2348e-05	0.10279	supercritical
574.0	1405.2	789.82	0.0012661	505.93	683.85	1.7984	0.97317	1.4154	797.9	-0.021327	8.2476e-05	0.10291	supercritical
574.0	1408.5	790.56	0.0012649	505.78	683.94	1.7978	0.97329	1.4154	798.88	-0.021414	8.2605e-05	0.10302	supercritical
574.0	1411.8	791.3	0.0012637	505.63	684.04	1.7973	0.97341	1.4153	799.86	-0.021499	8.2734e-05	0.10314	supercritical
574.0	1415.0	792.04	0.0012626	505.49	684.14	1.7967	0.97354	1.4152	800.84	-0.021584	8.2863e-05	0.10326	supercritical
574.0	1418.2	792.78	0.0012614	505.34	684.24	1.7962	0.97366	1.4151	801.82	-0.021669	8.2991e-05	0.10338	supercritical
574.0	1421.5	793.51	0.0012602	505.2	684.34	1.7957	0.97379	1.4151	802.79	-0.021753	8.312e-05	0.1035	supercritical
574.0	1424.8	794.24	0.0012591	505.06	684.44	1.7951	0.97391	1.415	803.77	-0.021837	8.3248e-05	0.10361	supercritical
574.0	1428.0	794.97	0.0012579	504.91	684.54	1.7946	0.97403	1.4149	804.74	-0.02192	8.3377e-05	0.10373	supercritical
574.0	1431.2	795.7	0.0012568	504.77	684.64	1.7941	0.97416	1.4149	805.71	-0.022002	8.3505e-05	0.10385	supercritical
574.0	1434.5	796.43	0.0012556	504.63	684.74	1.7935	0.97428	1.4148	806.68	-0.022084	8.3633e-05	0.10397	supercritical
574.0	1437.8	797.15	0.0012545	504.48	684.85	1.793	0.9744	1.4147	807.65	-0.022166	8.3761e-05	0.10408	supercritical
574.0	1441.0	797.87	0.0012533	504.34	684.95	1.7925	0.97453	1.4146	808.62	-0.022247	8.3889e-05	0.1042	supercritical
574.0	1444.2	798.59	0.0012522	504.2	685.05	1.7919	0.97465	1.4146	809.58	-0.022328	8.4017e-05	0.10432	supercritical
574.0	1447.5	799.31	0.0012511	504.06	685.15	1.7914	0.97478	1.4145	810.55	-0.022408	8.4144e-05	0.10444	supercritical
574.0	1450.8	800.03	0.00125	503.92	685.26	1.7909	0.9749	1.4144	811.51	-0.022488	8.4272e-05	0.10455	supercritical
574.0	1454.0	800.75	0.0012488	503.78	685.36	1.7903	0.97502	1.4144	812.47	-0.022567	8.44e-05	0.10467	supercritical
574.0	1457.2	801.46	0.0012477	503.64	685.46	1.7898	0.97515	1.4143	813.43	-0.022646	8.4527e-05	0.10479	supercritical
574.0	1460.5	802.17	0.0012466	503.5	685.57	1.7893	0.97527	1.4142	814.39	-0.022724	8.4655e-05	0.10491	supercritical
574.0	1463.8	802.88	0.0012455	503.36	685.67	1.7888	0.97539	1.4141	815.35	-0.022802	8.4782e-05	0.10502	supercritical
574.0	1467.0	803.59	0.0012444	503.22	685.78	1.7882	0.97552	1.4141	816.31	-0.02288	8.4909e-05	0.10514	supercritical
574.0	1470.2	804.29	0.0012433	503.08	685.88	1.7877	0.97564	1.414	817.26	-0.022957	8.5036e-05	0.10526	supercritical
574.0	1473.5	805.0	0.0012422	502.94	685.99	1.7872	0.97576	1.4139	818.22	-0.023033	8.5164e-05	0.10538	supercritical
574.0	1476.8	805.7	0.0012412	502.81	686.09	1.7867	0.97589	1.4139	819.17	-0.02311	8.5291e-05	0.10549	supercritical
574.0	1480.0	806.4	0.0012401	502.67	686.2	1.7862	0.97601	1.4138	820.12	-0.023185	8.5417e-05	0.10561	supercritical
574.0	1483.2	807.1	0.001239	502.53	686.31	1.7857	0.97613	1.4137	821.07	-0.023261	8.5544e-05	0.10573	supercritical
574.0	1486.5	807.8	0.0012379	502.4	686.41	1.7851	0.97626	1.4137	822.02	-0.023335	8.5671e-05	0.10584	supercritical
574.0	1489.8	808.49	0.0012369	502.26	686.52	1.7846	0.97638	1.4136	822.97	-0.02341	8.5798e-05	0.10596	supercritical
574.0	1493.0	809.19	0.0012358	502.12	686.63	1.7841	0.9765	1.4135	823.91	-0.023484	8.5924e-05	0.10608	supercritical
574.0	1496.2	809.88	0.0012348	501.99	686.74	1.7836	0.97663	1.4135	824.86	-0.023557	8.6051e-05	0.10619	supercritical
574.0	1499.5	810.57	0.0012337	501.85	686.85	1.7831	0.97675	1.4134	825.8	-0.02363	8.6177e-05	0.10631	supercritical
574.0	1502.8	811.26	0.0012327	501.72	686.95	1.7826	0.97687	1.4133	826.74	-0.023703	8.6303e-05	0.10643	supercritical
574.0	1506.0	811.95	0.0012316	501.58	687.06	1.7821	0.977	1.4133	827.68	-0.023776	8.643e-05	0.10654	supercritical
574.0	1509.2	812.63	0.0012306	501.45	687.17	1.7816	0.97712	1.4132	828.62	-0.023847	8.6556e-05	0.10666	supercritical
574.0	1512.5	813.31	0.0012295	501.32	687.28	1.7811	0.97724	1.4131	829.56	-0.023919	8.6682e-05	0.10678	supercritical
574.0	1515.8	814.0	0.0012285	501.18	687.39	1.7806	0.97736	1.4131	830.5	-0.02399	8.6808e-05	0.10689	supercritical
574.0	1519.0	814.68	0.0012275	501.05	687.5	1.7801	0.97749	1.413	831.44	-0.024061	8.6934e-05	0.10701	supercritical
574.0	1522.2	815.36	0.0012265	500.92	687.61	1.7796	0.97761	1.413	832.37	-0.024131	8.706e-05	0.10712	supercritical
574.0	1525.5	816.03	0.0012254	500.78	687.72	1.7791	0.97773	1.4129	833.3	-0.024201	8.7185e-05	0.10724	supercritical
574.0	1528.8	816.71	0.0012244	500.65	687.84	1.7786	0.97786	1.4128	834.24	-0.02427	8.7311e-05	0.10736	supercritical
574.0	1532.0	817.38	0.0012234	500.52	687.95	1.7781	0.97798	1.4128	835.17	-0.024339	8.7437e-05	0.10747	supercritical
574.0	1535.2	818.06	0.0012224	500.39	688.06	1.7776	0.9781	1.4127	836.1	-0.024408	8.7562e-05	0.10759	supercritical
574.0	1538.5	818.73	0.0012214	500.26	688.17	1.7771	0.97822	1.4126	837.02	-0.024477	8.7688e-05	0.10771	supercritical
574.0	1541.8	819.39	0.0012204	500.13	688.28	1.7766	0.97835	1.4126	837.95	-0.024545	8.7813e-05	0.10782	supercritical
574.0	1545.0	820.06	0.0012194	500.0	688.4	1.7761	0.97847	1.4125	838.88	-0.024612	8.7938e-05	0.10794	supercritical
574.0	1548.2	820.73	0.0012184	499.87	688.51	1.7756	0.97859	1.4125	839.8	-0.024679	8.8064e-05	0.10805	supercritical
574.0	1551.5	821.39	0.0012174	499.74	688.62	1.7751	0.97872	1.4124	840.72	-0.024746	8.8189e-05	0.10817	supercritical
574.0	1554.8	822.06	0.0012165	499.61	688.74	1.7746	0.97884	1.4123	841.65	-0.024813	8.8314e-05	0.10828	supercritical
574.0	1558.0	822.72	0.0012155	499.48	688.85	1.7741	0.97896	1.4123	842.57	-0.024879	8.8439e-05	0.1084	supercritical
574.0	1561.2	823.38	0.0012145	499.35	688.97	1.7736	0.97908	1.4122	843.49	-0.024944	8.8564e-05	0.10852	supercritical
574.0	1564.5	824.03	0.0012135	499.22	689.08	1.7731	0.97921	1.4122	844.4	-0.02501	8.8688e-05	0.10863	supercritical
574.0	1567.8	824.69	0.0012126	499.09	689.2	1.7726	0.97933	1.4121	845.32	-0.025075	8.8813e-05	0.10875	supercritical
574.0	1571.0	825.35	0.0012116	498.97	689.31	1.7722	0.97945	1.412	846.24	-0.025139	8.8938e-05	0.10886	supercritical
574.0	1574.2	826.0	0.0012107	498.84	689.43	1.7717	0.97957	1.412	847.15	-0.025204	8.9063e-05	0.10898	supercritical
574.0	1577.5	826.65	0.0012097	498.71	689.54	1.7712	0.9797	1.4119	848.06	-0.025268	8.9187e-05	0.10909	supercritical
574.0	1580.8	827.3	0.0012087	498.59	689.66	1.7707	0.97982	1.4119	848.98	-0.025331	8.9312e-05	0.10921	supercritical
574.0	1584.0	827.95	0.0012078	498.46	689.77	1.7702	0.97994	1.4118	849.89	-0.025394	8.9436e-05	0.10932	supercritical
574.0	1587.2	828.6	0.0012069	498.33	689.89	1.7697	0.98006	1.4117	850.8	-0.025457	8.956e-05	0.10944	supercritical
574.0	1590.5	829.24	0.0012059	498.21	690.01	1.7693	0.98018	1.4117	851.7	-0.02552	8.9684e-05	0.10956	supercritical
574.0	1593.8	829.89	0.001205	498.08	690.13	1.7688	0.98031	1.4116	852.61	-0.025582	8.9809e-05	0.10967	supercritical
574.0	1597.0	830.53	0.001204	497.96	690.24	1.7683	0.98043	1.4116	853.52	-0.025644	8.9933e-05	0.10979	supercritical
574.0	1600.2	831.17	0.0012031	497.83	690.36	1.7678	0.98055	1.4115	854.42	-0.025705	9.0057e-05	0.1099	supercritical
574.0	1603.5	831.81	0.0012022	497.71	690.48	1.7674	0.98067	1.4115	855.33	-0.025767	9.0181e-05	0.11002	supercritical
574.0	1606.8	832.45	0.0012013	497.58	690.6	1.7669	0.9808	1.4114	856.23	-0.025827	9.0304e-05	0.11013	supercritical
574.0	1610.0	833.09	0.0012004	497.46	690.72	1.7664	0.98092	1.4114	857.13	-0.025888	9.0428e-05	0.11025	supercritical
574.0	1613.2	833.73	0.0011994	497.34	690.83	1.7659	0.98104	1.4113	858.03	-0.025948	9.0552e-05	0.11036	supercritical
574.0	1616.5	834.36	0.0011985	497.21	690.95	1.7655	0.98116	1.4112	858.93	-0.026008	9.0676e-05	0.11048	supercritical
574.0	1619.8	834.99	0.0011976	497.09	691.07	1.765	0.98128	1.4112	859.83	-0.026068	9.0799e-05	0.11059	supercritical
574.0	1623.0	835.62	0.0011967	496.97	691.19	1.7645	0.98141	1.4111	860.72	-0.026127	9.0923e-05	0.11071	supercritical
574.0	1626.2	836.25	0.0011958	496.84	691.31	1.7641	0.98153	1.4111	861.62	-0.026186	9.1046e-05	0.11082	supercritical
574.0	1629.5	836.88	0.0011949	496.72	691.43	1.7636	0.98165	1.411	862.51	-0.026244	9.117e-05	0.11094	supercritical
574.0	1632.8	837.51	0.001194	496.6	691.55	1.7631	0.98177	1.411	863.4	-0.026303	9.1293e-05	0.11105	supercritical
574.0	1636.0	838.14	0.0011931	496.48	691.67	1.7627	0.98189	1.4109	864.29	-0.026361	9.1416e-05	0.11117	supercritical
574.0	1639.2	838.76	0.0011922	496.36	691.8	1.7622	0.98202	1.4109	865.18	-0.026418	9.1539e-05	0.11128	supercritical
574.0	1642.5	839.38	0.0011914	496.24	691.92	1.7617	0.98214	1.4108	866.07	-0.026476	9.1662e-05	0.1114	supercritical
574.0	1645.8	840.01	0.0011905	496.12	692.04	1.7613	0.98226	1.4108	866.96	-0.026533	9.1785e-05	0.11151	supercritical
574.0	1649.0	840.63	0.0011896	496.0	692.16	1.7608	0.98238	1.4107	867.85	-0.026589	9.1908e-05	0.11163	supercritical
574.0	1652.2	841.24	0.0011887	495.88	692.28	1.7603	0.9825	1.4107	868.73	-0.026646	9.2031e-05	0.11174	supercritical
574.0	1655.5	841.86	0.0011878	495.76	692.4	1.7599	0.98262	1.4106	869.62	-0.026702	9.2154e-05	0.11186	supercritical
574.0	1658.8	842.48	0.001187	495.64	692.53	1.7594	0.98275	1.4106	870.5	-0.026758	9.2277e-05	0.11197	supercritical
574.0	1662.0	843.09	0.0011861	495.52	692.65	1.759	0.98287	1.4105	871.38	-0.026813	9.24e-05	0.11208	supercritical
574.0	1665.2	843.71	0.0011852	495.4	692.77	1.7585	0.98299	1.4105	872.26	-0.026869	9.2522e-05	0.1122	supercritical
574.0	1668.5	844.32	0.0011844	495.28	692.9	1.7581	0.98311	1.4104	873.14	-0.026924	9.2645e-05	0.11231	supercritical
574.0	1671.8	844.93	0.0011835	495.16	693.02	1.7576	0.98323	1.4104	874.02	-0.026978	9.2767e-05	0.11243	supercritical
574.0	1675.0	845.54	0.0011827	495.04	693.14	1.7571	0.98335	1.4103	874.9	-0.027033	9.289e-05	0.11254	supercritical
574.0	1678.2	846.15	0.0011818	494.93	693.27	1.7567	0.98348	1.4103	875.78	-0.027087	9.3012e-05	0.11266	supercritical
574.0	1681.5	846.76	0.001181	494.81	693.39	1.7562	0.9836	1.4102	876.65	-0.027141	9.3134e-05	0.11277	supercritical
574.0	1684.8	847.36	0.0011801	494.69	693.52	1.7558	0.98372	1.4102	877.53	-0.027194	9.3257e-05	0.11289	supercritical
574.0	1688.0	847.97	0.0011793	494.58	693.64	1.7553	0.98384	1.4101	878.4	-0.027247	9.3379e-05	0.113	supercritical
574.0	1691.2	848.57	0.0011785	494.46	693.77	1.7549	0.98396	1.4101	879.27	-0.0273	9.3501e-05	0.11311	supercritical
574.0	1694.5	849.17	0.0011776	494.34	693.89	1.7544	0.98408	1.41	880.14	-0.027353	9.3623e-05	0.11323	supercritical
574.0	1697.8	849.77	0.0011768	494.23	694.02	1.754	0.9842	1.41	881.01	-0.027406	9.3745e-05	0.11334	supercritical
574.0	1701.0	850.37	0.001176	494.11	694.14	1.7535	0.98432	1.4099	881.88	-0.027458	9.3867e-05	0.11346	supercritical
574.0	1704.2	850.97	0.0011751	494.0	694.27	1.7531	0.98445	1.4099	882.75	-0.02751	9.3989e-05	0.11357	supercritical
574.0	1707.5	851.56	0.0011743	493.88	694.39	1.7527	0.98457	1.4098	883.61	-0.027561	9.411e-05	0.11369	supercritical
574.0	1710.8	852.16	0.0011735	493.77	694.52	1.7522	0.98469	1.4098	884.48	-0.027613	9.4232e-05	0.1138	supercritical
574.0	1714.0	852.75	0.0011727	493.65	694.65	1.7518	0.98481	1.4098	885.34	-0.027664	9.4354e-05	0.11391	supercritical
574.0	1717.2	853.35	0.0011719	493.54	694.77	1.7513	0.98493	1.4097	886.2	-0.027715	9.4475e-05	0.11403	supercritical
574.0	1720.5	853.94	0.001171	493.42	694.9	1.7509	0.98505	1.4097	887.07	-0.027765	9.4597e-05	0.11414	supercritical
574.0	1723.8	854.53	0.0011702	493.31	695.03	1.7504	0.98517	1.4096	887.93	-0.027815	9.4718e-05	0.11426	supercritical
574.0	1727.0	855.12	0.0011694	493.2	695.16	1.75	0.98529	1.4096	888.79	-0.027866	9.484e-05	0.11437	supercritical
574.0	1730.2	855.71	0.0011686	493.08	695.28	1.7496	0.98541	1.4095	889.65	-0.027915	9.4961e-05	0.11448	supercritical
574.0	1733.5	856.29	0.0011678	492.97	695.41	1.7491	0.98554	1.4095	890.5	-0.027965	9.5083e-05	0.1146	supercritical
574.0	1736.8	856.88	0.001167	492.86	695.54	1.7487	0.98566	1.4094	891.36	-0.028014	9.5204e-05	0.11471	supercritical
574.0	1740.0	857.46	0.0011662	492.74	695.67	1.7482	0.98578	1.4094	892.21	-0.028063	9.5325e-05	0.11483	supercritical
574.0	1743.2	858.05	0.0011654	492.63	695.8	1.7478	0.9859	1.4094	893.07	-0.028112	9.5446e-05	0.11494	supercritical
574.0	1746.5	858.63	0.0011646	492.52	695.93	1.7474	0.98602	1.4093	893.92	-0.028161	9.5567e-05	0.11505	supercritical
574.0	1749.8	859.21	0.0011639	492.41	696.05	1.7469	0.98614	1.4093	894.77	-0.028209	9.5688e-05	0.11517	supercritical
574.0	1753.0	859.79	0.0011631	492.3	696.18	1.7465	0.98626	1.4092	895.62	-0.028257	9.5809e-05	0.11528	supercritical
574.0	1756.2	860.37	0.0011623	492.19	696.31	1.7461	0.98638	1.4092	896.47	-0.028305	9.593e-05	0.1154	supercritical
574.0	1759.5	860.94	0.0011615	492.07	696.44	1.7456	0.9865	1.4091	897.32	-0.028352	9.6051e-05	0.11551	supercritical
574.0	1762.8	861.52	0.0011607	491.96	696.57	1.7452	0.98662	1.4091	898.17	-0.0284	9.6172e-05	0.11562	supercritical
574.0	1766.0	862.09	0.00116	491.85	696.7	1.7448	0.98674	1.4091	899.02	-0.028447	9.6292e-05	0.11574	supercritical
574.0	1769.2	862.67	0.0011592	491.74	696.83	1.7444	0.98686	1.409	899.86	-0.028494	9.6413e-05	0.11585	supercritical
574.0	1772.5	863.24	0.0011584	491.63	696.96	1.7439	0.98698	1.409	900.71	-0.02854	9.6533e-05	0.11596	supercritical
574.0	1775.8	863.81	0.0011577	491.52	697.1	1.7435	0.98711	1.4089	901.55	-0.028587	9.6654e-05	0.11608	supercritical
574.0	1779.0	864.38	0.0011569	491.41	697.23	1.7431	0.98723	1.4089	902.39	-0.028633	9.6774e-05	0.11619	supercritical
574.0	1782.2	864.95	0.0011561	491.31	697.36	1.7426	0.98735	1.4089	903.23	-0.028679	9.6895e-05	0.1163	supercritical
574.0	1785.5	865.52	0.0011554	491.2	697.49	1.7422	0.98747	1.4088	904.07	-0.028724	9.7015e-05	0.11642	supercritical
574.0	1788.8	866.09	0.0011546	491.09	697.62	1.7418	0.98759	1.4088	904.91	-0.02877	9.7136e-05	0.11653	supercritical
574.0	1792.0	866.65	0.0011539	490.98	697.75	1.7414	0.98771	1.4087	905.75	-0.028815	9.7256e-05	0.11665	supercritical
574.0	1795.2	867.22	0.0011531	490.87	697.88	1.7409	0.98783	1.4087	906.59	-0.02886	9.7376e-05	0.11676	supercritical
574.0	1798.5	867.78	0.0011524	490.76	698.02	1.7405	0.98795	1.4087	907.42	-0.028905	9.7496e-05	0.11687	supercritical
574.0	1801.8	868.34	0.0011516	490.66	698.15	1.7401	0.98807	1.4086	908.26	-0.02895	9.7616e-05	0.11699	supercritical
574.0	1805.0	868.9	0.0011509	490.55	698.28	1.7397	0.98819	1.4086	909.09	-0.028994	9.7736e-05	0.1171	supercritical
574.0	1808.2	869.46	0.0011501	490.44	698.41	1.7393	0.98831	1.4085	909.92	-0.029038	9.7856e-05	0.11721	supercritical
574.0	1811.5	870.02	0.0011494	490.33	698.55	1.7388	0.98843	1.4085	910.75	-0.029082	9.7976e-05	0.11733	supercritical
574.0	1814.8	870.58	0.0011487	490.23	698.68	1.7384	0.98855	1.4085	911.59	-0.029126	9.8096e-05	0.11744	supercritical
574.0	1818.0	871.14	0.0011479	490.12	698.81	1.738	0.98867	1.4084	912.42	-0.029169	9.8216e-05	0.11755	supercritical
574.0	1821.2	871.69	0.0011472	490.01	698.95	1.7376	0.98879	1.4084	913.24	-0.029212	9.8335e-05	0.11767	supercritical
574.0	1824.5	872.25	0.0011465	489.91	699.08	1.7372	0.98891	1.4084	914.07	-0.029255	9.8455e-05	0.11778	supercritical
574.0	1827.8	872.8	0.0011457	489.8	699.22	1.7368	0.98903	1.4083	914.9	-0.029298	9.8575e-05	0.11789	supercritical
574.0	1831.0	873.35	0.001145	489.7	699.35	1.7363	0.98915	1.4083	915.72	-0.029341	9.8694e-05	0.11801	supercritical
574.0	1834.2	873.9	0.0011443	489.59	699.48	1.7359	0.98927	1.4083	916.55	-0.029383	9.8814e-05	0.11812	supercritical
574.0	1837.5	874.45	0.0011436	489.49	699.62	1.7355	0.98939	1.4082	917.37	-0.029426	9.8933e-05	0.11823	supercritical
574.0	1840.8	875.0	0.0011429	489.38	699.75	1.7351	0.98951	1.4082	918.19	-0.029468	9.9053e-05	0.11835	supercritical
574.0	1844.0	875.55	0.0011421	489.28	699.89	1.7347	0.98963	1.4081	919.02	-0.02951	9.9172e-05	0.11846	supercritical
574.0	1847.2	876.1	0.0011414	489.17	700.02	1.7343	0.98975	1.4081	919.84	-0.029551	9.9292e-05	0.11857	supercritical
574.0	1850.5	876.64	0.0011407	489.07	700.16	1.7339	0.98987	1.4081	920.66	-0.029593	9.9411e-05	0.11869	supercritical
574.0	1853.8	877.19	0.00114	488.97	700.29	1.7335	0.98999	1.408	921.47	-0.029634	9.953e-05	0.1188	supercritical
574.0	1857.0	877.73	0.0011393	488.86	700.43	1.7331	0.99011	1.408	922.29	-0.029675	9.9649e-05	0.11891	supercritical
574.0	1860.2	878.27	0.0011386	488.76	700.57	1.7326	0.99023	1.408	923.11	-0.029716	9.9768e-05	0.11903	supercritical
574.0	1863.5	878.82	0.0011379	488.66	700.7	1.7322	0.99035	1.4079	923.92	-0.029756	9.9887e-05	0.11914	supercritical
574.0	1866.8	879.36	0.0011372	488.55	700.84	1.7318	0.99047	1.4079	924.74	-0.029797	0.00010001	0.11925	supercritical
574.0	1870.0	879.9	0.0011365	488.45	700.97	1.7314	0.99059	1.4079	925.55	-0.029837	0.00010013	0.11937	supercritical
574.0	1873.2	880.44	0.0011358	488.35	701.11	1.731	0.99071	1.4078	926.36	-0.029877	0.00010024	0.11948	supercritical
574.0	1876.5	880.97	0.0011351	488.25	701.25	1.7306	0.99083	1.4078	927.18	-0.029917	0.00010036	0.11959	supercritical
574.0	1879.8	881.51	0.0011344	488.14	701.39	1.7302	0.99095	1.4078	927.99	-0.029957	0.00010048	0.1197	supercritical
574.0	1883.0	882.05	0.0011337	488.04	701.52	1.7298	0.99107	1.4077	928.8	-0.029996	0.0001006	0.11982	supercritical
574.0	1886.2	882.58	0.001133	487.94	701.66	1.7294	0.99119	1.4077	929.61	-0.030035	0.00010072	0.11993	supercritical
574.0	1889.5	883.11	0.0011324	487.84	701.8	1.729	0.99131	1.4077	930.41	-0.030074	0.00010084	0.12004	supercritical
574.0	1892.8	883.65	0.0011317	487.74	701.93	1.7286	0.99143	1.4076	931.22	-0.030113	0.00010096	0.12016	supercritical
574.0	1896.0	884.18	0.001131	487.64	702.07	1.7282	0.99154	1.4076	932.03	-0.030152	0.00010108	0.12027	supercritical
574.0	1899.2	884.71	0.0011303	487.54	702.21	1.7278	0.99166	1.4076	932.83	-0.030191	0.00010119	0.12038	supercritical
574.0	1902.5	885.24	0.0011296	487.44	702.35	1.7274	0.99178	1.4075	933.63	-0.030229	0.00010131	0.1205	supercritical
574.0	1905.8	885.77	0.001129	487.33	702.49	1.727	0.9919	1.4075	934.44	-0.030267	0.00010143	0.12061	supercritical
574.0	1909.0	886.29	0.0011283	487.23	702.63	1.7266	0.99202	1.4075	935.24	-0.030305	0.00010155	0.12072	supercritical
574.0	1912.2	886.82	0.0011276	487.13	702.76	1.7262	0.99214	1.4075	936.04	-0.030343	0.00010167	0.12083	supercritical
574.0	1915.5	887.35	0.001127	487.04	702.9	1.7258	0.99226	1.4074	936.84	-0.030381	0.00010179	0.12095	supercritical
574.0	1918.8	887.87	0.0011263	486.94	703.04	1.7254	0.99238	1.4074	937.64	-0.030418	0.0001019	0.12106	supercritical
574.0	1922.0	888.4	0.0011256	486.84	703.18	1.725	0.9925	1.4074	938.44	-0.030455	0.00010202	0.12117	supercritical
574.0	1925.2	888.92	0.001125	486.74	703.32	1.7246	0.99262	1.4073	939.23	-0.030493	0.00010214	0.12129	supercritical
574.0	1928.5	889.44	0.0011243	486.64	703.46	1.7242	0.99274	1.4073	940.03	-0.03053	0.00010226	0.1214	supercritical
574.0	1931.8	889.96	0.0011236	486.54	703.6	1.7238	0.99286	1.4073	940.83	-0.030566	0.00010238	0.12151	supercritical
574.0	1935.0	890.48	0.001123	486.44	703.74	1.7235	0.99298	1.4072	941.62	-0.030603	0.00010249	0.12163	supercritical
574.0	1938.2	891.0	0.0011223	486.34	703.88	1.7231	0.9931	1.4072	942.41	-0.030639	0.00010261	0.12174	supercritical
574.0	1941.5	891.52	0.0011217	486.25	704.02	1.7227	0.99321	1.4072	943.21	-0.030676	0.00010273	0.12185	supercritical
574.0	1944.8	892.04	0.001121	486.15	704.16	1.7223	0.99333	1.4072	944.0	-0.030712	0.00010285	0.12196	supercritical
574.0	1948.0	892.55	0.0011204	486.05	704.3	1.7219	0.99345	1.4071	944.79	-0.030748	0.00010297	0.12208	supercritical
574.0	1951.2	893.07	0.0011197	485.95	704.44	1.7215	0.99357	1.4071	945.58	-0.030784	0.00010308	0.12219	supercritical
574.0	1954.5	893.58	0.0011191	485.86	704.58	1.7211	0.99369	1.4071	946.37	-0.030819	0.0001032	0.1223	supercritical
574.0	1957.8	894.09	0.0011185	485.76	704.72	1.7207	0.99381	1.407	947.15	-0.030855	0.00010332	0.12241	supercritical
574.0	1961.0	894.61	0.0011178	485.66	704.87	1.7203	0.99393	1.407	947.94	-0.03089	0.00010344	0.12253	supercritical
574.0	1964.2	895.12	0.0011172	485.57	705.01	1.7199	0.99405	1.407	948.73	-0.030925	0.00010355	0.12264	supercritical
574.0	1967.5	895.63	0.0011165	485.47	705.15	1.7196	0.99417	1.407	949.51	-0.03096	0.00010367	0.12275	supercritical
574.0	1970.8	896.14	0.0011159	485.37	705.29	1.7192	0.99428	1.4069	950.3	-0.030995	0.00010379	0.12287	supercritical
574.0	1974.0	896.65	0.0011153	485.28	705.43	1.7188	0.9944	1.4069	951.08	-0.031029	0.00010391	0.12298	supercritical
574.0	1977.2	897.16	0.0011146	485.18	705.57	1.7184	0.99452	1.4069	951.86	-0.031064	0.00010402	0.12309	supercritical
574.0	1980.5	897.66	0.001114	485.09	705.72	1.718	0.99464	1.4069	952.64	-0.031098	0.00010414	0.1232	supercritical
574.0	1983.8	898.17	0.0011134	484.99	705.86	1.7176	0.99476	1.4068	953.42	-0.031132	0.00010426	0.12332	supercritical
574.0	1987.0	898.67	0.0011128	484.9	706.0	1.7173	0.99488	1.4068	954.2	-0.031166	0.00010438	0.12343	supercritical
574.0	1990.2	899.18	0.0011121	484.8	706.14	1.7169	0.995	1.4068	954.98	-0.0312	0.00010449	0.12354	supercritical
574.0	1993.5	899.68	0.0011115	484.71	706.29	1.7165	0.99511	1.4068	955.76	-0.031234	0.00010461	0.12365	supercritical
574.0	1996.8	900.18	0.0011109	484.61	706.43	1.7161	0.99523	1.4067	956.54	-0.031267	0.00010473	0.12377	supercritical
574.0	2000.0	900.69	0.0011103	484.52	706.57	1.7157	0.99535	1.4067	957.31	-0.031301	0.00010485	0.12388	supercritical
