Temperature (K)	Pressure (bar)	Density (kg/m3)	Volume (m3/kg)	Internal Energy (kJ/kg)	Enthalpy (kJ/kg)	Entropy (J/g*K)	Cv (J/g*K)	Cp (J/g*K)	Sound Spd. (m/s)	Joule-Thomson (K/bar)	Viscosity (Pa*s)	Therm. Cond. (W/m*K)	Phase
351.0	56.5	103.45	0.0096668	455.84	510.46	2.0326	0.78797	1.2431	264.26	0.69955	1.8779e-05	0.025125	vapor
351.0	59.75	110.9	0.0090174	453.72	507.6	2.0158	0.79346	1.2754	262.88	0.69548	1.8922e-05	0.025537	vapor
351.0	63.0	118.57	0.0084338	451.56	504.69	1.9994	0.79905	1.3099	261.51	0.691	1.9076e-05	0.025976	vapor
351.0	66.25	126.48	0.0079063	449.34	501.72	1.9834	0.80473	1.3467	260.18	0.68609	1.9242e-05	0.026445	vapor
351.0	69.5	134.64	0.007427	447.07	498.68	1.9677	0.81052	1.386	258.88	0.68072	1.9421e-05	0.026946	vapor
351.0	72.75	143.07	0.0069894	444.74	495.58	1.9522	0.8164	1.428	257.61	0.67485	1.9614e-05	0.027481	vapor
351.0	76.0	151.78	0.0065884	442.35	492.42	1.9369	0.82237	1.473	256.39	0.66845	1.9822e-05	0.028054	vapor
351.0	76.0	151.78	0.0065884	442.35	492.42	1.9369	0.82237	1.473	256.39	0.66845	1.9822e-05	0.028054	supercritical
351.0	76.0	151.78	0.0065884	442.35	492.42	1.9369	0.82237	1.473	256.39	0.66845	1.9822e-05	0.028054	supercritical
351.0	79.25	160.79	0.0062193	439.9	489.18	1.9217	0.82843	1.5211	255.22	0.66149	2.0047e-05	0.028666	supercritical
351.0	82.5	170.11	0.0058786	437.38	485.88	1.9067	0.83458	1.5726	254.12	0.65393	2.029e-05	0.029322	supercritical
351.0	85.75	179.76	0.0055629	434.8	482.5	1.8918	0.84079	1.6277	253.07	0.64574	2.0554e-05	0.030024	supercritical
351.0	89.0	189.76	0.0052697	432.14	479.04	1.8769	0.84707	1.6867	252.11	0.63689	2.0839e-05	0.030775	supercritical
351.0	92.25	200.13	0.0049967	429.42	475.52	1.8621	0.8534	1.7497	251.24	0.62734	2.1149e-05	0.031578	supercritical
351.0	95.5	210.88	0.004742	426.62	471.91	1.8473	0.85975	1.817	250.46	0.61706	2.1485e-05	0.032435	supercritical
351.0	98.75	222.03	0.0045038	423.75	468.23	1.8326	0.86611	1.8886	249.81	0.60603	2.1849e-05	0.033349	supercritical
351.0	102.0	233.6	0.0042808	420.81	464.47	1.8178	0.87245	1.9646	249.29	0.59422	2.2245e-05	0.034319	supercritical
351.0	105.25	245.59	0.0040718	417.78	460.64	1.803	0.87872	2.0449	248.92	0.58162	2.2676e-05	0.035348	supercritical
351.0	108.5	258.01	0.0038758	414.69	456.74	1.7882	0.8849	2.1291	248.72	0.5682	2.3143e-05	0.036434	supercritical
351.0	111.75	270.87	0.0036918	411.52	452.78	1.7735	0.89092	2.2167	248.71	0.55398	2.3649e-05	0.037574	supercritical
351.0	115.0	284.15	0.0035192	408.29	448.76	1.7587	0.89674	2.3069	248.93	0.53898	2.4198e-05	0.038765	supercritical
351.0	118.25	297.85	0.0033574	405.0	444.7	1.7439	0.90229	2.3986	249.39	0.52321	2.4791e-05	0.04	supercritical
351.0	121.5	311.93	0.0032059	401.66	440.61	1.7292	0.90751	2.4904	250.13	0.50675	2.543e-05	0.041272	supercritical
351.0	124.75	326.34	0.0030643	398.28	436.5	1.7146	0.91233	2.5804	251.16	0.48968	2.6116e-05	0.04257	supercritical
351.0	128.0	341.05	0.0029321	394.87	432.4	1.7002	0.91669	2.6666	252.52	0.47209	2.685e-05	0.043885	supercritical
351.0	131.25	355.97	0.0028092	391.46	428.33	1.6859	0.92053	2.747	254.23	0.45412	2.7631e-05	0.045204	supercritical
351.0	134.5	371.03	0.0026952	388.05	424.3	1.6719	0.92382	2.8195	256.29	0.43592	2.8455e-05	0.046516	supercritical
351.0	137.75	386.14	0.0025897	384.67	420.35	1.6582	0.92654	2.8824	258.73	0.41763	2.9321e-05	0.047811	supercritical
351.0	141.0	401.21	0.0024925	381.34	416.49	1.6448	0.92869	2.9343	261.54	0.39942	3.0223e-05	0.049079	supercritical
351.0	144.25	416.13	0.0024031	378.07	412.74	1.6319	0.93029	2.9743	264.72	0.38144	3.1156e-05	0.050313	supercritical
351.0	147.5	430.83	0.0023211	374.88	409.12	1.6194	0.9314	3.0022	268.25	0.36383	3.2114e-05	0.05151	supercritical
351.0	150.75	445.22	0.0022461	371.78	405.64	1.6073	0.93206	3.0183	272.11	0.34671	3.309e-05	0.052665	supercritical
351.0	154.0	459.24	0.0021775	368.78	402.32	1.5958	0.93233	3.0234	276.27	0.33017	3.4079e-05	0.053779	supercritical
351.0	157.25	472.83	0.0021149	365.89	399.15	1.5848	0.93228	3.0187	280.69	0.3143	3.5072e-05	0.054851	supercritical
351.0	160.5	485.94	0.0020579	363.12	396.15	1.5743	0.93196	3.0055	285.34	0.29916	3.6066e-05	0.055885	supercritical
351.0	163.75	498.57	0.0020058	360.46	393.31	1.5644	0.93143	2.9856	290.18	0.28478	3.7056e-05	0.056882	supercritical
351.0	167.0	510.68	0.0019582	357.92	390.62	1.5549	0.93074	2.9602	295.17	0.27118	3.8036e-05	0.057845	supercritical
351.0	170.25	522.3	0.0019146	355.49	388.09	1.5459	0.92992	2.9309	300.28	0.25835	3.9004e-05	0.058777	supercritical
351.0	173.5	533.41	0.0018747	353.17	385.7	1.5373	0.929	2.8989	305.48	0.24629	3.9958e-05	0.059681	supercritical
351.0	176.75	544.04	0.0018381	350.96	383.44	1.5292	0.92802	2.865	310.75	0.23495	4.0896e-05	0.060558	supercritical
351.0	180.0	554.19	0.0018044	348.84	381.32	1.5214	0.927	2.83	316.07	0.22431	4.1815e-05	0.061411	supercritical
351.0	183.25	563.91	0.0017733	346.82	379.31	1.5141	0.92596	2.7946	321.42	0.21432	4.2717e-05	0.06224	supercritical
351.0	186.5	573.19	0.0017446	344.89	377.42	1.507	0.9249	2.7593	326.77	0.20494	4.36e-05	0.063048	supercritical
351.0	189.75	582.07	0.001718	343.04	375.64	1.5003	0.92385	2.7242	332.12	0.19614	4.4463e-05	0.063835	supercritical
351.0	193.0	590.58	0.0016933	341.27	373.95	1.494	0.92282	2.6899	337.46	0.18787	4.5308e-05	0.064602	supercritical
351.0	196.25	598.72	0.0016702	339.57	372.35	1.4878	0.9218	2.6564	342.77	0.1801	4.6134e-05	0.065352	supercritical
351.0	199.5	606.52	0.0016487	337.94	370.84	1.482	0.92081	2.6238	348.04	0.17279	4.6941e-05	0.066084	supercritical
351.0	202.75	614.02	0.0016286	336.38	369.4	1.4764	0.91985	2.5924	353.27	0.16592	4.7731e-05	0.066799	supercritical
351.0	206.0	621.21	0.0016098	334.88	368.04	1.471	0.91892	2.5621	358.45	0.15944	4.8503e-05	0.067499	supercritical
351.0	209.25	628.13	0.001592	333.43	366.74	1.4658	0.91803	2.5329	363.58	0.15334	4.9259e-05	0.068183	supercritical
351.0	212.5	634.78	0.0015753	332.04	365.51	1.4609	0.91717	2.505	368.65	0.14758	4.9999e-05	0.068854	supercritical
351.0	215.75	641.19	0.0015596	330.69	364.34	1.4561	0.91634	2.4781	373.67	0.14213	5.0723e-05	0.06951	supercritical
351.0	219.0	647.38	0.0015447	329.39	363.22	1.4514	0.91556	2.4524	378.62	0.13698	5.1432e-05	0.070154	supercritical
351.0	222.25	653.34	0.0015306	328.14	362.16	1.447	0.91481	2.4278	383.52	0.13211	5.2128e-05	0.070785	supercritical
351.0	225.5	659.11	0.0015172	326.92	361.14	1.4427	0.9141	2.4042	388.35	0.12748	5.2809e-05	0.071404	supercritical
351.0	228.75	664.68	0.0015045	325.75	360.16	1.4385	0.91342	2.3816	393.13	0.12309	5.3478e-05	0.072012	supercritical
351.0	232.0	670.08	0.0014924	324.61	359.23	1.4345	0.91277	2.3599	397.84	0.11892	5.4134e-05	0.072609	supercritical
351.0	235.25	675.3	0.0014808	323.5	358.34	1.4305	0.91216	2.3391	402.5	0.11494	5.4778e-05	0.073195	supercritical
351.0	238.5	680.37	0.0014698	322.43	357.48	1.4267	0.91158	2.3191	407.09	0.11116	5.5411e-05	0.073771	supercritical
351.0	241.75	685.28	0.0014592	321.38	356.66	1.423	0.91103	2.3	411.64	0.10755	5.6032e-05	0.074337	supercritical
351.0	245.0	690.06	0.0014492	320.37	355.87	1.4194	0.91051	2.2816	416.12	0.1041	5.6643e-05	0.074894	supercritical
351.0	248.25	694.69	0.0014395	319.38	355.12	1.416	0.91002	2.2639	420.55	0.1008	5.7244e-05	0.075442	supercritical
351.0	251.5	699.2	0.0014302	318.42	354.39	1.4126	0.90956	2.2468	424.93	0.097651	5.7836e-05	0.075981	supercritical
351.0	254.75	703.59	0.0014213	317.48	353.69	1.4092	0.90912	2.2305	429.25	0.094631	5.8417e-05	0.076512	supercritical
351.0	258.0	707.86	0.0014127	316.57	353.02	1.406	0.9087	2.2147	433.52	0.091736	5.899e-05	0.077035	supercritical
351.0	261.25	712.02	0.0014045	315.68	352.37	1.4029	0.90831	2.1995	437.74	0.08896	5.9555e-05	0.07755	supercritical
351.0	264.5	716.07	0.0013965	314.81	351.74	1.3998	0.90795	2.1849	441.91	0.086294	6.0111e-05	0.078057	supercritical
351.0	267.75	720.03	0.0013888	313.96	351.14	1.3968	0.9076	2.1708	446.04	0.083732	6.0659e-05	0.078557	supercritical
351.0	271.0	723.89	0.0013814	313.13	350.56	1.3938	0.90727	2.1572	450.11	0.081269	6.1199e-05	0.079051	supercritical
351.0	274.25	727.66	0.0013743	312.31	350.0	1.391	0.90697	2.1441	454.14	0.078899	6.1732e-05	0.079537	supercritical
351.0	277.5	731.34	0.0013673	311.52	349.46	1.3882	0.90668	2.1314	458.12	0.076618	6.2258e-05	0.080017	supercritical
351.0	280.75	734.94	0.0013607	310.74	348.94	1.3854	0.90641	2.1191	462.06	0.074419	6.2777e-05	0.080491	supercritical
351.0	284.0	738.46	0.0013542	309.98	348.44	1.3827	0.90615	2.1073	465.95	0.072299	6.3289e-05	0.080959	supercritical
351.0	287.25	741.91	0.0013479	309.23	347.95	1.3801	0.90591	2.0959	469.8	0.070255	6.3795e-05	0.081421	supercritical
351.0	290.5	745.28	0.0013418	308.5	347.48	1.3775	0.90569	2.0848	473.61	0.068281	6.4295e-05	0.081877	supercritical
351.0	293.75	748.58	0.0013359	307.78	347.02	1.375	0.90548	2.0741	477.37	0.066375	6.4789e-05	0.082328	supercritical
351.0	297.0	751.81	0.0013301	307.08	346.58	1.3725	0.90529	2.0638	481.1	0.064533	6.5277e-05	0.082773	supercritical
351.0	300.25	754.98	0.0013245	306.39	346.16	1.37	0.9051	2.0538	484.78	0.062751	6.576e-05	0.083214	supercritical
351.0	303.5	758.09	0.0013191	305.71	345.75	1.3676	0.90493	2.0441	488.43	0.061028	6.6237e-05	0.083649	supercritical
351.0	306.75	761.13	0.0013138	305.05	345.35	1.3653	0.90478	2.0346	492.04	0.059361	6.6709e-05	0.084079	supercritical
351.0	310.0	764.13	0.0013087	304.39	344.96	1.363	0.90463	2.0255	495.62	0.057746	6.7176e-05	0.084505	supercritical
351.0	313.25	767.06	0.0013037	303.75	344.59	1.3607	0.90449	2.0167	499.15	0.056181	6.7638e-05	0.084927	supercritical
351.0	316.5	769.94	0.0012988	303.12	344.23	1.3585	0.90437	2.0081	502.65	0.054665	6.8095e-05	0.085344	supercritical
351.0	319.75	772.77	0.001294	302.5	343.87	1.3563	0.90425	1.9998	506.12	0.053194	6.8548e-05	0.085756	supercritical
351.0	323.0	775.56	0.0012894	301.89	343.53	1.3541	0.90415	1.9917	509.55	0.051767	6.8997e-05	0.086165	supercritical
351.0	326.25	778.29	0.0012849	301.28	343.2	1.352	0.90405	1.9839	512.95	0.050382	6.9441e-05	0.086569	supercritical
351.0	329.5	780.98	0.0012804	300.69	342.88	1.3499	0.90396	1.9762	516.32	0.049037	6.9881e-05	0.08697	supercritical
351.0	332.75	783.62	0.0012761	300.11	342.57	1.3478	0.90388	1.9688	519.65	0.047731	7.0317e-05	0.087367	supercritical
351.0	336.0	786.22	0.0012719	299.54	342.27	1.3458	0.90381	1.9616	522.96	0.046462	7.0749e-05	0.08776	supercritical
351.0	339.25	788.78	0.0012678	298.97	341.98	1.3437	0.90374	1.9546	526.23	0.045227	7.1177e-05	0.088149	supercritical
351.0	342.5	791.3	0.0012637	298.41	341.7	1.3418	0.90368	1.9478	529.47	0.044027	7.1602e-05	0.088535	supercritical
351.0	345.75	793.78	0.0012598	297.87	341.42	1.3398	0.90363	1.9411	532.68	0.042859	7.2023e-05	0.088918	supercritical
351.0	349.0	796.22	0.0012559	297.33	341.16	1.3379	0.90359	1.9347	535.87	0.041723	7.244e-05	0.089297	supercritical
351.0	352.25	798.62	0.0012522	296.79	340.9	1.336	0.90355	1.9284	539.03	0.040616	7.2854e-05	0.089673	supercritical
351.0	355.5	800.99	0.0012484	296.27	340.65	1.3341	0.90352	1.9222	542.15	0.039538	7.3265e-05	0.090046	supercritical
351.0	358.75	803.33	0.0012448	295.75	340.4	1.3323	0.90349	1.9163	545.26	0.038488	7.3673e-05	0.090416	supercritical
351.0	362.0	805.63	0.0012413	295.23	340.17	1.3305	0.90347	1.9104	548.33	0.037464	7.4077e-05	0.090783	supercritical
351.0	365.25	807.9	0.0012378	294.73	339.94	1.3287	0.90345	1.9047	551.38	0.036466	7.4479e-05	0.091147	supercritical
351.0	368.5	810.14	0.0012344	294.23	339.72	1.3269	0.90344	1.8992	554.4	0.035493	7.4877e-05	0.091508	supercritical
351.0	371.75	812.35	0.001231	293.74	339.5	1.3251	0.90344	1.8938	557.4	0.034543	7.5273e-05	0.091866	supercritical
351.0	375.0	814.52	0.0012277	293.25	339.29	1.3234	0.90343	1.8885	560.38	0.033617	7.5665e-05	0.092222	supercritical
351.0	378.25	816.67	0.0012245	292.77	339.09	1.3217	0.90344	1.8833	563.33	0.032712	7.6055e-05	0.092574	supercritical
351.0	381.5	818.79	0.0012213	292.3	338.89	1.32	0.90345	1.8783	566.25	0.031829	7.6443e-05	0.092925	supercritical
351.0	384.75	820.89	0.0012182	291.83	338.7	1.3183	0.90346	1.8734	569.16	0.030966	7.6828e-05	0.093273	supercritical
351.0	388.0	822.96	0.0012151	291.37	338.51	1.3166	0.90347	1.8686	572.04	0.030123	7.721e-05	0.093618	supercritical
351.0	391.25	825.0	0.0012121	290.91	338.33	1.315	0.90349	1.8639	574.9	0.029299	7.759e-05	0.093961	supercritical
351.0	394.5	827.01	0.0012092	290.46	338.16	1.3134	0.90352	1.8593	577.74	0.028494	7.7967e-05	0.094301	supercritical
351.0	397.75	829.0	0.0012063	290.01	337.99	1.3118	0.90354	1.8548	580.55	0.027706	7.8342e-05	0.094639	supercritical
351.0	401.0	830.97	0.0012034	289.57	337.83	1.3102	0.90357	1.8504	583.35	0.026936	7.8714e-05	0.094975	supercritical
351.0	404.25	832.92	0.0012006	289.13	337.67	1.3086	0.90361	1.8461	586.12	0.026182	7.9085e-05	0.095309	supercritical
351.0	407.5	834.84	0.0011978	288.7	337.51	1.3071	0.90364	1.8418	588.87	0.025445	7.9453e-05	0.09564	supercritical
351.0	410.75	836.74	0.0011951	288.27	337.36	1.3055	0.90368	1.8377	591.61	0.024723	7.9819e-05	0.09597	supercritical
351.0	414.0	838.61	0.0011924	287.85	337.22	1.304	0.90373	1.8337	594.32	0.024016	8.0183e-05	0.096297	supercritical
351.0	417.25	840.47	0.0011898	287.43	337.07	1.3025	0.90377	1.8297	597.02	0.023324	8.0545e-05	0.096622	supercritical
351.0	420.5	842.31	0.0011872	287.02	336.94	1.301	0.90382	1.8258	599.69	0.022646	8.0905e-05	0.096946	supercritical
351.0	423.75	844.12	0.0011847	286.61	336.81	1.2996	0.90387	1.822	602.35	0.021982	8.1262e-05	0.097267	supercritical
351.0	427.0	845.92	0.0011821	286.2	336.68	1.2981	0.90393	1.8183	604.99	0.021331	8.1618e-05	0.097586	supercritical
351.0	430.25	847.69	0.0011797	285.8	336.55	1.2967	0.90398	1.8146	607.61	0.020693	8.1972e-05	0.097904	supercritical
351.0	433.5	849.45	0.0011772	285.4	336.43	1.2952	0.90404	1.8111	610.22	0.020068	8.2325e-05	0.098219	supercritical
351.0	436.75	851.19	0.0011748	285.01	336.32	1.2938	0.9041	1.8076	612.81	0.019455	8.2675e-05	0.098533	supercritical
351.0	440.0	852.91	0.0011725	284.62	336.21	1.2924	0.90417	1.8041	615.38	0.018854	8.3024e-05	0.098845	supercritical
351.0	443.25	854.62	0.0011701	284.23	336.1	1.291	0.90423	1.8007	617.93	0.018264	8.337e-05	0.099156	supercritical
351.0	446.5	856.3	0.0011678	283.85	335.99	1.2896	0.9043	1.7974	620.47	0.017685	8.3716e-05	0.099464	supercritical
351.0	449.75	857.97	0.0011655	283.47	335.89	1.2882	0.90437	1.7941	622.99	0.017117	8.4059e-05	0.099771	supercritical
351.0	453.0	859.63	0.0011633	283.09	335.79	1.2869	0.90444	1.7909	625.49	0.01656	8.4401e-05	0.10008	supercritical
351.0	456.25	861.26	0.0011611	282.72	335.7	1.2855	0.90451	1.7878	627.98	0.016012	8.4741e-05	0.10038	supercritical
351.0	459.5	862.88	0.0011589	282.35	335.61	1.2842	0.90459	1.7847	630.45	0.015475	8.508e-05	0.10068	supercritical
351.0	462.75	864.49	0.0011568	281.99	335.52	1.2829	0.90466	1.7817	632.91	0.014947	8.5417e-05	0.10098	supercritical
351.0	466.0	866.08	0.0011546	281.63	335.43	1.2816	0.90474	1.7787	635.36	0.014429	8.5752e-05	0.10128	supercritical
351.0	469.25	867.65	0.0011525	281.27	335.35	1.2803	0.90482	1.7758	637.79	0.01392	8.6086e-05	0.10158	supercritical
351.0	472.5	869.22	0.0011505	280.91	335.27	1.279	0.90491	1.7729	640.2	0.01342	8.6419e-05	0.10187	supercritical
351.0	475.75	870.76	0.0011484	280.56	335.2	1.2777	0.90499	1.7701	642.6	0.012928	8.675e-05	0.10217	supercritical
351.0	479.0	872.29	0.0011464	280.21	335.12	1.2764	0.90507	1.7673	644.99	0.012445	8.708e-05	0.10246	supercritical
351.0	482.25	873.81	0.0011444	279.86	335.05	1.2752	0.90516	1.7646	647.36	0.01197	8.7408e-05	0.10275	supercritical
351.0	485.5	875.32	0.0011424	279.52	334.99	1.2739	0.90525	1.7619	649.72	0.011503	8.7736e-05	0.10304	supercritical
351.0	488.75	876.81	0.0011405	279.18	334.92	1.2727	0.90534	1.7592	652.06	0.011044	8.8061e-05	0.10333	supercritical
351.0	492.0	878.29	0.0011386	278.84	334.86	1.2714	0.90543	1.7566	654.39	0.010593	8.8386e-05	0.10362	supercritical
351.0	495.25	879.75	0.0011367	278.51	334.8	1.2702	0.90552	1.7541	656.71	0.010149	8.8709e-05	0.10391	supercritical
351.0	498.5	881.21	0.0011348	278.17	334.74	1.269	0.90562	1.7515	659.02	0.0097116	8.9031e-05	0.10419	supercritical
351.0	501.75	882.65	0.001133	277.84	334.69	1.2678	0.90571	1.7491	661.31	0.0092818	8.9351e-05	0.10447	supercritical
351.0	505.0	884.08	0.0011311	277.52	334.64	1.2666	0.90581	1.7466	663.59	0.0088588	8.9671e-05	0.10476	supercritical
351.0	508.25	885.5	0.0011293	277.19	334.59	1.2654	0.9059	1.7442	665.86	0.0084426	8.9989e-05	0.10504	supercritical
351.0	511.5	886.9	0.0011275	276.87	334.54	1.2643	0.906	1.7418	668.12	0.0080328	9.0306e-05	0.10532	supercritical
351.0	514.75	888.3	0.0011258	276.55	334.5	1.2631	0.9061	1.7395	670.36	0.0076295	9.0622e-05	0.1056	supercritical
351.0	518.0	889.68	0.001124	276.23	334.46	1.2619	0.9062	1.7372	672.59	0.0072324	9.0936e-05	0.10587	supercritical
351.0	521.25	891.05	0.0011223	275.92	334.42	1.2608	0.9063	1.735	674.81	0.0068414	9.125e-05	0.10615	supercritical
351.0	524.5	892.41	0.0011206	275.61	334.38	1.2596	0.90641	1.7327	677.02	0.0064563	9.1562e-05	0.10642	supercritical
351.0	527.75	893.76	0.0011189	275.3	334.34	1.2585	0.90651	1.7305	679.22	0.0060771	9.1874e-05	0.1067	supercritical
351.0	531.0	895.1	0.0011172	274.99	334.31	1.2574	0.90661	1.7284	681.41	0.0057035	9.2184e-05	0.10697	supercritical
351.0	534.25	896.43	0.0011155	274.68	334.28	1.2562	0.90672	1.7262	683.58	0.0053355	9.2493e-05	0.10724	supercritical
351.0	537.5	897.75	0.0011139	274.38	334.25	1.2551	0.90683	1.7241	685.75	0.0049729	9.2802e-05	0.10751	supercritical
351.0	540.75	899.06	0.0011123	274.08	334.22	1.254	0.90693	1.7221	687.9	0.0046156	9.3109e-05	0.10778	supercritical
351.0	544.0	900.36	0.0011107	273.78	334.2	1.2529	0.90704	1.72	690.04	0.0042635	9.3415e-05	0.10805	supercritical
351.0	547.25	901.65	0.0011091	273.48	334.18	1.2518	0.90715	1.718	692.18	0.0039165	9.372e-05	0.10832	supercritical
351.0	550.5	902.93	0.0011075	273.19	334.16	1.2507	0.90726	1.716	694.3	0.0035744	9.4024e-05	0.10858	supercritical
351.0	553.75	904.2	0.001106	272.89	334.14	1.2497	0.90737	1.7141	696.41	0.0032372	9.4328e-05	0.10885	supercritical
351.0	557.0	905.46	0.0011044	272.6	334.12	1.2486	0.90748	1.7121	698.51	0.0029048	9.463e-05	0.10911	supercritical
351.0	560.25	906.71	0.0011029	272.31	334.1	1.2475	0.9076	1.7102	700.6	0.002577	9.4931e-05	0.10938	supercritical
351.0	563.5	907.95	0.0011014	272.03	334.09	1.2465	0.90771	1.7083	702.68	0.0022537	9.5232e-05	0.10964	supercritical
351.0	566.75	909.19	0.0010999	271.74	334.08	1.2454	0.90782	1.7065	704.75	0.0019349	9.5532e-05	0.1099	supercritical
351.0	570.0	910.41	0.0010984	271.46	334.07	1.2444	0.90794	1.7046	706.82	0.0016205	9.583e-05	0.11016	supercritical
351.0	573.25	911.63	0.0010969	271.18	334.06	1.2433	0.90805	1.7028	708.87	0.0013103	9.6128e-05	0.11042	supercritical
351.0	576.5	912.84	0.0010955	270.9	334.05	1.2423	0.90817	1.7011	710.91	0.0010043	9.6425e-05	0.11068	supercritical
351.0	579.75	914.04	0.001094	270.62	334.05	1.2413	0.90829	1.6993	712.95	0.00070245	9.6721e-05	0.11094	supercritical
351.0	583.0	915.23	0.0010926	270.35	334.05	1.2402	0.9084	1.6976	714.97	0.00040458	9.7016e-05	0.11119	supercritical
351.0	586.25	916.42	0.0010912	270.07	334.05	1.2392	0.90852	1.6958	716.99	0.00011065	9.7311e-05	0.11145	supercritical
351.0	589.5	917.59	0.0010898	269.8	334.05	1.2382	0.90864	1.6942	718.99	-0.00017943	9.7604e-05	0.1117	supercritical
351.0	592.75	918.76	0.0010884	269.53	334.05	1.2372	0.90876	1.6925	720.99	-0.00046572	9.7897e-05	0.11196	supercritical
351.0	596.0	919.92	0.001087	269.26	334.05	1.2362	0.90888	1.6908	722.98	-0.00074831	9.8189e-05	0.11221	supercritical
351.0	599.25	921.07	0.0010857	269.0	334.06	1.2352	0.909	1.6892	724.96	-0.0010273	9.848e-05	0.11246	supercritical
351.0	602.5	922.22	0.0010843	268.73	334.06	1.2342	0.90912	1.6876	726.93	-0.0013027	9.8771e-05	0.11272	supercritical
351.0	605.75	923.36	0.001083	268.47	334.07	1.2333	0.90924	1.686	728.89	-0.0015745	9.9061e-05	0.11297	supercritical
351.0	609.0	924.49	0.0010817	268.2	334.08	1.2323	0.90937	1.6844	730.85	-0.001843	9.9349e-05	0.11322	supercritical
351.0	612.25	925.61	0.0010804	267.94	334.09	1.2313	0.90949	1.6829	732.79	-0.0021081	9.9638e-05	0.11347	supercritical
351.0	615.5	926.73	0.0010791	267.69	334.1	1.2303	0.90961	1.6813	734.73	-0.0023699	9.9925e-05	0.11371	supercritical
351.0	618.75	927.84	0.0010778	267.43	334.12	1.2294	0.90974	1.6798	736.66	-0.0026285	0.00010021	0.11396	supercritical
351.0	622.0	928.94	0.0010765	267.17	334.13	1.2284	0.90986	1.6783	738.58	-0.0028839	0.0001005	0.11421	supercritical
351.0	625.25	930.04	0.0010752	266.92	334.15	1.2275	0.90999	1.6769	740.49	-0.0031362	0.00010078	0.11445	supercritical
351.0	628.5	931.12	0.001074	266.67	334.16	1.2265	0.91011	1.6754	742.4	-0.0033854	0.00010107	0.1147	supercritical
351.0	631.75	932.21	0.0010727	266.41	334.18	1.2256	0.91024	1.6739	744.3	-0.0036316	0.00010135	0.11494	supercritical
351.0	635.0	933.28	0.0010715	266.17	334.2	1.2247	0.91037	1.6725	746.18	-0.0038748	0.00010164	0.11519	supercritical
351.0	638.25	934.35	0.0010703	265.92	334.23	1.2237	0.91049	1.6711	748.07	-0.0041152	0.00010192	0.11543	supercritical
351.0	641.5	935.41	0.001069	265.67	334.25	1.2228	0.91062	1.6697	749.94	-0.0043527	0.0001022	0.11567	supercritical
351.0	644.75	936.47	0.0010678	265.42	334.27	1.2219	0.91075	1.6683	751.81	-0.0045874	0.00010248	0.11591	supercritical
351.0	648.0	937.52	0.0010666	265.18	334.3	1.221	0.91088	1.667	753.67	-0.0048194	0.00010276	0.11615	supercritical
351.0	651.25	938.56	0.0010655	264.94	334.33	1.2201	0.91101	1.6656	755.52	-0.0050487	0.00010304	0.11639	supercritical
351.0	654.5	939.6	0.0010643	264.7	334.35	1.2192	0.91114	1.6643	757.36	-0.0052753	0.00010332	0.11663	supercritical
351.0	657.75	940.63	0.0010631	264.46	334.38	1.2183	0.91127	1.663	759.2	-0.0054993	0.0001036	0.11687	supercritical
351.0	661.0	941.66	0.001062	264.22	334.41	1.2174	0.9114	1.6617	761.03	-0.0057208	0.00010388	0.11711	supercritical
351.0	664.25	942.68	0.0010608	263.98	334.44	1.2165	0.91153	1.6604	762.85	-0.0059397	0.00010416	0.11735	supercritical
351.0	667.5	943.69	0.0010597	263.74	334.48	1.2156	0.91166	1.6591	764.67	-0.0061562	0.00010443	0.11758	supercritical
351.0	670.75	944.7	0.0010585	263.51	334.51	1.2147	0.91179	1.6578	766.48	-0.0063703	0.00010471	0.11782	supercritical
351.0	674.0	945.71	0.0010574	263.28	334.55	1.2138	0.91192	1.6566	768.28	-0.0065819	0.00010498	0.11806	supercritical
351.0	677.25	946.7	0.0010563	263.04	334.58	1.2129	0.91206	1.6553	770.08	-0.0067912	0.00010526	0.11829	supercritical
351.0	680.5	947.7	0.0010552	262.81	334.62	1.2121	0.91219	1.6541	771.86	-0.0069982	0.00010553	0.11852	supercritical
351.0	683.75	948.68	0.0010541	262.58	334.66	1.2112	0.91232	1.6529	773.65	-0.0072029	0.00010581	0.11876	supercritical
351.0	687.0	949.66	0.001053	262.35	334.7	1.2103	0.91246	1.6517	775.42	-0.0074054	0.00010608	0.11899	supercritical
351.0	690.25	950.64	0.0010519	262.13	334.74	1.2095	0.91259	1.6505	777.19	-0.0076057	0.00010636	0.11922	supercritical
351.0	693.5	951.61	0.0010509	261.9	334.78	1.2086	0.91272	1.6494	778.95	-0.0078039	0.00010663	0.11945	supercritical
351.0	696.75	952.58	0.0010498	261.68	334.82	1.2078	0.91286	1.6482	780.71	-0.0079998	0.0001069	0.11968	supercritical
351.0	700.0	953.54	0.0010487	261.45	334.86	1.2069	0.91299	1.647	782.46	-0.0081938	0.00010717	0.11991	supercritical
351.0	703.25	954.49	0.0010477	261.23	334.91	1.2061	0.91313	1.6459	784.2	-0.0083856	0.00010744	0.12014	supercritical
351.0	706.5	955.44	0.0010466	261.01	334.95	1.2052	0.91326	1.6448	785.94	-0.0085754	0.00010771	0.12037	supercritical
351.0	709.75	956.39	0.0010456	260.79	335.0	1.2044	0.9134	1.6437	787.67	-0.0087632	0.00010798	0.1206	supercritical
351.0	713.0	957.33	0.0010446	260.57	335.05	1.2036	0.91354	1.6426	789.39	-0.0089491	0.00010825	0.12083	supercritical
351.0	716.25	958.26	0.0010436	260.35	335.1	1.2027	0.91367	1.6415	791.11	-0.009133	0.00010852	0.12106	supercritical
351.0	719.5	959.19	0.0010425	260.13	335.14	1.2019	0.91381	1.6404	792.82	-0.009315	0.00010879	0.12128	supercritical
351.0	722.75	960.12	0.0010415	259.92	335.19	1.2011	0.91395	1.6393	794.52	-0.0094952	0.00010906	0.12151	supercritical
351.0	726.0	961.04	0.0010405	259.7	335.25	1.2003	0.91409	1.6383	796.22	-0.0096735	0.00010932	0.12174	supercritical
351.0	729.25	961.96	0.0010395	259.49	335.3	1.1995	0.91422	1.6372	797.92	-0.00985	0.00010959	0.12196	supercritical
351.0	732.5	962.87	0.0010386	259.28	335.35	1.1986	0.91436	1.6362	799.61	-0.010025	0.00010986	0.12219	supercritical
351.0	735.75	963.77	0.0010376	259.06	335.4	1.1978	0.9145	1.6352	801.29	-0.010198	0.00011012	0.12241	supercritical
351.0	739.0	964.68	0.0010366	258.85	335.46	1.197	0.91464	1.6341	802.96	-0.010369	0.00011039	0.12263	supercritical
351.0	742.25	965.58	0.0010357	258.64	335.51	1.1962	0.91478	1.6331	804.63	-0.010538	0.00011065	0.12286	supercritical
351.0	745.5	966.47	0.0010347	258.43	335.57	1.1954	0.91492	1.6321	806.3	-0.010706	0.00011092	0.12308	supercritical
351.0	748.75	967.36	0.0010337	258.23	335.63	1.1946	0.91506	1.6311	807.96	-0.010872	0.00011118	0.1233	supercritical
351.0	752.0	968.24	0.0010328	258.02	335.69	1.1938	0.9152	1.6302	809.61	-0.011037	0.00011145	0.12352	supercritical
351.0	755.25	969.13	0.0010319	257.81	335.74	1.1931	0.91534	1.6292	811.26	-0.0112	0.00011171	0.12374	supercritical
351.0	758.5	970.0	0.0010309	257.61	335.8	1.1923	0.91548	1.6282	812.9	-0.011361	0.00011197	0.12396	supercritical
351.0	761.75	970.88	0.00103	257.4	335.86	1.1915	0.91562	1.6273	814.54	-0.011521	0.00011223	0.12418	supercritical
351.0	765.0	971.74	0.0010291	257.2	335.93	1.1907	0.91576	1.6263	816.17	-0.011679	0.0001125	0.1244	supercritical
351.0	768.25	972.61	0.0010282	257.0	335.99	1.1899	0.9159	1.6254	817.8	-0.011836	0.00011276	0.12462	supercritical
351.0	771.5	973.47	0.0010273	256.8	336.05	1.1892	0.91604	1.6245	819.42	-0.011991	0.00011302	0.12484	supercritical
351.0	774.75	974.32	0.0010264	256.6	336.11	1.1884	0.91618	1.6235	821.03	-0.012144	0.00011328	0.12506	supercritical
351.0	778.0	975.18	0.0010255	256.4	336.18	1.1876	0.91633	1.6226	822.64	-0.012297	0.00011354	0.12527	supercritical
351.0	781.25	976.03	0.0010246	256.2	336.24	1.1869	0.91647	1.6217	824.25	-0.012447	0.0001138	0.12549	supercritical
351.0	784.5	976.87	0.0010237	256.0	336.31	1.1861	0.91661	1.6208	825.85	-0.012597	0.00011406	0.12571	supercritical
351.0	787.75	977.71	0.0010228	255.81	336.38	1.1853	0.91675	1.62	827.44	-0.012745	0.00011432	0.12592	supercritical
351.0	791.0	978.55	0.0010219	255.61	336.44	1.1846	0.9169	1.6191	829.03	-0.012892	0.00011458	0.12614	supercritical
351.0	794.25	979.38	0.0010211	255.42	336.51	1.1838	0.91704	1.6182	830.62	-0.013037	0.00011484	0.12635	supercritical
351.0	797.5	980.21	0.0010202	255.22	336.58	1.1831	0.91718	1.6173	832.2	-0.013181	0.00011509	0.12657	supercritical
351.0	800.75	981.04	0.0010193	255.03	336.65	1.1823	0.91733	1.6165	833.77	-0.013323	0.00011535	0.12678	supercritical
351.0	804.0	981.86	0.0010185	254.84	336.72	1.1816	0.91747	1.6156	835.34	-0.013465	0.00011561	0.127	supercritical
351.0	807.25	982.68	0.0010176	254.64	336.79	1.1809	0.91761	1.6148	836.91	-0.013605	0.00011586	0.12721	supercritical
351.0	810.5	983.49	0.0010168	254.45	336.86	1.1801	0.91776	1.614	838.47	-0.013743	0.00011612	0.12742	supercritical
351.0	813.75	984.3	0.0010159	254.26	336.94	1.1794	0.9179	1.6131	840.02	-0.013881	0.00011638	0.12763	supercritical
351.0	817.0	985.11	0.0010151	254.08	337.01	1.1787	0.91805	1.6123	841.57	-0.014017	0.00011663	0.12785	supercritical
351.0	820.25	985.91	0.0010143	253.89	337.08	1.1779	0.91819	1.6115	843.12	-0.014152	0.00011689	0.12806	supercritical
351.0	823.5	986.71	0.0010135	253.7	337.16	1.1772	0.91834	1.6107	844.66	-0.014286	0.00011714	0.12827	supercritical
351.0	826.75	987.51	0.0010126	253.51	337.23	1.1765	0.91848	1.6099	846.2	-0.014419	0.0001174	0.12848	supercritical
351.0	830.0	988.31	0.0010118	253.33	337.31	1.1758	0.91863	1.6091	847.73	-0.01455	0.00011765	0.12869	supercritical
351.0	833.25	989.1	0.001011	253.14	337.39	1.175	0.91877	1.6083	849.25	-0.01468	0.00011791	0.1289	supercritical
351.0	836.5	989.88	0.0010102	252.96	337.46	1.1743	0.91892	1.6076	850.78	-0.01481	0.00011816	0.12911	supercritical
351.0	839.75	990.67	0.0010094	252.77	337.54	1.1736	0.91906	1.6068	852.29	-0.014938	0.00011841	0.12932	supercritical
351.0	843.0	991.45	0.0010086	252.59	337.62	1.1729	0.91921	1.606	853.81	-0.015065	0.00011867	0.12953	supercritical
351.0	846.25	992.23	0.0010078	252.41	337.7	1.1722	0.91936	1.6053	855.32	-0.015191	0.00011892	0.12973	supercritical
351.0	849.5	993.0	0.0010071	252.23	337.78	1.1715	0.9195	1.6045	856.82	-0.015315	0.00011917	0.12994	supercritical
351.0	852.75	993.77	0.0010063	252.05	337.86	1.1708	0.91965	1.6038	858.32	-0.015439	0.00011942	0.13015	supercritical
351.0	856.0	994.54	0.0010055	251.87	337.94	1.1701	0.9198	1.603	859.82	-0.015562	0.00011968	0.13036	supercritical
351.0	859.25	995.3	0.0010047	251.69	338.02	1.1694	0.91994	1.6023	861.31	-0.015683	0.00011993	0.13056	supercritical
351.0	862.5	996.06	0.001004	251.51	338.1	1.1687	0.92009	1.6016	862.79	-0.015804	0.00012018	0.13077	supercritical
351.0	865.75	996.82	0.0010032	251.33	338.18	1.168	0.92024	1.6009	864.28	-0.015923	0.00012043	0.13097	supercritical
351.0	869.0	997.58	0.0010024	251.16	338.27	1.1673	0.92039	1.6001	865.75	-0.016042	0.00012068	0.13118	supercritical
351.0	872.25	998.33	0.0010017	250.98	338.35	1.1666	0.92053	1.5994	867.23	-0.016159	0.00012093	0.13138	supercritical
351.0	875.5	999.08	0.0010009	250.8	338.44	1.1659	0.92068	1.5987	868.7	-0.016276	0.00012118	0.13159	supercritical
351.0	878.75	999.83	0.0010002	250.63	338.52	1.1652	0.92083	1.598	870.16	-0.016392	0.00012143	0.13179	supercritical
351.0	882.0	1000.6	0.00099943	250.46	338.61	1.1646	0.92098	1.5973	871.63	-0.016506	0.00012168	0.132	supercritical
351.0	885.25	1001.3	0.00099869	250.28	338.69	1.1639	0.92113	1.5967	873.08	-0.01662	0.00012193	0.1322	supercritical
351.0	888.5	1002.0	0.00099796	250.11	338.78	1.1632	0.92127	1.596	874.54	-0.016733	0.00012218	0.1324	supercritical
351.0	891.75	1002.8	0.00099723	249.94	338.87	1.1625	0.92142	1.5953	875.98	-0.016845	0.00012242	0.13261	supercritical
351.0	895.0	1003.5	0.0009965	249.77	338.95	1.1618	0.92157	1.5946	877.43	-0.016956	0.00012267	0.13281	supercritical
351.0	898.25	1004.2	0.00099577	249.6	339.04	1.1612	0.92172	1.594	878.87	-0.017066	0.00012292	0.13301	supercritical
351.0	901.5	1005.0	0.00099506	249.43	339.13	1.1605	0.92187	1.5933	880.31	-0.017175	0.00012317	0.13321	supercritical
351.0	904.75	1005.7	0.00099434	249.26	339.22	1.1598	0.92202	1.5926	881.74	-0.017283	0.00012341	0.13341	supercritical
351.0	908.0	1006.4	0.00099363	249.09	339.31	1.1592	0.92217	1.592	883.17	-0.01739	0.00012366	0.13362	supercritical
351.0	911.25	1007.1	0.00099292	248.92	339.4	1.1585	0.92232	1.5914	884.59	-0.017497	0.00012391	0.13382	supercritical
351.0	914.5	1007.8	0.00099221	248.75	339.49	1.1578	0.92247	1.5907	886.02	-0.017603	0.00012415	0.13402	supercritical
351.0	917.75	1008.6	0.00099151	248.58	339.58	1.1572	0.92262	1.5901	887.43	-0.017708	0.0001244	0.13422	supercritical
351.0	921.0	1009.3	0.00099082	248.42	339.67	1.1565	0.92276	1.5894	888.85	-0.017812	0.00012465	0.13442	supercritical
351.0	924.25	1010.0	0.00099012	248.25	339.76	1.1559	0.92291	1.5888	890.26	-0.017915	0.00012489	0.13462	supercritical
351.0	927.5	1010.7	0.00098943	248.09	339.86	1.1552	0.92306	1.5882	891.66	-0.018017	0.00012514	0.13481	supercritical
351.0	930.75	1011.4	0.00098875	247.92	339.95	1.1546	0.92321	1.5876	893.06	-0.018119	0.00012538	0.13501	supercritical
351.0	934.0	1012.1	0.00098806	247.76	340.04	1.1539	0.92336	1.587	894.46	-0.01822	0.00012563	0.13521	supercritical
351.0	937.25	1012.8	0.00098738	247.6	340.14	1.1533	0.92352	1.5864	895.86	-0.01832	0.00012587	0.13541	supercritical
351.0	940.5	1013.5	0.00098671	247.43	340.23	1.1526	0.92367	1.5858	897.25	-0.018419	0.00012612	0.13561	supercritical
351.0	943.75	1014.2	0.00098603	247.27	340.33	1.152	0.92382	1.5852	898.64	-0.018517	0.00012636	0.1358	supercritical
351.0	947.0	1014.9	0.00098536	247.11	340.42	1.1514	0.92397	1.5846	900.02	-0.018615	0.0001266	0.136	supercritical
351.0	950.25	1015.5	0.0009847	246.95	340.52	1.1507	0.92412	1.584	901.4	-0.018712	0.00012685	0.1362	supercritical
351.0	953.5	1016.2	0.00098403	246.79	340.62	1.1501	0.92427	1.5834	902.78	-0.018808	0.00012709	0.13639	supercritical
351.0	956.75	1016.9	0.00098337	246.63	340.71	1.1494	0.92442	1.5828	904.15	-0.018904	0.00012733	0.13659	supercritical
351.0	960.0	1017.6	0.00098272	246.47	340.81	1.1488	0.92457	1.5822	905.52	-0.018999	0.00012758	0.13679	supercritical
351.0	963.25	1018.3	0.00098206	246.31	340.91	1.1482	0.92472	1.5817	906.88	-0.019093	0.00012782	0.13698	supercritical
351.0	966.5	1018.9	0.00098141	246.15	341.01	1.1476	0.92487	1.5811	908.25	-0.019186	0.00012806	0.13718	supercritical
351.0	969.75	1019.6	0.00098077	246.0	341.11	1.1469	0.92502	1.5805	909.6	-0.019279	0.0001283	0.13737	supercritical
351.0	973.0	1020.3	0.00098012	245.84	341.21	1.1463	0.92518	1.58	910.96	-0.019371	0.00012855	0.13757	supercritical
351.0	976.25	1020.9	0.00097948	245.68	341.31	1.1457	0.92533	1.5794	912.31	-0.019462	0.00012879	0.13776	supercritical
351.0	979.5	1021.6	0.00097884	245.53	341.41	1.1451	0.92548	1.5789	913.66	-0.019553	0.00012903	0.13795	supercritical
351.0	982.75	1022.3	0.00097821	245.37	341.51	1.1444	0.92563	1.5783	915.0	-0.019643	0.00012927	0.13815	supercritical
351.0	986.0	1022.9	0.00097758	245.22	341.61	1.1438	0.92578	1.5778	916.35	-0.019732	0.00012951	0.13834	supercritical
351.0	989.25	1023.6	0.00097695	245.06	341.71	1.1432	0.92594	1.5772	917.68	-0.019821	0.00012975	0.13853	supercritical
351.0	992.5	1024.3	0.00097632	244.91	341.81	1.1426	0.92609	1.5767	919.02	-0.019909	0.00012999	0.13873	supercritical
351.0	995.75	1024.9	0.0009757	244.76	341.91	1.142	0.92624	1.5762	920.35	-0.019996	0.00013023	0.13892	supercritical
351.0	999.0	1025.6	0.00097508	244.6	342.02	1.1414	0.92639	1.5756	921.68	-0.020083	0.00013047	0.13911	supercritical
351.0	1002.2	1026.2	0.00097446	244.45	342.12	1.1408	0.92654	1.5751	923.0	-0.020169	0.00013071	0.1393	supercritical
351.0	1005.5	1026.9	0.00097385	244.3	342.22	1.1402	0.9267	1.5746	924.32	-0.020254	0.00013095	0.1395	supercritical
351.0	1008.8	1027.5	0.00097323	244.15	342.33	1.1395	0.92685	1.5741	925.64	-0.020339	0.00013119	0.13969	supercritical
351.0	1012.0	1028.1	0.00097263	244.0	342.43	1.1389	0.927	1.5736	926.96	-0.020423	0.00013143	0.13988	supercritical
351.0	1015.2	1028.8	0.00097202	243.85	342.53	1.1383	0.92716	1.5731	928.27	-0.020507	0.00013167	0.14007	supercritical
351.0	1018.5	1029.4	0.00097142	243.7	342.64	1.1377	0.92731	1.5726	929.58	-0.02059	0.00013191	0.14027	supercritical
351.0	1021.8	1030.1	0.00097082	243.55	342.74	1.1371	0.92746	1.5721	930.88	-0.020672	0.00013215	0.14046	supercritical
351.0	1025.0	1030.7	0.00097022	243.4	342.85	1.1365	0.92761	1.5716	932.19	-0.020754	0.00013239	0.14065	supercritical
351.0	1028.2	1031.3	0.00096962	243.26	342.96	1.1359	0.92777	1.5711	933.48	-0.020835	0.00013263	0.14084	supercritical
351.0	1031.5	1032.0	0.00096903	243.11	343.06	1.1354	0.92792	1.5706	934.78	-0.020916	0.00013286	0.14103	supercritical
351.0	1034.8	1032.6	0.00096844	242.96	343.17	1.1348	0.92807	1.5701	936.07	-0.020996	0.0001331	0.14122	supercritical
351.0	1038.0	1033.2	0.00096785	242.81	343.28	1.1342	0.92823	1.5696	937.36	-0.021076	0.00013334	0.14141	supercritical
351.0	1041.2	1033.8	0.00096727	242.67	343.39	1.1336	0.92838	1.5691	938.65	-0.021155	0.00013358	0.1416	supercritical
351.0	1044.5	1034.5	0.00096669	242.52	343.49	1.133	0.92853	1.5686	939.93	-0.021233	0.00013381	0.14179	supercritical
351.0	1047.8	1035.1	0.00096611	242.38	343.6	1.1324	0.92869	1.5682	941.21	-0.021311	0.00013405	0.14198	supercritical
351.0	1051.0	1035.7	0.00096553	242.23	343.71	1.1318	0.92884	1.5677	942.49	-0.021389	0.00013429	0.14217	supercritical
351.0	1054.2	1036.3	0.00096496	242.09	343.82	1.1312	0.92899	1.5672	943.77	-0.021465	0.00013453	0.14235	supercritical
351.0	1057.5	1036.9	0.00096438	241.95	343.93	1.1307	0.92915	1.5667	945.04	-0.021542	0.00013476	0.14254	supercritical
351.0	1060.8	1037.5	0.00096381	241.8	344.04	1.1301	0.9293	1.5663	946.31	-0.021618	0.000135	0.14273	supercritical
351.0	1064.0	1038.2	0.00096325	241.66	344.15	1.1295	0.92946	1.5658	947.57	-0.021693	0.00013523	0.14292	supercritical
351.0	1067.2	1038.8	0.00096268	241.52	344.26	1.1289	0.92961	1.5654	948.83	-0.021768	0.00013547	0.14311	supercritical
351.0	1070.5	1039.4	0.00096212	241.38	344.37	1.1284	0.92976	1.5649	950.09	-0.021842	0.00013571	0.14329	supercritical
351.0	1073.8	1040.0	0.00096156	241.23	344.48	1.1278	0.92992	1.5645	951.35	-0.021916	0.00013594	0.14348	supercritical
351.0	1077.0	1040.6	0.000961	241.09	344.59	1.1272	0.93007	1.564	952.6	-0.021989	0.00013618	0.14367	supercritical
351.0	1080.2	1041.2	0.00096045	240.95	344.71	1.1266	0.93023	1.5636	953.85	-0.022062	0.00013641	0.14385	supercritical
351.0	1083.5	1041.8	0.0009599	240.81	344.82	1.1261	0.93038	1.5631	955.1	-0.022134	0.00013665	0.14404	supercritical
351.0	1086.8	1042.4	0.00095935	240.67	344.93	1.1255	0.93053	1.5627	956.35	-0.022206	0.00013688	0.14423	supercritical
351.0	1090.0	1043.0	0.0009588	240.53	345.04	1.1249	0.93069	1.5622	957.59	-0.022277	0.00013712	0.14441	supercritical
351.0	1093.2	1043.6	0.00095825	240.4	345.16	1.1244	0.93084	1.5618	958.83	-0.022348	0.00013735	0.1446	supercritical
351.0	1096.5	1044.2	0.00095771	240.26	345.27	1.1238	0.931	1.5614	960.07	-0.022418	0.00013759	0.14478	supercritical
351.0	1099.8	1044.7	0.00095717	240.12	345.38	1.1232	0.93115	1.561	961.3	-0.022488	0.00013782	0.14497	supercritical
351.0	1103.0	1045.3	0.00095663	239.98	345.5	1.1227	0.93131	1.5605	962.53	-0.022558	0.00013805	0.14515	supercritical
351.0	1106.2	1045.9	0.00095609	239.85	345.61	1.1221	0.93146	1.5601	963.76	-0.022627	0.00013829	0.14534	supercritical
351.0	1109.5	1046.5	0.00095556	239.71	345.73	1.1216	0.93162	1.5597	964.99	-0.022695	0.00013852	0.14552	supercritical
351.0	1112.8	1047.1	0.00095502	239.57	345.84	1.121	0.93177	1.5593	966.21	-0.022763	0.00013876	0.14571	supercritical
351.0	1116.0	1047.7	0.00095449	239.44	345.96	1.1205	0.93192	1.5589	967.43	-0.022831	0.00013899	0.14589	supercritical
351.0	1119.2	1048.3	0.00095397	239.3	346.07	1.1199	0.93208	1.5584	968.65	-0.022898	0.00013922	0.14607	supercritical
351.0	1122.5	1048.8	0.00095344	239.17	346.19	1.1193	0.93223	1.558	969.86	-0.022965	0.00013946	0.14626	supercritical
351.0	1125.8	1049.4	0.00095292	239.03	346.31	1.1188	0.93239	1.5576	971.07	-0.023031	0.00013969	0.14644	supercritical
351.0	1129.0	1050.0	0.00095239	238.9	346.42	1.1182	0.93254	1.5572	972.28	-0.023097	0.00013992	0.14662	supercritical
351.0	1132.2	1050.6	0.00095187	238.76	346.54	1.1177	0.9327	1.5568	973.49	-0.023163	0.00014015	0.14681	supercritical
351.0	1135.5	1051.1	0.00095136	238.63	346.66	1.1172	0.93285	1.5564	974.69	-0.023228	0.00014039	0.14699	supercritical
351.0	1138.8	1051.7	0.00095084	238.5	346.78	1.1166	0.93301	1.556	975.89	-0.023292	0.00014062	0.14717	supercritical
351.0	1142.0	1052.3	0.00095033	238.37	346.89	1.1161	0.93316	1.5556	977.09	-0.023356	0.00014085	0.14735	supercritical
351.0	1145.2	1052.8	0.00094982	238.23	347.01	1.1155	0.93332	1.5552	978.29	-0.02342	0.00014108	0.14753	supercritical
351.0	1148.5	1053.4	0.00094931	238.1	347.13	1.115	0.93348	1.5549	979.48	-0.023484	0.00014132	0.14771	supercritical
351.0	1151.8	1054.0	0.0009488	237.97	347.25	1.1144	0.93363	1.5545	980.67	-0.023547	0.00014155	0.1479	supercritical
351.0	1155.0	1054.5	0.00094829	237.84	347.37	1.1139	0.93379	1.5541	981.86	-0.023609	0.00014178	0.14808	supercritical
351.0	1158.2	1055.1	0.00094779	237.71	347.49	1.1134	0.93394	1.5537	983.05	-0.023672	0.00014201	0.14826	supercritical
351.0	1161.5	1055.6	0.00094729	237.58	347.61	1.1128	0.9341	1.5533	984.23	-0.023733	0.00014224	0.14844	supercritical
351.0	1164.8	1056.2	0.00094679	237.45	347.73	1.1123	0.93425	1.553	985.41	-0.023795	0.00014247	0.14862	supercritical
351.0	1168.0	1056.8	0.00094629	237.32	347.85	1.1118	0.93441	1.5526	986.59	-0.023856	0.0001427	0.1488	supercritical
351.0	1171.2	1057.3	0.0009458	237.19	347.97	1.1112	0.93456	1.5522	987.77	-0.023917	0.00014293	0.14898	supercritical
351.0	1174.5	1057.9	0.0009453	237.06	348.09	1.1107	0.93472	1.5518	988.94	-0.023977	0.00014317	0.14916	supercritical
351.0	1177.8	1058.4	0.00094481	236.94	348.21	1.1102	0.93487	1.5515	990.11	-0.024037	0.0001434	0.14934	supercritical
351.0	1181.0	1059.0	0.00094432	236.81	348.33	1.1096	0.93503	1.5511	991.28	-0.024096	0.00014363	0.14952	supercritical
351.0	1184.2	1059.5	0.00094383	236.68	348.45	1.1091	0.93518	1.5507	992.45	-0.024156	0.00014386	0.1497	supercritical
351.0	1187.5	1060.1	0.00094334	236.55	348.57	1.1086	0.93534	1.5504	993.61	-0.024214	0.00014409	0.14988	supercritical
351.0	1190.8	1060.6	0.00094286	236.43	348.7	1.1081	0.9355	1.55	994.77	-0.024273	0.00014432	0.15005	supercritical
351.0	1194.0	1061.1	0.00094238	236.3	348.82	1.1075	0.93565	1.5497	995.93	-0.024331	0.00014455	0.15023	supercritical
351.0	1197.2	1061.7	0.0009419	236.17	348.94	1.107	0.93581	1.5493	997.09	-0.024389	0.00014478	0.15041	supercritical
351.0	1200.5	1062.2	0.00094142	236.05	349.07	1.1065	0.93596	1.549	998.24	-0.024446	0.00014501	0.15059	supercritical
351.0	1203.8	1062.8	0.00094094	235.92	349.19	1.106	0.93612	1.5486	999.39	-0.024503	0.00014524	0.15077	supercritical
351.0	1207.0	1063.3	0.00094046	235.8	349.31	1.1054	0.93628	1.5483	1000.5	-0.02456	0.00014547	0.15095	supercritical
351.0	1210.2	1063.8	0.00093999	235.67	349.44	1.1049	0.93643	1.5479	1001.7	-0.024616	0.0001457	0.15112	supercritical
351.0	1213.5	1064.4	0.00093952	235.55	349.56	1.1044	0.93659	1.5476	1002.8	-0.024672	0.00014592	0.1513	supercritical
351.0	1216.8	1064.9	0.00093905	235.43	349.68	1.1039	0.93674	1.5472	1004.0	-0.024728	0.00014615	0.15148	supercritical
351.0	1220.0	1065.4	0.00093858	235.3	349.81	1.1034	0.9369	1.5469	1005.1	-0.024783	0.00014638	0.15165	supercritical
351.0	1223.2	1066.0	0.00093811	235.18	349.93	1.1029	0.93705	1.5466	1006.3	-0.024838	0.00014661	0.15183	supercritical
351.0	1226.5	1066.5	0.00093765	235.06	350.06	1.1024	0.93721	1.5462	1007.4	-0.024893	0.00014684	0.15201	supercritical
351.0	1229.8	1067.0	0.00093718	234.93	350.18	1.1018	0.93737	1.5459	1008.5	-0.024947	0.00014707	0.15218	supercritical
351.0	1233.0	1067.6	0.00093672	234.81	350.31	1.1013	0.93752	1.5456	1009.6	-0.025001	0.0001473	0.15236	supercritical
351.0	1236.2	1068.1	0.00093626	234.69	350.43	1.1008	0.93768	1.5452	1010.8	-0.025055	0.00014752	0.15254	supercritical
351.0	1239.5	1068.6	0.0009358	234.57	350.56	1.1003	0.93783	1.5449	1011.9	-0.025108	0.00014775	0.15271	supercritical
351.0	1242.8	1069.1	0.00093534	234.45	350.69	1.0998	0.93799	1.5446	1013.0	-0.025162	0.00014798	0.15289	supercritical
351.0	1246.0	1069.6	0.00093489	234.33	350.81	1.0993	0.93815	1.5442	1014.1	-0.025214	0.00014821	0.15306	supercritical
351.0	1249.2	1070.2	0.00093443	234.21	350.94	1.0988	0.9383	1.5439	1015.3	-0.025267	0.00014844	0.15324	supercritical
351.0	1252.5	1070.7	0.00093398	234.08	351.07	1.0983	0.93846	1.5436	1016.4	-0.025319	0.00014866	0.15341	supercritical
351.0	1255.8	1071.2	0.00093353	233.97	351.19	1.0978	0.93862	1.5433	1017.5	-0.025371	0.00014889	0.15359	supercritical
351.0	1259.0	1071.7	0.00093308	233.85	351.32	1.0973	0.93877	1.543	1018.6	-0.025422	0.00014912	0.15376	supercritical
351.0	1262.2	1072.2	0.00093264	233.73	351.45	1.0968	0.93893	1.5427	1019.7	-0.025474	0.00014935	0.15394	supercritical
351.0	1265.5	1072.7	0.00093219	233.61	351.58	1.0963	0.93908	1.5423	1020.8	-0.025525	0.00014957	0.15411	supercritical
351.0	1268.8	1073.3	0.00093175	233.49	351.7	1.0958	0.93924	1.542	1021.9	-0.025575	0.0001498	0.15428	supercritical
351.0	1272.0	1073.8	0.0009313	233.37	351.83	1.0953	0.9394	1.5417	1023.0	-0.025626	0.00015003	0.15446	supercritical
351.0	1275.2	1074.3	0.00093086	233.25	351.96	1.0948	0.93955	1.5414	1024.1	-0.025676	0.00015026	0.15463	supercritical
351.0	1278.5	1074.8	0.00093042	233.14	352.09	1.0943	0.93971	1.5411	1025.2	-0.025725	0.00015048	0.1548	supercritical
351.0	1281.8	1075.3	0.00092998	233.02	352.22	1.0938	0.93987	1.5408	1026.3	-0.025775	0.00015071	0.15498	supercritical
351.0	1285.0	1075.8	0.00092955	232.9	352.35	1.0933	0.94002	1.5405	1027.4	-0.025824	0.00015094	0.15515	supercritical
351.0	1288.2	1076.3	0.00092911	232.78	352.48	1.0928	0.94018	1.5402	1028.5	-0.025873	0.00015116	0.15532	supercritical
351.0	1291.5	1076.8	0.00092868	232.67	352.61	1.0923	0.94033	1.5399	1029.6	-0.025922	0.00015139	0.1555	supercritical
351.0	1294.8	1077.3	0.00092825	232.55	352.74	1.0918	0.94049	1.5396	1030.7	-0.02597	0.00015161	0.15567	supercritical
351.0	1298.0	1077.8	0.00092781	232.44	352.87	1.0914	0.94065	1.5393	1031.8	-0.026018	0.00015184	0.15584	supercritical
351.0	1301.2	1078.3	0.00092739	232.32	353.0	1.0909	0.9408	1.539	1032.9	-0.026066	0.00015207	0.15601	supercritical
351.0	1304.5	1078.8	0.00092696	232.21	353.13	1.0904	0.94096	1.5387	1034.0	-0.026114	0.00015229	0.15619	supercritical
351.0	1307.8	1079.3	0.00092653	232.09	353.26	1.0899	0.94112	1.5384	1035.0	-0.026161	0.00015252	0.15636	supercritical
351.0	1311.0	1079.8	0.00092611	231.98	353.39	1.0894	0.94127	1.5382	1036.1	-0.026208	0.00015274	0.15653	supercritical
351.0	1314.2	1080.3	0.00092568	231.86	353.52	1.0889	0.94143	1.5379	1037.2	-0.026255	0.00015297	0.1567	supercritical
351.0	1317.5	1080.8	0.00092526	231.75	353.65	1.0884	0.94159	1.5376	1038.3	-0.026301	0.00015319	0.15687	supercritical
351.0	1320.8	1081.3	0.00092484	231.64	353.78	1.088	0.94174	1.5373	1039.4	-0.026347	0.00015342	0.15704	supercritical
351.0	1324.0	1081.8	0.00092442	231.52	353.91	1.0875	0.9419	1.537	1040.4	-0.026393	0.00015365	0.15721	supercritical
351.0	1327.2	1082.2	0.000924	231.41	354.05	1.087	0.94205	1.5367	1041.5	-0.026439	0.00015387	0.15739	supercritical
351.0	1330.5	1082.7	0.00092359	231.3	354.18	1.0865	0.94221	1.5365	1042.6	-0.026485	0.0001541	0.15756	supercritical
351.0	1333.8	1083.2	0.00092317	231.18	354.31	1.086	0.94237	1.5362	1043.6	-0.02653	0.00015432	0.15773	supercritical
351.0	1337.0	1083.7	0.00092276	231.07	354.44	1.0856	0.94252	1.5359	1044.7	-0.026575	0.00015455	0.1579	supercritical
351.0	1340.2	1084.2	0.00092234	230.96	354.58	1.0851	0.94268	1.5356	1045.7	-0.026619	0.00015477	0.15807	supercritical
351.0	1343.5	1084.7	0.00092193	230.85	354.71	1.0846	0.94284	1.5354	1046.8	-0.026664	0.000155	0.15824	supercritical
351.0	1346.8	1085.2	0.00092152	230.74	354.84	1.0841	0.94299	1.5351	1047.9	-0.026708	0.00015522	0.15841	supercritical
351.0	1350.0	1085.6	0.00092111	230.63	354.98	1.0837	0.94315	1.5348	1048.9	-0.026752	0.00015544	0.15858	supercritical
351.0	1353.2	1086.1	0.00092071	230.51	355.11	1.0832	0.94331	1.5346	1050.0	-0.026796	0.00015567	0.15875	supercritical
351.0	1356.5	1086.6	0.0009203	230.4	355.24	1.0827	0.94346	1.5343	1051.0	-0.026839	0.00015589	0.15892	supercritical
351.0	1359.8	1087.1	0.0009199	230.29	355.38	1.0823	0.94362	1.534	1052.1	-0.026883	0.00015612	0.15908	supercritical
351.0	1363.0	1087.6	0.00091949	230.18	355.51	1.0818	0.94378	1.5338	1053.1	-0.026926	0.00015634	0.15925	supercritical
351.0	1366.2	1088.0	0.00091909	230.07	355.65	1.0813	0.94393	1.5335	1054.2	-0.026968	0.00015657	0.15942	supercritical
351.0	1369.5	1088.5	0.00091869	229.97	355.78	1.0809	0.94409	1.5332	1055.2	-0.027011	0.00015679	0.15959	supercritical
351.0	1372.8	1089.0	0.00091829	229.86	355.91	1.0804	0.94425	1.533	1056.2	-0.027053	0.00015701	0.15976	supercritical
351.0	1376.0	1089.5	0.00091789	229.75	356.05	1.0799	0.9444	1.5327	1057.3	-0.027095	0.00015724	0.15993	supercritical
351.0	1379.2	1089.9	0.0009175	229.64	356.18	1.0795	0.94456	1.5325	1058.3	-0.027137	0.00015746	0.1601	supercritical
351.0	1382.5	1090.4	0.0009171	229.53	356.32	1.079	0.94471	1.5322	1059.4	-0.027179	0.00015769	0.16026	supercritical
351.0	1385.8	1090.9	0.00091671	229.42	356.46	1.0785	0.94487	1.532	1060.4	-0.02722	0.00015791	0.16043	supercritical
351.0	1389.0	1091.3	0.00091631	229.32	356.59	1.0781	0.94503	1.5317	1061.4	-0.027262	0.00015813	0.1606	supercritical
351.0	1392.2	1091.8	0.00091592	229.21	356.73	1.0776	0.94518	1.5315	1062.5	-0.027303	0.00015836	0.16077	supercritical
351.0	1395.5	1092.3	0.00091553	229.1	356.86	1.0771	0.94534	1.5312	1063.5	-0.027343	0.00015858	0.16094	supercritical
351.0	1398.8	1092.7	0.00091514	228.99	357.0	1.0767	0.9455	1.531	1064.5	-0.027384	0.0001588	0.1611	supercritical
351.0	1402.0	1093.2	0.00091475	228.89	357.14	1.0762	0.94565	1.5307	1065.5	-0.027424	0.00015903	0.16127	supercritical
351.0	1405.2	1093.7	0.00091437	228.78	357.27	1.0758	0.94581	1.5305	1066.6	-0.027464	0.00015925	0.16144	supercritical
351.0	1408.5	1094.1	0.00091398	228.67	357.41	1.0753	0.94597	1.5302	1067.6	-0.027504	0.00015947	0.1616	supercritical
351.0	1411.8	1094.6	0.00091359	228.57	357.55	1.0749	0.94612	1.53	1068.6	-0.027544	0.00015969	0.16177	supercritical
351.0	1415.0	1095.0	0.00091321	228.46	357.68	1.0744	0.94628	1.5297	1069.6	-0.027583	0.00015992	0.16194	supercritical
351.0	1418.2	1095.5	0.00091283	228.36	357.82	1.0739	0.94644	1.5295	1070.6	-0.027623	0.00016014	0.1621	supercritical
351.0	1421.5	1096.0	0.00091245	228.25	357.96	1.0735	0.94659	1.5293	1071.6	-0.027662	0.00016036	0.16227	supercritical
351.0	1424.8	1096.4	0.00091207	228.15	358.09	1.073	0.94675	1.529	1072.7	-0.027701	0.00016058	0.16244	supercritical
351.0	1428.0	1096.9	0.00091169	228.04	358.23	1.0726	0.9469	1.5288	1073.7	-0.027739	0.00016081	0.1626	supercritical
351.0	1431.2	1097.3	0.00091131	227.94	358.37	1.0721	0.94706	1.5286	1074.7	-0.027778	0.00016103	0.16277	supercritical
351.0	1434.5	1097.8	0.00091093	227.84	358.51	1.0717	0.94722	1.5283	1075.7	-0.027816	0.00016125	0.16293	supercritical
351.0	1437.8	1098.2	0.00091056	227.73	358.65	1.0712	0.94737	1.5281	1076.7	-0.027854	0.00016147	0.1631	supercritical
351.0	1441.0	1098.7	0.00091018	227.63	358.79	1.0708	0.94753	1.5279	1077.7	-0.027892	0.0001617	0.16326	supercritical
351.0	1444.2	1099.1	0.00090981	227.52	358.92	1.0703	0.94769	1.5276	1078.7	-0.02793	0.00016192	0.16343	supercritical
351.0	1447.5	1099.6	0.00090944	227.42	359.06	1.0699	0.94784	1.5274	1079.7	-0.027967	0.00016214	0.16359	supercritical
351.0	1450.8	1100.0	0.00090907	227.32	359.2	1.0694	0.948	1.5272	1080.7	-0.028004	0.00016236	0.16376	supercritical
351.0	1454.0	1100.5	0.0009087	227.22	359.34	1.069	0.94816	1.527	1081.7	-0.028041	0.00016258	0.16392	supercritical
351.0	1457.2	1100.9	0.00090833	227.11	359.48	1.0686	0.94831	1.5267	1082.7	-0.028078	0.00016281	0.16409	supercritical
351.0	1460.5	1101.4	0.00090796	227.01	359.62	1.0681	0.94847	1.5265	1083.7	-0.028115	0.00016303	0.16425	supercritical
351.0	1463.8	1101.8	0.00090759	226.91	359.76	1.0677	0.94862	1.5263	1084.7	-0.028152	0.00016325	0.16442	supercritical
351.0	1467.0	1102.3	0.00090723	226.81	359.9	1.0672	0.94878	1.5261	1085.7	-0.028188	0.00016347	0.16458	supercritical
351.0	1470.2	1102.7	0.00090686	226.71	360.04	1.0668	0.94894	1.5258	1086.7	-0.028224	0.00016369	0.16475	supercritical
351.0	1473.5	1103.1	0.0009065	226.61	360.18	1.0663	0.94909	1.5256	1087.6	-0.02826	0.00016391	0.16491	supercritical
351.0	1476.8	1103.6	0.00090614	226.5	360.32	1.0659	0.94925	1.5254	1088.6	-0.028296	0.00016414	0.16507	supercritical
351.0	1480.0	1104.0	0.00090578	226.4	360.46	1.0655	0.94941	1.5252	1089.6	-0.028331	0.00016436	0.16524	supercritical
351.0	1483.2	1104.5	0.00090542	226.3	360.6	1.065	0.94956	1.525	1090.6	-0.028367	0.00016458	0.1654	supercritical
351.0	1486.5	1104.9	0.00090506	226.2	360.74	1.0646	0.94972	1.5248	1091.6	-0.028402	0.0001648	0.16557	supercritical
351.0	1489.8	1105.3	0.0009047	226.1	360.88	1.0642	0.94988	1.5246	1092.5	-0.028437	0.00016502	0.16573	supercritical
351.0	1493.0	1105.8	0.00090434	226.0	361.02	1.0637	0.95003	1.5243	1093.5	-0.028472	0.00016524	0.16589	supercritical
351.0	1496.2	1106.2	0.00090399	225.9	361.16	1.0633	0.95019	1.5241	1094.5	-0.028507	0.00016546	0.16606	supercritical
351.0	1499.5	1106.6	0.00090363	225.8	361.3	1.0628	0.95034	1.5239	1095.5	-0.028541	0.00016568	0.16622	supercritical
351.0	1502.8	1107.1	0.00090328	225.71	361.45	1.0624	0.9505	1.5237	1096.4	-0.028576	0.0001659	0.16638	supercritical
351.0	1506.0	1107.5	0.00090292	225.61	361.59	1.062	0.95066	1.5235	1097.4	-0.02861	0.00016612	0.16654	supercritical
351.0	1509.2	1107.9	0.00090257	225.51	361.73	1.0616	0.95081	1.5233	1098.4	-0.028644	0.00016634	0.16671	supercritical
351.0	1512.5	1108.4	0.00090222	225.41	361.87	1.0611	0.95097	1.5231	1099.3	-0.028678	0.00016657	0.16687	supercritical
351.0	1515.8	1108.8	0.00090187	225.31	362.01	1.0607	0.95112	1.5229	1100.3	-0.028711	0.00016679	0.16703	supercritical
351.0	1519.0	1109.2	0.00090152	225.21	362.16	1.0603	0.95128	1.5227	1101.3	-0.028745	0.00016701	0.16719	supercritical
351.0	1522.2	1109.7	0.00090117	225.12	362.3	1.0598	0.95144	1.5225	1102.2	-0.028778	0.00016723	0.16736	supercritical
351.0	1525.5	1110.1	0.00090083	225.02	362.44	1.0594	0.95159	1.5223	1103.2	-0.028811	0.00016745	0.16752	supercritical
351.0	1528.8	1110.5	0.00090048	224.92	362.58	1.059	0.95175	1.5221	1104.2	-0.028844	0.00016767	0.16768	supercritical
351.0	1532.0	1110.9	0.00090013	224.82	362.73	1.0585	0.9519	1.5219	1105.1	-0.028877	0.00016789	0.16784	supercritical
351.0	1535.2	1111.4	0.00089979	224.73	362.87	1.0581	0.95206	1.5217	1106.1	-0.02891	0.00016811	0.168	supercritical
351.0	1538.5	1111.8	0.00089945	224.63	363.01	1.0577	0.95222	1.5215	1107.0	-0.028942	0.00016833	0.16816	supercritical
351.0	1541.8	1112.2	0.00089911	224.53	363.15	1.0573	0.95237	1.5213	1108.0	-0.028975	0.00016855	0.16832	supercritical
351.0	1545.0	1112.6	0.00089876	224.44	363.3	1.0568	0.95253	1.5211	1108.9	-0.029007	0.00016877	0.16849	supercritical
351.0	1548.2	1113.1	0.00089842	224.34	363.44	1.0564	0.95268	1.5209	1109.9	-0.029039	0.00016899	0.16865	supercritical
351.0	1551.5	1113.5	0.00089808	224.25	363.58	1.056	0.95284	1.5207	1110.8	-0.029071	0.00016921	0.16881	supercritical
351.0	1554.8	1113.9	0.00089775	224.15	363.73	1.0556	0.953	1.5205	1111.8	-0.029103	0.00016943	0.16897	supercritical
351.0	1558.0	1114.3	0.00089741	224.06	363.87	1.0552	0.95315	1.5203	1112.7	-0.029134	0.00016965	0.16913	supercritical
351.0	1561.2	1114.7	0.00089707	223.96	364.02	1.0547	0.95331	1.5201	1113.7	-0.029166	0.00016987	0.16929	supercritical
351.0	1564.5	1115.2	0.00089674	223.87	364.16	1.0543	0.95346	1.52	1114.6	-0.029197	0.00017009	0.16945	supercritical
351.0	1567.8	1115.6	0.0008964	223.77	364.3	1.0539	0.95362	1.5198	1115.6	-0.029228	0.00017031	0.16961	supercritical
351.0	1571.0	1116.0	0.00089607	223.68	364.45	1.0535	0.95378	1.5196	1116.5	-0.029259	0.00017053	0.16977	supercritical
351.0	1574.2	1116.4	0.00089573	223.58	364.59	1.0531	0.95393	1.5194	1117.4	-0.02929	0.00017075	0.16993	supercritical
351.0	1577.5	1116.8	0.0008954	223.49	364.74	1.0526	0.95409	1.5192	1118.4	-0.02932	0.00017096	0.17009	supercritical
351.0	1580.8	1117.2	0.00089507	223.4	364.88	1.0522	0.95424	1.519	1119.3	-0.029351	0.00017118	0.17025	supercritical
351.0	1584.0	1117.6	0.00089474	223.3	365.03	1.0518	0.9544	1.5188	1120.2	-0.029381	0.0001714	0.17041	supercritical
351.0	1587.2	1118.1	0.00089441	223.21	365.17	1.0514	0.95455	1.5187	1121.2	-0.029412	0.00017162	0.17057	supercritical
351.0	1590.5	1118.5	0.00089408	223.12	365.32	1.051	0.95471	1.5185	1122.1	-0.029442	0.00017184	0.17073	supercritical
351.0	1593.8	1118.9	0.00089375	223.02	365.46	1.0506	0.95487	1.5183	1123.0	-0.029472	0.00017206	0.17089	supercritical
351.0	1597.0	1119.3	0.00089343	222.93	365.61	1.0502	0.95502	1.5181	1124.0	-0.029501	0.00017228	0.17105	supercritical
351.0	1600.2	1119.7	0.0008931	222.84	365.76	1.0497	0.95518	1.5179	1124.9	-0.029531	0.0001725	0.17121	supercritical
351.0	1603.5	1120.1	0.00089278	222.74	365.9	1.0493	0.95533	1.5178	1125.8	-0.029561	0.00017272	0.17137	supercritical
351.0	1606.8	1120.5	0.00089245	222.65	366.05	1.0489	0.95549	1.5176	1126.7	-0.02959	0.00017294	0.17152	supercritical
351.0	1610.0	1120.9	0.00089213	222.56	366.19	1.0485	0.95564	1.5174	1127.7	-0.029619	0.00017316	0.17168	supercritical
351.0	1613.2	1121.3	0.00089181	222.47	366.34	1.0481	0.9558	1.5172	1128.6	-0.029648	0.00017337	0.17184	supercritical
351.0	1616.5	1121.7	0.00089148	222.38	366.49	1.0477	0.95595	1.5171	1129.5	-0.029677	0.00017359	0.172	supercritical
351.0	1619.8	1122.1	0.00089116	222.29	366.63	1.0473	0.95611	1.5169	1130.4	-0.029706	0.00017381	0.17216	supercritical
351.0	1623.0	1122.5	0.00089084	222.19	366.78	1.0469	0.95627	1.5167	1131.3	-0.029735	0.00017403	0.17232	supercritical
351.0	1626.2	1122.9	0.00089052	222.1	366.92	1.0465	0.95642	1.5166	1132.2	-0.029763	0.00017425	0.17247	supercritical
351.0	1629.5	1123.3	0.0008902	222.01	367.07	1.0461	0.95658	1.5164	1133.2	-0.029792	0.00017447	0.17263	supercritical
351.0	1632.8	1123.7	0.00088989	221.92	367.22	1.0457	0.95673	1.5162	1134.1	-0.02982	0.00017469	0.17279	supercritical
351.0	1636.0	1124.1	0.00088957	221.83	367.37	1.0453	0.95689	1.516	1135.0	-0.029848	0.0001749	0.17295	supercritical
351.0	1639.2	1124.5	0.00088925	221.74	367.51	1.0449	0.95704	1.5159	1135.9	-0.029876	0.00017512	0.17311	supercritical
351.0	1642.5	1124.9	0.00088894	221.65	367.66	1.0444	0.9572	1.5157	1136.8	-0.029904	0.00017534	0.17326	supercritical
351.0	1645.8	1125.3	0.00088863	221.56	367.81	1.044	0.95735	1.5155	1137.7	-0.029932	0.00017556	0.17342	supercritical
351.0	1649.0	1125.7	0.00088831	221.47	367.95	1.0436	0.95751	1.5154	1138.6	-0.029959	0.00017578	0.17358	supercritical
351.0	1652.2	1126.1	0.000888	221.38	368.1	1.0432	0.95766	1.5152	1139.5	-0.029987	0.000176	0.17374	supercritical
351.0	1655.5	1126.5	0.00088769	221.29	368.25	1.0428	0.95782	1.5151	1140.4	-0.030014	0.00017621	0.17389	supercritical
351.0	1658.8	1126.9	0.00088738	221.2	368.4	1.0424	0.95797	1.5149	1141.3	-0.030041	0.00017643	0.17405	supercritical
351.0	1662.0	1127.3	0.00088707	221.12	368.55	1.042	0.95813	1.5147	1142.2	-0.030068	0.00017665	0.17421	supercritical
351.0	1665.2	1127.7	0.00088676	221.03	368.69	1.0416	0.95828	1.5146	1143.1	-0.030095	0.00017687	0.17436	supercritical
351.0	1668.5	1128.1	0.00088645	220.94	368.84	1.0412	0.95844	1.5144	1144.0	-0.030122	0.00017709	0.17452	supercritical
351.0	1671.8	1128.5	0.00088614	220.85	368.99	1.0408	0.95859	1.5143	1144.9	-0.030149	0.0001773	0.17468	supercritical
351.0	1675.0	1128.9	0.00088583	220.76	369.14	1.0404	0.95875	1.5141	1145.8	-0.030176	0.00017752	0.17483	supercritical
351.0	1678.2	1129.3	0.00088553	220.67	369.29	1.04	0.9589	1.5139	1146.7	-0.030202	0.00017774	0.17499	supercritical
351.0	1681.5	1129.7	0.00088522	220.59	369.44	1.0397	0.95906	1.5138	1147.6	-0.030228	0.00017796	0.17515	supercritical
351.0	1684.8	1130.1	0.00088492	220.5	369.58	1.0393	0.95921	1.5136	1148.5	-0.030255	0.00017817	0.1753	supercritical
351.0	1688.0	1130.4	0.00088461	220.41	369.73	1.0389	0.95937	1.5135	1149.4	-0.030281	0.00017839	0.17546	supercritical
351.0	1691.2	1130.8	0.00088431	220.32	369.88	1.0385	0.95952	1.5133	1150.2	-0.030307	0.00017861	0.17562	supercritical
351.0	1694.5	1131.2	0.00088401	220.24	370.03	1.0381	0.95968	1.5132	1151.1	-0.030333	0.00017883	0.17577	supercritical
351.0	1697.8	1131.6	0.0008837	220.15	370.18	1.0377	0.95983	1.513	1152.0	-0.030358	0.00017905	0.17593	supercritical
351.0	1701.0	1132.0	0.0008834	220.06	370.33	1.0373	0.95999	1.5129	1152.9	-0.030384	0.00017926	0.17608	supercritical
351.0	1704.2	1132.4	0.0008831	219.98	370.48	1.0369	0.96014	1.5127	1153.8	-0.03041	0.00017948	0.17624	supercritical
351.0	1707.5	1132.8	0.0008828	219.89	370.63	1.0365	0.9603	1.5126	1154.7	-0.030435	0.0001797	0.17639	supercritical
351.0	1710.8	1133.1	0.0008825	219.8	370.78	1.0361	0.96045	1.5124	1155.5	-0.03046	0.00017992	0.17655	supercritical
351.0	1714.0	1133.5	0.00088221	219.72	370.93	1.0357	0.96061	1.5123	1156.4	-0.030485	0.00018013	0.1767	supercritical
351.0	1717.2	1133.9	0.00088191	219.63	371.08	1.0353	0.96076	1.5121	1157.3	-0.030511	0.00018035	0.17686	supercritical
351.0	1720.5	1134.3	0.00088161	219.55	371.23	1.0349	0.96092	1.512	1158.2	-0.030536	0.00018057	0.17701	supercritical
351.0	1723.8	1134.7	0.00088132	219.46	371.38	1.0346	0.96107	1.5118	1159.1	-0.03056	0.00018078	0.17717	supercritical
351.0	1727.0	1135.0	0.00088102	219.38	371.53	1.0342	0.96123	1.5117	1159.9	-0.030585	0.000181	0.17732	supercritical
351.0	1730.2	1135.4	0.00088073	219.29	371.68	1.0338	0.96138	1.5115	1160.8	-0.03061	0.00018122	0.17748	supercritical
351.0	1733.5	1135.8	0.00088043	219.21	371.83	1.0334	0.96154	1.5114	1161.7	-0.030634	0.00018144	0.17763	supercritical
351.0	1736.8	1136.2	0.00088014	219.12	371.98	1.033	0.96169	1.5112	1162.5	-0.030659	0.00018165	0.17779	supercritical
351.0	1740.0	1136.6	0.00087985	219.04	372.13	1.0326	0.96184	1.5111	1163.4	-0.030683	0.00018187	0.17794	supercritical
351.0	1743.2	1136.9	0.00087956	218.95	372.28	1.0322	0.962	1.5109	1164.3	-0.030707	0.00018209	0.1781	supercritical
351.0	1746.5	1137.3	0.00087926	218.87	372.43	1.0319	0.96215	1.5108	1165.1	-0.030731	0.0001823	0.17825	supercritical
351.0	1749.8	1137.7	0.00087897	218.79	372.58	1.0315	0.96231	1.5107	1166.0	-0.030755	0.00018252	0.17841	supercritical
351.0	1753.0	1138.1	0.00087868	218.7	372.73	1.0311	0.96246	1.5105	1166.9	-0.030779	0.00018274	0.17856	supercritical
351.0	1756.2	1138.4	0.0008784	218.62	372.89	1.0307	0.96262	1.5104	1167.7	-0.030803	0.00018295	0.17871	supercritical
351.0	1759.5	1138.8	0.00087811	218.53	373.04	1.0303	0.96277	1.5102	1168.6	-0.030826	0.00018317	0.17887	supercritical
351.0	1762.8	1139.2	0.00087782	218.45	373.19	1.0299	0.96293	1.5101	1169.5	-0.03085	0.00018339	0.17902	supercritical
351.0	1766.0	1139.6	0.00087753	218.37	373.34	1.0296	0.96308	1.51	1170.3	-0.030873	0.0001836	0.17918	supercritical
351.0	1769.2	1139.9	0.00087725	218.28	373.49	1.0292	0.96323	1.5098	1171.2	-0.030897	0.00018382	0.17933	supercritical
351.0	1772.5	1140.3	0.00087696	218.2	373.64	1.0288	0.96339	1.5097	1172.0	-0.03092	0.00018404	0.17948	supercritical
351.0	1775.8	1140.7	0.00087668	218.12	373.79	1.0284	0.96354	1.5096	1172.9	-0.030943	0.00018425	0.17964	supercritical
351.0	1779.0	1141.0	0.00087639	218.04	373.95	1.028	0.9637	1.5094	1173.7	-0.030966	0.00018447	0.17979	supercritical
351.0	1782.2	1141.4	0.00087611	217.95	374.1	1.0277	0.96385	1.5093	1174.6	-0.030989	0.00018469	0.17994	supercritical
351.0	1785.5	1141.8	0.00087583	217.87	374.25	1.0273	0.964	1.5092	1175.4	-0.031012	0.0001849	0.1801	supercritical
351.0	1788.8	1142.1	0.00087554	217.79	374.4	1.0269	0.96416	1.509	1176.3	-0.031034	0.00018512	0.18025	supercritical
351.0	1792.0	1142.5	0.00087526	217.71	374.56	1.0265	0.96431	1.5089	1177.1	-0.031057	0.00018534	0.1804	supercritical
351.0	1795.2	1142.9	0.00087498	217.63	374.71	1.0261	0.96447	1.5088	1178.0	-0.031079	0.00018555	0.18055	supercritical
351.0	1798.5	1143.2	0.0008747	217.54	374.86	1.0258	0.96462	1.5086	1178.8	-0.031102	0.00018577	0.18071	supercritical
351.0	1801.8	1143.6	0.00087442	217.46	375.01	1.0254	0.96477	1.5085	1179.7	-0.031124	0.00018599	0.18086	supercritical
351.0	1805.0	1144.0	0.00087414	217.38	375.17	1.025	0.96493	1.5084	1180.5	-0.031146	0.0001862	0.18101	supercritical
351.0	1808.2	1144.3	0.00087386	217.3	375.32	1.0246	0.96508	1.5082	1181.4	-0.031168	0.00018642	0.18116	supercritical
351.0	1811.5	1144.7	0.00087359	217.22	375.47	1.0243	0.96524	1.5081	1182.2	-0.03119	0.00018663	0.18132	supercritical
351.0	1814.8	1145.1	0.00087331	217.14	375.62	1.0239	0.96539	1.508	1183.1	-0.031212	0.00018685	0.18147	supercritical
351.0	1818.0	1145.4	0.00087303	217.06	375.78	1.0235	0.96554	1.5079	1183.9	-0.031234	0.00018707	0.18162	supercritical
351.0	1821.2	1145.8	0.00087276	216.98	375.93	1.0232	0.9657	1.5077	1184.7	-0.031256	0.00018728	0.18177	supercritical
351.0	1824.5	1146.2	0.00087248	216.9	376.08	1.0228	0.96585	1.5076	1185.6	-0.031278	0.0001875	0.18193	supercritical
351.0	1827.8	1146.5	0.00087221	216.82	376.24	1.0224	0.966	1.5075	1186.4	-0.031299	0.00018772	0.18208	supercritical
351.0	1831.0	1146.9	0.00087194	216.74	376.39	1.022	0.96616	1.5074	1187.2	-0.031321	0.00018793	0.18223	supercritical
351.0	1834.2	1147.2	0.00087166	216.66	376.54	1.0217	0.96631	1.5072	1188.1	-0.031342	0.00018815	0.18238	supercritical
351.0	1837.5	1147.6	0.00087139	216.58	376.7	1.0213	0.96646	1.5071	1188.9	-0.031363	0.00018836	0.18253	supercritical
351.0	1840.8	1148.0	0.00087112	216.5	376.85	1.0209	0.96662	1.507	1189.7	-0.031384	0.00018858	0.18268	supercritical
351.0	1844.0	1148.3	0.00087085	216.42	377.0	1.0206	0.96677	1.5069	1190.6	-0.031405	0.0001888	0.18284	supercritical
351.0	1847.2	1148.7	0.00087058	216.34	377.16	1.0202	0.96692	1.5068	1191.4	-0.031426	0.00018901	0.18299	supercritical
351.0	1850.5	1149.0	0.00087031	216.26	377.31	1.0198	0.96708	1.5066	1192.2	-0.031447	0.00018923	0.18314	supercritical
351.0	1853.8	1149.4	0.00087004	216.18	377.47	1.0195	0.96723	1.5065	1193.1	-0.031468	0.00018944	0.18329	supercritical
351.0	1857.0	1149.7	0.00086977	216.1	377.62	1.0191	0.96738	1.5064	1193.9	-0.031489	0.00018966	0.18344	supercritical
351.0	1860.2	1150.1	0.0008695	216.03	377.77	1.0187	0.96754	1.5063	1194.7	-0.031509	0.00018987	0.18359	supercritical
351.0	1863.5	1150.4	0.00086923	215.95	377.93	1.0184	0.96769	1.5062	1195.5	-0.03153	0.00019009	0.18374	supercritical
351.0	1866.8	1150.8	0.00086896	215.87	378.08	1.018	0.96784	1.506	1196.4	-0.03155	0.00019031	0.18389	supercritical
351.0	1870.0	1151.1	0.0008687	215.79	378.24	1.0176	0.968	1.5059	1197.2	-0.031571	0.00019052	0.18404	supercritical
351.0	1873.2	1151.5	0.00086843	215.71	378.39	1.0173	0.96815	1.5058	1198.0	-0.031591	0.00019074	0.1842	supercritical
351.0	1876.5	1151.9	0.00086817	215.64	378.55	1.0169	0.9683	1.5057	1198.8	-0.031611	0.00019095	0.18435	supercritical
351.0	1879.8	1152.2	0.0008679	215.56	378.7	1.0165	0.96846	1.5056	1199.6	-0.031631	0.00019117	0.1845	supercritical
351.0	1883.0	1152.6	0.00086764	215.48	378.86	1.0162	0.96861	1.5055	1200.5	-0.031651	0.00019138	0.18465	supercritical
351.0	1886.2	1152.9	0.00086737	215.4	379.01	1.0158	0.96876	1.5053	1201.3	-0.031671	0.0001916	0.1848	supercritical
351.0	1889.5	1153.3	0.00086711	215.33	379.17	1.0155	0.96892	1.5052	1202.1	-0.031691	0.00019182	0.18495	supercritical
351.0	1892.8	1153.6	0.00086685	215.25	379.32	1.0151	0.96907	1.5051	1202.9	-0.031711	0.00019203	0.1851	supercritical
351.0	1896.0	1154.0	0.00086659	215.17	379.48	1.0147	0.96922	1.505	1203.7	-0.031731	0.00019225	0.18525	supercritical
351.0	1899.2	1154.3	0.00086632	215.09	379.63	1.0144	0.96937	1.5049	1204.5	-0.03175	0.00019246	0.1854	supercritical
351.0	1902.5	1154.6	0.00086606	215.02	379.79	1.014	0.96953	1.5048	1205.3	-0.03177	0.00019268	0.18555	supercritical
351.0	1905.8	1155.0	0.0008658	214.94	379.94	1.0137	0.96968	1.5047	1206.2	-0.031789	0.00019289	0.1857	supercritical
351.0	1909.0	1155.3	0.00086554	214.87	380.1	1.0133	0.96983	1.5046	1207.0	-0.031808	0.00019311	0.18585	supercritical
351.0	1912.2	1155.7	0.00086529	214.79	380.25	1.0129	0.96998	1.5045	1207.8	-0.031828	0.00019332	0.186	supercritical
351.0	1915.5	1156.0	0.00086503	214.71	380.41	1.0126	0.97014	1.5043	1208.6	-0.031847	0.00019354	0.18615	supercritical
351.0	1918.8	1156.4	0.00086477	214.64	380.56	1.0122	0.97029	1.5042	1209.4	-0.031866	0.00019375	0.1863	supercritical
351.0	1922.0	1156.7	0.00086451	214.56	380.72	1.0119	0.97044	1.5041	1210.2	-0.031885	0.00019397	0.18645	supercritical
351.0	1925.2	1157.1	0.00086426	214.49	380.88	1.0115	0.97059	1.504	1211.0	-0.031904	0.00019418	0.1866	supercritical
351.0	1928.5	1157.4	0.000864	214.41	381.03	1.0112	0.97075	1.5039	1211.8	-0.031923	0.0001944	0.18674	supercritical
351.0	1931.8	1157.8	0.00086374	214.33	381.19	1.0108	0.9709	1.5038	1212.6	-0.031942	0.00019461	0.18689	supercritical
351.0	1935.0	1158.1	0.00086349	214.26	381.34	1.0105	0.97105	1.5037	1213.4	-0.03196	0.00019483	0.18704	supercritical
351.0	1938.2	1158.4	0.00086323	214.18	381.5	1.0101	0.9712	1.5036	1214.2	-0.031979	0.00019505	0.18719	supercritical
351.0	1941.5	1158.8	0.00086298	214.11	381.66	1.0097	0.97136	1.5035	1215.0	-0.031998	0.00019526	0.18734	supercritical
351.0	1944.8	1159.1	0.00086273	214.03	381.81	1.0094	0.97151	1.5034	1215.8	-0.032016	0.00019548	0.18749	supercritical
351.0	1948.0	1159.5	0.00086247	213.96	381.97	1.009	0.97166	1.5033	1216.6	-0.032034	0.00019569	0.18764	supercritical
351.0	1951.2	1159.8	0.00086222	213.89	382.13	1.0087	0.97181	1.5032	1217.4	-0.032053	0.00019591	0.18779	supercritical
351.0	1954.5	1160.1	0.00086197	213.81	382.28	1.0083	0.97197	1.5031	1218.2	-0.032071	0.00019612	0.18794	supercritical
351.0	1957.8	1160.5	0.00086172	213.74	382.44	1.008	0.97212	1.503	1219.0	-0.032089	0.00019634	0.18808	supercritical
351.0	1961.0	1160.8	0.00086147	213.66	382.6	1.0076	0.97227	1.5029	1219.8	-0.032107	0.00019655	0.18823	supercritical
351.0	1964.2	1161.1	0.00086122	213.59	382.75	1.0073	0.97242	1.5028	1220.6	-0.032125	0.00019677	0.18838	supercritical
351.0	1967.5	1161.5	0.00086097	213.52	382.91	1.0069	0.97257	1.5027	1221.3	-0.032143	0.00019698	0.18853	supercritical
351.0	1970.8	1161.8	0.00086072	213.44	383.07	1.0066	0.97273	1.5026	1222.1	-0.032161	0.0001972	0.18868	supercritical
351.0	1974.0	1162.2	0.00086047	213.37	383.22	1.0062	0.97288	1.5025	1222.9	-0.032179	0.00019741	0.18883	supercritical
351.0	1977.2	1162.5	0.00086022	213.29	383.38	1.0059	0.97303	1.5024	1223.7	-0.032196	0.00019762	0.18897	supercritical
351.0	1980.5	1162.8	0.00085997	213.22	383.54	1.0055	0.97318	1.5023	1224.5	-0.032214	0.00019784	0.18912	supercritical
351.0	1983.8	1163.2	0.00085973	213.15	383.7	1.0052	0.97333	1.5022	1225.3	-0.032232	0.00019805	0.18927	supercritical
351.0	1987.0	1163.5	0.00085948	213.08	383.85	1.0048	0.97349	1.5021	1226.1	-0.032249	0.00019827	0.18942	supercritical
351.0	1990.2	1163.8	0.00085923	213.0	384.01	1.0045	0.97364	1.502	1226.9	-0.032267	0.00019848	0.18957	supercritical
351.0	1993.5	1164.2	0.00085899	212.93	384.17	1.0041	0.97379	1.5019	1227.6	-0.032284	0.0001987	0.18971	supercritical
351.0	1996.8	1164.5	0.00085874	212.86	384.33	1.0038	0.97394	1.5018	1228.4	-0.032301	0.00019891	0.18986	supercritical
351.0	2000.0	1164.8	0.0008585	212.78	384.48	1.0035	0.97409	1.5017	1229.2	-0.032318	0.00019913	0.19001	supercritical
