Temperature (K)	Pressure (bar)	Density (kg/m3)	Volume (m3/kg)	Internal Energy (kJ/kg)	Enthalpy (kJ/kg)	Entropy (J/g*K)	Cv (J/g*K)	Cp (J/g*K)	Sound Spd. (m/s)	Joule-Thomson (K/bar)	Viscosity (Pa*s)	Therm. Cond. (W/m*K)	Phase
581.0	56.5	52.321	0.019113	658.9	766.88	2.5962	0.88552	1.1143	366.11	0.20099	2.7896e-05	0.041348	vapor
581.0	59.75	55.375	0.018059	658.26	766.16	2.5846	0.88607	1.1173	366.24	0.19992	2.7946e-05	0.041459	vapor
581.0	63.0	58.432	0.017114	657.61	765.43	2.5735	0.88662	1.1202	366.39	0.19884	2.7997e-05	0.04157	vapor
581.0	66.25	61.492	0.016262	656.97	764.71	2.5629	0.88717	1.1231	366.54	0.19776	2.8048e-05	0.041682	vapor
581.0	69.5	64.556	0.01549	656.33	763.99	2.5528	0.88772	1.1261	366.71	0.19668	2.81e-05	0.041794	vapor
581.0	72.75	67.624	0.014788	655.69	763.27	2.5431	0.88826	1.129	366.88	0.19559	2.8153e-05	0.041907	vapor
581.0	76.0	70.694	0.014145	655.05	762.55	2.5338	0.88881	1.132	367.06	0.19449	2.8206e-05	0.04202	vapor
581.0	76.0	70.694	0.014145	655.05	762.55	2.5338	0.88881	1.132	367.06	0.19449	2.8206e-05	0.04202	supercritical
581.0	76.0	70.694	0.014145	655.05	762.55	2.5338	0.88881	1.132	367.06	0.19449	2.8206e-05	0.04202	supercritical
581.0	79.25	73.768	0.013556	654.41	761.84	2.5248	0.88935	1.1349	367.26	0.19339	2.8261e-05	0.042133	supercritical
581.0	82.5	76.844	0.013013	653.77	761.13	2.5161	0.88989	1.1379	367.46	0.19229	2.8316e-05	0.042247	supercritical
581.0	85.75	79.923	0.012512	653.13	760.42	2.5078	0.89042	1.1409	367.67	0.19118	2.8372e-05	0.042362	supercritical
581.0	89.0	83.005	0.012048	652.49	759.71	2.4997	0.89096	1.1438	367.9	0.19006	2.8429e-05	0.042477	supercritical
581.0	92.25	86.088	0.011616	651.85	759.0	2.4919	0.89149	1.1468	368.13	0.18894	2.8486e-05	0.042592	supercritical
581.0	95.5	89.174	0.011214	651.21	758.3	2.4843	0.89203	1.1497	368.37	0.18782	2.8544e-05	0.042709	supercritical
581.0	98.75	92.262	0.010839	650.57	757.6	2.4769	0.89255	1.1527	368.63	0.18669	2.8604e-05	0.042826	supercritical
581.0	102.0	95.352	0.010487	649.93	756.9	2.4697	0.89308	1.1557	368.89	0.18555	2.8664e-05	0.042944	supercritical
581.0	105.25	98.443	0.010158	649.29	756.21	2.4628	0.89361	1.1586	369.16	0.18441	2.8725e-05	0.043062	supercritical
581.0	108.5	101.54	0.0098487	648.66	755.51	2.456	0.89413	1.1616	369.45	0.18326	2.8786e-05	0.043181	supercritical
581.0	111.75	104.63	0.0095575	648.02	754.82	2.4494	0.89465	1.1645	369.74	0.18211	2.8849e-05	0.043302	supercritical
581.0	115.0	107.72	0.0092829	647.38	754.14	2.4429	0.89517	1.1675	370.04	0.18096	2.8912e-05	0.043423	supercritical
581.0	118.25	110.82	0.0090236	646.75	753.45	2.4366	0.89568	1.1704	370.36	0.1798	2.8977e-05	0.043545	supercritical
581.0	121.5	113.92	0.0087783	646.11	752.77	2.4305	0.89619	1.1734	370.68	0.17863	2.9042e-05	0.043667	supercritical
581.0	124.75	117.01	0.008546	645.48	752.09	2.4244	0.8967	1.1763	371.02	0.17746	2.9108e-05	0.043791	supercritical
581.0	128.0	120.11	0.0083256	644.84	751.41	2.4186	0.89721	1.1793	371.37	0.17629	2.9175e-05	0.043916	supercritical
581.0	131.25	123.21	0.0081163	644.21	750.74	2.4128	0.89771	1.1822	371.72	0.17511	2.9243e-05	0.044042	supercritical
581.0	134.5	126.31	0.0079173	643.58	750.06	2.4072	0.89822	1.1851	372.09	0.17392	2.9311e-05	0.044168	supercritical
581.0	137.75	129.4	0.0077278	642.95	749.4	2.4016	0.89872	1.188	372.47	0.17273	2.9381e-05	0.044296	supercritical
581.0	141.0	132.5	0.0075472	642.32	748.73	2.3962	0.89921	1.1909	372.86	0.17154	2.9452e-05	0.044425	supercritical
581.0	144.25	135.6	0.0073749	641.69	748.07	2.3909	0.8997	1.1938	373.26	0.17034	2.9523e-05	0.044555	supercritical
581.0	147.5	138.69	0.0072103	641.06	747.41	2.3857	0.90019	1.1967	373.67	0.16914	2.9596e-05	0.044686	supercritical
581.0	150.75	141.78	0.007053	640.43	746.75	2.3806	0.90068	1.1996	374.09	0.16794	2.9669e-05	0.044817	supercritical
581.0	154.0	144.88	0.0069024	639.8	746.1	2.3755	0.90117	1.2025	374.52	0.16673	2.9743e-05	0.044951	supercritical
581.0	157.25	147.97	0.0067582	639.18	745.45	2.3706	0.90165	1.2053	374.97	0.16551	2.9818e-05	0.045085	supercritical
581.0	160.5	151.06	0.00662	638.55	744.8	2.3657	0.90213	1.2082	375.42	0.1643	2.9895e-05	0.04522	supercritical
581.0	163.75	154.14	0.0064874	637.93	744.16	2.361	0.9026	1.211	375.89	0.16308	2.9972e-05	0.045356	supercritical
581.0	167.0	157.23	0.0063602	637.3	743.52	2.3563	0.90307	1.2138	376.36	0.16185	3.005e-05	0.045494	supercritical
581.0	170.25	160.31	0.0062379	636.68	742.88	2.3517	0.90354	1.2166	376.85	0.16063	3.0129e-05	0.045633	supercritical
581.0	173.5	163.39	0.0061203	636.06	742.25	2.3471	0.90401	1.2194	377.35	0.1594	3.0209e-05	0.045772	supercritical
581.0	176.75	166.47	0.0060071	635.44	741.62	2.3426	0.90447	1.2222	377.86	0.15817	3.029e-05	0.045913	supercritical
581.0	180.0	169.54	0.0058982	634.83	740.99	2.3382	0.90493	1.225	378.39	0.15694	3.0371e-05	0.046055	supercritical
581.0	183.25	172.61	0.0057933	634.21	740.37	2.3339	0.90539	1.2277	378.92	0.1557	3.0454e-05	0.046199	supercritical
581.0	186.5	175.68	0.0056921	633.59	739.75	2.3296	0.90584	1.2305	379.46	0.15446	3.0538e-05	0.046343	supercritical
581.0	189.75	178.75	0.0055945	632.98	739.13	2.3254	0.90629	1.2332	380.02	0.15322	3.0623e-05	0.046488	supercritical
581.0	193.0	181.81	0.0055004	632.37	738.52	2.3212	0.90674	1.2359	380.59	0.15198	3.0708e-05	0.046635	supercritical
581.0	196.25	184.86	0.0054094	631.75	737.91	2.3171	0.90718	1.2386	381.16	0.15074	3.0795e-05	0.046783	supercritical
581.0	199.5	187.91	0.0053216	631.14	737.31	2.3131	0.90762	1.2413	381.75	0.1495	3.0882e-05	0.046932	supercritical
581.0	202.75	190.96	0.0052366	630.53	736.71	2.3091	0.90806	1.2439	382.35	0.14826	3.0971e-05	0.047082	supercritical
581.0	206.0	194.01	0.0051545	629.93	736.11	2.3052	0.90849	1.2465	382.97	0.14701	3.106e-05	0.047233	supercritical
581.0	209.25	197.04	0.005075	629.32	735.52	2.3013	0.90892	1.2492	383.59	0.14577	3.1151e-05	0.047386	supercritical
581.0	212.5	200.08	0.0049981	628.72	734.93	2.2975	0.90935	1.2517	384.22	0.14452	3.1242e-05	0.047539	supercritical
581.0	215.75	203.1	0.0049236	628.11	734.34	2.2937	0.90977	1.2543	384.87	0.14328	3.1334e-05	0.047693	supercritical
581.0	219.0	206.13	0.0048514	627.51	733.76	2.2899	0.91019	1.2569	385.52	0.14204	3.1427e-05	0.047849	supercritical
581.0	222.25	209.14	0.0047814	626.91	733.18	2.2862	0.91061	1.2594	386.19	0.14079	3.1521e-05	0.048006	supercritical
581.0	225.5	212.15	0.0047136	626.31	732.61	2.2826	0.91103	1.2619	386.87	0.13955	3.1617e-05	0.048163	supercritical
581.0	228.75	215.16	0.0046477	625.72	732.04	2.279	0.91144	1.2644	387.56	0.13831	3.1713e-05	0.048322	supercritical
581.0	232.0	218.16	0.0045838	625.12	731.47	2.2754	0.91184	1.2669	388.26	0.13707	3.1809e-05	0.048482	supercritical
581.0	235.25	221.15	0.0045218	624.53	730.91	2.2719	0.91225	1.2693	388.97	0.13583	3.1907e-05	0.048643	supercritical
581.0	238.5	224.13	0.0044616	623.94	730.35	2.2685	0.91265	1.2718	389.69	0.1346	3.2006e-05	0.048805	supercritical
581.0	241.75	227.11	0.0044031	623.35	729.79	2.265	0.91305	1.2742	390.43	0.13336	3.2106e-05	0.048968	supercritical
581.0	245.0	230.09	0.0043462	622.76	729.24	2.2616	0.91344	1.2766	391.17	0.13213	3.2206e-05	0.049131	supercritical
581.0	248.25	233.05	0.0042909	622.18	728.7	2.2583	0.91383	1.2789	391.93	0.1309	3.2308e-05	0.049296	supercritical
581.0	251.5	236.01	0.0042371	621.59	728.16	2.255	0.91422	1.2812	392.69	0.12968	3.241e-05	0.049462	supercritical
581.0	254.75	238.96	0.0041848	621.01	727.62	2.2517	0.9146	1.2836	393.47	0.12846	3.2514e-05	0.049629	supercritical
581.0	258.0	241.9	0.0041339	620.43	727.08	2.2484	0.91498	1.2859	394.25	0.12724	3.2618e-05	0.049796	supercritical
581.0	261.25	244.83	0.0040844	619.85	726.55	2.2452	0.91536	1.2881	395.05	0.12602	3.2723e-05	0.049965	supercritical
581.0	264.5	247.76	0.0040361	619.27	726.03	2.242	0.91574	1.2904	395.85	0.12481	3.2829e-05	0.050134	supercritical
581.0	267.75	250.68	0.0039892	618.7	725.51	2.2389	0.91611	1.2926	396.67	0.1236	3.2936e-05	0.050304	supercritical
581.0	271.0	253.59	0.0039434	618.12	724.99	2.2358	0.91648	1.2948	397.5	0.1224	3.3043e-05	0.050475	supercritical
581.0	274.25	256.49	0.0038988	617.55	724.48	2.2327	0.91684	1.2969	398.33	0.1212	3.3152e-05	0.050647	supercritical
581.0	277.5	259.38	0.0038553	616.98	723.97	2.2297	0.9172	1.2991	399.18	0.12	3.3261e-05	0.050819	supercritical
581.0	280.75	262.27	0.0038129	616.42	723.46	2.2267	0.91756	1.3012	400.03	0.11881	3.3371e-05	0.050993	supercritical
581.0	284.0	265.14	0.0037715	615.85	722.96	2.2237	0.91792	1.3033	400.9	0.11763	3.3482e-05	0.051167	supercritical
581.0	287.25	268.01	0.0037312	615.29	722.47	2.2207	0.91827	1.3054	401.77	0.11645	3.3594e-05	0.051341	supercritical
581.0	290.5	270.87	0.0036918	614.73	721.98	2.2178	0.91862	1.3074	402.66	0.11527	3.3707e-05	0.051517	supercritical
581.0	293.75	273.72	0.0036534	614.17	721.49	2.2149	0.91897	1.3095	403.55	0.1141	3.382e-05	0.051693	supercritical
581.0	297.0	276.56	0.0036159	613.61	721.0	2.212	0.91931	1.3115	404.45	0.11294	3.3935e-05	0.05187	supercritical
581.0	300.25	279.39	0.0035793	613.06	720.52	2.2092	0.91965	1.3134	405.36	0.11178	3.405e-05	0.052047	supercritical
581.0	303.5	282.21	0.0035435	612.5	720.05	2.2064	0.91999	1.3154	406.28	0.11062	3.4165e-05	0.052225	supercritical
581.0	306.75	285.02	0.0035086	611.95	719.58	2.2036	0.92032	1.3173	407.21	0.10948	3.4282e-05	0.052404	supercritical
581.0	310.0	287.82	0.0034744	611.4	719.11	2.2009	0.92065	1.3192	408.15	0.10834	3.4399e-05	0.052583	supercritical
581.0	313.25	290.61	0.0034411	610.86	718.65	2.1981	0.92098	1.3211	409.1	0.1072	3.4518e-05	0.052763	supercritical
581.0	316.5	293.39	0.0034085	610.31	718.19	2.1954	0.92131	1.323	410.05	0.10608	3.4636e-05	0.052943	supercritical
581.0	319.75	296.16	0.0033766	609.77	717.74	2.1927	0.92163	1.3248	411.01	0.10496	3.4756e-05	0.053123	supercritical
581.0	323.0	298.92	0.0033454	609.23	717.29	2.1901	0.92195	1.3266	411.99	0.10384	3.4876e-05	0.053305	supercritical
581.0	326.25	301.67	0.0033149	608.69	716.84	2.1875	0.92227	1.3284	412.96	0.10273	3.4997e-05	0.053486	supercritical
581.0	329.5	304.41	0.0032851	608.16	716.4	2.1849	0.92258	1.3301	413.95	0.10163	3.5119e-05	0.053668	supercritical
581.0	332.75	307.14	0.0032559	607.62	715.96	2.1823	0.92289	1.3319	414.95	0.10054	3.5242e-05	0.053851	supercritical
581.0	336.0	309.86	0.0032273	607.09	715.53	2.1797	0.9232	1.3336	415.95	0.099454	3.5365e-05	0.054034	supercritical
581.0	339.25	312.56	0.0031993	606.56	715.1	2.1772	0.92351	1.3353	416.96	0.098375	3.5488e-05	0.054217	supercritical
581.0	342.5	315.26	0.003172	606.04	714.68	2.1747	0.92381	1.337	417.97	0.097304	3.5613e-05	0.054401	supercritical
581.0	345.75	317.95	0.0031452	605.51	714.26	2.1722	0.92411	1.3386	419.0	0.096239	3.5738e-05	0.054584	supercritical
581.0	349.0	320.63	0.0031189	604.99	713.84	2.1697	0.92441	1.3402	420.03	0.095182	3.5864e-05	0.054769	supercritical
581.0	352.25	323.29	0.0030932	604.47	713.43	2.1673	0.9247	1.3418	421.07	0.094133	3.599e-05	0.054953	supercritical
581.0	355.5	325.95	0.003068	603.95	713.02	2.1648	0.92499	1.3434	422.11	0.093091	3.6117e-05	0.055138	supercritical
581.0	358.75	328.59	0.0030433	603.43	712.61	2.1624	0.92528	1.3449	423.16	0.092057	3.6245e-05	0.055323	supercritical
581.0	362.0	331.22	0.0030191	602.92	712.21	2.16	0.92557	1.3465	424.22	0.091031	3.6373e-05	0.055508	supercritical
581.0	365.25	333.84	0.0029954	602.41	711.82	2.1577	0.92586	1.348	425.28	0.090012	3.6502e-05	0.055694	supercritical
581.0	368.5	336.45	0.0029722	601.9	711.42	2.1553	0.92614	1.3495	426.35	0.089001	3.6631e-05	0.055879	supercritical
581.0	371.75	339.05	0.0029494	601.39	711.04	2.153	0.92642	1.3509	427.43	0.087997	3.6762e-05	0.056065	supercritical
581.0	375.0	341.64	0.002927	600.89	710.65	2.1507	0.9267	1.3524	428.51	0.087002	3.6892e-05	0.056251	supercritical
581.0	378.25	344.22	0.0029051	600.39	710.27	2.1484	0.92697	1.3538	429.6	0.086015	3.7023e-05	0.056437	supercritical
581.0	381.5	346.79	0.0028836	599.88	709.9	2.1461	0.92725	1.3552	430.69	0.085035	3.7155e-05	0.056623	supercritical
581.0	384.75	349.34	0.0028625	599.39	709.52	2.1439	0.92752	1.3566	431.79	0.084063	3.7287e-05	0.056809	supercritical
581.0	388.0	351.88	0.0028418	598.89	709.15	2.1417	0.92778	1.3579	432.9	0.083099	3.742e-05	0.056996	supercritical
581.0	391.25	354.42	0.0028215	598.4	708.79	2.1395	0.92805	1.3593	434.01	0.082143	3.7553e-05	0.057182	supercritical
581.0	394.5	356.94	0.0028016	597.9	708.43	2.1373	0.92831	1.3606	435.12	0.081195	3.7687e-05	0.057369	supercritical
581.0	397.75	359.45	0.002782	597.42	708.07	2.1351	0.92858	1.3619	436.24	0.080255	3.7821e-05	0.057555	supercritical
581.0	401.0	361.95	0.0027628	596.93	707.72	2.1329	0.92884	1.3631	437.37	0.079322	3.7956e-05	0.057742	supercritical
581.0	404.25	364.44	0.002744	596.44	707.37	2.1308	0.92909	1.3644	438.5	0.078398	3.8091e-05	0.057928	supercritical
581.0	407.5	366.91	0.0027254	595.96	707.02	2.1287	0.92935	1.3656	439.64	0.077481	3.8227e-05	0.058114	supercritical
581.0	410.75	369.38	0.0027073	595.48	706.68	2.1266	0.9296	1.3669	440.77	0.076573	3.8363e-05	0.058301	supercritical
581.0	414.0	371.83	0.0026894	595.0	706.34	2.1245	0.92985	1.3681	441.92	0.075672	3.85e-05	0.058487	supercritical
581.0	417.25	374.27	0.0026718	594.53	706.01	2.1224	0.9301	1.3692	443.07	0.074779	3.8637e-05	0.058674	supercritical
581.0	420.5	376.71	0.0026546	594.05	705.68	2.1203	0.93035	1.3704	444.22	0.073894	3.8775e-05	0.05886	supercritical
581.0	423.75	379.13	0.0026376	593.58	705.35	2.1183	0.93059	1.3715	445.38	0.073016	3.8913e-05	0.059046	supercritical
581.0	427.0	381.54	0.002621	593.11	705.03	2.1163	0.93084	1.3727	446.54	0.072146	3.9051e-05	0.059232	supercritical
581.0	430.25	383.93	0.0026046	592.64	704.71	2.1142	0.93108	1.3738	447.7	0.071284	3.919e-05	0.059418	supercritical
581.0	433.5	386.32	0.0025885	592.18	704.39	2.1122	0.93132	1.3749	448.87	0.07043	3.9329e-05	0.059604	supercritical
581.0	436.75	388.7	0.0025727	591.71	704.08	2.1103	0.93155	1.3759	450.04	0.069583	3.9469e-05	0.05979	supercritical
581.0	440.0	391.06	0.0025572	591.25	703.77	2.1083	0.93179	1.377	451.22	0.068744	3.9609e-05	0.059975	supercritical
581.0	443.25	393.41	0.0025419	590.79	703.46	2.1063	0.93202	1.378	452.4	0.067912	3.9749e-05	0.06016	supercritical
581.0	446.5	395.76	0.0025268	590.34	703.16	2.1044	0.93225	1.379	453.58	0.067088	3.989e-05	0.060346	supercritical
581.0	449.75	398.09	0.002512	589.88	702.86	2.1025	0.93248	1.38	454.77	0.066271	4.0031e-05	0.060531	supercritical
581.0	453.0	400.41	0.0024975	589.43	702.56	2.1006	0.93271	1.381	455.96	0.065462	4.0172e-05	0.060716	supercritical
581.0	456.25	402.72	0.0024831	588.98	702.27	2.0987	0.93294	1.382	457.15	0.06466	4.0314e-05	0.0609	supercritical
581.0	459.5	405.01	0.002469	588.53	701.98	2.0968	0.93316	1.3829	458.35	0.063865	4.0456e-05	0.061085	supercritical
581.0	462.75	407.3	0.0024552	588.08	701.7	2.0949	0.93339	1.3839	459.54	0.063077	4.0598e-05	0.061269	supercritical
581.0	466.0	409.58	0.0024415	587.64	701.42	2.0931	0.93361	1.3848	460.75	0.062297	4.0741e-05	0.061453	supercritical
581.0	469.25	411.84	0.0024281	587.2	701.14	2.0912	0.93383	1.3857	461.95	0.061524	4.0884e-05	0.061636	supercritical
581.0	472.5	414.1	0.0024149	586.76	700.86	2.0894	0.93405	1.3866	463.16	0.060757	4.1027e-05	0.06182	supercritical
581.0	475.75	416.34	0.0024019	586.32	700.59	2.0876	0.93426	1.3874	464.37	0.059998	4.1171e-05	0.062003	supercritical
581.0	479.0	418.57	0.0023891	585.88	700.32	2.0858	0.93448	1.3883	465.58	0.059246	4.1315e-05	0.062186	supercritical
581.0	482.25	420.8	0.0023764	585.45	700.05	2.084	0.93469	1.3891	466.79	0.058501	4.1459e-05	0.062369	supercritical
581.0	485.5	423.01	0.002364	585.02	699.79	2.0822	0.9349	1.39	468.01	0.057762	4.1603e-05	0.062551	supercritical
581.0	488.75	425.21	0.0023518	584.59	699.53	2.0805	0.93511	1.3908	469.23	0.05703	4.1748e-05	0.062733	supercritical
581.0	492.0	427.4	0.0023397	584.16	699.28	2.0787	0.93532	1.3916	470.45	0.056305	4.1893e-05	0.062915	supercritical
581.0	495.25	429.58	0.0023279	583.74	699.02	2.077	0.93553	1.3923	471.68	0.055587	4.2038e-05	0.063097	supercritical
581.0	498.5	431.75	0.0023162	583.31	698.77	2.0752	0.93574	1.3931	472.9	0.054875	4.2184e-05	0.063278	supercritical
581.0	501.75	433.9	0.0023047	582.89	698.53	2.0735	0.93594	1.3939	474.13	0.05417	4.2329e-05	0.063459	supercritical
581.0	505.0	436.05	0.0022933	582.47	698.28	2.0718	0.93614	1.3946	475.36	0.053471	4.2475e-05	0.063639	supercritical
581.0	508.25	438.19	0.0022821	582.05	698.04	2.0701	0.93635	1.3953	476.59	0.052778	4.2621e-05	0.06382	supercritical
581.0	511.5	440.32	0.0022711	581.64	697.8	2.0684	0.93655	1.396	477.83	0.052092	4.2768e-05	0.064	supercritical
581.0	514.75	442.43	0.0022602	581.22	697.57	2.0668	0.93675	1.3967	479.06	0.051412	4.2914e-05	0.064179	supercritical
581.0	518.0	444.54	0.0022495	580.81	697.34	2.0651	0.93695	1.3974	480.3	0.050739	4.3061e-05	0.064359	supercritical
581.0	521.25	446.64	0.002239	580.4	697.11	2.0634	0.93714	1.3981	481.54	0.050071	4.3208e-05	0.064537	supercritical
581.0	524.5	448.72	0.0022286	579.99	696.88	2.0618	0.93734	1.3988	482.78	0.04941	4.3355e-05	0.064716	supercritical
581.0	527.75	450.8	0.0022183	579.59	696.66	2.0602	0.93753	1.3994	484.02	0.048754	4.3502e-05	0.064894	supercritical
581.0	531.0	452.86	0.0022082	579.19	696.44	2.0586	0.93773	1.4	485.27	0.048105	4.365e-05	0.065072	supercritical
581.0	534.25	454.92	0.0021982	578.78	696.22	2.057	0.93792	1.4007	486.51	0.047462	4.3797e-05	0.06525	supercritical
581.0	537.5	456.96	0.0021884	578.38	696.01	2.0554	0.93811	1.4013	487.76	0.046824	4.3945e-05	0.065427	supercritical
581.0	540.75	459.0	0.0021786	577.98	695.8	2.0538	0.9383	1.4019	489.01	0.046192	4.4093e-05	0.065604	supercritical
581.0	544.0	461.03	0.0021691	577.59	695.59	2.0522	0.93849	1.4025	490.25	0.045566	4.4241e-05	0.06578	supercritical
581.0	547.25	463.04	0.0021596	577.19	695.38	2.0506	0.93868	1.403	491.5	0.044946	4.439e-05	0.065956	supercritical
581.0	550.5	465.05	0.0021503	576.8	695.18	2.0491	0.93886	1.4036	492.76	0.044331	4.4538e-05	0.066132	supercritical
581.0	553.75	467.04	0.0021411	576.41	694.98	2.0475	0.93905	1.4041	494.01	0.043722	4.4686e-05	0.066307	supercritical
581.0	557.0	469.03	0.0021321	576.02	694.78	2.046	0.93923	1.4047	495.26	0.043118	4.4835e-05	0.066482	supercritical
581.0	560.25	471.01	0.0021231	575.63	694.58	2.0445	0.93942	1.4052	496.52	0.042519	4.4984e-05	0.066656	supercritical
581.0	563.5	472.97	0.0021143	575.25	694.39	2.0429	0.9396	1.4057	497.77	0.041926	4.5133e-05	0.066831	supercritical
581.0	566.75	474.93	0.0021056	574.87	694.2	2.0414	0.93978	1.4062	499.03	0.041339	4.5282e-05	0.067004	supercritical
581.0	570.0	476.88	0.002097	574.48	694.01	2.0399	0.93996	1.4067	500.28	0.040757	4.5431e-05	0.067178	supercritical
581.0	573.25	478.82	0.0020885	574.1	693.83	2.0385	0.94014	1.4072	501.54	0.040179	4.558e-05	0.067351	supercritical
581.0	576.5	480.75	0.0020801	573.73	693.64	2.037	0.94032	1.4077	502.8	0.039608	4.5729e-05	0.067523	supercritical
581.0	579.75	482.67	0.0020718	573.35	693.46	2.0355	0.9405	1.4081	504.06	0.039041	4.5879e-05	0.067695	supercritical
581.0	583.0	484.58	0.0020637	572.97	693.29	2.034	0.94067	1.4086	505.32	0.038479	4.6028e-05	0.067867	supercritical
581.0	586.25	486.48	0.0020556	572.6	693.11	2.0326	0.94085	1.409	506.58	0.037922	4.6178e-05	0.068039	supercritical
581.0	589.5	488.37	0.0020476	572.23	692.94	2.0311	0.94102	1.4095	507.84	0.037371	4.6327e-05	0.06821	supercritical
581.0	592.75	490.25	0.0020398	571.86	692.77	2.0297	0.9412	1.4099	509.1	0.036824	4.6477e-05	0.06838	supercritical
581.0	596.0	492.13	0.002032	571.49	692.6	2.0283	0.94137	1.4103	510.37	0.036282	4.6627e-05	0.06855	supercritical
581.0	599.25	493.99	0.0020243	571.13	692.44	2.0269	0.94154	1.4107	511.63	0.035745	4.6776e-05	0.06872	supercritical
581.0	602.5	495.85	0.0020167	570.76	692.27	2.0255	0.94171	1.4111	512.89	0.035212	4.6926e-05	0.068889	supercritical
581.0	605.75	497.7	0.0020093	570.4	692.11	2.024	0.94189	1.4115	514.16	0.034685	4.7076e-05	0.069058	supercritical
581.0	609.0	499.53	0.0020019	570.04	691.96	2.0227	0.94206	1.4119	515.42	0.034162	4.7226e-05	0.069227	supercritical
581.0	612.25	501.36	0.0019946	569.68	691.8	2.0213	0.94222	1.4122	516.68	0.033644	4.7376e-05	0.069395	supercritical
581.0	615.5	503.18	0.0019874	569.32	691.65	2.0199	0.94239	1.4126	517.95	0.03313	4.7526e-05	0.069563	supercritical
581.0	618.75	504.99	0.0019802	568.97	691.5	2.0185	0.94256	1.4129	519.21	0.032621	4.7676e-05	0.06973	supercritical
581.0	622.0	506.8	0.0019732	568.62	691.35	2.0172	0.94273	1.4133	520.48	0.032116	4.7827e-05	0.069897	supercritical
581.0	625.25	508.59	0.0019662	568.26	691.2	2.0158	0.94289	1.4136	521.74	0.031616	4.7977e-05	0.070064	supercritical
581.0	628.5	510.38	0.0019593	567.91	691.06	2.0145	0.94306	1.4139	523.01	0.03112	4.8127e-05	0.07023	supercritical
581.0	631.75	512.15	0.0019525	567.56	690.91	2.0131	0.94322	1.4143	524.27	0.030629	4.8277e-05	0.070396	supercritical
581.0	635.0	513.92	0.0019458	567.22	690.77	2.0118	0.94339	1.4146	525.54	0.030142	4.8427e-05	0.070561	supercritical
581.0	638.25	515.68	0.0019392	566.87	690.64	2.0105	0.94355	1.4149	526.8	0.029659	4.8578e-05	0.070726	supercritical
581.0	641.5	517.43	0.0019326	566.52	690.5	2.0092	0.94371	1.4152	528.06	0.02918	4.8728e-05	0.070891	supercritical
581.0	644.75	519.18	0.0019261	566.18	690.37	2.0078	0.94388	1.4155	529.33	0.028706	4.8878e-05	0.071055	supercritical
581.0	648.0	520.91	0.0019197	565.84	690.24	2.0065	0.94404	1.4157	530.59	0.028236	4.9028e-05	0.071219	supercritical
581.0	651.25	522.64	0.0019134	565.5	690.11	2.0053	0.9442	1.416	531.86	0.02777	4.9179e-05	0.071382	supercritical
581.0	654.5	524.36	0.0019071	565.16	689.98	2.004	0.94436	1.4163	533.12	0.027308	4.9329e-05	0.071545	supercritical
581.0	657.75	526.07	0.0019009	564.83	689.86	2.0027	0.94452	1.4165	534.39	0.02685	4.9479e-05	0.071707	supercritical
581.0	661.0	527.77	0.0018948	564.49	689.73	2.0014	0.94468	1.4168	535.65	0.026396	4.9629e-05	0.07187	supercritical
581.0	664.25	529.47	0.0018887	564.16	689.61	2.0001	0.94484	1.417	536.91	0.025946	4.978e-05	0.072031	supercritical
581.0	667.5	531.16	0.0018827	563.83	689.5	1.9989	0.94499	1.4173	538.18	0.0255	4.993e-05	0.072193	supercritical
581.0	670.75	532.83	0.0018768	563.5	689.38	1.9976	0.94515	1.4175	539.44	0.025058	5.008e-05	0.072354	supercritical
581.0	674.0	534.51	0.0018709	563.17	689.26	1.9964	0.94531	1.4177	540.7	0.02462	5.023e-05	0.072514	supercritical
581.0	677.25	536.17	0.0018651	562.84	689.15	1.9952	0.94546	1.4179	541.96	0.024186	5.038e-05	0.072675	supercritical
581.0	680.5	537.82	0.0018593	562.51	689.04	1.9939	0.94562	1.4181	543.22	0.023755	5.0531e-05	0.072834	supercritical
581.0	683.75	539.47	0.0018537	562.19	688.93	1.9927	0.94577	1.4183	544.48	0.023328	5.0681e-05	0.072994	supercritical
581.0	687.0	541.11	0.001848	561.87	688.83	1.9915	0.94593	1.4185	545.74	0.022905	5.0831e-05	0.073153	supercritical
581.0	690.25	542.74	0.0018425	561.54	688.72	1.9903	0.94608	1.4187	547.0	0.022486	5.0981e-05	0.073312	supercritical
581.0	693.5	544.37	0.001837	561.22	688.62	1.9891	0.94624	1.4189	548.26	0.02207	5.1131e-05	0.07347	supercritical
581.0	696.75	545.99	0.0018315	560.91	688.52	1.9879	0.94639	1.4191	549.52	0.021658	5.1281e-05	0.073628	supercritical
581.0	700.0	547.6	0.0018262	560.59	688.42	1.9867	0.94654	1.4193	550.78	0.02125	5.1431e-05	0.073785	supercritical
581.0	703.25	549.2	0.0018208	560.27	688.32	1.9855	0.94669	1.4194	552.04	0.020845	5.1581e-05	0.073942	supercritical
581.0	706.5	550.8	0.0018156	559.96	688.23	1.9843	0.94685	1.4196	553.29	0.020443	5.173e-05	0.074099	supercritical
581.0	709.75	552.38	0.0018103	559.65	688.13	1.9831	0.947	1.4198	554.55	0.020045	5.188e-05	0.074256	supercritical
581.0	713.0	553.96	0.0018052	559.33	688.04	1.982	0.94715	1.4199	555.8	0.019651	5.203e-05	0.074412	supercritical
581.0	716.25	555.54	0.0018001	559.02	687.95	1.9808	0.9473	1.4201	557.06	0.01926	5.218e-05	0.074567	supercritical
581.0	719.5	557.1	0.001795	558.71	687.86	1.9796	0.94745	1.4202	558.31	0.018872	5.2329e-05	0.074723	supercritical
581.0	722.75	558.66	0.00179	558.41	687.78	1.9785	0.9476	1.4204	559.56	0.018488	5.2479e-05	0.074878	supercritical
581.0	726.0	560.22	0.001785	558.1	687.69	1.9773	0.94775	1.4205	560.81	0.018107	5.2628e-05	0.075032	supercritical
581.0	729.25	561.76	0.0017801	557.8	687.61	1.9762	0.9479	1.4206	562.07	0.017729	5.2778e-05	0.075186	supercritical
581.0	732.5	563.3	0.0017753	557.49	687.53	1.9751	0.94804	1.4208	563.32	0.017355	5.2927e-05	0.07534	supercritical
581.0	735.75	564.83	0.0017704	557.19	687.45	1.9739	0.94819	1.4209	564.56	0.016983	5.3076e-05	0.075494	supercritical
581.0	739.0	566.36	0.0017657	556.89	687.37	1.9728	0.94834	1.421	565.81	0.016615	5.3226e-05	0.075647	supercritical
581.0	742.25	567.87	0.001761	556.59	687.3	1.9717	0.94849	1.4211	567.06	0.016251	5.3375e-05	0.0758	supercritical
581.0	745.5	569.38	0.0017563	556.29	687.22	1.9706	0.94863	1.4212	568.31	0.015889	5.3524e-05	0.075952	supercritical
581.0	748.75	570.89	0.0017517	556.0	687.15	1.9695	0.94878	1.4213	569.55	0.01553	5.3673e-05	0.076104	supercritical
581.0	752.0	572.39	0.0017471	555.7	687.08	1.9684	0.94892	1.4214	570.8	0.015175	5.3822e-05	0.076256	supercritical
581.0	755.25	573.88	0.0017425	555.41	687.01	1.9673	0.94907	1.4215	572.04	0.014822	5.3971e-05	0.076407	supercritical
581.0	758.5	575.36	0.001738	555.11	686.94	1.9662	0.94921	1.4216	573.28	0.014473	5.412e-05	0.076558	supercritical
581.0	761.75	576.84	0.0017336	554.82	686.88	1.9651	0.94936	1.4217	574.52	0.014126	5.4269e-05	0.076709	supercritical
581.0	765.0	578.31	0.0017292	554.53	686.81	1.964	0.9495	1.4218	575.76	0.013783	5.4417e-05	0.076859	supercritical
581.0	768.25	579.78	0.0017248	554.24	686.75	1.963	0.94965	1.4219	577.0	0.013442	5.4566e-05	0.077009	supercritical
581.0	771.5	581.23	0.0017205	553.95	686.69	1.9619	0.94979	1.422	578.24	0.013105	5.4715e-05	0.077159	supercritical
581.0	774.75	582.69	0.0017162	553.67	686.63	1.9608	0.94994	1.422	579.48	0.01277	5.4863e-05	0.077308	supercritical
581.0	778.0	584.13	0.0017119	553.38	686.57	1.9598	0.95008	1.4221	580.71	0.012438	5.5011e-05	0.077457	supercritical
581.0	781.25	585.57	0.0017077	553.1	686.51	1.9587	0.95022	1.4222	581.95	0.012109	5.516e-05	0.077606	supercritical
581.0	784.5	587.0	0.0017036	552.81	686.46	1.9577	0.95036	1.4223	583.18	0.011783	5.5308e-05	0.077754	supercritical
581.0	787.75	588.43	0.0016994	552.53	686.4	1.9566	0.95051	1.4223	584.41	0.011459	5.5456e-05	0.077902	supercritical
581.0	791.0	589.85	0.0016953	552.25	686.35	1.9556	0.95065	1.4224	585.64	0.011138	5.5604e-05	0.07805	supercritical
581.0	794.25	591.27	0.0016913	551.97	686.3	1.9545	0.95079	1.4224	586.87	0.01082	5.5752e-05	0.078197	supercritical
581.0	797.5	592.68	0.0016873	551.69	686.25	1.9535	0.95093	1.4225	588.1	0.010505	5.59e-05	0.078345	supercritical
581.0	800.75	594.08	0.0016833	551.42	686.2	1.9525	0.95107	1.4225	589.33	0.010192	5.6047e-05	0.078491	supercritical
581.0	804.0	595.47	0.0016793	551.14	686.16	1.9515	0.95121	1.4226	590.56	0.0098816	5.6195e-05	0.078638	supercritical
581.0	807.25	596.87	0.0016754	550.86	686.11	1.9504	0.95135	1.4226	591.78	0.009574	5.6343e-05	0.078784	supercritical
581.0	810.5	598.25	0.0016715	550.59	686.07	1.9494	0.95149	1.4227	593.01	0.0092689	5.649e-05	0.07893	supercritical
581.0	813.75	599.63	0.0016677	550.32	686.03	1.9484	0.95163	1.4227	594.23	0.0089665	5.6638e-05	0.079075	supercritical
581.0	817.0	601.0	0.0016639	550.05	685.99	1.9474	0.95177	1.4228	595.45	0.0086665	5.6785e-05	0.07922	supercritical
581.0	820.25	602.37	0.0016601	549.78	685.95	1.9464	0.95191	1.4228	596.67	0.008369	5.6932e-05	0.079365	supercritical
581.0	823.5	603.73	0.0016564	549.51	685.91	1.9454	0.95205	1.4228	597.89	0.008074	5.7079e-05	0.07951	supercritical
581.0	826.75	605.09	0.0016527	549.24	685.87	1.9445	0.95219	1.4229	599.11	0.0077814	5.7226e-05	0.079654	supercritical
581.0	830.0	606.44	0.001649	548.97	685.84	1.9435	0.95233	1.4229	600.32	0.0074913	5.7373e-05	0.079798	supercritical
581.0	833.25	607.78	0.0016453	548.71	685.8	1.9425	0.95247	1.4229	601.54	0.0072035	5.752e-05	0.079942	supercritical
581.0	836.5	609.12	0.0016417	548.44	685.77	1.9415	0.95261	1.4229	602.75	0.0069181	5.7667e-05	0.080086	supercritical
581.0	839.75	610.45	0.0016381	548.18	685.74	1.9405	0.95275	1.423	603.97	0.006635	5.7813e-05	0.080229	supercritical
581.0	843.0	611.78	0.0016346	547.91	685.71	1.9396	0.95288	1.423	605.18	0.0063543	5.796e-05	0.080372	supercritical
581.0	846.25	613.1	0.001631	547.65	685.68	1.9386	0.95302	1.423	606.39	0.0060758	5.8106e-05	0.080514	supercritical
581.0	849.5	614.42	0.0016275	547.39	685.65	1.9377	0.95316	1.423	607.6	0.0057996	5.8252e-05	0.080656	supercritical
581.0	852.75	615.73	0.0016241	547.13	685.63	1.9367	0.9533	1.423	608.8	0.0055257	5.8398e-05	0.080798	supercritical
581.0	856.0	617.04	0.0016206	546.87	685.6	1.9357	0.95343	1.423	610.01	0.0052539	5.8545e-05	0.08094	supercritical
581.0	859.25	618.34	0.0016172	546.62	685.58	1.9348	0.95357	1.4231	611.21	0.0049844	5.869e-05	0.081082	supercritical
581.0	862.5	619.64	0.0016139	546.36	685.56	1.9339	0.95371	1.4231	612.42	0.004717	5.8836e-05	0.081223	supercritical
581.0	865.75	620.93	0.0016105	546.11	685.53	1.9329	0.95384	1.4231	613.62	0.0044518	5.8982e-05	0.081364	supercritical
581.0	869.0	622.21	0.0016072	545.85	685.51	1.932	0.95398	1.4231	614.82	0.0041887	5.9128e-05	0.081504	supercritical
581.0	872.25	623.49	0.0016039	545.6	685.5	1.9311	0.95411	1.4231	616.02	0.0039277	5.9273e-05	0.081645	supercritical
581.0	875.5	624.77	0.0016006	545.35	685.48	1.9301	0.95425	1.4231	617.22	0.0036688	5.9419e-05	0.081785	supercritical
581.0	878.75	626.04	0.0015974	545.09	685.46	1.9292	0.95439	1.4231	618.41	0.003412	5.9564e-05	0.081925	supercritical
581.0	882.0	627.3	0.0015941	544.84	685.45	1.9283	0.95452	1.4231	619.61	0.0031571	5.9709e-05	0.082064	supercritical
581.0	885.25	628.56	0.0015909	544.59	685.43	1.9274	0.95466	1.4231	620.8	0.0029043	5.9854e-05	0.082204	supercritical
581.0	888.5	629.82	0.0015878	544.35	685.42	1.9265	0.95479	1.4231	621.99	0.0026535	5.9999e-05	0.082343	supercritical
581.0	891.75	631.06	0.0015846	544.1	685.41	1.9256	0.95493	1.4231	623.19	0.0024047	6.0144e-05	0.082482	supercritical
581.0	895.0	632.31	0.0015815	543.85	685.4	1.9246	0.95506	1.423	624.38	0.0021578	6.0289e-05	0.08262	supercritical
581.0	898.25	633.55	0.0015784	543.61	685.39	1.9237	0.9552	1.423	625.56	0.0019129	6.0434e-05	0.082759	supercritical
581.0	901.5	634.78	0.0015753	543.36	685.38	1.9229	0.95533	1.423	626.75	0.0016698	6.0578e-05	0.082897	supercritical
581.0	904.75	636.01	0.0015723	543.12	685.37	1.922	0.95546	1.423	627.94	0.0014287	6.0723e-05	0.083034	supercritical
581.0	908.0	637.24	0.0015693	542.88	685.37	1.9211	0.9556	1.423	629.12	0.0011894	6.0867e-05	0.083172	supercritical
581.0	911.25	638.46	0.0015663	542.64	685.36	1.9202	0.95573	1.423	630.3	0.000952	6.1011e-05	0.083309	supercritical
581.0	914.5	639.67	0.0015633	542.39	685.36	1.9193	0.95587	1.423	631.49	0.00071641	6.1155e-05	0.083446	supercritical
581.0	917.75	640.89	0.0015603	542.15	685.35	1.9184	0.956	1.4229	632.67	0.00048263	6.1299e-05	0.083583	supercritical
581.0	921.0	642.09	0.0015574	541.92	685.35	1.9176	0.95613	1.4229	633.84	0.00025064	6.1443e-05	0.08372	supercritical
581.0	924.25	643.29	0.0015545	541.68	685.35	1.9167	0.95627	1.4229	635.02	2.0423e-05	6.1587e-05	0.083856	supercritical
581.0	927.5	644.49	0.0015516	541.44	685.35	1.9158	0.9564	1.4229	636.2	-0.00020804	6.1731e-05	0.083992	supercritical
581.0	930.75	645.68	0.0015487	541.2	685.35	1.9149	0.95653	1.4228	637.37	-0.00043476	6.1874e-05	0.084128	supercritical
581.0	934.0	646.87	0.0015459	540.97	685.36	1.9141	0.95666	1.4228	638.55	-0.00065976	6.2018e-05	0.084264	supercritical
581.0	937.25	648.05	0.0015431	540.74	685.36	1.9132	0.9568	1.4228	639.72	-0.00088306	6.2161e-05	0.0844	supercritical
581.0	940.5	649.23	0.0015403	540.5	685.37	1.9124	0.95693	1.4228	640.89	-0.0011047	6.2304e-05	0.084535	supercritical
581.0	943.75	650.41	0.0015375	540.27	685.37	1.9115	0.95706	1.4227	642.06	-0.0013246	6.2447e-05	0.08467	supercritical
581.0	947.0	651.58	0.0015347	540.04	685.38	1.9107	0.95719	1.4227	643.23	-0.0015429	6.259e-05	0.084805	supercritical
581.0	950.25	652.74	0.001532	539.81	685.39	1.9098	0.95733	1.4227	644.39	-0.0017596	6.2733e-05	0.084939	supercritical
581.0	953.5	653.9	0.0015293	539.58	685.39	1.909	0.95746	1.4226	645.56	-0.0019747	6.2876e-05	0.085074	supercritical
581.0	956.75	655.06	0.0015266	539.35	685.4	1.9082	0.95759	1.4226	646.72	-0.0021881	6.3018e-05	0.085208	supercritical
581.0	960.0	656.21	0.0015239	539.12	685.41	1.9073	0.95772	1.4226	647.88	-0.0024	6.3161e-05	0.085342	supercritical
581.0	963.25	657.36	0.0015212	538.89	685.43	1.9065	0.95785	1.4225	649.05	-0.0026103	6.3303e-05	0.085475	supercritical
581.0	966.5	658.5	0.0015186	538.67	685.44	1.9057	0.95798	1.4225	650.2	-0.0028191	6.3446e-05	0.085609	supercritical
581.0	969.75	659.64	0.001516	538.44	685.45	1.9048	0.95812	1.4224	651.36	-0.0030263	6.3588e-05	0.085742	supercritical
581.0	973.0	660.78	0.0015134	538.22	685.47	1.904	0.95825	1.4224	652.52	-0.003232	6.373e-05	0.085875	supercritical
581.0	976.25	661.91	0.0015108	537.99	685.48	1.9032	0.95838	1.4224	653.68	-0.0034362	6.3872e-05	0.086008	supercritical
581.0	979.5	663.04	0.0015082	537.77	685.5	1.9024	0.95851	1.4223	654.83	-0.0036389	6.4014e-05	0.086141	supercritical
581.0	982.75	664.16	0.0015057	537.55	685.52	1.9016	0.95864	1.4223	655.98	-0.0038402	6.4155e-05	0.086273	supercritical
581.0	986.0	665.28	0.0015031	537.32	685.53	1.9007	0.95877	1.4222	657.13	-0.00404	6.4297e-05	0.086405	supercritical
581.0	989.25	666.39	0.0015006	537.1	685.55	1.8999	0.9589	1.4222	658.28	-0.0042383	6.4438e-05	0.086537	supercritical
581.0	992.5	667.5	0.0014981	536.88	685.57	1.8991	0.95903	1.4221	659.43	-0.0044352	6.458e-05	0.086669	supercritical
581.0	995.75	668.61	0.0014956	536.66	685.59	1.8983	0.95916	1.4221	660.58	-0.0046307	6.4721e-05	0.086801	supercritical
581.0	999.0	669.71	0.0014932	536.45	685.62	1.8975	0.95929	1.4221	661.73	-0.0048248	6.4862e-05	0.086932	supercritical
581.0	1002.2	670.81	0.0014907	536.23	685.64	1.8967	0.95942	1.422	662.87	-0.0050176	6.5003e-05	0.087064	supercritical
581.0	1005.5	671.9	0.0014883	536.01	685.66	1.8959	0.95955	1.422	664.01	-0.0052089	6.5144e-05	0.087195	supercritical
581.0	1008.8	672.99	0.0014859	535.8	685.69	1.8952	0.95968	1.4219	665.16	-0.0053989	6.5284e-05	0.087326	supercritical
581.0	1012.0	674.08	0.0014835	535.58	685.71	1.8944	0.95981	1.4219	666.3	-0.0055875	6.5425e-05	0.087456	supercritical
581.0	1015.2	675.16	0.0014811	535.37	685.74	1.8936	0.95994	1.4218	667.44	-0.0057748	6.5566e-05	0.087587	supercritical
581.0	1018.5	676.24	0.0014788	535.15	685.77	1.8928	0.96007	1.4218	668.57	-0.0059608	6.5706e-05	0.087717	supercritical
581.0	1021.8	677.31	0.0014764	534.94	685.79	1.892	0.9602	1.4217	669.71	-0.0061454	6.5846e-05	0.087848	supercritical
581.0	1025.0	678.39	0.0014741	534.73	685.82	1.8913	0.96033	1.4216	670.85	-0.0063288	6.5986e-05	0.087977	supercritical
581.0	1028.2	679.45	0.0014718	534.52	685.85	1.8905	0.96046	1.4216	671.98	-0.0065109	6.6127e-05	0.088107	supercritical
581.0	1031.5	680.52	0.0014695	534.31	685.88	1.8897	0.96059	1.4215	673.11	-0.0066917	6.6266e-05	0.088237	supercritical
581.0	1034.8	681.58	0.0014672	534.1	685.91	1.8889	0.96072	1.4215	674.24	-0.0068713	6.6406e-05	0.088366	supercritical
581.0	1038.0	682.63	0.0014649	533.89	685.95	1.8882	0.96085	1.4214	675.37	-0.0070496	6.6546e-05	0.088496	supercritical
581.0	1041.2	683.68	0.0014627	533.68	685.98	1.8874	0.96098	1.4214	676.5	-0.0072267	6.6686e-05	0.088625	supercritical
581.0	1044.5	684.73	0.0014604	533.47	686.01	1.8867	0.96111	1.4213	677.63	-0.0074025	6.6825e-05	0.088754	supercritical
581.0	1047.8	685.78	0.0014582	533.26	686.05	1.8859	0.96124	1.4212	678.75	-0.0075771	6.6964e-05	0.088882	supercritical
581.0	1051.0	686.82	0.001456	533.06	686.08	1.8851	0.96136	1.4212	679.88	-0.0077506	6.7104e-05	0.089011	supercritical
581.0	1054.2	687.86	0.0014538	532.85	686.12	1.8844	0.96149	1.4211	681.0	-0.0079228	6.7243e-05	0.089139	supercritical
581.0	1057.5	688.89	0.0014516	532.65	686.16	1.8836	0.96162	1.4211	682.12	-0.0080939	6.7382e-05	0.089268	supercritical
581.0	1060.8	689.92	0.0014494	532.44	686.19	1.8829	0.96175	1.421	683.24	-0.0082638	6.7521e-05	0.089396	supercritical
581.0	1064.0	690.95	0.0014473	532.24	686.23	1.8822	0.96188	1.4209	684.36	-0.0084325	6.7659e-05	0.089524	supercritical
581.0	1067.2	691.97	0.0014451	532.04	686.27	1.8814	0.96201	1.4209	685.48	-0.0086001	6.7798e-05	0.089651	supercritical
581.0	1070.5	692.99	0.001443	531.84	686.31	1.8807	0.96213	1.4208	686.59	-0.0087665	6.7936e-05	0.089779	supercritical
581.0	1073.8	694.01	0.0014409	531.63	686.35	1.8799	0.96226	1.4208	687.71	-0.0089319	6.8075e-05	0.089906	supercritical
581.0	1077.0	695.02	0.0014388	531.43	686.39	1.8792	0.96239	1.4207	688.82	-0.0090961	6.8213e-05	0.090034	supercritical
581.0	1080.2	696.03	0.0014367	531.23	686.44	1.8785	0.96252	1.4206	689.93	-0.0092591	6.8351e-05	0.090161	supercritical
581.0	1083.5	697.04	0.0014346	531.04	686.48	1.8777	0.96265	1.4206	691.04	-0.0094211	6.8489e-05	0.090288	supercritical
581.0	1086.8	698.04	0.0014326	530.84	686.52	1.877	0.96278	1.4205	692.15	-0.009582	6.8627e-05	0.090414	supercritical
581.0	1090.0	699.04	0.0014305	530.64	686.57	1.8763	0.9629	1.4204	693.26	-0.0097419	6.8765e-05	0.090541	supercritical
581.0	1093.2	700.03	0.0014285	530.44	686.61	1.8756	0.96303	1.4204	694.37	-0.0099006	6.8903e-05	0.090667	supercritical
581.0	1096.5	701.03	0.0014265	530.25	686.66	1.8749	0.96316	1.4203	695.47	-0.010058	6.904e-05	0.090794	supercritical
581.0	1099.8	702.01	0.0014245	530.05	686.71	1.8741	0.96329	1.4202	696.58	-0.010215	6.9178e-05	0.09092	supercritical
581.0	1103.0	703.0	0.0014225	529.85	686.75	1.8734	0.96341	1.4202	697.68	-0.010371	6.9315e-05	0.091046	supercritical
581.0	1106.2	703.98	0.0014205	529.66	686.8	1.8727	0.96354	1.4201	698.78	-0.010525	6.9453e-05	0.091172	supercritical
581.0	1109.5	704.96	0.0014185	529.47	686.85	1.872	0.96367	1.42	699.88	-0.010679	6.959e-05	0.091298	supercritical
581.0	1112.8	705.94	0.0014166	529.27	686.9	1.8713	0.9638	1.42	700.98	-0.010831	6.9727e-05	0.091423	supercritical
581.0	1116.0	706.91	0.0014146	529.08	686.95	1.8706	0.96392	1.4199	702.08	-0.010983	6.9864e-05	0.091549	supercritical
581.0	1119.2	707.88	0.0014127	528.89	687.0	1.8699	0.96405	1.4198	703.17	-0.011133	7e-05	0.091674	supercritical
581.0	1122.5	708.85	0.0014107	528.7	687.05	1.8692	0.96418	1.4197	704.27	-0.011283	7.0137e-05	0.091799	supercritical
581.0	1125.8	709.81	0.0014088	528.51	687.11	1.8685	0.9643	1.4197	705.36	-0.011431	7.0274e-05	0.091924	supercritical
581.0	1129.0	710.77	0.0014069	528.32	687.16	1.8678	0.96443	1.4196	706.45	-0.011579	7.041e-05	0.092049	supercritical
581.0	1132.2	711.73	0.001405	528.13	687.21	1.8671	0.96456	1.4195	707.54	-0.011725	7.0546e-05	0.092174	supercritical
581.0	1135.5	712.68	0.0014032	527.94	687.27	1.8664	0.96468	1.4195	708.63	-0.011871	7.0683e-05	0.092298	supercritical
581.0	1138.8	713.63	0.0014013	527.75	687.32	1.8657	0.96481	1.4194	709.72	-0.012016	7.0819e-05	0.092423	supercritical
581.0	1142.0	714.58	0.0013994	527.56	687.38	1.865	0.96494	1.4193	710.8	-0.01216	7.0955e-05	0.092547	supercritical
581.0	1145.2	715.53	0.0013976	527.38	687.43	1.8643	0.96507	1.4192	711.89	-0.012302	7.1091e-05	0.092671	supercritical
581.0	1148.5	716.47	0.0013957	527.19	687.49	1.8637	0.96519	1.4192	712.97	-0.012444	7.1226e-05	0.092796	supercritical
581.0	1151.8	717.41	0.0013939	527.01	687.55	1.863	0.96532	1.4191	714.05	-0.012585	7.1362e-05	0.092919	supercritical
581.0	1155.0	718.34	0.0013921	526.82	687.61	1.8623	0.96544	1.419	715.13	-0.012725	7.1498e-05	0.093043	supercritical
581.0	1158.2	719.27	0.0013903	526.64	687.67	1.8616	0.96557	1.419	716.21	-0.012864	7.1633e-05	0.093167	supercritical
581.0	1161.5	720.2	0.0013885	526.45	687.73	1.8609	0.9657	1.4189	717.29	-0.013003	7.1768e-05	0.093291	supercritical
581.0	1164.8	721.13	0.0013867	526.27	687.79	1.8603	0.96582	1.4188	718.37	-0.01314	7.1903e-05	0.093414	supercritical
581.0	1168.0	722.05	0.0013849	526.09	687.85	1.8596	0.96595	1.4187	719.44	-0.013277	7.2039e-05	0.093537	supercritical
581.0	1171.2	722.97	0.0013832	525.9	687.91	1.8589	0.96608	1.4187	720.52	-0.013412	7.2174e-05	0.09366	supercritical
581.0	1174.5	723.89	0.0013814	525.72	687.97	1.8583	0.9662	1.4186	721.59	-0.013547	7.2308e-05	0.093783	supercritical
581.0	1177.8	724.81	0.0013797	525.54	688.03	1.8576	0.96633	1.4185	722.66	-0.013681	7.2443e-05	0.093906	supercritical
581.0	1181.0	725.72	0.0013779	525.36	688.1	1.8569	0.96645	1.4184	723.73	-0.013814	7.2578e-05	0.094029	supercritical
581.0	1184.2	726.63	0.0013762	525.18	688.16	1.8563	0.96658	1.4184	724.8	-0.013946	7.2712e-05	0.094152	supercritical
581.0	1187.5	727.53	0.0013745	525.0	688.23	1.8556	0.96671	1.4183	725.86	-0.014077	7.2847e-05	0.094274	supercritical
581.0	1190.8	728.44	0.0013728	524.82	688.29	1.855	0.96683	1.4182	726.93	-0.014208	7.2981e-05	0.094397	supercritical
581.0	1194.0	729.34	0.0013711	524.65	688.36	1.8543	0.96696	1.4181	727.99	-0.014337	7.3115e-05	0.094519	supercritical
581.0	1197.2	730.24	0.0013694	524.47	688.42	1.8537	0.96708	1.4181	729.06	-0.014466	7.3249e-05	0.094641	supercritical
581.0	1200.5	731.13	0.0013677	524.29	688.49	1.853	0.96721	1.418	730.12	-0.014594	7.3383e-05	0.094764	supercritical
581.0	1203.8	732.02	0.0013661	524.12	688.56	1.8524	0.96733	1.4179	731.18	-0.014721	7.3517e-05	0.094886	supercritical
581.0	1207.0	732.91	0.0013644	523.94	688.63	1.8517	0.96746	1.4178	732.24	-0.014848	7.3651e-05	0.095007	supercritical
581.0	1210.2	733.8	0.0013628	523.77	688.69	1.8511	0.96759	1.4178	733.3	-0.014973	7.3785e-05	0.095129	supercritical
581.0	1213.5	734.69	0.0013611	523.59	688.76	1.8504	0.96771	1.4177	734.35	-0.015098	7.3918e-05	0.095251	supercritical
581.0	1216.8	735.57	0.0013595	523.42	688.83	1.8498	0.96784	1.4176	735.41	-0.015222	7.4052e-05	0.095372	supercritical
581.0	1220.0	736.45	0.0013579	523.24	688.9	1.8492	0.96796	1.4175	736.46	-0.015346	7.4185e-05	0.095494	supercritical
581.0	1223.2	737.32	0.0013563	523.07	688.97	1.8485	0.96809	1.4175	737.51	-0.015468	7.4318e-05	0.095615	supercritical
581.0	1226.5	738.2	0.0013547	522.9	689.05	1.8479	0.96821	1.4174	738.56	-0.01559	7.4451e-05	0.095736	supercritical
581.0	1229.8	739.07	0.0013531	522.73	689.12	1.8472	0.96834	1.4173	739.61	-0.015711	7.4584e-05	0.095857	supercritical
581.0	1233.0	739.93	0.0013515	522.55	689.19	1.8466	0.96846	1.4172	740.66	-0.015831	7.4717e-05	0.095978	supercritical
581.0	1236.2	740.8	0.0013499	522.38	689.26	1.846	0.96859	1.4172	741.71	-0.01595	7.485e-05	0.096099	supercritical
581.0	1239.5	741.66	0.0013483	522.21	689.34	1.8454	0.96871	1.4171	742.75	-0.016069	7.4983e-05	0.09622	supercritical
581.0	1242.8	742.52	0.0013468	522.04	689.41	1.8447	0.96884	1.417	743.79	-0.016187	7.5115e-05	0.096341	supercritical
581.0	1246.0	743.38	0.0013452	521.87	689.49	1.8441	0.96896	1.4169	744.84	-0.016304	7.5248e-05	0.096461	supercritical
581.0	1249.2	744.24	0.0013437	521.71	689.56	1.8435	0.96909	1.4169	745.88	-0.016421	7.538e-05	0.096582	supercritical
581.0	1252.5	745.09	0.0013421	521.54	689.64	1.8429	0.96921	1.4168	746.92	-0.016536	7.5512e-05	0.096702	supercritical
581.0	1255.8	745.94	0.0013406	521.37	689.71	1.8422	0.96934	1.4167	747.96	-0.016651	7.5645e-05	0.096823	supercritical
581.0	1259.0	746.79	0.0013391	521.2	689.79	1.8416	0.96946	1.4166	748.99	-0.016766	7.5777e-05	0.096943	supercritical
581.0	1262.2	747.63	0.0013376	521.04	689.87	1.841	0.96959	1.4166	750.03	-0.016879	7.5909e-05	0.097063	supercritical
581.0	1265.5	748.48	0.001336	520.87	689.95	1.8404	0.96971	1.4165	751.06	-0.016992	7.6041e-05	0.097183	supercritical
581.0	1268.8	749.32	0.0013345	520.7	690.03	1.8398	0.96984	1.4164	752.09	-0.017104	7.6172e-05	0.097303	supercritical
581.0	1272.0	750.15	0.0013331	520.54	690.1	1.8392	0.96996	1.4163	753.13	-0.017216	7.6304e-05	0.097423	supercritical
581.0	1275.2	750.99	0.0013316	520.37	690.18	1.8386	0.97009	1.4162	754.16	-0.017327	7.6435e-05	0.097542	supercritical
581.0	1278.5	751.82	0.0013301	520.21	690.26	1.838	0.97021	1.4162	755.18	-0.017437	7.6567e-05	0.097662	supercritical
581.0	1281.8	752.65	0.0013286	520.05	690.34	1.8374	0.97034	1.4161	756.21	-0.017546	7.6698e-05	0.097781	supercritical
581.0	1285.0	753.48	0.0013272	519.88	690.43	1.8368	0.97046	1.416	757.24	-0.017655	7.6829e-05	0.097901	supercritical
581.0	1288.2	754.31	0.0013257	519.72	690.51	1.8362	0.97058	1.4159	758.26	-0.017763	7.6961e-05	0.09802	supercritical
581.0	1291.5	755.13	0.0013243	519.56	690.59	1.8356	0.97071	1.4159	759.29	-0.017871	7.7092e-05	0.098139	supercritical
581.0	1294.8	755.95	0.0013228	519.4	690.67	1.835	0.97083	1.4158	760.31	-0.017978	7.7223e-05	0.098259	supercritical
581.0	1298.0	756.77	0.0013214	519.24	690.75	1.8344	0.97096	1.4157	761.33	-0.018084	7.7353e-05	0.098378	supercritical
581.0	1301.2	757.59	0.00132	519.08	690.84	1.8338	0.97108	1.4157	762.35	-0.018189	7.7484e-05	0.098497	supercritical
581.0	1304.5	758.4	0.0013186	518.92	690.92	1.8332	0.97121	1.4156	763.36	-0.018294	7.7615e-05	0.098615	supercritical
581.0	1307.8	759.21	0.0013172	518.76	691.01	1.8326	0.97133	1.4155	764.38	-0.018398	7.7745e-05	0.098734	supercritical
581.0	1311.0	760.02	0.0013158	518.6	691.09	1.832	0.97145	1.4154	765.4	-0.018502	7.7876e-05	0.098853	supercritical
581.0	1314.2	760.83	0.0013144	518.44	691.18	1.8314	0.97158	1.4154	766.41	-0.018605	7.8006e-05	0.098972	supercritical
581.0	1317.5	761.63	0.001313	518.28	691.26	1.8308	0.9717	1.4153	767.42	-0.018707	7.8136e-05	0.09909	supercritical
581.0	1320.8	762.44	0.0013116	518.12	691.35	1.8302	0.97183	1.4152	768.43	-0.018809	7.8266e-05	0.099209	supercritical
581.0	1324.0	763.24	0.0013102	517.96	691.44	1.8296	0.97195	1.4151	769.44	-0.01891	7.8396e-05	0.099327	supercritical
581.0	1327.2	764.04	0.0013088	517.81	691.52	1.8291	0.97207	1.4151	770.45	-0.019011	7.8526e-05	0.099445	supercritical
581.0	1330.5	764.83	0.0013075	517.65	691.61	1.8285	0.9722	1.415	771.46	-0.01911	7.8656e-05	0.099564	supercritical
581.0	1333.8	765.63	0.0013061	517.49	691.7	1.8279	0.97232	1.4149	772.46	-0.01921	7.8786e-05	0.099682	supercritical
581.0	1337.0	766.42	0.0013048	517.34	691.79	1.8273	0.97245	1.4148	773.47	-0.019308	7.8916e-05	0.0998	supercritical
581.0	1340.2	767.21	0.0013034	517.18	691.88	1.8267	0.97257	1.4148	774.47	-0.019407	7.9045e-05	0.099918	supercritical
581.0	1343.5	767.99	0.0013021	517.03	691.97	1.8262	0.97269	1.4147	775.47	-0.019504	7.9175e-05	0.10004	supercritical
581.0	1346.8	768.78	0.0013008	516.87	692.06	1.8256	0.97282	1.4146	776.47	-0.019601	7.9304e-05	0.10015	supercritical
581.0	1350.0	769.56	0.0012994	516.72	692.15	1.825	0.97294	1.4146	777.47	-0.019697	7.9433e-05	0.10027	supercritical
581.0	1353.2	770.34	0.0012981	516.57	692.24	1.8245	0.97306	1.4145	778.47	-0.019793	7.9562e-05	0.10039	supercritical
581.0	1356.5	771.12	0.0012968	516.41	692.33	1.8239	0.97319	1.4144	779.47	-0.019888	7.9692e-05	0.10051	supercritical
581.0	1359.8	771.9	0.0012955	516.26	692.42	1.8233	0.97331	1.4143	780.46	-0.019983	7.9821e-05	0.10062	supercritical
581.0	1363.0	772.67	0.0012942	516.11	692.51	1.8228	0.97343	1.4143	781.45	-0.020077	7.9949e-05	0.10074	supercritical
581.0	1366.2	773.44	0.0012929	515.96	692.6	1.8222	0.97356	1.4142	782.45	-0.02017	8.0078e-05	0.10086	supercritical
581.0	1369.5	774.21	0.0012916	515.81	692.7	1.8216	0.97368	1.4141	783.44	-0.020263	8.0207e-05	0.10098	supercritical
581.0	1372.8	774.98	0.0012904	515.66	692.79	1.8211	0.9738	1.4141	784.43	-0.020356	8.0335e-05	0.10109	supercritical
581.0	1376.0	775.75	0.0012891	515.51	692.88	1.8205	0.97393	1.414	785.41	-0.020447	8.0464e-05	0.10121	supercritical
581.0	1379.2	776.51	0.0012878	515.36	692.98	1.8199	0.97405	1.4139	786.4	-0.020539	8.0592e-05	0.10133	supercritical
581.0	1382.5	777.27	0.0012865	515.21	693.07	1.8194	0.97417	1.4138	787.39	-0.020629	8.0721e-05	0.10144	supercritical
581.0	1385.8	778.03	0.0012853	515.06	693.17	1.8188	0.9743	1.4138	788.37	-0.02072	8.0849e-05	0.10156	supercritical
581.0	1389.0	778.79	0.001284	514.91	693.26	1.8183	0.97442	1.4137	789.35	-0.020809	8.0977e-05	0.10168	supercritical
581.0	1392.2	779.55	0.0012828	514.76	693.36	1.8177	0.97454	1.4136	790.33	-0.020899	8.1105e-05	0.1018	supercritical
581.0	1395.5	780.3	0.0012816	514.61	693.45	1.8172	0.97467	1.4136	791.31	-0.020987	8.1233e-05	0.10191	supercritical
581.0	1398.8	781.05	0.0012803	514.47	693.55	1.8166	0.97479	1.4135	792.29	-0.021075	8.1361e-05	0.10203	supercritical
581.0	1402.0	781.8	0.0012791	514.32	693.65	1.8161	0.97491	1.4134	793.27	-0.021163	8.1489e-05	0.10215	supercritical
581.0	1405.2	782.55	0.0012779	514.17	693.75	1.8155	0.97504	1.4134	794.25	-0.02125	8.1616e-05	0.10226	supercritical
581.0	1408.5	783.29	0.0012767	514.03	693.84	1.815	0.97516	1.4133	795.22	-0.021336	8.1744e-05	0.10238	supercritical
581.0	1411.8	784.04	0.0012754	513.88	693.94	1.8144	0.97528	1.4132	796.2	-0.021422	8.1872e-05	0.10249	supercritical
581.0	1415.0	784.78	0.0012742	513.74	694.04	1.8139	0.9754	1.4132	797.17	-0.021508	8.1999e-05	0.10261	supercritical
581.0	1418.2	785.52	0.001273	513.59	694.14	1.8133	0.97553	1.4131	798.14	-0.021593	8.2126e-05	0.10273	supercritical
581.0	1421.5	786.26	0.0012718	513.45	694.24	1.8128	0.97565	1.413	799.11	-0.021678	8.2254e-05	0.10284	supercritical
581.0	1424.8	786.99	0.0012707	513.3	694.34	1.8123	0.97577	1.413	800.08	-0.021762	8.2381e-05	0.10296	supercritical
581.0	1428.0	787.73	0.0012695	513.16	694.44	1.8117	0.9759	1.4129	801.04	-0.021845	8.2508e-05	0.10308	supercritical
581.0	1431.2	788.46	0.0012683	513.01	694.54	1.8112	0.97602	1.4128	802.01	-0.021928	8.2635e-05	0.10319	supercritical
581.0	1434.5	789.19	0.0012671	512.87	694.64	1.8107	0.97614	1.4128	802.97	-0.022011	8.2762e-05	0.10331	supercritical
581.0	1437.8	789.92	0.001266	512.73	694.74	1.8101	0.97626	1.4127	803.94	-0.022093	8.2888e-05	0.10342	supercritical
581.0	1441.0	790.65	0.0012648	512.59	694.84	1.8096	0.97639	1.4126	804.9	-0.022175	8.3015e-05	0.10354	supercritical
581.0	1444.2	791.37	0.0012636	512.45	694.94	1.8091	0.97651	1.4126	805.86	-0.022256	8.3142e-05	0.10366	supercritical
581.0	1447.5	792.1	0.0012625	512.3	695.05	1.8085	0.97663	1.4125	806.82	-0.022336	8.3268e-05	0.10377	supercritical
581.0	1450.8	792.82	0.0012613	512.16	695.15	1.808	0.97675	1.4124	807.78	-0.022417	8.3395e-05	0.10389	supercritical
581.0	1454.0	793.54	0.0012602	512.02	695.25	1.8075	0.97688	1.4124	808.73	-0.022496	8.3521e-05	0.104	supercritical
581.0	1457.2	794.25	0.001259	511.88	695.36	1.8069	0.977	1.4123	809.69	-0.022576	8.3647e-05	0.10412	supercritical
581.0	1460.5	794.97	0.0012579	511.74	695.46	1.8064	0.97712	1.4122	810.64	-0.022655	8.3774e-05	0.10423	supercritical
581.0	1463.8	795.68	0.0012568	511.6	695.56	1.8059	0.97724	1.4122	811.59	-0.022733	8.39e-05	0.10435	supercritical
581.0	1467.0	796.39	0.0012557	511.46	695.67	1.8054	0.97737	1.4121	812.54	-0.022811	8.4026e-05	0.10446	supercritical
581.0	1470.2	797.11	0.0012545	511.33	695.77	1.8049	0.97749	1.412	813.49	-0.022888	8.4152e-05	0.10458	supercritical
581.0	1473.5	797.81	0.0012534	511.19	695.88	1.8043	0.97761	1.412	814.44	-0.022965	8.4278e-05	0.10469	supercritical
581.0	1476.8	798.52	0.0012523	511.05	695.98	1.8038	0.97773	1.4119	815.39	-0.023042	8.4403e-05	0.10481	supercritical
581.0	1480.0	799.23	0.0012512	510.91	696.09	1.8033	0.97785	1.4119	816.34	-0.023118	8.4529e-05	0.10493	supercritical
581.0	1483.2	799.93	0.0012501	510.77	696.2	1.8028	0.97798	1.4118	817.28	-0.023194	8.4655e-05	0.10504	supercritical
581.0	1486.5	800.63	0.001249	510.64	696.3	1.8023	0.9781	1.4117	818.23	-0.023269	8.478e-05	0.10516	supercritical
581.0	1489.8	801.33	0.0012479	510.5	696.41	1.8017	0.97822	1.4117	819.17	-0.023344	8.4906e-05	0.10527	supercritical
581.0	1493.0	802.03	0.0012468	510.36	696.52	1.8012	0.97834	1.4116	820.11	-0.023419	8.5031e-05	0.10539	supercritical
581.0	1496.2	802.72	0.0012458	510.23	696.63	1.8007	0.97847	1.4116	821.05	-0.023493	8.5156e-05	0.1055	supercritical
581.0	1499.5	803.42	0.0012447	510.09	696.73	1.8002	0.97859	1.4115	821.99	-0.023566	8.5282e-05	0.10562	supercritical
581.0	1502.8	804.11	0.0012436	509.96	696.84	1.7997	0.97871	1.4114	822.92	-0.023639	8.5407e-05	0.10573	supercritical
581.0	1506.0	804.8	0.0012425	509.82	696.95	1.7992	0.97883	1.4114	823.86	-0.023712	8.5532e-05	0.10584	supercritical
581.0	1509.2	805.49	0.0012415	509.69	697.06	1.7987	0.97895	1.4113	824.8	-0.023785	8.5657e-05	0.10596	supercritical
581.0	1512.5	806.18	0.0012404	509.56	697.17	1.7982	0.97908	1.4113	825.73	-0.023857	8.5782e-05	0.10607	supercritical
581.0	1515.8	806.87	0.0012394	509.42	697.28	1.7977	0.9792	1.4112	826.66	-0.023928	8.5906e-05	0.10619	supercritical
581.0	1519.0	807.55	0.0012383	509.29	697.39	1.7972	0.97932	1.4111	827.59	-0.023999	8.6031e-05	0.1063	supercritical
581.0	1522.2	808.23	0.0012373	509.16	697.5	1.7967	0.97944	1.4111	828.52	-0.02407	8.6156e-05	0.10642	supercritical
581.0	1525.5	808.92	0.0012362	509.02	697.61	1.7962	0.97956	1.411	829.45	-0.02414	8.628e-05	0.10653	supercritical
581.0	1528.8	809.6	0.0012352	508.89	697.72	1.7957	0.97968	1.411	830.38	-0.02421	8.6405e-05	0.10665	supercritical
581.0	1532.0	810.27	0.0012342	508.76	697.83	1.7952	0.97981	1.4109	831.3	-0.02428	8.6529e-05	0.10676	supercritical
581.0	1535.2	810.95	0.0012331	508.63	697.94	1.7947	0.97993	1.4108	832.23	-0.024349	8.6654e-05	0.10688	supercritical
581.0	1538.5	811.62	0.0012321	508.5	698.05	1.7942	0.98005	1.4108	833.15	-0.024418	8.6778e-05	0.10699	supercritical
581.0	1541.8	812.3	0.0012311	508.36	698.17	1.7937	0.98017	1.4107	834.07	-0.024486	8.6902e-05	0.1071	supercritical
581.0	1545.0	812.97	0.0012301	508.23	698.28	1.7932	0.98029	1.4107	835.0	-0.024554	8.7026e-05	0.10722	supercritical
581.0	1548.2	813.64	0.001229	508.1	698.39	1.7927	0.98041	1.4106	835.92	-0.024622	8.715e-05	0.10733	supercritical
581.0	1551.5	814.31	0.001228	507.97	698.5	1.7922	0.98053	1.4106	836.83	-0.024689	8.7274e-05	0.10745	supercritical
581.0	1554.8	814.97	0.001227	507.84	698.62	1.7917	0.98066	1.4105	837.75	-0.024756	8.7398e-05	0.10756	supercritical
581.0	1558.0	815.64	0.001226	507.72	698.73	1.7912	0.98078	1.4105	838.67	-0.024823	8.7522e-05	0.10767	supercritical
581.0	1561.2	816.3	0.001225	507.59	698.84	1.7907	0.9809	1.4104	839.58	-0.024889	8.7646e-05	0.10779	supercritical
581.0	1564.5	816.97	0.001224	507.46	698.96	1.7902	0.98102	1.4103	840.5	-0.024955	8.7769e-05	0.1079	supercritical
581.0	1567.8	817.63	0.0012231	507.33	699.07	1.7897	0.98114	1.4103	841.41	-0.02502	8.7893e-05	0.10802	supercritical
581.0	1571.0	818.29	0.0012221	507.2	699.19	1.7893	0.98126	1.4102	842.32	-0.025085	8.8017e-05	0.10813	supercritical
581.0	1574.2	818.94	0.0012211	507.07	699.3	1.7888	0.98138	1.4102	843.23	-0.02515	8.814e-05	0.10824	supercritical
581.0	1577.5	819.6	0.0012201	506.95	699.42	1.7883	0.98151	1.4101	844.14	-0.025215	8.8263e-05	0.10836	supercritical
581.0	1580.8	820.25	0.0012191	506.82	699.53	1.7878	0.98163	1.4101	845.05	-0.025279	8.8387e-05	0.10847	supercritical
581.0	1584.0	820.91	0.0012182	506.69	699.65	1.7873	0.98175	1.41	845.95	-0.025342	8.851e-05	0.10859	supercritical
581.0	1587.2	821.56	0.0012172	506.57	699.77	1.7868	0.98187	1.41	846.86	-0.025406	8.8633e-05	0.1087	supercritical
581.0	1590.5	822.21	0.0012162	506.44	699.88	1.7864	0.98199	1.4099	847.76	-0.025469	8.8756e-05	0.10881	supercritical
581.0	1593.8	822.86	0.0012153	506.32	700.0	1.7859	0.98211	1.4099	848.67	-0.025531	8.8879e-05	0.10893	supercritical
581.0	1597.0	823.5	0.0012143	506.19	700.12	1.7854	0.98223	1.4098	849.57	-0.025594	8.9002e-05	0.10904	supercritical
581.0	1600.2	824.15	0.0012134	506.07	700.23	1.7849	0.98235	1.4098	850.47	-0.025656	8.9125e-05	0.10915	supercritical
581.0	1603.5	824.79	0.0012124	505.94	700.35	1.7845	0.98247	1.4097	851.37	-0.025717	8.9248e-05	0.10927	supercritical
581.0	1606.8	825.44	0.0012115	505.82	700.47	1.784	0.9826	1.4097	852.27	-0.025779	8.937e-05	0.10938	supercritical
581.0	1610.0	826.08	0.0012105	505.69	700.59	1.7835	0.98272	1.4096	853.16	-0.02584	8.9493e-05	0.10949	supercritical
581.0	1613.2	826.72	0.0012096	505.57	700.71	1.783	0.98284	1.4096	854.06	-0.0259	8.9616e-05	0.10961	supercritical
581.0	1616.5	827.36	0.0012087	505.44	700.83	1.7826	0.98296	1.4095	854.95	-0.025961	8.9738e-05	0.10972	supercritical
581.0	1619.8	827.99	0.0012077	505.32	700.95	1.7821	0.98308	1.4095	855.85	-0.026021	8.9861e-05	0.10983	supercritical
581.0	1623.0	828.63	0.0012068	505.2	701.06	1.7816	0.9832	1.4094	856.74	-0.02608	8.9983e-05	0.10995	supercritical
581.0	1626.2	829.26	0.0012059	505.08	701.18	1.7812	0.98332	1.4094	857.63	-0.02614	9.0105e-05	0.11006	supercritical
581.0	1629.5	829.89	0.001205	504.95	701.3	1.7807	0.98344	1.4093	858.52	-0.026199	9.0227e-05	0.11017	supercritical
581.0	1632.8	830.53	0.0012041	504.83	701.42	1.7802	0.98356	1.4093	859.41	-0.026257	9.035e-05	0.11029	supercritical
581.0	1636.0	831.16	0.0012031	504.71	701.54	1.7798	0.98368	1.4092	860.3	-0.026316	9.0472e-05	0.1104	supercritical
581.0	1639.2	831.78	0.0012022	504.59	701.67	1.7793	0.9838	1.4092	861.18	-0.026374	9.0594e-05	0.11051	supercritical
581.0	1642.5	832.41	0.0012013	504.47	701.79	1.7788	0.98392	1.4091	862.07	-0.026432	9.0716e-05	0.11063	supercritical
581.0	1645.8	833.04	0.0012004	504.35	701.91	1.7784	0.98404	1.4091	862.95	-0.026489	9.0838e-05	0.11074	supercritical
581.0	1649.0	833.66	0.0011995	504.23	702.03	1.7779	0.98416	1.409	863.83	-0.026546	9.0959e-05	0.11085	supercritical
581.0	1652.2	834.28	0.0011986	504.11	702.15	1.7774	0.98429	1.409	864.72	-0.026603	9.1081e-05	0.11097	supercritical
581.0	1655.5	834.9	0.0011977	503.99	702.27	1.777	0.98441	1.4089	865.6	-0.02666	9.1203e-05	0.11108	supercritical
581.0	1658.8	835.52	0.0011969	503.87	702.39	1.7765	0.98453	1.4089	866.48	-0.026716	9.1325e-05	0.11119	supercritical
581.0	1662.0	836.14	0.001196	503.75	702.52	1.7761	0.98465	1.4088	867.35	-0.026772	9.1446e-05	0.1113	supercritical
581.0	1665.2	836.76	0.0011951	503.63	702.64	1.7756	0.98477	1.4088	868.23	-0.026828	9.1568e-05	0.11142	supercritical
581.0	1668.5	837.38	0.0011942	503.51	702.76	1.7751	0.98489	1.4087	869.11	-0.026883	9.1689e-05	0.11153	supercritical
581.0	1671.8	837.99	0.0011933	503.39	702.89	1.7747	0.98501	1.4087	869.98	-0.026938	9.181e-05	0.11164	supercritical
581.0	1675.0	838.61	0.0011925	503.27	703.01	1.7742	0.98513	1.4086	870.86	-0.026993	9.1932e-05	0.11176	supercritical
581.0	1678.2	839.22	0.0011916	503.16	703.13	1.7738	0.98525	1.4086	871.73	-0.027048	9.2053e-05	0.11187	supercritical
581.0	1681.5	839.83	0.0011907	503.04	703.26	1.7733	0.98537	1.4086	872.6	-0.027102	9.2174e-05	0.11198	supercritical
581.0	1684.8	840.44	0.0011899	502.92	703.38	1.7729	0.98549	1.4085	873.47	-0.027156	9.2295e-05	0.11209	supercritical
581.0	1688.0	841.05	0.001189	502.8	703.51	1.7724	0.98561	1.4085	874.34	-0.027209	9.2416e-05	0.11221	supercritical
581.0	1691.2	841.65	0.0011881	502.69	703.63	1.772	0.98573	1.4084	875.21	-0.027263	9.2537e-05	0.11232	supercritical
581.0	1694.5	842.26	0.0011873	502.57	703.76	1.7715	0.98585	1.4084	876.08	-0.027316	9.2658e-05	0.11243	supercritical
581.0	1697.8	842.86	0.0011864	502.45	703.88	1.7711	0.98597	1.4083	876.94	-0.027369	9.2779e-05	0.11254	supercritical
581.0	1701.0	843.47	0.0011856	502.34	704.01	1.7706	0.98609	1.4083	877.81	-0.027421	9.29e-05	0.11266	supercritical
581.0	1704.2	844.07	0.0011847	502.22	704.13	1.7702	0.98621	1.4082	878.67	-0.027474	9.3021e-05	0.11277	supercritical
581.0	1707.5	844.67	0.0011839	502.11	704.26	1.7697	0.98633	1.4082	879.53	-0.027526	9.3141e-05	0.11288	supercritical
581.0	1710.8	845.27	0.0011831	501.99	704.38	1.7693	0.98645	1.4082	880.4	-0.027577	9.3262e-05	0.11299	supercritical
581.0	1714.0	845.86	0.0011822	501.88	704.51	1.7688	0.98657	1.4081	881.26	-0.027629	9.3382e-05	0.11311	supercritical
581.0	1717.2	846.46	0.0011814	501.76	704.64	1.7684	0.98669	1.4081	882.12	-0.02768	9.3503e-05	0.11322	supercritical
581.0	1720.5	847.06	0.0011806	501.65	704.76	1.768	0.98681	1.408	882.97	-0.027731	9.3623e-05	0.11333	supercritical
581.0	1723.8	847.65	0.0011797	501.53	704.89	1.7675	0.98693	1.408	883.83	-0.027782	9.3744e-05	0.11344	supercritical
581.0	1727.0	848.24	0.0011789	501.42	705.02	1.7671	0.98705	1.408	884.69	-0.027832	9.3864e-05	0.11356	supercritical
581.0	1730.2	848.84	0.0011781	501.31	705.14	1.7666	0.98717	1.4079	885.54	-0.027882	9.3984e-05	0.11367	supercritical
581.0	1733.5	849.43	0.0011773	501.19	705.27	1.7662	0.98729	1.4079	886.4	-0.027932	9.4104e-05	0.11378	supercritical
581.0	1736.8	850.02	0.0011764	501.08	705.4	1.7658	0.98741	1.4078	887.25	-0.027982	9.4224e-05	0.11389	supercritical
581.0	1740.0	850.6	0.0011756	500.97	705.53	1.7653	0.98753	1.4078	888.1	-0.028032	9.4345e-05	0.11401	supercritical
581.0	1743.2	851.19	0.0011748	500.86	705.66	1.7649	0.98765	1.4078	888.95	-0.028081	9.4465e-05	0.11412	supercritical
581.0	1746.5	851.78	0.001174	500.74	705.79	1.7645	0.98777	1.4077	889.8	-0.02813	9.4584e-05	0.11423	supercritical
581.0	1749.8	852.36	0.0011732	500.63	705.91	1.764	0.98789	1.4077	890.65	-0.028178	9.4704e-05	0.11434	supercritical
581.0	1753.0	852.94	0.0011724	500.52	706.04	1.7636	0.98801	1.4076	891.5	-0.028227	9.4824e-05	0.11445	supercritical
581.0	1756.2	853.53	0.0011716	500.41	706.17	1.7631	0.98813	1.4076	892.34	-0.028275	9.4944e-05	0.11457	supercritical
581.0	1759.5	854.11	0.0011708	500.3	706.3	1.7627	0.98824	1.4076	893.19	-0.028323	9.5064e-05	0.11468	supercritical
581.0	1762.8	854.69	0.00117	500.19	706.43	1.7623	0.98836	1.4075	894.03	-0.028371	9.5183e-05	0.11479	supercritical
581.0	1766.0	855.26	0.0011692	500.08	706.56	1.7619	0.98848	1.4075	894.88	-0.028418	9.5303e-05	0.1149	supercritical
581.0	1769.2	855.84	0.0011684	499.97	706.69	1.7614	0.9886	1.4074	895.72	-0.028465	9.5422e-05	0.11501	supercritical
581.0	1772.5	856.42	0.0011677	499.86	706.82	1.761	0.98872	1.4074	896.56	-0.028512	9.5542e-05	0.11513	supercritical
581.0	1775.8	856.99	0.0011669	499.75	706.95	1.7606	0.98884	1.4074	897.4	-0.028559	9.5661e-05	0.11524	supercritical
581.0	1779.0	857.57	0.0011661	499.64	707.08	1.7601	0.98896	1.4073	898.24	-0.028606	9.5781e-05	0.11535	supercritical
581.0	1782.2	858.14	0.0011653	499.53	707.21	1.7597	0.98908	1.4073	899.08	-0.028652	9.59e-05	0.11546	supercritical
581.0	1785.5	858.71	0.0011645	499.42	707.35	1.7593	0.9892	1.4073	899.91	-0.028698	9.6019e-05	0.11557	supercritical
581.0	1788.8	859.28	0.0011638	499.31	707.48	1.7589	0.98932	1.4072	900.75	-0.028744	9.6138e-05	0.11569	supercritical
581.0	1792.0	859.85	0.001163	499.2	707.61	1.7584	0.98944	1.4072	901.58	-0.028789	9.6258e-05	0.1158	supercritical
581.0	1795.2	860.42	0.0011622	499.09	707.74	1.758	0.98956	1.4071	902.42	-0.028835	9.6377e-05	0.11591	supercritical
581.0	1798.5	860.99	0.0011615	498.98	707.87	1.7576	0.98968	1.4071	903.25	-0.02888	9.6496e-05	0.11602	supercritical
581.0	1801.8	861.55	0.0011607	498.88	708.0	1.7572	0.9898	1.4071	904.08	-0.028925	9.6615e-05	0.11613	supercritical
581.0	1805.0	862.12	0.0011599	498.77	708.14	1.7567	0.98991	1.407	904.91	-0.02897	9.6734e-05	0.11625	supercritical
581.0	1808.2	862.68	0.0011592	498.66	708.27	1.7563	0.99003	1.407	905.74	-0.029014	9.6852e-05	0.11636	supercritical
581.0	1811.5	863.24	0.0011584	498.55	708.4	1.7559	0.99015	1.407	906.57	-0.029058	9.6971e-05	0.11647	supercritical
581.0	1814.8	863.8	0.0011577	498.45	708.53	1.7555	0.99027	1.4069	907.4	-0.029102	9.709e-05	0.11658	supercritical
581.0	1818.0	864.36	0.0011569	498.34	708.67	1.7551	0.99039	1.4069	908.23	-0.029146	9.7209e-05	0.11669	supercritical
581.0	1821.2	864.92	0.0011562	498.23	708.8	1.7547	0.99051	1.4069	909.05	-0.02919	9.7327e-05	0.1168	supercritical
581.0	1824.5	865.48	0.0011554	498.13	708.93	1.7542	0.99063	1.4068	909.88	-0.029233	9.7446e-05	0.11692	supercritical
581.0	1827.8	866.04	0.0011547	498.02	709.07	1.7538	0.99075	1.4068	910.7	-0.029276	9.7565e-05	0.11703	supercritical
581.0	1831.0	866.59	0.0011539	497.92	709.2	1.7534	0.99087	1.4068	911.52	-0.029319	9.7683e-05	0.11714	supercritical
581.0	1834.2	867.15	0.0011532	497.81	709.34	1.753	0.99099	1.4067	912.34	-0.029362	9.7801e-05	0.11725	supercritical
581.0	1837.5	867.7	0.0011525	497.7	709.47	1.7526	0.9911	1.4067	913.17	-0.029405	9.792e-05	0.11736	supercritical
581.0	1840.8	868.25	0.0011517	497.6	709.61	1.7522	0.99122	1.4067	913.99	-0.029447	9.8038e-05	0.11747	supercritical
581.0	1844.0	868.81	0.001151	497.5	709.74	1.7518	0.99134	1.4066	914.8	-0.029489	9.8156e-05	0.11759	supercritical
581.0	1847.2	869.36	0.0011503	497.39	709.88	1.7513	0.99146	1.4066	915.62	-0.029531	9.8275e-05	0.1177	supercritical
581.0	1850.5	869.91	0.0011495	497.29	710.01	1.7509	0.99158	1.4066	916.44	-0.029573	9.8393e-05	0.11781	supercritical
581.0	1853.8	870.45	0.0011488	497.18	710.15	1.7505	0.9917	1.4065	917.25	-0.029615	9.8511e-05	0.11792	supercritical
581.0	1857.0	871.0	0.0011481	497.08	710.28	1.7501	0.99182	1.4065	918.07	-0.029656	9.8629e-05	0.11803	supercritical
581.0	1860.2	871.55	0.0011474	496.97	710.42	1.7497	0.99193	1.4065	918.88	-0.029697	9.8747e-05	0.11814	supercritical
581.0	1863.5	872.09	0.0011467	496.87	710.55	1.7493	0.99205	1.4064	919.69	-0.029738	9.8865e-05	0.11826	supercritical
581.0	1866.8	872.64	0.001146	496.77	710.69	1.7489	0.99217	1.4064	920.51	-0.029779	9.8983e-05	0.11837	supercritical
581.0	1870.0	873.18	0.0011452	496.67	710.82	1.7485	0.99229	1.4064	921.32	-0.029819	9.9101e-05	0.11848	supercritical
581.0	1873.2	873.72	0.0011445	496.56	710.96	1.7481	0.99241	1.4064	922.13	-0.02986	9.9219e-05	0.11859	supercritical
581.0	1876.5	874.26	0.0011438	496.46	711.1	1.7477	0.99253	1.4063	922.94	-0.0299	9.9336e-05	0.1187	supercritical
581.0	1879.8	874.8	0.0011431	496.36	711.23	1.7473	0.99265	1.4063	923.74	-0.02994	9.9454e-05	0.11881	supercritical
581.0	1883.0	875.34	0.0011424	496.26	711.37	1.7469	0.99276	1.4063	924.55	-0.02998	9.9572e-05	0.11893	supercritical
581.0	1886.2	875.88	0.0011417	496.15	711.51	1.7465	0.99288	1.4062	925.36	-0.030019	9.9689e-05	0.11904	supercritical
581.0	1889.5	876.42	0.001141	496.05	711.65	1.7461	0.993	1.4062	926.16	-0.030059	9.9807e-05	0.11915	supercritical
581.0	1892.8	876.95	0.0011403	495.95	711.78	1.7457	0.99312	1.4062	926.97	-0.030098	9.9925e-05	0.11926	supercritical
581.0	1896.0	877.49	0.0011396	495.85	711.92	1.7453	0.99324	1.4061	927.77	-0.030137	0.00010004	0.11937	supercritical
581.0	1899.2	878.02	0.0011389	495.75	712.06	1.7449	0.99335	1.4061	928.57	-0.030176	0.00010016	0.11948	supercritical
581.0	1902.5	878.56	0.0011382	495.65	712.2	1.7445	0.99347	1.4061	929.37	-0.030214	0.00010028	0.11959	supercritical
581.0	1905.8	879.09	0.0011375	495.55	712.33	1.7441	0.99359	1.4061	930.17	-0.030253	0.00010039	0.11971	supercritical
581.0	1909.0	879.62	0.0011369	495.45	712.47	1.7437	0.99371	1.406	930.97	-0.030291	0.00010051	0.11982	supercritical
581.0	1912.2	880.15	0.0011362	495.35	712.61	1.7433	0.99383	1.406	931.77	-0.030329	0.00010063	0.11993	supercritical
581.0	1915.5	880.68	0.0011355	495.25	712.75	1.7429	0.99395	1.406	932.57	-0.030367	0.00010075	0.12004	supercritical
581.0	1918.8	881.21	0.0011348	495.15	712.89	1.7425	0.99406	1.4059	933.36	-0.030405	0.00010086	0.12015	supercritical
581.0	1922.0	881.73	0.0011341	495.05	713.03	1.7421	0.99418	1.4059	934.16	-0.030443	0.00010098	0.12026	supercritical
581.0	1925.2	882.26	0.0011335	494.95	713.17	1.7417	0.9943	1.4059	934.95	-0.03048	0.0001011	0.12037	supercritical
581.0	1928.5	882.79	0.0011328	494.85	713.31	1.7413	0.99442	1.4059	935.75	-0.030517	0.00010121	0.12048	supercritical
581.0	1931.8	883.31	0.0011321	494.75	713.45	1.7409	0.99454	1.4058	936.54	-0.030554	0.00010133	0.1206	supercritical
581.0	1935.0	883.83	0.0011314	494.65	713.59	1.7405	0.99465	1.4058	937.33	-0.030591	0.00010145	0.12071	supercritical
581.0	1938.2	884.36	0.0011308	494.55	713.73	1.7401	0.99477	1.4058	938.12	-0.030628	0.00010156	0.12082	supercritical
581.0	1941.5	884.88	0.0011301	494.46	713.87	1.7397	0.99489	1.4058	938.91	-0.030665	0.00010168	0.12093	supercritical
581.0	1944.8	885.4	0.0011294	494.36	714.01	1.7393	0.99501	1.4057	939.7	-0.030701	0.0001018	0.12104	supercritical
581.0	1948.0	885.92	0.0011288	494.26	714.15	1.7389	0.99512	1.4057	940.49	-0.030737	0.00010192	0.12115	supercritical
581.0	1951.2	886.44	0.0011281	494.16	714.29	1.7385	0.99524	1.4057	941.28	-0.030773	0.00010203	0.12126	supercritical
581.0	1954.5	886.95	0.0011275	494.07	714.43	1.7382	0.99536	1.4056	942.06	-0.030809	0.00010215	0.12137	supercritical
581.0	1957.8	887.47	0.0011268	493.97	714.57	1.7378	0.99548	1.4056	942.85	-0.030845	0.00010227	0.12149	supercritical
581.0	1961.0	887.99	0.0011261	493.87	714.71	1.7374	0.99559	1.4056	943.63	-0.03088	0.00010238	0.1216	supercritical
581.0	1964.2	888.5	0.0011255	493.78	714.85	1.737	0.99571	1.4056	944.41	-0.030916	0.0001025	0.12171	supercritical
581.0	1967.5	889.01	0.0011248	493.68	714.99	1.7366	0.99583	1.4055	945.2	-0.030951	0.00010261	0.12182	supercritical
581.0	1970.8	889.53	0.0011242	493.58	715.13	1.7362	0.99595	1.4055	945.98	-0.030986	0.00010273	0.12193	supercritical
581.0	1974.0	890.04	0.0011235	493.49	715.27	1.7358	0.99607	1.4055	946.76	-0.031021	0.00010285	0.12204	supercritical
581.0	1977.2	890.55	0.0011229	493.39	715.42	1.7355	0.99618	1.4055	947.54	-0.031056	0.00010296	0.12215	supercritical
581.0	1980.5	891.06	0.0011223	493.3	715.56	1.7351	0.9963	1.4054	948.32	-0.03109	0.00010308	0.12226	supercritical
581.0	1983.8	891.57	0.0011216	493.2	715.7	1.7347	0.99642	1.4054	949.1	-0.031125	0.0001032	0.12237	supercritical
581.0	1987.0	892.08	0.001121	493.1	715.84	1.7343	0.99653	1.4054	949.87	-0.031159	0.00010331	0.12249	supercritical
581.0	1990.2	892.59	0.0011203	493.01	715.99	1.7339	0.99665	1.4054	950.65	-0.031193	0.00010343	0.1226	supercritical
581.0	1993.5	893.09	0.0011197	492.91	716.13	1.7335	0.99677	1.4054	951.42	-0.031227	0.00010354	0.12271	supercritical
581.0	1996.8	893.6	0.0011191	492.82	716.27	1.7332	0.99689	1.4053	952.2	-0.031261	0.00010366	0.12282	supercritical
581.0	2000.0	894.1	0.0011184	492.73	716.41	1.7328	0.997	1.4053	952.97	-0.031295	0.00010378	0.12293	supercritical
