Temperature (K)	Pressure (bar)	Density (kg/m3)	Volume (m3/kg)	Internal Energy (kJ/kg)	Enthalpy (kJ/kg)	Entropy (J/g*K)	Cv (J/g*K)	Cp (J/g*K)	Sound Spd. (m/s)	Joule-Thomson (K/bar)	Viscosity (Pa*s)	Therm. Cond. (W/m*K)	Phase
651.0	56.5	46.184	0.021653	723.38	845.71	2.7243	0.92022	1.1383	388.36	0.15034	3.0425e-05	0.046727	vapor
651.0	59.75	48.849	0.020471	722.84	845.16	2.7129	0.92059	1.1404	388.61	0.1495	3.0467e-05	0.046822	vapor
651.0	63.0	51.515	0.019412	722.31	844.61	2.7021	0.92096	1.1424	388.86	0.14866	3.051e-05	0.046918	vapor
651.0	66.25	54.181	0.018457	721.78	844.06	2.6918	0.92133	1.1445	389.12	0.14782	3.0552e-05	0.047013	vapor
651.0	69.5	56.848	0.017591	721.25	843.51	2.682	0.9217	1.1465	389.39	0.14698	3.0596e-05	0.047108	vapor
651.0	72.75	59.514	0.016803	720.72	842.96	2.6726	0.92206	1.1486	389.66	0.14614	3.064e-05	0.047202	vapor
651.0	76.0	62.18	0.016082	720.19	842.42	2.6635	0.92243	1.1506	389.94	0.1453	3.0684e-05	0.047297	vapor
651.0	76.0	62.18	0.016082	720.19	842.42	2.6635	0.92243	1.1506	389.94	0.1453	3.0684e-05	0.047297	supercritical
651.0	76.0	62.18	0.016082	720.19	842.42	2.6635	0.92243	1.1506	389.94	0.1453	3.0684e-05	0.047297	supercritical
651.0	79.25	64.846	0.015421	719.66	841.87	2.6548	0.92279	1.1527	390.23	0.14446	3.0729e-05	0.047392	supercritical
651.0	82.5	67.512	0.014812	719.13	841.33	2.6465	0.92316	1.1547	390.52	0.14362	3.0775e-05	0.047486	supercritical
651.0	85.75	70.177	0.01425	718.6	840.8	2.6384	0.92352	1.1568	390.83	0.14278	3.0821e-05	0.047581	supercritical
651.0	89.0	72.842	0.013728	718.08	840.26	2.6306	0.92388	1.1588	391.13	0.14194	3.0867e-05	0.047676	supercritical
651.0	92.25	75.506	0.013244	717.55	839.73	2.623	0.92424	1.1609	391.45	0.14109	3.0914e-05	0.047771	supercritical
651.0	95.5	78.17	0.012793	717.03	839.19	2.6157	0.9246	1.1629	391.77	0.14025	3.0961e-05	0.047866	supercritical
651.0	98.75	80.833	0.012371	716.5	838.67	2.6086	0.92496	1.1649	392.1	0.13941	3.1009e-05	0.047961	supercritical
651.0	102.0	83.495	0.011977	715.98	838.14	2.6017	0.92531	1.167	392.44	0.13857	3.1058e-05	0.048056	supercritical
651.0	105.25	86.156	0.011607	715.45	837.61	2.595	0.92567	1.169	392.78	0.13772	3.1107e-05	0.048152	supercritical
651.0	108.5	88.815	0.011259	714.93	837.09	2.5885	0.92602	1.171	393.13	0.13688	3.1157e-05	0.048248	supercritical
651.0	111.75	91.474	0.010932	714.41	836.57	2.5822	0.92637	1.173	393.49	0.13603	3.1207e-05	0.048344	supercritical
651.0	115.0	94.131	0.010623	713.89	836.06	2.576	0.92672	1.175	393.85	0.13519	3.1258e-05	0.048441	supercritical
651.0	118.25	96.787	0.010332	713.37	835.54	2.57	0.92707	1.1771	394.23	0.13434	3.1309e-05	0.048538	supercritical
651.0	121.5	99.441	0.010056	712.85	835.03	2.5641	0.92742	1.1791	394.6	0.13349	3.1361e-05	0.048635	supercritical
651.0	124.75	102.09	0.0097949	712.33	834.52	2.5584	0.92776	1.1811	394.99	0.13264	3.1413e-05	0.048733	supercritical
651.0	128.0	104.75	0.009547	711.81	834.01	2.5528	0.92811	1.1831	395.38	0.13179	3.1466e-05	0.048831	supercritical
651.0	131.25	107.39	0.0093115	711.29	833.5	2.5473	0.92845	1.185	395.78	0.13094	3.1519e-05	0.048929	supercritical
651.0	134.5	110.04	0.0090875	710.77	833.0	2.5419	0.92879	1.187	396.19	0.13009	3.1574e-05	0.049029	supercritical
651.0	137.75	112.69	0.0088742	710.26	832.5	2.5367	0.92914	1.189	396.61	0.12924	3.1628e-05	0.049128	supercritical
651.0	141.0	115.33	0.0086708	709.74	832.0	2.5315	0.92947	1.191	397.03	0.12839	3.1684e-05	0.049228	supercritical
651.0	144.25	117.97	0.0084767	709.23	831.51	2.5265	0.92981	1.1929	397.46	0.12754	3.1739e-05	0.049329	supercritical
651.0	147.5	120.61	0.0082913	708.72	831.01	2.5216	0.93015	1.1949	397.89	0.12668	3.1796e-05	0.04943	supercritical
651.0	150.75	123.24	0.008114	708.2	830.52	2.5167	0.93048	1.1968	398.34	0.12583	3.1853e-05	0.049532	supercritical
651.0	154.0	125.88	0.0079442	707.69	830.03	2.5119	0.93081	1.1988	398.79	0.12497	3.191e-05	0.049635	supercritical
651.0	157.25	128.51	0.0077816	707.18	829.55	2.5073	0.93115	1.2007	399.24	0.12411	3.1969e-05	0.049738	supercritical
651.0	160.5	131.14	0.0076257	706.67	829.07	2.5027	0.93148	1.2026	399.71	0.12326	3.2027e-05	0.049841	supercritical
651.0	163.75	133.76	0.007476	706.17	828.59	2.4982	0.9318	1.2046	400.18	0.1224	3.2087e-05	0.049946	supercritical
651.0	167.0	136.38	0.0073323	705.66	828.11	2.4938	0.93213	1.2065	400.66	0.12154	3.2147e-05	0.050051	supercritical
651.0	170.25	139.0	0.0071942	705.15	827.63	2.4894	0.93246	1.2084	401.15	0.12068	3.2207e-05	0.050156	supercritical
651.0	173.5	141.62	0.0070613	704.65	827.16	2.4851	0.93278	1.2103	401.64	0.11982	3.2269e-05	0.050263	supercritical
651.0	176.75	144.23	0.0069334	704.14	826.69	2.4809	0.9331	1.2121	402.15	0.11896	3.233e-05	0.05037	supercritical
651.0	180.0	146.84	0.0068102	703.64	826.22	2.4767	0.93342	1.214	402.65	0.1181	3.2393e-05	0.050478	supercritical
651.0	183.25	149.44	0.0066915	703.14	825.76	2.4727	0.93374	1.2159	403.17	0.11724	3.2456e-05	0.050586	supercritical
651.0	186.5	152.05	0.006577	702.63	825.3	2.4686	0.93406	1.2177	403.7	0.11638	3.2519e-05	0.050695	supercritical
651.0	189.75	154.64	0.0064665	702.13	824.84	2.4647	0.93437	1.2196	404.23	0.11552	3.2584e-05	0.050805	supercritical
651.0	193.0	157.24	0.0063598	701.64	824.38	2.4608	0.93469	1.2214	404.77	0.11465	3.2649e-05	0.050916	supercritical
651.0	196.25	159.83	0.0062567	701.14	823.93	2.4569	0.935	1.2233	405.31	0.11379	3.2714e-05	0.051027	supercritical
651.0	199.5	162.41	0.0061571	700.64	823.48	2.4531	0.93531	1.2251	405.86	0.11293	3.278e-05	0.05114	supercritical
651.0	202.75	165.0	0.0060607	700.15	823.03	2.4494	0.93562	1.2269	406.43	0.11207	3.2847e-05	0.051253	supercritical
651.0	206.0	167.57	0.0059675	699.65	822.58	2.4457	0.93592	1.2287	406.99	0.11121	3.2914e-05	0.051366	supercritical
651.0	209.25	170.15	0.0058772	699.16	822.14	2.4421	0.93623	1.2305	407.57	0.11035	3.2982e-05	0.051481	supercritical
651.0	212.5	172.72	0.0057898	698.67	821.7	2.4385	0.93653	1.2322	408.15	0.10949	3.3051e-05	0.051596	supercritical
651.0	215.75	175.28	0.0057051	698.17	821.26	2.435	0.93684	1.234	408.74	0.10863	3.312e-05	0.051712	supercritical
651.0	219.0	177.84	0.005623	697.68	820.83	2.4315	0.93714	1.2357	409.34	0.10777	3.319e-05	0.051829	supercritical
651.0	222.25	180.4	0.0055433	697.2	820.4	2.428	0.93744	1.2375	409.94	0.10691	3.326e-05	0.051946	supercritical
651.0	225.5	182.95	0.0054661	696.71	819.97	2.4246	0.93773	1.2392	410.56	0.10605	3.3331e-05	0.052065	supercritical
651.0	228.75	185.49	0.005391	696.22	819.54	2.4212	0.93803	1.2409	411.17	0.1052	3.3403e-05	0.052184	supercritical
651.0	232.0	188.03	0.0053182	695.74	819.12	2.4179	0.93832	1.2426	411.8	0.10434	3.3475e-05	0.052304	supercritical
651.0	235.25	190.57	0.0052474	695.25	818.7	2.4146	0.93862	1.2443	412.43	0.10349	3.3548e-05	0.052424	supercritical
651.0	238.5	193.1	0.0051787	694.77	818.28	2.4114	0.93891	1.246	413.08	0.10263	3.3621e-05	0.052546	supercritical
651.0	241.75	195.62	0.0051118	694.29	817.87	2.4082	0.9392	1.2477	413.72	0.10178	3.3695e-05	0.052668	supercritical
651.0	245.0	198.14	0.0050468	693.81	817.46	2.405	0.93948	1.2493	414.38	0.10093	3.377e-05	0.052791	supercritical
651.0	248.25	200.66	0.0049836	693.33	817.05	2.4019	0.93977	1.251	415.04	0.10008	3.3845e-05	0.052914	supercritical
651.0	251.5	203.17	0.0049221	692.85	816.64	2.3988	0.94005	1.2526	415.71	0.099229	3.3921e-05	0.053039	supercritical
651.0	254.75	205.67	0.0048622	692.38	816.24	2.3957	0.94034	1.2542	416.39	0.098383	3.3998e-05	0.053164	supercritical
651.0	258.0	208.17	0.0048038	691.9	815.84	2.3927	0.94062	1.2558	417.07	0.097537	3.4075e-05	0.053289	supercritical
651.0	261.25	210.66	0.004747	691.43	815.44	2.3897	0.9409	1.2574	417.76	0.096694	3.4153e-05	0.053416	supercritical
651.0	264.5	213.14	0.0046917	690.96	815.05	2.3867	0.94117	1.259	418.46	0.095853	3.4231e-05	0.053543	supercritical
651.0	267.75	215.62	0.0046377	690.49	814.66	2.3838	0.94145	1.2606	419.16	0.095013	3.431e-05	0.053671	supercritical
651.0	271.0	218.1	0.0045851	690.02	814.27	2.3809	0.94172	1.2621	419.87	0.094176	3.4389e-05	0.0538	supercritical
651.0	274.25	220.57	0.0045338	689.55	813.89	2.3781	0.942	1.2637	420.59	0.093341	3.4469e-05	0.053929	supercritical
651.0	277.5	223.03	0.0044838	689.08	813.51	2.3752	0.94227	1.2652	421.31	0.092508	3.455e-05	0.054059	supercritical
651.0	280.75	225.48	0.0044349	688.62	813.13	2.3724	0.94254	1.2667	422.05	0.091678	3.4631e-05	0.05419	supercritical
651.0	284.0	227.93	0.0043873	688.15	812.75	2.3696	0.94281	1.2682	422.78	0.09085	3.4713e-05	0.054321	supercritical
651.0	287.25	230.37	0.0043408	687.69	812.38	2.3669	0.94307	1.2697	423.53	0.090024	3.4795e-05	0.054453	supercritical
651.0	290.5	232.81	0.0042953	687.23	812.01	2.3642	0.94334	1.2712	424.28	0.089202	3.4878e-05	0.054586	supercritical
651.0	293.75	235.24	0.004251	686.77	811.64	2.3615	0.9436	1.2726	425.04	0.088381	3.4962e-05	0.054719	supercritical
651.0	297.0	237.66	0.0042076	686.31	811.28	2.3588	0.94386	1.2741	425.8	0.087564	3.5046e-05	0.054853	supercritical
651.0	300.25	240.08	0.0041653	685.85	810.92	2.3561	0.94412	1.2755	426.57	0.08675	3.5131e-05	0.054988	supercritical
651.0	303.5	242.49	0.0041239	685.4	810.56	2.3535	0.94438	1.277	427.35	0.085938	3.5216e-05	0.055123	supercritical
651.0	306.75	244.89	0.0040834	684.94	810.2	2.3509	0.94464	1.2784	428.13	0.08513	3.5302e-05	0.055258	supercritical
651.0	310.0	247.29	0.0040439	684.49	809.85	2.3484	0.9449	1.2798	428.92	0.084325	3.5388e-05	0.055395	supercritical
651.0	313.25	249.68	0.0040052	684.04	809.5	2.3458	0.94515	1.2812	429.71	0.083523	3.5475e-05	0.055532	supercritical
651.0	316.5	252.06	0.0039673	683.59	809.15	2.3433	0.9454	1.2825	430.51	0.082724	3.5563e-05	0.055669	supercritical
651.0	319.75	254.43	0.0039303	683.14	808.81	2.3408	0.94565	1.2839	431.32	0.081929	3.5651e-05	0.055807	supercritical
651.0	323.0	256.8	0.003894	682.69	808.47	2.3383	0.9459	1.2852	432.13	0.081137	3.5739e-05	0.055945	supercritical
651.0	326.25	259.16	0.0038586	682.25	808.13	2.3359	0.94615	1.2866	432.95	0.080349	3.5828e-05	0.056084	supercritical
651.0	329.5	261.52	0.0038238	681.8	807.8	2.3334	0.9464	1.2879	433.78	0.079564	3.5918e-05	0.056224	supercritical
651.0	332.75	263.86	0.0037898	681.36	807.47	2.331	0.94664	1.2892	434.61	0.078783	3.6008e-05	0.056364	supercritical
651.0	336.0	266.2	0.0037565	680.92	807.14	2.3286	0.94689	1.2905	435.44	0.078006	3.6099e-05	0.056504	supercritical
651.0	339.25	268.54	0.0037239	680.48	806.81	2.3263	0.94713	1.2918	436.29	0.077232	3.619e-05	0.056645	supercritical
651.0	342.5	270.86	0.0036919	680.04	806.49	2.3239	0.94737	1.293	437.13	0.076462	3.6282e-05	0.056787	supercritical
651.0	345.75	273.18	0.0036606	679.61	806.17	2.3216	0.94761	1.2943	437.98	0.075696	3.6374e-05	0.056929	supercritical
651.0	349.0	275.49	0.0036299	679.17	805.85	2.3193	0.94785	1.2955	438.84	0.074934	3.6467e-05	0.057071	supercritical
651.0	352.25	277.79	0.0035998	678.74	805.54	2.317	0.94809	1.2968	439.71	0.074176	3.656e-05	0.057214	supercritical
651.0	355.5	280.09	0.0035703	678.3	805.23	2.3147	0.94832	1.298	440.57	0.073422	3.6654e-05	0.057357	supercritical
651.0	358.75	282.38	0.0035414	677.87	804.92	2.3125	0.94856	1.2992	441.45	0.072673	3.6748e-05	0.0575	supercritical
651.0	362.0	284.66	0.003513	677.44	804.61	2.3103	0.94879	1.3004	442.33	0.071927	3.6843e-05	0.057644	supercritical
651.0	365.25	286.93	0.0034852	677.02	804.31	2.308	0.94902	1.3016	443.21	0.071185	3.6938e-05	0.057788	supercritical
651.0	368.5	289.2	0.0034579	676.59	804.01	2.3058	0.94925	1.3027	444.1	0.070448	3.7033e-05	0.057933	supercritical
651.0	371.75	291.45	0.0034311	676.16	803.72	2.3037	0.94948	1.3039	444.99	0.069715	3.713e-05	0.058078	supercritical
651.0	375.0	293.7	0.0034048	675.74	803.42	2.3015	0.94971	1.305	445.89	0.068987	3.7226e-05	0.058223	supercritical
651.0	378.25	295.95	0.003379	675.32	803.13	2.2994	0.94993	1.3062	446.79	0.068262	3.7323e-05	0.058369	supercritical
651.0	381.5	298.18	0.0033537	674.9	802.84	2.2972	0.95016	1.3073	447.7	0.067542	3.7421e-05	0.058515	supercritical
651.0	384.75	300.41	0.0033288	674.48	802.56	2.2951	0.95038	1.3084	448.61	0.066827	3.7519e-05	0.058661	supercritical
651.0	388.0	302.63	0.0033044	674.06	802.27	2.2931	0.9506	1.3095	449.53	0.066116	3.7617e-05	0.058807	supercritical
651.0	391.25	304.84	0.0032804	673.65	801.99	2.291	0.95082	1.3106	450.45	0.065409	3.7716e-05	0.058954	supercritical
651.0	394.5	307.04	0.0032569	673.23	801.72	2.2889	0.95104	1.3116	451.37	0.064707	3.7815e-05	0.059101	supercritical
651.0	397.75	309.24	0.0032338	672.82	801.44	2.2869	0.95126	1.3127	452.3	0.064009	3.7915e-05	0.059248	supercritical
651.0	401.0	311.43	0.003211	672.41	801.17	2.2849	0.95148	1.3138	453.23	0.063316	3.8015e-05	0.059396	supercritical
651.0	404.25	313.61	0.0031887	672.0	800.9	2.2828	0.95169	1.3148	454.17	0.062628	3.8116e-05	0.059543	supercritical
651.0	407.5	315.78	0.0031668	671.59	800.63	2.2808	0.95191	1.3158	455.11	0.061944	3.8217e-05	0.059691	supercritical
651.0	410.75	317.95	0.0031452	671.18	800.37	2.2789	0.95212	1.3168	456.06	0.061264	3.8319e-05	0.059839	supercritical
651.0	414.0	320.1	0.003124	670.78	800.11	2.2769	0.95234	1.3178	457.01	0.060589	3.8421e-05	0.059988	supercritical
651.0	417.25	322.25	0.0031032	670.37	799.85	2.275	0.95255	1.3188	457.96	0.059919	3.8523e-05	0.060136	supercritical
651.0	420.5	324.39	0.0030827	669.97	799.6	2.273	0.95276	1.3198	458.92	0.059254	3.8625e-05	0.060285	supercritical
651.0	423.75	326.53	0.0030625	669.57	799.34	2.2711	0.95297	1.3208	459.88	0.058593	3.8729e-05	0.060434	supercritical
651.0	427.0	328.65	0.0030427	669.17	799.09	2.2692	0.95317	1.3217	460.84	0.057936	3.8832e-05	0.060583	supercritical
651.0	430.25	330.77	0.0030232	668.77	798.85	2.2673	0.95338	1.3227	461.81	0.057285	3.8936e-05	0.060732	supercritical
651.0	433.5	332.88	0.0030041	668.37	798.6	2.2654	0.95359	1.3236	462.78	0.056638	3.904e-05	0.060881	supercritical
651.0	436.75	334.98	0.0029852	667.98	798.36	2.2635	0.95379	1.3246	463.75	0.055995	3.9145e-05	0.06103	supercritical
651.0	440.0	337.08	0.0029667	667.59	798.12	2.2617	0.95399	1.3255	464.73	0.055358	3.925e-05	0.06118	supercritical
651.0	443.25	339.17	0.0029484	667.19	797.88	2.2598	0.9542	1.3264	465.71	0.054725	3.9355e-05	0.061329	supercritical
651.0	446.5	341.24	0.0029304	666.8	797.65	2.258	0.9544	1.3273	466.69	0.054096	3.9461e-05	0.061479	supercritical
651.0	449.75	343.32	0.0029128	666.41	797.42	2.2562	0.9546	1.3282	467.68	0.053472	3.9567e-05	0.061628	supercritical
651.0	453.0	345.38	0.0028954	666.03	797.19	2.2544	0.9548	1.3291	468.67	0.052853	3.9673e-05	0.061778	supercritical
651.0	456.25	347.44	0.0028782	665.64	796.96	2.2526	0.95499	1.3299	469.66	0.052238	3.978e-05	0.061928	supercritical
651.0	459.5	349.48	0.0028614	665.25	796.73	2.2508	0.95519	1.3308	470.65	0.051628	3.9887e-05	0.062078	supercritical
651.0	462.75	351.52	0.0028448	664.87	796.51	2.2491	0.95539	1.3316	471.65	0.051023	3.9995e-05	0.062227	supercritical
651.0	466.0	353.56	0.0028284	664.49	796.29	2.2473	0.95558	1.3325	472.65	0.050422	4.0103e-05	0.062377	supercritical
651.0	469.25	355.58	0.0028123	664.11	796.08	2.2456	0.95578	1.3333	473.66	0.049826	4.0211e-05	0.062527	supercritical
651.0	472.5	357.6	0.0027964	663.73	795.86	2.2438	0.95597	1.3341	474.66	0.049234	4.0319e-05	0.062677	supercritical
651.0	475.75	359.61	0.0027808	663.35	795.65	2.2421	0.95616	1.335	475.67	0.048647	4.0428e-05	0.062827	supercritical
651.0	479.0	361.61	0.0027654	662.97	795.44	2.2404	0.95635	1.3358	476.68	0.048064	4.0537e-05	0.062977	supercritical
651.0	482.25	363.6	0.0027503	662.6	795.23	2.2387	0.95654	1.3365	477.69	0.047486	4.0647e-05	0.063127	supercritical
651.0	485.5	365.59	0.0027353	662.23	795.03	2.237	0.95673	1.3373	478.71	0.046912	4.0756e-05	0.063277	supercritical
651.0	488.75	367.57	0.0027206	661.85	794.82	2.2354	0.95692	1.3381	479.73	0.046343	4.0866e-05	0.063426	supercritical
651.0	492.0	369.54	0.0027061	661.48	794.62	2.2337	0.95711	1.3389	480.75	0.045778	4.0977e-05	0.063576	supercritical
651.0	495.25	371.5	0.0026918	661.11	794.42	2.2321	0.95729	1.3396	481.77	0.045218	4.1087e-05	0.063726	supercritical
651.0	498.5	373.46	0.0026777	660.75	794.23	2.2304	0.95748	1.3404	482.79	0.044662	4.1198e-05	0.063875	supercritical
651.0	501.75	375.41	0.0026638	660.38	794.04	2.2288	0.95766	1.3411	483.82	0.04411	4.1309e-05	0.064025	supercritical
651.0	505.0	377.35	0.0026501	660.01	793.84	2.2272	0.95785	1.3419	484.85	0.043563	4.1421e-05	0.064175	supercritical
651.0	508.25	379.28	0.0026366	659.65	793.66	2.2256	0.95803	1.3426	485.88	0.04302	4.1533e-05	0.064324	supercritical
651.0	511.5	381.2	0.0026233	659.29	793.47	2.224	0.95821	1.3433	486.91	0.042481	4.1645e-05	0.064473	supercritical
651.0	514.75	383.12	0.0026101	658.93	793.28	2.2224	0.95839	1.344	487.95	0.041947	4.1757e-05	0.064623	supercritical
651.0	518.0	385.03	0.0025972	658.57	793.1	2.2208	0.95857	1.3447	488.98	0.041417	4.187e-05	0.064772	supercritical
651.0	521.25	386.94	0.0025844	658.21	792.92	2.2192	0.95875	1.3454	490.02	0.040891	4.1983e-05	0.064921	supercritical
651.0	524.5	388.83	0.0025718	657.85	792.74	2.2177	0.95893	1.3461	491.06	0.040369	4.2096e-05	0.06507	supercritical
651.0	527.75	390.72	0.0025594	657.5	792.57	2.2161	0.95911	1.3468	492.1	0.039852	4.2209e-05	0.065219	supercritical
651.0	531.0	392.6	0.0025471	657.14	792.4	2.2146	0.95929	1.3474	493.14	0.039338	4.2323e-05	0.065367	supercritical
651.0	534.25	394.47	0.002535	656.79	792.22	2.213	0.95946	1.3481	494.18	0.038829	4.2436e-05	0.065516	supercritical
651.0	537.5	396.34	0.0025231	656.44	792.06	2.2115	0.95964	1.3488	495.23	0.038324	4.255e-05	0.065665	supercritical
651.0	540.75	398.2	0.0025113	656.09	791.89	2.21	0.95981	1.3494	496.28	0.037822	4.2665e-05	0.065813	supercritical
651.0	544.0	400.05	0.0024997	655.74	791.72	2.2085	0.95999	1.35	497.33	0.037325	4.2779e-05	0.065961	supercritical
651.0	547.25	401.9	0.0024882	655.39	791.56	2.207	0.96016	1.3507	498.37	0.036832	4.2894e-05	0.066109	supercritical
651.0	550.5	403.73	0.0024769	655.05	791.4	2.2055	0.96033	1.3513	499.43	0.036343	4.3009e-05	0.066257	supercritical
651.0	553.75	405.56	0.0024657	654.7	791.24	2.204	0.9605	1.3519	500.48	0.035857	4.3124e-05	0.066405	supercritical
651.0	557.0	407.38	0.0024547	654.36	791.09	2.2026	0.96068	1.3525	501.53	0.035376	4.324e-05	0.066552	supercritical
651.0	560.25	409.2	0.0024438	654.02	790.93	2.2011	0.96085	1.3531	502.59	0.034898	4.3355e-05	0.0667	supercritical
651.0	563.5	411.01	0.002433	653.68	790.78	2.1997	0.96102	1.3537	503.64	0.034424	4.3471e-05	0.066847	supercritical
651.0	566.75	412.81	0.0024224	653.34	790.63	2.1982	0.96118	1.3543	504.7	0.033954	4.3587e-05	0.066994	supercritical
651.0	570.0	414.6	0.0024119	653.0	790.48	2.1968	0.96135	1.3549	505.76	0.033488	4.3704e-05	0.067141	supercritical
651.0	573.25	416.39	0.0024016	652.66	790.33	2.1953	0.96152	1.3555	506.82	0.033025	4.382e-05	0.067288	supercritical
651.0	576.5	418.17	0.0023914	652.33	790.19	2.1939	0.96169	1.356	507.88	0.032566	4.3937e-05	0.067434	supercritical
651.0	579.75	419.94	0.0023813	651.99	790.05	2.1925	0.96185	1.3566	508.94	0.032111	4.4054e-05	0.067581	supercritical
651.0	583.0	421.71	0.0023713	651.66	789.91	2.1911	0.96202	1.3572	510.0	0.03166	4.4171e-05	0.067727	supercritical
651.0	586.25	423.47	0.0023614	651.33	789.77	2.1897	0.96218	1.3577	511.06	0.031212	4.4288e-05	0.067873	supercritical
651.0	589.5	425.22	0.0023517	651.0	789.63	2.1883	0.96235	1.3583	512.13	0.030767	4.4405e-05	0.068018	supercritical
651.0	592.75	426.97	0.0023421	650.67	789.5	2.187	0.96251	1.3588	513.19	0.030326	4.4523e-05	0.068164	supercritical
651.0	596.0	428.71	0.0023326	650.34	789.36	2.1856	0.96267	1.3593	514.25	0.029889	4.4641e-05	0.068309	supercritical
651.0	599.25	430.44	0.0023232	650.01	789.23	2.1842	0.96284	1.3598	515.32	0.029455	4.4759e-05	0.068454	supercritical
651.0	602.5	432.16	0.0023139	649.69	789.1	2.1829	0.963	1.3604	516.39	0.029024	4.4877e-05	0.068599	supercritical
651.0	605.75	433.88	0.0023048	649.36	788.97	2.1815	0.96316	1.3609	517.46	0.028597	4.4995e-05	0.068744	supercritical
651.0	609.0	435.59	0.0022957	649.04	788.85	2.1802	0.96332	1.3614	518.52	0.028174	4.5114e-05	0.068888	supercritical
651.0	612.25	437.3	0.0022868	648.72	788.73	2.1788	0.96348	1.3619	519.59	0.027753	4.5232e-05	0.069033	supercritical
651.0	615.5	439.0	0.0022779	648.4	788.6	2.1775	0.96364	1.3624	520.66	0.027336	4.5351e-05	0.069177	supercritical
651.0	618.75	440.69	0.0022692	648.08	788.48	2.1762	0.9638	1.3629	521.73	0.026922	4.547e-05	0.06932	supercritical
651.0	622.0	442.37	0.0022605	647.76	788.36	2.1749	0.96395	1.3633	522.8	0.026512	4.5589e-05	0.069464	supercritical
651.0	625.25	444.05	0.002252	647.44	788.25	2.1736	0.96411	1.3638	523.87	0.026104	4.5708e-05	0.069607	supercritical
651.0	628.5	445.72	0.0022435	647.13	788.13	2.1723	0.96427	1.3643	524.95	0.0257	4.5827e-05	0.06975	supercritical
651.0	631.75	447.39	0.0022352	646.81	788.02	2.171	0.96443	1.3647	526.02	0.025299	4.5947e-05	0.069893	supercritical
651.0	635.0	449.05	0.0022269	646.5	787.91	2.1697	0.96458	1.3652	527.09	0.024901	4.6067e-05	0.070036	supercritical
651.0	638.25	450.7	0.0022188	646.19	787.8	2.1684	0.96474	1.3656	528.16	0.024506	4.6186e-05	0.070178	supercritical
651.0	641.5	452.35	0.0022107	645.88	787.69	2.1672	0.96489	1.3661	529.24	0.024114	4.6306e-05	0.070321	supercritical
651.0	644.75	453.99	0.0022027	645.57	787.59	2.1659	0.96505	1.3665	530.31	0.023726	4.6426e-05	0.070462	supercritical
651.0	648.0	455.62	0.0021948	645.26	787.48	2.1646	0.9652	1.367	531.38	0.02334	4.6546e-05	0.070604	supercritical
651.0	651.25	457.25	0.002187	644.95	787.38	2.1634	0.96535	1.3674	532.46	0.022957	4.6667e-05	0.070746	supercritical
651.0	654.5	458.87	0.0021793	644.64	787.28	2.1621	0.9655	1.3678	533.53	0.022577	4.6787e-05	0.070887	supercritical
651.0	657.75	460.48	0.0021716	644.34	787.18	2.1609	0.96566	1.3682	534.61	0.0222	4.6908e-05	0.071028	supercritical
651.0	661.0	462.09	0.0021641	644.03	787.08	2.1597	0.96581	1.3687	535.68	0.021826	4.7028e-05	0.071168	supercritical
651.0	664.25	463.69	0.0021566	643.73	786.98	2.1584	0.96596	1.3691	536.76	0.021455	4.7149e-05	0.071309	supercritical
651.0	667.5	465.29	0.0021492	643.43	786.89	2.1572	0.96611	1.3695	537.84	0.021087	4.727e-05	0.071449	supercritical
651.0	670.75	466.88	0.0021419	643.13	786.8	2.156	0.96626	1.3699	538.91	0.020721	4.7391e-05	0.071589	supercritical
651.0	674.0	468.46	0.0021347	642.83	786.7	2.1548	0.96641	1.3703	539.99	0.020358	4.7512e-05	0.071728	supercritical
651.0	677.25	470.04	0.0021275	642.53	786.61	2.1536	0.96656	1.3707	541.06	0.019998	4.7633e-05	0.071868	supercritical
651.0	680.5	471.61	0.0021204	642.23	786.53	2.1524	0.96671	1.371	542.14	0.019641	4.7754e-05	0.072007	supercritical
651.0	683.75	473.17	0.0021134	641.94	786.44	2.1512	0.96686	1.3714	543.22	0.019286	4.7876e-05	0.072146	supercritical
651.0	687.0	474.73	0.0021064	641.64	786.35	2.15	0.96701	1.3718	544.29	0.018934	4.7997e-05	0.072285	supercritical
651.0	690.25	476.29	0.0020996	641.35	786.27	2.1488	0.96715	1.3722	545.37	0.018585	4.8119e-05	0.072423	supercritical
651.0	693.5	477.83	0.0020928	641.05	786.19	2.1477	0.9673	1.3725	546.45	0.018238	4.824e-05	0.072561	supercritical
651.0	696.75	479.38	0.002086	640.76	786.11	2.1465	0.96745	1.3729	547.52	0.017894	4.8362e-05	0.072699	supercritical
651.0	700.0	480.91	0.0020794	640.47	786.03	2.1453	0.96759	1.3732	548.6	0.017553	4.8484e-05	0.072836	supercritical
651.0	703.25	482.44	0.0020728	640.18	785.95	2.1442	0.96774	1.3736	549.68	0.017214	4.8606e-05	0.072974	supercritical
651.0	706.5	483.96	0.0020663	639.89	785.87	2.143	0.96788	1.3739	550.76	0.016877	4.8728e-05	0.073111	supercritical
651.0	709.75	485.48	0.0020598	639.6	785.8	2.1419	0.96803	1.3743	551.83	0.016543	4.885e-05	0.073248	supercritical
651.0	713.0	486.99	0.0020534	639.32	785.73	2.1408	0.96817	1.3746	552.91	0.016212	4.8972e-05	0.073384	supercritical
651.0	716.25	488.5	0.0020471	639.03	785.65	2.1396	0.96832	1.3749	553.99	0.015883	4.9094e-05	0.07352	supercritical
651.0	719.5	490.0	0.0020408	638.75	785.58	2.1385	0.96846	1.3753	555.06	0.015556	4.9216e-05	0.073656	supercritical
651.0	722.75	491.5	0.0020346	638.47	785.52	2.1374	0.96861	1.3756	556.14	0.015232	4.9339e-05	0.073792	supercritical
651.0	726.0	492.99	0.0020285	638.18	785.45	2.1362	0.96875	1.3759	557.22	0.01491	4.9461e-05	0.073928	supercritical
651.0	729.25	494.47	0.0020224	637.9	785.38	2.1351	0.96889	1.3762	558.29	0.014591	4.9583e-05	0.074063	supercritical
651.0	732.5	495.95	0.0020163	637.62	785.32	2.134	0.96903	1.3765	559.37	0.014274	4.9706e-05	0.074198	supercritical
651.0	735.75	497.42	0.0020104	637.34	785.25	2.1329	0.96918	1.3768	560.44	0.013959	4.9829e-05	0.074333	supercritical
651.0	739.0	498.89	0.0020045	637.06	785.19	2.1318	0.96932	1.3771	561.52	0.013646	4.9951e-05	0.074467	supercritical
651.0	742.25	500.35	0.0019986	636.79	785.13	2.1307	0.96946	1.3774	562.6	0.013336	5.0074e-05	0.074601	supercritical
651.0	745.5	501.81	0.0019928	636.51	785.07	2.1297	0.9696	1.3777	563.67	0.013028	5.0197e-05	0.074735	supercritical
651.0	748.75	503.26	0.0019871	636.24	785.02	2.1286	0.96974	1.378	564.75	0.012723	5.0319e-05	0.074869	supercritical
651.0	752.0	504.7	0.0019814	635.96	784.96	2.1275	0.96988	1.3783	565.82	0.012419	5.0442e-05	0.075002	supercritical
651.0	755.25	506.14	0.0019757	635.69	784.9	2.1264	0.97002	1.3786	566.9	0.012118	5.0565e-05	0.075135	supercritical
651.0	758.5	507.58	0.0019701	635.42	784.85	2.1254	0.97016	1.3789	567.97	0.011819	5.0688e-05	0.075268	supercritical
651.0	761.75	509.01	0.0019646	635.14	784.8	2.1243	0.9703	1.3791	569.04	0.011522	5.0811e-05	0.075401	supercritical
651.0	765.0	510.43	0.0019591	634.87	784.75	2.1232	0.97044	1.3794	570.12	0.011227	5.0934e-05	0.075533	supercritical
651.0	768.25	511.85	0.0019537	634.6	784.7	2.1222	0.97058	1.3797	571.19	0.010934	5.1057e-05	0.075665	supercritical
651.0	771.5	513.26	0.0019483	634.34	784.65	2.1211	0.97071	1.3799	572.27	0.010644	5.118e-05	0.075797	supercritical
651.0	774.75	514.67	0.001943	634.07	784.6	2.1201	0.97085	1.3802	573.34	0.010355	5.1304e-05	0.075929	supercritical
651.0	778.0	516.07	0.0019377	633.8	784.56	2.119	0.97099	1.3805	574.41	0.010069	5.1427e-05	0.07606	supercritical
651.0	781.25	517.47	0.0019325	633.54	784.51	2.118	0.97113	1.3807	575.48	0.0097843	5.155e-05	0.076191	supercritical
651.0	784.5	518.86	0.0019273	633.27	784.47	2.117	0.97126	1.381	576.55	0.009502	5.1673e-05	0.076322	supercritical
651.0	787.75	520.25	0.0019221	633.01	784.43	2.116	0.9714	1.3812	577.63	0.0092217	5.1797e-05	0.076452	supercritical
651.0	791.0	521.63	0.0019171	632.75	784.39	2.1149	0.97154	1.3815	578.7	0.0089433	5.192e-05	0.076582	supercritical
651.0	794.25	523.01	0.001912	632.49	784.35	2.1139	0.97167	1.3817	579.77	0.008667	5.2043e-05	0.076712	supercritical
651.0	797.5	524.38	0.001907	632.23	784.31	2.1129	0.97181	1.3819	580.84	0.0083926	5.2167e-05	0.076842	supercritical
651.0	800.75	525.75	0.001902	631.97	784.27	2.1119	0.97194	1.3822	581.91	0.0081201	5.229e-05	0.076972	supercritical
651.0	804.0	527.11	0.0018971	631.71	784.24	2.1109	0.97208	1.3824	582.98	0.0078496	5.2413e-05	0.077101	supercritical
651.0	807.25	528.47	0.0018923	631.45	784.2	2.1099	0.97221	1.3826	584.04	0.007581	5.2537e-05	0.07723	supercritical
651.0	810.5	529.82	0.0018874	631.19	784.17	2.1089	0.97235	1.3828	585.11	0.0073143	5.266e-05	0.077359	supercritical
651.0	813.75	531.17	0.0018826	630.94	784.14	2.1079	0.97248	1.383	586.18	0.0070495	5.2784e-05	0.077487	supercritical
651.0	817.0	532.51	0.0018779	630.68	784.1	2.1069	0.97262	1.3833	587.25	0.0067866	5.2907e-05	0.077615	supercritical
651.0	820.25	533.85	0.0018732	630.43	784.07	2.1059	0.97275	1.3835	588.31	0.0065255	5.3031e-05	0.077743	supercritical
651.0	823.5	535.18	0.0018685	630.17	784.05	2.105	0.97288	1.3837	589.38	0.0062662	5.3154e-05	0.077871	supercritical
651.0	826.75	536.51	0.0018639	629.92	784.02	2.104	0.97302	1.3839	590.45	0.0060088	5.3278e-05	0.077999	supercritical
651.0	830.0	537.84	0.0018593	629.67	783.99	2.103	0.97315	1.3841	591.51	0.0057532	5.3402e-05	0.078126	supercritical
651.0	833.25	539.15	0.0018548	629.42	783.97	2.1021	0.97328	1.3843	592.58	0.0054993	5.3525e-05	0.078253	supercritical
651.0	836.5	540.47	0.0018502	629.17	783.94	2.1011	0.97341	1.3845	593.64	0.0052473	5.3649e-05	0.07838	supercritical
651.0	839.75	541.78	0.0018458	628.92	783.92	2.1001	0.97355	1.3847	594.7	0.004997	5.3772e-05	0.078506	supercritical
651.0	843.0	543.08	0.0018413	628.67	783.9	2.0992	0.97368	1.3849	595.77	0.0047485	5.3896e-05	0.078632	supercritical
651.0	846.25	544.38	0.0018369	628.42	783.88	2.0982	0.97381	1.3851	596.83	0.0045017	5.402e-05	0.078758	supercritical
651.0	849.5	545.68	0.0018326	628.18	783.86	2.0973	0.97394	1.3853	597.89	0.0042566	5.4143e-05	0.078884	supercritical
651.0	852.75	546.97	0.0018283	627.93	783.84	2.0963	0.97407	1.3854	598.95	0.0040132	5.4267e-05	0.07901	supercritical
651.0	856.0	548.26	0.001824	627.69	783.82	2.0954	0.9742	1.3856	600.01	0.0037715	5.439e-05	0.079135	supercritical
651.0	859.25	549.54	0.0018197	627.44	783.8	2.0945	0.97433	1.3858	601.07	0.0035315	5.4514e-05	0.07926	supercritical
651.0	862.5	550.81	0.0018155	627.2	783.79	2.0935	0.97446	1.386	602.13	0.0032932	5.4638e-05	0.079385	supercritical
651.0	865.75	552.09	0.0018113	626.96	783.77	2.0926	0.9746	1.3861	603.19	0.0030565	5.4761e-05	0.079509	supercritical
651.0	869.0	553.36	0.0018072	626.72	783.76	2.0917	0.97473	1.3863	604.24	0.0028215	5.4885e-05	0.079634	supercritical
651.0	872.25	554.62	0.001803	626.48	783.75	2.0908	0.97485	1.3865	605.3	0.0025881	5.5008e-05	0.079758	supercritical
651.0	875.5	555.88	0.001799	626.24	783.74	2.0899	0.97498	1.3866	606.36	0.0023563	5.5132e-05	0.079882	supercritical
651.0	878.75	557.13	0.0017949	626.0	783.73	2.0889	0.97511	1.3868	607.41	0.0021261	5.5256e-05	0.080005	supercritical
651.0	882.0	558.38	0.0017909	625.76	783.72	2.088	0.97524	1.387	608.47	0.0018975	5.5379e-05	0.080129	supercritical
651.0	885.25	559.63	0.0017869	625.53	783.71	2.0871	0.97537	1.3871	609.52	0.0016705	5.5503e-05	0.080252	supercritical
651.0	888.5	560.87	0.0017829	625.29	783.7	2.0862	0.9755	1.3873	610.57	0.001445	5.5626e-05	0.080375	supercritical
651.0	891.75	562.11	0.001779	625.05	783.7	2.0853	0.97563	1.3874	611.63	0.0012211	5.575e-05	0.080498	supercritical
651.0	895.0	563.34	0.0017751	624.82	783.69	2.0844	0.97576	1.3876	612.68	0.00099871	5.5873e-05	0.08062	supercritical
651.0	898.25	564.57	0.0017713	624.59	783.69	2.0835	0.97589	1.3877	613.73	0.00077786	5.5997e-05	0.080743	supercritical
651.0	901.5	565.8	0.0017674	624.35	783.69	2.0826	0.97601	1.3879	614.78	0.00055852	5.6121e-05	0.080865	supercritical
651.0	904.75	567.02	0.0017636	624.12	783.68	2.0818	0.97614	1.388	615.83	0.00034068	5.6244e-05	0.080986	supercritical
651.0	908.0	568.23	0.0017598	623.89	783.68	2.0809	0.97627	1.3882	616.88	0.00012434	5.6368e-05	0.081108	supercritical
651.0	911.25	569.45	0.0017561	623.66	783.68	2.08	0.9764	1.3883	617.93	-9.0536e-05	5.6491e-05	0.081229	supercritical
651.0	914.5	570.65	0.0017524	623.43	783.68	2.0791	0.97652	1.3885	618.97	-0.00030394	5.6614e-05	0.081351	supercritical
651.0	917.75	571.86	0.0017487	623.2	783.68	2.0783	0.97665	1.3886	620.02	-0.00051589	5.6738e-05	0.081472	supercritical
651.0	921.0	573.06	0.001745	622.97	783.69	2.0774	0.97678	1.3887	621.07	-0.00072641	5.6861e-05	0.081592	supercritical
651.0	924.25	574.25	0.0017414	622.74	783.69	2.0765	0.9769	1.3889	622.11	-0.00093549	5.6985e-05	0.081713	supercritical
651.0	927.5	575.45	0.0017378	622.52	783.7	2.0757	0.97703	1.389	623.15	-0.0011431	5.7108e-05	0.081833	supercritical
651.0	930.75	576.63	0.0017342	622.29	783.7	2.0748	0.97716	1.3891	624.2	-0.0013494	5.7231e-05	0.081953	supercritical
651.0	934.0	577.82	0.0017306	622.07	783.71	2.074	0.97728	1.3892	625.24	-0.0015543	5.7355e-05	0.082073	supercritical
651.0	937.25	579.0	0.0017271	621.84	783.72	2.0731	0.97741	1.3894	626.28	-0.0017577	5.7478e-05	0.082193	supercritical
651.0	940.5	580.17	0.0017236	621.62	783.72	2.0723	0.97753	1.3895	627.32	-0.0019598	5.7601e-05	0.082312	supercritical
651.0	943.75	581.35	0.0017201	621.39	783.73	2.0714	0.97766	1.3896	628.36	-0.0021606	5.7725e-05	0.082432	supercritical
651.0	947.0	582.51	0.0017167	621.17	783.74	2.0706	0.97778	1.3897	629.4	-0.00236	5.7848e-05	0.082551	supercritical
651.0	950.25	583.68	0.0017133	620.95	783.75	2.0697	0.97791	1.3898	630.44	-0.002558	5.7971e-05	0.082669	supercritical
651.0	953.5	584.84	0.0017099	620.73	783.77	2.0689	0.97803	1.39	631.48	-0.0027547	5.8094e-05	0.082788	supercritical
651.0	956.75	585.99	0.0017065	620.51	783.78	2.0681	0.97816	1.3901	632.51	-0.0029501	5.8218e-05	0.082907	supercritical
651.0	960.0	587.15	0.0017032	620.29	783.79	2.0672	0.97828	1.3902	633.55	-0.0031442	5.8341e-05	0.083025	supercritical
651.0	963.25	588.3	0.0016998	620.07	783.81	2.0664	0.97841	1.3903	634.58	-0.003337	5.8464e-05	0.083143	supercritical
651.0	966.5	589.44	0.0016965	619.85	783.82	2.0656	0.97853	1.3904	635.62	-0.0035285	5.8587e-05	0.083261	supercritical
651.0	969.75	590.58	0.0016932	619.64	783.84	2.0648	0.97866	1.3905	636.65	-0.0037187	5.871e-05	0.083378	supercritical
651.0	973.0	591.72	0.00169	619.42	783.86	2.0639	0.97878	1.3906	637.68	-0.0039077	5.8833e-05	0.083496	supercritical
651.0	976.25	592.85	0.0016868	619.21	783.88	2.0631	0.97891	1.3907	638.71	-0.0040954	5.8956e-05	0.083613	supercritical
651.0	979.5	593.98	0.0016836	618.99	783.89	2.0623	0.97903	1.3908	639.74	-0.0042819	5.9079e-05	0.08373	supercritical
651.0	982.75	595.11	0.0016804	618.78	783.91	2.0615	0.97915	1.3909	640.77	-0.0044671	5.9202e-05	0.083847	supercritical
651.0	986.0	596.23	0.0016772	618.56	783.93	2.0607	0.97928	1.391	641.8	-0.0046511	5.9325e-05	0.083964	supercritical
651.0	989.25	597.35	0.0016741	618.35	783.96	2.0599	0.9794	1.3911	642.83	-0.0048339	5.9448e-05	0.08408	supercritical
651.0	992.5	598.47	0.0016709	618.14	783.98	2.0591	0.97952	1.3912	643.86	-0.0050155	5.957e-05	0.084196	supercritical
651.0	995.75	599.58	0.0016678	617.93	784.0	2.0583	0.97965	1.3913	644.88	-0.0051958	5.9693e-05	0.084313	supercritical
651.0	999.0	600.69	0.0016648	617.72	784.03	2.0575	0.97977	1.3914	645.91	-0.005375	5.9816e-05	0.084428	supercritical
651.0	1002.2	601.79	0.0016617	617.51	784.05	2.0567	0.97989	1.3915	646.93	-0.0055531	5.9939e-05	0.084544	supercritical
651.0	1005.5	602.89	0.0016587	617.3	784.08	2.0559	0.98001	1.3916	647.95	-0.0057299	6.0061e-05	0.08466	supercritical
651.0	1008.8	603.99	0.0016557	617.09	784.1	2.0551	0.98014	1.3917	648.97	-0.0059056	6.0184e-05	0.084775	supercritical
651.0	1012.0	605.08	0.0016527	616.88	784.13	2.0543	0.98026	1.3918	650.0	-0.0060802	6.0307e-05	0.08489	supercritical
651.0	1015.2	606.17	0.0016497	616.67	784.16	2.0536	0.98038	1.3918	651.02	-0.0062536	6.0429e-05	0.085005	supercritical
651.0	1018.5	607.26	0.0016467	616.46	784.19	2.0528	0.9805	1.3919	652.04	-0.0064259	6.0552e-05	0.08512	supercritical
651.0	1021.8	608.34	0.0016438	616.26	784.21	2.052	0.98062	1.392	653.05	-0.0065971	6.0674e-05	0.085235	supercritical
651.0	1025.0	609.42	0.0016409	616.05	784.25	2.0512	0.98075	1.3921	654.07	-0.0067672	6.0797e-05	0.085349	supercritical
651.0	1028.2	610.5	0.001638	615.85	784.28	2.0505	0.98087	1.3922	655.09	-0.0069361	6.0919e-05	0.085464	supercritical
651.0	1031.5	611.57	0.0016351	615.64	784.31	2.0497	0.98099	1.3922	656.1	-0.007104	6.1041e-05	0.085578	supercritical
651.0	1034.8	612.64	0.0016323	615.44	784.34	2.0489	0.98111	1.3923	657.12	-0.0072708	6.1164e-05	0.085692	supercritical
651.0	1038.0	613.71	0.0016294	615.24	784.37	2.0482	0.98123	1.3924	658.13	-0.0074366	6.1286e-05	0.085805	supercritical
651.0	1041.2	614.77	0.0016266	615.04	784.41	2.0474	0.98135	1.3925	659.15	-0.0076012	6.1408e-05	0.085919	supercritical
651.0	1044.5	615.83	0.0016238	614.83	784.44	2.0466	0.98147	1.3926	660.16	-0.0077648	6.1531e-05	0.086033	supercritical
651.0	1047.8	616.89	0.001621	614.63	784.48	2.0459	0.9816	1.3926	661.17	-0.0079274	6.1653e-05	0.086146	supercritical
651.0	1051.0	617.94	0.0016183	614.43	784.51	2.0451	0.98172	1.3927	662.18	-0.0080889	6.1775e-05	0.086259	supercritical
651.0	1054.2	618.99	0.0016155	614.23	784.55	2.0444	0.98184	1.3928	663.19	-0.0082494	6.1897e-05	0.086372	supercritical
651.0	1057.5	620.04	0.0016128	614.03	784.59	2.0436	0.98196	1.3928	664.2	-0.0084089	6.2019e-05	0.086485	supercritical
651.0	1060.8	621.08	0.0016101	613.84	784.63	2.0429	0.98208	1.3929	665.2	-0.0085674	6.2141e-05	0.086597	supercritical
651.0	1064.0	622.12	0.0016074	613.64	784.67	2.0422	0.9822	1.393	666.21	-0.0087249	6.2263e-05	0.08671	supercritical
651.0	1067.2	623.16	0.0016047	613.44	784.71	2.0414	0.98232	1.393	667.21	-0.0088813	6.2385e-05	0.086822	supercritical
651.0	1070.5	624.19	0.0016021	613.25	784.75	2.0407	0.98244	1.3931	668.22	-0.0090368	6.2507e-05	0.086934	supercritical
651.0	1073.8	625.22	0.0015994	613.05	784.79	2.0399	0.98256	1.3932	669.22	-0.0091913	6.2629e-05	0.087046	supercritical
651.0	1077.0	626.25	0.0015968	612.85	784.83	2.0392	0.98268	1.3932	670.23	-0.0093449	6.275e-05	0.087158	supercritical
651.0	1080.2	627.27	0.0015942	612.66	784.87	2.0385	0.9828	1.3933	671.23	-0.0094975	6.2872e-05	0.08727	supercritical
651.0	1083.5	628.3	0.0015916	612.47	784.92	2.0377	0.98292	1.3934	672.23	-0.0096491	6.2994e-05	0.087381	supercritical
651.0	1086.8	629.31	0.001589	612.27	784.96	2.037	0.98304	1.3934	673.23	-0.0097998	6.3115e-05	0.087493	supercritical
651.0	1090.0	630.33	0.0015865	612.08	785.0	2.0363	0.98316	1.3935	674.23	-0.0099495	6.3237e-05	0.087604	supercritical
651.0	1093.2	631.34	0.0015839	611.89	785.05	2.0356	0.98328	1.3935	675.22	-0.010098	6.3358e-05	0.087715	supercritical
651.0	1096.5	632.35	0.0015814	611.7	785.1	2.0349	0.98339	1.3936	676.22	-0.010246	6.348e-05	0.087826	supercritical
651.0	1099.8	633.35	0.0015789	611.5	785.14	2.0341	0.98351	1.3936	677.22	-0.010393	6.3601e-05	0.087937	supercritical
651.0	1103.0	634.36	0.0015764	611.31	785.19	2.0334	0.98363	1.3937	678.21	-0.010539	6.3723e-05	0.088047	supercritical
651.0	1106.2	635.36	0.0015739	611.12	785.24	2.0327	0.98375	1.3938	679.21	-0.010684	6.3844e-05	0.088158	supercritical
651.0	1109.5	636.35	0.0015715	610.93	785.29	2.032	0.98387	1.3938	680.2	-0.010829	6.3965e-05	0.088268	supercritical
651.0	1112.8	637.35	0.001569	610.75	785.34	2.0313	0.98399	1.3939	681.19	-0.010972	6.4087e-05	0.088378	supercritical
651.0	1116.0	638.34	0.0015666	610.56	785.39	2.0306	0.98411	1.3939	682.18	-0.011115	6.4208e-05	0.088488	supercritical
651.0	1119.2	639.33	0.0015641	610.37	785.44	2.0299	0.98423	1.394	683.17	-0.011256	6.4329e-05	0.088598	supercritical
651.0	1122.5	640.31	0.0015617	610.18	785.49	2.0292	0.98435	1.394	684.16	-0.011397	6.445e-05	0.088708	supercritical
651.0	1125.8	641.29	0.0015594	610.0	785.54	2.0285	0.98446	1.3941	685.15	-0.011537	6.4571e-05	0.088817	supercritical
651.0	1129.0	642.27	0.001557	609.81	785.59	2.0278	0.98458	1.3941	686.14	-0.011676	6.4692e-05	0.088927	supercritical
651.0	1132.2	643.25	0.0015546	609.63	785.65	2.0271	0.9847	1.3942	687.12	-0.011814	6.4813e-05	0.089036	supercritical
651.0	1135.5	644.22	0.0015523	609.44	785.7	2.0264	0.98482	1.3942	688.11	-0.011952	6.4934e-05	0.089145	supercritical
651.0	1138.8	645.19	0.0015499	609.26	785.75	2.0257	0.98494	1.3942	689.09	-0.012088	6.5055e-05	0.089254	supercritical
651.0	1142.0	646.16	0.0015476	609.07	785.81	2.025	0.98505	1.3943	690.08	-0.012224	6.5176e-05	0.089363	supercritical
651.0	1145.2	647.12	0.0015453	608.89	785.87	2.0243	0.98517	1.3943	691.06	-0.012359	6.5296e-05	0.089472	supercritical
651.0	1148.5	648.08	0.001543	608.71	785.92	2.0236	0.98529	1.3944	692.04	-0.012493	6.5417e-05	0.089581	supercritical
651.0	1151.8	649.04	0.0015407	608.53	785.98	2.023	0.98541	1.3944	693.02	-0.012627	6.5538e-05	0.089689	supercritical
651.0	1155.0	650.0	0.0015385	608.34	786.04	2.0223	0.98552	1.3945	694.0	-0.012759	6.5658e-05	0.089798	supercritical
651.0	1158.2	650.95	0.0015362	608.16	786.09	2.0216	0.98564	1.3945	694.98	-0.012891	6.5779e-05	0.089906	supercritical
651.0	1161.5	651.9	0.001534	607.98	786.15	2.0209	0.98576	1.3945	695.96	-0.013022	6.5899e-05	0.090014	supercritical
651.0	1164.8	652.85	0.0015317	607.8	786.21	2.0203	0.98588	1.3946	696.94	-0.013152	6.602e-05	0.090122	supercritical
651.0	1168.0	653.8	0.0015295	607.62	786.27	2.0196	0.98599	1.3946	697.91	-0.013282	6.614e-05	0.09023	supercritical
651.0	1171.2	654.74	0.0015273	607.44	786.33	2.0189	0.98611	1.3946	698.89	-0.01341	6.626e-05	0.090338	supercritical
651.0	1174.5	655.68	0.0015251	607.27	786.39	2.0182	0.98623	1.3947	699.86	-0.013538	6.638e-05	0.090446	supercritical
651.0	1177.8	656.62	0.001523	607.09	786.46	2.0176	0.98634	1.3947	700.83	-0.013665	6.6501e-05	0.090553	supercritical
651.0	1181.0	657.55	0.0015208	606.91	786.52	2.0169	0.98646	1.3948	701.81	-0.013792	6.6621e-05	0.09066	supercritical
651.0	1184.2	658.48	0.0015186	606.73	786.58	2.0163	0.98658	1.3948	702.78	-0.013918	6.6741e-05	0.090768	supercritical
651.0	1187.5	659.41	0.0015165	606.56	786.64	2.0156	0.98669	1.3948	703.75	-0.014043	6.6861e-05	0.090875	supercritical
651.0	1190.8	660.34	0.0015144	606.38	786.71	2.0149	0.98681	1.3949	704.72	-0.014167	6.6981e-05	0.090982	supercritical
651.0	1194.0	661.26	0.0015123	606.21	786.77	2.0143	0.98693	1.3949	705.69	-0.01429	6.7101e-05	0.091089	supercritical
651.0	1197.2	662.18	0.0015102	606.03	786.84	2.0136	0.98704	1.3949	706.65	-0.014413	6.7221e-05	0.091196	supercritical
651.0	1200.5	663.1	0.0015081	605.86	786.9	2.013	0.98716	1.3949	707.62	-0.014535	6.7341e-05	0.091302	supercritical
651.0	1203.8	664.02	0.001506	605.69	786.97	2.0123	0.98728	1.395	708.59	-0.014657	6.746e-05	0.091409	supercritical
651.0	1207.0	664.93	0.0015039	605.51	787.04	2.0117	0.98739	1.395	709.55	-0.014777	6.758e-05	0.091515	supercritical
651.0	1210.2	665.84	0.0015019	605.34	787.1	2.011	0.98751	1.395	710.52	-0.014897	6.77e-05	0.091622	supercritical
651.0	1213.5	666.75	0.0014998	605.17	787.17	2.0104	0.98763	1.3951	711.48	-0.015017	6.7819e-05	0.091728	supercritical
651.0	1216.8	667.65	0.0014978	605.0	787.24	2.0097	0.98774	1.3951	712.44	-0.015135	6.7939e-05	0.091834	supercritical
651.0	1220.0	668.56	0.0014958	604.83	787.31	2.0091	0.98786	1.3951	713.4	-0.015253	6.8058e-05	0.09194	supercritical
651.0	1223.2	669.46	0.0014937	604.66	787.38	2.0085	0.98797	1.3951	714.36	-0.01537	6.8178e-05	0.092046	supercritical
651.0	1226.5	670.36	0.0014917	604.49	787.45	2.0078	0.98809	1.3952	715.32	-0.015487	6.8297e-05	0.092152	supercritical
651.0	1229.8	671.25	0.0014898	604.32	787.52	2.0072	0.9882	1.3952	716.28	-0.015603	6.8416e-05	0.092257	supercritical
651.0	1233.0	672.14	0.0014878	604.15	787.59	2.0065	0.98832	1.3952	717.24	-0.015718	6.8536e-05	0.092363	supercritical
651.0	1236.2	673.03	0.0014858	603.98	787.66	2.0059	0.98844	1.3952	718.19	-0.015833	6.8655e-05	0.092468	supercritical
651.0	1239.5	673.92	0.0014838	603.81	787.73	2.0053	0.98855	1.3953	719.15	-0.015947	6.8774e-05	0.092574	supercritical
651.0	1242.8	674.81	0.0014819	603.64	787.81	2.0047	0.98867	1.3953	720.1	-0.01606	6.8893e-05	0.092679	supercritical
651.0	1246.0	675.69	0.00148	603.47	787.88	2.004	0.98878	1.3953	721.06	-0.016173	6.9012e-05	0.092784	supercritical
651.0	1249.2	676.57	0.001478	603.31	787.95	2.0034	0.9889	1.3953	722.01	-0.016285	6.9131e-05	0.092889	supercritical
651.0	1252.5	677.45	0.0014761	603.14	788.03	2.0028	0.98901	1.3954	722.96	-0.016396	6.925e-05	0.092994	supercritical
651.0	1255.8	678.33	0.0014742	602.98	788.1	2.0022	0.98913	1.3954	723.91	-0.016507	6.9369e-05	0.093099	supercritical
651.0	1259.0	679.2	0.0014723	602.81	788.18	2.0015	0.98924	1.3954	724.86	-0.016617	6.9488e-05	0.093204	supercritical
651.0	1262.2	680.07	0.0014704	602.65	788.25	2.0009	0.98936	1.3954	725.81	-0.016727	6.9606e-05	0.093309	supercritical
651.0	1265.5	680.94	0.0014686	602.48	788.33	2.0003	0.98947	1.3954	726.76	-0.016836	6.9725e-05	0.093413	supercritical
651.0	1268.8	681.81	0.0014667	602.32	788.4	1.9997	0.98959	1.3954	727.7	-0.016944	6.9844e-05	0.093518	supercritical
651.0	1272.0	682.67	0.0014648	602.15	788.48	1.9991	0.9897	1.3955	728.65	-0.017052	6.9962e-05	0.093622	supercritical
651.0	1275.2	683.53	0.001463	601.99	788.56	1.9985	0.98982	1.3955	729.6	-0.017159	7.0081e-05	0.093726	supercritical
651.0	1278.5	684.39	0.0014611	601.83	788.64	1.9979	0.98993	1.3955	730.54	-0.017266	7.0199e-05	0.09383	supercritical
651.0	1281.8	685.25	0.0014593	601.67	788.72	1.9972	0.99005	1.3955	731.48	-0.017372	7.0318e-05	0.093934	supercritical
651.0	1285.0	686.11	0.0014575	601.51	788.79	1.9966	0.99016	1.3955	732.43	-0.017477	7.0436e-05	0.094038	supercritical
651.0	1288.2	686.96	0.0014557	601.34	788.87	1.996	0.99028	1.3955	733.37	-0.017582	7.0554e-05	0.094142	supercritical
651.0	1291.5	687.81	0.0014539	601.18	788.95	1.9954	0.99039	1.3956	734.31	-0.017687	7.0673e-05	0.094246	supercritical
651.0	1294.8	688.66	0.0014521	601.02	789.03	1.9948	0.9905	1.3956	735.25	-0.01779	7.0791e-05	0.09435	supercritical
651.0	1298.0	689.5	0.0014503	600.86	789.12	1.9942	0.99062	1.3956	736.19	-0.017893	7.0909e-05	0.094453	supercritical
651.0	1301.2	690.35	0.0014485	600.7	789.2	1.9936	0.99073	1.3956	737.12	-0.017996	7.1027e-05	0.094557	supercritical
651.0	1304.5	691.19	0.0014468	600.55	789.28	1.993	0.99085	1.3956	738.06	-0.018098	7.1145e-05	0.09466	supercritical
651.0	1307.8	692.03	0.001445	600.39	789.36	1.9924	0.99096	1.3956	739.0	-0.018199	7.1263e-05	0.094764	supercritical
651.0	1311.0	692.86	0.0014433	600.23	789.44	1.9918	0.99108	1.3956	739.93	-0.0183	7.1381e-05	0.094867	supercritical
651.0	1314.2	693.7	0.0014415	600.07	789.53	1.9913	0.99119	1.3956	740.87	-0.018401	7.1498e-05	0.09497	supercritical
651.0	1317.5	694.53	0.0014398	599.91	789.61	1.9907	0.9913	1.3957	741.8	-0.018501	7.1616e-05	0.095073	supercritical
651.0	1320.8	695.36	0.0014381	599.76	789.69	1.9901	0.99142	1.3957	742.73	-0.0186	7.1734e-05	0.095176	supercritical
651.0	1324.0	696.19	0.0014364	599.6	789.78	1.9895	0.99153	1.3957	743.66	-0.018699	7.1852e-05	0.095279	supercritical
651.0	1327.2	697.02	0.0014347	599.45	789.86	1.9889	0.99165	1.3957	744.59	-0.018797	7.1969e-05	0.095382	supercritical
651.0	1330.5	697.84	0.001433	599.29	789.95	1.9883	0.99176	1.3957	745.52	-0.018894	7.2087e-05	0.095485	supercritical
651.0	1333.8	698.66	0.0014313	599.14	790.04	1.9877	0.99187	1.3957	746.45	-0.018992	7.2204e-05	0.095588	supercritical
651.0	1337.0	699.48	0.0014296	598.98	790.12	1.9871	0.99199	1.3957	747.38	-0.019088	7.2322e-05	0.09569	supercritical
651.0	1340.2	700.3	0.001428	598.83	790.21	1.9866	0.9921	1.3957	748.31	-0.019184	7.2439e-05	0.095793	supercritical
651.0	1343.5	701.12	0.0014263	598.67	790.3	1.986	0.99221	1.3957	749.23	-0.01928	7.2556e-05	0.095895	supercritical
651.0	1346.8	701.93	0.0014246	598.52	790.38	1.9854	0.99233	1.3957	750.16	-0.019375	7.2673e-05	0.095997	supercritical
651.0	1350.0	702.74	0.001423	598.37	790.47	1.9848	0.99244	1.3957	751.08	-0.01947	7.2791e-05	0.0961	supercritical
651.0	1353.2	703.55	0.0014214	598.21	790.56	1.9843	0.99255	1.3957	752.0	-0.019564	7.2908e-05	0.096202	supercritical
651.0	1356.5	704.36	0.0014197	598.06	790.65	1.9837	0.99267	1.3957	752.92	-0.019657	7.3025e-05	0.096304	supercritical
651.0	1359.8	705.16	0.0014181	597.91	790.74	1.9831	0.99278	1.3958	753.85	-0.01975	7.3142e-05	0.096406	supercritical
651.0	1363.0	705.96	0.0014165	597.76	790.83	1.9825	0.99289	1.3958	754.77	-0.019843	7.3259e-05	0.096508	supercritical
651.0	1366.2	706.77	0.0014149	597.61	790.92	1.982	0.99301	1.3958	755.69	-0.019935	7.3376e-05	0.09661	supercritical
651.0	1369.5	707.56	0.0014133	597.46	791.01	1.9814	0.99312	1.3958	756.6	-0.020027	7.3492e-05	0.096712	supercritical
651.0	1372.8	708.36	0.0014117	597.31	791.1	1.9808	0.99323	1.3958	757.52	-0.020118	7.3609e-05	0.096814	supercritical
651.0	1376.0	709.16	0.0014101	597.16	791.19	1.9803	0.99335	1.3958	758.44	-0.020209	7.3726e-05	0.096915	supercritical
651.0	1379.2	709.95	0.0014086	597.01	791.28	1.9797	0.99346	1.3958	759.35	-0.020299	7.3842e-05	0.097017	supercritical
651.0	1382.5	710.74	0.001407	596.86	791.38	1.9792	0.99357	1.3958	760.27	-0.020388	7.3959e-05	0.097118	supercritical
651.0	1385.8	711.53	0.0014054	596.71	791.47	1.9786	0.99368	1.3958	761.18	-0.020478	7.4076e-05	0.09722	supercritical
651.0	1389.0	712.32	0.0014039	596.56	791.56	1.978	0.9938	1.3958	762.09	-0.020566	7.4192e-05	0.097321	supercritical
651.0	1392.2	713.1	0.0014023	596.42	791.66	1.9775	0.99391	1.3958	763.01	-0.020655	7.4308e-05	0.097423	supercritical
651.0	1395.5	713.88	0.0014008	596.27	791.75	1.9769	0.99402	1.3958	763.92	-0.020742	7.4425e-05	0.097524	supercritical
651.0	1398.8	714.66	0.0013993	596.12	791.84	1.9764	0.99413	1.3958	764.83	-0.02083	7.4541e-05	0.097625	supercritical
651.0	1402.0	715.44	0.0013977	595.98	791.94	1.9758	0.99425	1.3958	765.74	-0.020917	7.4657e-05	0.097726	supercritical
651.0	1405.2	716.22	0.0013962	595.83	792.03	1.9753	0.99436	1.3958	766.64	-0.021003	7.4773e-05	0.097827	supercritical
651.0	1408.5	717.0	0.0013947	595.68	792.13	1.9747	0.99447	1.3958	767.55	-0.021089	7.489e-05	0.097928	supercritical
651.0	1411.8	717.77	0.0013932	595.54	792.22	1.9742	0.99458	1.3958	768.46	-0.021175	7.5006e-05	0.098029	supercritical
651.0	1415.0	718.54	0.0013917	595.39	792.32	1.9736	0.9947	1.3958	769.36	-0.02126	7.5122e-05	0.09813	supercritical
651.0	1418.2	719.31	0.0013902	595.25	792.42	1.9731	0.99481	1.3958	770.27	-0.021344	7.5238e-05	0.098231	supercritical
651.0	1421.5	720.08	0.0013887	595.11	792.51	1.9725	0.99492	1.3958	771.17	-0.021429	7.5353e-05	0.098332	supercritical
651.0	1424.8	720.84	0.0013873	594.96	792.61	1.972	0.99503	1.3958	772.07	-0.021512	7.5469e-05	0.098432	supercritical
651.0	1428.0	721.61	0.0013858	594.82	792.71	1.9715	0.99515	1.3958	772.98	-0.021596	7.5585e-05	0.098533	supercritical
651.0	1431.2	722.37	0.0013843	594.68	792.81	1.9709	0.99526	1.3958	773.88	-0.021679	7.5701e-05	0.098634	supercritical
651.0	1434.5	723.13	0.0013829	594.53	792.91	1.9704	0.99537	1.3958	774.78	-0.021761	7.5816e-05	0.098734	supercritical
651.0	1437.8	723.89	0.0013814	594.39	793.01	1.9698	0.99548	1.3958	775.68	-0.021843	7.5932e-05	0.098835	supercritical
651.0	1441.0	724.64	0.00138	594.25	793.1	1.9693	0.99559	1.3958	776.57	-0.021925	7.6048e-05	0.098935	supercritical
651.0	1444.2	725.4	0.0013786	594.11	793.2	1.9688	0.99571	1.3958	777.47	-0.022006	7.6163e-05	0.099035	supercritical
651.0	1447.5	726.15	0.0013771	593.97	793.3	1.9682	0.99582	1.3958	778.37	-0.022087	7.6278e-05	0.099135	supercritical
651.0	1450.8	726.9	0.0013757	593.83	793.4	1.9677	0.99593	1.3958	779.26	-0.022167	7.6394e-05	0.099236	supercritical
651.0	1454.0	727.65	0.0013743	593.68	793.51	1.9672	0.99604	1.3958	780.16	-0.022247	7.6509e-05	0.099336	supercritical
651.0	1457.2	728.4	0.0013729	593.54	793.61	1.9666	0.99615	1.3958	781.05	-0.022327	7.6624e-05	0.099436	supercritical
651.0	1460.5	729.15	0.0013715	593.41	793.71	1.9661	0.99627	1.3958	781.94	-0.022406	7.6739e-05	0.099536	supercritical
651.0	1463.8	729.89	0.0013701	593.27	793.81	1.9656	0.99638	1.3958	782.83	-0.022485	7.6855e-05	0.099636	supercritical
651.0	1467.0	730.63	0.0013687	593.13	793.91	1.965	0.99649	1.3958	783.72	-0.022563	7.697e-05	0.099736	supercritical
651.0	1470.2	731.37	0.0013673	592.99	794.01	1.9645	0.9966	1.3958	784.61	-0.022641	7.7085e-05	0.099836	supercritical
651.0	1473.5	732.11	0.0013659	592.85	794.12	1.964	0.99671	1.3958	785.5	-0.022719	7.72e-05	0.099936	supercritical
651.0	1476.8	732.85	0.0013645	592.71	794.22	1.9635	0.99682	1.3958	786.39	-0.022796	7.7315e-05	0.10004	supercritical
651.0	1480.0	733.58	0.0013632	592.57	794.32	1.963	0.99693	1.3958	787.28	-0.022872	7.7429e-05	0.10013	supercritical
651.0	1483.2	734.31	0.0013618	592.44	794.43	1.9624	0.99705	1.3957	788.16	-0.022949	7.7544e-05	0.10023	supercritical
651.0	1486.5	735.05	0.0013605	592.3	794.53	1.9619	0.99716	1.3957	789.05	-0.023025	7.7659e-05	0.10033	supercritical
651.0	1489.8	735.78	0.0013591	592.16	794.64	1.9614	0.99727	1.3957	789.93	-0.0231	7.7774e-05	0.10043	supercritical
651.0	1493.0	736.5	0.0013578	592.03	794.74	1.9609	0.99738	1.3957	790.82	-0.023175	7.7888e-05	0.10053	supercritical
651.0	1496.2	737.23	0.0013564	591.89	794.85	1.9604	0.99749	1.3957	791.7	-0.02325	7.8003e-05	0.10063	supercritical
651.0	1499.5	737.96	0.0013551	591.76	794.95	1.9598	0.9976	1.3957	792.58	-0.023325	7.8117e-05	0.10073	supercritical
651.0	1502.8	738.68	0.0013538	591.62	795.06	1.9593	0.99771	1.3957	793.46	-0.023399	7.8232e-05	0.10083	supercritical
651.0	1506.0	739.4	0.0013524	591.49	795.17	1.9588	0.99782	1.3957	794.34	-0.023472	7.8346e-05	0.10093	supercritical
651.0	1509.2	740.12	0.0013511	591.35	795.27	1.9583	0.99794	1.3957	795.22	-0.023546	7.846e-05	0.10103	supercritical
651.0	1512.5	740.84	0.0013498	591.22	795.38	1.9578	0.99805	1.3957	796.1	-0.023619	7.8575e-05	0.10113	supercritical
651.0	1515.8	741.55	0.0013485	591.08	795.49	1.9573	0.99816	1.3957	796.97	-0.023691	7.8689e-05	0.10123	supercritical
651.0	1519.0	742.27	0.0013472	590.95	795.59	1.9568	0.99827	1.3957	797.85	-0.023763	7.8803e-05	0.10133	supercritical
651.0	1522.2	742.98	0.0013459	590.82	795.7	1.9563	0.99838	1.3957	798.72	-0.023835	7.8917e-05	0.10143	supercritical
651.0	1525.5	743.69	0.0013446	590.68	795.81	1.9558	0.99849	1.3957	799.6	-0.023907	7.9031e-05	0.10153	supercritical
651.0	1528.8	744.4	0.0013434	590.55	795.92	1.9553	0.9986	1.3957	800.47	-0.023978	7.9145e-05	0.10162	supercritical
651.0	1532.0	745.11	0.0013421	590.42	796.03	1.9548	0.99871	1.3957	801.34	-0.024048	7.9259e-05	0.10172	supercritical
651.0	1535.2	745.82	0.0013408	590.29	796.14	1.9543	0.99882	1.3957	802.21	-0.024119	7.9373e-05	0.10182	supercritical
651.0	1538.5	746.52	0.0013395	590.16	796.25	1.9538	0.99893	1.3957	803.08	-0.024189	7.9487e-05	0.10192	supercritical
651.0	1541.8	747.22	0.0013383	590.03	796.36	1.9533	0.99904	1.3956	803.95	-0.024258	7.9601e-05	0.10202	supercritical
651.0	1545.0	747.93	0.001337	589.9	796.47	1.9528	0.99915	1.3956	804.82	-0.024328	7.9714e-05	0.10212	supercritical
651.0	1548.2	748.63	0.0013358	589.76	796.58	1.9523	0.99926	1.3956	805.69	-0.024397	7.9828e-05	0.10222	supercritical
651.0	1551.5	749.32	0.0013345	589.63	796.69	1.9518	0.99938	1.3956	806.56	-0.024465	7.9941e-05	0.10232	supercritical
651.0	1554.8	750.02	0.0013333	589.5	796.8	1.9513	0.99949	1.3956	807.42	-0.024534	8.0055e-05	0.10241	supercritical
651.0	1558.0	750.72	0.0013321	589.38	796.91	1.9508	0.9996	1.3956	808.29	-0.024602	8.0169e-05	0.10251	supercritical
651.0	1561.2	751.41	0.0013308	589.25	797.02	1.9503	0.99971	1.3956	809.15	-0.024669	8.0282e-05	0.10261	supercritical
651.0	1564.5	752.1	0.0013296	589.12	797.13	1.9498	0.99982	1.3956	810.01	-0.024736	8.0395e-05	0.10271	supercritical
651.0	1567.8	752.79	0.0013284	588.99	797.25	1.9493	0.99993	1.3956	810.88	-0.024803	8.0509e-05	0.10281	supercritical
651.0	1571.0	753.48	0.0013272	588.86	797.36	1.9488	1.0	1.3956	811.74	-0.02487	8.0622e-05	0.10291	supercritical
651.0	1574.2	754.17	0.001326	588.73	797.47	1.9483	1.0001	1.3956	812.6	-0.024936	8.0735e-05	0.10301	supercritical
651.0	1577.5	754.86	0.0013248	588.61	797.59	1.9478	1.0003	1.3956	813.46	-0.025002	8.0848e-05	0.1031	supercritical
651.0	1580.8	755.54	0.0013236	588.48	797.7	1.9474	1.0004	1.3956	814.31	-0.025068	8.0961e-05	0.1032	supercritical
651.0	1584.0	756.22	0.0013224	588.35	797.81	1.9469	1.0005	1.3955	815.17	-0.025133	8.1074e-05	0.1033	supercritical
651.0	1587.2	756.91	0.0013212	588.22	797.93	1.9464	1.0006	1.3955	816.03	-0.025198	8.1187e-05	0.1034	supercritical
651.0	1590.5	757.59	0.00132	588.1	798.04	1.9459	1.0007	1.3955	816.88	-0.025262	8.13e-05	0.1035	supercritical
651.0	1593.8	758.26	0.0013188	587.97	798.16	1.9454	1.0008	1.3955	817.74	-0.025327	8.1413e-05	0.1036	supercritical
651.0	1597.0	758.94	0.0013176	587.85	798.27	1.9449	1.0009	1.3955	818.59	-0.025391	8.1526e-05	0.10369	supercritical
651.0	1600.2	759.62	0.0013165	587.72	798.39	1.9445	1.001	1.3955	819.44	-0.025454	8.1639e-05	0.10379	supercritical
651.0	1603.5	760.29	0.0013153	587.6	798.5	1.944	1.0011	1.3955	820.3	-0.025518	8.1752e-05	0.10389	supercritical
651.0	1606.8	760.96	0.0013141	587.47	798.62	1.9435	1.0012	1.3955	821.15	-0.025581	8.1864e-05	0.10399	supercritical
651.0	1610.0	761.63	0.001313	587.35	798.73	1.943	1.0014	1.3955	822.0	-0.025643	8.1977e-05	0.10409	supercritical
651.0	1613.2	762.3	0.0013118	587.22	798.85	1.9425	1.0015	1.3955	822.85	-0.025706	8.2089e-05	0.10418	supercritical
651.0	1616.5	762.97	0.0013107	587.1	798.97	1.9421	1.0016	1.3955	823.7	-0.025768	8.2202e-05	0.10428	supercritical
651.0	1619.8	763.64	0.0013095	586.97	799.08	1.9416	1.0017	1.3955	824.54	-0.025829	8.2314e-05	0.10438	supercritical
651.0	1623.0	764.3	0.0013084	586.85	799.2	1.9411	1.0018	1.3954	825.39	-0.025891	8.2427e-05	0.10448	supercritical
651.0	1626.2	764.97	0.0013072	586.73	799.32	1.9406	1.0019	1.3954	826.23	-0.025952	8.2539e-05	0.10458	supercritical
651.0	1629.5	765.63	0.0013061	586.61	799.44	1.9402	1.002	1.3954	827.08	-0.026013	8.2651e-05	0.10467	supercritical
651.0	1632.8	766.29	0.001305	586.48	799.55	1.9397	1.0021	1.3954	827.92	-0.026073	8.2764e-05	0.10477	supercritical
651.0	1636.0	766.95	0.0013039	586.36	799.67	1.9392	1.0022	1.3954	828.77	-0.026134	8.2876e-05	0.10487	supercritical
651.0	1639.2	767.61	0.0013027	586.24	799.79	1.9388	1.0023	1.3954	829.61	-0.026194	8.2988e-05	0.10497	supercritical
651.0	1642.5	768.26	0.0013016	586.12	799.91	1.9383	1.0025	1.3954	830.45	-0.026253	8.31e-05	0.10506	supercritical
651.0	1645.8	768.92	0.0013005	586.0	800.03	1.9378	1.0026	1.3954	831.29	-0.026313	8.3212e-05	0.10516	supercritical
651.0	1649.0	769.57	0.0012994	585.87	800.15	1.9374	1.0027	1.3954	832.13	-0.026372	8.3324e-05	0.10526	supercritical
651.0	1652.2	770.23	0.0012983	585.75	800.27	1.9369	1.0028	1.3954	832.97	-0.026431	8.3436e-05	0.10536	supercritical
651.0	1655.5	770.88	0.0012972	585.63	800.39	1.9364	1.0029	1.3954	833.8	-0.026489	8.3548e-05	0.10545	supercritical
651.0	1658.8	771.53	0.0012961	585.51	800.51	1.936	1.003	1.3954	834.64	-0.026547	8.366e-05	0.10555	supercritical
651.0	1662.0	772.18	0.001295	585.39	800.63	1.9355	1.0031	1.3953	835.48	-0.026605	8.3771e-05	0.10565	supercritical
651.0	1665.2	772.82	0.001294	585.27	800.75	1.9351	1.0032	1.3953	836.31	-0.026663	8.3883e-05	0.10575	supercritical
651.0	1668.5	773.47	0.0012929	585.16	800.87	1.9346	1.0033	1.3953	837.14	-0.02672	8.3995e-05	0.10584	supercritical
651.0	1671.8	774.11	0.0012918	585.04	800.99	1.9341	1.0034	1.3953	837.98	-0.026777	8.4106e-05	0.10594	supercritical
651.0	1675.0	774.76	0.0012907	584.92	801.11	1.9337	1.0035	1.3953	838.81	-0.026834	8.4218e-05	0.10604	supercritical
651.0	1678.2	775.4	0.0012897	584.8	801.24	1.9332	1.0037	1.3953	839.64	-0.026891	8.4329e-05	0.10614	supercritical
651.0	1681.5	776.04	0.0012886	584.68	801.36	1.9328	1.0038	1.3953	840.47	-0.026947	8.4441e-05	0.10623	supercritical
651.0	1684.8	776.68	0.0012875	584.56	801.48	1.9323	1.0039	1.3953	841.3	-0.027003	8.4552e-05	0.10633	supercritical
651.0	1688.0	777.31	0.0012865	584.45	801.6	1.9319	1.004	1.3953	842.13	-0.027058	8.4664e-05	0.10643	supercritical
651.0	1691.2	777.95	0.0012854	584.33	801.73	1.9314	1.0041	1.3953	842.95	-0.027114	8.4775e-05	0.10653	supercritical
651.0	1694.5	778.58	0.0012844	584.21	801.85	1.931	1.0042	1.3953	843.78	-0.027169	8.4886e-05	0.10662	supercritical
651.0	1697.8	779.22	0.0012833	584.09	801.97	1.9305	1.0043	1.3953	844.61	-0.027224	8.4998e-05	0.10672	supercritical
651.0	1701.0	779.85	0.0012823	583.98	802.1	1.9301	1.0044	1.3952	845.43	-0.027278	8.5109e-05	0.10682	supercritical
651.0	1704.2	780.48	0.0012813	583.86	802.22	1.9296	1.0045	1.3952	846.25	-0.027333	8.522e-05	0.10691	supercritical
651.0	1707.5	781.11	0.0012802	583.75	802.34	1.9292	1.0046	1.3952	847.08	-0.027387	8.5331e-05	0.10701	supercritical
651.0	1710.8	781.74	0.0012792	583.63	802.47	1.9287	1.0047	1.3952	847.9	-0.027441	8.5442e-05	0.10711	supercritical
651.0	1714.0	782.37	0.0012782	583.51	802.59	1.9283	1.0049	1.3952	848.72	-0.027494	8.5553e-05	0.10721	supercritical
651.0	1717.2	782.99	0.0012772	583.4	802.72	1.9278	1.005	1.3952	849.54	-0.027548	8.5664e-05	0.1073	supercritical
651.0	1720.5	783.62	0.0012761	583.28	802.84	1.9274	1.0051	1.3952	850.36	-0.027601	8.5775e-05	0.1074	supercritical
651.0	1723.8	784.24	0.0012751	583.17	802.97	1.9269	1.0052	1.3952	851.18	-0.027653	8.5885e-05	0.1075	supercritical
651.0	1727.0	784.86	0.0012741	583.05	803.09	1.9265	1.0053	1.3952	852.0	-0.027706	8.5996e-05	0.10759	supercritical
651.0	1730.2	785.48	0.0012731	582.94	803.22	1.926	1.0054	1.3952	852.81	-0.027758	8.6107e-05	0.10769	supercritical
651.0	1733.5	786.1	0.0012721	582.83	803.35	1.9256	1.0055	1.3952	853.63	-0.02781	8.6217e-05	0.10779	supercritical
651.0	1736.8	786.72	0.0012711	582.71	803.47	1.9252	1.0056	1.3951	854.44	-0.027862	8.6328e-05	0.10789	supercritical
651.0	1740.0	787.34	0.0012701	582.6	803.6	1.9247	1.0057	1.3951	855.26	-0.027913	8.6439e-05	0.10798	supercritical
651.0	1743.2	787.95	0.0012691	582.49	803.72	1.9243	1.0058	1.3951	856.07	-0.027965	8.6549e-05	0.10808	supercritical
651.0	1746.5	788.57	0.0012681	582.37	803.85	1.9238	1.0059	1.3951	856.88	-0.028016	8.666e-05	0.10818	supercritical
651.0	1749.8	789.18	0.0012671	582.26	803.98	1.9234	1.006	1.3951	857.69	-0.028067	8.677e-05	0.10827	supercritical
651.0	1753.0	789.79	0.0012662	582.15	804.11	1.923	1.0062	1.3951	858.5	-0.028117	8.688e-05	0.10837	supercritical
651.0	1756.2	790.4	0.0012652	582.04	804.23	1.9225	1.0063	1.3951	859.31	-0.028167	8.6991e-05	0.10847	supercritical
651.0	1759.5	791.01	0.0012642	581.93	804.36	1.9221	1.0064	1.3951	860.12	-0.028217	8.7101e-05	0.10856	supercritical
651.0	1762.8	791.62	0.0012632	581.81	804.49	1.9217	1.0065	1.3951	860.93	-0.028267	8.7211e-05	0.10866	supercritical
651.0	1766.0	792.23	0.0012623	581.7	804.62	1.9212	1.0066	1.3951	861.74	-0.028317	8.7321e-05	0.10876	supercritical
651.0	1769.2	792.84	0.0012613	581.59	804.75	1.9208	1.0067	1.3951	862.54	-0.028366	8.7432e-05	0.10885	supercritical
651.0	1772.5	793.44	0.0012603	581.48	804.87	1.9204	1.0068	1.3951	863.35	-0.028415	8.7542e-05	0.10895	supercritical
651.0	1775.8	794.04	0.0012594	581.37	805.0	1.9199	1.0069	1.3951	864.15	-0.028464	8.7652e-05	0.10905	supercritical
651.0	1779.0	794.65	0.0012584	581.26	805.13	1.9195	1.007	1.395	864.96	-0.028513	8.7762e-05	0.10914	supercritical
651.0	1782.2	795.25	0.0012575	581.15	805.26	1.9191	1.0071	1.395	865.76	-0.028561	8.7872e-05	0.10924	supercritical
651.0	1785.5	795.85	0.0012565	581.04	805.39	1.9186	1.0072	1.395	866.56	-0.028609	8.7982e-05	0.10934	supercritical
651.0	1788.8	796.45	0.0012556	580.93	805.52	1.9182	1.0073	1.395	867.36	-0.028657	8.8091e-05	0.10944	supercritical
651.0	1792.0	797.04	0.0012546	580.82	805.65	1.9178	1.0074	1.395	868.16	-0.028705	8.8201e-05	0.10953	supercritical
651.0	1795.2	797.64	0.0012537	580.71	805.78	1.9174	1.0076	1.395	868.96	-0.028752	8.8311e-05	0.10963	supercritical
651.0	1798.5	798.24	0.0012528	580.6	805.91	1.9169	1.0077	1.395	869.76	-0.0288	8.8421e-05	0.10973	supercritical
651.0	1801.8	798.83	0.0012518	580.49	806.04	1.9165	1.0078	1.395	870.56	-0.028847	8.853e-05	0.10982	supercritical
651.0	1805.0	799.42	0.0012509	580.39	806.17	1.9161	1.0079	1.395	871.35	-0.028893	8.864e-05	0.10992	supercritical
651.0	1808.2	800.01	0.00125	580.28	806.31	1.9157	1.008	1.395	872.15	-0.02894	8.8749e-05	0.11002	supercritical
651.0	1811.5	800.61	0.0012491	580.17	806.44	1.9152	1.0081	1.395	872.94	-0.028986	8.8859e-05	0.11011	supercritical
651.0	1814.8	801.19	0.0012481	580.06	806.57	1.9148	1.0082	1.395	873.74	-0.029032	8.8968e-05	0.11021	supercritical
651.0	1818.0	801.78	0.0012472	579.96	806.7	1.9144	1.0083	1.395	874.53	-0.029078	8.9078e-05	0.1103	supercritical
651.0	1821.2	802.37	0.0012463	579.85	806.83	1.914	1.0084	1.395	875.32	-0.029124	8.9187e-05	0.1104	supercritical
651.0	1824.5	802.96	0.0012454	579.74	806.96	1.9136	1.0085	1.3949	876.11	-0.029169	8.9297e-05	0.1105	supercritical
651.0	1827.8	803.54	0.0012445	579.63	807.1	1.9131	1.0086	1.3949	876.9	-0.029215	8.9406e-05	0.11059	supercritical
651.0	1831.0	804.13	0.0012436	579.53	807.23	1.9127	1.0087	1.3949	877.69	-0.02926	8.9515e-05	0.11069	supercritical
651.0	1834.2	804.71	0.0012427	579.42	807.36	1.9123	1.0088	1.3949	878.48	-0.029305	8.9624e-05	0.11079	supercritical
651.0	1837.5	805.29	0.0012418	579.32	807.49	1.9119	1.009	1.3949	879.27	-0.029349	8.9734e-05	0.11088	supercritical
651.0	1840.8	805.87	0.0012409	579.21	807.63	1.9115	1.0091	1.3949	880.06	-0.029394	8.9843e-05	0.11098	supercritical
651.0	1844.0	806.45	0.00124	579.1	807.76	1.9111	1.0092	1.3949	880.84	-0.029438	8.9952e-05	0.11108	supercritical
651.0	1847.2	807.03	0.0012391	579.0	807.89	1.9106	1.0093	1.3949	881.63	-0.029482	9.0061e-05	0.11117	supercritical
651.0	1850.5	807.61	0.0012382	578.89	808.03	1.9102	1.0094	1.3949	882.41	-0.029526	9.017e-05	0.11127	supercritical
651.0	1853.8	808.18	0.0012373	578.79	808.16	1.9098	1.0095	1.3949	883.2	-0.029569	9.0279e-05	0.11137	supercritical
651.0	1857.0	808.76	0.0012365	578.69	808.3	1.9094	1.0096	1.3949	883.98	-0.029613	9.0388e-05	0.11146	supercritical
651.0	1860.2	809.33	0.0012356	578.58	808.43	1.909	1.0097	1.3949	884.76	-0.029656	9.0496e-05	0.11156	supercritical
651.0	1863.5	809.91	0.0012347	578.48	808.57	1.9086	1.0098	1.3949	885.54	-0.029699	9.0605e-05	0.11166	supercritical
651.0	1866.8	810.48	0.0012338	578.37	808.7	1.9082	1.0099	1.3949	886.32	-0.029742	9.0714e-05	0.11175	supercritical
651.0	1870.0	811.05	0.001233	578.27	808.83	1.9078	1.01	1.3949	887.1	-0.029784	9.0823e-05	0.11185	supercritical
651.0	1873.2	811.62	0.0012321	578.17	808.97	1.9074	1.0101	1.3948	887.88	-0.029827	9.0931e-05	0.11195	supercritical
651.0	1876.5	812.19	0.0012312	578.06	809.11	1.907	1.0102	1.3948	888.66	-0.029869	9.104e-05	0.11204	supercritical
651.0	1879.8	812.75	0.0012304	577.96	809.24	1.9066	1.0103	1.3948	889.44	-0.029911	9.1149e-05	0.11214	supercritical
651.0	1883.0	813.32	0.0012295	577.86	809.38	1.9061	1.0105	1.3948	890.21	-0.029953	9.1257e-05	0.11223	supercritical
651.0	1886.2	813.89	0.0012287	577.75	809.51	1.9057	1.0106	1.3948	890.99	-0.029994	9.1366e-05	0.11233	supercritical
651.0	1889.5	814.45	0.0012278	577.65	809.65	1.9053	1.0107	1.3948	891.76	-0.030036	9.1474e-05	0.11243	supercritical
651.0	1892.8	815.01	0.001227	577.55	809.78	1.9049	1.0108	1.3948	892.54	-0.030077	9.1583e-05	0.11252	supercritical
651.0	1896.0	815.58	0.0012261	577.45	809.92	1.9045	1.0109	1.3948	893.31	-0.030118	9.1691e-05	0.11262	supercritical
651.0	1899.2	816.14	0.0012253	577.35	810.06	1.9041	1.011	1.3948	894.08	-0.030159	9.1799e-05	0.11272	supercritical
651.0	1902.5	816.7	0.0012244	577.24	810.19	1.9037	1.0111	1.3948	894.85	-0.030199	9.1908e-05	0.11281	supercritical
651.0	1905.8	817.26	0.0012236	577.14	810.33	1.9033	1.0112	1.3948	895.62	-0.03024	9.2016e-05	0.11291	supercritical
651.0	1909.0	817.82	0.0012228	577.04	810.47	1.9029	1.0113	1.3948	896.39	-0.03028	9.2124e-05	0.11301	supercritical
651.0	1912.2	818.37	0.0012219	576.94	810.61	1.9025	1.0114	1.3948	897.16	-0.03032	9.2232e-05	0.1131	supercritical
651.0	1915.5	818.93	0.0012211	576.84	810.74	1.9021	1.0115	1.3948	897.93	-0.03036	9.234e-05	0.1132	supercritical
651.0	1918.8	819.49	0.0012203	576.74	810.88	1.9017	1.0116	1.3948	898.69	-0.0304	9.2448e-05	0.11329	supercritical
651.0	1922.0	820.04	0.0012195	576.64	811.02	1.9013	1.0117	1.3948	899.46	-0.030439	9.2556e-05	0.11339	supercritical
651.0	1925.2	820.59	0.0012186	576.54	811.16	1.9009	1.0118	1.3948	900.23	-0.030479	9.2664e-05	0.11349	supercritical
651.0	1928.5	821.15	0.0012178	576.44	811.3	1.9005	1.0119	1.3948	900.99	-0.030518	9.2772e-05	0.11358	supercritical
651.0	1931.8	821.7	0.001217	576.34	811.43	1.9001	1.0121	1.3948	901.75	-0.030557	9.288e-05	0.11368	supercritical
651.0	1935.0	822.25	0.0012162	576.24	811.57	1.8998	1.0122	1.3947	902.52	-0.030596	9.2988e-05	0.11378	supercritical
651.0	1938.2	822.8	0.0012154	576.14	811.71	1.8994	1.0123	1.3947	903.28	-0.030634	9.3096e-05	0.11387	supercritical
651.0	1941.5	823.34	0.0012146	576.04	811.85	1.899	1.0124	1.3947	904.04	-0.030673	9.3204e-05	0.11397	supercritical
651.0	1944.8	823.89	0.0012138	575.95	811.99	1.8986	1.0125	1.3947	904.8	-0.030711	9.3312e-05	0.11407	supercritical
651.0	1948.0	824.44	0.0012129	575.85	812.13	1.8982	1.0126	1.3947	905.56	-0.030749	9.3419e-05	0.11416	supercritical
651.0	1951.2	824.98	0.0012121	575.75	812.27	1.8978	1.0127	1.3947	906.32	-0.030787	9.3527e-05	0.11426	supercritical
651.0	1954.5	825.53	0.0012113	575.65	812.41	1.8974	1.0128	1.3947	907.08	-0.030825	9.3635e-05	0.11435	supercritical
651.0	1957.8	826.07	0.0012105	575.55	812.55	1.897	1.0129	1.3947	907.83	-0.030862	9.3742e-05	0.11445	supercritical
651.0	1961.0	826.61	0.0012098	575.45	812.69	1.8966	1.013	1.3947	908.59	-0.0309	9.385e-05	0.11455	supercritical
651.0	1964.2	827.16	0.001209	575.36	812.83	1.8962	1.0131	1.3947	909.35	-0.030937	9.3957e-05	0.11464	supercritical
651.0	1967.5	827.7	0.0012082	575.26	812.97	1.8958	1.0132	1.3947	910.1	-0.030974	9.4065e-05	0.11474	supercritical
651.0	1970.8	828.24	0.0012074	575.16	813.11	1.8955	1.0133	1.3947	910.86	-0.031011	9.4172e-05	0.11484	supercritical
651.0	1974.0	828.77	0.0012066	575.07	813.25	1.8951	1.0134	1.3947	911.61	-0.031048	9.428e-05	0.11493	supercritical
651.0	1977.2	829.31	0.0012058	574.97	813.39	1.8947	1.0135	1.3947	912.36	-0.031084	9.4387e-05	0.11503	supercritical
651.0	1980.5	829.85	0.001205	574.87	813.53	1.8943	1.0136	1.3947	913.11	-0.031121	9.4494e-05	0.11512	supercritical
651.0	1983.8	830.38	0.0012043	574.78	813.67	1.8939	1.0138	1.3947	913.86	-0.031157	9.4601e-05	0.11522	supercritical
651.0	1987.0	830.92	0.0012035	574.68	813.81	1.8935	1.0139	1.3947	914.61	-0.031193	9.4709e-05	0.11532	supercritical
651.0	1990.2	831.45	0.0012027	574.59	813.95	1.8931	1.014	1.3947	915.36	-0.031229	9.4816e-05	0.11541	supercritical
651.0	1993.5	831.99	0.0012019	574.49	814.1	1.8928	1.0141	1.3947	916.11	-0.031265	9.4923e-05	0.11551	supercritical
651.0	1996.8	832.52	0.0012012	574.39	814.24	1.8924	1.0142	1.3947	916.86	-0.0313	9.503e-05	0.11561	supercritical
651.0	2000.0	833.05	0.0012004	574.3	814.38	1.892	1.0143	1.3947	917.61	-0.031336	9.5137e-05	0.1157	supercritical
