Temperature (K)	Pressure (bar)	Density (kg/m3)	Volume (m3/kg)	Internal Energy (kJ/kg)	Enthalpy (kJ/kg)	Entropy (J/g*K)	Cv (J/g*K)	Cp (J/g*K)	Sound Spd. (m/s)	Joule-Thomson (K/bar)	Viscosity (Pa*s)	Therm. Cond. (W/m*K)	Phase
600.0	56.5	50.484	0.019808	676.2	788.12	2.6322	0.89524	1.1206	372.35	0.18536	2.8595e-05	0.042812	vapor
600.0	59.75	53.419	0.01872	675.59	787.44	2.6206	0.89573	1.1232	372.52	0.18436	2.8642e-05	0.042918	vapor
600.0	63.0	56.358	0.017744	674.98	786.77	2.6096	0.89622	1.1259	372.7	0.18336	2.869e-05	0.043024	vapor
600.0	66.25	59.298	0.016864	674.38	786.1	2.5991	0.89671	1.1285	372.89	0.18235	2.8739e-05	0.043131	vapor
600.0	69.5	62.241	0.016067	673.77	785.43	2.5891	0.89719	1.1312	373.09	0.18134	2.8789e-05	0.043238	vapor
600.0	72.75	65.186	0.015341	673.16	784.77	2.5795	0.89768	1.1338	373.29	0.18033	2.8839e-05	0.043345	vapor
600.0	76.0	68.132	0.014677	672.56	784.1	2.5703	0.89816	1.1365	373.51	0.17932	2.889e-05	0.043452	vapor
600.0	76.0	68.132	0.014677	672.56	784.1	2.5703	0.89816	1.1365	373.51	0.17932	2.889e-05	0.043452	supercritical
600.0	76.0	68.132	0.014677	672.56	784.1	2.5703	0.89816	1.1365	373.51	0.17932	2.889e-05	0.043452	supercritical
600.0	79.25	71.081	0.014068	671.95	783.44	2.5614	0.89865	1.1391	373.73	0.1783	2.8941e-05	0.043559	supercritical
600.0	82.5	74.031	0.013508	671.34	782.78	2.5528	0.89913	1.1418	373.96	0.17728	2.8993e-05	0.043667	supercritical
600.0	85.75	76.983	0.01299	670.74	782.13	2.5445	0.89961	1.1445	374.2	0.17625	2.9046e-05	0.043775	supercritical
600.0	89.0	79.937	0.01251	670.13	781.47	2.5366	0.90009	1.1471	374.45	0.17522	2.9099e-05	0.043884	supercritical
600.0	92.25	82.891	0.012064	669.53	780.82	2.5288	0.90056	1.1498	374.71	0.17419	2.9154e-05	0.043993	supercritical
600.0	95.5	85.847	0.011649	668.93	780.17	2.5213	0.90103	1.1524	374.98	0.17316	2.9209e-05	0.044103	supercritical
600.0	98.75	88.804	0.011261	668.32	779.52	2.514	0.90151	1.1551	375.26	0.17212	2.9264e-05	0.044213	supercritical
600.0	102.0	91.761	0.010898	667.72	778.88	2.5069	0.90198	1.1577	375.54	0.17108	2.9321e-05	0.044323	supercritical
600.0	105.25	94.719	0.010558	667.12	778.24	2.5001	0.90245	1.1604	375.84	0.17003	2.9378e-05	0.044435	supercritical
600.0	108.5	97.678	0.010238	666.52	777.6	2.4934	0.90291	1.163	376.14	0.16899	2.9436e-05	0.044547	supercritical
600.0	111.75	100.64	0.0099367	665.92	776.96	2.4868	0.90338	1.1657	376.46	0.16794	2.9495e-05	0.044659	supercritical
600.0	115.0	103.6	0.0096529	665.32	776.32	2.4805	0.90384	1.1683	376.78	0.16688	2.9554e-05	0.044772	supercritical
600.0	118.25	106.56	0.0093848	664.72	775.69	2.4743	0.9043	1.1709	377.11	0.16582	2.9614e-05	0.044886	supercritical
600.0	121.5	109.51	0.0091312	664.12	775.06	2.4682	0.90475	1.1736	377.45	0.16476	2.9675e-05	0.045001	supercritical
600.0	124.75	112.47	0.008891	663.52	774.43	2.4623	0.90521	1.1762	377.8	0.16369	2.9737e-05	0.045117	supercritical
600.0	128.0	115.43	0.0086632	662.92	773.81	2.4565	0.90566	1.1788	378.16	0.16263	2.9799e-05	0.045233	supercritical
600.0	131.25	118.39	0.0084467	662.32	773.19	2.4508	0.90611	1.1814	378.53	0.16155	2.9863e-05	0.04535	supercritical
600.0	134.5	121.35	0.0082409	661.73	772.57	2.4453	0.90656	1.184	378.91	0.16048	2.9927e-05	0.045468	supercritical
600.0	137.75	124.3	0.0080449	661.13	771.95	2.4398	0.90701	1.1866	379.3	0.1594	2.9992e-05	0.045586	supercritical
600.0	141.0	127.26	0.0078582	660.54	771.34	2.4345	0.90745	1.1892	379.7	0.15832	3.0057e-05	0.045706	supercritical
600.0	144.25	130.21	0.0076799	659.95	770.73	2.4293	0.9079	1.1918	380.11	0.15724	3.0124e-05	0.045827	supercritical
600.0	147.5	133.16	0.0075097	659.35	770.12	2.4242	0.90833	1.1944	380.53	0.15615	3.0191e-05	0.045948	supercritical
600.0	150.75	136.11	0.0073469	658.76	769.52	2.4191	0.90877	1.1969	380.96	0.15506	3.0259e-05	0.04607	supercritical
600.0	154.0	139.06	0.0071911	658.17	768.92	2.4142	0.90921	1.1995	381.39	0.15397	3.0328e-05	0.046194	supercritical
600.0	157.25	142.01	0.0070419	657.58	768.32	2.4093	0.90964	1.202	381.84	0.15287	3.0398e-05	0.046318	supercritical
600.0	160.5	144.95	0.0068989	656.99	767.72	2.4046	0.91007	1.2046	382.3	0.15177	3.0468e-05	0.046443	supercritical
600.0	163.75	147.89	0.0067616	656.41	767.13	2.3999	0.91049	1.2071	382.77	0.15067	3.054e-05	0.046569	supercritical
600.0	167.0	150.83	0.0066298	655.82	766.54	2.3953	0.91092	1.2096	383.24	0.14957	3.0612e-05	0.046696	supercritical
600.0	170.25	153.77	0.0065032	655.24	765.95	2.3907	0.91134	1.2121	383.73	0.14847	3.0685e-05	0.046824	supercritical
600.0	173.5	156.7	0.0063814	654.65	765.37	2.3863	0.91176	1.2146	384.23	0.14736	3.0759e-05	0.046953	supercritical
600.0	176.75	159.64	0.0062643	654.07	764.79	2.3819	0.91218	1.2171	384.73	0.14626	3.0833e-05	0.047083	supercritical
600.0	180.0	162.56	0.0061514	653.49	764.21	2.3776	0.91259	1.2195	385.25	0.14515	3.0909e-05	0.047214	supercritical
600.0	183.25	165.49	0.0060427	652.91	763.64	2.3733	0.913	1.222	385.78	0.14403	3.0985e-05	0.047347	supercritical
600.0	186.5	168.41	0.0059379	652.33	763.07	2.3691	0.91341	1.2244	386.31	0.14292	3.1062e-05	0.04748	supercritical
600.0	189.75	171.33	0.0058368	651.75	762.5	2.365	0.91382	1.2269	386.86	0.14181	3.114e-05	0.047614	supercritical
600.0	193.0	174.24	0.0057392	651.17	761.94	2.3609	0.91422	1.2293	387.41	0.1407	3.1219e-05	0.047749	supercritical
600.0	196.25	177.15	0.0056449	650.59	761.38	2.3569	0.91462	1.2317	387.98	0.13958	3.1299e-05	0.047885	supercritical
600.0	199.5	180.06	0.0055538	650.02	760.82	2.3529	0.91502	1.2341	388.56	0.13846	3.138e-05	0.048022	supercritical
600.0	202.75	182.96	0.0054658	649.45	760.27	2.349	0.91541	1.2364	389.14	0.13735	3.1461e-05	0.04816	supercritical
600.0	206.0	185.85	0.0053806	648.88	759.72	2.3452	0.91581	1.2388	389.74	0.13623	3.1543e-05	0.0483	supercritical
600.0	209.25	188.74	0.0052982	648.3	759.17	2.3413	0.9162	1.2411	390.34	0.13512	3.1626e-05	0.04844	supercritical
600.0	212.5	191.63	0.0052183	647.74	758.63	2.3376	0.91658	1.2434	390.96	0.134	3.171e-05	0.048581	supercritical
600.0	215.75	194.51	0.005141	647.17	758.09	2.3339	0.91697	1.2457	391.59	0.13288	3.1795e-05	0.048723	supercritical
600.0	219.0	197.39	0.0050661	646.6	757.55	2.3302	0.91735	1.248	392.22	0.13177	3.188e-05	0.048866	supercritical
600.0	222.25	200.26	0.0049935	646.04	757.02	2.3266	0.91773	1.2503	392.87	0.13065	3.1967e-05	0.04901	supercritical
600.0	225.5	203.13	0.004923	645.47	756.49	2.3231	0.91811	1.2525	393.52	0.12954	3.2054e-05	0.049156	supercritical
600.0	228.75	205.99	0.0048547	644.91	755.96	2.3195	0.91848	1.2548	394.19	0.12842	3.2142e-05	0.049302	supercritical
600.0	232.0	208.84	0.0047883	644.35	755.44	2.316	0.91885	1.257	394.86	0.12731	3.223e-05	0.049449	supercritical
600.0	235.25	211.69	0.0047239	643.79	754.92	2.3126	0.91922	1.2592	395.55	0.1262	3.232e-05	0.049597	supercritical
600.0	238.5	214.53	0.0046613	643.24	754.41	2.3092	0.91959	1.2614	396.24	0.12509	3.2411e-05	0.049746	supercritical
600.0	241.75	217.37	0.0046005	642.68	753.9	2.3058	0.91995	1.2635	396.94	0.12398	3.2502e-05	0.049895	supercritical
600.0	245.0	220.2	0.0045413	642.13	753.39	2.3025	0.92031	1.2657	397.66	0.12288	3.2594e-05	0.050046	supercritical
600.0	248.25	223.02	0.0044838	641.57	752.89	2.2992	0.92067	1.2678	398.38	0.12178	3.2687e-05	0.050198	supercritical
600.0	251.5	225.84	0.0044279	641.02	752.39	2.296	0.92102	1.2699	399.11	0.12068	3.278e-05	0.05035	supercritical
600.0	254.75	228.65	0.0043735	640.47	751.89	2.2928	0.92137	1.272	399.85	0.11958	3.2875e-05	0.050504	supercritical
600.0	258.0	231.45	0.0043206	639.93	751.4	2.2896	0.92172	1.2741	400.6	0.11848	3.297e-05	0.050658	supercritical
600.0	261.25	234.25	0.004269	639.38	750.91	2.2865	0.92207	1.2761	401.36	0.11739	3.3066e-05	0.050813	supercritical
600.0	264.5	237.04	0.0042188	638.84	750.42	2.2834	0.92242	1.2781	402.13	0.1163	3.3163e-05	0.050969	supercritical
600.0	267.75	239.82	0.0041698	638.29	749.94	2.2803	0.92276	1.2801	402.91	0.11521	3.3261e-05	0.051126	supercritical
600.0	271.0	242.59	0.0041222	637.75	749.46	2.2772	0.9231	1.2821	403.69	0.11413	3.3359e-05	0.051283	supercritical
600.0	274.25	245.36	0.0040757	637.22	748.99	2.2742	0.92343	1.2841	404.49	0.11305	3.3458e-05	0.051442	supercritical
600.0	277.5	248.12	0.0040304	636.68	748.52	2.2713	0.92377	1.286	405.29	0.11197	3.3558e-05	0.051601	supercritical
600.0	280.75	250.87	0.0039862	636.14	748.06	2.2683	0.9241	1.288	406.11	0.1109	3.3659e-05	0.05176	supercritical
600.0	284.0	253.61	0.0039431	635.61	747.59	2.2654	0.92443	1.2899	406.93	0.10983	3.376e-05	0.051921	supercritical
600.0	287.25	256.34	0.003901	635.08	747.13	2.2625	0.92475	1.2918	407.76	0.10877	3.3862e-05	0.052082	supercritical
600.0	290.5	259.07	0.00386	634.55	746.68	2.2596	0.92508	1.2936	408.6	0.10771	3.3965e-05	0.052244	supercritical
600.0	293.75	261.79	0.0038199	634.02	746.23	2.2568	0.9254	1.2955	409.45	0.10665	3.4069e-05	0.052407	supercritical
600.0	297.0	264.5	0.0037808	633.49	745.78	2.254	0.92572	1.2973	410.3	0.1056	3.4173e-05	0.05257	supercritical
600.0	300.25	267.2	0.0037425	632.97	745.34	2.2512	0.92603	1.2991	411.16	0.10455	3.4278e-05	0.052734	supercritical
600.0	303.5	269.89	0.0037052	632.45	744.9	2.2485	0.92635	1.3009	412.04	0.10351	3.4384e-05	0.052898	supercritical
600.0	306.75	272.57	0.0036687	631.93	744.46	2.2458	0.92666	1.3027	412.92	0.10248	3.449e-05	0.053063	supercritical
600.0	310.0	275.25	0.0036331	631.41	744.03	2.2431	0.92697	1.3044	413.8	0.10144	3.4598e-05	0.053229	supercritical
600.0	313.25	277.92	0.0035982	630.89	743.6	2.2404	0.92727	1.3061	414.7	0.10042	3.4706e-05	0.053395	supercritical
600.0	316.5	280.57	0.0035641	630.37	743.18	2.2377	0.92758	1.3078	415.6	0.099396	3.4814e-05	0.053562	supercritical
600.0	319.75	283.22	0.0035308	629.86	742.76	2.2351	0.92788	1.3095	416.51	0.098381	3.4923e-05	0.053729	supercritical
600.0	323.0	285.86	0.0034982	629.35	742.34	2.2325	0.92818	1.3112	417.43	0.097371	3.5033e-05	0.053897	supercritical
600.0	326.25	288.49	0.0034663	628.84	741.93	2.2299	0.92847	1.3128	418.36	0.096366	3.5144e-05	0.054065	supercritical
600.0	329.5	291.11	0.0034351	628.33	741.52	2.2274	0.92877	1.3145	419.29	0.095367	3.5255e-05	0.054234	supercritical
600.0	332.75	293.72	0.0034045	627.83	741.11	2.2249	0.92906	1.3161	420.23	0.094375	3.5367e-05	0.054403	supercritical
600.0	336.0	296.33	0.0033746	627.32	740.71	2.2224	0.92935	1.3177	421.17	0.093387	3.5479e-05	0.054573	supercritical
600.0	339.25	298.92	0.0033454	626.82	740.31	2.2199	0.92964	1.3192	422.13	0.092406	3.5592e-05	0.054743	supercritical
600.0	342.5	301.5	0.0033167	626.32	739.92	2.2174	0.92992	1.3208	423.09	0.091431	3.5706e-05	0.054913	supercritical
600.0	345.75	304.08	0.0032886	625.82	739.53	2.215	0.93021	1.3223	424.05	0.090462	3.5821e-05	0.055084	supercritical
600.0	349.0	306.64	0.0032611	625.33	739.14	2.2126	0.93049	1.3238	425.03	0.0895	3.5935e-05	0.055255	supercritical
600.0	352.25	309.2	0.0032342	624.83	738.76	2.2102	0.93077	1.3253	426.01	0.088543	3.6051e-05	0.055427	supercritical
600.0	355.5	311.74	0.0032078	624.34	738.38	2.2078	0.93104	1.3268	426.99	0.087593	3.6167e-05	0.055599	supercritical
600.0	358.75	314.28	0.0031819	623.85	738.0	2.2054	0.93132	1.3282	427.99	0.086649	3.6284e-05	0.055771	supercritical
600.0	362.0	316.8	0.0031565	623.36	737.63	2.2031	0.93159	1.3297	428.98	0.085712	3.6401e-05	0.055943	supercritical
600.0	365.25	319.32	0.0031317	622.88	737.26	2.2008	0.93186	1.3311	429.99	0.084781	3.6519e-05	0.056116	supercritical
600.0	368.5	321.82	0.0031073	622.39	736.9	2.1985	0.93213	1.3325	431.0	0.083857	3.6638e-05	0.056289	supercritical
600.0	371.75	324.32	0.0030834	621.91	736.54	2.1962	0.93239	1.3339	432.01	0.082939	3.6757e-05	0.056462	supercritical
600.0	375.0	326.81	0.0030599	621.43	736.18	2.1939	0.93266	1.3352	433.04	0.082028	3.6876e-05	0.056635	supercritical
600.0	378.25	329.28	0.0030369	620.95	735.82	2.1917	0.93292	1.3366	434.06	0.081124	3.6996e-05	0.056809	supercritical
600.0	381.5	331.75	0.0030143	620.48	735.47	2.1895	0.93318	1.3379	435.09	0.080226	3.7117e-05	0.056983	supercritical
600.0	384.75	334.21	0.0029922	620.0	735.13	2.1873	0.93344	1.3392	436.13	0.079334	3.7238e-05	0.057157	supercritical
600.0	388.0	336.65	0.0029704	619.53	734.78	2.1851	0.93369	1.3405	437.17	0.07845	3.736e-05	0.057331	supercritical
600.0	391.25	339.09	0.0029491	619.06	734.44	2.1829	0.93395	1.3417	438.22	0.077572	3.7482e-05	0.057505	supercritical
600.0	394.5	341.51	0.0029281	618.59	734.11	2.1808	0.9342	1.343	439.28	0.076701	3.7604e-05	0.057679	supercritical
600.0	397.75	343.93	0.0029076	618.12	733.77	2.1786	0.93445	1.3442	440.33	0.075837	3.7727e-05	0.057854	supercritical
600.0	401.0	346.34	0.0028874	617.66	733.44	2.1765	0.9347	1.3455	441.4	0.074979	3.7851e-05	0.058028	supercritical
600.0	404.25	348.73	0.0028675	617.2	733.12	2.1744	0.93495	1.3467	442.46	0.074129	3.7975e-05	0.058203	supercritical
600.0	407.5	351.12	0.002848	616.74	732.79	2.1723	0.93519	1.3478	443.53	0.073285	3.81e-05	0.058378	supercritical
600.0	410.75	353.5	0.0028289	616.28	732.48	2.1702	0.93543	1.349	444.61	0.072447	3.8225e-05	0.058552	supercritical
600.0	414.0	355.86	0.0028101	615.82	732.16	2.1682	0.93568	1.3502	445.69	0.071617	3.835e-05	0.058727	supercritical
600.0	417.25	358.22	0.0027916	615.37	731.85	2.1662	0.93591	1.3513	446.77	0.070793	3.8476e-05	0.058902	supercritical
600.0	420.5	360.56	0.0027734	614.91	731.54	2.1641	0.93615	1.3524	447.86	0.069976	3.8602e-05	0.059077	supercritical
600.0	423.75	362.9	0.0027556	614.46	731.23	2.1621	0.93639	1.3535	448.96	0.069166	3.8729e-05	0.059252	supercritical
600.0	427.0	365.22	0.002738	614.01	730.93	2.1601	0.93662	1.3546	450.05	0.068362	3.8856e-05	0.059426	supercritical
600.0	430.25	367.54	0.0027208	613.57	730.63	2.1582	0.93686	1.3557	451.15	0.067565	3.8984e-05	0.059601	supercritical
600.0	433.5	369.85	0.0027038	613.12	730.33	2.1562	0.93709	1.3568	452.26	0.066775	3.9112e-05	0.059776	supercritical
600.0	436.75	372.14	0.0026872	612.68	730.04	2.1542	0.93732	1.3578	453.36	0.065991	3.924e-05	0.059951	supercritical
600.0	440.0	374.43	0.0026707	612.24	729.75	2.1523	0.93754	1.3588	454.48	0.065214	3.9369e-05	0.060125	supercritical
600.0	443.25	376.7	0.0026546	611.8	729.46	2.1504	0.93777	1.3598	455.59	0.064444	3.9498e-05	0.0603	supercritical
600.0	446.5	378.97	0.0026387	611.36	729.18	2.1485	0.93799	1.3608	456.71	0.06368	3.9627e-05	0.060474	supercritical
600.0	449.75	381.22	0.0026231	610.93	728.9	2.1466	0.93822	1.3618	457.83	0.062923	3.9757e-05	0.060648	supercritical
600.0	453.0	383.47	0.0026078	610.49	728.62	2.1447	0.93844	1.3628	458.95	0.062172	3.9887e-05	0.060823	supercritical
600.0	456.25	385.7	0.0025927	610.06	728.35	2.1428	0.93866	1.3638	460.08	0.061427	4.0018e-05	0.060997	supercritical
600.0	459.5	387.93	0.0025778	609.63	728.08	2.141	0.93888	1.3647	461.21	0.060689	4.0149e-05	0.061171	supercritical
600.0	462.75	390.15	0.0025631	609.2	727.81	2.1392	0.93909	1.3656	462.35	0.059957	4.028e-05	0.061345	supercritical
600.0	466.0	392.35	0.0025487	608.78	727.55	2.1373	0.93931	1.3665	463.48	0.059232	4.0412e-05	0.061518	supercritical
600.0	469.25	394.55	0.0025345	608.35	727.29	2.1355	0.93952	1.3674	464.62	0.058513	4.0544e-05	0.061692	supercritical
600.0	472.5	396.73	0.0025206	607.93	727.03	2.1337	0.93974	1.3683	465.76	0.0578	4.0676e-05	0.061865	supercritical
600.0	475.75	398.91	0.0025068	607.51	726.77	2.1319	0.93995	1.3692	466.91	0.057094	4.0809e-05	0.062039	supercritical
600.0	479.0	401.08	0.0024933	607.09	726.52	2.1302	0.94016	1.3701	468.06	0.056393	4.0941e-05	0.062212	supercritical
600.0	482.25	403.23	0.0024799	606.67	726.27	2.1284	0.94037	1.3709	469.21	0.055699	4.1075e-05	0.062384	supercritical
600.0	485.5	405.38	0.0024668	606.26	726.02	2.1266	0.94058	1.3717	470.36	0.055011	4.1208e-05	0.062557	supercritical
600.0	488.75	407.52	0.0024539	605.85	725.78	2.1249	0.94078	1.3726	471.51	0.054329	4.1342e-05	0.06273	supercritical
600.0	492.0	409.65	0.0024411	605.44	725.54	2.1232	0.94099	1.3734	472.67	0.053652	4.1476e-05	0.062902	supercritical
600.0	495.25	411.77	0.0024286	605.03	725.3	2.1215	0.94119	1.3742	473.83	0.052982	4.161e-05	0.063074	supercritical
600.0	498.5	413.87	0.0024162	604.62	725.07	2.1198	0.94139	1.375	474.99	0.052318	4.1745e-05	0.063246	supercritical
600.0	501.75	415.97	0.002404	604.21	724.83	2.1181	0.94159	1.3757	476.15	0.051659	4.1879e-05	0.063417	supercritical
600.0	505.0	418.06	0.002392	603.81	724.6	2.1164	0.94179	1.3765	477.32	0.051006	4.2015e-05	0.063589	supercritical
600.0	508.25	420.14	0.0023801	603.41	724.38	2.1147	0.94199	1.3772	478.48	0.050359	4.215e-05	0.06376	supercritical
600.0	511.5	422.21	0.0023685	603.01	724.15	2.1131	0.94219	1.378	479.65	0.049718	4.2285e-05	0.063931	supercritical
600.0	514.75	424.28	0.002357	602.61	723.93	2.1114	0.94238	1.3787	480.82	0.049082	4.2421e-05	0.064101	supercritical
600.0	518.0	426.33	0.0023456	602.21	723.71	2.1098	0.94258	1.3794	481.99	0.048452	4.2557e-05	0.064271	supercritical
600.0	521.25	428.37	0.0023344	601.81	723.5	2.1081	0.94277	1.3801	483.17	0.047827	4.2693e-05	0.064441	supercritical
600.0	524.5	430.4	0.0023234	601.42	723.28	2.1065	0.94297	1.3808	484.34	0.047208	4.283e-05	0.064611	supercritical
600.0	527.75	432.43	0.0023125	601.03	723.07	2.1049	0.94316	1.3815	485.52	0.046595	4.2967e-05	0.064781	supercritical
600.0	531.0	434.44	0.0023018	600.64	722.87	2.1033	0.94335	1.3822	486.7	0.045986	4.3103e-05	0.06495	supercritical
600.0	534.25	436.45	0.0022912	600.25	722.66	2.1017	0.94354	1.3828	487.88	0.045383	4.3241e-05	0.065119	supercritical
600.0	537.5	438.44	0.0022808	599.86	722.46	2.1002	0.94373	1.3835	489.06	0.044786	4.3378e-05	0.065288	supercritical
600.0	540.75	440.43	0.0022705	599.48	722.26	2.0986	0.94391	1.3841	490.25	0.044193	4.3515e-05	0.065456	supercritical
600.0	544.0	442.41	0.0022603	599.1	722.06	2.097	0.9441	1.3847	491.43	0.043606	4.3653e-05	0.065624	supercritical
600.0	547.25	444.38	0.0022503	598.72	721.86	2.0955	0.94429	1.3853	492.62	0.043023	4.3791e-05	0.065792	supercritical
600.0	550.5	446.34	0.0022404	598.34	721.67	2.094	0.94447	1.386	493.8	0.042446	4.3929e-05	0.065959	supercritical
600.0	553.75	448.29	0.0022307	597.96	721.48	2.0924	0.94465	1.3865	494.99	0.041874	4.4067e-05	0.066126	supercritical
600.0	557.0	450.23	0.0022211	597.58	721.29	2.0909	0.94484	1.3871	496.18	0.041307	4.4205e-05	0.066293	supercritical
600.0	560.25	452.17	0.0022116	597.21	721.11	2.0894	0.94502	1.3877	497.37	0.040745	4.4344e-05	0.06646	supercritical
600.0	563.5	454.09	0.0022022	596.83	720.93	2.0879	0.9452	1.3883	498.56	0.040187	4.4483e-05	0.066626	supercritical
600.0	566.75	456.01	0.0021929	596.46	720.75	2.0864	0.94538	1.3888	499.75	0.039635	4.4621e-05	0.066792	supercritical
600.0	570.0	457.92	0.0021838	596.09	720.57	2.0849	0.94556	1.3894	500.95	0.039087	4.476e-05	0.066957	supercritical
600.0	573.25	459.81	0.0021748	595.72	720.39	2.0835	0.94574	1.3899	502.14	0.038544	4.4899e-05	0.067123	supercritical
600.0	576.5	461.7	0.0021659	595.36	720.22	2.082	0.94591	1.3904	503.34	0.038006	4.5039e-05	0.067287	supercritical
600.0	579.75	463.59	0.0021571	594.99	720.05	2.0805	0.94609	1.391	504.53	0.037472	4.5178e-05	0.067452	supercritical
600.0	583.0	465.46	0.0021484	594.63	719.88	2.0791	0.94626	1.3915	505.73	0.036943	4.5318e-05	0.067616	supercritical
600.0	586.25	467.32	0.0021398	594.27	719.72	2.0776	0.94644	1.392	506.93	0.036418	4.5457e-05	0.06778	supercritical
600.0	589.5	469.18	0.0021314	593.91	719.55	2.0762	0.94661	1.3925	508.13	0.035898	4.5597e-05	0.067944	supercritical
600.0	592.75	471.03	0.002123	593.55	719.39	2.0748	0.94678	1.3929	509.33	0.035382	4.5737e-05	0.068107	supercritical
600.0	596.0	472.87	0.0021148	593.19	719.23	2.0734	0.94696	1.3934	510.52	0.034871	4.5877e-05	0.06827	supercritical
600.0	599.25	474.7	0.0021066	592.84	719.08	2.072	0.94713	1.3939	511.72	0.034364	4.6017e-05	0.068432	supercritical
600.0	602.5	476.52	0.0020986	592.48	718.92	2.0706	0.9473	1.3943	512.93	0.033862	4.6157e-05	0.068594	supercritical
600.0	605.75	478.33	0.0020906	592.13	718.77	2.0692	0.94747	1.3948	514.13	0.033363	4.6297e-05	0.068756	supercritical
600.0	609.0	480.14	0.0020827	591.78	718.62	2.0678	0.94764	1.3952	515.33	0.032869	4.6438e-05	0.068918	supercritical
600.0	612.25	481.94	0.002075	591.43	718.47	2.0664	0.94781	1.3956	516.53	0.032379	4.6578e-05	0.069079	supercritical
600.0	615.5	483.73	0.0020673	591.08	718.32	2.0651	0.94797	1.3961	517.73	0.031893	4.6719e-05	0.06924	supercritical
600.0	618.75	485.51	0.0020597	590.74	718.18	2.0637	0.94814	1.3965	518.94	0.031412	4.6859e-05	0.0694	supercritical
600.0	622.0	487.28	0.0020522	590.39	718.04	2.0624	0.94831	1.3969	520.14	0.030934	4.7e-05	0.06956	supercritical
600.0	625.25	489.05	0.0020448	590.05	717.9	2.061	0.94847	1.3973	521.34	0.030461	4.7141e-05	0.06972	supercritical
600.0	628.5	490.8	0.0020375	589.71	717.76	2.0597	0.94864	1.3977	522.55	0.029991	4.7282e-05	0.069879	supercritical
600.0	631.75	492.55	0.0020302	589.37	717.63	2.0584	0.9488	1.3981	523.75	0.029525	4.7422e-05	0.070038	supercritical
600.0	635.0	494.3	0.0020231	589.03	717.49	2.057	0.94896	1.3984	524.96	0.029064	4.7563e-05	0.070197	supercritical
600.0	638.25	496.03	0.002016	588.69	717.36	2.0557	0.94913	1.3988	526.16	0.028606	4.7704e-05	0.070355	supercritical
600.0	641.5	497.76	0.002009	588.36	717.23	2.0544	0.94929	1.3992	527.37	0.028152	4.7846e-05	0.070513	supercritical
600.0	644.75	499.47	0.0020021	588.02	717.11	2.0531	0.94945	1.3995	528.57	0.027702	4.7987e-05	0.070671	supercritical
600.0	648.0	501.19	0.0019953	587.69	716.98	2.0518	0.94961	1.3999	529.77	0.027255	4.8128e-05	0.070828	supercritical
600.0	651.25	502.89	0.0019885	587.36	716.86	2.0506	0.94977	1.4002	530.98	0.026812	4.8269e-05	0.070985	supercritical
600.0	654.5	504.58	0.0019818	587.03	716.74	2.0493	0.94993	1.4006	532.18	0.026373	4.841e-05	0.071142	supercritical
600.0	657.75	506.27	0.0019752	586.7	716.62	2.048	0.95009	1.4009	533.39	0.025938	4.8552e-05	0.071298	supercritical
600.0	661.0	507.95	0.0019687	586.37	716.5	2.0467	0.95025	1.4012	534.59	0.025506	4.8693e-05	0.071454	supercritical
600.0	664.25	509.63	0.0019622	586.05	716.39	2.0455	0.9504	1.4015	535.8	0.025078	4.8834e-05	0.071609	supercritical
600.0	667.5	511.29	0.0019558	585.72	716.27	2.0442	0.95056	1.4018	537.0	0.024653	4.8976e-05	0.071764	supercritical
600.0	670.75	512.95	0.0019495	585.4	716.16	2.043	0.95072	1.4021	538.21	0.024232	4.9117e-05	0.071919	supercritical
600.0	674.0	514.6	0.0019433	585.08	716.05	2.0418	0.95087	1.4024	539.41	0.023815	4.9259e-05	0.072073	supercritical
600.0	677.25	516.24	0.0019371	584.76	715.95	2.0405	0.95103	1.4027	540.62	0.023401	4.94e-05	0.072228	supercritical
600.0	680.5	517.88	0.0019309	584.44	715.84	2.0393	0.95119	1.403	541.82	0.02299	4.9542e-05	0.072381	supercritical
600.0	683.75	519.51	0.0019249	584.12	715.74	2.0381	0.95134	1.4033	543.03	0.022583	4.9683e-05	0.072535	supercritical
600.0	687.0	521.13	0.0019189	583.81	715.63	2.0369	0.95149	1.4035	544.23	0.022179	4.9825e-05	0.072688	supercritical
600.0	690.25	522.75	0.001913	583.49	715.53	2.0357	0.95165	1.4038	545.43	0.021778	4.9966e-05	0.07284	supercritical
600.0	693.5	524.36	0.0019071	583.18	715.44	2.0345	0.9518	1.4041	546.64	0.021381	5.0108e-05	0.072993	supercritical
600.0	696.75	525.96	0.0019013	582.87	715.34	2.0333	0.95195	1.4043	547.84	0.020986	5.025e-05	0.073145	supercritical
600.0	700.0	527.55	0.0018956	582.55	715.24	2.0321	0.95211	1.4046	549.04	0.020596	5.0391e-05	0.073296	supercritical
600.0	703.25	529.14	0.0018899	582.25	715.15	2.0309	0.95226	1.4048	550.24	0.020208	5.0533e-05	0.073448	supercritical
600.0	706.5	530.72	0.0018842	581.94	715.06	2.0297	0.95241	1.405	551.45	0.019824	5.0674e-05	0.073599	supercritical
600.0	709.75	532.29	0.0018787	581.63	714.97	2.0286	0.95256	1.4053	552.65	0.019442	5.0816e-05	0.073749	supercritical
600.0	713.0	533.86	0.0018732	581.33	714.88	2.0274	0.95271	1.4055	553.85	0.019064	5.0957e-05	0.073899	supercritical
600.0	716.25	535.42	0.0018677	581.02	714.8	2.0263	0.95286	1.4057	555.05	0.018689	5.1099e-05	0.074049	supercritical
600.0	719.5	536.97	0.0018623	580.72	714.71	2.0251	0.95301	1.4059	556.25	0.018317	5.1241e-05	0.074199	supercritical
600.0	722.75	538.52	0.001857	580.42	714.63	2.024	0.95316	1.4061	557.45	0.017948	5.1382e-05	0.074348	supercritical
600.0	726.0	540.06	0.0018517	580.12	714.55	2.0228	0.9533	1.4063	558.65	0.017582	5.1524e-05	0.074497	supercritical
600.0	729.25	541.59	0.0018464	579.82	714.47	2.0217	0.95345	1.4065	559.84	0.017219	5.1665e-05	0.074646	supercritical
600.0	732.5	543.12	0.0018412	579.52	714.39	2.0206	0.9536	1.4067	561.04	0.016859	5.1807e-05	0.074794	supercritical
600.0	735.75	544.63	0.0018361	579.22	714.31	2.0194	0.95375	1.4069	562.24	0.016502	5.1948e-05	0.074942	supercritical
600.0	739.0	546.15	0.001831	578.93	714.24	2.0183	0.95389	1.4071	563.44	0.016148	5.209e-05	0.075089	supercritical
600.0	742.25	547.66	0.001826	578.63	714.17	2.0172	0.95404	1.4073	564.63	0.015797	5.2231e-05	0.075237	supercritical
600.0	745.5	549.16	0.001821	578.34	714.09	2.0161	0.95419	1.4075	565.83	0.015448	5.2372e-05	0.075383	supercritical
600.0	748.75	550.65	0.001816	578.05	714.02	2.015	0.95433	1.4077	567.02	0.015103	5.2514e-05	0.07553	supercritical
600.0	752.0	552.14	0.0018111	577.76	713.96	2.0139	0.95448	1.4078	568.21	0.01476	5.2655e-05	0.075676	supercritical
600.0	755.25	553.62	0.0018063	577.47	713.89	2.0128	0.95462	1.408	569.41	0.01442	5.2796e-05	0.075822	supercritical
600.0	758.5	555.09	0.0018015	577.18	713.82	2.0117	0.95477	1.4082	570.6	0.014083	5.2938e-05	0.075968	supercritical
600.0	761.75	556.56	0.0017967	576.89	713.76	2.0106	0.95491	1.4083	571.79	0.013748	5.3079e-05	0.076113	supercritical
600.0	765.0	558.03	0.001792	576.61	713.7	2.0096	0.95506	1.4085	572.98	0.013417	5.322e-05	0.076258	supercritical
600.0	768.25	559.48	0.0017874	576.32	713.64	2.0085	0.9552	1.4086	574.17	0.013087	5.3361e-05	0.076403	supercritical
600.0	771.5	560.93	0.0017827	576.04	713.58	2.0074	0.95534	1.4088	575.36	0.012761	5.3502e-05	0.076547	supercritical
600.0	774.75	562.38	0.0017782	575.76	713.52	2.0064	0.95548	1.4089	576.55	0.012437	5.3643e-05	0.076691	supercritical
600.0	778.0	563.82	0.0017736	575.48	713.46	2.0053	0.95563	1.409	577.74	0.012116	5.3784e-05	0.076835	supercritical
600.0	781.25	565.25	0.0017691	575.2	713.41	2.0043	0.95577	1.4092	578.92	0.011797	5.3925e-05	0.076978	supercritical
600.0	784.5	566.68	0.0017647	574.92	713.36	2.0032	0.95591	1.4093	580.11	0.011481	5.4066e-05	0.077121	supercritical
600.0	787.75	568.1	0.0017603	574.64	713.3	2.0022	0.95605	1.4094	581.29	0.011168	5.4207e-05	0.077264	supercritical
600.0	791.0	569.51	0.0017559	574.36	713.25	2.0011	0.95619	1.4096	582.48	0.010857	5.4348e-05	0.077407	supercritical
600.0	794.25	570.92	0.0017516	574.09	713.2	2.0001	0.95633	1.4097	583.66	0.010548	5.4489e-05	0.077549	supercritical
600.0	797.5	572.33	0.0017473	573.81	713.16	1.9991	0.95648	1.4098	584.84	0.010242	5.463e-05	0.077691	supercritical
600.0	800.75	573.72	0.001743	573.54	713.11	1.9981	0.95662	1.4099	586.02	0.0099387	5.477e-05	0.077832	supercritical
600.0	804.0	575.12	0.0017388	573.27	713.07	1.997	0.95676	1.41	587.2	0.0096375	5.4911e-05	0.077974	supercritical
600.0	807.25	576.5	0.0017346	573.0	713.02	1.996	0.9569	1.4101	588.38	0.0093388	5.5051e-05	0.078115	supercritical
600.0	810.5	577.88	0.0017305	572.73	712.98	1.995	0.95704	1.4102	589.56	0.0090424	5.5192e-05	0.078255	supercritical
600.0	813.75	579.26	0.0017263	572.46	712.94	1.994	0.95717	1.4103	590.74	0.0087484	5.5332e-05	0.078396	supercritical
600.0	817.0	580.63	0.0017223	572.19	712.9	1.993	0.95731	1.4104	591.91	0.0084567	5.5473e-05	0.078536	supercritical
600.0	820.25	581.99	0.0017182	571.92	712.86	1.992	0.95745	1.4105	593.09	0.0081673	5.5613e-05	0.078676	supercritical
600.0	823.5	583.35	0.0017142	571.66	712.83	1.991	0.95759	1.4106	594.26	0.0078803	5.5753e-05	0.078815	supercritical
600.0	826.75	584.7	0.0017103	571.39	712.79	1.99	0.95773	1.4107	595.44	0.0075955	5.5894e-05	0.078954	supercritical
600.0	830.0	586.05	0.0017063	571.13	712.76	1.9891	0.95787	1.4108	596.61	0.0073129	5.6034e-05	0.079093	supercritical
600.0	833.25	587.39	0.0017024	570.87	712.72	1.9881	0.958	1.4109	597.78	0.0070326	5.6174e-05	0.079232	supercritical
600.0	836.5	588.73	0.0016986	570.61	712.69	1.9871	0.95814	1.411	598.95	0.0067545	5.6314e-05	0.07937	supercritical
600.0	839.75	590.06	0.0016947	570.34	712.66	1.9861	0.95828	1.4111	600.12	0.0064786	5.6454e-05	0.079508	supercritical
600.0	843.0	591.39	0.0016909	570.09	712.63	1.9852	0.95841	1.4111	601.29	0.0062048	5.6594e-05	0.079646	supercritical
600.0	846.25	592.71	0.0016872	569.83	712.6	1.9842	0.95855	1.4112	602.45	0.0059332	5.6734e-05	0.079784	supercritical
600.0	849.5	594.02	0.0016834	569.57	712.58	1.9833	0.95869	1.4113	603.62	0.0056637	5.6873e-05	0.079921	supercritical
600.0	852.75	595.33	0.0016797	569.31	712.55	1.9823	0.95882	1.4114	604.78	0.0053964	5.7013e-05	0.080058	supercritical
600.0	856.0	596.64	0.0016761	569.06	712.53	1.9813	0.95896	1.4114	605.95	0.0051311	5.7153e-05	0.080195	supercritical
600.0	859.25	597.94	0.0016724	568.8	712.5	1.9804	0.9591	1.4115	607.11	0.0048678	5.7292e-05	0.080331	supercritical
600.0	862.5	599.23	0.0016688	568.55	712.48	1.9795	0.95923	1.4116	608.27	0.0046067	5.7432e-05	0.080468	supercritical
600.0	865.75	600.52	0.0016652	568.3	712.46	1.9785	0.95937	1.4116	609.43	0.0043475	5.7571e-05	0.080604	supercritical
600.0	869.0	601.81	0.0016617	568.05	712.44	1.9776	0.9595	1.4117	610.59	0.0040904	5.771e-05	0.080739	supercritical
600.0	872.25	603.09	0.0016581	567.79	712.42	1.9767	0.95964	1.4117	611.75	0.0038352	5.785e-05	0.080875	supercritical
600.0	875.5	604.36	0.0016546	567.54	712.41	1.9757	0.95977	1.4118	612.9	0.003582	5.7989e-05	0.08101	supercritical
600.0	878.75	605.63	0.0016512	567.3	712.39	1.9748	0.9599	1.4119	614.06	0.0033308	5.8128e-05	0.081145	supercritical
600.0	882.0	606.9	0.0016477	567.05	712.38	1.9739	0.96004	1.4119	615.21	0.0030814	5.8267e-05	0.081279	supercritical
600.0	885.25	608.16	0.0016443	566.8	712.36	1.973	0.96017	1.412	616.36	0.002834	5.8406e-05	0.081414	supercritical
600.0	888.5	609.42	0.0016409	566.56	712.35	1.9721	0.96031	1.412	617.52	0.0025885	5.8545e-05	0.081548	supercritical
600.0	891.75	610.67	0.0016376	566.31	712.34	1.9712	0.96044	1.4121	618.67	0.0023449	5.8683e-05	0.081682	supercritical
600.0	895.0	611.91	0.0016342	566.07	712.33	1.9703	0.96057	1.4121	619.82	0.0021031	5.8822e-05	0.081816	supercritical
600.0	898.25	613.15	0.0016309	565.82	712.32	1.9694	0.96071	1.4121	620.97	0.0018631	5.8961e-05	0.081949	supercritical
600.0	901.5	614.39	0.0016276	565.58	712.31	1.9685	0.96084	1.4122	622.11	0.001625	5.9099e-05	0.082082	supercritical
600.0	904.75	615.62	0.0016244	565.34	712.31	1.9676	0.96097	1.4122	623.26	0.0013887	5.9238e-05	0.082215	supercritical
600.0	908.0	616.85	0.0016211	565.1	712.3	1.9667	0.96111	1.4123	624.4	0.0011541	5.9376e-05	0.082348	supercritical
600.0	911.25	618.07	0.0016179	564.86	712.3	1.9658	0.96124	1.4123	625.55	0.00092137	5.9514e-05	0.08248	supercritical
600.0	914.5	619.29	0.0016148	564.62	712.29	1.9649	0.96137	1.4123	626.69	0.00069033	5.9653e-05	0.082613	supercritical
600.0	917.75	620.5	0.0016116	564.38	712.29	1.964	0.9615	1.4124	627.83	0.00046103	5.9791e-05	0.082745	supercritical
600.0	921.0	621.71	0.0016085	564.15	712.29	1.9632	0.96163	1.4124	628.97	0.00023345	5.9929e-05	0.082876	supercritical
600.0	924.25	622.92	0.0016054	563.91	712.29	1.9623	0.96177	1.4124	630.11	7.5593e-06	6.0067e-05	0.083008	supercritical
600.0	927.5	624.12	0.0016023	563.68	712.29	1.9614	0.9619	1.4124	631.25	-0.00021665	6.0205e-05	0.083139	supercritical
600.0	930.75	625.31	0.0015992	563.44	712.29	1.9606	0.96203	1.4125	632.38	-0.00043919	6.0342e-05	0.08327	supercritical
600.0	934.0	626.5	0.0015962	563.21	712.29	1.9597	0.96216	1.4125	633.52	-0.00066009	6.048e-05	0.083401	supercritical
600.0	937.25	627.69	0.0015931	562.98	712.29	1.9588	0.96229	1.4125	634.65	-0.00087936	6.0618e-05	0.083532	supercritical
600.0	940.5	628.87	0.0015901	562.75	712.3	1.958	0.96242	1.4125	635.78	-0.001097	6.0755e-05	0.083662	supercritical
600.0	943.75	630.05	0.0015872	562.52	712.3	1.9571	0.96255	1.4126	636.92	-0.0013131	6.0893e-05	0.083792	supercritical
600.0	947.0	631.22	0.0015842	562.29	712.31	1.9563	0.96268	1.4126	638.05	-0.0015275	6.103e-05	0.083922	supercritical
600.0	950.25	632.39	0.0015813	562.06	712.32	1.9554	0.96281	1.4126	639.18	-0.0017404	6.1167e-05	0.084052	supercritical
600.0	953.5	633.56	0.0015784	561.83	712.33	1.9546	0.96295	1.4126	640.3	-0.0019518	6.1304e-05	0.084182	supercritical
600.0	956.75	634.72	0.0015755	561.6	712.34	1.9538	0.96308	1.4126	641.43	-0.0021616	6.1442e-05	0.084311	supercritical
600.0	960.0	635.88	0.0015726	561.37	712.35	1.9529	0.96321	1.4126	642.56	-0.0023699	6.1579e-05	0.08444	supercritical
600.0	963.25	637.03	0.0015698	561.15	712.36	1.9521	0.96334	1.4127	643.68	-0.0025767	6.1715e-05	0.084569	supercritical
600.0	966.5	638.18	0.001567	560.92	712.37	1.9513	0.96347	1.4127	644.8	-0.002782	6.1852e-05	0.084698	supercritical
600.0	969.75	639.32	0.0015642	560.7	712.38	1.9504	0.96359	1.4127	645.92	-0.0029858	6.1989e-05	0.084826	supercritical
600.0	973.0	640.46	0.0015614	560.48	712.4	1.9496	0.96372	1.4127	647.04	-0.0031881	6.2126e-05	0.084955	supercritical
600.0	976.25	641.6	0.0015586	560.25	712.41	1.9488	0.96385	1.4127	648.16	-0.003389	6.2262e-05	0.085083	supercritical
600.0	979.5	642.73	0.0015559	560.03	712.43	1.948	0.96398	1.4127	649.28	-0.0035885	6.2399e-05	0.085211	supercritical
600.0	982.75	643.86	0.0015531	559.81	712.45	1.9472	0.96411	1.4127	650.4	-0.0037866	6.2535e-05	0.085338	supercritical
600.0	986.0	644.98	0.0015504	559.59	712.46	1.9464	0.96424	1.4127	651.51	-0.0039832	6.2671e-05	0.085466	supercritical
600.0	989.25	646.1	0.0015478	559.37	712.48	1.9456	0.96437	1.4127	652.63	-0.0041785	6.2807e-05	0.085593	supercritical
600.0	992.5	647.21	0.0015451	559.15	712.5	1.9447	0.9645	1.4127	653.74	-0.0043723	6.2944e-05	0.08572	supercritical
600.0	995.75	648.33	0.0015424	558.94	712.52	1.9439	0.96463	1.4127	654.85	-0.0045648	6.308e-05	0.085847	supercritical
600.0	999.0	649.43	0.0015398	558.72	712.54	1.9431	0.96476	1.4127	655.96	-0.004756	6.3215e-05	0.085974	supercritical
600.0	1002.2	650.54	0.0015372	558.5	712.57	1.9423	0.96488	1.4127	657.07	-0.0049458	6.3351e-05	0.0861	supercritical
600.0	1005.5	651.64	0.0015346	558.29	712.59	1.9416	0.96501	1.4127	658.18	-0.0051343	6.3487e-05	0.086227	supercritical
600.0	1008.8	652.73	0.001532	558.07	712.61	1.9408	0.96514	1.4127	659.29	-0.0053215	6.3623e-05	0.086353	supercritical
600.0	1012.0	653.83	0.0015295	557.86	712.64	1.94	0.96527	1.4127	660.39	-0.0055073	6.3758e-05	0.086479	supercritical
600.0	1015.2	654.92	0.0015269	557.64	712.66	1.9392	0.9654	1.4127	661.5	-0.0056919	6.3894e-05	0.086604	supercritical
600.0	1018.5	656.0	0.0015244	557.43	712.69	1.9384	0.96552	1.4127	662.6	-0.0058752	6.4029e-05	0.08673	supercritical
600.0	1021.8	657.08	0.0015219	557.22	712.72	1.9376	0.96565	1.4127	663.7	-0.0060573	6.4164e-05	0.086855	supercritical
600.0	1025.0	658.16	0.0015194	557.01	712.75	1.9369	0.96578	1.4127	664.81	-0.0062381	6.4299e-05	0.086981	supercritical
600.0	1028.2	659.23	0.0015169	556.8	712.78	1.9361	0.96591	1.4126	665.91	-0.0064176	6.4434e-05	0.087106	supercritical
600.0	1031.5	660.3	0.0015145	556.59	712.81	1.9353	0.96603	1.4126	667.0	-0.0065959	6.4569e-05	0.087231	supercritical
600.0	1034.8	661.37	0.001512	556.38	712.84	1.9345	0.96616	1.4126	668.1	-0.0067731	6.4704e-05	0.087355	supercritical
600.0	1038.0	662.43	0.0015096	556.17	712.87	1.9338	0.96629	1.4126	669.2	-0.006949	6.4839e-05	0.08748	supercritical
600.0	1041.2	663.49	0.0015072	555.97	712.9	1.933	0.96642	1.4126	670.29	-0.0071237	6.4974e-05	0.087604	supercritical
600.0	1044.5	664.55	0.0015048	555.76	712.93	1.9323	0.96654	1.4126	671.39	-0.0072972	6.5108e-05	0.087728	supercritical
600.0	1047.8	665.6	0.0015024	555.55	712.97	1.9315	0.96667	1.4126	672.48	-0.0074695	6.5243e-05	0.087852	supercritical
600.0	1051.0	666.65	0.0015	555.35	713.0	1.9307	0.9668	1.4125	673.57	-0.0076407	6.5377e-05	0.087976	supercritical
600.0	1054.2	667.69	0.0014977	555.14	713.04	1.93	0.96692	1.4125	674.66	-0.0078108	6.5512e-05	0.0881	supercritical
600.0	1057.5	668.73	0.0014954	554.94	713.07	1.9292	0.96705	1.4125	675.75	-0.0079797	6.5646e-05	0.088223	supercritical
600.0	1060.8	669.77	0.001493	554.74	713.11	1.9285	0.96718	1.4125	676.83	-0.0081474	6.578e-05	0.088347	supercritical
600.0	1064.0	670.81	0.0014907	554.53	713.15	1.9277	0.9673	1.4125	677.92	-0.0083141	6.5914e-05	0.08847	supercritical
600.0	1067.2	671.84	0.0014885	554.33	713.19	1.927	0.96743	1.4124	679.01	-0.0084796	6.6048e-05	0.088593	supercritical
600.0	1070.5	672.86	0.0014862	554.13	713.23	1.9263	0.96756	1.4124	680.09	-0.008644	6.6182e-05	0.088716	supercritical
600.0	1073.8	673.89	0.0014839	553.93	713.27	1.9255	0.96768	1.4124	681.17	-0.0088074	6.6315e-05	0.088839	supercritical
600.0	1077.0	674.91	0.0014817	553.73	713.31	1.9248	0.96781	1.4124	682.25	-0.0089697	6.6449e-05	0.088961	supercritical
600.0	1080.2	675.93	0.0014795	553.53	713.35	1.9241	0.96793	1.4124	683.33	-0.0091309	6.6583e-05	0.089084	supercritical
600.0	1083.5	676.94	0.0014772	553.33	713.39	1.9233	0.96806	1.4123	684.41	-0.009291	6.6716e-05	0.089206	supercritical
600.0	1086.8	677.95	0.001475	553.13	713.43	1.9226	0.96818	1.4123	685.49	-0.0094501	6.6849e-05	0.089328	supercritical
600.0	1090.0	678.96	0.0014728	552.94	713.48	1.9219	0.96831	1.4123	686.57	-0.0096081	6.6983e-05	0.08945	supercritical
600.0	1093.2	679.96	0.0014707	552.74	713.52	1.9211	0.96844	1.4123	687.64	-0.0097652	6.7116e-05	0.089572	supercritical
600.0	1096.5	680.96	0.0014685	552.55	713.57	1.9204	0.96856	1.4122	688.72	-0.0099211	6.7249e-05	0.089693	supercritical
600.0	1099.8	681.96	0.0014664	552.35	713.61	1.9197	0.96869	1.4122	689.79	-0.010076	6.7382e-05	0.089815	supercritical
600.0	1103.0	682.95	0.0014642	552.16	713.66	1.919	0.96881	1.4122	690.86	-0.01023	6.7515e-05	0.089936	supercritical
600.0	1106.2	683.95	0.0014621	551.96	713.71	1.9183	0.96894	1.4121	691.93	-0.010383	6.7647e-05	0.090057	supercritical
600.0	1109.5	684.93	0.00146	551.77	713.75	1.9176	0.96906	1.4121	693.0	-0.010535	6.778e-05	0.090178	supercritical
600.0	1112.8	685.92	0.0014579	551.58	713.8	1.9169	0.96919	1.4121	694.07	-0.010686	6.7913e-05	0.090299	supercritical
600.0	1116.0	686.9	0.0014558	551.38	713.85	1.9162	0.96931	1.4121	695.14	-0.010836	6.8045e-05	0.09042	supercritical
600.0	1119.2	687.88	0.0014537	551.19	713.9	1.9154	0.96944	1.412	696.2	-0.010985	6.8178e-05	0.09054	supercritical
600.0	1122.5	688.85	0.0014517	551.0	713.95	1.9147	0.96956	1.412	697.27	-0.011133	6.831e-05	0.090661	supercritical
600.0	1125.8	689.82	0.0014496	550.81	714.01	1.914	0.96969	1.412	698.33	-0.01128	6.8442e-05	0.090781	supercritical
600.0	1129.0	690.79	0.0014476	550.62	714.06	1.9133	0.96981	1.4119	699.39	-0.011427	6.8574e-05	0.090901	supercritical
600.0	1132.2	691.76	0.0014456	550.43	714.11	1.9127	0.96994	1.4119	700.45	-0.011572	6.8706e-05	0.091022	supercritical
600.0	1135.5	692.72	0.0014436	550.24	714.16	1.912	0.97006	1.4119	701.51	-0.011716	6.8838e-05	0.091141	supercritical
600.0	1138.8	693.68	0.0014416	550.06	714.22	1.9113	0.97019	1.4118	702.57	-0.01186	6.897e-05	0.091261	supercritical
600.0	1142.0	694.64	0.0014396	549.87	714.27	1.9106	0.97031	1.4118	703.63	-0.012002	6.9102e-05	0.091381	supercritical
600.0	1145.2	695.59	0.0014376	549.68	714.33	1.9099	0.97043	1.4117	704.68	-0.012144	6.9233e-05	0.0915	supercritical
600.0	1148.5	696.54	0.0014357	549.5	714.38	1.9092	0.97056	1.4117	705.74	-0.012285	6.9365e-05	0.09162	supercritical
600.0	1151.8	697.49	0.0014337	549.31	714.44	1.9085	0.97068	1.4117	706.79	-0.012425	6.9496e-05	0.091739	supercritical
600.0	1155.0	698.43	0.0014318	549.13	714.5	1.9078	0.97081	1.4116	707.84	-0.012564	6.9628e-05	0.091858	supercritical
600.0	1158.2	699.38	0.0014298	548.94	714.56	1.9072	0.97093	1.4116	708.89	-0.012702	6.9759e-05	0.091977	supercritical
600.0	1161.5	700.31	0.0014279	548.76	714.61	1.9065	0.97105	1.4116	709.94	-0.012839	6.989e-05	0.092096	supercritical
600.0	1164.8	701.25	0.001426	548.58	714.67	1.9058	0.97118	1.4115	710.99	-0.012975	7.0021e-05	0.092215	supercritical
600.0	1168.0	702.18	0.0014241	548.4	714.73	1.9051	0.9713	1.4115	712.04	-0.013111	7.0152e-05	0.092334	supercritical
600.0	1171.2	703.11	0.0014222	548.21	714.79	1.9045	0.97143	1.4114	713.09	-0.013246	7.0283e-05	0.092452	supercritical
600.0	1174.5	704.04	0.0014204	548.03	714.85	1.9038	0.97155	1.4114	714.13	-0.01338	7.0414e-05	0.09257	supercritical
600.0	1177.8	704.97	0.0014185	547.85	714.92	1.9031	0.97167	1.4114	715.17	-0.013513	7.0544e-05	0.092689	supercritical
600.0	1181.0	705.89	0.0014167	547.67	714.98	1.9025	0.9718	1.4113	716.22	-0.013645	7.0675e-05	0.092807	supercritical
600.0	1184.2	706.81	0.0014148	547.49	715.04	1.9018	0.97192	1.4113	717.26	-0.013776	7.0805e-05	0.092925	supercritical
600.0	1187.5	707.72	0.001413	547.31	715.11	1.9012	0.97204	1.4112	718.3	-0.013907	7.0936e-05	0.093043	supercritical
600.0	1190.8	708.63	0.0014112	547.13	715.17	1.9005	0.97217	1.4112	719.34	-0.014037	7.1066e-05	0.093161	supercritical
600.0	1194.0	709.54	0.0014094	546.96	715.23	1.8998	0.97229	1.4112	720.38	-0.014165	7.1196e-05	0.093278	supercritical
600.0	1197.2	710.45	0.0014076	546.78	715.3	1.8992	0.97241	1.4111	721.41	-0.014294	7.1326e-05	0.093396	supercritical
600.0	1200.5	711.36	0.0014058	546.6	715.37	1.8985	0.97254	1.4111	722.45	-0.014421	7.1456e-05	0.093513	supercritical
600.0	1203.8	712.26	0.001404	546.43	715.43	1.8979	0.97266	1.411	723.48	-0.014548	7.1586e-05	0.093631	supercritical
600.0	1207.0	713.16	0.0014022	546.25	715.5	1.8972	0.97278	1.411	724.51	-0.014674	7.1716e-05	0.093748	supercritical
600.0	1210.2	714.06	0.0014005	546.08	715.57	1.8966	0.97291	1.4109	725.55	-0.014799	7.1846e-05	0.093865	supercritical
600.0	1213.5	714.95	0.0013987	545.9	715.63	1.8959	0.97303	1.4109	726.58	-0.014923	7.1975e-05	0.093982	supercritical
600.0	1216.8	715.84	0.001397	545.73	715.7	1.8953	0.97315	1.4108	727.61	-0.015046	7.2105e-05	0.094099	supercritical
600.0	1220.0	716.73	0.0013952	545.55	715.77	1.8947	0.97327	1.4108	728.63	-0.015169	7.2234e-05	0.094215	supercritical
600.0	1223.2	717.62	0.0013935	545.38	715.84	1.894	0.9734	1.4108	729.66	-0.015291	7.2364e-05	0.094332	supercritical
600.0	1226.5	718.5	0.0013918	545.21	715.91	1.8934	0.97352	1.4107	730.69	-0.015413	7.2493e-05	0.094449	supercritical
600.0	1229.8	719.38	0.0013901	545.04	715.98	1.8927	0.97364	1.4107	731.71	-0.015533	7.2622e-05	0.094565	supercritical
600.0	1233.0	720.26	0.0013884	544.87	716.05	1.8921	0.97377	1.4106	732.73	-0.015653	7.2751e-05	0.094682	supercritical
600.0	1236.2	721.13	0.0013867	544.7	716.13	1.8915	0.97389	1.4106	733.76	-0.015772	7.288e-05	0.094798	supercritical
600.0	1239.5	722.01	0.001385	544.53	716.2	1.8909	0.97401	1.4105	734.78	-0.015891	7.3009e-05	0.094914	supercritical
600.0	1242.8	722.88	0.0013834	544.36	716.27	1.8902	0.97413	1.4105	735.8	-0.016008	7.3138e-05	0.09503	supercritical
600.0	1246.0	723.74	0.0013817	544.19	716.35	1.8896	0.97425	1.4104	736.81	-0.016125	7.3266e-05	0.095146	supercritical
600.0	1249.2	724.61	0.0013801	544.02	716.42	1.889	0.97438	1.4104	737.83	-0.016242	7.3395e-05	0.095262	supercritical
600.0	1252.5	725.47	0.0013784	543.85	716.5	1.8884	0.9745	1.4103	738.85	-0.016357	7.3524e-05	0.095377	supercritical
600.0	1255.8	726.33	0.0013768	543.68	716.57	1.8877	0.97462	1.4103	739.86	-0.016472	7.3652e-05	0.095493	supercritical
600.0	1259.0	727.19	0.0013752	543.51	716.65	1.8871	0.97474	1.4102	740.87	-0.016586	7.378e-05	0.095609	supercritical
600.0	1262.2	728.05	0.0013735	543.35	716.72	1.8865	0.97487	1.4102	741.89	-0.0167	7.3909e-05	0.095724	supercritical
600.0	1265.5	728.9	0.0013719	543.18	716.8	1.8859	0.97499	1.4102	742.9	-0.016813	7.4037e-05	0.095839	supercritical
600.0	1268.8	729.75	0.0013703	543.02	716.88	1.8853	0.97511	1.4101	743.91	-0.016925	7.4165e-05	0.095955	supercritical
600.0	1272.0	730.6	0.0013687	542.85	716.95	1.8847	0.97523	1.4101	744.92	-0.017036	7.4293e-05	0.09607	supercritical
600.0	1275.2	731.44	0.0013672	542.69	717.03	1.884	0.97535	1.41	745.92	-0.017147	7.4421e-05	0.096185	supercritical
600.0	1278.5	732.29	0.0013656	542.52	717.11	1.8834	0.97548	1.41	746.93	-0.017257	7.4548e-05	0.0963	supercritical
600.0	1281.8	733.13	0.001364	542.36	717.19	1.8828	0.9756	1.4099	747.93	-0.017367	7.4676e-05	0.096415	supercritical
600.0	1285.0	733.97	0.0013625	542.19	717.27	1.8822	0.97572	1.4099	748.94	-0.017476	7.4804e-05	0.09653	supercritical
600.0	1288.2	734.8	0.0013609	542.03	717.35	1.8816	0.97584	1.4098	749.94	-0.017584	7.4931e-05	0.096644	supercritical
600.0	1291.5	735.64	0.0013594	541.87	717.43	1.881	0.97596	1.4098	750.94	-0.017692	7.5059e-05	0.096759	supercritical
600.0	1294.8	736.47	0.0013578	541.71	717.51	1.8804	0.97608	1.4097	751.94	-0.017799	7.5186e-05	0.096873	supercritical
600.0	1298.0	737.3	0.0013563	541.55	717.59	1.8798	0.97621	1.4097	752.94	-0.017905	7.5313e-05	0.096988	supercritical
600.0	1301.2	738.12	0.0013548	541.39	717.68	1.8792	0.97633	1.4096	753.94	-0.018011	7.544e-05	0.097102	supercritical
600.0	1304.5	738.95	0.0013533	541.22	717.76	1.8786	0.97645	1.4096	754.93	-0.018116	7.5567e-05	0.097216	supercritical
600.0	1307.8	739.77	0.0013518	541.07	717.84	1.878	0.97657	1.4095	755.93	-0.01822	7.5694e-05	0.097331	supercritical
600.0	1311.0	740.59	0.0013503	540.91	717.93	1.8774	0.97669	1.4095	756.92	-0.018324	7.5821e-05	0.097445	supercritical
600.0	1314.2	741.41	0.0013488	540.75	718.01	1.8768	0.97681	1.4094	757.92	-0.018427	7.5948e-05	0.097559	supercritical
600.0	1317.5	742.22	0.0013473	540.59	718.1	1.8763	0.97693	1.4094	758.91	-0.01853	7.6075e-05	0.097673	supercritical
600.0	1320.8	743.03	0.0013458	540.43	718.18	1.8757	0.97705	1.4093	759.9	-0.018632	7.6201e-05	0.097787	supercritical
600.0	1324.0	743.85	0.0013444	540.27	718.27	1.8751	0.97718	1.4093	760.89	-0.018733	7.6328e-05	0.0979	supercritical
600.0	1327.2	744.65	0.0013429	540.12	718.35	1.8745	0.9773	1.4092	761.88	-0.018834	7.6454e-05	0.098014	supercritical
600.0	1330.5	745.46	0.0013415	539.96	718.44	1.8739	0.97742	1.4092	762.86	-0.018934	7.6581e-05	0.098128	supercritical
600.0	1333.8	746.26	0.00134	539.8	718.53	1.8733	0.97754	1.4091	763.85	-0.019034	7.6707e-05	0.098241	supercritical
600.0	1337.0	747.07	0.0013386	539.65	718.61	1.8728	0.97766	1.4091	764.83	-0.019133	7.6833e-05	0.098355	supercritical
600.0	1340.2	747.87	0.0013371	539.49	718.7	1.8722	0.97778	1.409	765.81	-0.019232	7.6959e-05	0.098468	supercritical
600.0	1343.5	748.66	0.0013357	539.34	718.79	1.8716	0.9779	1.409	766.8	-0.01933	7.7085e-05	0.098581	supercritical
600.0	1346.8	749.46	0.0013343	539.18	718.88	1.871	0.97802	1.4089	767.78	-0.019427	7.7211e-05	0.098694	supercritical
600.0	1350.0	750.25	0.0013329	539.03	718.97	1.8705	0.97814	1.4089	768.76	-0.019524	7.7337e-05	0.098808	supercritical
600.0	1353.2	751.04	0.0013315	538.87	719.06	1.8699	0.97826	1.4088	769.73	-0.01962	7.7463e-05	0.098921	supercritical
600.0	1356.5	751.83	0.0013301	538.72	719.15	1.8693	0.97839	1.4088	770.71	-0.019716	7.7588e-05	0.099034	supercritical
600.0	1359.8	752.62	0.0013287	538.57	719.24	1.8687	0.97851	1.4087	771.69	-0.019811	7.7714e-05	0.099146	supercritical
600.0	1363.0	753.4	0.0013273	538.42	719.33	1.8682	0.97863	1.4087	772.66	-0.019905	7.7839e-05	0.099259	supercritical
600.0	1366.2	754.19	0.0013259	538.26	719.42	1.8676	0.97875	1.4086	773.63	-0.019999	7.7965e-05	0.099372	supercritical
600.0	1369.5	754.97	0.0013246	538.11	719.51	1.867	0.97887	1.4086	774.61	-0.020093	7.809e-05	0.099485	supercritical
600.0	1372.8	755.74	0.0013232	537.96	719.6	1.8665	0.97899	1.4085	775.58	-0.020186	7.8215e-05	0.099597	supercritical
600.0	1376.0	756.52	0.0013218	537.81	719.7	1.8659	0.97911	1.4085	776.55	-0.020278	7.834e-05	0.09971	supercritical
600.0	1379.2	757.29	0.0013205	537.66	719.79	1.8654	0.97923	1.4084	777.52	-0.02037	7.8465e-05	0.099822	supercritical
600.0	1382.5	758.07	0.0013191	537.51	719.88	1.8648	0.97935	1.4084	778.48	-0.020461	7.859e-05	0.099935	supercritical
600.0	1385.8	758.84	0.0013178	537.36	719.98	1.8642	0.97947	1.4083	779.45	-0.020552	7.8715e-05	0.10005	supercritical
600.0	1389.0	759.61	0.0013165	537.21	720.07	1.8637	0.97959	1.4083	780.41	-0.020643	7.884e-05	0.10016	supercritical
600.0	1392.2	760.37	0.0013151	537.06	720.17	1.8631	0.97971	1.4082	781.38	-0.020732	7.8965e-05	0.10027	supercritical
600.0	1395.5	761.14	0.0013138	536.92	720.26	1.8626	0.97983	1.4082	782.34	-0.020822	7.909e-05	0.10038	supercritical
600.0	1398.8	761.9	0.0013125	536.77	720.36	1.862	0.97995	1.4081	783.3	-0.02091	7.9214e-05	0.1005	supercritical
600.0	1402.0	762.66	0.0013112	536.62	720.45	1.8615	0.98007	1.4081	784.26	-0.020999	7.9339e-05	0.10061	supercritical
600.0	1405.2	763.42	0.0013099	536.47	720.55	1.8609	0.98019	1.408	785.22	-0.021086	7.9463e-05	0.10072	supercritical
600.0	1408.5	764.17	0.0013086	536.33	720.64	1.8604	0.98031	1.408	786.18	-0.021174	7.9587e-05	0.10083	supercritical
600.0	1411.8	764.93	0.0013073	536.18	720.74	1.8598	0.98043	1.4079	787.13	-0.021261	7.9712e-05	0.10094	supercritical
600.0	1415.0	765.68	0.001306	536.04	720.84	1.8593	0.98055	1.4079	788.09	-0.021347	7.9836e-05	0.10106	supercritical
600.0	1418.2	766.43	0.0013048	535.89	720.94	1.8587	0.98067	1.4078	789.04	-0.021433	7.996e-05	0.10117	supercritical
600.0	1421.5	767.18	0.0013035	535.75	721.04	1.8582	0.98079	1.4078	790.0	-0.021518	8.0084e-05	0.10128	supercritical
600.0	1424.8	767.92	0.0013022	535.6	721.13	1.8577	0.98091	1.4077	790.95	-0.021603	8.0208e-05	0.10139	supercritical
600.0	1428.0	768.67	0.001301	535.46	721.23	1.8571	0.98103	1.4077	791.9	-0.021687	8.0331e-05	0.1015	supercritical
600.0	1431.2	769.41	0.0012997	535.31	721.33	1.8566	0.98115	1.4076	792.85	-0.021771	8.0455e-05	0.10161	supercritical
600.0	1434.5	770.15	0.0012984	535.17	721.43	1.856	0.98127	1.4076	793.79	-0.021854	8.0579e-05	0.10172	supercritical
600.0	1437.8	770.89	0.0012972	535.03	721.53	1.8555	0.98139	1.4075	794.74	-0.021937	8.0702e-05	0.10184	supercritical
600.0	1441.0	771.63	0.001296	534.89	721.63	1.855	0.98151	1.4075	795.69	-0.02202	8.0826e-05	0.10195	supercritical
600.0	1444.2	772.36	0.0012947	534.74	721.73	1.8544	0.98163	1.4074	796.63	-0.022102	8.0949e-05	0.10206	supercritical
600.0	1447.5	773.1	0.0012935	534.6	721.84	1.8539	0.98175	1.4074	797.57	-0.022183	8.1073e-05	0.10217	supercritical
600.0	1450.8	773.83	0.0012923	534.46	721.94	1.8534	0.98187	1.4073	798.52	-0.022264	8.1196e-05	0.10228	supercritical
600.0	1454.0	774.56	0.0012911	534.32	722.04	1.8528	0.98199	1.4073	799.46	-0.022345	8.1319e-05	0.10239	supercritical
600.0	1457.2	775.29	0.0012898	534.18	722.14	1.8523	0.98211	1.4072	800.4	-0.022425	8.1442e-05	0.1025	supercritical
600.0	1460.5	776.01	0.0012886	534.04	722.24	1.8518	0.98223	1.4072	801.34	-0.022505	8.1565e-05	0.10261	supercritical
600.0	1463.8	776.74	0.0012874	533.9	722.35	1.8513	0.98235	1.4072	802.27	-0.022584	8.1688e-05	0.10272	supercritical
600.0	1467.0	777.46	0.0012862	533.76	722.45	1.8507	0.98246	1.4071	803.21	-0.022663	8.1811e-05	0.10284	supercritical
600.0	1470.2	778.18	0.0012851	533.62	722.55	1.8502	0.98258	1.4071	804.14	-0.022741	8.1934e-05	0.10295	supercritical
600.0	1473.5	778.9	0.0012839	533.48	722.66	1.8497	0.9827	1.407	805.08	-0.022819	8.2057e-05	0.10306	supercritical
600.0	1476.8	779.61	0.0012827	533.34	722.76	1.8492	0.98282	1.407	806.01	-0.022897	8.2179e-05	0.10317	supercritical
600.0	1480.0	780.33	0.0012815	533.2	722.87	1.8486	0.98294	1.4069	806.94	-0.022974	8.2302e-05	0.10328	supercritical
600.0	1483.2	781.04	0.0012803	533.07	722.97	1.8481	0.98306	1.4069	807.87	-0.02305	8.2424e-05	0.10339	supercritical
600.0	1486.5	781.76	0.0012792	532.93	723.08	1.8476	0.98318	1.4068	808.8	-0.023126	8.2547e-05	0.1035	supercritical
600.0	1489.8	782.47	0.001278	532.79	723.18	1.8471	0.9833	1.4068	809.73	-0.023202	8.2669e-05	0.10361	supercritical
600.0	1493.0	783.17	0.0012769	532.66	723.29	1.8466	0.98342	1.4067	810.65	-0.023278	8.2791e-05	0.10372	supercritical
600.0	1496.2	783.88	0.0012757	532.52	723.4	1.8461	0.98354	1.4067	811.58	-0.023353	8.2914e-05	0.10383	supercritical
600.0	1499.5	784.59	0.0012746	532.38	723.5	1.8456	0.98366	1.4066	812.5	-0.023427	8.3036e-05	0.10394	supercritical
600.0	1502.8	785.29	0.0012734	532.25	723.61	1.845	0.98377	1.4066	813.43	-0.023501	8.3158e-05	0.10405	supercritical
600.0	1506.0	785.99	0.0012723	532.11	723.72	1.8445	0.98389	1.4066	814.35	-0.023575	8.328e-05	0.10416	supercritical
600.0	1509.2	786.69	0.0012711	531.98	723.83	1.844	0.98401	1.4065	815.27	-0.023648	8.3402e-05	0.10427	supercritical
600.0	1512.5	787.39	0.00127	531.84	723.94	1.8435	0.98413	1.4065	816.19	-0.023721	8.3523e-05	0.10438	supercritical
600.0	1515.8	788.08	0.0012689	531.71	724.04	1.843	0.98425	1.4064	817.11	-0.023794	8.3645e-05	0.10449	supercritical
600.0	1519.0	788.78	0.0012678	531.58	724.15	1.8425	0.98437	1.4064	818.03	-0.023866	8.3767e-05	0.1046	supercritical
600.0	1522.2	789.47	0.0012667	531.44	724.26	1.842	0.98449	1.4063	818.94	-0.023937	8.3888e-05	0.10471	supercritical
600.0	1525.5	790.16	0.0012656	531.31	724.37	1.8415	0.98461	1.4063	819.86	-0.024009	8.401e-05	0.10482	supercritical
600.0	1528.8	790.85	0.0012645	531.18	724.48	1.841	0.98472	1.4062	820.77	-0.02408	8.4131e-05	0.10493	supercritical
600.0	1532.0	791.54	0.0012634	531.05	724.59	1.8405	0.98484	1.4062	821.68	-0.02415	8.4253e-05	0.10504	supercritical
600.0	1535.2	792.23	0.0012623	530.91	724.7	1.84	0.98496	1.4061	822.59	-0.02422	8.4374e-05	0.10515	supercritical
600.0	1538.5	792.91	0.0012612	530.78	724.81	1.8395	0.98508	1.4061	823.5	-0.02429	8.4495e-05	0.10526	supercritical
600.0	1541.8	793.6	0.0012601	530.65	724.92	1.839	0.9852	1.4061	824.41	-0.02436	8.4616e-05	0.10537	supercritical
600.0	1545.0	794.28	0.001259	530.52	725.04	1.8385	0.98532	1.406	825.32	-0.024429	8.4737e-05	0.10548	supercritical
600.0	1548.2	794.96	0.0012579	530.39	725.15	1.838	0.98544	1.406	826.23	-0.024497	8.4858e-05	0.10559	supercritical
600.0	1551.5	795.64	0.0012569	530.26	725.26	1.8375	0.98555	1.4059	827.13	-0.024566	8.4979e-05	0.1057	supercritical
600.0	1554.8	796.31	0.0012558	530.13	725.37	1.837	0.98567	1.4059	828.04	-0.024633	8.51e-05	0.10581	supercritical
600.0	1558.0	796.99	0.0012547	530.0	725.49	1.8365	0.98579	1.4058	828.94	-0.024701	8.5221e-05	0.10592	supercritical
600.0	1561.2	797.66	0.0012537	529.87	725.6	1.836	0.98591	1.4058	829.84	-0.024768	8.5342e-05	0.10603	supercritical
600.0	1564.5	798.33	0.0012526	529.74	725.71	1.8355	0.98603	1.4058	830.75	-0.024835	8.5462e-05	0.10614	supercritical
600.0	1567.8	799.0	0.0012516	529.61	725.82	1.8351	0.98615	1.4057	831.64	-0.024901	8.5583e-05	0.10625	supercritical
600.0	1571.0	799.67	0.0012505	529.48	725.94	1.8346	0.98626	1.4057	832.54	-0.024967	8.5704e-05	0.10636	supercritical
600.0	1574.2	800.34	0.0012495	529.36	726.05	1.8341	0.98638	1.4056	833.44	-0.025033	8.5824e-05	0.10647	supercritical
600.0	1577.5	801.01	0.0012484	529.23	726.17	1.8336	0.9865	1.4056	834.34	-0.025099	8.5944e-05	0.10657	supercritical
600.0	1580.8	801.67	0.0012474	529.1	726.28	1.8331	0.98662	1.4056	835.23	-0.025164	8.6065e-05	0.10668	supercritical
600.0	1584.0	802.33	0.0012464	528.97	726.4	1.8326	0.98674	1.4055	836.13	-0.025228	8.6185e-05	0.10679	supercritical
600.0	1587.2	803.0	0.0012453	528.85	726.51	1.8321	0.98685	1.4055	837.02	-0.025293	8.6305e-05	0.1069	supercritical
600.0	1590.5	803.66	0.0012443	528.72	726.63	1.8317	0.98697	1.4054	837.91	-0.025357	8.6425e-05	0.10701	supercritical
600.0	1593.8	804.31	0.0012433	528.59	726.74	1.8312	0.98709	1.4054	838.8	-0.02542	8.6545e-05	0.10712	supercritical
600.0	1597.0	804.97	0.0012423	528.47	726.86	1.8307	0.98721	1.4054	839.69	-0.025483	8.6665e-05	0.10723	supercritical
600.0	1600.2	805.63	0.0012413	528.34	726.98	1.8302	0.98733	1.4053	840.58	-0.025546	8.6785e-05	0.10734	supercritical
600.0	1603.5	806.28	0.0012403	528.22	727.09	1.8297	0.98744	1.4053	841.47	-0.025609	8.6905e-05	0.10745	supercritical
600.0	1606.8	806.93	0.0012393	528.09	727.21	1.8293	0.98756	1.4052	842.36	-0.025671	8.7025e-05	0.10756	supercritical
600.0	1610.0	807.58	0.0012383	527.97	727.33	1.8288	0.98768	1.4052	843.24	-0.025733	8.7144e-05	0.10767	supercritical
600.0	1613.2	808.23	0.0012373	527.84	727.45	1.8283	0.9878	1.4052	844.13	-0.025795	8.7264e-05	0.10777	supercritical
600.0	1616.5	808.88	0.0012363	527.72	727.56	1.8278	0.98791	1.4051	845.01	-0.025856	8.7384e-05	0.10788	supercritical
600.0	1619.8	809.53	0.0012353	527.6	727.68	1.8274	0.98803	1.4051	845.89	-0.025917	8.7503e-05	0.10799	supercritical
600.0	1623.0	810.17	0.0012343	527.47	727.8	1.8269	0.98815	1.405	846.77	-0.025978	8.7623e-05	0.1081	supercritical
600.0	1626.2	810.82	0.0012333	527.35	727.92	1.8264	0.98827	1.405	847.65	-0.026038	8.7742e-05	0.10821	supercritical
600.0	1629.5	811.46	0.0012323	527.23	728.04	1.826	0.98838	1.405	848.53	-0.026098	8.7861e-05	0.10832	supercritical
600.0	1632.8	812.1	0.0012314	527.11	728.16	1.8255	0.9885	1.4049	849.41	-0.026158	8.798e-05	0.10843	supercritical
600.0	1636.0	812.74	0.0012304	526.98	728.28	1.825	0.98862	1.4049	850.28	-0.026217	8.81e-05	0.10854	supercritical
600.0	1639.2	813.38	0.0012294	526.86	728.4	1.8246	0.98874	1.4048	851.16	-0.026276	8.8219e-05	0.10864	supercritical
600.0	1642.5	814.01	0.0012285	526.74	728.52	1.8241	0.98885	1.4048	852.03	-0.026335	8.8338e-05	0.10875	supercritical
600.0	1645.8	814.65	0.0012275	526.62	728.64	1.8236	0.98897	1.4048	852.91	-0.026394	8.8457e-05	0.10886	supercritical
600.0	1649.0	815.28	0.0012266	526.5	728.76	1.8232	0.98909	1.4047	853.78	-0.026452	8.8576e-05	0.10897	supercritical
600.0	1652.2	815.92	0.0012256	526.38	728.88	1.8227	0.98921	1.4047	854.65	-0.02651	8.8694e-05	0.10908	supercritical
600.0	1655.5	816.55	0.0012247	526.26	729.0	1.8222	0.98932	1.4047	855.52	-0.026567	8.8813e-05	0.10919	supercritical
600.0	1658.8	817.18	0.0012237	526.14	729.12	1.8218	0.98944	1.4046	856.39	-0.026624	8.8932e-05	0.1093	supercritical
600.0	1662.0	817.81	0.0012228	526.02	729.24	1.8213	0.98956	1.4046	857.26	-0.026681	8.9051e-05	0.1094	supercritical
600.0	1665.2	818.43	0.0012218	525.9	729.37	1.8209	0.98968	1.4046	858.12	-0.026738	8.9169e-05	0.10951	supercritical
600.0	1668.5	819.06	0.0012209	525.78	729.49	1.8204	0.98979	1.4045	858.99	-0.026794	8.9288e-05	0.10962	supercritical
600.0	1671.8	819.68	0.00122	525.66	729.61	1.8199	0.98991	1.4045	859.85	-0.02685	8.9406e-05	0.10973	supercritical
600.0	1675.0	820.31	0.0012191	525.54	729.73	1.8195	0.99003	1.4044	860.72	-0.026906	8.9525e-05	0.10984	supercritical
600.0	1678.2	820.93	0.0012181	525.42	729.86	1.819	0.99014	1.4044	861.58	-0.026962	8.9643e-05	0.10995	supercritical
600.0	1681.5	821.55	0.0012172	525.3	729.98	1.8186	0.99026	1.4044	862.44	-0.027017	8.9761e-05	0.11005	supercritical
600.0	1684.8	822.17	0.0012163	525.19	730.1	1.8181	0.99038	1.4043	863.3	-0.027072	8.988e-05	0.11016	supercritical
600.0	1688.0	822.78	0.0012154	525.07	730.23	1.8177	0.9905	1.4043	864.16	-0.027126	8.9998e-05	0.11027	supercritical
600.0	1691.2	823.4	0.0012145	524.95	730.35	1.8172	0.99061	1.4043	865.02	-0.027181	9.0116e-05	0.11038	supercritical
600.0	1694.5	824.02	0.0012136	524.84	730.47	1.8168	0.99073	1.4042	865.87	-0.027235	9.0234e-05	0.11049	supercritical
600.0	1697.8	824.63	0.0012127	524.72	730.6	1.8163	0.99085	1.4042	866.73	-0.027288	9.0352e-05	0.11059	supercritical
600.0	1701.0	825.24	0.0012118	524.6	730.72	1.8159	0.99096	1.4042	867.59	-0.027342	9.047e-05	0.1107	supercritical
600.0	1704.2	825.85	0.0012109	524.49	730.85	1.8154	0.99108	1.4041	868.44	-0.027395	9.0588e-05	0.11081	supercritical
600.0	1707.5	826.46	0.00121	524.37	730.97	1.815	0.9912	1.4041	869.29	-0.027448	9.0705e-05	0.11092	supercritical
600.0	1710.8	827.07	0.0012091	524.25	731.1	1.8145	0.99131	1.4041	870.14	-0.027501	9.0823e-05	0.11103	supercritical
600.0	1714.0	827.68	0.0012082	524.14	731.22	1.8141	0.99143	1.404	870.99	-0.027553	9.0941e-05	0.11114	supercritical
600.0	1717.2	828.29	0.0012073	524.02	731.35	1.8136	0.99155	1.404	871.84	-0.027605	9.1059e-05	0.11124	supercritical
600.0	1720.5	828.89	0.0012064	523.91	731.48	1.8132	0.99166	1.404	872.69	-0.027657	9.1176e-05	0.11135	supercritical
600.0	1723.8	829.49	0.0012056	523.8	731.6	1.8128	0.99178	1.4039	873.54	-0.027709	9.1294e-05	0.11146	supercritical
600.0	1727.0	830.1	0.0012047	523.68	731.73	1.8123	0.9919	1.4039	874.39	-0.02776	9.1411e-05	0.11157	supercritical
600.0	1730.2	830.7	0.0012038	523.57	731.86	1.8119	0.99201	1.4039	875.23	-0.027811	9.1528e-05	0.11167	supercritical
600.0	1733.5	831.3	0.0012029	523.45	731.98	1.8114	0.99213	1.4038	876.08	-0.027862	9.1646e-05	0.11178	supercritical
600.0	1736.8	831.9	0.0012021	523.34	732.11	1.811	0.99225	1.4038	876.92	-0.027913	9.1763e-05	0.11189	supercritical
600.0	1740.0	832.49	0.0012012	523.23	732.24	1.8106	0.99236	1.4038	877.76	-0.027963	9.188e-05	0.112	supercritical
600.0	1743.2	833.09	0.0012004	523.11	732.37	1.8101	0.99248	1.4037	878.6	-0.028013	9.1997e-05	0.11211	supercritical
600.0	1746.5	833.68	0.0011995	523.0	732.49	1.8097	0.9926	1.4037	879.44	-0.028063	9.2115e-05	0.11221	supercritical
600.0	1749.8	834.28	0.0011986	522.89	732.62	1.8092	0.99271	1.4037	880.28	-0.028113	9.2232e-05	0.11232	supercritical
600.0	1753.0	834.87	0.0011978	522.78	732.75	1.8088	0.99283	1.4037	881.12	-0.028162	9.2349e-05	0.11243	supercritical
600.0	1756.2	835.46	0.0011969	522.66	732.88	1.8084	0.99294	1.4036	881.96	-0.028211	9.2465e-05	0.11254	supercritical
600.0	1759.5	836.05	0.0011961	522.55	733.01	1.8079	0.99306	1.4036	882.79	-0.02826	9.2582e-05	0.11265	supercritical
600.0	1762.8	836.64	0.0011953	522.44	733.14	1.8075	0.99318	1.4036	883.63	-0.028308	9.2699e-05	0.11275	supercritical
600.0	1766.0	837.23	0.0011944	522.33	733.27	1.8071	0.99329	1.4035	884.46	-0.028357	9.2816e-05	0.11286	supercritical
600.0	1769.2	837.81	0.0011936	522.22	733.39	1.8067	0.99341	1.4035	885.3	-0.028405	9.2933e-05	0.11297	supercritical
600.0	1772.5	838.4	0.0011927	522.11	733.52	1.8062	0.99353	1.4035	886.13	-0.028453	9.3049e-05	0.11308	supercritical
600.0	1775.8	838.98	0.0011919	522.0	733.65	1.8058	0.99364	1.4034	886.96	-0.0285	9.3166e-05	0.11318	supercritical
600.0	1779.0	839.57	0.0011911	521.89	733.78	1.8054	0.99376	1.4034	887.79	-0.028548	9.3282e-05	0.11329	supercritical
600.0	1782.2	840.15	0.0011903	521.78	733.91	1.8049	0.99387	1.4034	888.62	-0.028595	9.3399e-05	0.1134	supercritical
600.0	1785.5	840.73	0.0011894	521.67	734.05	1.8045	0.99399	1.4034	889.45	-0.028642	9.3515e-05	0.11351	supercritical
600.0	1788.8	841.31	0.0011886	521.56	734.18	1.8041	0.99411	1.4033	890.27	-0.028689	9.3632e-05	0.11361	supercritical
600.0	1792.0	841.89	0.0011878	521.45	734.31	1.8037	0.99422	1.4033	891.1	-0.028735	9.3748e-05	0.11372	supercritical
600.0	1795.2	842.46	0.001187	521.34	734.44	1.8032	0.99434	1.4033	891.93	-0.028781	9.3864e-05	0.11383	supercritical
600.0	1798.5	843.04	0.0011862	521.23	734.57	1.8028	0.99445	1.4032	892.75	-0.028827	9.3981e-05	0.11394	supercritical
600.0	1801.8	843.61	0.0011854	521.13	734.7	1.8024	0.99457	1.4032	893.57	-0.028873	9.4097e-05	0.11404	supercritical
600.0	1805.0	844.19	0.0011846	521.02	734.83	1.802	0.99469	1.4032	894.4	-0.028919	9.4213e-05	0.11415	supercritical
600.0	1808.2	844.76	0.0011838	520.91	734.96	1.8015	0.9948	1.4032	895.22	-0.028964	9.4329e-05	0.11426	supercritical
600.0	1811.5	845.33	0.001183	520.8	735.1	1.8011	0.99492	1.4031	896.04	-0.029009	9.4445e-05	0.11437	supercritical
600.0	1814.8	845.9	0.0011822	520.7	735.23	1.8007	0.99503	1.4031	896.86	-0.029054	9.4561e-05	0.11447	supercritical
600.0	1818.0	846.47	0.0011814	520.59	735.36	1.8003	0.99515	1.4031	897.67	-0.029098	9.4677e-05	0.11458	supercritical
600.0	1821.2	847.04	0.0011806	520.48	735.49	1.7999	0.99526	1.4031	898.49	-0.029143	9.4793e-05	0.11469	supercritical
600.0	1824.5	847.61	0.0011798	520.37	735.63	1.7994	0.99538	1.403	899.31	-0.029187	9.4908e-05	0.1148	supercritical
600.0	1827.8	848.17	0.001179	520.27	735.76	1.799	0.9955	1.403	900.12	-0.029231	9.5024e-05	0.1149	supercritical
600.0	1831.0	848.74	0.0011782	520.16	735.89	1.7986	0.99561	1.403	900.94	-0.029275	9.514e-05	0.11501	supercritical
600.0	1834.2	849.3	0.0011774	520.06	736.03	1.7982	0.99573	1.4029	901.75	-0.029319	9.5256e-05	0.11512	supercritical
600.0	1837.5	849.86	0.0011767	519.95	736.16	1.7978	0.99584	1.4029	902.56	-0.029362	9.5371e-05	0.11523	supercritical
600.0	1840.8	850.42	0.0011759	519.85	736.3	1.7974	0.99596	1.4029	903.37	-0.029405	9.5487e-05	0.11533	supercritical
600.0	1844.0	850.99	0.0011751	519.74	736.43	1.797	0.99607	1.4029	904.18	-0.029448	9.5602e-05	0.11544	supercritical
600.0	1847.2	851.54	0.0011743	519.63	736.56	1.7965	0.99619	1.4028	904.99	-0.029491	9.5718e-05	0.11555	supercritical
600.0	1850.5	852.1	0.0011736	519.53	736.7	1.7961	0.9963	1.4028	905.8	-0.029533	9.5833e-05	0.11565	supercritical
600.0	1853.8	852.66	0.0011728	519.43	736.83	1.7957	0.99642	1.4028	906.61	-0.029576	9.5948e-05	0.11576	supercritical
600.0	1857.0	853.22	0.001172	519.32	736.97	1.7953	0.99654	1.4028	907.42	-0.029618	9.6064e-05	0.11587	supercritical
600.0	1860.2	853.77	0.0011713	519.22	737.1	1.7949	0.99665	1.4027	908.22	-0.02966	9.6179e-05	0.11598	supercritical
600.0	1863.5	854.33	0.0011705	519.11	737.24	1.7945	0.99677	1.4027	909.03	-0.029701	9.6294e-05	0.11608	supercritical
600.0	1866.8	854.88	0.0011698	519.01	737.37	1.7941	0.99688	1.4027	909.83	-0.029743	9.6409e-05	0.11619	supercritical
600.0	1870.0	855.43	0.001169	518.91	737.51	1.7937	0.997	1.4027	910.63	-0.029784	9.6524e-05	0.1163	supercritical
600.0	1873.2	855.98	0.0011683	518.8	737.65	1.7933	0.99711	1.4027	911.44	-0.029825	9.6639e-05	0.11641	supercritical
600.0	1876.5	856.53	0.0011675	518.7	737.78	1.7929	0.99723	1.4026	912.24	-0.029866	9.6754e-05	0.11651	supercritical
600.0	1879.8	857.08	0.0011668	518.6	737.92	1.7925	0.99734	1.4026	913.04	-0.029907	9.6869e-05	0.11662	supercritical
600.0	1883.0	857.63	0.001166	518.5	738.05	1.7921	0.99746	1.4026	913.84	-0.029948	9.6984e-05	0.11673	supercritical
600.0	1886.2	858.17	0.0011653	518.39	738.19	1.7917	0.99757	1.4026	914.63	-0.029988	9.7099e-05	0.11683	supercritical
600.0	1889.5	858.72	0.0011645	518.29	738.33	1.7912	0.99769	1.4025	915.43	-0.030028	9.7214e-05	0.11694	supercritical
600.0	1892.8	859.26	0.0011638	518.19	738.46	1.7908	0.9978	1.4025	916.23	-0.030068	9.7329e-05	0.11705	supercritical
600.0	1896.0	859.81	0.0011631	518.09	738.6	1.7904	0.99792	1.4025	917.02	-0.030108	9.7443e-05	0.11716	supercritical
600.0	1899.2	860.35	0.0011623	517.99	738.74	1.79	0.99803	1.4025	917.82	-0.030147	9.7558e-05	0.11726	supercritical
600.0	1902.5	860.89	0.0011616	517.89	738.88	1.7896	0.99815	1.4024	918.61	-0.030187	9.7673e-05	0.11737	supercritical
600.0	1905.8	861.43	0.0011609	517.78	739.01	1.7892	0.99826	1.4024	919.4	-0.030226	9.7787e-05	0.11748	supercritical
600.0	1909.0	861.97	0.0011601	517.68	739.15	1.7888	0.99838	1.4024	920.19	-0.030265	9.7902e-05	0.11758	supercritical
600.0	1912.2	862.51	0.0011594	517.58	739.29	1.7884	0.99849	1.4024	920.99	-0.030304	9.8016e-05	0.11769	supercritical
600.0	1915.5	863.05	0.0011587	517.48	739.43	1.788	0.99861	1.4024	921.78	-0.030343	9.8131e-05	0.1178	supercritical
600.0	1918.8	863.59	0.001158	517.38	739.57	1.7877	0.99872	1.4023	922.56	-0.030381	9.8245e-05	0.11791	supercritical
600.0	1922.0	864.12	0.0011572	517.28	739.71	1.7873	0.99884	1.4023	923.35	-0.030419	9.8359e-05	0.11801	supercritical
600.0	1925.2	864.66	0.0011565	517.18	739.84	1.7869	0.99895	1.4023	924.14	-0.030457	9.8474e-05	0.11812	supercritical
600.0	1928.5	865.19	0.0011558	517.08	739.98	1.7865	0.99906	1.4023	924.93	-0.030495	9.8588e-05	0.11823	supercritical
600.0	1931.8	865.72	0.0011551	516.99	740.12	1.7861	0.99918	1.4023	925.71	-0.030533	9.8702e-05	0.11833	supercritical
600.0	1935.0	866.25	0.0011544	516.89	740.26	1.7857	0.99929	1.4022	926.5	-0.030571	9.8816e-05	0.11844	supercritical
600.0	1938.2	866.79	0.0011537	516.79	740.4	1.7853	0.99941	1.4022	927.28	-0.030608	9.893e-05	0.11855	supercritical
600.0	1941.5	867.31	0.001153	516.69	740.54	1.7849	0.99952	1.4022	928.06	-0.030645	9.9044e-05	0.11865	supercritical
600.0	1944.8	867.84	0.0011523	516.59	740.68	1.7845	0.99964	1.4022	928.84	-0.030683	9.9158e-05	0.11876	supercritical
600.0	1948.0	868.37	0.0011516	516.49	740.82	1.7841	0.99975	1.4022	929.62	-0.030719	9.9272e-05	0.11887	supercritical
600.0	1951.2	868.9	0.0011509	516.39	740.96	1.7837	0.99987	1.4021	930.4	-0.030756	9.9386e-05	0.11898	supercritical
600.0	1954.5	869.42	0.0011502	516.3	741.1	1.7833	0.99998	1.4021	931.18	-0.030793	9.95e-05	0.11908	supercritical
600.0	1957.8	869.95	0.0011495	516.2	741.24	1.7829	1.0001	1.4021	931.96	-0.030829	9.9614e-05	0.11919	supercritical
600.0	1961.0	870.47	0.0011488	516.1	741.38	1.7826	1.0002	1.4021	932.74	-0.030865	9.9728e-05	0.1193	supercritical
600.0	1964.2	871.0	0.0011481	516.0	741.52	1.7822	1.0003	1.4021	933.51	-0.030901	9.9842e-05	0.1194	supercritical
600.0	1967.5	871.52	0.0011474	515.91	741.66	1.7818	1.0004	1.402	934.29	-0.030937	9.9955e-05	0.11951	supercritical
600.0	1970.8	872.04	0.0011467	515.81	741.8	1.7814	1.0006	1.402	935.06	-0.030973	0.00010007	0.11962	supercritical
600.0	1974.0	872.56	0.0011461	515.71	741.95	1.781	1.0007	1.402	935.84	-0.031009	0.00010018	0.11972	supercritical
600.0	1977.2	873.08	0.0011454	515.62	742.09	1.7806	1.0008	1.402	936.61	-0.031044	0.0001003	0.11983	supercritical
600.0	1980.5	873.6	0.0011447	515.52	742.23	1.7802	1.0009	1.402	937.38	-0.031079	0.00010041	0.11994	supercritical
600.0	1983.8	874.12	0.001144	515.43	742.37	1.7799	1.001	1.4019	938.15	-0.031114	0.00010052	0.12004	supercritical
600.0	1987.0	874.63	0.0011433	515.33	742.51	1.7795	1.0011	1.4019	938.92	-0.031149	0.00010064	0.12015	supercritical
600.0	1990.2	875.15	0.0011427	515.24	742.65	1.7791	1.0012	1.4019	939.69	-0.031184	0.00010075	0.12026	supercritical
600.0	1993.5	875.66	0.001142	515.14	742.8	1.7787	1.0014	1.4019	940.46	-0.031219	0.00010086	0.12037	supercritical
600.0	1996.8	876.18	0.0011413	515.05	742.94	1.7783	1.0015	1.4019	941.23	-0.031253	0.00010098	0.12047	supercritical
600.0	2000.0	876.69	0.0011407	514.95	743.08	1.7779	1.0016	1.4019	942.0	-0.031287	0.00010109	0.12058	supercritical
