Temperature (K)	Pressure (bar)	Density (kg/m3)	Volume (m3/kg)	Internal Energy (kJ/kg)	Enthalpy (kJ/kg)	Entropy (J/g*K)	Cv (J/g*K)	Cp (J/g*K)	Sound Spd. (m/s)	Joule-Thomson (K/bar)	Viscosity (Pa*s)	Therm. Cond. (W/m*K)	Phase
319.0	56.5	128.35	0.0077911	422.87	466.89	1.9022	0.82048	1.5484	238.07	0.89592	1.7626e-05	0.024666	vapor
319.0	59.75	139.55	0.007166	419.44	462.26	1.8801	0.83345	1.6476	235.44	0.88872	1.7868e-05	0.025543	vapor
319.0	63.0	151.58	0.0065973	415.8	457.36	1.8577	0.84744	1.7649	232.76	0.88004	1.8146e-05	0.026555	vapor
319.0	66.25	164.59	0.0060756	411.9	452.15	1.8349	0.86264	1.906	230.03	0.86957	1.8467e-05	0.027738	vapor
319.0	69.5	178.79	0.0055931	407.69	446.57	1.8115	0.87924	2.0784	227.26	0.85691	1.8843e-05	0.029133	vapor
319.0	72.75	194.44	0.0051428	403.13	440.54	1.7871	0.8975	2.2935	224.44	0.84156	1.9289e-05	0.030798	vapor
319.0	76.0	211.91	0.004719	398.12	433.98	1.7616	0.91769	2.5684	221.6	0.82284	1.9826e-05	0.032814	vapor
319.0	76.0	211.91	0.004719	398.12	433.98	1.7616	0.91769	2.5684	221.6	0.82284	1.9826e-05	0.032814	supercritical
319.0	76.0	211.91	0.004719	398.12	433.98	1.7616	0.91769	2.5684	221.6	0.82284	1.9826e-05	0.032814	supercritical
319.0	79.25	231.69	0.004316	392.55	426.76	1.7343	0.9401	2.9295	218.74	0.79982	2.0486e-05	0.035285	supercritical
319.0	82.5	254.53	0.0039288	386.27	418.69	1.7048	0.96494	3.4178	215.95	0.77123	2.1317e-05	0.038358	supercritical
319.0	85.75	281.49	0.0035525	379.07	409.53	1.6723	0.9921	4.0958	213.33	0.73526	2.2398e-05	0.042213	supercritical
319.0	89.0	314.07	0.003184	370.67	399.01	1.6359	1.0207	5.0412	211.21	0.6895	2.3852e-05	0.047016	supercritical
319.0	92.25	354.02	0.0028247	360.85	386.9	1.5949	1.0475	6.2802	210.2	0.63194	2.5867e-05	0.052721	supercritical
319.0	95.5	402.13	0.0024867	349.66	373.41	1.5499	1.0657	7.5838	211.67	0.56309	2.8649e-05	0.058694	supercritical
319.0	98.75	454.83	0.0021986	338.13	359.84	1.505	1.0672	8.1039	217.81	0.48713	3.2173e-05	0.063211	supercritical
319.0	102.0	503.47	0.0019862	328.02	348.27	1.4666	1.0537	7.5546	228.66	0.41708	3.5901e-05	0.065566	supercritical
319.0	105.25	543.39	0.0018403	319.96	339.33	1.4366	1.0348	6.6293	242.6	0.35916	3.933e-05	0.066776	supercritical
319.0	108.5	574.84	0.0017396	313.7	332.57	1.4136	1.0171	5.7807	257.28	0.31365	4.2284e-05	0.067651	supercritical
319.0	111.75	599.92	0.0016669	308.72	327.34	1.3955	1.0024	5.1342	271.48	0.27826	4.4812e-05	0.068563	supercritical
319.0	115.0	620.53	0.0016115	304.62	323.16	1.3807	0.99059	4.6552	284.85	0.25023	4.701e-05	0.069553	supercritical
319.0	118.25	637.91	0.0015676	301.16	319.69	1.3682	0.98114	4.2921	297.37	0.22749	4.8954e-05	0.070582	supercritical
319.0	121.5	652.91	0.0015316	298.15	316.76	1.3574	0.97345	4.0085	309.08	0.20863	5.07e-05	0.071616	supercritical
319.0	124.75	666.08	0.0015013	295.49	314.22	1.3479	0.96706	3.781	320.07	0.1927	5.2291e-05	0.072636	supercritical
319.0	128.0	677.82	0.0014753	293.11	312.0	1.3394	0.96163	3.5945	330.43	0.17905	5.3754e-05	0.073631	supercritical
319.0	131.25	688.41	0.0014526	290.96	310.02	1.3317	0.95696	3.4388	340.22	0.16718	5.5111e-05	0.074597	supercritical
319.0	134.5	698.06	0.0014325	288.98	308.25	1.3247	0.95286	3.3067	349.53	0.15675	5.6381e-05	0.075532	supercritical
319.0	137.75	706.92	0.0014146	287.16	306.64	1.3182	0.94924	3.1934	358.4	0.14751	5.7576e-05	0.076435	supercritical
319.0	141.0	715.12	0.0013984	285.46	305.18	1.3122	0.94601	3.0949	366.88	0.13924	5.8707e-05	0.07731	supercritical
319.0	144.25	722.75	0.0013836	283.88	303.83	1.3066	0.9431	3.0086	375.02	0.1318	5.9781e-05	0.078155	supercritical
319.0	147.5	729.89	0.0013701	282.39	302.59	1.3013	0.94047	2.9323	382.84	0.12506	6.0807e-05	0.078974	supercritical
319.0	150.75	736.6	0.0013576	280.98	301.45	1.2963	0.93808	2.8642	390.37	0.11891	6.1789e-05	0.079767	supercritical
319.0	154.0	742.93	0.001346	279.65	300.38	1.2916	0.93589	2.8032	397.65	0.11327	6.2732e-05	0.080536	supercritical
319.0	157.25	748.92	0.0013353	278.38	299.38	1.2871	0.93389	2.748	404.69	0.10809	6.364e-05	0.081283	supercritical
319.0	160.5	754.62	0.0013252	277.18	298.44	1.2828	0.93205	2.6979	411.51	0.1033	6.4517e-05	0.08201	supercritical
319.0	163.75	760.04	0.0013157	276.02	297.57	1.2787	0.93035	2.6522	418.12	0.098857	6.5365e-05	0.082716	supercritical
319.0	167.0	765.22	0.0013068	274.92	296.74	1.2748	0.92879	2.6103	424.55	0.094721	6.6187e-05	0.083405	supercritical
319.0	170.25	770.18	0.0012984	273.85	295.96	1.271	0.92735	2.5717	430.8	0.09086	6.6986e-05	0.084076	supercritical
319.0	173.5	774.94	0.0012904	272.83	295.22	1.2673	0.92602	2.536	436.88	0.087245	6.7763e-05	0.084731	supercritical
319.0	176.75	779.51	0.0012829	271.84	294.52	1.2638	0.92479	2.5029	442.81	0.083852	6.8519e-05	0.085371	supercritical
319.0	180.0	783.92	0.0012756	270.89	293.85	1.2605	0.92365	2.472	448.59	0.080659	6.9257e-05	0.085997	supercritical
319.0	183.25	788.16	0.0012688	269.97	293.22	1.2572	0.92259	2.4432	454.23	0.077648	6.9977e-05	0.086609	supercritical
319.0	186.5	792.26	0.0012622	269.08	292.62	1.254	0.92161	2.4163	459.74	0.074802	7.0681e-05	0.087209	supercritical
319.0	189.75	796.23	0.0012559	268.21	292.05	1.2509	0.9207	2.391	465.13	0.072108	7.137e-05	0.087796	supercritical
319.0	193.0	800.07	0.0012499	267.38	291.5	1.2479	0.91985	2.3672	470.4	0.069553	7.2045e-05	0.088372	supercritical
319.0	196.25	803.79	0.0012441	266.56	290.98	1.245	0.91906	2.3448	475.56	0.067125	7.2707e-05	0.088938	supercritical
319.0	199.5	807.4	0.0012385	265.77	290.47	1.2422	0.91833	2.3236	480.61	0.064815	7.3356e-05	0.089493	supercritical
319.0	202.75	810.91	0.0012332	264.99	290.0	1.2394	0.91766	2.3036	485.55	0.062614	7.3993e-05	0.090038	supercritical
319.0	206.0	814.33	0.001228	264.24	289.54	1.2367	0.91703	2.2845	490.41	0.060513	7.4619e-05	0.090574	supercritical
319.0	209.25	817.65	0.001223	263.51	289.1	1.2341	0.91644	2.2665	495.17	0.058506	7.5235e-05	0.091101	supercritical
319.0	212.5	820.89	0.0012182	262.79	288.67	1.2315	0.91589	2.2493	499.84	0.056586	7.584e-05	0.09162	supercritical
319.0	215.75	824.04	0.0012135	262.09	288.27	1.229	0.91539	2.2329	504.42	0.054746	7.6437e-05	0.09213	supercritical
319.0	219.0	827.12	0.001209	261.4	287.88	1.2266	0.91492	2.2173	508.93	0.052983	7.7024e-05	0.092633	supercritical
319.0	222.25	830.12	0.0012046	260.73	287.51	1.2242	0.91448	2.2024	513.35	0.05129	7.7603e-05	0.093129	supercritical
319.0	225.5	833.06	0.0012004	260.08	287.15	1.2218	0.91407	2.1882	517.7	0.049663	7.8173e-05	0.093617	supercritical
319.0	228.75	835.93	0.0011963	259.43	286.8	1.2195	0.9137	2.1745	521.99	0.048099	7.8736e-05	0.094099	supercritical
319.0	232.0	838.74	0.0011923	258.8	286.47	1.2172	0.91335	2.1614	526.2	0.046593	7.9292e-05	0.094574	supercritical
319.0	235.25	841.49	0.0011884	258.19	286.14	1.215	0.91302	2.1489	530.34	0.045143	7.984e-05	0.095043	supercritical
319.0	238.5	844.18	0.0011846	257.58	285.83	1.2128	0.91272	2.1368	534.43	0.043744	8.0382e-05	0.095506	supercritical
319.0	241.75	846.82	0.0011809	256.99	285.54	1.2107	0.91244	2.1252	538.45	0.042394	8.0917e-05	0.095964	supercritical
319.0	245.0	849.4	0.0011773	256.4	285.25	1.2086	0.91219	2.1141	542.41	0.04109	8.1446e-05	0.096415	supercritical
319.0	248.25	851.94	0.0011738	255.83	284.97	1.2065	0.91195	2.1033	546.31	0.03983	8.1969e-05	0.096861	supercritical
319.0	251.5	854.42	0.0011704	255.27	284.7	1.2045	0.91173	2.0929	550.17	0.038612	8.2487e-05	0.097303	supercritical
319.0	254.75	856.87	0.001167	254.72	284.45	1.2025	0.91153	2.0829	553.96	0.037433	8.2999e-05	0.097739	supercritical
319.0	258.0	859.27	0.0011638	254.17	284.2	1.2005	0.91134	2.0733	557.71	0.036291	8.3505e-05	0.09817	supercritical
319.0	261.25	861.62	0.0011606	253.64	283.96	1.1986	0.91117	2.064	561.41	0.035184	8.4007e-05	0.098596	supercritical
319.0	264.5	863.94	0.0011575	253.11	283.72	1.1967	0.91101	2.0549	565.06	0.034112	8.4503e-05	0.099018	supercritical
319.0	267.75	866.21	0.0011544	252.59	283.5	1.1948	0.91087	2.0462	568.66	0.033071	8.4995e-05	0.099436	supercritical
319.0	271.0	868.45	0.0011515	252.08	283.29	1.193	0.91074	2.0378	572.22	0.032061	8.5482e-05	0.09985	supercritical
319.0	274.25	870.66	0.0011486	251.58	283.08	1.1911	0.91062	2.0296	575.74	0.03108	8.5965e-05	0.10026	supercritical
319.0	277.5	872.82	0.0011457	251.08	282.87	1.1893	0.91052	2.0216	579.22	0.030127	8.6444e-05	0.10066	supercritical
319.0	280.75	874.96	0.0011429	250.59	282.68	1.1876	0.91042	2.014	582.65	0.0292	8.6918e-05	0.10107	supercritical
319.0	284.0	877.06	0.0011402	250.11	282.49	1.1858	0.91033	2.0065	586.05	0.028299	8.7389e-05	0.10146	supercritical
319.0	287.25	879.13	0.0011375	249.64	282.31	1.1841	0.91026	1.9992	589.4	0.027422	8.7855e-05	0.10186	supercritical
319.0	290.5	881.17	0.0011349	249.17	282.14	1.1824	0.91019	1.9922	592.73	0.026569	8.8318e-05	0.10225	supercritical
319.0	293.75	883.18	0.0011323	248.71	281.97	1.1807	0.91013	1.9853	596.01	0.025737	8.8778e-05	0.10264	supercritical
319.0	297.0	885.16	0.0011297	248.25	281.8	1.179	0.91008	1.9787	599.26	0.024928	8.9233e-05	0.10302	supercritical
319.0	300.25	887.12	0.0011272	247.8	281.65	1.1774	0.91004	1.9722	602.48	0.024138	8.9686e-05	0.1034	supercritical
319.0	303.5	889.04	0.0011248	247.36	281.49	1.1758	0.91	1.9659	605.66	0.023368	9.0135e-05	0.10378	supercritical
319.0	306.75	890.94	0.0011224	246.92	281.35	1.1741	0.90998	1.9598	608.82	0.022618	9.058e-05	0.10415	supercritical
319.0	310.0	892.82	0.00112	246.48	281.21	1.1726	0.90995	1.9538	611.94	0.021885	9.1023e-05	0.10452	supercritical
319.0	313.25	894.67	0.0011177	246.06	281.07	1.171	0.90994	1.9479	615.03	0.02117	9.1463e-05	0.10489	supercritical
319.0	316.5	896.5	0.0011155	245.63	280.94	1.1694	0.90993	1.9423	618.09	0.020472	9.19e-05	0.10526	supercritical
319.0	319.75	898.3	0.0011132	245.22	280.81	1.1679	0.90992	1.9367	621.12	0.019789	9.2333e-05	0.10562	supercritical
319.0	323.0	900.08	0.001111	244.8	280.69	1.1664	0.90993	1.9313	624.13	0.019123	9.2764e-05	0.10598	supercritical
319.0	326.25	901.84	0.0011088	244.4	280.57	1.1649	0.90993	1.926	627.1	0.018471	9.3193e-05	0.10634	supercritical
319.0	329.5	903.58	0.0011067	243.99	280.46	1.1634	0.90994	1.9209	630.06	0.017835	9.3618e-05	0.10669	supercritical
319.0	332.75	905.3	0.0011046	243.59	280.35	1.1619	0.90996	1.9158	632.98	0.017212	9.4041e-05	0.10704	supercritical
319.0	336.0	907.0	0.0011025	243.2	280.24	1.1605	0.90998	1.9109	635.88	0.016602	9.4462e-05	0.10739	supercritical
319.0	339.25	908.68	0.0011005	242.81	280.14	1.1591	0.91001	1.9061	638.76	0.016006	9.488e-05	0.10774	supercritical
319.0	342.5	910.34	0.0010985	242.42	280.05	1.1576	0.91003	1.9014	641.61	0.015422	9.5296e-05	0.10809	supercritical
319.0	345.75	911.98	0.0010965	242.04	279.95	1.1562	0.91007	1.8968	644.44	0.014851	9.5709e-05	0.10843	supercritical
319.0	349.0	913.6	0.0010946	241.66	279.86	1.1548	0.9101	1.8923	647.24	0.014291	9.612e-05	0.10877	supercritical
319.0	352.25	915.2	0.0010927	241.29	279.78	1.1534	0.91014	1.8879	650.02	0.013743	9.6529e-05	0.10911	supercritical
319.0	355.5	916.79	0.0010908	240.92	279.69	1.1521	0.91019	1.8836	652.78	0.013205	9.6936e-05	0.10944	supercritical
319.0	358.75	918.36	0.0010889	240.55	279.61	1.1507	0.91023	1.8794	655.52	0.012679	9.734e-05	0.10978	supercritical
319.0	362.0	919.91	0.0010871	240.19	279.54	1.1494	0.91028	1.8753	658.24	0.012162	9.7743e-05	0.11011	supercritical
319.0	365.25	921.45	0.0010852	239.83	279.47	1.148	0.91034	1.8712	660.94	0.011656	9.8143e-05	0.11044	supercritical
319.0	368.5	922.97	0.0010835	239.47	279.4	1.1467	0.91039	1.8673	663.61	0.01116	9.8541e-05	0.11077	supercritical
319.0	371.75	924.48	0.0010817	239.12	279.33	1.1454	0.91045	1.8634	666.27	0.010673	9.8938e-05	0.11109	supercritical
319.0	375.0	925.97	0.00108	238.77	279.27	1.1441	0.91051	1.8596	668.91	0.010195	9.9332e-05	0.11142	supercritical
319.0	378.25	927.44	0.0010782	238.42	279.21	1.1428	0.91058	1.8558	671.52	0.0097261	9.9725e-05	0.11174	supercritical
319.0	381.5	928.91	0.0010765	238.08	279.15	1.1415	0.91064	1.8522	674.12	0.0092659	0.00010012	0.11206	supercritical
319.0	384.75	930.35	0.0010749	237.74	279.1	1.1403	0.91071	1.8486	676.71	0.008814	0.00010051	0.11238	supercritical
319.0	388.0	931.79	0.0010732	237.4	279.04	1.139	0.91078	1.8451	679.27	0.0083702	0.00010089	0.11269	supercritical
319.0	391.25	933.21	0.0010716	237.07	279.0	1.1378	0.91085	1.8416	681.82	0.0079344	0.00010128	0.11301	supercritical
319.0	394.5	934.61	0.00107	236.74	278.95	1.1365	0.91093	1.8382	684.34	0.0075062	0.00010166	0.11332	supercritical
319.0	397.75	936.01	0.0010684	236.41	278.91	1.1353	0.91101	1.8349	686.86	0.0070856	0.00010204	0.11363	supercritical
319.0	401.0	937.39	0.0010668	236.09	278.86	1.1341	0.91108	1.8316	689.35	0.0066722	0.00010243	0.11394	supercritical
319.0	404.25	938.76	0.0010652	235.76	278.83	1.1329	0.91117	1.8284	691.83	0.0062659	0.0001028	0.11425	supercritical
319.0	407.5	940.12	0.0010637	235.44	278.79	1.1317	0.91125	1.8252	694.29	0.0058666	0.00010318	0.11456	supercritical
319.0	410.75	941.46	0.0010622	235.13	278.76	1.1305	0.91133	1.8221	696.74	0.0054739	0.00010356	0.11486	supercritical
319.0	414.0	942.79	0.0010607	234.81	278.73	1.1293	0.91142	1.8191	699.17	0.0050877	0.00010393	0.11516	supercritical
319.0	417.25	944.11	0.0010592	234.5	278.7	1.1281	0.91151	1.8161	701.59	0.004708	0.00010431	0.11547	supercritical
319.0	420.5	945.42	0.0010577	234.19	278.67	1.127	0.91159	1.8131	703.99	0.0043344	0.00010468	0.11577	supercritical
319.0	423.75	946.72	0.0010563	233.89	278.65	1.1258	0.91169	1.8102	706.38	0.0039669	0.00010505	0.11607	supercritical
319.0	427.0	948.01	0.0010548	233.58	278.62	1.1247	0.91178	1.8074	708.75	0.0036053	0.00010542	0.11636	supercritical
319.0	430.25	949.29	0.0010534	233.28	278.6	1.1235	0.91187	1.8045	711.11	0.0032494	0.00010578	0.11666	supercritical
319.0	433.5	950.55	0.001052	232.98	278.58	1.1224	0.91197	1.8018	713.45	0.0028991	0.00010615	0.11695	supercritical
319.0	436.75	951.81	0.0010506	232.68	278.57	1.1213	0.91206	1.7991	715.78	0.0025543	0.00010651	0.11725	supercritical
319.0	440.0	953.06	0.0010493	232.39	278.55	1.1202	0.91216	1.7964	718.1	0.0022149	0.00010688	0.11754	supercritical
319.0	443.25	954.29	0.0010479	232.09	278.54	1.1191	0.91226	1.7938	720.4	0.0018806	0.00010724	0.11783	supercritical
319.0	446.5	955.52	0.0010466	231.8	278.53	1.118	0.91236	1.7912	722.69	0.0015514	0.0001076	0.11812	supercritical
319.0	449.75	956.74	0.0010452	231.52	278.52	1.1169	0.91246	1.7886	724.97	0.0012272	0.00010796	0.11841	supercritical
319.0	453.0	957.94	0.0010439	231.23	278.52	1.1158	0.91256	1.7861	727.23	0.00090789	0.00010832	0.11869	supercritical
319.0	456.25	959.14	0.0010426	230.95	278.51	1.1147	0.91266	1.7837	729.48	0.00059327	0.00010868	0.11898	supercritical
319.0	459.5	960.33	0.0010413	230.66	278.51	1.1137	0.91277	1.7812	731.72	0.00028329	0.00010903	0.11926	supercritical
319.0	462.75	961.51	0.00104	230.38	278.51	1.1126	0.91287	1.7788	733.95	-2.2181e-05	0.00010939	0.11955	supercritical
319.0	466.0	962.68	0.0010388	230.11	278.51	1.1115	0.91298	1.7765	736.17	-0.00032323	0.00010974	0.11983	supercritical
319.0	469.25	963.84	0.0010375	229.83	278.51	1.1105	0.91309	1.7741	738.37	-0.00061995	0.0001101	0.12011	supercritical
319.0	472.5	965.0	0.0010363	229.56	278.52	1.1094	0.9132	1.7718	740.56	-0.00091244	0.00011045	0.12039	supercritical
319.0	475.75	966.14	0.001035	229.28	278.53	1.1084	0.91331	1.7696	742.74	-0.0012008	0.0001108	0.12067	supercritical
319.0	479.0	967.28	0.0010338	229.01	278.53	1.1074	0.91342	1.7674	744.91	-0.0014851	0.00011115	0.12094	supercritical
319.0	482.25	968.41	0.0010326	228.74	278.54	1.1064	0.91353	1.7652	747.07	-0.0017655	0.0001115	0.12122	supercritical
319.0	485.5	969.53	0.0010314	228.48	278.55	1.1053	0.91364	1.763	749.21	-0.002042	0.00011184	0.12149	supercritical
319.0	488.75	970.65	0.0010302	228.21	278.57	1.1043	0.91375	1.7609	751.35	-0.0023147	0.00011219	0.12177	supercritical
319.0	492.0	971.75	0.0010291	227.95	278.58	1.1033	0.91387	1.7587	753.47	-0.0025837	0.00011254	0.12204	supercritical
319.0	495.25	972.85	0.0010279	227.69	278.6	1.1023	0.91398	1.7567	755.59	-0.002849	0.00011288	0.12231	supercritical
319.0	498.5	973.94	0.0010268	227.43	278.61	1.1013	0.91409	1.7546	757.69	-0.0031108	0.00011322	0.12258	supercritical
319.0	501.75	975.02	0.0010256	227.17	278.63	1.1003	0.91421	1.7526	759.78	-0.0033692	0.00011357	0.12285	supercritical
319.0	505.0	976.1	0.0010245	226.91	278.65	1.0994	0.91433	1.7506	761.87	-0.0036241	0.00011391	0.12312	supercritical
319.0	508.25	977.17	0.0010234	226.66	278.67	1.0984	0.91444	1.7486	763.94	-0.0038756	0.00011425	0.12339	supercritical
319.0	511.5	978.23	0.0010223	226.41	278.69	1.0974	0.91456	1.7467	766.0	-0.0041239	0.00011459	0.12366	supercritical
319.0	514.75	979.28	0.0010212	226.15	278.72	1.0964	0.91468	1.7448	768.06	-0.004369	0.00011493	0.12392	supercritical
319.0	518.0	980.33	0.0010201	225.9	278.74	1.0955	0.9148	1.7429	770.1	-0.0046109	0.00011527	0.12419	supercritical
319.0	521.25	981.37	0.001019	225.66	278.77	1.0945	0.91492	1.741	772.13	-0.0048498	0.0001156	0.12445	supercritical
319.0	524.5	982.4	0.0010179	225.41	278.8	1.0936	0.91504	1.7392	774.16	-0.0050856	0.00011594	0.12471	supercritical
319.0	527.75	983.43	0.0010168	225.16	278.83	1.0926	0.91516	1.7374	776.17	-0.0053185	0.00011628	0.12498	supercritical
319.0	531.0	984.45	0.0010158	224.92	278.86	1.0917	0.91528	1.7356	778.18	-0.0055484	0.00011661	0.12524	supercritical
319.0	534.25	985.47	0.0010147	224.68	278.89	1.0908	0.91541	1.7338	780.18	-0.0057755	0.00011695	0.1255	supercritical
319.0	537.5	986.48	0.0010137	224.44	278.92	1.0898	0.91553	1.7321	782.16	-0.0059998	0.00011728	0.12576	supercritical
319.0	540.75	987.48	0.0010127	224.2	278.96	1.0889	0.91565	1.7303	784.14	-0.0062214	0.00011761	0.12601	supercritical
319.0	544.0	988.47	0.0010117	223.96	278.99	1.088	0.91578	1.7286	786.11	-0.0064403	0.00011794	0.12627	supercritical
319.0	547.25	989.46	0.0010106	223.72	279.03	1.0871	0.9159	1.7269	788.07	-0.0066565	0.00011827	0.12653	supercritical
319.0	550.5	990.45	0.0010096	223.49	279.07	1.0862	0.91603	1.7253	790.02	-0.0068701	0.0001186	0.12678	supercritical
319.0	553.75	991.42	0.0010087	223.25	279.11	1.0853	0.91615	1.7236	791.97	-0.0070812	0.00011893	0.12704	supercritical
319.0	557.0	992.4	0.0010077	223.02	279.15	1.0844	0.91628	1.722	793.9	-0.0072897	0.00011926	0.12729	supercritical
319.0	560.25	993.36	0.0010067	222.79	279.19	1.0835	0.9164	1.7204	795.83	-0.0074958	0.00011959	0.12755	supercritical
319.0	563.5	994.32	0.0010057	222.56	279.23	1.0826	0.91653	1.7188	797.75	-0.0076995	0.00011992	0.1278	supercritical
319.0	566.75	995.28	0.0010047	222.33	279.28	1.0817	0.91666	1.7172	799.66	-0.0079009	0.00012024	0.12805	supercritical
319.0	570.0	996.23	0.0010038	222.1	279.32	1.0808	0.91679	1.7157	801.56	-0.0080999	0.00012057	0.1283	supercritical
319.0	573.25	997.17	0.0010028	221.88	279.37	1.0799	0.91691	1.7141	803.46	-0.0082966	0.00012089	0.12855	supercritical
319.0	576.5	998.11	0.0010019	221.65	279.41	1.079	0.91704	1.7126	805.34	-0.0084911	0.00012122	0.1288	supercritical
319.0	579.75	999.04	0.001001	221.43	279.46	1.0782	0.91717	1.7111	807.22	-0.0086833	0.00012154	0.12905	supercritical
319.0	583.0	999.97	0.001	221.21	279.51	1.0773	0.9173	1.7096	809.09	-0.0088734	0.00012186	0.1293	supercritical
319.0	586.25	1000.9	0.00099911	220.99	279.56	1.0764	0.91743	1.7082	810.96	-0.0090614	0.00012219	0.12954	supercritical
319.0	589.5	1001.8	0.00099819	220.77	279.61	1.0756	0.91756	1.7067	812.81	-0.0092472	0.00012251	0.12979	supercritical
319.0	592.75	1002.7	0.00099728	220.55	279.66	1.0747	0.91769	1.7053	814.66	-0.009431	0.00012283	0.13003	supercritical
319.0	596.0	1003.6	0.00099638	220.33	279.71	1.0739	0.91783	1.7039	816.5	-0.0096128	0.00012315	0.13028	supercritical
319.0	599.25	1004.5	0.00099549	220.11	279.77	1.073	0.91796	1.7025	818.33	-0.0097926	0.00012347	0.13052	supercritical
319.0	602.5	1005.4	0.0009946	219.9	279.82	1.0722	0.91809	1.7011	820.16	-0.0099704	0.00012379	0.13077	supercritical
319.0	605.75	1006.3	0.00099372	219.68	279.88	1.0714	0.91822	1.6997	821.98	-0.010146	0.00012411	0.13101	supercritical
319.0	609.0	1007.2	0.00099284	219.47	279.93	1.0705	0.91835	1.6984	823.79	-0.01032	0.00012442	0.13125	supercritical
319.0	612.25	1008.1	0.00099197	219.26	279.99	1.0697	0.91849	1.697	825.6	-0.010492	0.00012474	0.13149	supercritical
319.0	615.5	1009.0	0.00099111	219.05	280.05	1.0689	0.91862	1.6957	827.39	-0.010663	0.00012506	0.13173	supercritical
319.0	618.75	1009.8	0.00099025	218.84	280.11	1.068	0.91876	1.6944	829.18	-0.010831	0.00012537	0.13197	supercritical
319.0	622.0	1010.7	0.0009894	218.63	280.17	1.0672	0.91889	1.6931	830.97	-0.010998	0.00012569	0.13221	supercritical
319.0	625.25	1011.6	0.00098855	218.42	280.23	1.0664	0.91902	1.6918	832.75	-0.011163	0.000126	0.13245	supercritical
319.0	628.5	1012.4	0.00098771	218.21	280.29	1.0656	0.91916	1.6905	834.52	-0.011326	0.00012632	0.13269	supercritical
319.0	631.75	1013.3	0.00098688	218.01	280.36	1.0648	0.91929	1.6893	836.28	-0.011488	0.00012663	0.13293	supercritical
319.0	635.0	1014.2	0.00098605	217.8	280.42	1.064	0.91943	1.688	838.04	-0.011648	0.00012694	0.13316	supercritical
319.0	638.25	1015.0	0.00098522	217.6	280.48	1.0632	0.91957	1.6868	839.79	-0.011806	0.00012726	0.1334	supercritical
319.0	641.5	1015.8	0.00098441	217.4	280.55	1.0624	0.9197	1.6856	841.53	-0.011962	0.00012757	0.13363	supercritical
319.0	644.75	1016.7	0.00098359	217.2	280.61	1.0616	0.91984	1.6844	843.27	-0.012118	0.00012788	0.13387	supercritical
319.0	648.0	1017.5	0.00098279	217.0	280.68	1.0608	0.91998	1.6832	845.0	-0.012271	0.00012819	0.1341	supercritical
319.0	651.25	1018.3	0.00098198	216.8	280.75	1.06	0.92011	1.682	846.72	-0.012423	0.0001285	0.13434	supercritical
319.0	654.5	1019.2	0.00098119	216.6	280.82	1.0592	0.92025	1.6808	848.44	-0.012573	0.00012881	0.13457	supercritical
319.0	657.75	1020.0	0.0009804	216.4	280.89	1.0584	0.92039	1.6797	850.16	-0.012722	0.00012912	0.1348	supercritical
319.0	661.0	1020.8	0.00097961	216.2	280.96	1.0576	0.92053	1.6785	851.86	-0.01287	0.00012943	0.13503	supercritical
319.0	664.25	1021.6	0.00097883	216.01	281.03	1.0569	0.92066	1.6774	853.56	-0.013016	0.00012974	0.13526	supercritical
319.0	667.5	1022.4	0.00097805	215.81	281.1	1.0561	0.9208	1.6763	855.26	-0.01316	0.00013005	0.13549	supercritical
319.0	670.75	1023.2	0.00097728	215.62	281.17	1.0553	0.92094	1.6751	856.94	-0.013303	0.00013036	0.13572	supercritical
319.0	674.0	1024.0	0.00097652	215.43	281.24	1.0546	0.92108	1.674	858.63	-0.013445	0.00013066	0.13595	supercritical
319.0	677.25	1024.8	0.00097575	215.23	281.32	1.0538	0.92122	1.673	860.3	-0.013586	0.00013097	0.13618	supercritical
319.0	680.5	1025.6	0.000975	215.04	281.39	1.053	0.92136	1.6719	861.97	-0.013725	0.00013127	0.13641	supercritical
319.0	683.75	1026.4	0.00097424	214.85	281.46	1.0523	0.9215	1.6708	863.64	-0.013862	0.00013158	0.13664	supercritical
319.0	687.0	1027.2	0.0009735	214.66	281.54	1.0515	0.92164	1.6697	865.3	-0.013999	0.00013189	0.13687	supercritical
319.0	690.25	1028.0	0.00097275	214.47	281.62	1.0508	0.92178	1.6687	866.95	-0.014134	0.00013219	0.13709	supercritical
319.0	693.5	1028.8	0.00097202	214.28	281.69	1.05	0.92192	1.6676	868.6	-0.014268	0.00013249	0.13732	supercritical
319.0	696.75	1029.6	0.00097128	214.1	281.77	1.0493	0.92206	1.6666	870.24	-0.0144	0.0001328	0.13754	supercritical
319.0	700.0	1030.3	0.00097055	213.91	281.85	1.0485	0.9222	1.6656	871.88	-0.014532	0.0001331	0.13777	supercritical
319.0	703.25	1031.1	0.00096983	213.73	281.93	1.0478	0.92234	1.6646	873.51	-0.014662	0.0001334	0.13799	supercritical
319.0	706.5	1031.9	0.00096911	213.54	282.01	1.0471	0.92248	1.6636	875.13	-0.014791	0.00013371	0.13822	supercritical
319.0	709.75	1032.6	0.00096839	213.36	282.09	1.0463	0.92263	1.6626	876.75	-0.014918	0.00013401	0.13844	supercritical
319.0	713.0	1033.4	0.00096768	213.17	282.17	1.0456	0.92277	1.6616	878.37	-0.015045	0.00013431	0.13866	supercritical
319.0	716.25	1034.2	0.00096697	212.99	282.25	1.0449	0.92291	1.6606	879.98	-0.01517	0.00013461	0.13889	supercritical
319.0	719.5	1034.9	0.00096626	212.81	282.33	1.0441	0.92305	1.6597	881.58	-0.015295	0.00013491	0.13911	supercritical
319.0	722.75	1035.7	0.00096556	212.63	282.42	1.0434	0.92319	1.6587	883.18	-0.015418	0.00013521	0.13933	supercritical
319.0	726.0	1036.4	0.00096487	212.45	282.5	1.0427	0.92334	1.6577	884.77	-0.01554	0.00013551	0.13955	supercritical
319.0	729.25	1037.2	0.00096418	212.27	282.58	1.042	0.92348	1.6568	886.36	-0.015661	0.00013581	0.13977	supercritical
319.0	732.5	1037.9	0.00096349	212.09	282.67	1.0412	0.92362	1.6559	887.94	-0.015781	0.00013611	0.13999	supercritical
319.0	735.75	1038.6	0.0009628	211.92	282.75	1.0405	0.92377	1.6549	889.52	-0.015899	0.00013641	0.14021	supercritical
319.0	739.0	1039.4	0.00096212	211.74	282.84	1.0398	0.92391	1.654	891.1	-0.016017	0.00013671	0.14043	supercritical
319.0	742.25	1040.1	0.00096145	211.56	282.93	1.0391	0.92405	1.6531	892.66	-0.016134	0.00013701	0.14065	supercritical
319.0	745.5	1040.8	0.00096078	211.39	283.01	1.0384	0.9242	1.6522	894.23	-0.01625	0.0001373	0.14086	supercritical
319.0	748.75	1041.6	0.00096011	211.21	283.1	1.0377	0.92434	1.6513	895.79	-0.016364	0.0001376	0.14108	supercritical
319.0	752.0	1042.3	0.00095944	211.04	283.19	1.037	0.92449	1.6504	897.34	-0.016478	0.0001379	0.1413	supercritical
319.0	755.25	1043.0	0.00095878	210.87	283.28	1.0363	0.92463	1.6496	898.89	-0.016591	0.00013819	0.14152	supercritical
319.0	758.5	1043.7	0.00095812	210.69	283.37	1.0356	0.92477	1.6487	900.43	-0.016702	0.00013849	0.14173	supercritical
319.0	761.75	1044.4	0.00095747	210.52	283.46	1.0349	0.92492	1.6478	901.97	-0.016813	0.00013879	0.14195	supercritical
319.0	765.0	1045.1	0.00095682	210.35	283.55	1.0342	0.92506	1.647	903.51	-0.016923	0.00013908	0.14216	supercritical
319.0	768.25	1045.8	0.00095617	210.18	283.64	1.0335	0.92521	1.6461	905.04	-0.017032	0.00013938	0.14238	supercritical
319.0	771.5	1046.5	0.00095553	210.01	283.73	1.0328	0.92536	1.6453	906.56	-0.01714	0.00013967	0.14259	supercritical
319.0	774.75	1047.2	0.00095489	209.84	283.82	1.0322	0.9255	1.6445	908.08	-0.017247	0.00013997	0.14281	supercritical
319.0	778.0	1047.9	0.00095425	209.67	283.91	1.0315	0.92565	1.6436	909.6	-0.017353	0.00014026	0.14302	supercritical
319.0	781.25	1048.6	0.00095362	209.5	284.01	1.0308	0.92579	1.6428	911.11	-0.017458	0.00014055	0.14323	supercritical
319.0	784.5	1049.3	0.00095299	209.34	284.1	1.0301	0.92594	1.642	912.61	-0.017563	0.00014085	0.14344	supercritical
319.0	787.75	1050.0	0.00095236	209.17	284.19	1.0294	0.92608	1.6412	914.12	-0.017666	0.00014114	0.14366	supercritical
319.0	791.0	1050.7	0.00095174	209.01	284.29	1.0288	0.92623	1.6404	915.61	-0.017769	0.00014143	0.14387	supercritical
319.0	794.25	1051.4	0.00095112	208.84	284.38	1.0281	0.92638	1.6396	917.11	-0.017871	0.00014172	0.14408	supercritical
319.0	797.5	1052.1	0.0009505	208.68	284.48	1.0274	0.92652	1.6388	918.6	-0.017972	0.00014202	0.14429	supercritical
319.0	800.75	1052.8	0.00094988	208.51	284.57	1.0268	0.92667	1.638	920.08	-0.018072	0.00014231	0.1445	supercritical
319.0	804.0	1053.4	0.00094927	208.35	284.67	1.0261	0.92682	1.6373	921.56	-0.018171	0.0001426	0.14471	supercritical
319.0	807.25	1054.1	0.00094867	208.19	284.77	1.0254	0.92696	1.6365	923.04	-0.01827	0.00014289	0.14492	supercritical
319.0	810.5	1054.8	0.00094806	208.02	284.86	1.0248	0.92711	1.6357	924.51	-0.018367	0.00014318	0.14513	supercritical
319.0	813.75	1055.5	0.00094746	207.86	284.96	1.0241	0.92726	1.635	925.97	-0.018464	0.00014347	0.14534	supercritical
319.0	817.0	1056.1	0.00094686	207.7	285.06	1.0234	0.92741	1.6342	927.44	-0.018561	0.00014376	0.14555	supercritical
319.0	820.25	1056.8	0.00094627	207.54	285.16	1.0228	0.92755	1.6335	928.9	-0.018656	0.00014405	0.14576	supercritical
319.0	823.5	1057.4	0.00094567	207.38	285.26	1.0221	0.9277	1.6328	930.35	-0.018751	0.00014434	0.14596	supercritical
319.0	826.75	1058.1	0.00094508	207.22	285.36	1.0215	0.92785	1.632	931.8	-0.018844	0.00014463	0.14617	supercritical
319.0	830.0	1058.8	0.0009445	207.07	285.46	1.0208	0.928	1.6313	933.25	-0.018938	0.00014492	0.14638	supercritical
319.0	833.25	1059.4	0.00094391	206.91	285.56	1.0202	0.92815	1.6306	934.69	-0.01903	0.00014521	0.14659	supercritical
319.0	836.5	1060.1	0.00094333	206.75	285.66	1.0196	0.92829	1.6299	936.13	-0.019122	0.00014549	0.14679	supercritical
319.0	839.75	1060.7	0.00094275	206.59	285.76	1.0189	0.92844	1.6292	937.56	-0.019213	0.00014578	0.147	supercritical
319.0	843.0	1061.4	0.00094218	206.44	285.86	1.0183	0.92859	1.6285	938.99	-0.019303	0.00014607	0.1472	supercritical
319.0	846.25	1062.0	0.00094161	206.28	285.97	1.0176	0.92874	1.6278	940.42	-0.019392	0.00014636	0.14741	supercritical
319.0	849.5	1062.7	0.00094104	206.13	286.07	1.017	0.92889	1.6271	941.84	-0.019481	0.00014664	0.14761	supercritical
319.0	852.75	1063.3	0.00094047	205.97	286.17	1.0164	0.92904	1.6264	943.26	-0.01957	0.00014693	0.14782	supercritical
319.0	856.0	1063.9	0.00093991	205.82	286.28	1.0157	0.92919	1.6257	944.67	-0.019657	0.00014722	0.14802	supercritical
319.0	859.25	1064.6	0.00093934	205.67	286.38	1.0151	0.92933	1.625	946.08	-0.019744	0.0001475	0.14822	supercritical
319.0	862.5	1065.2	0.00093879	205.51	286.48	1.0145	0.92948	1.6243	947.49	-0.01983	0.00014779	0.14843	supercritical
319.0	865.75	1065.8	0.00093823	205.36	286.59	1.0138	0.92963	1.6237	948.89	-0.019916	0.00014808	0.14863	supercritical
319.0	869.0	1066.5	0.00093768	205.21	286.7	1.0132	0.92978	1.623	950.29	-0.02	0.00014836	0.14883	supercritical
319.0	872.25	1067.1	0.00093713	205.06	286.8	1.0126	0.92993	1.6224	951.69	-0.020085	0.00014865	0.14904	supercritical
319.0	875.5	1067.7	0.00093658	204.91	286.91	1.012	0.93008	1.6217	953.08	-0.020168	0.00014893	0.14924	supercritical
319.0	878.75	1068.3	0.00093603	204.76	287.01	1.0113	0.93023	1.6211	954.46	-0.020251	0.00014922	0.14944	supercritical
319.0	882.0	1069.0	0.00093549	204.61	287.12	1.0107	0.93038	1.6204	955.85	-0.020334	0.0001495	0.14964	supercritical
319.0	885.25	1069.6	0.00093495	204.46	287.23	1.0101	0.93053	1.6198	957.23	-0.020415	0.00014978	0.14984	supercritical
319.0	888.5	1070.2	0.00093441	204.31	287.34	1.0095	0.93068	1.6192	958.61	-0.020497	0.00015007	0.15004	supercritical
319.0	891.75	1070.8	0.00093387	204.17	287.44	1.0089	0.93083	1.6185	959.98	-0.020577	0.00015035	0.15024	supercritical
319.0	895.0	1071.4	0.00093334	204.02	287.55	1.0083	0.93098	1.6179	961.35	-0.020657	0.00015064	0.15044	supercritical
319.0	898.25	1072.0	0.00093281	203.87	287.66	1.0077	0.93113	1.6173	962.71	-0.020736	0.00015092	0.15064	supercritical
319.0	901.5	1072.6	0.00093228	203.72	287.77	1.0071	0.93128	1.6167	964.08	-0.020815	0.0001512	0.15084	supercritical
319.0	904.75	1073.2	0.00093175	203.58	287.88	1.0064	0.93143	1.6161	965.43	-0.020893	0.00015148	0.15104	supercritical
319.0	908.0	1073.9	0.00093123	203.43	287.99	1.0058	0.93158	1.6155	966.79	-0.020971	0.00015177	0.15124	supercritical
319.0	911.25	1074.5	0.00093071	203.29	288.1	1.0052	0.93174	1.6149	968.14	-0.021048	0.00015205	0.15144	supercritical
319.0	914.5	1075.1	0.00093019	203.14	288.21	1.0046	0.93189	1.6143	969.49	-0.021125	0.00015233	0.15163	supercritical
319.0	917.75	1075.7	0.00092967	203.0	288.32	1.004	0.93204	1.6137	970.83	-0.021201	0.00015261	0.15183	supercritical
319.0	921.0	1076.2	0.00092915	202.86	288.43	1.0034	0.93219	1.6131	972.18	-0.021276	0.00015289	0.15203	supercritical
319.0	924.25	1076.8	0.00092864	202.71	288.54	1.0028	0.93234	1.6125	973.51	-0.021351	0.00015317	0.15223	supercritical
319.0	927.5	1077.4	0.00092813	202.57	288.66	1.0023	0.93249	1.6119	974.85	-0.021425	0.00015346	0.15242	supercritical
319.0	930.75	1078.0	0.00092762	202.43	288.77	1.0017	0.93264	1.6114	976.18	-0.021499	0.00015374	0.15262	supercritical
319.0	934.0	1078.6	0.00092712	202.29	288.88	1.0011	0.93279	1.6108	977.51	-0.021572	0.00015402	0.15281	supercritical
319.0	937.25	1079.2	0.00092661	202.15	288.99	1.0005	0.93295	1.6102	978.83	-0.021645	0.0001543	0.15301	supercritical
319.0	940.5	1079.8	0.00092611	202.01	289.11	0.99989	0.9331	1.6097	980.15	-0.021717	0.00015458	0.15321	supercritical
319.0	943.75	1080.4	0.00092561	201.87	289.22	0.9993	0.93325	1.6091	981.47	-0.021789	0.00015486	0.1534	supercritical
319.0	947.0	1080.9	0.00092512	201.73	289.34	0.99872	0.9334	1.6086	982.78	-0.02186	0.00015514	0.1536	supercritical
319.0	950.25	1081.5	0.00092462	201.59	289.45	0.99814	0.93355	1.608	984.1	-0.021931	0.00015542	0.1538	supercritical
319.0	953.5	1082.1	0.00092413	201.45	289.57	0.99755	0.9337	1.6075	985.4	-0.022001	0.00015569	0.15399	supercritical
319.0	956.75	1082.7	0.00092364	201.31	289.68	0.99697	0.93386	1.6069	986.71	-0.022071	0.00015597	0.15419	supercritical
319.0	960.0	1083.3	0.00092315	201.17	289.8	0.9964	0.93401	1.6064	988.01	-0.022141	0.00015625	0.15438	supercritical
319.0	963.25	1083.8	0.00092266	201.04	289.91	0.99582	0.93416	1.6058	989.31	-0.022209	0.00015653	0.15457	supercritical
319.0	966.5	1084.4	0.00092218	200.9	290.03	0.99524	0.93431	1.6053	990.6	-0.022278	0.00015681	0.15477	supercritical
319.0	969.75	1085.0	0.00092169	200.76	290.14	0.99467	0.93446	1.6048	991.9	-0.022346	0.00015709	0.15496	supercritical
319.0	973.0	1085.5	0.00092121	200.63	290.26	0.99409	0.93462	1.6043	993.18	-0.022413	0.00015737	0.15516	supercritical
319.0	976.25	1086.1	0.00092073	200.49	290.38	0.99352	0.93477	1.6037	994.47	-0.02248	0.00015764	0.15535	supercritical
319.0	979.5	1086.7	0.00092026	200.36	290.49	0.99295	0.93492	1.6032	995.75	-0.022547	0.00015792	0.15554	supercritical
319.0	982.75	1087.2	0.00091978	200.22	290.61	0.99238	0.93507	1.6027	997.03	-0.022613	0.0001582	0.15574	supercritical
319.0	986.0	1087.8	0.00091931	200.09	290.73	0.99182	0.93523	1.6022	998.31	-0.022678	0.00015847	0.15593	supercritical
319.0	989.25	1088.3	0.00091884	199.95	290.85	0.99125	0.93538	1.6017	999.58	-0.022743	0.00015875	0.15612	supercritical
319.0	992.5	1088.9	0.00091837	199.82	290.97	0.99069	0.93553	1.6012	1000.9	-0.022808	0.00015903	0.15631	supercritical
319.0	995.75	1089.4	0.0009179	199.69	291.09	0.99012	0.93569	1.6007	1002.1	-0.022872	0.0001593	0.1565	supercritical
319.0	999.0	1090.0	0.00091743	199.55	291.21	0.98956	0.93584	1.6002	1003.4	-0.022936	0.00015958	0.15669	supercritical
319.0	1002.2	1090.5	0.00091697	199.42	291.32	0.989	0.93599	1.5997	1004.6	-0.023	0.00015986	0.15689	supercritical
319.0	1005.5	1091.1	0.00091651	199.29	291.44	0.98844	0.93614	1.5992	1005.9	-0.023063	0.00016013	0.15708	supercritical
319.0	1008.8	1091.6	0.00091605	199.16	291.56	0.98789	0.9363	1.5987	1007.2	-0.023125	0.00016041	0.15727	supercritical
319.0	1012.0	1092.2	0.00091559	199.03	291.68	0.98733	0.93645	1.5982	1008.4	-0.023188	0.00016068	0.15746	supercritical
319.0	1015.2	1092.7	0.00091513	198.9	291.81	0.98678	0.9366	1.5978	1009.7	-0.023249	0.00016096	0.15765	supercritical
319.0	1018.5	1093.3	0.00091468	198.77	291.93	0.98622	0.93676	1.5973	1010.9	-0.023311	0.00016124	0.15784	supercritical
319.0	1021.8	1093.8	0.00091423	198.64	292.05	0.98567	0.93691	1.5968	1012.2	-0.023372	0.00016151	0.15803	supercritical
319.0	1025.0	1094.4	0.00091378	198.51	292.17	0.98512	0.93706	1.5963	1013.4	-0.023432	0.00016178	0.15821	supercritical
319.0	1028.2	1094.9	0.00091333	198.38	292.29	0.98457	0.93722	1.5959	1014.6	-0.023493	0.00016206	0.1584	supercritical
319.0	1031.5	1095.4	0.00091288	198.25	292.41	0.98402	0.93737	1.5954	1015.9	-0.023552	0.00016233	0.15859	supercritical
319.0	1034.8	1096.0	0.00091243	198.12	292.53	0.98348	0.93753	1.5949	1017.1	-0.023612	0.00016261	0.15878	supercritical
319.0	1038.0	1096.5	0.00091199	197.99	292.66	0.98293	0.93768	1.5945	1018.3	-0.023671	0.00016288	0.15897	supercritical
319.0	1041.2	1097.0	0.00091155	197.87	292.78	0.98239	0.93783	1.594	1019.6	-0.02373	0.00016316	0.15916	supercritical
319.0	1044.5	1097.6	0.00091111	197.74	292.9	0.98185	0.93799	1.5936	1020.8	-0.023788	0.00016343	0.15934	supercritical
319.0	1047.8	1098.1	0.00091067	197.61	293.03	0.9813	0.93814	1.5931	1022.0	-0.023846	0.0001637	0.15953	supercritical
319.0	1051.0	1098.6	0.00091023	197.48	293.15	0.98076	0.93829	1.5927	1023.2	-0.023903	0.00016398	0.15972	supercritical
319.0	1054.2	1099.2	0.00090979	197.36	293.27	0.98022	0.93845	1.5922	1024.4	-0.023961	0.00016425	0.15991	supercritical
319.0	1057.5	1099.7	0.00090936	197.23	293.4	0.97969	0.9386	1.5918	1025.6	-0.024017	0.00016452	0.16009	supercritical
319.0	1060.8	1100.2	0.00090893	197.11	293.52	0.97915	0.93876	1.5914	1026.9	-0.024074	0.0001648	0.16028	supercritical
319.0	1064.0	1100.7	0.0009085	196.98	293.65	0.97862	0.93891	1.5909	1028.1	-0.02413	0.00016507	0.16046	supercritical
319.0	1067.2	1101.2	0.00090807	196.86	293.77	0.97808	0.93906	1.5905	1029.3	-0.024186	0.00016534	0.16065	supercritical
319.0	1070.5	1101.8	0.00090764	196.73	293.9	0.97755	0.93922	1.5901	1030.5	-0.024241	0.00016561	0.16084	supercritical
319.0	1073.8	1102.3	0.00090721	196.61	294.02	0.97702	0.93937	1.5896	1031.7	-0.024296	0.00016589	0.16102	supercritical
319.0	1077.0	1102.8	0.00090679	196.49	294.15	0.97649	0.93953	1.5892	1032.9	-0.024351	0.00016616	0.16121	supercritical
319.0	1080.2	1103.3	0.00090637	196.36	294.27	0.97596	0.93968	1.5888	1034.1	-0.024405	0.00016643	0.16139	supercritical
319.0	1083.5	1103.8	0.00090594	196.24	294.4	0.97543	0.93984	1.5884	1035.3	-0.024459	0.0001667	0.16158	supercritical
319.0	1086.8	1104.3	0.00090552	196.12	294.53	0.9749	0.93999	1.5879	1036.4	-0.024513	0.00016697	0.16176	supercritical
319.0	1090.0	1104.8	0.00090511	196.0	294.65	0.97438	0.94014	1.5875	1037.6	-0.024566	0.00016725	0.16194	supercritical
319.0	1093.2	1105.4	0.00090469	195.87	294.78	0.97385	0.9403	1.5871	1038.8	-0.024619	0.00016752	0.16213	supercritical
319.0	1096.5	1105.9	0.00090427	195.75	294.91	0.97333	0.94045	1.5867	1040.0	-0.024672	0.00016779	0.16231	supercritical
319.0	1099.8	1106.4	0.00090386	195.63	295.03	0.97281	0.94061	1.5863	1041.2	-0.024724	0.00016806	0.1625	supercritical
319.0	1103.0	1106.9	0.00090345	195.51	295.16	0.97229	0.94076	1.5859	1042.4	-0.024777	0.00016833	0.16268	supercritical
319.0	1106.2	1107.4	0.00090304	195.39	295.29	0.97177	0.94092	1.5855	1043.5	-0.024828	0.0001686	0.16286	supercritical
319.0	1109.5	1107.9	0.00090263	195.27	295.42	0.97125	0.94107	1.5851	1044.7	-0.02488	0.00016887	0.16304	supercritical
319.0	1112.8	1108.4	0.00090222	195.15	295.55	0.97073	0.94123	1.5847	1045.9	-0.024931	0.00016914	0.16323	supercritical
319.0	1116.0	1108.9	0.00090181	195.03	295.67	0.97022	0.94138	1.5843	1047.0	-0.024982	0.00016941	0.16341	supercritical
319.0	1119.2	1109.4	0.00090141	194.91	295.8	0.9697	0.94154	1.5839	1048.2	-0.025032	0.00016968	0.16359	supercritical
319.0	1122.5	1109.9	0.000901	194.79	295.93	0.96919	0.94169	1.5835	1049.4	-0.025082	0.00016995	0.16377	supercritical
319.0	1125.8	1110.4	0.0009006	194.68	296.06	0.96868	0.94185	1.5831	1050.5	-0.025132	0.00017022	0.16395	supercritical
319.0	1129.0	1110.9	0.0009002	194.56	296.19	0.96816	0.942	1.5828	1051.7	-0.025182	0.00017049	0.16414	supercritical
319.0	1132.2	1111.4	0.0008998	194.44	296.32	0.96765	0.94216	1.5824	1052.8	-0.025231	0.00017076	0.16432	supercritical
319.0	1135.5	1111.8	0.0008994	194.32	296.45	0.96714	0.94231	1.582	1054.0	-0.02528	0.00017103	0.1645	supercritical
319.0	1138.8	1112.3	0.00089901	194.21	296.58	0.96664	0.94247	1.5816	1055.1	-0.025329	0.0001713	0.16468	supercritical
319.0	1142.0	1112.8	0.00089861	194.09	296.71	0.96613	0.94262	1.5813	1056.3	-0.025377	0.00017157	0.16486	supercritical
319.0	1145.2	1113.3	0.00089822	193.97	296.84	0.96562	0.94278	1.5809	1057.4	-0.025426	0.00017184	0.16504	supercritical
319.0	1148.5	1113.8	0.00089783	193.86	296.97	0.96512	0.94293	1.5805	1058.6	-0.025473	0.00017211	0.16522	supercritical
319.0	1151.8	1114.3	0.00089743	193.74	297.1	0.96461	0.94309	1.5801	1059.7	-0.025521	0.00017238	0.1654	supercritical
319.0	1155.0	1114.8	0.00089704	193.63	297.23	0.96411	0.94324	1.5798	1060.8	-0.025568	0.00017265	0.16558	supercritical
319.0	1158.2	1115.3	0.00089666	193.51	297.37	0.96361	0.9434	1.5794	1062.0	-0.025615	0.00017291	0.16576	supercritical
319.0	1161.5	1115.7	0.00089627	193.4	297.5	0.96311	0.94355	1.5791	1063.1	-0.025662	0.00017318	0.16594	supercritical
319.0	1164.8	1116.2	0.00089588	193.28	297.63	0.96261	0.94371	1.5787	1064.2	-0.025709	0.00017345	0.16612	supercritical
319.0	1168.0	1116.7	0.0008955	193.17	297.76	0.96211	0.94386	1.5783	1065.4	-0.025755	0.00017372	0.1663	supercritical
319.0	1171.2	1117.2	0.00089512	193.05	297.89	0.96161	0.94402	1.578	1066.5	-0.025801	0.00017399	0.16647	supercritical
319.0	1174.5	1117.7	0.00089473	192.94	298.03	0.96112	0.94417	1.5776	1067.6	-0.025846	0.00017425	0.16665	supercritical
319.0	1177.8	1118.1	0.00089435	192.83	298.16	0.96062	0.94433	1.5773	1068.7	-0.025892	0.00017452	0.16683	supercritical
319.0	1181.0	1118.6	0.00089397	192.71	298.29	0.96013	0.94448	1.5769	1069.9	-0.025937	0.00017479	0.16701	supercritical
319.0	1184.2	1119.1	0.00089359	192.6	298.42	0.95963	0.94464	1.5766	1071.0	-0.025982	0.00017506	0.16719	supercritical
319.0	1187.5	1119.5	0.00089322	192.49	298.56	0.95914	0.94479	1.5762	1072.1	-0.026026	0.00017532	0.16737	supercritical
319.0	1190.8	1120.0	0.00089284	192.38	298.69	0.95865	0.94495	1.5759	1073.2	-0.026071	0.00017559	0.16754	supercritical
319.0	1194.0	1120.5	0.00089247	192.26	298.82	0.95816	0.9451	1.5756	1074.3	-0.026115	0.00017586	0.16772	supercritical
319.0	1197.2	1121.0	0.00089209	192.15	298.96	0.95767	0.94526	1.5752	1075.4	-0.026159	0.00017613	0.1679	supercritical
319.0	1200.5	1121.4	0.00089172	192.04	299.09	0.95718	0.94542	1.5749	1076.5	-0.026202	0.00017639	0.16807	supercritical
319.0	1203.8	1121.9	0.00089135	191.93	299.23	0.95669	0.94557	1.5745	1077.6	-0.026246	0.00017666	0.16825	supercritical
319.0	1207.0	1122.4	0.00089098	191.82	299.36	0.9562	0.94573	1.5742	1078.7	-0.026289	0.00017693	0.16843	supercritical
319.0	1210.2	1122.8	0.00089061	191.71	299.5	0.95572	0.94588	1.5739	1079.8	-0.026332	0.00017719	0.1686	supercritical
319.0	1213.5	1123.3	0.00089025	191.6	299.63	0.95523	0.94604	1.5736	1080.9	-0.026374	0.00017746	0.16878	supercritical
319.0	1216.8	1123.7	0.00088988	191.49	299.77	0.95475	0.94619	1.5732	1082.0	-0.026417	0.00017773	0.16896	supercritical
319.0	1220.0	1124.2	0.00088951	191.38	299.9	0.95427	0.94635	1.5729	1083.1	-0.026459	0.00017799	0.16913	supercritical
319.0	1223.2	1124.7	0.00088915	191.27	300.04	0.95379	0.9465	1.5726	1084.2	-0.026501	0.00017826	0.16931	supercritical
319.0	1226.5	1125.1	0.00088879	191.16	300.17	0.95331	0.94666	1.5723	1085.3	-0.026543	0.00017852	0.16948	supercritical
319.0	1229.8	1125.6	0.00088843	191.05	300.31	0.95283	0.94682	1.5719	1086.4	-0.026584	0.00017879	0.16966	supercritical
319.0	1233.0	1126.0	0.00088807	190.94	300.44	0.95235	0.94697	1.5716	1087.5	-0.026625	0.00017905	0.16983	supercritical
319.0	1236.2	1126.5	0.00088771	190.84	300.58	0.95187	0.94713	1.5713	1088.6	-0.026666	0.00017932	0.17001	supercritical
319.0	1239.5	1127.0	0.00088735	190.73	300.72	0.95139	0.94728	1.571	1089.6	-0.026707	0.00017959	0.17018	supercritical
319.0	1242.8	1127.4	0.00088699	190.62	300.85	0.95092	0.94744	1.5707	1090.7	-0.026748	0.00017985	0.17036	supercritical
319.0	1246.0	1127.9	0.00088664	190.51	300.99	0.95044	0.94759	1.5704	1091.8	-0.026788	0.00018012	0.17053	supercritical
319.0	1249.2	1128.3	0.00088628	190.41	301.13	0.94997	0.94775	1.5701	1092.9	-0.026828	0.00018038	0.1707	supercritical
319.0	1252.5	1128.8	0.00088593	190.3	301.26	0.94949	0.94791	1.5698	1093.9	-0.026868	0.00018065	0.17088	supercritical
319.0	1255.8	1129.2	0.00088558	190.19	301.4	0.94902	0.94806	1.5694	1095.0	-0.026907	0.00018091	0.17105	supercritical
319.0	1259.0	1129.7	0.00088522	190.09	301.54	0.94855	0.94822	1.5691	1096.1	-0.026947	0.00018118	0.17122	supercritical
319.0	1262.2	1130.1	0.00088487	189.98	301.67	0.94808	0.94837	1.5688	1097.1	-0.026986	0.00018144	0.1714	supercritical
319.0	1265.5	1130.5	0.00088453	189.88	301.81	0.94761	0.94853	1.5685	1098.2	-0.027025	0.00018171	0.17157	supercritical
319.0	1268.8	1131.0	0.00088418	189.77	301.95	0.94714	0.94868	1.5682	1099.3	-0.027064	0.00018197	0.17174	supercritical
319.0	1272.0	1131.4	0.00088383	189.66	302.09	0.94667	0.94884	1.568	1100.3	-0.027102	0.00018224	0.17192	supercritical
319.0	1275.2	1131.9	0.00088348	189.56	302.23	0.9462	0.949	1.5677	1101.4	-0.027141	0.0001825	0.17209	supercritical
319.0	1278.5	1132.3	0.00088314	189.45	302.36	0.94574	0.94915	1.5674	1102.4	-0.027179	0.00018276	0.17226	supercritical
319.0	1281.8	1132.8	0.0008828	189.35	302.5	0.94527	0.94931	1.5671	1103.5	-0.027217	0.00018303	0.17243	supercritical
319.0	1285.0	1133.2	0.00088245	189.25	302.64	0.94481	0.94946	1.5668	1104.5	-0.027255	0.00018329	0.17261	supercritical
319.0	1288.2	1133.6	0.00088211	189.14	302.78	0.94435	0.94962	1.5665	1105.6	-0.027292	0.00018356	0.17278	supercritical
319.0	1291.5	1134.1	0.00088177	189.04	302.92	0.94388	0.94978	1.5662	1106.6	-0.02733	0.00018382	0.17295	supercritical
319.0	1294.8	1134.5	0.00088143	188.94	303.06	0.94342	0.94993	1.5659	1107.7	-0.027367	0.00018408	0.17312	supercritical
319.0	1298.0	1135.0	0.00088109	188.83	303.2	0.94296	0.95009	1.5656	1108.7	-0.027404	0.00018435	0.17329	supercritical
319.0	1301.2	1135.4	0.00088075	188.73	303.34	0.9425	0.95024	1.5654	1109.8	-0.027441	0.00018461	0.17346	supercritical
319.0	1304.5	1135.8	0.00088042	188.63	303.48	0.94204	0.9504	1.5651	1110.8	-0.027477	0.00018487	0.17364	supercritical
319.0	1307.8	1136.3	0.00088008	188.52	303.62	0.94158	0.95056	1.5648	1111.9	-0.027513	0.00018514	0.17381	supercritical
319.0	1311.0	1136.7	0.00087975	188.42	303.76	0.94112	0.95071	1.5645	1112.9	-0.02755	0.0001854	0.17398	supercritical
319.0	1314.2	1137.1	0.00087941	188.32	303.9	0.94067	0.95087	1.5642	1113.9	-0.027586	0.00018566	0.17415	supercritical
319.0	1317.5	1137.6	0.00087908	188.22	304.04	0.94021	0.95102	1.564	1115.0	-0.027621	0.00018593	0.17432	supercritical
319.0	1320.8	1138.0	0.00087875	188.12	304.18	0.93976	0.95118	1.5637	1116.0	-0.027657	0.00018619	0.17449	supercritical
319.0	1324.0	1138.4	0.00087842	188.02	304.32	0.9393	0.95134	1.5634	1117.0	-0.027692	0.00018645	0.17466	supercritical
319.0	1327.2	1138.8	0.00087809	187.92	304.46	0.93885	0.95149	1.5632	1118.1	-0.027728	0.00018672	0.17483	supercritical
319.0	1330.5	1139.3	0.00087776	187.81	304.6	0.9384	0.95165	1.5629	1119.1	-0.027763	0.00018698	0.175	supercritical
319.0	1333.8	1139.7	0.00087743	187.71	304.74	0.93794	0.9518	1.5626	1120.1	-0.027798	0.00018724	0.17517	supercritical
319.0	1337.0	1140.1	0.0008771	187.61	304.88	0.93749	0.95196	1.5624	1121.1	-0.027832	0.0001875	0.17534	supercritical
319.0	1340.2	1140.5	0.00087678	187.51	305.02	0.93704	0.95212	1.5621	1122.1	-0.027867	0.00018777	0.17551	supercritical
319.0	1343.5	1141.0	0.00087645	187.41	305.17	0.93659	0.95227	1.5618	1123.2	-0.027901	0.00018803	0.17568	supercritical
319.0	1346.8	1141.4	0.00087613	187.31	305.31	0.93615	0.95243	1.5616	1124.2	-0.027935	0.00018829	0.17584	supercritical
319.0	1350.0	1141.8	0.00087581	187.22	305.45	0.9357	0.95258	1.5613	1125.2	-0.027969	0.00018855	0.17601	supercritical
319.0	1353.2	1142.2	0.00087548	187.12	305.59	0.93525	0.95274	1.5611	1126.2	-0.028003	0.00018882	0.17618	supercritical
319.0	1356.5	1142.6	0.00087516	187.02	305.73	0.9348	0.9529	1.5608	1127.2	-0.028037	0.00018908	0.17635	supercritical
319.0	1359.8	1143.1	0.00087484	186.92	305.88	0.93436	0.95305	1.5605	1128.2	-0.02807	0.00018934	0.17652	supercritical
319.0	1363.0	1143.5	0.00087452	186.82	306.02	0.93391	0.95321	1.5603	1129.2	-0.028103	0.0001896	0.17669	supercritical
319.0	1366.2	1143.9	0.0008742	186.72	306.16	0.93347	0.95336	1.56	1130.2	-0.028136	0.00018986	0.17685	supercritical
319.0	1369.5	1144.3	0.00087389	186.62	306.3	0.93303	0.95352	1.5598	1131.2	-0.028169	0.00019012	0.17702	supercritical
319.0	1372.8	1144.7	0.00087357	186.53	306.45	0.93258	0.95368	1.5595	1132.2	-0.028202	0.00019039	0.17719	supercritical
319.0	1376.0	1145.1	0.00087325	186.43	306.59	0.93214	0.95383	1.5593	1133.2	-0.028235	0.00019065	0.17736	supercritical
319.0	1379.2	1145.6	0.00087294	186.33	306.73	0.9317	0.95399	1.559	1134.2	-0.028267	0.00019091	0.17753	supercritical
319.0	1382.5	1146.0	0.00087262	186.24	306.88	0.93126	0.95414	1.5588	1135.2	-0.028299	0.00019117	0.17769	supercritical
319.0	1385.8	1146.4	0.00087231	186.14	307.02	0.93082	0.9543	1.5586	1136.2	-0.028331	0.00019143	0.17786	supercritical
319.0	1389.0	1146.8	0.000872	186.04	307.16	0.93039	0.95446	1.5583	1137.2	-0.028363	0.00019169	0.17803	supercritical
319.0	1392.2	1147.2	0.00087169	185.95	307.31	0.92995	0.95461	1.5581	1138.2	-0.028395	0.00019195	0.17819	supercritical
319.0	1395.5	1147.6	0.00087138	185.85	307.45	0.92951	0.95477	1.5578	1139.2	-0.028427	0.00019221	0.17836	supercritical
319.0	1398.8	1148.0	0.00087107	185.75	307.59	0.92907	0.95492	1.5576	1140.2	-0.028458	0.00019248	0.17853	supercritical
319.0	1402.0	1148.4	0.00087076	185.66	307.74	0.92864	0.95508	1.5574	1141.2	-0.028489	0.00019274	0.17869	supercritical
319.0	1405.2	1148.8	0.00087045	185.56	307.88	0.9282	0.95524	1.5571	1142.2	-0.028521	0.000193	0.17886	supercritical
319.0	1408.5	1149.2	0.00087014	185.47	308.03	0.92777	0.95539	1.5569	1143.2	-0.028552	0.00019326	0.17903	supercritical
319.0	1411.8	1149.6	0.00086984	185.37	308.17	0.92734	0.95555	1.5566	1144.1	-0.028582	0.00019352	0.17919	supercritical
319.0	1415.0	1150.0	0.00086953	185.28	308.32	0.9269	0.9557	1.5564	1145.1	-0.028613	0.00019378	0.17936	supercritical
319.0	1418.2	1150.4	0.00086923	185.18	308.46	0.92647	0.95586	1.5562	1146.1	-0.028644	0.00019404	0.17952	supercritical
319.0	1421.5	1150.9	0.00086892	185.09	308.61	0.92604	0.95601	1.556	1147.1	-0.028674	0.0001943	0.17969	supercritical
319.0	1424.8	1151.3	0.00086862	184.99	308.75	0.92561	0.95617	1.5557	1148.0	-0.028704	0.00019456	0.17985	supercritical
319.0	1428.0	1151.7	0.00086832	184.9	308.9	0.92518	0.95633	1.5555	1149.0	-0.028734	0.00019482	0.18002	supercritical
319.0	1431.2	1152.1	0.00086801	184.81	309.04	0.92475	0.95648	1.5553	1150.0	-0.028764	0.00019508	0.18018	supercritical
319.0	1434.5	1152.5	0.00086771	184.71	309.19	0.92432	0.95664	1.555	1151.0	-0.028794	0.00019534	0.18035	supercritical
319.0	1437.8	1152.9	0.00086741	184.62	309.33	0.9239	0.95679	1.5548	1151.9	-0.028823	0.0001956	0.18051	supercritical
319.0	1441.0	1153.2	0.00086711	184.53	309.48	0.92347	0.95695	1.5546	1152.9	-0.028853	0.00019586	0.18068	supercritical
319.0	1444.2	1153.6	0.00086682	184.43	309.62	0.92304	0.95711	1.5544	1153.9	-0.028882	0.00019612	0.18084	supercritical
319.0	1447.5	1154.0	0.00086652	184.34	309.77	0.92262	0.95726	1.5542	1154.8	-0.028911	0.00019638	0.18101	supercritical
319.0	1450.8	1154.4	0.00086622	184.25	309.92	0.92219	0.95742	1.5539	1155.8	-0.02894	0.00019664	0.18117	supercritical
319.0	1454.0	1154.8	0.00086593	184.16	310.06	0.92177	0.95757	1.5537	1156.8	-0.028969	0.0001969	0.18134	supercritical
319.0	1457.2	1155.2	0.00086563	184.06	310.21	0.92135	0.95773	1.5535	1157.7	-0.028998	0.00019716	0.1815	supercritical
319.0	1460.5	1155.6	0.00086534	183.97	310.36	0.92092	0.95789	1.5533	1158.7	-0.029027	0.00019742	0.18166	supercritical
319.0	1463.8	1156.0	0.00086504	183.88	310.5	0.9205	0.95804	1.5531	1159.6	-0.029055	0.00019768	0.18183	supercritical
319.0	1467.0	1156.4	0.00086475	183.79	310.65	0.92008	0.9582	1.5529	1160.6	-0.029083	0.00019794	0.18199	supercritical
319.0	1470.2	1156.8	0.00086446	183.7	310.8	0.91966	0.95835	1.5526	1161.5	-0.029112	0.0001982	0.18215	supercritical
319.0	1473.5	1157.2	0.00086417	183.61	310.94	0.91924	0.95851	1.5524	1162.5	-0.02914	0.00019846	0.18232	supercritical
319.0	1476.8	1157.6	0.00086388	183.52	311.09	0.91882	0.95866	1.5522	1163.4	-0.029168	0.00019872	0.18248	supercritical
319.0	1480.0	1158.0	0.00086359	183.43	311.24	0.9184	0.95882	1.552	1164.4	-0.029195	0.00019898	0.18264	supercritical
319.0	1483.2	1158.3	0.0008633	183.34	311.38	0.91798	0.95898	1.5518	1165.3	-0.029223	0.00019924	0.18281	supercritical
319.0	1486.5	1158.7	0.00086301	183.25	311.53	0.91757	0.95913	1.5516	1166.3	-0.029251	0.0001995	0.18297	supercritical
319.0	1489.8	1159.1	0.00086272	183.15	311.68	0.91715	0.95929	1.5514	1167.2	-0.029278	0.00019975	0.18313	supercritical
319.0	1493.0	1159.5	0.00086244	183.07	311.83	0.91673	0.95944	1.5512	1168.2	-0.029305	0.00020001	0.18329	supercritical
319.0	1496.2	1159.9	0.00086215	182.98	311.97	0.91632	0.9596	1.551	1169.1	-0.029332	0.00020027	0.18346	supercritical
319.0	1499.5	1160.3	0.00086186	182.89	312.12	0.91591	0.95975	1.5508	1170.0	-0.029359	0.00020053	0.18362	supercritical
319.0	1502.8	1160.7	0.00086158	182.8	312.27	0.91549	0.95991	1.5506	1171.0	-0.029386	0.00020079	0.18378	supercritical
319.0	1506.0	1161.0	0.0008613	182.71	312.42	0.91508	0.96007	1.5504	1171.9	-0.029413	0.00020105	0.18394	supercritical
319.0	1509.2	1161.4	0.00086101	182.62	312.57	0.91467	0.96022	1.5502	1172.8	-0.02944	0.00020131	0.1841	supercritical
319.0	1512.5	1161.8	0.00086073	182.53	312.72	0.91425	0.96038	1.55	1173.8	-0.029466	0.00020157	0.18427	supercritical
319.0	1515.8	1162.2	0.00086045	182.44	312.86	0.91384	0.96053	1.5498	1174.7	-0.029492	0.00020182	0.18443	supercritical
319.0	1519.0	1162.6	0.00086017	182.35	313.01	0.91343	0.96069	1.5496	1175.6	-0.029519	0.00020208	0.18459	supercritical
319.0	1522.2	1162.9	0.00085989	182.26	313.16	0.91302	0.96084	1.5494	1176.6	-0.029545	0.00020234	0.18475	supercritical
319.0	1525.5	1163.3	0.00085961	182.18	313.31	0.91261	0.961	1.5492	1177.5	-0.029571	0.0002026	0.18491	supercritical
319.0	1528.8	1163.7	0.00085933	182.09	313.46	0.9122	0.96116	1.549	1178.4	-0.029597	0.00020286	0.18507	supercritical
319.0	1532.0	1164.1	0.00085905	182.0	313.61	0.9118	0.96131	1.5488	1179.3	-0.029622	0.00020312	0.18523	supercritical
319.0	1535.2	1164.5	0.00085877	181.91	313.76	0.91139	0.96147	1.5486	1180.3	-0.029648	0.00020337	0.18539	supercritical
319.0	1538.5	1164.8	0.0008585	181.83	313.91	0.91098	0.96162	1.5484	1181.2	-0.029673	0.00020363	0.18556	supercritical
319.0	1541.8	1165.2	0.00085822	181.74	314.06	0.91057	0.96178	1.5482	1182.1	-0.029699	0.00020389	0.18572	supercritical
319.0	1545.0	1165.6	0.00085794	181.65	314.21	0.91017	0.96193	1.548	1183.0	-0.029724	0.00020415	0.18588	supercritical
319.0	1548.2	1165.9	0.00085767	181.57	314.35	0.90976	0.96209	1.5479	1183.9	-0.029749	0.00020441	0.18604	supercritical
319.0	1551.5	1166.3	0.0008574	181.48	314.5	0.90936	0.96224	1.5477	1184.9	-0.029774	0.00020466	0.1862	supercritical
319.0	1554.8	1166.7	0.00085712	181.39	314.65	0.90896	0.9624	1.5475	1185.8	-0.029799	0.00020492	0.18636	supercritical
319.0	1558.0	1167.1	0.00085685	181.31	314.8	0.90855	0.96256	1.5473	1186.7	-0.029824	0.00020518	0.18652	supercritical
319.0	1561.2	1167.4	0.00085658	181.22	314.95	0.90815	0.96271	1.5471	1187.6	-0.029848	0.00020544	0.18668	supercritical
319.0	1564.5	1167.8	0.00085631	181.14	315.1	0.90775	0.96287	1.5469	1188.5	-0.029873	0.0002057	0.18684	supercritical
319.0	1567.8	1168.2	0.00085604	181.05	315.25	0.90735	0.96302	1.5468	1189.4	-0.029897	0.00020595	0.187	supercritical
319.0	1571.0	1168.5	0.00085577	180.96	315.4	0.90695	0.96318	1.5466	1190.3	-0.029922	0.00020621	0.18716	supercritical
319.0	1574.2	1168.9	0.0008555	180.88	315.56	0.90655	0.96333	1.5464	1191.2	-0.029946	0.00020647	0.18732	supercritical
319.0	1577.5	1169.3	0.00085523	180.79	315.71	0.90615	0.96349	1.5462	1192.1	-0.02997	0.00020673	0.18748	supercritical
319.0	1580.8	1169.6	0.00085496	180.71	315.86	0.90575	0.96364	1.546	1193.0	-0.029994	0.00020698	0.18763	supercritical
319.0	1584.0	1170.0	0.00085469	180.62	316.01	0.90535	0.9638	1.5459	1193.9	-0.030018	0.00020724	0.18779	supercritical
319.0	1587.2	1170.4	0.00085443	180.54	316.16	0.90495	0.96395	1.5457	1194.8	-0.030042	0.0002075	0.18795	supercritical
319.0	1590.5	1170.7	0.00085416	180.46	316.31	0.90455	0.96411	1.5455	1195.7	-0.030065	0.00020775	0.18811	supercritical
319.0	1593.8	1171.1	0.00085389	180.37	316.46	0.90416	0.96426	1.5453	1196.6	-0.030089	0.00020801	0.18827	supercritical
319.0	1597.0	1171.5	0.00085363	180.29	316.61	0.90376	0.96442	1.5452	1197.5	-0.030112	0.00020827	0.18843	supercritical
319.0	1600.2	1171.8	0.00085336	180.2	316.76	0.90337	0.96457	1.545	1198.4	-0.030136	0.00020853	0.18859	supercritical
319.0	1603.5	1172.2	0.0008531	180.12	316.91	0.90297	0.96473	1.5448	1199.3	-0.030159	0.00020878	0.18875	supercritical
319.0	1606.8	1172.6	0.00085284	180.04	317.07	0.90258	0.96489	1.5446	1200.2	-0.030182	0.00020904	0.1889	supercritical
319.0	1610.0	1172.9	0.00085258	179.95	317.22	0.90218	0.96504	1.5445	1201.1	-0.030205	0.0002093	0.18906	supercritical
319.0	1613.2	1173.3	0.00085231	179.87	317.37	0.90179	0.9652	1.5443	1202.0	-0.030228	0.00020955	0.18922	supercritical
319.0	1616.5	1173.6	0.00085205	179.79	317.52	0.9014	0.96535	1.5441	1202.9	-0.030251	0.00020981	0.18938	supercritical
319.0	1619.8	1174.0	0.00085179	179.7	317.67	0.90101	0.96551	1.544	1203.8	-0.030273	0.00021007	0.18954	supercritical
319.0	1623.0	1174.4	0.00085153	179.62	317.82	0.90062	0.96566	1.5438	1204.7	-0.030296	0.00021032	0.18969	supercritical
319.0	1626.2	1174.7	0.00085127	179.54	317.98	0.90023	0.96582	1.5436	1205.5	-0.030318	0.00021058	0.18985	supercritical
319.0	1629.5	1175.1	0.00085101	179.46	318.13	0.89983	0.96597	1.5435	1206.4	-0.030341	0.00021084	0.19001	supercritical
319.0	1632.8	1175.4	0.00085076	179.37	318.28	0.89945	0.96613	1.5433	1207.3	-0.030363	0.00021109	0.19017	supercritical
319.0	1636.0	1175.8	0.0008505	179.29	318.43	0.89906	0.96628	1.5431	1208.2	-0.030385	0.00021135	0.19032	supercritical
319.0	1639.2	1176.1	0.00085024	179.21	318.59	0.89867	0.96644	1.543	1209.1	-0.030407	0.00021161	0.19048	supercritical
319.0	1642.5	1176.5	0.00084999	179.13	318.74	0.89828	0.96659	1.5428	1209.9	-0.030429	0.00021186	0.19064	supercritical
319.0	1645.8	1176.8	0.00084973	179.05	318.89	0.89789	0.96675	1.5427	1210.8	-0.030451	0.00021212	0.19079	supercritical
319.0	1649.0	1177.2	0.00084947	178.97	319.04	0.89751	0.9669	1.5425	1211.7	-0.030473	0.00021238	0.19095	supercritical
319.0	1652.2	1177.6	0.00084922	178.88	319.2	0.89712	0.96706	1.5423	1212.6	-0.030495	0.00021263	0.19111	supercritical
319.0	1655.5	1177.9	0.00084897	178.8	319.35	0.89673	0.96721	1.5422	1213.4	-0.030516	0.00021289	0.19126	supercritical
319.0	1658.8	1178.3	0.00084871	178.72	319.5	0.89635	0.96737	1.542	1214.3	-0.030538	0.00021315	0.19142	supercritical
319.0	1662.0	1178.6	0.00084846	178.64	319.66	0.89596	0.96752	1.5419	1215.2	-0.030559	0.0002134	0.19158	supercritical
319.0	1665.2	1179.0	0.00084821	178.56	319.81	0.89558	0.96767	1.5417	1216.0	-0.030581	0.00021366	0.19173	supercritical
319.0	1668.5	1179.3	0.00084796	178.48	319.96	0.8952	0.96783	1.5415	1216.9	-0.030602	0.00021392	0.19189	supercritical
319.0	1671.8	1179.7	0.0008477	178.4	320.12	0.89481	0.96798	1.5414	1217.8	-0.030623	0.00021417	0.19205	supercritical
319.0	1675.0	1180.0	0.00084745	178.32	320.27	0.89443	0.96814	1.5412	1218.6	-0.030644	0.00021443	0.1922	supercritical
319.0	1678.2	1180.4	0.0008472	178.24	320.42	0.89405	0.96829	1.5411	1219.5	-0.030665	0.00021468	0.19236	supercritical
319.0	1681.5	1180.7	0.00084696	178.16	320.58	0.89367	0.96845	1.5409	1220.4	-0.030686	0.00021494	0.19251	supercritical
319.0	1684.8	1181.0	0.00084671	178.08	320.73	0.89329	0.9686	1.5408	1221.2	-0.030706	0.0002152	0.19267	supercritical
319.0	1688.0	1181.4	0.00084646	178.0	320.88	0.89291	0.96876	1.5406	1222.1	-0.030727	0.00021545	0.19282	supercritical
319.0	1691.2	1181.7	0.00084621	177.92	321.04	0.89253	0.96891	1.5405	1222.9	-0.030748	0.00021571	0.19298	supercritical
319.0	1694.5	1182.1	0.00084596	177.84	321.19	0.89215	0.96907	1.5403	1223.8	-0.030768	0.00021596	0.19314	supercritical
319.0	1697.8	1182.4	0.00084572	177.76	321.35	0.89177	0.96922	1.5402	1224.7	-0.030788	0.00021622	0.19329	supercritical
319.0	1701.0	1182.8	0.00084547	177.68	321.5	0.89139	0.96938	1.54	1225.5	-0.030809	0.00021647	0.19345	supercritical
319.0	1704.2	1183.1	0.00084523	177.61	321.65	0.89101	0.96953	1.5399	1226.4	-0.030829	0.00021673	0.1936	supercritical
319.0	1707.5	1183.5	0.00084498	177.53	321.81	0.89063	0.96968	1.5397	1227.2	-0.030849	0.00021699	0.19376	supercritical
319.0	1710.8	1183.8	0.00084474	177.45	321.96	0.89026	0.96984	1.5396	1228.1	-0.030869	0.00021724	0.19391	supercritical
319.0	1714.0	1184.1	0.00084449	177.37	322.12	0.88988	0.96999	1.5394	1228.9	-0.030889	0.0002175	0.19407	supercritical
319.0	1717.2	1184.5	0.00084425	177.29	322.27	0.88951	0.97015	1.5393	1229.8	-0.030909	0.00021775	0.19422	supercritical
319.0	1720.5	1184.8	0.00084401	177.21	322.43	0.88913	0.9703	1.5392	1230.6	-0.030929	0.00021801	0.19437	supercritical
319.0	1723.8	1185.2	0.00084376	177.14	322.58	0.88876	0.97046	1.539	1231.5	-0.030948	0.00021826	0.19453	supercritical
319.0	1727.0	1185.5	0.00084352	177.06	322.74	0.88838	0.97061	1.5389	1232.3	-0.030968	0.00021852	0.19468	supercritical
319.0	1730.2	1185.8	0.00084328	176.98	322.89	0.88801	0.97077	1.5387	1233.2	-0.030987	0.00021877	0.19484	supercritical
319.0	1733.5	1186.2	0.00084304	176.9	323.05	0.88764	0.97092	1.5386	1234.0	-0.031007	0.00021903	0.19499	supercritical
319.0	1736.8	1186.5	0.0008428	176.83	323.2	0.88726	0.97107	1.5385	1234.8	-0.031026	0.00021929	0.19515	supercritical
319.0	1740.0	1186.9	0.00084256	176.75	323.36	0.88689	0.97123	1.5383	1235.7	-0.031045	0.00021954	0.1953	supercritical
319.0	1743.2	1187.2	0.00084232	176.67	323.51	0.88652	0.97138	1.5382	1236.5	-0.031065	0.0002198	0.19545	supercritical
319.0	1746.5	1187.5	0.00084208	176.6	323.67	0.88615	0.97154	1.538	1237.4	-0.031084	0.00022005	0.19561	supercritical
319.0	1749.8	1187.9	0.00084185	176.52	323.82	0.88578	0.97169	1.5379	1238.2	-0.031103	0.00022031	0.19576	supercritical
319.0	1753.0	1188.2	0.00084161	176.44	323.98	0.88541	0.97184	1.5378	1239.0	-0.031122	0.00022056	0.19591	supercritical
319.0	1756.2	1188.5	0.00084137	176.37	324.13	0.88504	0.972	1.5376	1239.9	-0.03114	0.00022082	0.19607	supercritical
319.0	1759.5	1188.9	0.00084113	176.29	324.29	0.88467	0.97215	1.5375	1240.7	-0.031159	0.00022107	0.19622	supercritical
319.0	1762.8	1189.2	0.0008409	176.22	324.44	0.8843	0.97231	1.5374	1241.5	-0.031178	0.00022133	0.19637	supercritical
319.0	1766.0	1189.5	0.00084066	176.14	324.6	0.88393	0.97246	1.5372	1242.4	-0.031196	0.00022158	0.19653	supercritical
319.0	1769.2	1189.9	0.00084043	176.06	324.76	0.88356	0.97261	1.5371	1243.2	-0.031215	0.00022184	0.19668	supercritical
319.0	1772.5	1190.2	0.00084019	175.99	324.91	0.8832	0.97277	1.537	1244.0	-0.031233	0.00022209	0.19683	supercritical
319.0	1775.8	1190.5	0.00083996	175.91	325.07	0.88283	0.97292	1.5368	1244.9	-0.031252	0.00022235	0.19699	supercritical
319.0	1779.0	1190.9	0.00083973	175.84	325.22	0.88246	0.97308	1.5367	1245.7	-0.03127	0.0002226	0.19714	supercritical
319.0	1782.2	1191.2	0.00083949	175.76	325.38	0.8821	0.97323	1.5366	1246.5	-0.031288	0.00022286	0.19729	supercritical
319.0	1785.5	1191.5	0.00083926	175.69	325.54	0.88173	0.97338	1.5364	1247.3	-0.031306	0.00022311	0.19744	supercritical
319.0	1788.8	1191.9	0.00083903	175.61	325.69	0.88137	0.97354	1.5363	1248.2	-0.031324	0.00022337	0.1976	supercritical
319.0	1792.0	1192.2	0.0008388	175.54	325.85	0.881	0.97369	1.5362	1249.0	-0.031342	0.00022362	0.19775	supercritical
319.0	1795.2	1192.5	0.00083857	175.46	326.01	0.88064	0.97385	1.5361	1249.8	-0.03136	0.00022388	0.1979	supercritical
319.0	1798.5	1192.8	0.00083834	175.39	326.16	0.88028	0.974	1.5359	1250.6	-0.031378	0.00022413	0.19805	supercritical
319.0	1801.8	1193.2	0.00083811	175.31	326.32	0.87991	0.97415	1.5358	1251.4	-0.031396	0.00022439	0.19821	supercritical
319.0	1805.0	1193.5	0.00083788	175.24	326.48	0.87955	0.97431	1.5357	1252.3	-0.031413	0.00022464	0.19836	supercritical
319.0	1808.2	1193.8	0.00083765	175.17	326.63	0.87919	0.97446	1.5355	1253.1	-0.031431	0.0002249	0.19851	supercritical
319.0	1811.5	1194.1	0.00083742	175.09	326.79	0.87883	0.97461	1.5354	1253.9	-0.031448	0.00022515	0.19866	supercritical
319.0	1814.8	1194.5	0.00083719	175.02	326.95	0.87847	0.97477	1.5353	1254.7	-0.031466	0.0002254	0.19881	supercritical
319.0	1818.0	1194.8	0.00083696	174.94	327.1	0.87811	0.97492	1.5352	1255.5	-0.031483	0.00022566	0.19897	supercritical
319.0	1821.2	1195.1	0.00083673	174.87	327.26	0.87775	0.97507	1.535	1256.3	-0.0315	0.00022591	0.19912	supercritical
319.0	1824.5	1195.4	0.00083651	174.8	327.42	0.87739	0.97523	1.5349	1257.1	-0.031518	0.00022617	0.19927	supercritical
319.0	1827.8	1195.8	0.00083628	174.72	327.58	0.87703	0.97538	1.5348	1258.0	-0.031535	0.00022642	0.19942	supercritical
319.0	1831.0	1196.1	0.00083606	174.65	327.73	0.87667	0.97553	1.5347	1258.8	-0.031552	0.00022668	0.19957	supercritical
319.0	1834.2	1196.4	0.00083583	174.58	327.89	0.87631	0.97569	1.5346	1259.6	-0.031569	0.00022693	0.19972	supercritical
319.0	1837.5	1196.7	0.00083561	174.5	328.05	0.87595	0.97584	1.5344	1260.4	-0.031586	0.00022719	0.19987	supercritical
319.0	1840.8	1197.1	0.00083538	174.43	328.21	0.8756	0.97599	1.5343	1261.2	-0.031603	0.00022744	0.20003	supercritical
319.0	1844.0	1197.4	0.00083516	174.36	328.36	0.87524	0.97615	1.5342	1262.0	-0.031619	0.00022769	0.20018	supercritical
319.0	1847.2	1197.7	0.00083493	174.29	328.52	0.87488	0.9763	1.5341	1262.8	-0.031636	0.00022795	0.20033	supercritical
319.0	1850.5	1198.0	0.00083471	174.21	328.68	0.87453	0.97645	1.534	1263.6	-0.031653	0.0002282	0.20048	supercritical
319.0	1853.8	1198.3	0.00083449	174.14	328.84	0.87417	0.97661	1.5339	1264.4	-0.031669	0.00022846	0.20063	supercritical
319.0	1857.0	1198.7	0.00083427	174.07	328.99	0.87382	0.97676	1.5337	1265.2	-0.031686	0.00022871	0.20078	supercritical
319.0	1860.2	1199.0	0.00083404	174.0	329.15	0.87346	0.97691	1.5336	1266.0	-0.031702	0.00022897	0.20093	supercritical
319.0	1863.5	1199.3	0.00083382	173.93	329.31	0.87311	0.97707	1.5335	1266.8	-0.031719	0.00022922	0.20108	supercritical
319.0	1866.8	1199.6	0.0008336	173.86	329.47	0.87275	0.97722	1.5334	1267.6	-0.031735	0.00022947	0.20123	supercritical
319.0	1870.0	1199.9	0.00083338	173.78	329.63	0.8724	0.97737	1.5333	1268.4	-0.031751	0.00022973	0.20138	supercritical
319.0	1873.2	1200.2	0.00083316	173.71	329.78	0.87205	0.97753	1.5332	1269.2	-0.031767	0.00022998	0.20153	supercritical
319.0	1876.5	1200.6	0.00083294	173.64	329.94	0.8717	0.97768	1.533	1270.0	-0.031783	0.00023024	0.20168	supercritical
319.0	1879.8	1200.9	0.00083272	173.57	330.1	0.87134	0.97783	1.5329	1270.8	-0.031799	0.00023049	0.20183	supercritical
319.0	1883.0	1201.2	0.00083251	173.5	330.26	0.87099	0.97799	1.5328	1271.6	-0.031815	0.00023074	0.20198	supercritical
319.0	1886.2	1201.5	0.00083229	173.43	330.42	0.87064	0.97814	1.5327	1272.4	-0.031831	0.000231	0.20213	supercritical
319.0	1889.5	1201.8	0.00083207	173.36	330.58	0.87029	0.97829	1.5326	1273.2	-0.031847	0.00023125	0.20228	supercritical
319.0	1892.8	1202.1	0.00083185	173.29	330.74	0.86994	0.97844	1.5325	1273.9	-0.031863	0.00023151	0.20243	supercritical
319.0	1896.0	1202.4	0.00083164	173.22	330.89	0.86959	0.9786	1.5324	1274.7	-0.031879	0.00023176	0.20258	supercritical
319.0	1899.2	1202.8	0.00083142	173.15	331.05	0.86924	0.97875	1.5323	1275.5	-0.031894	0.00023201	0.20273	supercritical
319.0	1902.5	1203.1	0.0008312	173.08	331.21	0.86889	0.9789	1.5322	1276.3	-0.03191	0.00023227	0.20288	supercritical
319.0	1905.8	1203.4	0.00083099	173.01	331.37	0.86854	0.97905	1.5321	1277.1	-0.031925	0.00023252	0.20303	supercritical
319.0	1909.0	1203.7	0.00083077	172.94	331.53	0.8682	0.97921	1.532	1277.9	-0.031941	0.00023278	0.20318	supercritical
319.0	1912.2	1204.0	0.00083056	172.87	331.69	0.86785	0.97936	1.5318	1278.7	-0.031956	0.00023303	0.20333	supercritical
319.0	1915.5	1204.3	0.00083034	172.8	331.85	0.8675	0.97951	1.5317	1279.4	-0.031971	0.00023328	0.20348	supercritical
319.0	1918.8	1204.6	0.00083013	172.73	332.01	0.86715	0.97967	1.5316	1280.2	-0.031987	0.00023354	0.20363	supercritical
319.0	1922.0	1204.9	0.00082992	172.66	332.17	0.86681	0.97982	1.5315	1281.0	-0.032002	0.00023379	0.20377	supercritical
319.0	1925.2	1205.2	0.0008297	172.59	332.33	0.86646	0.97997	1.5314	1281.8	-0.032017	0.00023404	0.20392	supercritical
319.0	1928.5	1205.6	0.00082949	172.52	332.49	0.86612	0.98012	1.5313	1282.6	-0.032032	0.0002343	0.20407	supercritical
319.0	1931.8	1205.9	0.00082928	172.45	332.64	0.86577	0.98027	1.5312	1283.3	-0.032047	0.00023455	0.20422	supercritical
319.0	1935.0	1206.2	0.00082907	172.38	332.8	0.86543	0.98043	1.5311	1284.1	-0.032062	0.00023481	0.20437	supercritical
319.0	1938.2	1206.5	0.00082886	172.31	332.96	0.86508	0.98058	1.531	1284.9	-0.032077	0.00023506	0.20452	supercritical
319.0	1941.5	1206.8	0.00082864	172.24	333.12	0.86474	0.98073	1.5309	1285.7	-0.032092	0.00023531	0.20467	supercritical
319.0	1944.8	1207.1	0.00082843	172.17	333.28	0.86439	0.98088	1.5308	1286.4	-0.032106	0.00023557	0.20482	supercritical
319.0	1948.0	1207.4	0.00082822	172.1	333.44	0.86405	0.98104	1.5307	1287.2	-0.032121	0.00023582	0.20496	supercritical
319.0	1951.2	1207.7	0.00082801	172.04	333.6	0.86371	0.98119	1.5306	1288.0	-0.032136	0.00023607	0.20511	supercritical
319.0	1954.5	1208.0	0.0008278	171.97	333.76	0.86337	0.98134	1.5305	1288.8	-0.03215	0.00023633	0.20526	supercritical
319.0	1957.8	1208.3	0.0008276	171.9	333.92	0.86302	0.98149	1.5304	1289.5	-0.032165	0.00023658	0.20541	supercritical
319.0	1961.0	1208.6	0.00082739	171.83	334.08	0.86268	0.98165	1.5303	1290.3	-0.032179	0.00023683	0.20556	supercritical
319.0	1964.2	1208.9	0.00082718	171.76	334.24	0.86234	0.9818	1.5302	1291.1	-0.032194	0.00023709	0.2057	supercritical
319.0	1967.5	1209.2	0.00082697	171.7	334.4	0.862	0.98195	1.5301	1291.8	-0.032208	0.00023734	0.20585	supercritical
319.0	1970.8	1209.5	0.00082676	171.63	334.56	0.86166	0.9821	1.53	1292.6	-0.032222	0.0002376	0.206	supercritical
319.0	1974.0	1209.8	0.00082656	171.56	334.72	0.86132	0.98225	1.5299	1293.4	-0.032237	0.00023785	0.20615	supercritical
319.0	1977.2	1210.1	0.00082635	171.49	334.88	0.86098	0.98241	1.5298	1294.1	-0.032251	0.0002381	0.2063	supercritical
319.0	1980.5	1210.4	0.00082614	171.43	335.04	0.86064	0.98256	1.5297	1294.9	-0.032265	0.00023836	0.20644	supercritical
319.0	1983.8	1210.7	0.00082594	171.36	335.2	0.8603	0.98271	1.5296	1295.6	-0.032279	0.00023861	0.20659	supercritical
319.0	1987.0	1211.0	0.00082573	171.29	335.36	0.85997	0.98286	1.5295	1296.4	-0.032293	0.00023886	0.20674	supercritical
319.0	1990.2	1211.3	0.00082553	171.22	335.53	0.85963	0.98301	1.5294	1297.2	-0.032307	0.00023912	0.20688	supercritical
319.0	1993.5	1211.6	0.00082532	171.16	335.69	0.85929	0.98316	1.5293	1297.9	-0.032321	0.00023937	0.20703	supercritical
319.0	1996.8	1211.9	0.00082512	171.09	335.85	0.85895	0.98332	1.5292	1298.7	-0.032334	0.00023962	0.20718	supercritical
319.0	2000.0	1212.2	0.00082492	171.02	336.01	0.85862	0.98347	1.5291	1299.4	-0.032348	0.00023988	0.20733	supercritical
