Temperature (K)	Pressure (bar)	Density (kg/m3)	Volume (m3/kg)	Internal Energy (kJ/kg)	Enthalpy (kJ/kg)	Entropy (J/g*K)	Cv (J/g*K)	Cp (J/g*K)	Sound Spd. (m/s)	Joule-Thomson (K/bar)	Viscosity (Pa*s)	Therm. Cond. (W/m*K)	Phase
332.0	56.5	116.11	0.0086128	437.09	485.75	1.9602	0.79961	1.3727	249.92	0.80738	1.8057e-05	0.024563	vapor
332.0	59.75	125.24	0.0079845	434.38	482.09	1.941	0.80806	1.4292	247.96	0.80199	1.8243e-05	0.025157	vapor
332.0	63.0	134.82	0.0074174	431.57	478.3	1.9221	0.81686	1.4919	246.01	0.79581	1.8449e-05	0.025813	vapor
332.0	66.25	144.88	0.0069025	428.64	474.37	1.9033	0.82604	1.562	244.07	0.78876	1.8677e-05	0.026537	vapor
332.0	69.5	155.47	0.0064321	425.58	470.29	1.8844	0.83561	1.6405	242.15	0.78071	1.893e-05	0.02734	vapor
332.0	72.75	166.66	0.0060002	422.39	466.04	1.8656	0.84562	1.7291	240.26	0.77155	1.9213e-05	0.028234	vapor
332.0	76.0	178.52	0.0056016	419.04	461.61	1.8465	0.85609	1.8295	238.4	0.76113	1.9531e-05	0.029232	vapor
332.0	76.0	178.52	0.0056016	419.04	461.61	1.8465	0.85609	1.8295	238.4	0.76113	1.9531e-05	0.029232	supercritical
332.0	76.0	178.52	0.0056016	419.04	461.61	1.8465	0.85609	1.8295	238.4	0.76113	1.9531e-05	0.029232	supercritical
332.0	79.25	191.13	0.005232	415.52	456.98	1.8273	0.86705	1.9439	236.6	0.74928	1.9889e-05	0.030349	supercritical
332.0	82.5	204.59	0.0048879	411.81	452.14	1.8078	0.87852	2.0748	234.88	0.73584	2.0294e-05	0.031601	supercritical
332.0	85.75	219.0	0.0045663	407.89	447.05	1.7878	0.89051	2.2254	233.25	0.72059	2.0756e-05	0.033006	supercritical
332.0	89.0	234.49	0.0042647	403.75	441.71	1.7674	0.90299	2.3988	231.76	0.7033	2.1283e-05	0.034583	supercritical
332.0	92.25	251.19	0.003981	399.35	436.08	1.7464	0.9159	2.5985	230.45	0.68374	2.1891e-05	0.036349	supercritical
332.0	95.5	269.26	0.0037139	394.68	430.15	1.7248	0.92913	2.8272	229.38	0.66166	2.2593e-05	0.038314	supercritical
332.0	98.75	288.83	0.0034623	389.73	423.92	1.7025	0.94244	3.0857	228.65	0.63684	2.3408e-05	0.040482	supercritical
332.0	102.0	309.99	0.0032259	384.48	417.39	1.6796	0.95547	3.3704	228.36	0.60916	2.4355e-05	0.042834	supercritical
332.0	105.25	332.79	0.0030049	378.96	410.59	1.656	0.9677	3.6708	228.65	0.5787	2.5454e-05	0.045326	supercritical
332.0	108.5	357.09	0.0028004	373.23	403.61	1.6322	0.97848	3.9677	229.7	0.54581	2.6717e-05	0.047885	supercritical
332.0	111.75	382.6	0.0026137	367.35	396.56	1.6083	0.98712	4.2338	231.7	0.51116	2.8149e-05	0.050415	supercritical
332.0	115.0	408.82	0.0024461	361.47	389.6	1.5848	0.99312	4.4382	234.8	0.47558	2.9738e-05	0.05281	supercritical
332.0	118.25	435.05	0.0022986	355.72	382.9	1.5623	0.99624	4.5546	239.1	0.44007	3.1451e-05	0.05498	supercritical
332.0	121.5	460.56	0.0021713	350.24	376.62	1.5412	0.99652	4.5732	244.58	0.40568	3.324e-05	0.056878	supercritical
332.0	124.75	484.74	0.0020629	345.13	370.87	1.5218	0.99436	4.5077	251.1	0.37334	3.5051e-05	0.058519	supercritical
332.0	128.0	507.21	0.0019716	340.45	365.68	1.5043	0.99048	4.3857	258.44	0.34365	3.684e-05	0.059957	supercritical
332.0	131.25	527.82	0.0018946	336.19	361.06	1.4884	0.98565	4.2339	266.36	0.31684	3.8573e-05	0.06125	supercritical
332.0	134.5	546.6	0.0018295	332.34	356.94	1.4742	0.98046	4.0721	274.61	0.29287	4.0234e-05	0.062445	supercritical
332.0	137.75	563.67	0.0017741	328.85	353.29	1.4614	0.97524	3.9119	283.0	0.27155	4.1813e-05	0.063568	supercritical
332.0	141.0	579.21	0.0017265	325.68	350.02	1.4499	0.97018	3.7598	291.43	0.25259	4.3309e-05	0.064638	supercritical
332.0	144.25	593.39	0.0016852	322.79	347.1	1.4394	0.96536	3.619	299.8	0.23571	4.4726e-05	0.065666	supercritical
332.0	147.5	606.37	0.0016491	320.14	344.46	1.4298	0.96085	3.4907	308.05	0.22065	4.6068e-05	0.066658	supercritical
332.0	150.75	618.32	0.0016173	317.7	342.08	1.4211	0.95665	3.3747	316.14	0.20718	4.7342e-05	0.067619	supercritical
332.0	154.0	629.36	0.0015889	315.44	339.91	1.413	0.95277	3.2704	324.06	0.19507	4.8553e-05	0.068549	supercritical
332.0	157.25	639.6	0.0015635	313.33	337.92	1.4054	0.9492	3.1765	331.79	0.18415	4.9707e-05	0.069452	supercritical
332.0	160.5	649.15	0.0015405	311.37	336.1	1.3984	0.94591	3.0918	339.32	0.17425	5.0809e-05	0.070328	supercritical
332.0	163.75	658.08	0.0015196	309.53	334.41	1.3919	0.94289	3.0152	346.66	0.16525	5.1865e-05	0.071179	supercritical
332.0	167.0	666.47	0.0015005	307.79	332.85	1.3857	0.94011	2.9457	353.81	0.15701	5.2879e-05	0.072006	supercritical
332.0	170.25	674.37	0.0014829	306.16	331.4	1.3798	0.93756	2.8822	360.77	0.14946	5.3853e-05	0.072809	supercritical
332.0	173.5	681.83	0.0014666	304.6	330.05	1.3743	0.93521	2.8242	367.57	0.1425	5.4792e-05	0.07359	supercritical
332.0	176.75	688.91	0.0014516	303.13	328.78	1.3691	0.93304	2.7708	374.19	0.13607	5.5699e-05	0.074349	supercritical
332.0	180.0	695.63	0.0014375	301.72	327.6	1.3641	0.93105	2.7216	380.65	0.1301	5.6576e-05	0.075089	supercritical
332.0	183.25	702.03	0.0014244	300.38	326.48	1.3593	0.9292	2.6761	386.96	0.12455	5.7426e-05	0.07581	supercritical
332.0	186.5	708.14	0.0014121	299.09	325.43	1.3548	0.92749	2.6339	393.12	0.11937	5.825e-05	0.076513	supercritical
332.0	189.75	713.98	0.0014006	297.86	324.43	1.3504	0.9259	2.5946	399.14	0.11453	5.905e-05	0.077199	supercritical
332.0	193.0	719.58	0.0013897	296.67	323.49	1.3462	0.92444	2.5581	405.02	0.11	5.9829e-05	0.077869	supercritical
332.0	196.25	724.95	0.0013794	295.53	322.6	1.3422	0.92307	2.5239	410.77	0.10573	6.0587e-05	0.078524	supercritical
332.0	199.5	730.12	0.0013696	294.43	321.76	1.3383	0.92181	2.4919	416.41	0.10172	6.1326e-05	0.079164	supercritical
332.0	202.75	735.09	0.0013604	293.37	320.95	1.3345	0.92063	2.4619	421.92	0.097943	6.2048e-05	0.079791	supercritical
332.0	206.0	739.89	0.0013516	292.35	320.19	1.3309	0.91954	2.4337	427.32	0.094371	6.2753e-05	0.080405	supercritical
332.0	209.25	744.52	0.0013431	291.36	319.46	1.3274	0.91852	2.4072	432.61	0.090991	6.3442e-05	0.081006	supercritical
332.0	212.5	748.99	0.0013351	290.39	318.77	1.324	0.91757	2.3821	437.8	0.087787	6.4117e-05	0.081596	supercritical
332.0	215.75	753.33	0.0013274	289.46	318.1	1.3207	0.91669	2.3585	442.89	0.084745	6.4778e-05	0.082175	supercritical
332.0	219.0	757.52	0.0013201	288.56	317.47	1.3175	0.91587	2.3361	447.89	0.081854	6.5426e-05	0.082743	supercritical
332.0	222.25	761.59	0.001313	287.67	316.86	1.3143	0.91511	2.3149	452.79	0.079102	6.6061e-05	0.083301	supercritical
332.0	225.5	765.54	0.0013063	286.82	316.27	1.3113	0.9144	2.2948	457.61	0.076478	6.6685e-05	0.083849	supercritical
332.0	228.75	769.39	0.0012997	285.98	315.72	1.3083	0.91373	2.2756	462.35	0.073974	6.7298e-05	0.084388	supercritical
332.0	232.0	773.12	0.0012935	285.17	315.18	1.3055	0.91312	2.2574	467.0	0.071582	6.7901e-05	0.084919	supercritical
332.0	235.25	776.76	0.0012874	284.38	314.67	1.3026	0.91254	2.2401	471.57	0.069294	6.8494e-05	0.08544	supercritical
332.0	238.5	780.3	0.0012816	283.61	314.17	1.2999	0.91201	2.2235	476.07	0.067103	6.9077e-05	0.085954	supercritical
332.0	241.75	783.75	0.0012759	282.85	313.69	1.2972	0.91151	2.2077	480.5	0.065002	6.9651e-05	0.08646	supercritical
332.0	245.0	787.12	0.0012705	282.11	313.24	1.2946	0.91105	2.1926	484.86	0.062987	7.0217e-05	0.086959	supercritical
332.0	248.25	790.4	0.0012652	281.39	312.8	1.292	0.91062	2.1782	489.15	0.061052	7.0774e-05	0.087451	supercritical
332.0	251.5	793.62	0.0012601	280.68	312.37	1.2895	0.91022	2.1643	493.38	0.059191	7.1324e-05	0.087936	supercritical
332.0	254.75	796.76	0.0012551	279.99	311.96	1.287	0.90985	2.151	497.55	0.057401	7.1866e-05	0.088414	supercritical
332.0	258.0	799.82	0.0012503	279.31	311.57	1.2846	0.90951	2.1383	501.65	0.055678	7.2401e-05	0.088886	supercritical
332.0	261.25	802.83	0.0012456	278.65	311.19	1.2823	0.90919	2.126	505.7	0.054017	7.2929e-05	0.089352	supercritical
332.0	264.5	805.77	0.001241	278.0	310.82	1.2799	0.9089	2.1143	509.69	0.052416	7.3451e-05	0.089812	supercritical
332.0	267.75	808.65	0.0012366	277.36	310.47	1.2777	0.90863	2.1029	513.63	0.05087	7.3966e-05	0.090266	supercritical
332.0	271.0	811.47	0.0012323	276.73	310.13	1.2754	0.90838	2.092	517.51	0.049378	7.4475e-05	0.090715	supercritical
332.0	274.25	814.24	0.0012281	276.12	309.8	1.2732	0.90814	2.0815	521.34	0.047936	7.4979e-05	0.091158	supercritical
332.0	277.5	816.95	0.0012241	275.51	309.48	1.2711	0.90793	2.0713	525.13	0.046541	7.5477e-05	0.091597	supercritical
332.0	280.75	819.62	0.0012201	274.92	309.17	1.2689	0.90774	2.0615	528.86	0.045191	7.5969e-05	0.092031	supercritical
332.0	284.0	822.23	0.0012162	274.33	308.87	1.2669	0.90756	2.052	532.55	0.043885	7.6457e-05	0.09246	supercritical
332.0	287.25	824.8	0.0012124	273.76	308.59	1.2648	0.90739	2.0428	536.2	0.042619	7.6939e-05	0.092884	supercritical
332.0	290.5	827.32	0.0012087	273.19	308.31	1.2628	0.90724	2.034	539.8	0.041392	7.7416e-05	0.093304	supercritical
332.0	293.75	829.8	0.0012051	272.64	308.04	1.2608	0.9071	2.0254	543.36	0.040202	7.7889e-05	0.093719	supercritical
332.0	297.0	832.24	0.0012016	272.09	307.78	1.2588	0.90698	2.0171	546.88	0.039047	7.8357e-05	0.09413	supercritical
332.0	300.25	834.64	0.0011981	271.55	307.53	1.2569	0.90687	2.009	550.36	0.037926	7.8821e-05	0.094538	supercritical
332.0	303.5	836.99	0.0011948	271.02	307.28	1.255	0.90677	2.0012	553.79	0.036838	7.9281e-05	0.094941	supercritical
332.0	306.75	839.31	0.0011914	270.5	307.05	1.2531	0.90668	1.9936	557.2	0.03578	7.9736e-05	0.09534	supercritical
332.0	310.0	841.6	0.0011882	269.98	306.82	1.2513	0.9066	1.9863	560.56	0.034751	8.0188e-05	0.095736	supercritical
332.0	313.25	843.85	0.001185	269.48	306.6	1.2494	0.90653	1.9792	563.89	0.033751	8.0636e-05	0.096128	supercritical
332.0	316.5	846.06	0.0011819	268.98	306.38	1.2476	0.90647	1.9722	567.19	0.032777	8.108e-05	0.096517	supercritical
332.0	319.75	848.24	0.0011789	268.48	306.18	1.2459	0.90642	1.9655	570.45	0.031829	8.1521e-05	0.096902	supercritical
332.0	323.0	850.39	0.0011759	268.0	305.98	1.2441	0.90637	1.9589	573.68	0.030906	8.1958e-05	0.097284	supercritical
332.0	326.25	852.51	0.001173	267.52	305.78	1.2424	0.90633	1.9525	576.88	0.030007	8.2391e-05	0.097663	supercritical
332.0	329.5	854.6	0.0011701	267.04	305.6	1.2407	0.90631	1.9463	580.04	0.029131	8.2822e-05	0.098038	supercritical
332.0	332.75	856.66	0.0011673	266.57	305.42	1.239	0.90628	1.9402	583.18	0.028276	8.3249e-05	0.098411	supercritical
332.0	336.0	858.69	0.0011646	266.11	305.24	1.2373	0.90627	1.9343	586.28	0.027443	8.3673e-05	0.09878	supercritical
332.0	339.25	860.7	0.0011618	265.65	305.07	1.2356	0.90626	1.9286	589.36	0.02663	8.4094e-05	0.099147	supercritical
332.0	342.5	862.68	0.0011592	265.2	304.91	1.234	0.90625	1.923	592.41	0.025836	8.4512e-05	0.09951	supercritical
332.0	345.75	864.63	0.0011566	264.76	304.75	1.2324	0.90625	1.9175	595.43	0.025062	8.4927e-05	0.099871	supercritical
332.0	349.0	866.56	0.001154	264.32	304.59	1.2308	0.90626	1.9122	598.43	0.024305	8.534e-05	0.10023	supercritical
332.0	352.25	868.46	0.0011515	263.89	304.45	1.2292	0.90627	1.907	601.4	0.023566	8.5749e-05	0.10058	supercritical
332.0	355.5	870.34	0.001149	263.46	304.3	1.2277	0.90629	1.9019	604.34	0.022843	8.6156e-05	0.10094	supercritical
332.0	358.75	872.19	0.0011465	263.03	304.16	1.2261	0.90631	1.8969	607.26	0.022137	8.6561e-05	0.10129	supercritical
332.0	362.0	874.03	0.0011441	262.61	304.03	1.2246	0.90634	1.8921	610.15	0.021447	8.6963e-05	0.10164	supercritical
332.0	365.25	875.84	0.0011418	262.2	303.9	1.2231	0.90637	1.8873	613.02	0.020771	8.7362e-05	0.10198	supercritical
332.0	368.5	877.63	0.0011394	261.79	303.77	1.2216	0.9064	1.8827	615.87	0.02011	8.7759e-05	0.10232	supercritical
332.0	371.75	879.4	0.0011371	261.38	303.65	1.2201	0.90644	1.8781	618.69	0.019464	8.8154e-05	0.10267	supercritical
332.0	375.0	881.15	0.0011349	260.98	303.54	1.2187	0.90648	1.8737	621.49	0.018831	8.8547e-05	0.103	supercritical
332.0	378.25	882.88	0.0011327	260.58	303.42	1.2172	0.90652	1.8694	624.27	0.018211	8.8937e-05	0.10334	supercritical
332.0	381.5	884.59	0.0011305	260.19	303.32	1.2158	0.90657	1.8651	627.03	0.017604	8.9325e-05	0.10367	supercritical
332.0	384.75	886.28	0.0011283	259.8	303.21	1.2144	0.90662	1.8609	629.77	0.017009	8.9711e-05	0.10401	supercritical
332.0	388.0	887.95	0.0011262	259.41	303.11	1.2129	0.90668	1.8569	632.48	0.016426	9.0095e-05	0.10434	supercritical
332.0	391.25	889.61	0.0011241	259.03	303.01	1.2116	0.90673	1.8529	635.18	0.015855	9.0477e-05	0.10467	supercritical
332.0	394.5	891.24	0.001122	258.65	302.92	1.2102	0.90679	1.849	637.86	0.015295	9.0857e-05	0.10499	supercritical
332.0	397.75	892.86	0.00112	258.28	302.83	1.2088	0.90685	1.8451	640.51	0.014747	9.1235e-05	0.10532	supercritical
332.0	401.0	894.47	0.001118	257.91	302.74	1.2074	0.90692	1.8414	643.15	0.014208	9.1611e-05	0.10564	supercritical
332.0	404.25	896.05	0.001116	257.54	302.66	1.2061	0.90699	1.8377	645.77	0.01368	9.1985e-05	0.10596	supercritical
332.0	407.5	897.62	0.0011141	257.18	302.58	1.2048	0.90706	1.8341	648.37	0.013162	9.2357e-05	0.10628	supercritical
332.0	410.75	899.18	0.0011121	256.82	302.5	1.2034	0.90713	1.8305	650.96	0.012654	9.2728e-05	0.10659	supercritical
332.0	414.0	900.72	0.0011102	256.46	302.43	1.2021	0.9072	1.827	653.52	0.012155	9.3096e-05	0.10691	supercritical
332.0	417.25	902.25	0.0011083	256.11	302.36	1.2008	0.90728	1.8236	656.07	0.011665	9.3464e-05	0.10722	supercritical
332.0	420.5	903.76	0.0011065	255.76	302.29	1.1996	0.90735	1.8203	658.6	0.011184	9.3829e-05	0.10753	supercritical
332.0	423.75	905.25	0.0011047	255.41	302.22	1.1983	0.90743	1.817	661.12	0.010711	9.4193e-05	0.10784	supercritical
332.0	427.0	906.73	0.0011029	255.07	302.16	1.197	0.90751	1.8138	663.61	0.010247	9.4555e-05	0.10815	supercritical
332.0	430.25	908.2	0.0011011	254.73	302.1	1.1957	0.9076	1.8106	666.1	0.0097912	9.4916e-05	0.10846	supercritical
332.0	433.5	909.66	0.0010993	254.39	302.05	1.1945	0.90768	1.8075	668.56	0.0093432	9.5275e-05	0.10876	supercritical
332.0	436.75	911.1	0.0010976	254.06	301.99	1.1933	0.90777	1.8044	671.01	0.008903	9.5632e-05	0.10906	supercritical
332.0	440.0	912.53	0.0010959	253.73	301.94	1.192	0.90786	1.8014	673.45	0.0084703	9.5988e-05	0.10937	supercritical
332.0	443.25	913.94	0.0010942	253.4	301.89	1.1908	0.90795	1.7984	675.87	0.0080448	9.6343e-05	0.10967	supercritical
332.0	446.5	915.34	0.0010925	253.07	301.85	1.1896	0.90804	1.7955	678.28	0.0076265	9.6696e-05	0.10996	supercritical
332.0	449.75	916.74	0.0010908	252.75	301.81	1.1884	0.90813	1.7927	680.67	0.0072152	9.7048e-05	0.11026	supercritical
332.0	453.0	918.11	0.0010892	252.42	301.76	1.1872	0.90823	1.7898	683.04	0.0068106	9.7398e-05	0.11056	supercritical
332.0	456.25	919.48	0.0010876	252.11	301.73	1.186	0.90832	1.7871	685.41	0.0064126	9.7747e-05	0.11085	supercritical
332.0	459.5	920.84	0.001086	251.79	301.69	1.1849	0.90842	1.7844	687.75	0.0060211	9.8095e-05	0.11114	supercritical
332.0	462.75	922.18	0.0010844	251.48	301.66	1.1837	0.90851	1.7817	690.09	0.0056358	9.8441e-05	0.11144	supercritical
332.0	466.0	923.51	0.0010828	251.17	301.62	1.1826	0.90861	1.779	692.41	0.0052566	9.8786e-05	0.11173	supercritical
332.0	469.25	924.84	0.0010813	250.86	301.6	1.1814	0.90871	1.7765	694.72	0.0048834	9.913e-05	0.11202	supercritical
332.0	472.5	926.15	0.0010797	250.55	301.57	1.1803	0.90882	1.7739	697.02	0.004516	9.9472e-05	0.1123	supercritical
332.0	475.75	927.45	0.0010782	250.25	301.54	1.1791	0.90892	1.7714	699.3	0.0041542	9.9814e-05	0.11259	supercritical
332.0	479.0	928.74	0.0010767	249.95	301.52	1.178	0.90902	1.7689	701.57	0.0037981	0.00010015	0.11287	supercritical
332.0	482.25	930.02	0.0010752	249.65	301.5	1.1769	0.90913	1.7665	703.83	0.0034473	0.00010049	0.11316	supercritical
332.0	485.5	931.29	0.0010738	249.35	301.48	1.1758	0.90923	1.7641	706.07	0.0031018	0.00010083	0.11344	supercritical
332.0	488.75	932.55	0.0010723	249.05	301.46	1.1747	0.90934	1.7617	708.3	0.0027615	0.00010117	0.11372	supercritical
332.0	492.0	933.8	0.0010709	248.76	301.45	1.1736	0.90945	1.7594	710.52	0.0024263	0.0001015	0.114	supercritical
332.0	495.25	935.04	0.0010695	248.47	301.44	1.1725	0.90955	1.7571	712.73	0.002096	0.00010184	0.11428	supercritical
332.0	498.5	936.27	0.0010681	248.18	301.43	1.1714	0.90966	1.7548	714.93	0.0017705	0.00010217	0.11456	supercritical
332.0	501.75	937.49	0.0010667	247.9	301.42	1.1704	0.90977	1.7526	717.12	0.0014497	0.0001025	0.11484	supercritical
332.0	505.0	938.7	0.0010653	247.61	301.41	1.1693	0.90988	1.7504	719.29	0.0011335	0.00010283	0.11511	supercritical
332.0	508.25	939.91	0.0010639	247.33	301.4	1.1682	0.91	1.7482	721.46	0.00082184	0.00010316	0.11539	supercritical
332.0	511.5	941.1	0.0010626	247.05	301.4	1.1672	0.91011	1.7461	723.61	0.00051458	0.00010349	0.11566	supercritical
332.0	514.75	942.29	0.0010612	246.77	301.4	1.1661	0.91022	1.744	725.75	0.00021164	0.00010382	0.11593	supercritical
332.0	518.0	943.47	0.0010599	246.49	301.4	1.1651	0.91034	1.7419	727.88	-8.7082e-05	0.00010415	0.1162	supercritical
332.0	521.25	944.64	0.0010586	246.22	301.4	1.1641	0.91045	1.7399	730.0	-0.00038167	0.00010447	0.11647	supercritical
332.0	524.5	945.8	0.0010573	245.95	301.4	1.163	0.91057	1.7379	732.11	-0.00067222	0.0001048	0.11674	supercritical
332.0	527.75	946.95	0.001056	245.67	301.41	1.162	0.91068	1.7359	734.21	-0.00095881	0.00010512	0.11701	supercritical
332.0	531.0	948.1	0.0010547	245.41	301.41	1.161	0.9108	1.7339	736.3	-0.0012415	0.00010545	0.11728	supercritical
332.0	534.25	949.23	0.0010535	245.14	301.42	1.16	0.91092	1.732	738.38	-0.0015204	0.00010577	0.11754	supercritical
332.0	537.5	950.36	0.0010522	244.87	301.43	1.159	0.91104	1.7301	740.45	-0.0017956	0.00010609	0.11781	supercritical
332.0	540.75	951.49	0.001051	244.61	301.44	1.158	0.91116	1.7282	742.51	-0.0020672	0.00010641	0.11807	supercritical
332.0	544.0	952.6	0.0010498	244.35	301.45	1.157	0.91128	1.7263	744.56	-0.0023352	0.00010673	0.11834	supercritical
332.0	547.25	953.71	0.0010485	244.09	301.47	1.156	0.9114	1.7245	746.6	-0.0025996	0.00010705	0.1186	supercritical
332.0	550.5	954.81	0.0010473	243.83	301.48	1.155	0.91152	1.7227	748.63	-0.0028607	0.00010737	0.11886	supercritical
332.0	553.75	955.9	0.0010461	243.57	301.5	1.1541	0.91164	1.7209	750.65	-0.0031184	0.00010769	0.11912	supercritical
332.0	557.0	956.98	0.001045	243.31	301.52	1.1531	0.91176	1.7191	752.66	-0.0033728	0.000108	0.11938	supercritical
332.0	560.25	958.06	0.0010438	243.06	301.54	1.1521	0.91188	1.7174	754.67	-0.003624	0.00010832	0.11964	supercritical
332.0	563.5	959.13	0.0010426	242.81	301.56	1.1512	0.91201	1.7156	756.66	-0.003872	0.00010863	0.1199	supercritical
332.0	566.75	960.2	0.0010415	242.56	301.58	1.1502	0.91213	1.7139	758.64	-0.0041169	0.00010895	0.12015	supercritical
332.0	570.0	961.26	0.0010403	242.31	301.6	1.1493	0.91225	1.7122	760.62	-0.0043587	0.00010926	0.12041	supercritical
332.0	573.25	962.31	0.0010392	242.06	301.63	1.1483	0.91238	1.7106	762.59	-0.0045976	0.00010957	0.12066	supercritical
332.0	576.5	963.35	0.001038	241.81	301.65	1.1474	0.9125	1.7089	764.55	-0.0048335	0.00010988	0.12092	supercritical
332.0	579.75	964.39	0.0010369	241.57	301.68	1.1465	0.91263	1.7073	766.5	-0.0050665	0.00011019	0.12117	supercritical
332.0	583.0	965.42	0.0010358	241.32	301.71	1.1455	0.91276	1.7057	768.44	-0.0052967	0.0001105	0.12142	supercritical
332.0	586.25	966.45	0.0010347	241.08	301.74	1.1446	0.91288	1.7041	770.37	-0.0055242	0.00011081	0.12168	supercritical
332.0	589.5	967.47	0.0010336	240.84	301.77	1.1437	0.91301	1.7026	772.3	-0.0057489	0.00011112	0.12193	supercritical
332.0	592.75	968.48	0.0010325	240.6	301.8	1.1428	0.91314	1.701	774.22	-0.0059709	0.00011143	0.12218	supercritical
332.0	596.0	969.49	0.0010315	240.36	301.84	1.1419	0.91327	1.6995	776.12	-0.0061903	0.00011174	0.12243	supercritical
332.0	599.25	970.49	0.0010304	240.12	301.87	1.141	0.91339	1.698	778.03	-0.0064072	0.00011204	0.12267	supercritical
332.0	602.5	971.48	0.0010294	239.89	301.91	1.1401	0.91352	1.6965	779.92	-0.0066215	0.00011235	0.12292	supercritical
332.0	605.75	972.47	0.0010283	239.66	301.95	1.1392	0.91365	1.695	781.8	-0.0068333	0.00011266	0.12317	supercritical
332.0	609.0	973.45	0.0010273	239.42	301.98	1.1383	0.91378	1.6936	783.68	-0.0070427	0.00011296	0.12342	supercritical
332.0	612.25	974.43	0.0010262	239.19	302.02	1.1374	0.91391	1.6921	785.55	-0.0072496	0.00011326	0.12366	supercritical
332.0	615.5	975.4	0.0010252	238.96	302.06	1.1365	0.91404	1.6907	787.41	-0.0074542	0.00011357	0.12391	supercritical
332.0	618.75	976.37	0.0010242	238.73	302.1	1.1356	0.91417	1.6893	789.27	-0.0076565	0.00011387	0.12415	supercritical
332.0	622.0	977.33	0.0010232	238.5	302.15	1.1347	0.91431	1.6879	791.12	-0.0078565	0.00011417	0.12439	supercritical
332.0	625.25	978.29	0.0010222	238.28	302.19	1.1339	0.91444	1.6865	792.96	-0.0080543	0.00011447	0.12464	supercritical
332.0	628.5	979.24	0.0010212	238.05	302.24	1.133	0.91457	1.6852	794.79	-0.0082499	0.00011477	0.12488	supercritical
332.0	631.75	980.18	0.0010202	237.83	302.28	1.1322	0.9147	1.6838	796.61	-0.0084433	0.00011507	0.12512	supercritical
332.0	635.0	981.12	0.0010192	237.61	302.33	1.1313	0.91484	1.6825	798.43	-0.0086345	0.00011537	0.12536	supercritical
332.0	638.25	982.06	0.0010183	237.38	302.38	1.1304	0.91497	1.6812	800.24	-0.0088237	0.00011567	0.1256	supercritical
332.0	641.5	982.99	0.0010173	237.16	302.42	1.1296	0.9151	1.6799	802.05	-0.0090108	0.00011597	0.12584	supercritical
332.0	644.75	983.91	0.0010163	236.95	302.47	1.1287	0.91524	1.6786	803.84	-0.0091959	0.00011627	0.12608	supercritical
332.0	648.0	984.83	0.0010154	236.73	302.52	1.1279	0.91537	1.6773	805.63	-0.009379	0.00011657	0.12631	supercritical
332.0	651.25	985.75	0.0010145	236.51	302.58	1.1271	0.91551	1.676	807.42	-0.0095602	0.00011686	0.12655	supercritical
332.0	654.5	986.66	0.0010135	236.29	302.63	1.1262	0.91564	1.6748	809.19	-0.0097394	0.00011716	0.12679	supercritical
332.0	657.75	987.57	0.0010126	236.08	302.68	1.1254	0.91578	1.6735	810.96	-0.0099167	0.00011745	0.12702	supercritical
332.0	661.0	988.47	0.0010117	235.87	302.74	1.1246	0.91591	1.6723	812.73	-0.010092	0.00011775	0.12726	supercritical
332.0	664.25	989.36	0.0010108	235.65	302.79	1.1238	0.91605	1.6711	814.48	-0.010266	0.00011804	0.12749	supercritical
332.0	667.5	990.25	0.0010098	235.44	302.85	1.1229	0.91618	1.6699	816.24	-0.010438	0.00011834	0.12773	supercritical
332.0	670.75	991.14	0.0010089	235.23	302.91	1.1221	0.91632	1.6687	817.98	-0.010608	0.00011863	0.12796	supercritical
332.0	674.0	992.02	0.001008	235.02	302.96	1.1213	0.91646	1.6676	819.72	-0.010776	0.00011892	0.12819	supercritical
332.0	677.25	992.9	0.0010071	234.81	303.02	1.1205	0.9166	1.6664	821.45	-0.010942	0.00011921	0.12843	supercritical
332.0	680.5	993.77	0.0010063	234.61	303.08	1.1197	0.91673	1.6652	823.17	-0.011107	0.00011951	0.12866	supercritical
332.0	683.75	994.64	0.0010054	234.4	303.14	1.1189	0.91687	1.6641	824.89	-0.01127	0.0001198	0.12889	supercritical
332.0	687.0	995.51	0.0010045	234.19	303.2	1.1181	0.91701	1.663	826.6	-0.011432	0.00012009	0.12912	supercritical
332.0	690.25	996.37	0.0010036	233.99	303.27	1.1173	0.91715	1.6619	828.31	-0.011592	0.00012038	0.12935	supercritical
332.0	693.5	997.22	0.0010028	233.79	303.33	1.1165	0.91729	1.6607	830.01	-0.01175	0.00012067	0.12958	supercritical
332.0	696.75	998.08	0.0010019	233.58	303.39	1.1157	0.91743	1.6597	831.7	-0.011907	0.00012096	0.12981	supercritical
332.0	700.0	998.92	0.0010011	233.38	303.46	1.1149	0.91756	1.6586	833.39	-0.012062	0.00012125	0.13003	supercritical
332.0	703.25	999.77	0.0010002	233.18	303.52	1.1141	0.9177	1.6575	835.08	-0.012216	0.00012154	0.13026	supercritical
332.0	706.5	1000.6	0.00099939	232.98	303.59	1.1134	0.91784	1.6564	836.75	-0.012368	0.00012182	0.13049	supercritical
332.0	709.75	1001.4	0.00099856	232.78	303.66	1.1126	0.91798	1.6554	838.42	-0.012518	0.00012211	0.13072	supercritical
332.0	713.0	1002.3	0.00099773	232.59	303.72	1.1118	0.91812	1.6543	840.09	-0.012668	0.0001224	0.13094	supercritical
332.0	716.25	1003.1	0.00099691	232.39	303.79	1.111	0.91826	1.6533	841.75	-0.012815	0.00012268	0.13117	supercritical
332.0	719.5	1003.9	0.00099609	232.19	303.86	1.1103	0.91841	1.6523	843.4	-0.012962	0.00012297	0.13139	supercritical
332.0	722.75	1004.7	0.00099528	232.0	303.93	1.1095	0.91855	1.6513	845.05	-0.013107	0.00012326	0.13162	supercritical
332.0	726.0	1005.6	0.00099447	231.8	304.0	1.1088	0.91869	1.6503	846.69	-0.01325	0.00012354	0.13184	supercritical
332.0	729.25	1006.4	0.00099366	231.61	304.07	1.108	0.91883	1.6493	848.33	-0.013392	0.00012383	0.13206	supercritical
332.0	732.5	1007.2	0.00099287	231.42	304.15	1.1072	0.91897	1.6483	849.96	-0.013533	0.00012411	0.13229	supercritical
332.0	735.75	1008.0	0.00099207	231.23	304.22	1.1065	0.91911	1.6473	851.59	-0.013673	0.00012439	0.13251	supercritical
332.0	739.0	1008.8	0.00099129	231.04	304.29	1.1057	0.91925	1.6463	853.21	-0.013811	0.00012468	0.13273	supercritical
332.0	742.25	1009.6	0.0009905	230.85	304.37	1.105	0.9194	1.6454	854.82	-0.013948	0.00012496	0.13295	supercritical
332.0	745.5	1010.4	0.00098972	230.66	304.44	1.1042	0.91954	1.6444	856.43	-0.014083	0.00012524	0.13317	supercritical
332.0	748.75	1011.2	0.00098895	230.47	304.52	1.1035	0.91968	1.6435	858.04	-0.014218	0.00012552	0.13339	supercritical
332.0	752.0	1012.0	0.00098818	230.28	304.59	1.1028	0.91983	1.6425	859.64	-0.014351	0.00012581	0.13361	supercritical
332.0	755.25	1012.7	0.00098742	230.1	304.67	1.102	0.91997	1.6416	861.23	-0.014483	0.00012609	0.13383	supercritical
332.0	758.5	1013.5	0.00098666	229.91	304.75	1.1013	0.92011	1.6407	862.82	-0.014614	0.00012637	0.13405	supercritical
332.0	761.75	1014.3	0.0009859	229.72	304.83	1.1006	0.92026	1.6398	864.4	-0.014743	0.00012665	0.13427	supercritical
332.0	765.0	1015.1	0.00098515	229.54	304.9	1.0998	0.9204	1.6389	865.98	-0.014872	0.00012693	0.13448	supercritical
332.0	768.25	1015.8	0.0009844	229.36	304.98	1.0991	0.92054	1.638	867.56	-0.014999	0.00012721	0.1347	supercritical
332.0	771.5	1016.6	0.00098366	229.18	305.06	1.0984	0.92069	1.6371	869.13	-0.015125	0.00012749	0.13492	supercritical
332.0	774.75	1017.4	0.00098292	228.99	305.15	1.0977	0.92083	1.6362	870.69	-0.01525	0.00012777	0.13513	supercritical
332.0	778.0	1018.1	0.00098219	228.81	305.23	1.097	0.92098	1.6354	872.25	-0.015374	0.00012805	0.13535	supercritical
332.0	781.25	1018.9	0.00098146	228.63	305.31	1.0962	0.92112	1.6345	873.81	-0.015497	0.00012833	0.13557	supercritical
332.0	784.5	1019.6	0.00098073	228.45	305.39	1.0955	0.92127	1.6337	875.35	-0.015619	0.0001286	0.13578	supercritical
332.0	787.75	1020.4	0.00098001	228.27	305.47	1.0948	0.92141	1.6328	876.9	-0.015739	0.00012888	0.136	supercritical
332.0	791.0	1021.1	0.00097929	228.1	305.56	1.0941	0.92156	1.632	878.44	-0.015859	0.00012916	0.13621	supercritical
332.0	794.25	1021.9	0.00097858	227.92	305.64	1.0934	0.9217	1.6311	879.97	-0.015977	0.00012943	0.13642	supercritical
332.0	797.5	1022.6	0.00097787	227.74	305.73	1.0927	0.92185	1.6303	881.51	-0.016095	0.00012971	0.13664	supercritical
332.0	800.75	1023.4	0.00097717	227.57	305.81	1.092	0.92199	1.6295	883.03	-0.016211	0.00012999	0.13685	supercritical
332.0	804.0	1024.1	0.00097646	227.39	305.9	1.0913	0.92214	1.6287	884.55	-0.016327	0.00013026	0.13706	supercritical
332.0	807.25	1024.8	0.00097577	227.22	305.99	1.0906	0.92229	1.6279	886.07	-0.016442	0.00013054	0.13727	supercritical
332.0	810.5	1025.6	0.00097507	227.04	306.07	1.0899	0.92243	1.6271	887.58	-0.016555	0.00013081	0.13749	supercritical
332.0	813.75	1026.3	0.00097438	226.87	306.16	1.0892	0.92258	1.6263	889.09	-0.016668	0.00013109	0.1377	supercritical
332.0	817.0	1027.0	0.0009737	226.7	306.25	1.0886	0.92273	1.6255	890.59	-0.016779	0.00013136	0.13791	supercritical
332.0	820.25	1027.7	0.00097301	226.53	306.34	1.0879	0.92287	1.6247	892.09	-0.01689	0.00013164	0.13812	supercritical
332.0	823.5	1028.5	0.00097234	226.36	306.43	1.0872	0.92302	1.624	893.59	-0.017	0.00013191	0.13833	supercritical
332.0	826.75	1029.2	0.00097166	226.19	306.52	1.0865	0.92317	1.6232	895.08	-0.017109	0.00013219	0.13854	supercritical
332.0	830.0	1029.9	0.00097099	226.02	306.61	1.0858	0.92331	1.6224	896.56	-0.017217	0.00013246	0.13875	supercritical
332.0	833.25	1030.6	0.00097032	225.85	306.7	1.0852	0.92346	1.6217	898.04	-0.017324	0.00013273	0.13895	supercritical
332.0	836.5	1031.3	0.00096966	225.68	306.79	1.0845	0.92361	1.6209	899.52	-0.01743	0.000133	0.13916	supercritical
332.0	839.75	1032.0	0.000969	225.51	306.88	1.0838	0.92376	1.6202	900.99	-0.017536	0.00013328	0.13937	supercritical
332.0	843.0	1032.7	0.00096834	225.34	306.98	1.0831	0.9239	1.6195	902.46	-0.01764	0.00013355	0.13958	supercritical
332.0	846.25	1033.4	0.00096768	225.18	307.07	1.0825	0.92405	1.6187	903.92	-0.017744	0.00013382	0.13978	supercritical
332.0	849.5	1034.1	0.00096703	225.01	307.16	1.0818	0.9242	1.618	905.38	-0.017847	0.00013409	0.13999	supercritical
332.0	852.75	1034.8	0.00096639	224.85	307.26	1.0811	0.92435	1.6173	906.84	-0.017949	0.00013436	0.1402	supercritical
332.0	856.0	1035.5	0.00096574	224.68	307.35	1.0805	0.9245	1.6166	908.29	-0.01805	0.00013463	0.1404	supercritical
332.0	859.25	1036.2	0.0009651	224.52	307.45	1.0798	0.92465	1.6159	909.74	-0.01815	0.0001349	0.14061	supercritical
332.0	862.5	1036.8	0.00096446	224.36	307.54	1.0792	0.9248	1.6152	911.18	-0.01825	0.00013517	0.14081	supercritical
332.0	865.75	1037.5	0.00096383	224.19	307.64	1.0785	0.92494	1.6145	912.62	-0.018348	0.00013544	0.14102	supercritical
332.0	869.0	1038.2	0.0009632	224.03	307.73	1.0779	0.92509	1.6138	914.06	-0.018446	0.00013571	0.14122	supercritical
332.0	872.25	1038.9	0.00096257	223.87	307.83	1.0772	0.92524	1.6131	915.49	-0.018544	0.00013598	0.14143	supercritical
332.0	875.5	1039.6	0.00096194	223.71	307.93	1.0766	0.92539	1.6124	916.92	-0.01864	0.00013625	0.14163	supercritical
332.0	878.75	1040.2	0.00096132	223.55	308.03	1.0759	0.92554	1.6118	918.34	-0.018736	0.00013652	0.14183	supercritical
332.0	882.0	1040.9	0.0009607	223.39	308.13	1.0753	0.92569	1.6111	919.76	-0.018831	0.00013679	0.14204	supercritical
332.0	885.25	1041.6	0.00096009	223.23	308.22	1.0746	0.92584	1.6104	921.17	-0.018925	0.00013706	0.14224	supercritical
332.0	888.5	1042.2	0.00095948	223.07	308.32	1.074	0.92599	1.6098	922.59	-0.019018	0.00013733	0.14244	supercritical
332.0	891.75	1042.9	0.00095887	222.92	308.42	1.0733	0.92614	1.6091	923.99	-0.019111	0.00013759	0.14264	supercritical
332.0	895.0	1043.6	0.00095826	222.76	308.52	1.0727	0.92629	1.6085	925.4	-0.019203	0.00013786	0.14285	supercritical
332.0	898.25	1044.2	0.00095766	222.6	308.62	1.0721	0.92644	1.6078	926.8	-0.019294	0.00013813	0.14305	supercritical
332.0	901.5	1044.9	0.00095706	222.45	308.72	1.0714	0.92659	1.6072	928.2	-0.019385	0.00013839	0.14325	supercritical
332.0	904.75	1045.5	0.00095646	222.29	308.83	1.0708	0.92674	1.6065	929.59	-0.019475	0.00013866	0.14345	supercritical
332.0	908.0	1046.2	0.00095586	222.14	308.93	1.0702	0.92689	1.6059	930.98	-0.019564	0.00013893	0.14365	supercritical
332.0	911.25	1046.8	0.00095527	221.98	309.03	1.0696	0.92704	1.6053	932.36	-0.019653	0.00013919	0.14385	supercritical
332.0	914.5	1047.5	0.00095468	221.83	309.13	1.0689	0.92719	1.6047	933.74	-0.019741	0.00013946	0.14405	supercritical
332.0	917.75	1048.1	0.00095409	221.67	309.24	1.0683	0.92734	1.6041	935.12	-0.019828	0.00013973	0.14425	supercritical
332.0	921.0	1048.8	0.00095351	221.52	309.34	1.0677	0.92749	1.6034	936.5	-0.019915	0.00013999	0.14445	supercritical
332.0	924.25	1049.4	0.00095293	221.37	309.44	1.0671	0.92764	1.6028	937.87	-0.020001	0.00014026	0.14464	supercritical
332.0	927.5	1050.0	0.00095235	221.22	309.55	1.0664	0.9278	1.6022	939.23	-0.020086	0.00014052	0.14484	supercritical
332.0	930.75	1050.7	0.00095178	221.07	309.65	1.0658	0.92795	1.6016	940.6	-0.020171	0.00014079	0.14504	supercritical
332.0	934.0	1051.3	0.0009512	220.92	309.76	1.0652	0.9281	1.6011	941.96	-0.020255	0.00014105	0.14524	supercritical
332.0	937.25	1051.9	0.00095063	220.77	309.86	1.0646	0.92825	1.6005	943.32	-0.020338	0.00014131	0.14544	supercritical
332.0	940.5	1052.6	0.00095006	220.62	309.97	1.064	0.9284	1.5999	944.67	-0.020421	0.00014158	0.14563	supercritical
332.0	943.75	1053.2	0.0009495	220.47	310.08	1.0634	0.92855	1.5993	946.02	-0.020503	0.00014184	0.14583	supercritical
332.0	947.0	1053.8	0.00094894	220.32	310.18	1.0628	0.9287	1.5987	947.36	-0.020585	0.00014211	0.14603	supercritical
332.0	950.25	1054.4	0.00094838	220.17	310.29	1.0622	0.92886	1.5982	948.71	-0.020666	0.00014237	0.14622	supercritical
332.0	953.5	1055.1	0.00094782	220.02	310.4	1.0616	0.92901	1.5976	950.05	-0.020746	0.00014263	0.14642	supercritical
332.0	956.75	1055.7	0.00094726	219.88	310.51	1.061	0.92916	1.597	951.38	-0.020826	0.00014289	0.14661	supercritical
332.0	960.0	1056.3	0.00094671	219.73	310.61	1.0604	0.92931	1.5965	952.72	-0.020905	0.00014316	0.14681	supercritical
332.0	963.25	1056.9	0.00094616	219.58	310.72	1.0598	0.92946	1.5959	954.04	-0.020984	0.00014342	0.147	supercritical
332.0	966.5	1057.5	0.00094561	219.44	310.83	1.0592	0.92962	1.5954	955.37	-0.021062	0.00014368	0.1472	supercritical
332.0	969.75	1058.1	0.00094507	219.29	310.94	1.0586	0.92977	1.5948	956.69	-0.02114	0.00014394	0.14739	supercritical
332.0	973.0	1058.7	0.00094453	219.15	311.05	1.058	0.92992	1.5943	958.01	-0.021217	0.00014421	0.14759	supercritical
332.0	976.25	1059.3	0.00094399	219.0	311.16	1.0574	0.93007	1.5937	959.33	-0.021294	0.00014447	0.14778	supercritical
332.0	979.5	1059.9	0.00094345	218.86	311.27	1.0568	0.93023	1.5932	960.64	-0.02137	0.00014473	0.14798	supercritical
332.0	982.75	1060.5	0.00094291	218.72	311.38	1.0562	0.93038	1.5927	961.95	-0.021445	0.00014499	0.14817	supercritical
332.0	986.0	1061.1	0.00094238	218.57	311.49	1.0556	0.93053	1.5921	963.26	-0.02152	0.00014525	0.14836	supercritical
332.0	989.25	1061.7	0.00094185	218.43	311.6	1.055	0.93068	1.5916	964.56	-0.021594	0.00014551	0.14856	supercritical
332.0	992.5	1062.3	0.00094132	218.29	311.72	1.0544	0.93084	1.5911	965.86	-0.021668	0.00014577	0.14875	supercritical
332.0	995.75	1062.9	0.00094079	218.15	311.83	1.0539	0.93099	1.5906	967.16	-0.021742	0.00014603	0.14894	supercritical
332.0	999.0	1063.5	0.00094027	218.01	311.94	1.0533	0.93114	1.59	968.45	-0.021814	0.00014629	0.14914	supercritical
332.0	1002.2	1064.1	0.00093975	217.87	312.05	1.0527	0.9313	1.5895	969.74	-0.021887	0.00014655	0.14933	supercritical
332.0	1005.5	1064.7	0.00093923	217.73	312.17	1.0521	0.93145	1.589	971.03	-0.021959	0.00014681	0.14952	supercritical
332.0	1008.8	1065.3	0.00093871	217.59	312.28	1.0515	0.9316	1.5885	972.31	-0.02203	0.00014707	0.14971	supercritical
332.0	1012.0	1065.9	0.00093819	217.45	312.39	1.051	0.93176	1.588	973.59	-0.022101	0.00014733	0.1499	supercritical
332.0	1015.2	1066.5	0.00093768	217.31	312.51	1.0504	0.93191	1.5875	974.87	-0.022171	0.00014759	0.1501	supercritical
332.0	1018.5	1067.0	0.00093717	217.17	312.62	1.0498	0.93206	1.587	976.15	-0.022241	0.00014785	0.15029	supercritical
332.0	1021.8	1067.6	0.00093666	217.04	312.74	1.0492	0.93222	1.5865	977.42	-0.022311	0.00014811	0.15048	supercritical
332.0	1025.0	1068.2	0.00093615	216.9	312.85	1.0487	0.93237	1.5861	978.69	-0.02238	0.00014837	0.15067	supercritical
332.0	1028.2	1068.8	0.00093565	216.76	312.97	1.0481	0.93252	1.5856	979.95	-0.022448	0.00014862	0.15086	supercritical
332.0	1031.5	1069.4	0.00093514	216.63	313.09	1.0475	0.93268	1.5851	981.22	-0.022516	0.00014888	0.15105	supercritical
332.0	1034.8	1069.9	0.00093464	216.49	313.2	1.047	0.93283	1.5846	982.48	-0.022584	0.00014914	0.15124	supercritical
332.0	1038.0	1070.5	0.00093415	216.35	313.32	1.0464	0.93298	1.5841	983.73	-0.022651	0.0001494	0.15143	supercritical
332.0	1041.2	1071.1	0.00093365	216.22	313.43	1.0459	0.93314	1.5837	984.99	-0.022718	0.00014965	0.15162	supercritical
332.0	1044.5	1071.6	0.00093315	216.08	313.55	1.0453	0.93329	1.5832	986.24	-0.022784	0.00014991	0.1518	supercritical
332.0	1047.8	1072.2	0.00093266	215.95	313.67	1.0447	0.93345	1.5827	987.49	-0.02285	0.00015017	0.15199	supercritical
332.0	1051.0	1072.8	0.00093217	215.82	313.79	1.0442	0.9336	1.5823	988.73	-0.022915	0.00015043	0.15218	supercritical
332.0	1054.2	1073.3	0.00093168	215.68	313.9	1.0436	0.93375	1.5818	989.98	-0.02298	0.00015068	0.15237	supercritical
332.0	1057.5	1073.9	0.0009312	215.55	314.02	1.0431	0.93391	1.5814	991.22	-0.023045	0.00015094	0.15256	supercritical
332.0	1060.8	1074.4	0.00093071	215.42	314.14	1.0425	0.93406	1.5809	992.45	-0.023109	0.0001512	0.15275	supercritical
332.0	1064.0	1075.0	0.00093023	215.28	314.26	1.042	0.93422	1.5805	993.69	-0.023172	0.00015145	0.15293	supercritical
332.0	1067.2	1075.6	0.00092975	215.15	314.38	1.0414	0.93437	1.58	994.92	-0.023236	0.00015171	0.15312	supercritical
332.0	1070.5	1076.1	0.00092927	215.02	314.5	1.0409	0.93453	1.5796	996.15	-0.023298	0.00015197	0.15331	supercritical
332.0	1073.8	1076.7	0.00092879	214.89	314.62	1.0403	0.93468	1.5791	997.37	-0.023361	0.00015222	0.15349	supercritical
332.0	1077.0	1077.2	0.00092832	214.76	314.74	1.0398	0.93483	1.5787	998.6	-0.023423	0.00015248	0.15368	supercritical
332.0	1080.2	1077.8	0.00092784	214.63	314.86	1.0392	0.93499	1.5783	999.82	-0.023485	0.00015273	0.15387	supercritical
332.0	1083.5	1078.3	0.00092737	214.5	314.98	1.0387	0.93514	1.5778	1001.0	-0.023546	0.00015299	0.15405	supercritical
332.0	1086.8	1078.9	0.0009269	214.37	315.1	1.0381	0.9353	1.5774	1002.2	-0.023607	0.00015324	0.15424	supercritical
332.0	1090.0	1079.4	0.00092643	214.24	315.22	1.0376	0.93545	1.577	1003.5	-0.023667	0.0001535	0.15442	supercritical
332.0	1093.2	1080.0	0.00092597	214.11	315.34	1.037	0.93561	1.5765	1004.7	-0.023727	0.00015375	0.15461	supercritical
332.0	1096.5	1080.5	0.0009255	213.98	315.47	1.0365	0.93576	1.5761	1005.9	-0.023787	0.00015401	0.15479	supercritical
332.0	1099.8	1081.0	0.00092504	213.86	315.59	1.036	0.93592	1.5757	1007.1	-0.023846	0.00015426	0.15498	supercritical
332.0	1103.0	1081.6	0.00092458	213.73	315.71	1.0354	0.93607	1.5753	1008.3	-0.023905	0.00015452	0.15516	supercritical
332.0	1106.2	1082.1	0.00092412	213.6	315.83	1.0349	0.93623	1.5749	1009.5	-0.023964	0.00015477	0.15534	supercritical
332.0	1109.5	1082.6	0.00092366	213.47	315.95	1.0344	0.93638	1.5745	1010.7	-0.024022	0.00015502	0.15553	supercritical
332.0	1112.8	1083.2	0.00092321	213.35	316.08	1.0338	0.93654	1.5741	1011.9	-0.02408	0.00015528	0.15571	supercritical
332.0	1116.0	1083.7	0.00092275	213.22	316.2	1.0333	0.93669	1.5737	1013.1	-0.024137	0.00015553	0.1559	supercritical
332.0	1119.2	1084.2	0.0009223	213.1	316.32	1.0328	0.93685	1.5733	1014.3	-0.024194	0.00015579	0.15608	supercritical
332.0	1122.5	1084.8	0.00092185	212.97	316.45	1.0322	0.937	1.5729	1015.4	-0.024251	0.00015604	0.15626	supercritical
332.0	1125.8	1085.3	0.0009214	212.85	316.57	1.0317	0.93716	1.5725	1016.6	-0.024308	0.00015629	0.15644	supercritical
332.0	1129.0	1085.8	0.00092096	212.72	316.7	1.0312	0.93731	1.5721	1017.8	-0.024364	0.00015655	0.15663	supercritical
332.0	1132.2	1086.4	0.00092051	212.6	316.82	1.0306	0.93747	1.5717	1019.0	-0.024419	0.0001568	0.15681	supercritical
332.0	1135.5	1086.9	0.00092007	212.47	316.95	1.0301	0.93762	1.5713	1020.2	-0.024475	0.00015705	0.15699	supercritical
332.0	1138.8	1087.4	0.00091962	212.35	317.07	1.0296	0.93778	1.5709	1021.3	-0.02453	0.0001573	0.15717	supercritical
332.0	1142.0	1087.9	0.00091918	212.23	317.2	1.0291	0.93793	1.5705	1022.5	-0.024585	0.00015756	0.15736	supercritical
332.0	1145.2	1088.4	0.00091874	212.1	317.32	1.0286	0.93809	1.5701	1023.7	-0.024639	0.00015781	0.15754	supercritical
332.0	1148.5	1089.0	0.00091831	211.98	317.45	1.028	0.93824	1.5697	1024.8	-0.024693	0.00015806	0.15772	supercritical
332.0	1151.8	1089.5	0.00091787	211.86	317.57	1.0275	0.9384	1.5694	1026.0	-0.024747	0.00015831	0.1579	supercritical
332.0	1155.0	1090.0	0.00091744	211.74	317.7	1.027	0.93856	1.569	1027.2	-0.0248	0.00015857	0.15808	supercritical
332.0	1158.2	1090.5	0.000917	211.62	317.83	1.0265	0.93871	1.5686	1028.3	-0.024853	0.00015882	0.15826	supercritical
332.0	1161.5	1091.0	0.00091657	211.49	317.95	1.026	0.93887	1.5682	1029.5	-0.024906	0.00015907	0.15844	supercritical
332.0	1164.8	1091.5	0.00091614	211.37	318.08	1.0255	0.93902	1.5679	1030.6	-0.024958	0.00015932	0.15862	supercritical
332.0	1168.0	1092.0	0.00091572	211.25	318.21	1.0249	0.93918	1.5675	1031.8	-0.02501	0.00015957	0.1588	supercritical
332.0	1171.2	1092.6	0.00091529	211.13	318.34	1.0244	0.93933	1.5671	1032.9	-0.025062	0.00015982	0.15898	supercritical
332.0	1174.5	1093.1	0.00091486	211.01	318.46	1.0239	0.93949	1.5668	1034.1	-0.025114	0.00016008	0.15916	supercritical
332.0	1177.8	1093.6	0.00091444	210.89	318.59	1.0234	0.93965	1.5664	1035.2	-0.025165	0.00016033	0.15934	supercritical
332.0	1181.0	1094.1	0.00091402	210.77	318.72	1.0229	0.9398	1.5661	1036.4	-0.025216	0.00016058	0.15952	supercritical
332.0	1184.2	1094.6	0.0009136	210.66	318.85	1.0224	0.93996	1.5657	1037.5	-0.025266	0.00016083	0.1597	supercritical
332.0	1187.5	1095.1	0.00091318	210.54	318.98	1.0219	0.94011	1.5653	1038.6	-0.025317	0.00016108	0.15988	supercritical
332.0	1190.8	1095.6	0.00091276	210.42	319.11	1.0214	0.94027	1.565	1039.8	-0.025367	0.00016133	0.16005	supercritical
332.0	1194.0	1096.1	0.00091235	210.3	319.24	1.0209	0.94042	1.5646	1040.9	-0.025416	0.00016158	0.16023	supercritical
332.0	1197.2	1096.6	0.00091193	210.18	319.36	1.0204	0.94058	1.5643	1042.0	-0.025466	0.00016183	0.16041	supercritical
332.0	1200.5	1097.1	0.00091152	210.07	319.49	1.0199	0.94074	1.5639	1043.2	-0.025515	0.00016208	0.16059	supercritical
332.0	1203.8	1097.6	0.00091111	209.95	319.62	1.0194	0.94089	1.5636	1044.3	-0.025564	0.00016233	0.16077	supercritical
332.0	1207.0	1098.1	0.0009107	209.83	319.75	1.0189	0.94105	1.5633	1045.4	-0.025612	0.00016258	0.16094	supercritical
332.0	1210.2	1098.6	0.00091029	209.72	319.88	1.0184	0.9412	1.5629	1046.5	-0.02566	0.00016283	0.16112	supercritical
332.0	1213.5	1099.0	0.00090988	209.6	320.01	1.0179	0.94136	1.5626	1047.6	-0.025708	0.00016308	0.1613	supercritical
332.0	1216.8	1099.5	0.00090947	209.49	320.15	1.0174	0.94152	1.5622	1048.8	-0.025756	0.00016333	0.16147	supercritical
332.0	1220.0	1100.0	0.00090907	209.37	320.28	1.0169	0.94167	1.5619	1049.9	-0.025803	0.00016358	0.16165	supercritical
332.0	1223.2	1100.5	0.00090866	209.25	320.41	1.0164	0.94183	1.5616	1051.0	-0.025851	0.00016383	0.16183	supercritical
332.0	1226.5	1101.0	0.00090826	209.14	320.54	1.0159	0.94198	1.5613	1052.1	-0.025897	0.00016408	0.162	supercritical
332.0	1229.8	1101.5	0.00090786	209.03	320.67	1.0154	0.94214	1.5609	1053.2	-0.025944	0.00016433	0.16218	supercritical
332.0	1233.0	1102.0	0.00090746	208.91	320.8	1.0149	0.9423	1.5606	1054.3	-0.02599	0.00016458	0.16235	supercritical
332.0	1236.2	1102.5	0.00090706	208.8	320.93	1.0144	0.94245	1.5603	1055.4	-0.026037	0.00016483	0.16253	supercritical
332.0	1239.5	1102.9	0.00090667	208.68	321.07	1.0139	0.94261	1.56	1056.5	-0.026082	0.00016507	0.16271	supercritical
332.0	1242.8	1103.4	0.00090627	208.57	321.2	1.0134	0.94277	1.5596	1057.6	-0.026128	0.00016532	0.16288	supercritical
332.0	1246.0	1103.9	0.00090588	208.46	321.33	1.0129	0.94292	1.5593	1058.7	-0.026173	0.00016557	0.16306	supercritical
332.0	1249.2	1104.4	0.00090548	208.35	321.46	1.0125	0.94308	1.559	1059.8	-0.026218	0.00016582	0.16323	supercritical
332.0	1252.5	1104.9	0.00090509	208.23	321.6	1.012	0.94323	1.5587	1060.9	-0.026263	0.00016607	0.16341	supercritical
332.0	1255.8	1105.3	0.0009047	208.12	321.73	1.0115	0.94339	1.5584	1062.0	-0.026307	0.00016632	0.16358	supercritical
332.0	1259.0	1105.8	0.00090431	208.01	321.86	1.011	0.94355	1.5581	1063.1	-0.026352	0.00016656	0.16375	supercritical
332.0	1262.2	1106.3	0.00090393	207.9	322.0	1.0105	0.9437	1.5577	1064.2	-0.026396	0.00016681	0.16393	supercritical
332.0	1265.5	1106.8	0.00090354	207.79	322.13	1.01	0.94386	1.5574	1065.3	-0.02644	0.00016706	0.1641	supercritical
332.0	1268.8	1107.2	0.00090315	207.68	322.26	1.0096	0.94402	1.5571	1066.3	-0.026483	0.00016731	0.16428	supercritical
332.0	1272.0	1107.7	0.00090277	207.57	322.4	1.0091	0.94417	1.5568	1067.4	-0.026526	0.00016756	0.16445	supercritical
332.0	1275.2	1108.2	0.00090239	207.46	322.53	1.0086	0.94433	1.5565	1068.5	-0.026569	0.0001678	0.16462	supercritical
332.0	1278.5	1108.6	0.00090201	207.35	322.67	1.0081	0.94448	1.5562	1069.6	-0.026612	0.00016805	0.1648	supercritical
332.0	1281.8	1109.1	0.00090163	207.24	322.8	1.0076	0.94464	1.5559	1070.6	-0.026655	0.0001683	0.16497	supercritical
332.0	1285.0	1109.6	0.00090125	207.13	322.94	1.0072	0.9448	1.5556	1071.7	-0.026697	0.00016855	0.16514	supercritical
332.0	1288.2	1110.0	0.00090087	207.02	323.07	1.0067	0.94495	1.5553	1072.8	-0.026739	0.00016879	0.16532	supercritical
332.0	1291.5	1110.5	0.00090049	206.91	323.21	1.0062	0.94511	1.555	1073.9	-0.026781	0.00016904	0.16549	supercritical
332.0	1294.8	1111.0	0.00090012	206.8	323.34	1.0057	0.94527	1.5548	1074.9	-0.026823	0.00016929	0.16566	supercritical
332.0	1298.0	1111.4	0.00089974	206.69	323.48	1.0053	0.94542	1.5545	1076.0	-0.026864	0.00016953	0.16583	supercritical
332.0	1301.2	1111.9	0.00089937	206.58	323.61	1.0048	0.94558	1.5542	1077.0	-0.026905	0.00016978	0.166	supercritical
332.0	1304.5	1112.3	0.000899	206.48	323.75	1.0043	0.94574	1.5539	1078.1	-0.026946	0.00017003	0.16618	supercritical
332.0	1307.8	1112.8	0.00089863	206.37	323.89	1.0039	0.94589	1.5536	1079.2	-0.026987	0.00017027	0.16635	supercritical
332.0	1311.0	1113.3	0.00089826	206.26	324.02	1.0034	0.94605	1.5533	1080.2	-0.027028	0.00017052	0.16652	supercritical
332.0	1314.2	1113.7	0.00089789	206.15	324.16	1.0029	0.9462	1.553	1081.3	-0.027068	0.00017077	0.16669	supercritical
332.0	1317.5	1114.2	0.00089752	206.05	324.3	1.0025	0.94636	1.5528	1082.3	-0.027108	0.00017101	0.16686	supercritical
332.0	1320.8	1114.6	0.00089716	205.94	324.43	1.002	0.94652	1.5525	1083.4	-0.027148	0.00017126	0.16703	supercritical
332.0	1324.0	1115.1	0.00089679	205.83	324.57	1.0015	0.94667	1.5522	1084.4	-0.027187	0.0001715	0.1672	supercritical
332.0	1327.2	1115.5	0.00089643	205.73	324.71	1.0011	0.94683	1.5519	1085.5	-0.027227	0.00017175	0.16737	supercritical
332.0	1330.5	1116.0	0.00089606	205.62	324.84	1.0006	0.94699	1.5516	1086.5	-0.027266	0.000172	0.16755	supercritical
332.0	1333.8	1116.4	0.0008957	205.52	324.98	1.0001	0.94714	1.5514	1087.6	-0.027305	0.00017224	0.16772	supercritical
332.0	1337.0	1116.9	0.00089534	205.41	325.12	0.99967	0.9473	1.5511	1088.6	-0.027344	0.00017249	0.16789	supercritical
332.0	1340.2	1117.3	0.00089498	205.31	325.26	0.99921	0.94746	1.5508	1089.6	-0.027382	0.00017273	0.16806	supercritical
332.0	1343.5	1117.8	0.00089462	205.2	325.4	0.99875	0.94761	1.5506	1090.7	-0.027421	0.00017298	0.16823	supercritical
332.0	1346.8	1118.2	0.00089427	205.1	325.53	0.99829	0.94777	1.5503	1091.7	-0.027459	0.00017322	0.1684	supercritical
332.0	1350.0	1118.7	0.00089391	204.99	325.67	0.99784	0.94793	1.55	1092.7	-0.027497	0.00017347	0.16856	supercritical
332.0	1353.2	1119.1	0.00089356	204.89	325.81	0.99738	0.94808	1.5498	1093.8	-0.027535	0.00017372	0.16873	supercritical
332.0	1356.5	1119.6	0.0008932	204.79	325.95	0.99692	0.94824	1.5495	1094.8	-0.027572	0.00017396	0.1689	supercritical
332.0	1359.8	1120.0	0.00089285	204.68	326.09	0.99647	0.9484	1.5492	1095.8	-0.02761	0.00017421	0.16907	supercritical
332.0	1363.0	1120.5	0.0008925	204.58	326.23	0.99601	0.94855	1.549	1096.8	-0.027647	0.00017445	0.16924	supercritical
332.0	1366.2	1120.9	0.00089215	204.48	326.37	0.99556	0.94871	1.5487	1097.9	-0.027684	0.0001747	0.16941	supercritical
332.0	1369.5	1121.3	0.0008918	204.37	326.51	0.9951	0.94887	1.5485	1098.9	-0.027721	0.00017494	0.16958	supercritical
332.0	1372.8	1121.8	0.00089145	204.27	326.65	0.99465	0.94902	1.5482	1099.9	-0.027757	0.00017519	0.16975	supercritical
332.0	1376.0	1122.2	0.0008911	204.17	326.79	0.9942	0.94918	1.548	1100.9	-0.027794	0.00017543	0.16992	supercritical
332.0	1379.2	1122.6	0.00089075	204.07	326.93	0.99375	0.94933	1.5477	1102.0	-0.02783	0.00017567	0.17008	supercritical
332.0	1382.5	1123.1	0.00089041	203.97	327.07	0.9933	0.94949	1.5475	1103.0	-0.027866	0.00017592	0.17025	supercritical
332.0	1385.8	1123.5	0.00089006	203.87	327.21	0.99285	0.94965	1.5472	1104.0	-0.027902	0.00017616	0.17042	supercritical
332.0	1389.0	1124.0	0.00088972	203.76	327.35	0.9924	0.9498	1.547	1105.0	-0.027937	0.00017641	0.17059	supercritical
332.0	1392.2	1124.4	0.00088938	203.66	327.49	0.99195	0.94996	1.5467	1106.0	-0.027973	0.00017665	0.17075	supercritical
332.0	1395.5	1124.8	0.00088903	203.56	327.63	0.99151	0.95012	1.5465	1107.0	-0.028008	0.0001769	0.17092	supercritical
332.0	1398.8	1125.2	0.00088869	203.46	327.77	0.99106	0.95027	1.5462	1108.0	-0.028043	0.00017714	0.17109	supercritical
332.0	1402.0	1125.7	0.00088835	203.36	327.91	0.99062	0.95043	1.546	1109.0	-0.028078	0.00017738	0.17126	supercritical
332.0	1405.2	1126.1	0.00088802	203.26	328.05	0.99017	0.95059	1.5457	1110.0	-0.028113	0.00017763	0.17142	supercritical
332.0	1408.5	1126.5	0.00088768	203.16	328.19	0.98973	0.95074	1.5455	1111.0	-0.028147	0.00017787	0.17159	supercritical
332.0	1411.8	1127.0	0.00088734	203.06	328.33	0.98929	0.9509	1.5453	1112.0	-0.028182	0.00017812	0.17176	supercritical
332.0	1415.0	1127.4	0.00088701	202.96	328.47	0.98884	0.95106	1.545	1113.0	-0.028216	0.00017836	0.17192	supercritical
332.0	1418.2	1127.8	0.00088667	202.86	328.62	0.9884	0.95121	1.5448	1114.0	-0.02825	0.0001786	0.17209	supercritical
332.0	1421.5	1128.2	0.00088634	202.77	328.76	0.98796	0.95137	1.5445	1115.0	-0.028284	0.00017885	0.17226	supercritical
332.0	1424.8	1128.7	0.000886	202.67	328.9	0.98752	0.95153	1.5443	1116.0	-0.028318	0.00017909	0.17242	supercritical
332.0	1428.0	1129.1	0.00088567	202.57	329.04	0.98708	0.95168	1.5441	1117.0	-0.028351	0.00017933	0.17259	supercritical
332.0	1431.2	1129.5	0.00088534	202.47	329.18	0.98665	0.95184	1.5438	1118.0	-0.028384	0.00017958	0.17275	supercritical
332.0	1434.5	1129.9	0.00088501	202.37	329.33	0.98621	0.95199	1.5436	1119.0	-0.028418	0.00017982	0.17292	supercritical
332.0	1437.8	1130.4	0.00088468	202.28	329.47	0.98577	0.95215	1.5434	1119.9	-0.028451	0.00018006	0.17308	supercritical
332.0	1441.0	1130.8	0.00088435	202.18	329.61	0.98534	0.95231	1.5432	1120.9	-0.028483	0.00018031	0.17325	supercritical
332.0	1444.2	1131.2	0.00088403	202.08	329.76	0.9849	0.95246	1.5429	1121.9	-0.028516	0.00018055	0.17341	supercritical
332.0	1447.5	1131.6	0.0008837	201.98	329.9	0.98447	0.95262	1.5427	1122.9	-0.028549	0.00018079	0.17358	supercritical
332.0	1450.8	1132.0	0.00088337	201.89	330.04	0.98403	0.95278	1.5425	1123.9	-0.028581	0.00018104	0.17374	supercritical
332.0	1454.0	1132.4	0.00088305	201.79	330.19	0.9836	0.95293	1.5423	1124.8	-0.028613	0.00018128	0.17391	supercritical
332.0	1457.2	1132.9	0.00088273	201.69	330.33	0.98317	0.95309	1.542	1125.8	-0.028645	0.00018152	0.17407	supercritical
332.0	1460.5	1133.3	0.0008824	201.6	330.47	0.98274	0.95325	1.5418	1126.8	-0.028677	0.00018176	0.17424	supercritical
332.0	1463.8	1133.7	0.00088208	201.5	330.62	0.98231	0.9534	1.5416	1127.8	-0.028709	0.00018201	0.1744	supercritical
332.0	1467.0	1134.1	0.00088176	201.41	330.76	0.98188	0.95356	1.5414	1128.7	-0.02874	0.00018225	0.17457	supercritical
332.0	1470.2	1134.5	0.00088144	201.31	330.9	0.98145	0.95371	1.5412	1129.7	-0.028772	0.00018249	0.17473	supercritical
332.0	1473.5	1134.9	0.00088112	201.22	331.05	0.98102	0.95387	1.5409	1130.7	-0.028803	0.00018273	0.17489	supercritical
332.0	1476.8	1135.3	0.0008808	201.12	331.19	0.98059	0.95403	1.5407	1131.6	-0.028834	0.00018298	0.17506	supercritical
332.0	1480.0	1135.7	0.00088048	201.03	331.34	0.98016	0.95418	1.5405	1132.6	-0.028865	0.00018322	0.17522	supercritical
332.0	1483.2	1136.1	0.00088017	200.93	331.48	0.97974	0.95434	1.5403	1133.6	-0.028896	0.00018346	0.17539	supercritical
332.0	1486.5	1136.6	0.00087985	200.84	331.63	0.97931	0.9545	1.5401	1134.5	-0.028926	0.0001837	0.17555	supercritical
332.0	1489.8	1137.0	0.00087954	200.74	331.77	0.97889	0.95465	1.5399	1135.5	-0.028957	0.00018394	0.17571	supercritical
332.0	1493.0	1137.4	0.00087922	200.65	331.92	0.97846	0.95481	1.5397	1136.4	-0.028987	0.00018419	0.17588	supercritical
332.0	1496.2	1137.8	0.00087891	200.55	332.06	0.97804	0.95496	1.5395	1137.4	-0.029017	0.00018443	0.17604	supercritical
332.0	1499.5	1138.2	0.0008786	200.46	332.21	0.97762	0.95512	1.5393	1138.4	-0.029047	0.00018467	0.1762	supercritical
332.0	1502.8	1138.6	0.00087829	200.37	332.35	0.9772	0.95528	1.5391	1139.3	-0.029077	0.00018491	0.17636	supercritical
332.0	1506.0	1139.0	0.00087797	200.27	332.5	0.97677	0.95543	1.5388	1140.3	-0.029107	0.00018515	0.17653	supercritical
332.0	1509.2	1139.4	0.00087766	200.18	332.64	0.97635	0.95559	1.5386	1141.2	-0.029136	0.0001854	0.17669	supercritical
332.0	1512.5	1139.8	0.00087736	200.09	332.79	0.97593	0.95575	1.5384	1142.2	-0.029166	0.00018564	0.17685	supercritical
332.0	1515.8	1140.2	0.00087705	200.0	332.93	0.97551	0.9559	1.5382	1143.1	-0.029195	0.00018588	0.17701	supercritical
332.0	1519.0	1140.6	0.00087674	199.9	333.08	0.9751	0.95606	1.538	1144.1	-0.029224	0.00018612	0.17718	supercritical
332.0	1522.2	1141.0	0.00087643	199.81	333.23	0.97468	0.95621	1.5378	1145.0	-0.029253	0.00018636	0.17734	supercritical
332.0	1525.5	1141.4	0.00087613	199.72	333.37	0.97426	0.95637	1.5376	1145.9	-0.029282	0.0001866	0.1775	supercritical
332.0	1528.8	1141.8	0.00087582	199.63	333.52	0.97384	0.95653	1.5374	1146.9	-0.029311	0.00018684	0.17766	supercritical
332.0	1532.0	1142.2	0.00087552	199.54	333.67	0.97343	0.95668	1.5372	1147.8	-0.02934	0.00018709	0.17782	supercritical
332.0	1535.2	1142.6	0.00087521	199.45	333.81	0.97301	0.95684	1.5371	1148.8	-0.029368	0.00018733	0.17798	supercritical
332.0	1538.5	1143.0	0.00087491	199.35	333.96	0.9726	0.95699	1.5369	1149.7	-0.029396	0.00018757	0.17815	supercritical
332.0	1541.8	1143.4	0.00087461	199.26	334.11	0.97218	0.95715	1.5367	1150.6	-0.029425	0.00018781	0.17831	supercritical
332.0	1545.0	1143.8	0.00087431	199.17	334.25	0.97177	0.95731	1.5365	1151.6	-0.029453	0.00018805	0.17847	supercritical
332.0	1548.2	1144.2	0.00087401	199.08	334.4	0.97136	0.95746	1.5363	1152.5	-0.029481	0.00018829	0.17863	supercritical
332.0	1551.5	1144.5	0.00087371	198.99	334.55	0.97095	0.95762	1.5361	1153.4	-0.029508	0.00018853	0.17879	supercritical
332.0	1554.8	1144.9	0.00087341	198.9	334.7	0.97054	0.95777	1.5359	1154.4	-0.029536	0.00018877	0.17895	supercritical
332.0	1558.0	1145.3	0.00087311	198.81	334.84	0.97012	0.95793	1.5357	1155.3	-0.029563	0.00018901	0.17911	supercritical
332.0	1561.2	1145.7	0.00087282	198.72	334.99	0.96972	0.95809	1.5355	1156.2	-0.029591	0.00018925	0.17927	supercritical
332.0	1564.5	1146.1	0.00087252	198.63	335.14	0.96931	0.95824	1.5353	1157.1	-0.029618	0.0001895	0.17943	supercritical
332.0	1567.8	1146.5	0.00087222	198.54	335.29	0.9689	0.9584	1.5352	1158.1	-0.029645	0.00018974	0.17959	supercritical
332.0	1571.0	1146.9	0.00087193	198.45	335.43	0.96849	0.95855	1.535	1159.0	-0.029672	0.00018998	0.17975	supercritical
332.0	1574.2	1147.3	0.00087163	198.37	335.58	0.96808	0.95871	1.5348	1159.9	-0.029699	0.00019022	0.17991	supercritical
332.0	1577.5	1147.7	0.00087134	198.28	335.73	0.96768	0.95887	1.5346	1160.8	-0.029726	0.00019046	0.18007	supercritical
332.0	1580.8	1148.0	0.00087105	198.19	335.88	0.96727	0.95902	1.5344	1161.7	-0.029752	0.0001907	0.18023	supercritical
332.0	1584.0	1148.4	0.00087076	198.1	336.03	0.96686	0.95918	1.5342	1162.6	-0.029779	0.00019094	0.18039	supercritical
332.0	1587.2	1148.8	0.00087046	198.01	336.18	0.96646	0.95933	1.5341	1163.6	-0.029805	0.00019118	0.18055	supercritical
332.0	1590.5	1149.2	0.00087017	197.92	336.32	0.96605	0.95949	1.5339	1164.5	-0.029832	0.00019142	0.18071	supercritical
332.0	1593.8	1149.6	0.00086988	197.84	336.47	0.96565	0.95964	1.5337	1165.4	-0.029858	0.00019166	0.18087	supercritical
332.0	1597.0	1150.0	0.0008696	197.75	336.62	0.96525	0.9598	1.5335	1166.3	-0.029884	0.0001919	0.18103	supercritical
332.0	1600.2	1150.3	0.00086931	197.66	336.77	0.96485	0.95996	1.5333	1167.2	-0.02991	0.00019214	0.18119	supercritical
332.0	1603.5	1150.7	0.00086902	197.57	336.92	0.96444	0.96011	1.5332	1168.1	-0.029935	0.00019238	0.18135	supercritical
332.0	1606.8	1151.1	0.00086873	197.49	337.07	0.96404	0.96027	1.533	1169.0	-0.029961	0.00019262	0.1815	supercritical
332.0	1610.0	1151.5	0.00086845	197.4	337.22	0.96364	0.96042	1.5328	1169.9	-0.029986	0.00019286	0.18166	supercritical
332.0	1613.2	1151.9	0.00086816	197.31	337.37	0.96324	0.96058	1.5326	1170.8	-0.030012	0.0001931	0.18182	supercritical
332.0	1616.5	1152.2	0.00086788	197.23	337.52	0.96284	0.96073	1.5325	1171.7	-0.030037	0.00019334	0.18198	supercritical
332.0	1619.8	1152.6	0.00086759	197.14	337.67	0.96244	0.96089	1.5323	1172.6	-0.030062	0.00019358	0.18214	supercritical
332.0	1623.0	1153.0	0.00086731	197.05	337.82	0.96205	0.96104	1.5321	1173.5	-0.030087	0.00019382	0.1823	supercritical
332.0	1626.2	1153.4	0.00086703	196.97	337.97	0.96165	0.9612	1.532	1174.4	-0.030112	0.00019406	0.18245	supercritical
332.0	1629.5	1153.7	0.00086674	196.88	338.12	0.96125	0.96136	1.5318	1175.3	-0.030137	0.0001943	0.18261	supercritical
332.0	1632.8	1154.1	0.00086646	196.8	338.27	0.96086	0.96151	1.5316	1176.2	-0.030162	0.00019454	0.18277	supercritical
332.0	1636.0	1154.5	0.00086618	196.71	338.42	0.96046	0.96167	1.5315	1177.1	-0.030186	0.00019478	0.18293	supercritical
332.0	1639.2	1154.9	0.0008659	196.62	338.57	0.96006	0.96182	1.5313	1178.0	-0.030211	0.00019502	0.18309	supercritical
332.0	1642.5	1155.2	0.00086562	196.54	338.72	0.95967	0.96198	1.5311	1178.9	-0.030235	0.00019526	0.18324	supercritical
332.0	1645.8	1155.6	0.00086534	196.45	338.87	0.95928	0.96213	1.531	1179.8	-0.03026	0.0001955	0.1834	supercritical
332.0	1649.0	1156.0	0.00086507	196.37	339.02	0.95888	0.96229	1.5308	1180.7	-0.030284	0.00019574	0.18356	supercritical
332.0	1652.2	1156.4	0.00086479	196.28	339.17	0.95849	0.96244	1.5306	1181.6	-0.030308	0.00019597	0.18372	supercritical
332.0	1655.5	1156.7	0.00086451	196.2	339.32	0.9581	0.9626	1.5305	1182.5	-0.030332	0.00019621	0.18387	supercritical
332.0	1658.8	1157.1	0.00086424	196.12	339.47	0.95771	0.96275	1.5303	1183.3	-0.030355	0.00019645	0.18403	supercritical
332.0	1662.0	1157.5	0.00086396	196.03	339.62	0.95732	0.96291	1.5302	1184.2	-0.030379	0.00019669	0.18419	supercritical
332.0	1665.2	1157.8	0.00086369	195.95	339.77	0.95693	0.96306	1.53	1185.1	-0.030403	0.00019693	0.18434	supercritical
332.0	1668.5	1158.2	0.00086341	195.86	339.92	0.95654	0.96322	1.5298	1186.0	-0.030426	0.00019717	0.1845	supercritical
332.0	1671.8	1158.6	0.00086314	195.78	340.08	0.95615	0.96337	1.5297	1186.9	-0.03045	0.00019741	0.18466	supercritical
332.0	1675.0	1158.9	0.00086287	195.7	340.23	0.95576	0.96353	1.5295	1187.7	-0.030473	0.00019765	0.18481	supercritical
332.0	1678.2	1159.3	0.0008626	195.61	340.38	0.95537	0.96368	1.5294	1188.6	-0.030496	0.00019789	0.18497	supercritical
332.0	1681.5	1159.7	0.00086232	195.53	340.53	0.95498	0.96384	1.5292	1189.5	-0.030519	0.00019813	0.18513	supercritical
332.0	1684.8	1160.0	0.00086205	195.45	340.68	0.95459	0.96399	1.5291	1190.4	-0.030542	0.00019837	0.18528	supercritical
332.0	1688.0	1160.4	0.00086178	195.37	340.83	0.95421	0.96415	1.5289	1191.2	-0.030565	0.0001986	0.18544	supercritical
332.0	1691.2	1160.7	0.00086151	195.28	340.99	0.95382	0.9643	1.5288	1192.1	-0.030588	0.00019884	0.18559	supercritical
332.0	1694.5	1161.1	0.00086125	195.2	341.14	0.95344	0.96446	1.5286	1193.0	-0.03061	0.00019908	0.18575	supercritical
332.0	1697.8	1161.5	0.00086098	195.12	341.29	0.95305	0.96461	1.5285	1193.9	-0.030633	0.00019932	0.18591	supercritical
332.0	1701.0	1161.8	0.00086071	195.04	341.44	0.95267	0.96477	1.5283	1194.7	-0.030655	0.00019956	0.18606	supercritical
332.0	1704.2	1162.2	0.00086044	194.95	341.59	0.95228	0.96492	1.5282	1195.6	-0.030678	0.0001998	0.18622	supercritical
332.0	1707.5	1162.6	0.00086018	194.87	341.75	0.9519	0.96508	1.528	1196.5	-0.0307	0.00020004	0.18637	supercritical
332.0	1710.8	1162.9	0.00085991	194.79	341.9	0.95152	0.96523	1.5279	1197.3	-0.030722	0.00020028	0.18653	supercritical
332.0	1714.0	1163.3	0.00085965	194.71	342.05	0.95114	0.96539	1.5277	1198.2	-0.030744	0.00020051	0.18668	supercritical
332.0	1717.2	1163.6	0.00085938	194.63	342.2	0.95076	0.96554	1.5276	1199.0	-0.030766	0.00020075	0.18684	supercritical
332.0	1720.5	1164.0	0.00085912	194.55	342.36	0.95037	0.9657	1.5274	1199.9	-0.030788	0.00020099	0.18699	supercritical
332.0	1723.8	1164.3	0.00085885	194.47	342.51	0.94999	0.96585	1.5273	1200.8	-0.03081	0.00020123	0.18715	supercritical
332.0	1727.0	1164.7	0.00085859	194.38	342.66	0.94961	0.96601	1.5271	1201.6	-0.030831	0.00020147	0.1873	supercritical
332.0	1730.2	1165.1	0.00085833	194.3	342.82	0.94924	0.96616	1.527	1202.5	-0.030853	0.00020171	0.18746	supercritical
332.0	1733.5	1165.4	0.00085807	194.22	342.97	0.94886	0.96632	1.5268	1203.3	-0.030874	0.00020194	0.18761	supercritical
332.0	1736.8	1165.8	0.00085781	194.14	343.12	0.94848	0.96647	1.5267	1204.2	-0.030896	0.00020218	0.18777	supercritical
332.0	1740.0	1166.1	0.00085755	194.06	343.28	0.9481	0.96663	1.5266	1205.0	-0.030917	0.00020242	0.18792	supercritical
332.0	1743.2	1166.5	0.00085729	193.98	343.43	0.94772	0.96678	1.5264	1205.9	-0.030938	0.00020266	0.18807	supercritical
332.0	1746.5	1166.8	0.00085703	193.9	343.58	0.94735	0.96694	1.5263	1206.7	-0.030959	0.0002029	0.18823	supercritical
332.0	1749.8	1167.2	0.00085677	193.82	343.74	0.94697	0.96709	1.5261	1207.6	-0.03098	0.00020314	0.18838	supercritical
332.0	1753.0	1167.5	0.00085651	193.74	343.89	0.94659	0.96725	1.526	1208.4	-0.031001	0.00020337	0.18854	supercritical
332.0	1756.2	1167.9	0.00085625	193.66	344.04	0.94622	0.9674	1.5259	1209.3	-0.031022	0.00020361	0.18869	supercritical
332.0	1759.5	1168.2	0.000856	193.59	344.2	0.94585	0.96755	1.5257	1210.1	-0.031043	0.00020385	0.18884	supercritical
332.0	1762.8	1168.6	0.00085574	193.51	344.35	0.94547	0.96771	1.5256	1211.0	-0.031063	0.00020409	0.189	supercritical
332.0	1766.0	1168.9	0.00085549	193.43	344.51	0.9451	0.96786	1.5254	1211.8	-0.031084	0.00020433	0.18915	supercritical
332.0	1769.2	1169.3	0.00085523	193.35	344.66	0.94472	0.96802	1.5253	1212.7	-0.031104	0.00020456	0.18931	supercritical
332.0	1772.5	1169.6	0.00085498	193.27	344.81	0.94435	0.96817	1.5252	1213.5	-0.031125	0.0002048	0.18946	supercritical
332.0	1775.8	1170.0	0.00085472	193.19	344.97	0.94398	0.96833	1.525	1214.3	-0.031145	0.00020504	0.18961	supercritical
332.0	1779.0	1170.3	0.00085447	193.11	345.12	0.94361	0.96848	1.5249	1215.2	-0.031165	0.00020528	0.18977	supercritical
332.0	1782.2	1170.7	0.00085422	193.04	345.28	0.94324	0.96863	1.5248	1216.0	-0.031185	0.00020552	0.18992	supercritical
332.0	1785.5	1171.0	0.00085396	192.96	345.43	0.94287	0.96879	1.5246	1216.9	-0.031205	0.00020575	0.19007	supercritical
332.0	1788.8	1171.4	0.00085371	192.88	345.59	0.9425	0.96894	1.5245	1217.7	-0.031225	0.00020599	0.19023	supercritical
332.0	1792.0	1171.7	0.00085346	192.8	345.74	0.94213	0.9691	1.5244	1218.5	-0.031245	0.00020623	0.19038	supercritical
332.0	1795.2	1172.0	0.00085321	192.72	345.9	0.94176	0.96925	1.5242	1219.4	-0.031265	0.00020647	0.19053	supercritical
332.0	1798.5	1172.4	0.00085296	192.65	346.05	0.94139	0.9694	1.5241	1220.2	-0.031284	0.0002067	0.19068	supercritical
332.0	1801.8	1172.7	0.00085271	192.57	346.21	0.94102	0.96956	1.524	1221.0	-0.031304	0.00020694	0.19084	supercritical
332.0	1805.0	1173.1	0.00085246	192.49	346.36	0.94065	0.96971	1.5239	1221.9	-0.031324	0.00020718	0.19099	supercritical
332.0	1808.2	1173.4	0.00085222	192.42	346.52	0.94029	0.96987	1.5237	1222.7	-0.031343	0.00020742	0.19114	supercritical
332.0	1811.5	1173.8	0.00085197	192.34	346.67	0.93992	0.97002	1.5236	1223.5	-0.031362	0.00020765	0.19129	supercritical
332.0	1814.8	1174.1	0.00085172	192.26	346.83	0.93956	0.97017	1.5235	1224.3	-0.031382	0.00020789	0.19145	supercritical
332.0	1818.0	1174.4	0.00085147	192.19	346.98	0.93919	0.97033	1.5234	1225.2	-0.031401	0.00020813	0.1916	supercritical
332.0	1821.2	1174.8	0.00085123	192.11	347.14	0.93882	0.97048	1.5232	1226.0	-0.03142	0.00020837	0.19175	supercritical
332.0	1824.5	1175.1	0.00085098	192.03	347.29	0.93846	0.97064	1.5231	1226.8	-0.031439	0.0002086	0.1919	supercritical
332.0	1827.8	1175.5	0.00085074	191.96	347.45	0.9381	0.97079	1.523	1227.6	-0.031458	0.00020884	0.19205	supercritical
332.0	1831.0	1175.8	0.00085049	191.88	347.61	0.93773	0.97094	1.5229	1228.5	-0.031477	0.00020908	0.19221	supercritical
332.0	1834.2	1176.1	0.00085025	191.8	347.76	0.93737	0.9711	1.5227	1229.3	-0.031495	0.00020932	0.19236	supercritical
332.0	1837.5	1176.5	0.00085	191.73	347.92	0.93701	0.97125	1.5226	1230.1	-0.031514	0.00020955	0.19251	supercritical
332.0	1840.8	1176.8	0.00084976	191.65	348.07	0.93664	0.9714	1.5225	1230.9	-0.031533	0.00020979	0.19266	supercritical
332.0	1844.0	1177.1	0.00084952	191.58	348.23	0.93628	0.97156	1.5224	1231.7	-0.031551	0.00021003	0.19281	supercritical
332.0	1847.2	1177.5	0.00084928	191.5	348.39	0.93592	0.97171	1.5223	1232.5	-0.03157	0.00021027	0.19296	supercritical
332.0	1850.5	1177.8	0.00084904	191.43	348.54	0.93556	0.97187	1.5221	1233.4	-0.031588	0.0002105	0.19311	supercritical
332.0	1853.8	1178.1	0.00084879	191.35	348.7	0.9352	0.97202	1.522	1234.2	-0.031606	0.00021074	0.19327	supercritical
332.0	1857.0	1178.5	0.00084855	191.28	348.85	0.93484	0.97217	1.5219	1235.0	-0.031624	0.00021098	0.19342	supercritical
332.0	1860.2	1178.8	0.00084831	191.2	349.01	0.93448	0.97233	1.5218	1235.8	-0.031643	0.00021121	0.19357	supercritical
332.0	1863.5	1179.1	0.00084807	191.13	349.17	0.93412	0.97248	1.5217	1236.6	-0.031661	0.00021145	0.19372	supercritical
332.0	1866.8	1179.5	0.00084784	191.05	349.32	0.93376	0.97263	1.5215	1237.4	-0.031679	0.00021169	0.19387	supercritical
332.0	1870.0	1179.8	0.0008476	190.98	349.48	0.93341	0.97279	1.5214	1238.2	-0.031696	0.00021192	0.19402	supercritical
332.0	1873.2	1180.1	0.00084736	190.91	349.64	0.93305	0.97294	1.5213	1239.0	-0.031714	0.00021216	0.19417	supercritical
332.0	1876.5	1180.5	0.00084712	190.83	349.79	0.93269	0.97309	1.5212	1239.8	-0.031732	0.0002124	0.19432	supercritical
332.0	1879.8	1180.8	0.00084688	190.76	349.95	0.93234	0.97325	1.5211	1240.6	-0.03175	0.00021264	0.19447	supercritical
332.0	1883.0	1181.1	0.00084665	190.68	350.11	0.93198	0.9734	1.521	1241.4	-0.031767	0.00021287	0.19462	supercritical
332.0	1886.2	1181.5	0.00084641	190.61	350.27	0.93162	0.97355	1.5209	1242.3	-0.031785	0.00021311	0.19477	supercritical
332.0	1889.5	1181.8	0.00084618	190.54	350.42	0.93127	0.97371	1.5207	1243.1	-0.031802	0.00021335	0.19492	supercritical
332.0	1892.8	1182.1	0.00084594	190.46	350.58	0.93091	0.97386	1.5206	1243.9	-0.03182	0.00021358	0.19507	supercritical
332.0	1896.0	1182.4	0.00084571	190.39	350.74	0.93056	0.97401	1.5205	1244.7	-0.031837	0.00021382	0.19522	supercritical
332.0	1899.2	1182.8	0.00084547	190.32	350.89	0.93021	0.97416	1.5204	1245.5	-0.031854	0.00021406	0.19537	supercritical
332.0	1902.5	1183.1	0.00084524	190.24	351.05	0.92985	0.97432	1.5203	1246.2	-0.031871	0.00021429	0.19552	supercritical
332.0	1905.8	1183.4	0.00084501	190.17	351.21	0.9295	0.97447	1.5202	1247.0	-0.031888	0.00021453	0.19567	supercritical
332.0	1909.0	1183.7	0.00084477	190.1	351.37	0.92915	0.97462	1.5201	1247.8	-0.031905	0.00021477	0.19582	supercritical
332.0	1912.2	1184.1	0.00084454	190.03	351.52	0.9288	0.97478	1.52	1248.6	-0.031922	0.000215	0.19597	supercritical
332.0	1915.5	1184.4	0.00084431	189.95	351.68	0.92844	0.97493	1.5199	1249.4	-0.031939	0.00021524	0.19612	supercritical
332.0	1918.8	1184.7	0.00084408	189.88	351.84	0.92809	0.97508	1.5198	1250.2	-0.031956	0.00021548	0.19627	supercritical
332.0	1922.0	1185.0	0.00084385	189.81	352.0	0.92774	0.97524	1.5196	1251.0	-0.031973	0.00021571	0.19642	supercritical
332.0	1925.2	1185.4	0.00084362	189.74	352.16	0.92739	0.97539	1.5195	1251.8	-0.031989	0.00021595	0.19657	supercritical
332.0	1928.5	1185.7	0.00084339	189.67	352.31	0.92704	0.97554	1.5194	1252.6	-0.032006	0.00021619	0.19672	supercritical
332.0	1931.8	1186.0	0.00084316	189.59	352.47	0.92669	0.97569	1.5193	1253.4	-0.032023	0.00021642	0.19687	supercritical
332.0	1935.0	1186.3	0.00084293	189.52	352.63	0.92634	0.97585	1.5192	1254.2	-0.032039	0.00021666	0.19702	supercritical
332.0	1938.2	1186.7	0.0008427	189.45	352.79	0.926	0.976	1.5191	1255.0	-0.032055	0.0002169	0.19717	supercritical
332.0	1941.5	1187.0	0.00084247	189.38	352.95	0.92565	0.97615	1.519	1255.7	-0.032072	0.00021713	0.19731	supercritical
332.0	1944.8	1187.3	0.00084225	189.31	353.1	0.9253	0.9763	1.5189	1256.5	-0.032088	0.00021737	0.19746	supercritical
332.0	1948.0	1187.6	0.00084202	189.24	353.26	0.92495	0.97646	1.5188	1257.3	-0.032104	0.00021761	0.19761	supercritical
332.0	1951.2	1187.9	0.00084179	189.17	353.42	0.92461	0.97661	1.5187	1258.1	-0.03212	0.00021784	0.19776	supercritical
332.0	1954.5	1188.3	0.00084157	189.1	353.58	0.92426	0.97676	1.5186	1258.9	-0.032136	0.00021808	0.19791	supercritical
332.0	1957.8	1188.6	0.00084134	189.03	353.74	0.92391	0.97691	1.5185	1259.7	-0.032152	0.00021831	0.19806	supercritical
332.0	1961.0	1188.9	0.00084112	188.95	353.9	0.92357	0.97707	1.5184	1260.4	-0.032168	0.00021855	0.19821	supercritical
332.0	1964.2	1189.2	0.00084089	188.88	354.06	0.92322	0.97722	1.5183	1261.2	-0.032184	0.00021879	0.19835	supercritical
332.0	1967.5	1189.5	0.00084067	188.81	354.22	0.92288	0.97737	1.5182	1262.0	-0.0322	0.00021902	0.1985	supercritical
332.0	1970.8	1189.8	0.00084044	188.74	354.37	0.92254	0.97752	1.5181	1262.8	-0.032216	0.00021926	0.19865	supercritical
332.0	1974.0	1190.2	0.00084022	188.67	354.53	0.92219	0.97768	1.518	1263.5	-0.032231	0.0002195	0.1988	supercritical
332.0	1977.2	1190.5	0.00084	188.6	354.69	0.92185	0.97783	1.5179	1264.3	-0.032247	0.00021973	0.19895	supercritical
332.0	1980.5	1190.8	0.00083978	188.53	354.85	0.92151	0.97798	1.5178	1265.1	-0.032263	0.00021997	0.19909	supercritical
332.0	1983.8	1191.1	0.00083955	188.46	355.01	0.92116	0.97813	1.5177	1265.9	-0.032278	0.00022021	0.19924	supercritical
332.0	1987.0	1191.4	0.00083933	188.39	355.17	0.92082	0.97828	1.5176	1266.6	-0.032293	0.00022044	0.19939	supercritical
332.0	1990.2	1191.7	0.00083911	188.33	355.33	0.92048	0.97844	1.5175	1267.4	-0.032309	0.00022068	0.19954	supercritical
332.0	1993.5	1192.1	0.00083889	188.26	355.49	0.92014	0.97859	1.5174	1268.2	-0.032324	0.00022091	0.19969	supercritical
332.0	1996.8	1192.4	0.00083867	188.19	355.65	0.9198	0.97874	1.5173	1268.9	-0.032339	0.00022115	0.19983	supercritical
332.0	2000.0	1192.7	0.00083845	188.12	355.81	0.91946	0.97889	1.5172	1269.7	-0.032354	0.00022139	0.19998	supercritical
