Temperature (K)	Pressure (bar)	Density (kg/m3)	Volume (m3/kg)	Internal Energy (kJ/kg)	Enthalpy (kJ/kg)	Entropy (J/g*K)	Cv (J/g*K)	Cp (J/g*K)	Sound Spd. (m/s)	Joule-Thomson (K/bar)	Viscosity (Pa*s)	Therm. Cond. (W/m*K)	Phase
525.0	56.5	58.732	0.017026	608.75	704.95	2.4841	0.85585	1.0985	346.6	0.25835	2.5782e-05	0.037035	vapor
525.0	59.75	62.21	0.016075	607.98	704.03	2.4721	0.85665	1.1026	346.6	0.25701	2.584e-05	0.037165	vapor
525.0	63.0	65.697	0.015221	607.21	703.11	2.4607	0.85746	1.1068	346.61	0.25566	2.59e-05	0.037296	vapor
525.0	66.25	69.193	0.014452	606.44	702.19	2.4498	0.85826	1.111	346.64	0.2543	2.596e-05	0.037428	vapor
525.0	69.5	72.699	0.013755	605.67	701.27	2.4393	0.85906	1.1152	346.68	0.25293	2.6022e-05	0.03756	vapor
525.0	72.75	76.213	0.013121	604.9	700.36	2.4292	0.85986	1.1194	346.73	0.25154	2.6084e-05	0.037694	vapor
525.0	76.0	79.737	0.012541	604.13	699.44	2.4196	0.86066	1.1236	346.8	0.25013	2.6148e-05	0.037829	vapor
525.0	76.0	79.737	0.012541	604.13	699.44	2.4196	0.86066	1.1236	346.8	0.25013	2.6148e-05	0.037829	supercritical
525.0	76.0	79.737	0.012541	604.13	699.44	2.4196	0.86066	1.1236	346.8	0.25013	2.6148e-05	0.037829	supercritical
525.0	79.25	83.269	0.012009	603.36	698.53	2.4102	0.86145	1.1278	346.88	0.24872	2.6213e-05	0.037966	supercritical
525.0	82.5	86.809	0.011519	602.58	697.62	2.4012	0.86224	1.1321	346.97	0.24728	2.628e-05	0.038103	supercritical
525.0	85.75	90.358	0.011067	601.81	696.71	2.3925	0.86303	1.1364	347.08	0.24584	2.6347e-05	0.038242	supercritical
525.0	89.0	93.914	0.010648	601.03	695.8	2.384	0.86381	1.1407	347.2	0.24438	2.6416e-05	0.038382	supercritical
525.0	92.25	97.478	0.010259	600.26	694.9	2.3758	0.86459	1.1449	347.33	0.2429	2.6486e-05	0.038523	supercritical
525.0	95.5	101.05	0.0098962	599.49	693.99	2.3679	0.86537	1.1493	347.48	0.24141	2.6557e-05	0.038666	supercritical
525.0	98.75	104.63	0.0095578	598.71	693.09	2.3601	0.86614	1.1536	347.64	0.23991	2.663e-05	0.03881	supercritical
525.0	102.0	108.21	0.0092411	597.94	692.2	2.3526	0.86691	1.1579	347.82	0.23839	2.6704e-05	0.038956	supercritical
525.0	105.25	111.8	0.0089443	597.16	691.3	2.3453	0.86767	1.1622	348.01	0.23686	2.6779e-05	0.039103	supercritical
525.0	108.5	115.4	0.0086655	596.39	690.41	2.3381	0.86844	1.1666	348.22	0.23532	2.6856e-05	0.039252	supercritical
525.0	111.75	119.0	0.0084031	595.61	689.52	2.3312	0.86919	1.1709	348.44	0.23376	2.6934e-05	0.039402	supercritical
525.0	115.0	122.61	0.0081558	594.84	688.63	2.3243	0.86995	1.1752	348.67	0.23219	2.7013e-05	0.039554	supercritical
525.0	118.25	126.23	0.0079222	594.06	687.74	2.3177	0.8707	1.1796	348.92	0.2306	2.7093e-05	0.039707	supercritical
525.0	121.5	129.85	0.0077014	593.29	686.86	2.3112	0.87144	1.1839	349.19	0.229	2.7175e-05	0.039862	supercritical
525.0	124.75	133.47	0.0074924	592.51	685.98	2.3048	0.87218	1.1883	349.47	0.22739	2.7259e-05	0.040019	supercritical
525.0	128.0	137.1	0.0072941	591.74	685.1	2.2985	0.87292	1.1926	349.76	0.22577	2.7344e-05	0.040177	supercritical
525.0	131.25	140.73	0.0071059	590.96	684.23	2.2924	0.87365	1.197	350.07	0.22413	2.743e-05	0.040338	supercritical
525.0	134.5	144.36	0.0069269	590.19	683.36	2.2864	0.87437	1.2013	350.4	0.22248	2.7517e-05	0.040499	supercritical
525.0	137.75	148.0	0.0067567	589.42	682.49	2.2805	0.87509	1.2056	350.74	0.22082	2.7607e-05	0.040663	supercritical
525.0	141.0	151.64	0.0065944	588.65	681.63	2.2747	0.87581	1.2099	351.1	0.21915	2.7697e-05	0.040828	supercritical
525.0	144.25	155.29	0.0064397	587.88	680.77	2.2691	0.87652	1.2142	351.48	0.21747	2.7789e-05	0.040995	supercritical
525.0	147.5	158.93	0.006292	587.11	679.91	2.2635	0.87722	1.2185	351.87	0.21578	2.7882e-05	0.041164	supercritical
525.0	150.75	162.58	0.0061509	586.34	679.06	2.258	0.87792	1.2228	352.27	0.21408	2.7977e-05	0.041335	supercritical
525.0	154.0	166.23	0.0060159	585.57	678.21	2.2526	0.87861	1.2271	352.7	0.21237	2.8074e-05	0.041507	supercritical
525.0	157.25	169.88	0.0058866	584.8	677.37	2.2474	0.8793	1.2313	353.14	0.21065	2.8171e-05	0.041681	supercritical
525.0	160.5	173.53	0.0057628	584.03	676.52	2.2421	0.87998	1.2356	353.6	0.20892	2.8271e-05	0.041857	supercritical
525.0	163.75	177.18	0.0056441	583.27	675.69	2.237	0.88066	1.2398	354.07	0.20718	2.8372e-05	0.042035	supercritical
525.0	167.0	180.83	0.0055302	582.5	674.86	2.232	0.88133	1.244	354.56	0.20544	2.8474e-05	0.042214	supercritical
525.0	170.25	184.47	0.0054208	581.74	674.03	2.227	0.88199	1.2482	355.07	0.20368	2.8578e-05	0.042395	supercritical
525.0	173.5	188.12	0.0053157	580.97	673.2	2.2221	0.88265	1.2523	355.59	0.20193	2.8683e-05	0.042578	supercritical
525.0	176.75	191.77	0.0052147	580.21	672.38	2.2173	0.8833	1.2565	356.13	0.20016	2.879e-05	0.042763	supercritical
525.0	180.0	195.41	0.0051174	579.45	671.57	2.2125	0.88395	1.2606	356.69	0.19839	2.8898e-05	0.042949	supercritical
525.0	183.25	199.05	0.0050238	578.7	670.76	2.2079	0.88459	1.2646	357.26	0.19662	2.9008e-05	0.043137	supercritical
525.0	186.5	202.69	0.0049336	577.94	669.95	2.2032	0.88522	1.2687	357.86	0.19484	2.9119e-05	0.043327	supercritical
525.0	189.75	206.33	0.0048467	577.19	669.15	2.1987	0.88585	1.2727	358.46	0.19305	2.9232e-05	0.043518	supercritical
525.0	193.0	209.96	0.0047628	576.43	668.35	2.1942	0.88647	1.2767	359.09	0.19127	2.9346e-05	0.043711	supercritical
525.0	196.25	213.59	0.0046819	575.68	667.56	2.1898	0.88709	1.2807	359.73	0.18948	2.9462e-05	0.043906	supercritical
525.0	199.5	217.21	0.0046038	574.93	666.78	2.1854	0.8877	1.2846	360.39	0.18769	2.9579e-05	0.044102	supercritical
525.0	202.75	220.83	0.0045284	574.18	666.0	2.1811	0.8883	1.2885	361.07	0.18589	2.9698e-05	0.0443	supercritical
525.0	206.0	224.44	0.0044555	573.44	665.22	2.1768	0.8889	1.2924	361.76	0.1841	2.9818e-05	0.0445	supercritical
525.0	209.25	228.05	0.004385	572.69	664.45	2.1726	0.88949	1.2962	362.47	0.1823	2.9939e-05	0.044701	supercritical
525.0	212.5	231.65	0.0043168	571.95	663.68	2.1685	0.89007	1.3	363.2	0.18051	3.0062e-05	0.044903	supercritical
525.0	215.75	235.25	0.0042509	571.21	662.92	2.1644	0.89065	1.3037	363.94	0.17871	3.0187e-05	0.045107	supercritical
525.0	219.0	238.83	0.004187	570.48	662.17	2.1603	0.89122	1.3074	364.7	0.17692	3.0313e-05	0.045313	supercritical
525.0	222.25	242.42	0.0041251	569.74	661.42	2.1563	0.89178	1.3111	365.48	0.17513	3.044e-05	0.04552	supercritical
525.0	225.5	245.99	0.0040652	569.01	660.68	2.1524	0.89234	1.3147	366.27	0.17334	3.0569e-05	0.045728	supercritical
525.0	228.75	249.55	0.0040071	568.28	659.94	2.1485	0.89289	1.3183	367.08	0.17155	3.0699e-05	0.045938	supercritical
525.0	232.0	253.11	0.0039508	567.55	659.21	2.1446	0.89343	1.3219	367.91	0.16977	3.0831e-05	0.046149	supercritical
525.0	235.25	256.66	0.0038962	566.82	658.48	2.1408	0.89397	1.3254	368.75	0.16799	3.0964e-05	0.046361	supercritical
525.0	238.5	260.2	0.0038432	566.1	657.76	2.137	0.8945	1.3288	369.6	0.16622	3.1098e-05	0.046575	supercritical
525.0	241.75	263.73	0.0037918	565.38	657.05	2.1333	0.89503	1.3323	370.48	0.16445	3.1234e-05	0.046789	supercritical
525.0	245.0	267.25	0.0037419	564.66	656.34	2.1296	0.89554	1.3356	371.37	0.16268	3.1371e-05	0.047005	supercritical
525.0	248.25	270.76	0.0036934	563.95	655.63	2.126	0.89606	1.339	372.27	0.16092	3.151e-05	0.047222	supercritical
525.0	251.5	274.26	0.0036462	563.23	654.94	2.1224	0.89656	1.3422	373.19	0.15917	3.1649e-05	0.04744	supercritical
525.0	254.75	277.74	0.0036004	562.52	654.24	2.1188	0.89706	1.3455	374.12	0.15743	3.179e-05	0.047659	supercritical
525.0	258.0	281.22	0.0035559	561.82	653.56	2.1153	0.89756	1.3487	375.07	0.15569	3.1933e-05	0.04788	supercritical
525.0	261.25	284.69	0.0035126	561.11	652.88	2.1118	0.89804	1.3518	376.04	0.15396	3.2076e-05	0.048101	supercritical
525.0	264.5	288.14	0.0034705	560.41	652.21	2.1084	0.89852	1.3549	377.02	0.15223	3.2221e-05	0.048323	supercritical
525.0	267.75	291.58	0.0034296	559.71	651.54	2.105	0.899	1.358	378.01	0.15052	3.2367e-05	0.048546	supercritical
525.0	271.0	295.01	0.0033897	559.02	650.88	2.1016	0.89947	1.361	379.02	0.14881	3.2515e-05	0.04877	supercritical
525.0	274.25	298.43	0.0033509	558.32	650.22	2.0983	0.89993	1.3639	380.04	0.14712	3.2663e-05	0.048994	supercritical
525.0	277.5	301.83	0.0033131	557.63	649.57	2.095	0.90039	1.3668	381.08	0.14543	3.2813e-05	0.04922	supercritical
525.0	280.75	305.22	0.0032763	556.95	648.93	2.0917	0.90084	1.3697	382.12	0.14375	3.2964e-05	0.049446	supercritical
525.0	284.0	308.6	0.0032404	556.27	648.29	2.0885	0.90128	1.3725	383.19	0.14209	3.3116e-05	0.049673	supercritical
525.0	287.25	311.96	0.0032055	555.59	647.66	2.0853	0.90172	1.3753	384.26	0.14043	3.3269e-05	0.0499	supercritical
525.0	290.5	315.31	0.0031714	554.91	647.04	2.0821	0.90216	1.378	385.35	0.13878	3.3423e-05	0.050128	supercritical
525.0	293.75	318.65	0.0031382	554.23	646.42	2.079	0.90258	1.3807	386.45	0.13715	3.3578e-05	0.050357	supercritical
525.0	297.0	321.97	0.0031059	553.56	645.81	2.0759	0.903	1.3833	387.56	0.13552	3.3734e-05	0.050586	supercritical
525.0	300.25	325.28	0.0030743	552.9	645.2	2.0728	0.90342	1.3859	388.69	0.13391	3.3892e-05	0.050816	supercritical
525.0	303.5	328.57	0.0030435	552.23	644.6	2.0698	0.90383	1.3884	389.82	0.13231	3.405e-05	0.051046	supercritical
525.0	306.75	331.85	0.0030134	551.57	644.01	2.0668	0.90424	1.3909	390.97	0.13072	3.421e-05	0.051277	supercritical
525.0	310.0	335.11	0.0029841	550.91	643.42	2.0638	0.90464	1.3933	392.13	0.12915	3.437e-05	0.051508	supercritical
525.0	313.25	338.36	0.0029554	550.26	642.84	2.0609	0.90503	1.3957	393.3	0.12759	3.4531e-05	0.051739	supercritical
525.0	316.5	341.59	0.0029275	549.61	642.26	2.0579	0.90542	1.398	394.49	0.12603	3.4693e-05	0.051971	supercritical
525.0	319.75	344.81	0.0029002	548.96	641.69	2.055	0.9058	1.4003	395.68	0.1245	3.4857e-05	0.052203	supercritical
525.0	323.0	348.01	0.0028735	548.32	641.13	2.0522	0.90618	1.4026	396.88	0.12297	3.5021e-05	0.052435	supercritical
525.0	326.25	351.2	0.0028474	547.67	640.57	2.0494	0.90656	1.4048	398.1	0.12146	3.5186e-05	0.052667	supercritical
525.0	329.5	354.37	0.0028219	547.04	640.02	2.0465	0.90692	1.4069	399.32	0.11996	3.5352e-05	0.0529	supercritical
525.0	332.75	357.52	0.002797	546.4	639.47	2.0438	0.90729	1.409	400.55	0.11847	3.5518e-05	0.053133	supercritical
525.0	336.0	360.66	0.0027727	545.77	638.93	2.041	0.90765	1.4111	401.8	0.117	3.5686e-05	0.053365	supercritical
525.0	339.25	363.78	0.0027489	545.14	638.4	2.0383	0.908	1.4131	403.05	0.11554	3.5854e-05	0.053598	supercritical
525.0	342.5	366.89	0.0027256	544.52	637.87	2.0356	0.90835	1.4151	404.31	0.1141	3.6023e-05	0.053831	supercritical
525.0	345.75	369.97	0.0027029	543.9	637.35	2.0329	0.90869	1.4171	405.58	0.11266	3.6193e-05	0.054064	supercritical
525.0	349.0	373.05	0.0026806	543.28	636.84	2.0303	0.90903	1.419	406.86	0.11125	3.6363e-05	0.054297	supercritical
525.0	352.25	376.1	0.0026588	542.67	636.33	2.0276	0.90937	1.4208	408.15	0.10984	3.6534e-05	0.05453	supercritical
525.0	355.5	379.14	0.0026375	542.06	635.82	2.025	0.9097	1.4226	409.44	0.10845	3.6706e-05	0.054763	supercritical
525.0	358.75	382.17	0.0026167	541.45	635.32	2.0225	0.91003	1.4244	410.74	0.10707	3.6879e-05	0.054996	supercritical
525.0	362.0	385.17	0.0025962	540.85	634.83	2.0199	0.91035	1.4261	412.06	0.1057	3.7052e-05	0.055228	supercritical
525.0	365.25	388.16	0.0025762	540.25	634.34	2.0174	0.91067	1.4278	413.37	0.10435	3.7226e-05	0.055461	supercritical
525.0	368.5	391.14	0.0025566	539.65	633.86	2.0149	0.91098	1.4295	414.7	0.10302	3.7401e-05	0.055693	supercritical
525.0	371.75	394.1	0.0025375	539.06	633.39	2.0124	0.91129	1.4311	416.03	0.10169	3.7576e-05	0.055926	supercritical
525.0	375.0	397.04	0.0025187	538.47	632.92	2.0099	0.9116	1.4327	417.37	0.10038	3.7751e-05	0.056157	supercritical
525.0	378.25	399.96	0.0025003	537.88	632.45	2.0075	0.9119	1.4342	418.72	0.099083	3.7928e-05	0.056389	supercritical
525.0	381.5	402.87	0.0024822	537.3	631.99	2.0051	0.9122	1.4357	420.07	0.097799	3.8104e-05	0.056621	supercritical
525.0	384.75	405.76	0.0024645	536.72	631.54	2.0027	0.91249	1.4372	421.43	0.096528	3.8282e-05	0.056852	supercritical
525.0	388.0	408.63	0.0024472	536.14	631.09	2.0003	0.91278	1.4386	422.8	0.095271	3.8459e-05	0.057083	supercritical
525.0	391.25	411.49	0.0024302	535.57	630.65	1.998	0.91307	1.44	424.17	0.094026	3.8638e-05	0.057313	supercritical
525.0	394.5	414.33	0.0024135	535.0	630.21	1.9956	0.91336	1.4413	425.55	0.092795	3.8816e-05	0.057544	supercritical
525.0	397.75	417.15	0.0023972	534.43	629.78	1.9933	0.91364	1.4426	426.93	0.091576	3.8996e-05	0.057773	supercritical
525.0	401.0	419.96	0.0023812	533.87	629.35	1.991	0.91391	1.4439	428.32	0.09037	3.9175e-05	0.058003	supercritical
525.0	404.25	422.75	0.0023655	533.31	628.93	1.9888	0.91418	1.4452	429.71	0.089177	3.9355e-05	0.058232	supercritical
525.0	407.5	425.52	0.00235	532.75	628.51	1.9865	0.91445	1.4464	431.11	0.087997	3.9536e-05	0.058461	supercritical
525.0	410.75	428.28	0.0023349	532.2	628.1	1.9843	0.91472	1.4476	432.52	0.086829	3.9717e-05	0.058689	supercritical
525.0	414.0	431.02	0.0023201	531.65	627.7	1.9821	0.91499	1.4487	433.93	0.085674	3.9898e-05	0.058917	supercritical
525.0	417.25	433.75	0.0023055	531.1	627.3	1.9799	0.91525	1.4498	435.34	0.084531	4.0079e-05	0.059145	supercritical
525.0	420.5	436.46	0.0022912	530.56	626.9	1.9777	0.9155	1.4509	436.76	0.083401	4.0261e-05	0.059372	supercritical
525.0	423.75	439.15	0.0022771	530.02	626.51	1.9755	0.91576	1.4519	438.18	0.082282	4.0443e-05	0.059598	supercritical
525.0	427.0	441.82	0.0022634	529.48	626.12	1.9734	0.91601	1.453	439.61	0.081176	4.0626e-05	0.059824	supercritical
525.0	430.25	444.48	0.0022498	528.94	625.74	1.9713	0.91626	1.454	441.04	0.080082	4.0809e-05	0.06005	supercritical
525.0	433.5	447.13	0.0022365	528.41	625.37	1.9692	0.9165	1.4549	442.47	0.078999	4.0992e-05	0.060275	supercritical
525.0	436.75	449.75	0.0022234	527.89	625.0	1.9671	0.91675	1.4558	443.91	0.077928	4.1175e-05	0.060499	supercritical
525.0	440.0	452.36	0.0022106	527.36	624.63	1.965	0.91699	1.4567	445.35	0.076869	4.1359e-05	0.060723	supercritical
525.0	443.25	454.96	0.002198	526.84	624.27	1.9629	0.91722	1.4576	446.8	0.075821	4.1543e-05	0.060947	supercritical
525.0	446.5	457.54	0.0021856	526.32	623.91	1.9609	0.91746	1.4585	448.25	0.074785	4.1727e-05	0.06117	supercritical
525.0	449.75	460.1	0.0021734	525.81	623.56	1.9589	0.91769	1.4593	449.7	0.07376	4.1911e-05	0.061392	supercritical
525.0	453.0	462.65	0.0021615	525.3	623.21	1.9569	0.91792	1.4601	451.16	0.072746	4.2095e-05	0.061614	supercritical
525.0	456.25	465.18	0.0021497	524.79	622.87	1.9549	0.91815	1.4608	452.61	0.071743	4.228e-05	0.061835	supercritical
525.0	459.5	467.7	0.0021381	524.28	622.53	1.9529	0.91838	1.4616	454.08	0.07075	4.2465e-05	0.062056	supercritical
525.0	462.75	470.2	0.0021268	523.78	622.2	1.951	0.9186	1.4623	455.54	0.069769	4.265e-05	0.062276	supercritical
525.0	466.0	472.68	0.0021156	523.28	621.87	1.949	0.91882	1.463	457.01	0.068799	4.2835e-05	0.062495	supercritical
525.0	469.25	475.15	0.0021046	522.78	621.54	1.9471	0.91904	1.4636	458.48	0.067839	4.302e-05	0.062714	supercritical
525.0	472.5	477.61	0.0020938	522.29	621.22	1.9452	0.91926	1.4643	459.95	0.066889	4.3205e-05	0.062933	supercritical
525.0	475.75	480.05	0.0020831	521.8	620.91	1.9433	0.91947	1.4649	461.42	0.06595	4.3391e-05	0.06315	supercritical
525.0	479.0	482.47	0.0020727	521.31	620.59	1.9414	0.91968	1.4655	462.9	0.065021	4.3576e-05	0.063367	supercritical
525.0	482.25	484.88	0.0020624	520.83	620.29	1.9396	0.91989	1.466	464.38	0.064102	4.3762e-05	0.063584	supercritical
525.0	485.5	487.28	0.0020522	520.35	619.98	1.9377	0.9201	1.4666	465.86	0.063193	4.3948e-05	0.0638	supercritical
525.0	488.75	489.66	0.0020423	519.87	619.68	1.9359	0.92031	1.4671	467.34	0.062295	4.4134e-05	0.064015	supercritical
525.0	492.0	492.02	0.0020324	519.39	619.39	1.934	0.92052	1.4676	468.82	0.061406	4.4319e-05	0.06423	supercritical
525.0	495.25	494.37	0.0020228	518.92	619.1	1.9322	0.92072	1.4681	470.31	0.060526	4.4505e-05	0.064444	supercritical
525.0	498.5	496.71	0.0020133	518.45	618.81	1.9304	0.92092	1.4685	471.8	0.059657	4.4691e-05	0.064657	supercritical
525.0	501.75	499.03	0.0020039	517.98	618.53	1.9287	0.92112	1.469	473.28	0.058797	4.4877e-05	0.06487	supercritical
525.0	505.0	501.33	0.0019947	517.52	618.25	1.9269	0.92132	1.4694	474.77	0.057946	4.5063e-05	0.065082	supercritical
525.0	508.25	503.63	0.0019856	517.06	617.97	1.9251	0.92151	1.4698	476.26	0.057104	4.5249e-05	0.065293	supercritical
525.0	511.5	505.9	0.0019767	516.6	617.7	1.9234	0.92171	1.4702	477.76	0.056272	4.5435e-05	0.065504	supercritical
525.0	514.75	508.17	0.0019679	516.14	617.44	1.9217	0.9219	1.4705	479.25	0.055449	4.5621e-05	0.065714	supercritical
525.0	518.0	510.42	0.0019592	515.69	617.17	1.9199	0.92209	1.4709	480.74	0.054635	4.5807e-05	0.065924	supercritical
525.0	521.25	512.65	0.0019506	515.24	616.91	1.9182	0.92228	1.4712	482.24	0.05383	4.5993e-05	0.066133	supercritical
525.0	524.5	514.88	0.0019422	514.79	616.66	1.9166	0.92247	1.4715	483.73	0.053034	4.6179e-05	0.066341	supercritical
525.0	527.75	517.09	0.0019339	514.34	616.41	1.9149	0.92266	1.4718	485.23	0.052246	4.6364e-05	0.066549	supercritical
525.0	531.0	519.28	0.0019257	513.9	616.16	1.9132	0.92285	1.4721	486.73	0.051467	4.655e-05	0.066756	supercritical
525.0	534.25	521.46	0.0019177	513.46	615.91	1.9115	0.92303	1.4724	488.23	0.050697	4.6736e-05	0.066962	supercritical
525.0	537.5	523.63	0.0019097	513.03	615.67	1.9099	0.92322	1.4726	489.72	0.049935	4.6922e-05	0.067168	supercritical
525.0	540.75	525.79	0.0019019	512.59	615.44	1.9083	0.9234	1.4728	491.22	0.049182	4.7107e-05	0.067373	supercritical
525.0	544.0	527.93	0.0018942	512.16	615.2	1.9067	0.92358	1.4731	492.72	0.048436	4.7293e-05	0.067578	supercritical
525.0	547.25	530.06	0.0018866	511.73	614.97	1.905	0.92376	1.4733	494.22	0.047699	4.7478e-05	0.067782	supercritical
525.0	550.5	532.17	0.0018791	511.3	614.75	1.9034	0.92394	1.4735	495.72	0.046971	4.7664e-05	0.067985	supercritical
525.0	553.75	534.27	0.0018717	510.88	614.52	1.9019	0.92411	1.4736	497.22	0.04625	4.7849e-05	0.068187	supercritical
525.0	557.0	536.36	0.0018644	510.46	614.3	1.9003	0.92429	1.4738	498.71	0.045537	4.8034e-05	0.068389	supercritical
525.0	560.25	538.44	0.0018572	510.04	614.09	1.8987	0.92447	1.4739	500.21	0.044832	4.8219e-05	0.068591	supercritical
525.0	563.5	540.51	0.0018501	509.62	613.87	1.8972	0.92464	1.4741	501.71	0.044134	4.8404e-05	0.068791	supercritical
525.0	566.75	542.56	0.0018431	509.21	613.66	1.8956	0.92481	1.4742	503.21	0.043445	4.8589e-05	0.068992	supercritical
525.0	570.0	544.6	0.0018362	508.79	613.46	1.8941	0.92499	1.4743	504.71	0.042763	4.8773e-05	0.069191	supercritical
525.0	573.25	546.63	0.0018294	508.38	613.25	1.8926	0.92516	1.4744	506.2	0.042088	4.8958e-05	0.06939	supercritical
525.0	576.5	548.64	0.0018227	507.98	613.05	1.8911	0.92533	1.4745	507.7	0.041421	4.9142e-05	0.069588	supercritical
525.0	579.75	550.64	0.0018161	507.57	612.86	1.8896	0.9255	1.4746	509.2	0.040761	4.9327e-05	0.069786	supercritical
525.0	583.0	552.64	0.0018095	507.17	612.66	1.8881	0.92567	1.4747	510.69	0.040109	4.9511e-05	0.069983	supercritical
525.0	586.25	554.61	0.0018031	506.77	612.47	1.8866	0.92583	1.4747	512.19	0.039464	4.9695e-05	0.070179	supercritical
525.0	589.5	556.58	0.0017967	506.37	612.28	1.8851	0.926	1.4748	513.68	0.038826	4.9879e-05	0.070375	supercritical
525.0	592.75	558.54	0.0017904	505.98	612.1	1.8837	0.92617	1.4748	515.17	0.038194	5.0063e-05	0.07057	supercritical
525.0	596.0	560.48	0.0017842	505.58	611.92	1.8822	0.92633	1.4749	516.66	0.03757	5.0246e-05	0.070765	supercritical
525.0	599.25	562.41	0.001778	505.19	611.74	1.8808	0.92649	1.4749	518.16	0.036953	5.043e-05	0.070959	supercritical
525.0	602.5	564.34	0.001772	504.8	611.56	1.8793	0.92666	1.4749	519.65	0.036342	5.0613e-05	0.071153	supercritical
525.0	605.75	566.25	0.001766	504.42	611.39	1.8779	0.92682	1.4749	521.13	0.035738	5.0796e-05	0.071345	supercritical
525.0	609.0	568.14	0.0017601	504.03	611.22	1.8765	0.92698	1.4749	522.62	0.035141	5.0979e-05	0.071538	supercritical
525.0	612.25	570.03	0.0017543	503.65	611.05	1.8751	0.92714	1.4749	524.11	0.03455	5.1161e-05	0.071729	supercritical
525.0	615.5	571.91	0.0017485	503.27	610.89	1.8737	0.9273	1.4749	525.59	0.033966	5.1344e-05	0.071921	supercritical
525.0	618.75	573.78	0.0017428	502.89	610.73	1.8723	0.92746	1.4748	527.08	0.033388	5.1526e-05	0.072111	supercritical
525.0	622.0	575.63	0.0017372	502.52	610.57	1.8709	0.92762	1.4748	528.56	0.032817	5.1709e-05	0.072301	supercritical
525.0	625.25	577.47	0.0017317	502.14	610.41	1.8695	0.92778	1.4748	530.04	0.032251	5.1891e-05	0.072491	supercritical
525.0	628.5	579.31	0.0017262	501.77	610.26	1.8682	0.92794	1.4747	531.52	0.031692	5.2072e-05	0.07268	supercritical
525.0	631.75	581.13	0.0017208	501.4	610.11	1.8668	0.9281	1.4747	533.0	0.031139	5.2254e-05	0.072868	supercritical
525.0	635.0	582.94	0.0017154	501.03	609.96	1.8655	0.92825	1.4746	534.48	0.030592	5.2435e-05	0.073056	supercritical
525.0	638.25	584.75	0.0017101	500.67	609.82	1.8641	0.92841	1.4746	535.96	0.030051	5.2617e-05	0.073243	supercritical
525.0	641.5	586.54	0.0017049	500.3	609.67	1.8628	0.92857	1.4745	537.43	0.029516	5.2798e-05	0.07343	supercritical
525.0	644.75	588.32	0.0016998	499.94	609.53	1.8615	0.92872	1.4744	538.9	0.028986	5.2979e-05	0.073616	supercritical
525.0	648.0	590.09	0.0016947	499.58	609.4	1.8602	0.92888	1.4743	540.37	0.028463	5.3159e-05	0.073801	supercritical
525.0	651.25	591.85	0.0016896	499.23	609.26	1.8589	0.92903	1.4742	541.84	0.027944	5.334e-05	0.073986	supercritical
525.0	654.5	593.6	0.0016846	498.87	609.13	1.8576	0.92918	1.4742	543.31	0.027432	5.352e-05	0.074171	supercritical
525.0	657.75	595.35	0.0016797	498.52	609.0	1.8563	0.92934	1.4741	544.78	0.026925	5.37e-05	0.074355	supercritical
525.0	661.0	597.08	0.0016748	498.17	608.87	1.855	0.92949	1.474	546.24	0.026423	5.388e-05	0.074538	supercritical
525.0	664.25	598.8	0.00167	497.82	608.75	1.8537	0.92964	1.4739	547.71	0.025927	5.4059e-05	0.074721	supercritical
525.0	667.5	600.51	0.0016652	497.47	608.62	1.8525	0.92979	1.4737	549.17	0.025436	5.4239e-05	0.074904	supercritical
525.0	670.75	602.22	0.0016605	497.12	608.5	1.8512	0.92994	1.4736	550.63	0.02495	5.4418e-05	0.075086	supercritical
525.0	674.0	603.91	0.0016559	496.78	608.38	1.85	0.9301	1.4735	552.08	0.02447	5.4597e-05	0.075267	supercritical
525.0	677.25	605.59	0.0016513	496.44	608.27	1.8487	0.93025	1.4734	553.54	0.023994	5.4776e-05	0.075448	supercritical
525.0	680.5	607.27	0.0016467	496.1	608.15	1.8475	0.9304	1.4733	554.99	0.023523	5.4954e-05	0.075629	supercritical
525.0	683.75	608.94	0.0016422	495.76	608.04	1.8462	0.93055	1.4731	556.45	0.023058	5.5132e-05	0.075809	supercritical
525.0	687.0	610.59	0.0016378	495.42	607.93	1.845	0.93069	1.473	557.9	0.022597	5.5311e-05	0.075988	supercritical
525.0	690.25	612.24	0.0016333	495.08	607.83	1.8438	0.93084	1.4729	559.34	0.022141	5.5488e-05	0.076167	supercritical
525.0	693.5	613.88	0.001629	494.75	607.72	1.8426	0.93099	1.4727	560.79	0.02169	5.5666e-05	0.076346	supercritical
525.0	696.75	615.51	0.0016247	494.42	607.62	1.8414	0.93114	1.4726	562.23	0.021244	5.5844e-05	0.076524	supercritical
525.0	700.0	617.13	0.0016204	494.09	607.52	1.8402	0.93129	1.4724	563.68	0.020802	5.6021e-05	0.076702	supercritical
525.0	703.25	618.75	0.0016162	493.76	607.42	1.839	0.93143	1.4723	565.12	0.020365	5.6198e-05	0.076879	supercritical
525.0	706.5	620.35	0.001612	493.44	607.32	1.8378	0.93158	1.4721	566.56	0.019932	5.6375e-05	0.077055	supercritical
525.0	709.75	621.95	0.0016079	493.11	607.23	1.8366	0.93173	1.472	567.99	0.019503	5.6551e-05	0.077232	supercritical
525.0	713.0	623.53	0.0016038	492.79	607.14	1.8355	0.93187	1.4718	569.43	0.019079	5.6728e-05	0.077407	supercritical
525.0	716.25	625.11	0.0015997	492.47	607.05	1.8343	0.93202	1.4717	570.86	0.01866	5.6904e-05	0.077583	supercritical
525.0	719.5	626.68	0.0015957	492.15	606.96	1.8332	0.93217	1.4715	572.29	0.018244	5.708e-05	0.077758	supercritical
525.0	722.75	628.25	0.0015917	491.83	606.87	1.832	0.93231	1.4714	573.72	0.017833	5.7255e-05	0.077932	supercritical
525.0	726.0	629.8	0.0015878	491.51	606.79	1.8309	0.93246	1.4712	575.15	0.017426	5.7431e-05	0.078106	supercritical
525.0	729.25	631.35	0.0015839	491.2	606.71	1.8297	0.9326	1.471	576.57	0.017023	5.7606e-05	0.078279	supercritical
525.0	732.5	632.88	0.0015801	490.88	606.62	1.8286	0.93275	1.4708	578.0	0.016624	5.7781e-05	0.078453	supercritical
525.0	735.75	634.41	0.0015763	490.57	606.55	1.8275	0.93289	1.4707	579.42	0.016229	5.7956e-05	0.078625	supercritical
525.0	739.0	635.94	0.0015725	490.26	606.47	1.8263	0.93303	1.4705	580.84	0.015838	5.813e-05	0.078797	supercritical
525.0	742.25	637.45	0.0015688	489.95	606.39	1.8252	0.93318	1.4703	582.25	0.015451	5.8304e-05	0.078969	supercritical
525.0	745.5	638.96	0.0015651	489.65	606.32	1.8241	0.93332	1.4701	583.67	0.015068	5.8478e-05	0.079141	supercritical
525.0	748.75	640.46	0.0015614	489.34	606.25	1.823	0.93346	1.47	585.08	0.014688	5.8652e-05	0.079312	supercritical
525.0	752.0	641.95	0.0015578	489.04	606.18	1.8219	0.93361	1.4698	586.49	0.014312	5.8826e-05	0.079482	supercritical
525.0	755.25	643.43	0.0015542	488.74	606.11	1.8208	0.93375	1.4696	587.9	0.01394	5.8999e-05	0.079653	supercritical
525.0	758.5	644.91	0.0015506	488.43	606.05	1.8197	0.93389	1.4694	589.31	0.013572	5.9172e-05	0.079822	supercritical
525.0	761.75	646.38	0.0015471	488.13	605.98	1.8187	0.93404	1.4692	590.71	0.013207	5.9345e-05	0.079992	supercritical
525.0	765.0	647.84	0.0015436	487.84	605.92	1.8176	0.93418	1.469	592.11	0.012845	5.9518e-05	0.080161	supercritical
525.0	768.25	649.29	0.0015401	487.54	605.86	1.8165	0.93432	1.4688	593.51	0.012487	5.969e-05	0.080329	supercritical
525.0	771.5	650.74	0.0015367	487.25	605.8	1.8155	0.93446	1.4686	594.91	0.012133	5.9863e-05	0.080498	supercritical
525.0	774.75	652.18	0.0015333	486.95	605.75	1.8144	0.9346	1.4684	596.31	0.011782	6.0035e-05	0.080665	supercritical
525.0	778.0	653.61	0.00153	486.66	605.69	1.8133	0.93474	1.4682	597.7	0.011434	6.0206e-05	0.080833	supercritical
525.0	781.25	655.04	0.0015266	486.37	605.64	1.8123	0.93489	1.468	599.1	0.011089	6.0378e-05	0.081	supercritical
525.0	784.5	656.45	0.0015233	486.08	605.58	1.8112	0.93503	1.4678	600.49	0.010748	6.0549e-05	0.081167	supercritical
525.0	787.75	657.86	0.0015201	485.79	605.53	1.8102	0.93517	1.4676	601.87	0.01041	6.072e-05	0.081333	supercritical
525.0	791.0	659.27	0.0015168	485.5	605.49	1.8092	0.93531	1.4674	603.26	0.010075	6.0891e-05	0.081499	supercritical
525.0	794.25	660.67	0.0015136	485.22	605.44	1.8082	0.93545	1.4672	604.64	0.0097429	6.1062e-05	0.081664	supercritical
525.0	797.5	662.06	0.0015104	484.93	605.39	1.8071	0.93559	1.467	606.03	0.0094142	6.1232e-05	0.08183	supercritical
525.0	800.75	663.44	0.0015073	484.65	605.35	1.8061	0.93573	1.4668	607.41	0.0090884	6.1402e-05	0.081995	supercritical
525.0	804.0	664.82	0.0015042	484.37	605.31	1.8051	0.93587	1.4666	608.79	0.0087657	6.1572e-05	0.082159	supercritical
525.0	807.25	666.19	0.0015011	484.09	605.26	1.8041	0.93601	1.4664	610.16	0.008446	6.1742e-05	0.082323	supercritical
525.0	810.5	667.56	0.001498	483.81	605.23	1.8031	0.93615	1.4662	611.54	0.0081292	6.1912e-05	0.082487	supercritical
525.0	813.75	668.91	0.001495	483.53	605.19	1.8021	0.93629	1.466	612.91	0.0078153	6.2081e-05	0.08265	supercritical
525.0	817.0	670.26	0.0014919	483.26	605.15	1.8011	0.93643	1.4658	614.28	0.0075042	6.225e-05	0.082814	supercritical
525.0	820.25	671.61	0.001489	482.98	605.12	1.8001	0.93657	1.4656	615.65	0.007196	6.2419e-05	0.082976	supercritical
525.0	823.5	672.95	0.001486	482.71	605.08	1.7991	0.93671	1.4654	617.01	0.0068905	6.2587e-05	0.083139	supercritical
525.0	826.75	674.28	0.0014831	482.44	605.05	1.7981	0.93684	1.4652	618.37	0.0065878	6.2756e-05	0.083301	supercritical
525.0	830.0	675.61	0.0014802	482.17	605.02	1.7972	0.93698	1.4649	619.74	0.0062877	6.2924e-05	0.083463	supercritical
525.0	833.25	676.93	0.0014773	481.9	604.99	1.7962	0.93712	1.4647	621.1	0.0059904	6.3092e-05	0.083624	supercritical
525.0	836.5	678.24	0.0014744	481.63	604.96	1.7952	0.93726	1.4645	622.45	0.0056957	6.3259e-05	0.083785	supercritical
525.0	839.75	679.55	0.0014716	481.36	604.94	1.7943	0.9374	1.4643	623.81	0.0054036	6.3427e-05	0.083946	supercritical
525.0	843.0	680.85	0.0014688	481.1	604.91	1.7933	0.93754	1.4641	625.16	0.0051141	6.3594e-05	0.084107	supercritical
525.0	846.25	682.15	0.001466	480.83	604.89	1.7924	0.93768	1.4639	626.51	0.0048272	6.3761e-05	0.084267	supercritical
525.0	849.5	683.43	0.0014632	480.57	604.87	1.7914	0.93781	1.4636	627.86	0.0045428	6.3928e-05	0.084427	supercritical
525.0	852.75	684.72	0.0014605	480.3	604.84	1.7905	0.93795	1.4634	629.21	0.0042608	6.4094e-05	0.084586	supercritical
525.0	856.0	686.0	0.0014577	480.04	604.82	1.7895	0.93809	1.4632	630.56	0.0039813	6.4261e-05	0.084745	supercritical
525.0	859.25	687.27	0.001455	479.78	604.81	1.7886	0.93823	1.463	631.9	0.0037043	6.4427e-05	0.084904	supercritical
525.0	862.5	688.53	0.0014524	479.52	604.79	1.7876	0.93836	1.4628	633.24	0.0034296	6.4593e-05	0.085063	supercritical
525.0	865.75	689.8	0.0014497	479.27	604.77	1.7867	0.9385	1.4626	634.58	0.0031574	6.4758e-05	0.085221	supercritical
525.0	869.0	691.05	0.0014471	479.01	604.76	1.7858	0.93864	1.4623	635.92	0.0028874	6.4924e-05	0.085379	supercritical
525.0	872.25	692.3	0.0014445	478.75	604.75	1.7849	0.93878	1.4621	637.25	0.0026198	6.5089e-05	0.085537	supercritical
525.0	875.5	693.54	0.0014419	478.5	604.73	1.784	0.93891	1.4619	638.59	0.0023545	6.5254e-05	0.085694	supercritical
525.0	878.75	694.78	0.0014393	478.25	604.72	1.783	0.93905	1.4617	639.92	0.0020914	6.5419e-05	0.085852	supercritical
525.0	882.0	696.01	0.0014368	477.99	604.71	1.7821	0.93919	1.4614	641.25	0.0018306	6.5583e-05	0.086008	supercritical
525.0	885.25	697.24	0.0014342	477.74	604.71	1.7812	0.93933	1.4612	642.57	0.001572	6.5748e-05	0.086165	supercritical
525.0	888.5	698.46	0.0014317	477.49	604.7	1.7803	0.93946	1.461	643.9	0.0013156	6.5912e-05	0.086321	supercritical
525.0	891.75	699.68	0.0014292	477.24	604.69	1.7794	0.9396	1.4608	645.22	0.0010613	6.6076e-05	0.086477	supercritical
525.0	895.0	700.89	0.0014268	476.99	604.69	1.7785	0.93974	1.4606	646.54	0.00080923	6.6239e-05	0.086633	supercritical
525.0	898.25	702.1	0.0014243	476.75	604.69	1.7777	0.93987	1.4603	647.86	0.00055923	6.6403e-05	0.086788	supercritical
525.0	901.5	703.3	0.0014219	476.5	604.68	1.7768	0.94001	1.4601	649.18	0.00031133	6.6566e-05	0.086944	supercritical
525.0	904.75	704.49	0.0014195	476.26	604.68	1.7759	0.94015	1.4599	650.49	6.5503e-05	6.6729e-05	0.087098	supercritical
525.0	908.0	705.68	0.0014171	476.01	604.68	1.775	0.94028	1.4597	651.81	-0.00017828	6.6892e-05	0.087253	supercritical
525.0	911.25	706.87	0.0014147	475.77	604.68	1.7741	0.94042	1.4594	653.12	-0.00042004	6.7055e-05	0.087407	supercritical
525.0	914.5	708.05	0.0014123	475.53	604.69	1.7733	0.94055	1.4592	654.43	-0.00065979	6.7217e-05	0.087562	supercritical
525.0	917.75	709.22	0.00141	475.29	604.69	1.7724	0.94069	1.459	655.73	-0.00089757	6.7379e-05	0.087715	supercritical
525.0	921.0	710.39	0.0014077	475.05	604.7	1.7715	0.94083	1.4588	657.04	-0.0011334	6.7541e-05	0.087869	supercritical
525.0	924.25	711.56	0.0014054	474.81	604.7	1.7707	0.94096	1.4585	658.34	-0.0013673	6.7703e-05	0.088022	supercritical
525.0	927.5	712.72	0.0014031	474.57	604.71	1.7698	0.9411	1.4583	659.64	-0.0015992	6.7865e-05	0.088175	supercritical
525.0	930.75	713.87	0.0014008	474.34	604.72	1.769	0.94123	1.4581	660.94	-0.0018293	6.8026e-05	0.088328	supercritical
525.0	934.0	715.02	0.0013986	474.1	604.73	1.7681	0.94137	1.4579	662.24	-0.0020574	6.8187e-05	0.088481	supercritical
525.0	937.25	716.17	0.0013963	473.87	604.74	1.7673	0.94151	1.4577	663.53	-0.0022838	6.8348e-05	0.088633	supercritical
525.0	940.5	717.31	0.0013941	473.63	604.75	1.7664	0.94164	1.4574	664.82	-0.0025082	6.8509e-05	0.088785	supercritical
525.0	943.75	718.44	0.0013919	473.4	604.76	1.7656	0.94178	1.4572	666.11	-0.0027309	6.8669e-05	0.088937	supercritical
525.0	947.0	719.57	0.0013897	473.17	604.77	1.7648	0.94191	1.457	667.4	-0.0029518	6.883e-05	0.089088	supercritical
525.0	950.25	720.7	0.0013875	472.94	604.79	1.7639	0.94205	1.4568	668.69	-0.0031708	6.899e-05	0.08924	supercritical
525.0	953.5	721.82	0.0013854	472.71	604.8	1.7631	0.94218	1.4565	669.97	-0.0033881	6.915e-05	0.089391	supercritical
525.0	956.75	722.94	0.0013832	472.48	604.82	1.7623	0.94232	1.4563	671.25	-0.0036037	6.9309e-05	0.089542	supercritical
525.0	960.0	724.05	0.0013811	472.25	604.84	1.7615	0.94246	1.4561	672.53	-0.0038175	6.9469e-05	0.089692	supercritical
525.0	963.25	725.16	0.001379	472.02	604.86	1.7606	0.94259	1.4559	673.81	-0.0040297	6.9628e-05	0.089843	supercritical
525.0	966.5	726.26	0.0013769	471.8	604.88	1.7598	0.94273	1.4557	675.09	-0.0042401	6.9787e-05	0.089993	supercritical
525.0	969.75	727.36	0.0013748	471.57	604.9	1.759	0.94286	1.4554	676.36	-0.0044488	6.9946e-05	0.090143	supercritical
525.0	973.0	728.46	0.0013728	471.35	604.92	1.7582	0.943	1.4552	677.63	-0.0046559	7.0105e-05	0.090293	supercritical
525.0	976.25	729.55	0.0013707	471.12	604.94	1.7574	0.94313	1.455	678.9	-0.0048614	7.0263e-05	0.090442	supercritical
525.0	979.5	730.63	0.0013687	470.9	604.96	1.7566	0.94327	1.4548	680.17	-0.0050652	7.0422e-05	0.090591	supercritical
525.0	982.75	731.71	0.0013667	470.68	604.99	1.7558	0.9434	1.4545	681.44	-0.0052674	7.058e-05	0.09074	supercritical
525.0	986.0	732.79	0.0013646	470.46	605.01	1.755	0.94354	1.4543	682.7	-0.005468	7.0738e-05	0.090889	supercritical
525.0	989.25	733.86	0.0013627	470.24	605.04	1.7542	0.94367	1.4541	683.96	-0.005667	7.0895e-05	0.091038	supercritical
525.0	992.5	734.93	0.0013607	470.02	605.07	1.7534	0.94381	1.4539	685.22	-0.0058645	7.1053e-05	0.091186	supercritical
525.0	995.75	735.99	0.0013587	469.8	605.1	1.7526	0.94394	1.4537	686.48	-0.0060604	7.121e-05	0.091334	supercritical
525.0	999.0	737.05	0.0013568	469.59	605.12	1.7518	0.94408	1.4535	687.73	-0.0062548	7.1367e-05	0.091482	supercritical
525.0	1002.2	738.11	0.0013548	469.37	605.15	1.7511	0.94421	1.4532	688.99	-0.0064476	7.1524e-05	0.09163	supercritical
525.0	1005.5	739.16	0.0013529	469.15	605.19	1.7503	0.94435	1.453	690.24	-0.006639	7.1681e-05	0.091778	supercritical
525.0	1008.8	740.21	0.001351	468.94	605.22	1.7495	0.94448	1.4528	691.49	-0.0068289	7.1837e-05	0.091925	supercritical
525.0	1012.0	741.25	0.0013491	468.72	605.25	1.7487	0.94462	1.4526	692.73	-0.0070173	7.1994e-05	0.092072	supercritical
525.0	1015.2	742.29	0.0013472	468.51	605.28	1.748	0.94475	1.4524	693.98	-0.0072042	7.215e-05	0.092219	supercritical
525.0	1018.5	743.33	0.0013453	468.3	605.32	1.7472	0.94489	1.4522	695.22	-0.0073897	7.2306e-05	0.092366	supercritical
525.0	1021.8	744.36	0.0013434	468.09	605.35	1.7464	0.94502	1.4519	696.46	-0.0075737	7.2462e-05	0.092512	supercritical
525.0	1025.0	745.39	0.0013416	467.88	605.39	1.7457	0.94515	1.4517	697.7	-0.0077563	7.2617e-05	0.092658	supercritical
525.0	1028.2	746.41	0.0013397	467.67	605.43	1.7449	0.94529	1.4515	698.94	-0.0079376	7.2773e-05	0.092805	supercritical
525.0	1031.5	747.43	0.0013379	467.46	605.46	1.7441	0.94542	1.4513	700.17	-0.0081174	7.2928e-05	0.092951	supercritical
525.0	1034.8	748.45	0.0013361	467.25	605.5	1.7434	0.94556	1.4511	701.41	-0.0082958	7.3083e-05	0.093096	supercritical
525.0	1038.0	749.46	0.0013343	467.04	605.54	1.7426	0.94569	1.4509	702.64	-0.0084729	7.3238e-05	0.093242	supercritical
525.0	1041.2	750.47	0.0013325	466.84	605.58	1.7419	0.94583	1.4507	703.86	-0.0086487	7.3392e-05	0.093387	supercritical
525.0	1044.5	751.47	0.0013307	466.63	605.62	1.7411	0.94596	1.4505	705.09	-0.0088231	7.3547e-05	0.093532	supercritical
525.0	1047.8	752.47	0.001329	466.42	605.67	1.7404	0.9461	1.4503	706.32	-0.0089961	7.3701e-05	0.093677	supercritical
525.0	1051.0	753.47	0.0013272	466.22	605.71	1.7397	0.94623	1.4501	707.54	-0.0091679	7.3855e-05	0.093822	supercritical
525.0	1054.2	754.46	0.0013255	466.02	605.75	1.7389	0.94636	1.4498	708.76	-0.0093383	7.4009e-05	0.093967	supercritical
525.0	1057.5	755.45	0.0013237	465.81	605.8	1.7382	0.9465	1.4496	709.98	-0.0095074	7.4163e-05	0.094111	supercritical
525.0	1060.8	756.44	0.001322	465.61	605.84	1.7375	0.94663	1.4494	711.19	-0.0096753	7.4316e-05	0.094255	supercritical
525.0	1064.0	757.42	0.0013203	465.41	605.89	1.7367	0.94677	1.4492	712.41	-0.0098419	7.447e-05	0.094399	supercritical
525.0	1067.2	758.4	0.0013186	465.21	605.94	1.736	0.9469	1.449	713.62	-0.010007	7.4623e-05	0.094543	supercritical
525.0	1070.5	759.37	0.0013169	465.01	605.98	1.7353	0.94703	1.4488	714.83	-0.010171	7.4776e-05	0.094687	supercritical
525.0	1073.8	760.34	0.0013152	464.81	606.03	1.7345	0.94717	1.4486	716.04	-0.010334	7.4929e-05	0.094831	supercritical
525.0	1077.0	761.31	0.0013135	464.61	606.08	1.7338	0.9473	1.4484	717.24	-0.010496	7.5081e-05	0.094974	supercritical
525.0	1080.2	762.27	0.0013119	464.42	606.13	1.7331	0.94744	1.4482	718.45	-0.010656	7.5234e-05	0.095117	supercritical
525.0	1083.5	763.23	0.0013102	464.22	606.18	1.7324	0.94757	1.448	719.65	-0.010816	7.5386e-05	0.09526	supercritical
525.0	1086.8	764.19	0.0013086	464.02	606.23	1.7317	0.94771	1.4478	720.85	-0.010974	7.5538e-05	0.095403	supercritical
525.0	1090.0	765.15	0.0013069	463.83	606.28	1.731	0.94784	1.4476	722.05	-0.01113	7.569e-05	0.095546	supercritical
525.0	1093.2	766.1	0.0013053	463.63	606.34	1.7303	0.94797	1.4474	723.24	-0.011286	7.5842e-05	0.095688	supercritical
525.0	1096.5	767.04	0.0013037	463.44	606.39	1.7296	0.94811	1.4472	724.44	-0.011441	7.5994e-05	0.095831	supercritical
525.0	1099.8	767.99	0.0013021	463.24	606.44	1.7289	0.94824	1.447	725.63	-0.011594	7.6145e-05	0.095973	supercritical
525.0	1103.0	768.93	0.0013005	463.05	606.5	1.7281	0.94837	1.4468	726.82	-0.011746	7.6297e-05	0.096115	supercritical
525.0	1106.2	769.86	0.0012989	462.86	606.55	1.7275	0.94851	1.4466	728.01	-0.011898	7.6448e-05	0.096257	supercritical
525.0	1109.5	770.8	0.0012974	462.67	606.61	1.7268	0.94864	1.4464	729.19	-0.012048	7.6599e-05	0.096398	supercritical
525.0	1112.8	771.73	0.0012958	462.48	606.67	1.7261	0.94878	1.4462	730.38	-0.012197	7.675e-05	0.09654	supercritical
525.0	1116.0	772.65	0.0012942	462.29	606.73	1.7254	0.94891	1.446	731.56	-0.012344	7.69e-05	0.096681	supercritical
525.0	1119.2	773.58	0.0012927	462.1	606.78	1.7247	0.94904	1.4459	732.74	-0.012491	7.7051e-05	0.096823	supercritical
525.0	1122.5	774.5	0.0012912	461.91	606.84	1.724	0.94918	1.4457	733.92	-0.012637	7.7201e-05	0.096964	supercritical
525.0	1125.8	775.42	0.0012896	461.72	606.9	1.7233	0.94931	1.4455	735.09	-0.012782	7.7351e-05	0.097105	supercritical
525.0	1129.0	776.33	0.0012881	461.53	606.96	1.7226	0.94944	1.4453	736.27	-0.012925	7.7501e-05	0.097245	supercritical
525.0	1132.2	777.24	0.0012866	461.35	607.02	1.7219	0.94958	1.4451	737.44	-0.013068	7.7651e-05	0.097386	supercritical
525.0	1135.5	778.15	0.0012851	461.16	607.09	1.7213	0.94971	1.4449	738.61	-0.013209	7.78e-05	0.097526	supercritical
525.0	1138.8	779.05	0.0012836	460.98	607.15	1.7206	0.94985	1.4447	739.78	-0.01335	7.795e-05	0.097667	supercritical
525.0	1142.0	779.96	0.0012821	460.79	607.21	1.7199	0.94998	1.4445	740.94	-0.013489	7.8099e-05	0.097807	supercritical
525.0	1145.2	780.85	0.0012806	460.61	607.27	1.7192	0.95011	1.4443	742.11	-0.013627	7.8248e-05	0.097947	supercritical
525.0	1148.5	781.75	0.0012792	460.42	607.34	1.7186	0.95025	1.4442	743.27	-0.013765	7.8397e-05	0.098087	supercritical
525.0	1151.8	782.64	0.0012777	460.24	607.4	1.7179	0.95038	1.444	744.43	-0.013901	7.8546e-05	0.098227	supercritical
525.0	1155.0	783.53	0.0012763	460.06	607.47	1.7172	0.95051	1.4438	745.59	-0.014037	7.8695e-05	0.098366	supercritical
525.0	1158.2	784.42	0.0012748	459.88	607.54	1.7166	0.95065	1.4436	746.74	-0.014171	7.8843e-05	0.098506	supercritical
525.0	1161.5	785.3	0.0012734	459.7	607.6	1.7159	0.95078	1.4434	747.9	-0.014305	7.8992e-05	0.098645	supercritical
525.0	1164.8	786.18	0.001272	459.52	607.67	1.7153	0.95091	1.4433	749.05	-0.014437	7.914e-05	0.098784	supercritical
525.0	1168.0	787.06	0.0012706	459.34	607.74	1.7146	0.95105	1.4431	750.2	-0.014569	7.9288e-05	0.098923	supercritical
525.0	1171.2	787.94	0.0012691	459.16	607.81	1.7139	0.95118	1.4429	751.35	-0.0147	7.9436e-05	0.099062	supercritical
525.0	1174.5	788.81	0.0012677	458.98	607.88	1.7133	0.95131	1.4427	752.49	-0.01483	7.9584e-05	0.099201	supercritical
525.0	1177.8	789.68	0.0012663	458.8	607.95	1.7126	0.95145	1.4425	753.64	-0.014958	7.9731e-05	0.09934	supercritical
525.0	1181.0	790.54	0.001265	458.62	608.02	1.712	0.95158	1.4424	754.78	-0.015086	7.9879e-05	0.099478	supercritical
525.0	1184.2	791.41	0.0012636	458.45	608.09	1.7113	0.95171	1.4422	755.92	-0.015213	8.0026e-05	0.099617	supercritical
525.0	1187.5	792.27	0.0012622	458.27	608.16	1.7107	0.95185	1.442	757.06	-0.01534	8.0173e-05	0.099755	supercritical
525.0	1190.8	793.12	0.0012608	458.1	608.23	1.7101	0.95198	1.4418	758.19	-0.015465	8.032e-05	0.099893	supercritical
525.0	1194.0	793.98	0.0012595	457.92	608.3	1.7094	0.95211	1.4417	759.33	-0.015589	8.0467e-05	0.10003	supercritical
525.0	1197.2	794.83	0.0012581	457.75	608.38	1.7088	0.95225	1.4415	760.46	-0.015713	8.0614e-05	0.10017	supercritical
525.0	1200.5	795.68	0.0012568	457.57	608.45	1.7081	0.95238	1.4413	761.59	-0.015835	8.0761e-05	0.10031	supercritical
525.0	1203.8	796.53	0.0012555	457.4	608.52	1.7075	0.95251	1.4412	762.72	-0.015957	8.0907e-05	0.10044	supercritical
525.0	1207.0	797.37	0.0012541	457.23	608.6	1.7069	0.95265	1.441	763.85	-0.016078	8.1053e-05	0.10058	supercritical
525.0	1210.2	798.21	0.0012528	457.06	608.68	1.7062	0.95278	1.4408	764.97	-0.016198	8.1199e-05	0.10072	supercritical
525.0	1213.5	799.05	0.0012515	456.88	608.75	1.7056	0.95291	1.4406	766.1	-0.016318	8.1345e-05	0.10086	supercritical
525.0	1216.8	799.89	0.0012502	456.71	608.83	1.705	0.95305	1.4405	767.22	-0.016436	8.1491e-05	0.10099	supercritical
525.0	1220.0	800.72	0.0012489	456.54	608.91	1.7043	0.95318	1.4403	768.34	-0.016554	8.1637e-05	0.10113	supercritical
525.0	1223.2	801.55	0.0012476	456.37	608.98	1.7037	0.95331	1.4402	769.45	-0.01667	8.1783e-05	0.10127	supercritical
525.0	1226.5	802.38	0.0012463	456.2	609.06	1.7031	0.95345	1.44	770.57	-0.016786	8.1928e-05	0.1014	supercritical
525.0	1229.8	803.2	0.001245	456.03	609.14	1.7025	0.95358	1.4398	771.68	-0.016902	8.2073e-05	0.10154	supercritical
525.0	1233.0	804.03	0.0012437	455.87	609.22	1.7019	0.95371	1.4397	772.79	-0.017016	8.2219e-05	0.10168	supercritical
525.0	1236.2	804.85	0.0012425	455.7	609.3	1.7012	0.95384	1.4395	773.9	-0.01713	8.2364e-05	0.10181	supercritical
525.0	1239.5	805.66	0.0012412	455.53	609.38	1.7006	0.95398	1.4393	775.01	-0.017243	8.2508e-05	0.10195	supercritical
525.0	1242.8	806.48	0.00124	455.37	609.46	1.7	0.95411	1.4392	776.12	-0.017355	8.2653e-05	0.10209	supercritical
525.0	1246.0	807.29	0.0012387	455.2	609.54	1.6994	0.95424	1.439	777.22	-0.017466	8.2798e-05	0.10222	supercritical
525.0	1249.2	808.1	0.0012375	455.03	609.62	1.6988	0.95438	1.4389	778.32	-0.017577	8.2942e-05	0.10236	supercritical
525.0	1252.5	808.91	0.0012362	454.87	609.71	1.6982	0.95451	1.4387	779.42	-0.017686	8.3087e-05	0.10249	supercritical
525.0	1255.8	809.71	0.001235	454.7	609.79	1.6976	0.95464	1.4385	780.52	-0.017796	8.3231e-05	0.10263	supercritical
525.0	1259.0	810.52	0.0012338	454.54	609.87	1.697	0.95477	1.4384	781.62	-0.017904	8.3375e-05	0.10277	supercritical
525.0	1262.2	811.32	0.0012326	454.38	609.96	1.6964	0.95491	1.4382	782.72	-0.018012	8.3519e-05	0.1029	supercritical
525.0	1265.5	812.12	0.0012314	454.21	610.04	1.6958	0.95504	1.4381	783.81	-0.018118	8.3663e-05	0.10304	supercritical
525.0	1268.8	812.91	0.0012301	454.05	610.13	1.6952	0.95517	1.4379	784.9	-0.018225	8.3806e-05	0.10317	supercritical
525.0	1272.0	813.7	0.0012289	453.89	610.21	1.6946	0.95531	1.4378	785.99	-0.01833	8.395e-05	0.10331	supercritical
525.0	1275.2	814.49	0.0012278	453.73	610.3	1.694	0.95544	1.4376	787.08	-0.018435	8.4093e-05	0.10344	supercritical
525.0	1278.5	815.28	0.0012266	453.57	610.38	1.6934	0.95557	1.4375	788.16	-0.018539	8.4237e-05	0.10358	supercritical
525.0	1281.8	816.07	0.0012254	453.41	610.47	1.6928	0.9557	1.4373	789.25	-0.018642	8.438e-05	0.10371	supercritical
525.0	1285.0	816.85	0.0012242	453.25	610.56	1.6922	0.95584	1.4372	790.33	-0.018745	8.4523e-05	0.10385	supercritical
525.0	1288.2	817.63	0.001223	453.09	610.65	1.6916	0.95597	1.437	791.41	-0.018847	8.4666e-05	0.10398	supercritical
525.0	1291.5	818.41	0.0012219	452.93	610.73	1.691	0.9561	1.4369	792.49	-0.018948	8.4808e-05	0.10412	supercritical
525.0	1294.8	819.19	0.0012207	452.77	610.82	1.6904	0.95624	1.4367	793.56	-0.019049	8.4951e-05	0.10425	supercritical
525.0	1298.0	819.96	0.0012196	452.61	610.91	1.6898	0.95637	1.4366	794.64	-0.019149	8.5094e-05	0.10438	supercritical
525.0	1301.2	820.73	0.0012184	452.45	611.0	1.6893	0.9565	1.4364	795.71	-0.019248	8.5236e-05	0.10452	supercritical
525.0	1304.5	821.5	0.0012173	452.3	611.09	1.6887	0.95663	1.4363	796.78	-0.019347	8.5378e-05	0.10465	supercritical
525.0	1307.8	822.27	0.0012161	452.14	611.18	1.6881	0.95677	1.4362	797.85	-0.019445	8.552e-05	0.10479	supercritical
525.0	1311.0	823.04	0.001215	451.99	611.27	1.6875	0.9569	1.436	798.92	-0.019542	8.5662e-05	0.10492	supercritical
525.0	1314.2	823.8	0.0012139	451.83	611.36	1.6869	0.95703	1.4359	799.99	-0.019639	8.5804e-05	0.10506	supercritical
525.0	1317.5	824.56	0.0012128	451.67	611.46	1.6864	0.95716	1.4357	801.05	-0.019735	8.5946e-05	0.10519	supercritical
525.0	1320.8	825.32	0.0012117	451.52	611.55	1.6858	0.9573	1.4356	802.12	-0.019831	8.6088e-05	0.10532	supercritical
525.0	1324.0	826.08	0.0012105	451.37	611.64	1.6852	0.95743	1.4355	803.18	-0.019926	8.6229e-05	0.10546	supercritical
525.0	1327.2	826.83	0.0012094	451.21	611.74	1.6846	0.95756	1.4353	804.24	-0.02002	8.6371e-05	0.10559	supercritical
525.0	1330.5	827.58	0.0012083	451.06	611.83	1.6841	0.95769	1.4352	805.29	-0.020114	8.6512e-05	0.10572	supercritical
525.0	1333.8	828.33	0.0012072	450.91	611.92	1.6835	0.95783	1.435	806.35	-0.020207	8.6653e-05	0.10586	supercritical
525.0	1337.0	829.08	0.0012062	450.75	612.02	1.6829	0.95796	1.4349	807.4	-0.020299	8.6794e-05	0.10599	supercritical
525.0	1340.2	829.83	0.0012051	450.6	612.11	1.6824	0.95809	1.4348	808.45	-0.020391	8.6935e-05	0.10612	supercritical
525.0	1343.5	830.57	0.001204	450.45	612.21	1.6818	0.95822	1.4346	809.51	-0.020482	8.7076e-05	0.10626	supercritical
525.0	1346.8	831.31	0.0012029	450.3	612.3	1.6812	0.95836	1.4345	810.55	-0.020573	8.7217e-05	0.10639	supercritical
525.0	1350.0	832.05	0.0012019	450.15	612.4	1.6807	0.95849	1.4344	811.6	-0.020663	8.7357e-05	0.10652	supercritical
525.0	1353.2	832.79	0.0012008	450.0	612.5	1.6801	0.95862	1.4342	812.65	-0.020753	8.7498e-05	0.10665	supercritical
525.0	1356.5	833.52	0.0011997	449.85	612.59	1.6796	0.95875	1.4341	813.69	-0.020842	8.7638e-05	0.10679	supercritical
525.0	1359.8	834.26	0.0011987	449.7	612.69	1.679	0.95889	1.434	814.73	-0.02093	8.7779e-05	0.10692	supercritical
525.0	1363.0	834.99	0.0011976	449.55	612.79	1.6784	0.95902	1.4338	815.77	-0.021018	8.7919e-05	0.10705	supercritical
525.0	1366.2	835.72	0.0011966	449.4	612.89	1.6779	0.95915	1.4337	816.81	-0.021105	8.8059e-05	0.10718	supercritical
525.0	1369.5	836.44	0.0011955	449.26	612.98	1.6773	0.95928	1.4336	817.85	-0.021192	8.8199e-05	0.10732	supercritical
525.0	1372.8	837.17	0.0011945	449.11	613.08	1.6768	0.95942	1.4335	818.88	-0.021278	8.8339e-05	0.10745	supercritical
525.0	1376.0	837.89	0.0011935	448.96	613.18	1.6762	0.95955	1.4333	819.92	-0.021364	8.8478e-05	0.10758	supercritical
525.0	1379.2	838.61	0.0011924	448.81	613.28	1.6757	0.95968	1.4332	820.95	-0.021449	8.8618e-05	0.10771	supercritical
525.0	1382.5	839.33	0.0011914	448.67	613.38	1.6751	0.95981	1.4331	821.98	-0.021534	8.8757e-05	0.10785	supercritical
525.0	1385.8	840.05	0.0011904	448.52	613.48	1.6746	0.95994	1.4329	823.01	-0.021618	8.8897e-05	0.10798	supercritical
525.0	1389.0	840.76	0.0011894	448.38	613.58	1.6741	0.96008	1.4328	824.04	-0.021701	8.9036e-05	0.10811	supercritical
525.0	1392.2	841.48	0.0011884	448.23	613.69	1.6735	0.96021	1.4327	825.06	-0.021784	8.9175e-05	0.10824	supercritical
525.0	1395.5	842.19	0.0011874	448.09	613.79	1.673	0.96034	1.4326	826.08	-0.021867	8.9314e-05	0.10837	supercritical
525.0	1398.8	842.9	0.0011864	447.94	613.89	1.6724	0.96047	1.4325	827.11	-0.021949	8.9453e-05	0.1085	supercritical
525.0	1402.0	843.61	0.0011854	447.8	613.99	1.6719	0.9606	1.4323	828.13	-0.02203	8.9592e-05	0.10864	supercritical
525.0	1405.2	844.31	0.0011844	447.66	614.09	1.6713	0.96074	1.4322	829.15	-0.022111	8.9731e-05	0.10877	supercritical
525.0	1408.5	845.02	0.0011834	447.51	614.2	1.6708	0.96087	1.4321	830.16	-0.022192	8.9869e-05	0.1089	supercritical
525.0	1411.8	845.72	0.0011824	447.37	614.3	1.6703	0.961	1.432	831.18	-0.022272	9.0008e-05	0.10903	supercritical
525.0	1415.0	846.42	0.0011814	447.23	614.4	1.6697	0.96113	1.4319	832.19	-0.022351	9.0146e-05	0.10916	supercritical
525.0	1418.2	847.12	0.0011805	447.09	614.51	1.6692	0.96127	1.4317	833.21	-0.02243	9.0285e-05	0.10929	supercritical
525.0	1421.5	847.81	0.0011795	446.95	614.61	1.6687	0.9614	1.4316	834.22	-0.022509	9.0423e-05	0.10942	supercritical
525.0	1424.8	848.51	0.0011785	446.81	614.72	1.6681	0.96153	1.4315	835.23	-0.022587	9.0561e-05	0.10956	supercritical
525.0	1428.0	849.2	0.0011776	446.66	614.82	1.6676	0.96166	1.4314	836.23	-0.022665	9.0699e-05	0.10969	supercritical
525.0	1431.2	849.89	0.0011766	446.52	614.93	1.6671	0.96179	1.4313	837.24	-0.022742	9.0837e-05	0.10982	supercritical
525.0	1434.5	850.58	0.0011757	446.38	615.03	1.6666	0.96192	1.4312	838.24	-0.022819	9.0975e-05	0.10995	supercritical
525.0	1437.8	851.27	0.0011747	446.25	615.14	1.666	0.96206	1.431	839.25	-0.022895	9.1112e-05	0.11008	supercritical
525.0	1441.0	851.95	0.0011738	446.11	615.25	1.6655	0.96219	1.4309	840.25	-0.02297	9.125e-05	0.11021	supercritical
525.0	1444.2	852.64	0.0011728	445.97	615.35	1.665	0.96232	1.4308	841.25	-0.023046	9.1388e-05	0.11034	supercritical
525.0	1447.5	853.32	0.0011719	445.83	615.46	1.6645	0.96245	1.4307	842.25	-0.023121	9.1525e-05	0.11047	supercritical
525.0	1450.8	854.0	0.001171	445.69	615.57	1.664	0.96258	1.4306	843.24	-0.023195	9.1662e-05	0.1106	supercritical
525.0	1454.0	854.68	0.00117	445.55	615.68	1.6634	0.96272	1.4305	844.24	-0.023269	9.18e-05	0.11073	supercritical
525.0	1457.2	855.35	0.0011691	445.42	615.79	1.6629	0.96285	1.4304	845.23	-0.023342	9.1937e-05	0.11086	supercritical
525.0	1460.5	856.03	0.0011682	445.28	615.89	1.6624	0.96298	1.4303	846.22	-0.023416	9.2074e-05	0.11099	supercritical
525.0	1463.8	856.7	0.0011673	445.14	616.0	1.6619	0.96311	1.4301	847.21	-0.023488	9.2211e-05	0.11112	supercritical
525.0	1467.0	857.37	0.0011664	445.01	616.11	1.6614	0.96324	1.43	848.2	-0.02356	9.2348e-05	0.11125	supercritical
525.0	1470.2	858.04	0.0011654	444.87	616.22	1.6609	0.96337	1.4299	849.19	-0.023632	9.2484e-05	0.11138	supercritical
525.0	1473.5	858.71	0.0011645	444.74	616.33	1.6603	0.96351	1.4298	850.18	-0.023704	9.2621e-05	0.11151	supercritical
525.0	1476.8	859.38	0.0011636	444.6	616.44	1.6598	0.96364	1.4297	851.16	-0.023775	9.2757e-05	0.11164	supercritical
525.0	1480.0	860.04	0.0011627	444.47	616.55	1.6593	0.96377	1.4296	852.14	-0.023845	9.2894e-05	0.11177	supercritical
525.0	1483.2	860.7	0.0011618	444.33	616.66	1.6588	0.9639	1.4295	853.13	-0.023915	9.303e-05	0.1119	supercritical
525.0	1486.5	861.37	0.0011609	444.2	616.78	1.6583	0.96403	1.4294	854.11	-0.023985	9.3167e-05	0.11203	supercritical
525.0	1489.8	862.03	0.0011601	444.07	616.89	1.6578	0.96416	1.4293	855.08	-0.024054	9.3303e-05	0.11216	supercritical
525.0	1493.0	862.68	0.0011592	443.93	617.0	1.6573	0.9643	1.4292	856.06	-0.024123	9.3439e-05	0.11229	supercritical
525.0	1496.2	863.34	0.0011583	443.8	617.11	1.6568	0.96443	1.4291	857.04	-0.024192	9.3575e-05	0.11242	supercritical
525.0	1499.5	864.0	0.0011574	443.67	617.22	1.6563	0.96456	1.429	858.01	-0.02426	9.3711e-05	0.11255	supercritical
525.0	1502.8	864.65	0.0011565	443.54	617.34	1.6558	0.96469	1.4289	858.98	-0.024327	9.3847e-05	0.11268	supercritical
525.0	1506.0	865.3	0.0011557	443.41	617.45	1.6553	0.96482	1.4288	859.95	-0.024395	9.3982e-05	0.11281	supercritical
525.0	1509.2	865.95	0.0011548	443.28	617.56	1.6548	0.96495	1.4287	860.92	-0.024462	9.4118e-05	0.11294	supercritical
525.0	1512.5	866.6	0.0011539	443.14	617.68	1.6543	0.96508	1.4286	861.89	-0.024528	9.4254e-05	0.11307	supercritical
525.0	1515.8	867.25	0.0011531	443.01	617.79	1.6538	0.96522	1.4285	862.86	-0.024594	9.4389e-05	0.1132	supercritical
525.0	1519.0	867.89	0.0011522	442.88	617.91	1.6533	0.96535	1.4284	863.82	-0.02466	9.4524e-05	0.11333	supercritical
525.0	1522.2	868.53	0.0011514	442.75	618.02	1.6528	0.96548	1.4283	864.79	-0.024725	9.466e-05	0.11346	supercritical
525.0	1525.5	869.18	0.0011505	442.62	618.13	1.6523	0.96561	1.4282	865.75	-0.02479	9.4795e-05	0.11358	supercritical
525.0	1528.8	869.82	0.0011497	442.49	618.25	1.6518	0.96574	1.4281	866.71	-0.024855	9.493e-05	0.11371	supercritical
525.0	1532.0	870.46	0.0011488	442.37	618.37	1.6513	0.96587	1.428	867.67	-0.024919	9.5065e-05	0.11384	supercritical
525.0	1535.2	871.09	0.001148	442.24	618.48	1.6508	0.966	1.4279	868.63	-0.024983	9.52e-05	0.11397	supercritical
525.0	1538.5	871.73	0.0011471	442.11	618.6	1.6504	0.96614	1.4278	869.58	-0.025047	9.5335e-05	0.1141	supercritical
525.0	1541.8	872.36	0.0011463	441.98	618.71	1.6499	0.96627	1.4277	870.54	-0.02511	9.547e-05	0.11423	supercritical
525.0	1545.0	873.0	0.0011455	441.85	618.83	1.6494	0.9664	1.4276	871.49	-0.025173	9.5604e-05	0.11436	supercritical
525.0	1548.2	873.63	0.0011447	441.73	618.95	1.6489	0.96653	1.4275	872.44	-0.025235	9.5739e-05	0.11449	supercritical
525.0	1551.5	874.26	0.0011438	441.6	619.06	1.6484	0.96666	1.4274	873.39	-0.025298	9.5873e-05	0.11461	supercritical
525.0	1554.8	874.89	0.001143	441.47	619.18	1.6479	0.96679	1.4273	874.34	-0.025359	9.6008e-05	0.11474	supercritical
525.0	1558.0	875.51	0.0011422	441.35	619.3	1.6474	0.96692	1.4272	875.29	-0.025421	9.6142e-05	0.11487	supercritical
525.0	1561.2	876.14	0.0011414	441.22	619.42	1.647	0.96705	1.4271	876.24	-0.025482	9.6277e-05	0.115	supercritical
525.0	1564.5	876.76	0.0011406	441.1	619.54	1.6465	0.96718	1.4271	877.18	-0.025543	9.6411e-05	0.11513	supercritical
525.0	1567.8	877.39	0.0011398	440.97	619.66	1.646	0.96732	1.427	878.13	-0.025603	9.6545e-05	0.11526	supercritical
525.0	1571.0	878.01	0.0011389	440.85	619.77	1.6455	0.96745	1.4269	879.07	-0.025663	9.6679e-05	0.11538	supercritical
525.0	1574.2	878.63	0.0011381	440.72	619.89	1.645	0.96758	1.4268	880.01	-0.025723	9.6813e-05	0.11551	supercritical
525.0	1577.5	879.24	0.0011373	440.6	620.01	1.6446	0.96771	1.4267	880.95	-0.025782	9.6947e-05	0.11564	supercritical
525.0	1580.8	879.86	0.0011365	440.47	620.13	1.6441	0.96784	1.4266	881.89	-0.025841	9.7081e-05	0.11577	supercritical
525.0	1584.0	880.48	0.0011357	440.35	620.25	1.6436	0.96797	1.4265	882.83	-0.0259	9.7214e-05	0.1159	supercritical
525.0	1587.2	881.09	0.001135	440.23	620.37	1.6431	0.9681	1.4264	883.76	-0.025959	9.7348e-05	0.11602	supercritical
525.0	1590.5	881.7	0.0011342	440.1	620.49	1.6427	0.96823	1.4263	884.7	-0.026017	9.7481e-05	0.11615	supercritical
525.0	1593.8	882.31	0.0011334	439.98	620.61	1.6422	0.96836	1.4263	885.63	-0.026075	9.7615e-05	0.11628	supercritical
525.0	1597.0	882.92	0.0011326	439.86	620.73	1.6417	0.96849	1.4262	886.56	-0.026132	9.7748e-05	0.11641	supercritical
525.0	1600.2	883.53	0.0011318	439.74	620.86	1.6413	0.96862	1.4261	887.49	-0.026189	9.7882e-05	0.11654	supercritical
525.0	1603.5	884.14	0.001131	439.61	620.98	1.6408	0.96876	1.426	888.42	-0.026246	9.8015e-05	0.11666	supercritical
525.0	1606.8	884.74	0.0011303	439.49	621.1	1.6403	0.96889	1.4259	889.35	-0.026303	9.8148e-05	0.11679	supercritical
525.0	1610.0	885.35	0.0011295	439.37	621.22	1.6398	0.96902	1.4258	890.27	-0.026359	9.8281e-05	0.11692	supercritical
525.0	1613.2	885.95	0.0011287	439.25	621.34	1.6394	0.96915	1.4257	891.2	-0.026415	9.8414e-05	0.11705	supercritical
525.0	1616.5	886.55	0.001128	439.13	621.47	1.6389	0.96928	1.4257	892.12	-0.026471	9.8547e-05	0.11717	supercritical
525.0	1619.8	887.15	0.0011272	439.01	621.59	1.6385	0.96941	1.4256	893.04	-0.026526	9.868e-05	0.1173	supercritical
525.0	1623.0	887.75	0.0011264	438.89	621.71	1.638	0.96954	1.4255	893.96	-0.026581	9.8813e-05	0.11743	supercritical
525.0	1626.2	888.35	0.0011257	438.77	621.83	1.6375	0.96967	1.4254	894.88	-0.026636	9.8946e-05	0.11756	supercritical
525.0	1629.5	888.94	0.0011249	438.65	621.96	1.6371	0.9698	1.4253	895.8	-0.02669	9.9078e-05	0.11768	supercritical
525.0	1632.8	889.54	0.0011242	438.53	622.08	1.6366	0.96993	1.4253	896.72	-0.026744	9.9211e-05	0.11781	supercritical
525.0	1636.0	890.13	0.0011234	438.41	622.21	1.6361	0.97006	1.4252	897.63	-0.026798	9.9343e-05	0.11794	supercritical
525.0	1639.2	890.72	0.0011227	438.29	622.33	1.6357	0.97019	1.4251	898.55	-0.026852	9.9476e-05	0.11807	supercritical
525.0	1642.5	891.31	0.0011219	438.18	622.45	1.6352	0.97032	1.425	899.46	-0.026905	9.9608e-05	0.11819	supercritical
525.0	1645.8	891.9	0.0011212	438.06	622.58	1.6348	0.97045	1.4249	900.37	-0.026958	9.974e-05	0.11832	supercritical
525.0	1649.0	892.49	0.0011205	437.94	622.7	1.6343	0.97058	1.4249	901.28	-0.027011	9.9873e-05	0.11845	supercritical
525.0	1652.2	893.08	0.0011197	437.82	622.83	1.6339	0.97071	1.4248	902.19	-0.027063	0.0001	0.11857	supercritical
525.0	1655.5	893.66	0.001119	437.71	622.96	1.6334	0.97085	1.4247	903.1	-0.027116	0.00010014	0.1187	supercritical
525.0	1658.8	894.25	0.0011183	437.59	623.08	1.633	0.97098	1.4246	904.01	-0.027167	0.00010027	0.11883	supercritical
525.0	1662.0	894.83	0.0011175	437.47	623.21	1.6325	0.97111	1.4245	904.91	-0.027219	0.0001004	0.11895	supercritical
525.0	1665.2	895.41	0.0011168	437.36	623.33	1.6321	0.97124	1.4245	905.82	-0.02727	0.00010053	0.11908	supercritical
525.0	1668.5	895.99	0.0011161	437.24	623.46	1.6316	0.97137	1.4244	906.72	-0.027322	0.00010066	0.11921	supercritical
525.0	1671.8	896.57	0.0011154	437.13	623.59	1.6312	0.9715	1.4243	907.62	-0.027372	0.0001008	0.11934	supercritical
525.0	1675.0	897.15	0.0011146	437.01	623.71	1.6307	0.97163	1.4242	908.52	-0.027423	0.00010093	0.11946	supercritical
525.0	1678.2	897.72	0.0011139	436.89	623.84	1.6303	0.97176	1.4242	909.42	-0.027473	0.00010106	0.11959	supercritical
525.0	1681.5	898.3	0.0011132	436.78	623.97	1.6298	0.97189	1.4241	910.32	-0.027523	0.00010119	0.11972	supercritical
525.0	1684.8	898.87	0.0011125	436.67	624.09	1.6294	0.97202	1.424	911.21	-0.027573	0.00010132	0.11984	supercritical
525.0	1688.0	899.45	0.0011118	436.55	624.22	1.6289	0.97215	1.4239	912.11	-0.027623	0.00010145	0.11997	supercritical
525.0	1691.2	900.02	0.0011111	436.44	624.35	1.6285	0.97228	1.4239	913.0	-0.027672	0.00010159	0.1201	supercritical
525.0	1694.5	900.59	0.0011104	436.32	624.48	1.628	0.97241	1.4238	913.9	-0.027721	0.00010172	0.12022	supercritical
525.0	1697.8	901.16	0.0011097	436.21	624.61	1.6276	0.97254	1.4237	914.79	-0.02777	0.00010185	0.12035	supercritical
525.0	1701.0	901.73	0.001109	436.1	624.74	1.6271	0.97267	1.4236	915.68	-0.027818	0.00010198	0.12047	supercritical
525.0	1704.2	902.29	0.0011083	435.98	624.86	1.6267	0.9728	1.4236	916.57	-0.027866	0.00010211	0.1206	supercritical
525.0	1707.5	902.86	0.0011076	435.87	624.99	1.6263	0.97293	1.4235	917.45	-0.027914	0.00010224	0.12073	supercritical
525.0	1710.8	903.42	0.0011069	435.76	625.12	1.6258	0.97306	1.4234	918.34	-0.027962	0.00010237	0.12085	supercritical
525.0	1714.0	903.99	0.0011062	435.65	625.25	1.6254	0.97319	1.4234	919.23	-0.02801	0.0001025	0.12098	supercritical
525.0	1717.2	904.55	0.0011055	435.54	625.38	1.6249	0.97332	1.4233	920.11	-0.028057	0.00010263	0.12111	supercritical
525.0	1720.5	905.11	0.0011048	435.42	625.51	1.6245	0.97345	1.4232	920.99	-0.028104	0.00010276	0.12123	supercritical
525.0	1723.8	905.67	0.0011042	435.31	625.64	1.6241	0.97358	1.4232	921.88	-0.028151	0.00010289	0.12136	supercritical
525.0	1727.0	906.23	0.0011035	435.2	625.77	1.6236	0.97371	1.4231	922.76	-0.028197	0.00010303	0.12148	supercritical
525.0	1730.2	906.78	0.0011028	435.09	625.9	1.6232	0.97384	1.423	923.64	-0.028244	0.00010316	0.12161	supercritical
525.0	1733.5	907.34	0.0011021	434.98	626.03	1.6228	0.97397	1.4229	924.51	-0.02829	0.00010329	0.12174	supercritical
525.0	1736.8	907.89	0.0011014	434.87	626.16	1.6223	0.9741	1.4229	925.39	-0.028336	0.00010342	0.12186	supercritical
525.0	1740.0	908.45	0.0011008	434.76	626.3	1.6219	0.97423	1.4228	926.27	-0.028381	0.00010355	0.12199	supercritical
525.0	1743.2	909.0	0.0011001	434.65	626.43	1.6215	0.97436	1.4227	927.14	-0.028427	0.00010368	0.12211	supercritical
525.0	1746.5	909.55	0.0010994	434.54	626.56	1.621	0.97449	1.4227	928.01	-0.028472	0.00010381	0.12224	supercritical
525.0	1749.8	910.1	0.0010988	434.43	626.69	1.6206	0.97462	1.4226	928.89	-0.028517	0.00010394	0.12237	supercritical
525.0	1753.0	910.65	0.0010981	434.32	626.82	1.6202	0.97474	1.4225	929.76	-0.028561	0.00010407	0.12249	supercritical
525.0	1756.2	911.2	0.0010975	434.21	626.95	1.6198	0.97487	1.4225	930.63	-0.028606	0.0001042	0.12262	supercritical
525.0	1759.5	911.75	0.0010968	434.11	627.09	1.6193	0.975	1.4224	931.5	-0.02865	0.00010433	0.12274	supercritical
525.0	1762.8	912.29	0.0010961	434.0	627.22	1.6189	0.97513	1.4224	932.36	-0.028694	0.00010446	0.12287	supercritical
525.0	1766.0	912.84	0.0010955	433.89	627.35	1.6185	0.97526	1.4223	933.23	-0.028738	0.00010459	0.12299	supercritical
525.0	1769.2	913.38	0.0010948	433.78	627.48	1.6181	0.97539	1.4222	934.1	-0.028782	0.00010472	0.12312	supercritical
525.0	1772.5	913.92	0.0010942	433.67	627.62	1.6176	0.97552	1.4222	934.96	-0.028825	0.00010485	0.12325	supercritical
525.0	1775.8	914.47	0.0010935	433.57	627.75	1.6172	0.97565	1.4221	935.82	-0.028868	0.00010498	0.12337	supercritical
525.0	1779.0	915.01	0.0010929	433.46	627.88	1.6168	0.97578	1.422	936.69	-0.028911	0.00010511	0.1235	supercritical
525.0	1782.2	915.55	0.0010922	433.35	628.02	1.6164	0.97591	1.422	937.55	-0.028954	0.00010524	0.12362	supercritical
525.0	1785.5	916.08	0.0010916	433.25	628.15	1.6159	0.97604	1.4219	938.41	-0.028997	0.00010537	0.12375	supercritical
525.0	1788.8	916.62	0.001091	433.14	628.29	1.6155	0.97617	1.4218	939.26	-0.029039	0.0001055	0.12387	supercritical
525.0	1792.0	917.16	0.0010903	433.03	628.42	1.6151	0.9763	1.4218	940.12	-0.029081	0.00010562	0.124	supercritical
525.0	1795.2	917.69	0.0010897	432.93	628.55	1.6147	0.97643	1.4217	940.98	-0.029123	0.00010575	0.12412	supercritical
525.0	1798.5	918.23	0.0010891	432.82	628.69	1.6143	0.97656	1.4217	941.83	-0.029165	0.00010588	0.12425	supercritical
525.0	1801.8	918.76	0.0010884	432.72	628.82	1.6139	0.97669	1.4216	942.69	-0.029206	0.00010601	0.12437	supercritical
525.0	1805.0	919.29	0.0010878	432.61	628.96	1.6134	0.97681	1.4215	943.54	-0.029247	0.00010614	0.1245	supercritical
525.0	1808.2	919.82	0.0010872	432.51	629.09	1.613	0.97694	1.4215	944.39	-0.029289	0.00010627	0.12462	supercritical
525.0	1811.5	920.35	0.0010865	432.4	629.23	1.6126	0.97707	1.4214	945.24	-0.029329	0.0001064	0.12475	supercritical
525.0	1814.8	920.88	0.0010859	432.3	629.37	1.6122	0.9772	1.4214	946.09	-0.02937	0.00010653	0.12487	supercritical
525.0	1818.0	921.41	0.0010853	432.19	629.5	1.6118	0.97733	1.4213	946.94	-0.029411	0.00010666	0.125	supercritical
525.0	1821.2	921.93	0.0010847	432.09	629.64	1.6114	0.97746	1.4212	947.79	-0.029451	0.00010679	0.12513	supercritical
525.0	1824.5	922.46	0.0010841	431.99	629.77	1.611	0.97759	1.4212	948.63	-0.029491	0.00010692	0.12525	supercritical
525.0	1827.8	922.98	0.0010834	431.88	629.91	1.6105	0.97772	1.4211	949.48	-0.029531	0.00010704	0.12538	supercritical
525.0	1831.0	923.51	0.0010828	431.78	630.05	1.6101	0.97785	1.4211	950.32	-0.029571	0.00010717	0.1255	supercritical
525.0	1834.2	924.03	0.0010822	431.68	630.18	1.6097	0.97798	1.421	951.17	-0.02961	0.0001073	0.12563	supercritical
525.0	1837.5	924.55	0.0010816	431.57	630.32	1.6093	0.9781	1.421	952.01	-0.02965	0.00010743	0.12575	supercritical
525.0	1840.8	925.07	0.001081	431.47	630.46	1.6089	0.97823	1.4209	952.85	-0.029689	0.00010756	0.12587	supercritical
525.0	1844.0	925.59	0.0010804	431.37	630.59	1.6085	0.97836	1.4208	953.69	-0.029728	0.00010769	0.126	supercritical
525.0	1847.2	926.11	0.0010798	431.27	630.73	1.6081	0.97849	1.4208	954.53	-0.029767	0.00010782	0.12612	supercritical
525.0	1850.5	926.63	0.0010792	431.17	630.87	1.6077	0.97862	1.4207	955.37	-0.029805	0.00010794	0.12625	supercritical
525.0	1853.8	927.14	0.0010786	431.06	631.01	1.6073	0.97875	1.4207	956.2	-0.029844	0.00010807	0.12637	supercritical
525.0	1857.0	927.66	0.001078	430.96	631.14	1.6069	0.97888	1.4206	957.04	-0.029882	0.0001082	0.1265	supercritical
525.0	1860.2	928.17	0.0010774	430.86	631.28	1.6065	0.97901	1.4206	957.87	-0.02992	0.00010833	0.12662	supercritical
525.0	1863.5	928.69	0.0010768	430.76	631.42	1.6061	0.97913	1.4205	958.71	-0.029958	0.00010846	0.12675	supercritical
525.0	1866.8	929.2	0.0010762	430.66	631.56	1.6057	0.97926	1.4205	959.54	-0.029996	0.00010859	0.12687	supercritical
525.0	1870.0	929.71	0.0010756	430.56	631.7	1.6053	0.97939	1.4204	960.37	-0.030033	0.00010871	0.127	supercritical
525.0	1873.2	930.22	0.001075	430.46	631.84	1.6049	0.97952	1.4204	961.2	-0.030071	0.00010884	0.12712	supercritical
525.0	1876.5	930.73	0.0010744	430.36	631.98	1.6045	0.97965	1.4203	962.03	-0.030108	0.00010897	0.12725	supercritical
525.0	1879.8	931.24	0.0010738	430.26	632.11	1.6041	0.97978	1.4203	962.86	-0.030145	0.0001091	0.12737	supercritical
525.0	1883.0	931.75	0.0010733	430.16	632.25	1.6037	0.97991	1.4202	963.68	-0.030182	0.00010923	0.1275	supercritical
525.0	1886.2	932.25	0.0010727	430.06	632.39	1.6033	0.98003	1.4201	964.51	-0.030218	0.00010935	0.12762	supercritical
525.0	1889.5	932.76	0.0010721	429.96	632.53	1.6029	0.98016	1.4201	965.33	-0.030255	0.00010948	0.12774	supercritical
525.0	1892.8	933.26	0.0010715	429.86	632.67	1.6025	0.98029	1.42	966.16	-0.030291	0.00010961	0.12787	supercritical
525.0	1896.0	933.77	0.0010709	429.76	632.81	1.6021	0.98042	1.42	966.98	-0.030327	0.00010974	0.12799	supercritical
525.0	1899.2	934.27	0.0010704	429.67	632.95	1.6017	0.98055	1.4199	967.8	-0.030363	0.00010987	0.12812	supercritical
525.0	1902.5	934.77	0.0010698	429.57	633.09	1.6013	0.98068	1.4199	968.62	-0.030399	0.00010999	0.12824	supercritical
525.0	1905.8	935.27	0.0010692	429.47	633.23	1.6009	0.9808	1.4198	969.44	-0.030435	0.00011012	0.12837	supercritical
525.0	1909.0	935.77	0.0010686	429.37	633.37	1.6005	0.98093	1.4198	970.26	-0.03047	0.00011025	0.12849	supercritical
525.0	1912.2	936.27	0.0010681	429.27	633.51	1.6001	0.98106	1.4197	971.08	-0.030505	0.00011038	0.12862	supercritical
525.0	1915.5	936.77	0.0010675	429.18	633.65	1.5997	0.98119	1.4197	971.9	-0.030541	0.0001105	0.12874	supercritical
525.0	1918.8	937.27	0.0010669	429.08	633.8	1.5993	0.98132	1.4196	972.71	-0.030576	0.00011063	0.12886	supercritical
525.0	1922.0	937.77	0.0010664	428.98	633.94	1.5989	0.98144	1.4196	973.53	-0.03061	0.00011076	0.12899	supercritical
525.0	1925.2	938.26	0.0010658	428.88	634.08	1.5985	0.98157	1.4195	974.34	-0.030645	0.00011088	0.12911	supercritical
525.0	1928.5	938.76	0.0010652	428.79	634.22	1.5981	0.9817	1.4195	975.15	-0.03068	0.00011101	0.12924	supercritical
525.0	1931.8	939.25	0.0010647	428.69	634.36	1.5977	0.98183	1.4194	975.97	-0.030714	0.00011114	0.12936	supercritical
525.0	1935.0	939.74	0.0010641	428.6	634.5	1.5974	0.98196	1.4194	976.78	-0.030748	0.00011127	0.12948	supercritical
525.0	1938.2	940.23	0.0010636	428.5	634.64	1.597	0.98208	1.4193	977.59	-0.030782	0.00011139	0.12961	supercritical
525.0	1941.5	940.73	0.001063	428.4	634.79	1.5966	0.98221	1.4193	978.39	-0.030816	0.00011152	0.12973	supercritical
525.0	1944.8	941.22	0.0010625	428.31	634.93	1.5962	0.98234	1.4193	979.2	-0.03085	0.00011165	0.12986	supercritical
525.0	1948.0	941.7	0.0010619	428.21	635.07	1.5958	0.98247	1.4192	980.01	-0.030883	0.00011177	0.12998	supercritical
525.0	1951.2	942.19	0.0010614	428.12	635.21	1.5954	0.98259	1.4192	980.82	-0.030917	0.0001119	0.1301	supercritical
525.0	1954.5	942.68	0.0010608	428.02	635.36	1.595	0.98272	1.4191	981.62	-0.03095	0.00011203	0.13023	supercritical
525.0	1957.8	943.17	0.0010603	427.93	635.5	1.5947	0.98285	1.4191	982.42	-0.030983	0.00011216	0.13035	supercritical
525.0	1961.0	943.65	0.0010597	427.83	635.64	1.5943	0.98298	1.419	983.23	-0.031016	0.00011228	0.13048	supercritical
525.0	1964.2	944.14	0.0010592	427.74	635.79	1.5939	0.98311	1.419	984.03	-0.031049	0.00011241	0.1306	supercritical
525.0	1967.5	944.62	0.0010586	427.64	635.93	1.5935	0.98323	1.4189	984.83	-0.031082	0.00011254	0.13072	supercritical
525.0	1970.8	945.11	0.0010581	427.55	636.07	1.5931	0.98336	1.4189	985.63	-0.031114	0.00011266	0.13085	supercritical
525.0	1974.0	945.59	0.0010575	427.46	636.22	1.5927	0.98349	1.4188	986.43	-0.031147	0.00011279	0.13097	supercritical
525.0	1977.2	946.07	0.001057	427.36	636.36	1.5924	0.98362	1.4188	987.23	-0.031179	0.00011292	0.1311	supercritical
525.0	1980.5	946.55	0.0010565	427.27	636.5	1.592	0.98374	1.4188	988.02	-0.031211	0.00011304	0.13122	supercritical
525.0	1983.8	947.03	0.0010559	427.18	636.65	1.5916	0.98387	1.4187	988.82	-0.031243	0.00011317	0.13134	supercritical
525.0	1987.0	947.51	0.0010554	427.08	636.79	1.5912	0.984	1.4187	989.61	-0.031275	0.0001133	0.13147	supercritical
525.0	1990.2	947.99	0.0010549	426.99	636.94	1.5908	0.98413	1.4186	990.41	-0.031306	0.00011342	0.13159	supercritical
525.0	1993.5	948.46	0.0010543	426.9	637.08	1.5905	0.98425	1.4186	991.2	-0.031338	0.00011355	0.13171	supercritical
525.0	1996.8	948.94	0.0010538	426.81	637.22	1.5901	0.98438	1.4185	991.99	-0.031369	0.00011367	0.13184	supercritical
525.0	2000.0	949.42	0.0010533	426.71	637.37	1.5897	0.98451	1.4185	992.79	-0.031401	0.0001138	0.13196	supercritical
