Temperature (K)	Pressure (bar)	Density (kg/m3)	Volume (m3/kg)	Internal Energy (kJ/kg)	Enthalpy (kJ/kg)	Entropy (J/g*K)	Cv (J/g*K)	Cp (J/g*K)	Sound Spd. (m/s)	Joule-Thomson (K/bar)	Viscosity (Pa*s)	Therm. Cond. (W/m*K)	Phase
745.0	56.5	40.016	0.02499	813.07	954.27	2.88	0.96175	1.1712	415.59	0.10417	3.364e-05	0.053835	vapor
745.0	59.75	42.306	0.023637	812.64	953.87	2.8689	0.96199	1.1726	415.93	0.10354	3.3674e-05	0.053917	vapor
745.0	63.0	44.595	0.022424	812.21	953.48	2.8583	0.96223	1.174	416.28	0.10292	3.3709e-05	0.053998	vapor
745.0	66.25	46.883	0.02133	811.78	953.09	2.8482	0.96247	1.1754	416.62	0.10229	3.3743e-05	0.054079	vapor
745.0	69.5	49.168	0.020338	811.35	952.7	2.8386	0.96271	1.1768	416.98	0.10168	3.3779e-05	0.054159	vapor
745.0	72.75	51.452	0.019435	810.92	952.31	2.8294	0.96295	1.1782	417.33	0.10106	3.3814e-05	0.054238	vapor
745.0	76.0	53.735	0.01861	810.49	951.92	2.8206	0.96318	1.1795	417.7	0.10044	3.385e-05	0.054318	vapor
745.0	76.0	53.735	0.01861	810.49	951.92	2.8206	0.96318	1.1795	417.7	0.10044	3.385e-05	0.054318	supercritical
745.0	76.0	53.735	0.01861	810.49	951.92	2.8206	0.96318	1.1795	417.7	0.10044	3.385e-05	0.054318	supercritical
745.0	79.25	56.015	0.017852	810.06	951.54	2.8122	0.96342	1.1809	418.06	0.099827	3.3886e-05	0.054396	supercritical
745.0	82.5	58.293	0.017155	809.63	951.16	2.804	0.96366	1.1823	418.43	0.099215	3.3922e-05	0.054475	supercritical
745.0	85.75	60.57	0.01651	809.21	950.78	2.7962	0.96389	1.1837	418.81	0.098604	3.3959e-05	0.054553	supercritical
745.0	89.0	62.844	0.015912	808.78	950.4	2.7886	0.96413	1.1851	419.19	0.097995	3.3996e-05	0.05463	supercritical
745.0	92.25	65.116	0.015357	808.35	950.02	2.7812	0.96436	1.1864	419.57	0.097387	3.4033e-05	0.054708	supercritical
745.0	95.5	67.386	0.01484	807.93	949.65	2.7742	0.9646	1.1878	419.96	0.09678	3.4071e-05	0.054785	supercritical
745.0	98.75	69.654	0.014357	807.5	949.28	2.7673	0.96483	1.1891	420.36	0.096175	3.4108e-05	0.054862	supercritical
745.0	102.0	71.92	0.013904	807.08	948.91	2.7606	0.96506	1.1905	420.76	0.095571	3.4147e-05	0.054938	supercritical
745.0	105.25	74.184	0.01348	806.66	948.54	2.7542	0.96529	1.1919	421.16	0.094969	3.4185e-05	0.055015	supercritical
745.0	108.5	76.445	0.013081	806.24	948.17	2.7479	0.96552	1.1932	421.57	0.094367	3.4224e-05	0.055091	supercritical
745.0	111.75	78.704	0.012706	805.82	947.8	2.7418	0.96575	1.1946	421.98	0.093767	3.4263e-05	0.055167	supercritical
745.0	115.0	80.96	0.012352	805.4	947.44	2.7358	0.96598	1.1959	422.4	0.093167	3.4303e-05	0.055243	supercritical
745.0	118.25	83.214	0.012017	804.98	947.08	2.73	0.96621	1.1972	422.82	0.092569	3.4343e-05	0.05532	supercritical
745.0	121.5	85.465	0.011701	804.56	946.72	2.7244	0.96644	1.1986	423.24	0.091972	3.4383e-05	0.055396	supercritical
745.0	124.75	87.714	0.011401	804.14	946.36	2.7188	0.96667	1.1999	423.67	0.091375	3.4424e-05	0.055472	supercritical
745.0	128.0	89.96	0.011116	803.72	946.01	2.7135	0.96689	1.2012	424.11	0.09078	3.4465e-05	0.055548	supercritical
745.0	131.25	92.204	0.010846	803.31	945.66	2.7082	0.96712	1.2025	424.55	0.090185	3.4506e-05	0.055624	supercritical
745.0	134.5	94.444	0.010588	802.89	945.3	2.703	0.96735	1.2039	424.99	0.089591	3.4548e-05	0.0557	supercritical
745.0	137.75	96.682	0.010343	802.48	944.95	2.698	0.96757	1.2052	425.44	0.088998	3.459e-05	0.055777	supercritical
745.0	141.0	98.917	0.010109	802.06	944.61	2.6931	0.96779	1.2065	425.89	0.088406	3.4632e-05	0.055853	supercritical
745.0	144.25	101.15	0.0098863	801.65	944.26	2.6883	0.96802	1.2078	426.35	0.087814	3.4675e-05	0.05593	supercritical
745.0	147.5	103.38	0.0096731	801.24	943.92	2.6835	0.96824	1.2091	426.81	0.087223	3.4718e-05	0.056007	supercritical
745.0	150.75	105.61	0.0094692	800.83	943.58	2.6789	0.96846	1.2104	427.28	0.086633	3.4761e-05	0.056084	supercritical
745.0	154.0	107.83	0.009274	800.42	943.24	2.6744	0.96868	1.2117	427.75	0.086044	3.4805e-05	0.056161	supercritical
745.0	157.25	110.05	0.0090869	800.01	942.9	2.6699	0.9689	1.2129	428.22	0.085455	3.4849e-05	0.056239	supercritical
745.0	160.5	112.27	0.0089074	799.6	942.56	2.6655	0.96912	1.2142	428.7	0.084867	3.4894e-05	0.056316	supercritical
745.0	163.75	114.48	0.0087352	799.19	942.23	2.6612	0.96934	1.2155	429.19	0.084279	3.4939e-05	0.056394	supercritical
745.0	167.0	116.69	0.0085697	798.78	941.9	2.657	0.96956	1.2168	429.68	0.083692	3.4984e-05	0.056473	supercritical
745.0	170.25	118.9	0.0084106	798.38	941.57	2.6529	0.96978	1.218	430.17	0.083105	3.503e-05	0.056551	supercritical
745.0	173.5	121.1	0.0082575	797.97	941.24	2.6488	0.96999	1.2193	430.67	0.08252	3.5076e-05	0.05663	supercritical
745.0	176.75	123.3	0.0081101	797.57	940.91	2.6448	0.97021	1.2205	431.17	0.081935	3.5123e-05	0.056709	supercritical
745.0	180.0	125.5	0.0079681	797.16	940.59	2.6408	0.97043	1.2218	431.68	0.08135	3.5169e-05	0.056789	supercritical
745.0	183.25	127.69	0.0078312	796.76	940.27	2.637	0.97064	1.223	432.19	0.080766	3.5217e-05	0.056869	supercritical
745.0	186.5	129.89	0.0076991	796.36	939.95	2.6331	0.97085	1.2242	432.71	0.080183	3.5264e-05	0.056949	supercritical
745.0	189.75	132.07	0.0075716	795.96	939.63	2.6294	0.97107	1.2255	433.23	0.0796	3.5312e-05	0.05703	supercritical
745.0	193.0	134.26	0.0074485	795.56	939.31	2.6257	0.97128	1.2267	433.75	0.079018	3.5361e-05	0.057111	supercritical
745.0	196.25	136.44	0.0073295	795.16	939.0	2.622	0.97149	1.2279	434.28	0.078436	3.5409e-05	0.057193	supercritical
745.0	199.5	138.61	0.0072144	794.76	938.69	2.6184	0.9717	1.2291	434.82	0.077855	3.5459e-05	0.057275	supercritical
745.0	202.75	140.78	0.0071031	794.36	938.38	2.6149	0.97191	1.2303	435.36	0.077275	3.5508e-05	0.057357	supercritical
745.0	206.0	142.95	0.0069953	793.96	938.07	2.6114	0.97212	1.2315	435.9	0.076696	3.5558e-05	0.05744	supercritical
745.0	209.25	145.12	0.006891	793.57	937.76	2.608	0.97233	1.2327	436.45	0.076117	3.5608e-05	0.057523	supercritical
745.0	212.5	147.28	0.0067898	793.17	937.46	2.6046	0.97254	1.2339	437.0	0.075539	3.5659e-05	0.057607	supercritical
745.0	215.75	149.44	0.0066918	792.78	937.16	2.6012	0.97274	1.235	437.56	0.074961	3.571e-05	0.057691	supercritical
745.0	219.0	151.59	0.0065968	792.39	936.86	2.5979	0.97295	1.2362	438.12	0.074384	3.5762e-05	0.057776	supercritical
745.0	222.25	153.74	0.0065046	791.99	936.56	2.5947	0.97315	1.2374	438.69	0.073808	3.5814e-05	0.057861	supercritical
745.0	225.5	155.88	0.006415	791.6	936.26	2.5915	0.97336	1.2385	439.26	0.073233	3.5866e-05	0.057947	supercritical
745.0	228.75	158.02	0.0063281	791.21	935.97	2.5883	0.97356	1.2397	439.84	0.072659	3.5919e-05	0.058033	supercritical
745.0	232.0	160.16	0.0062437	790.82	935.68	2.5852	0.97377	1.2408	440.42	0.072085	3.5972e-05	0.058119	supercritical
745.0	235.25	162.29	0.0061616	790.44	935.39	2.5821	0.97397	1.242	441.0	0.071513	3.6025e-05	0.058206	supercritical
745.0	238.5	164.42	0.0060818	790.05	935.1	2.579	0.97417	1.2431	441.59	0.070941	3.6079e-05	0.058294	supercritical
745.0	241.75	166.55	0.0060043	789.66	934.81	2.576	0.97437	1.2442	442.18	0.07037	3.6134e-05	0.058382	supercritical
745.0	245.0	168.67	0.0059288	789.28	934.53	2.573	0.97457	1.2453	442.78	0.0698	3.6188e-05	0.058471	supercritical
745.0	248.25	170.78	0.0058553	788.89	934.25	2.5701	0.97477	1.2464	443.38	0.069231	3.6243e-05	0.05856	supercritical
745.0	251.5	172.9	0.0057838	788.51	933.97	2.5671	0.97497	1.2475	443.99	0.068663	3.6299e-05	0.05865	supercritical
745.0	254.75	175.0	0.0057141	788.12	933.69	2.5643	0.97517	1.2486	444.6	0.068096	3.6355e-05	0.05874	supercritical
745.0	258.0	177.11	0.0056463	787.74	933.42	2.5614	0.97536	1.2497	445.22	0.06753	3.6411e-05	0.058831	supercritical
745.0	261.25	179.21	0.0055802	787.36	933.14	2.5586	0.97556	1.2508	445.84	0.066965	3.6468e-05	0.058922	supercritical
745.0	264.5	181.3	0.0055157	786.98	932.87	2.5558	0.97576	1.2519	446.46	0.066401	3.6525e-05	0.059014	supercritical
745.0	267.75	183.39	0.0054529	786.6	932.6	2.5531	0.97595	1.253	447.09	0.065838	3.6582e-05	0.059106	supercritical
745.0	271.0	185.47	0.0053916	786.22	932.34	2.5503	0.97615	1.254	447.72	0.065277	3.664e-05	0.059199	supercritical
745.0	274.25	187.56	0.0053318	785.85	932.07	2.5476	0.97634	1.2551	448.36	0.064717	3.6698e-05	0.059292	supercritical
745.0	277.5	189.63	0.0052734	785.47	931.81	2.545	0.97653	1.2561	449.0	0.064158	3.6757e-05	0.059386	supercritical
745.0	280.75	191.7	0.0052164	785.1	931.55	2.5423	0.97672	1.2572	449.65	0.0636	3.6816e-05	0.05948	supercritical
745.0	284.0	193.77	0.0051608	784.72	931.29	2.5397	0.97692	1.2582	450.3	0.063044	3.6876e-05	0.059575	supercritical
745.0	287.25	195.83	0.0051064	784.35	931.03	2.5371	0.97711	1.2592	450.95	0.062489	3.6935e-05	0.059671	supercritical
745.0	290.5	197.89	0.0050534	783.98	930.78	2.5346	0.9773	1.2602	451.61	0.061935	3.6996e-05	0.059767	supercritical
745.0	293.75	199.94	0.0050015	783.61	930.52	2.5321	0.97748	1.2613	452.28	0.061383	3.7056e-05	0.059863	supercritical
745.0	297.0	201.99	0.0049508	783.24	930.27	2.5295	0.97767	1.2623	452.94	0.060832	3.7117e-05	0.05996	supercritical
745.0	300.25	204.03	0.0049012	782.87	930.03	2.5271	0.97786	1.2633	453.61	0.060282	3.7179e-05	0.060058	supercritical
745.0	303.5	206.07	0.0048527	782.5	929.78	2.5246	0.97805	1.2642	454.29	0.059735	3.724e-05	0.060156	supercritical
745.0	306.75	208.1	0.0048053	782.13	929.53	2.5222	0.97823	1.2652	454.97	0.059188	3.7303e-05	0.060254	supercritical
745.0	310.0	210.13	0.0047589	781.77	929.29	2.5198	0.97842	1.2662	455.65	0.058644	3.7365e-05	0.060353	supercritical
745.0	313.25	212.15	0.0047136	781.4	929.05	2.5174	0.9786	1.2672	456.34	0.0581	3.7428e-05	0.060453	supercritical
745.0	316.5	214.17	0.0046691	781.04	928.81	2.515	0.97879	1.2681	457.03	0.057559	3.7492e-05	0.060553	supercritical
745.0	319.75	216.19	0.0046257	780.67	928.58	2.5127	0.97897	1.2691	457.73	0.057019	3.7555e-05	0.060653	supercritical
745.0	323.0	218.19	0.0045831	780.31	928.34	2.5103	0.97916	1.27	458.43	0.056481	3.7619e-05	0.060754	supercritical
745.0	326.25	220.2	0.0045414	779.95	928.11	2.508	0.97934	1.271	459.13	0.055945	3.7684e-05	0.060856	supercritical
745.0	329.5	222.2	0.0045005	779.59	927.88	2.5058	0.97952	1.2719	459.84	0.05541	3.7749e-05	0.060958	supercritical
745.0	332.75	224.19	0.0044605	779.23	927.65	2.5035	0.9797	1.2728	460.55	0.054878	3.7814e-05	0.06106	supercritical
745.0	336.0	226.18	0.0044213	778.87	927.43	2.5013	0.97988	1.2738	461.27	0.054347	3.788e-05	0.061163	supercritical
745.0	339.25	228.16	0.0043829	778.51	927.2	2.499	0.98006	1.2747	461.99	0.053818	3.7946e-05	0.061266	supercritical
745.0	342.5	230.14	0.0043452	778.16	926.98	2.4968	0.98024	1.2756	462.71	0.053291	3.8012e-05	0.06137	supercritical
745.0	345.75	232.11	0.0043083	777.8	926.76	2.4946	0.98042	1.2765	463.44	0.052766	3.8079e-05	0.061474	supercritical
745.0	349.0	234.08	0.0042721	777.45	926.54	2.4925	0.98059	1.2774	464.17	0.052243	3.8146e-05	0.061579	supercritical
745.0	352.25	236.04	0.0042366	777.09	926.33	2.4903	0.98077	1.2783	464.91	0.051721	3.8213e-05	0.061684	supercritical
745.0	355.5	238.0	0.0042017	776.74	926.11	2.4882	0.98095	1.2791	465.64	0.051202	3.8281e-05	0.06179	supercritical
745.0	358.75	239.95	0.0041675	776.39	925.9	2.4861	0.98112	1.28	466.39	0.050685	3.8349e-05	0.061896	supercritical
745.0	362.0	241.9	0.004134	776.04	925.69	2.484	0.9813	1.2809	467.13	0.05017	3.8418e-05	0.062002	supercritical
745.0	365.25	243.84	0.0041011	775.69	925.48	2.4819	0.98147	1.2817	467.88	0.049657	3.8487e-05	0.062109	supercritical
745.0	368.5	245.77	0.0040688	775.34	925.28	2.4799	0.98164	1.2826	468.63	0.049146	3.8556e-05	0.062216	supercritical
745.0	371.75	247.71	0.0040371	775.0	925.07	2.4778	0.98182	1.2834	469.39	0.048638	3.8626e-05	0.062324	supercritical
745.0	375.0	249.63	0.0040059	774.65	924.87	2.4758	0.98199	1.2843	470.15	0.048131	3.8696e-05	0.062432	supercritical
745.0	378.25	251.55	0.0039753	774.31	924.67	2.4738	0.98216	1.2851	470.91	0.047627	3.8766e-05	0.06254	supercritical
745.0	381.5	253.47	0.0039453	773.96	924.47	2.4718	0.98233	1.2859	471.68	0.047125	3.8837e-05	0.062649	supercritical
745.0	384.75	255.38	0.0039158	773.62	924.28	2.4698	0.9825	1.2867	472.45	0.046625	3.8908e-05	0.062758	supercritical
745.0	388.0	257.28	0.0038868	773.28	924.08	2.4679	0.98267	1.2875	473.22	0.046128	3.8979e-05	0.062868	supercritical
745.0	391.25	259.18	0.0038583	772.94	923.89	2.4659	0.98284	1.2884	474.0	0.045633	3.9051e-05	0.062977	supercritical
745.0	394.5	261.07	0.0038304	772.59	923.7	2.464	0.98301	1.2892	474.78	0.04514	3.9123e-05	0.063088	supercritical
745.0	397.75	262.96	0.0038029	772.26	923.51	2.4621	0.98318	1.2899	475.56	0.044649	3.9196e-05	0.063198	supercritical
745.0	401.0	264.84	0.0037758	771.92	923.33	2.4602	0.98334	1.2907	476.35	0.044161	3.9268e-05	0.063309	supercritical
745.0	404.25	266.72	0.0037492	771.58	923.14	2.4583	0.98351	1.2915	477.13	0.043676	3.9341e-05	0.06342	supercritical
745.0	407.5	268.59	0.0037231	771.24	922.96	2.4564	0.98368	1.2923	477.93	0.043192	3.9415e-05	0.063532	supercritical
745.0	410.75	270.46	0.0036974	770.91	922.78	2.4545	0.98384	1.293	478.72	0.042711	3.9489e-05	0.063644	supercritical
745.0	414.0	272.32	0.0036722	770.58	922.6	2.4527	0.98401	1.2938	479.52	0.042233	3.9563e-05	0.063756	supercritical
745.0	417.25	274.18	0.0036473	770.24	922.43	2.4509	0.98417	1.2946	480.32	0.041757	3.9637e-05	0.063869	supercritical
745.0	420.5	276.03	0.0036228	769.91	922.25	2.449	0.98433	1.2953	481.12	0.041283	3.9712e-05	0.063982	supercritical
745.0	423.75	277.87	0.0035988	769.58	922.08	2.4472	0.9845	1.296	481.93	0.040812	3.9787e-05	0.064095	supercritical
745.0	427.0	279.71	0.0035751	769.25	921.91	2.4454	0.98466	1.2968	482.74	0.040343	3.9863e-05	0.064208	supercritical
745.0	430.25	281.54	0.0035518	768.92	921.74	2.4437	0.98482	1.2975	483.55	0.039877	3.9938e-05	0.064322	supercritical
745.0	433.5	283.37	0.0035289	768.59	921.57	2.4419	0.98498	1.2982	484.37	0.039413	4.0014e-05	0.064436	supercritical
745.0	436.75	285.2	0.0035064	768.27	921.41	2.4401	0.98514	1.2989	485.18	0.038952	4.0091e-05	0.06455	supercritical
745.0	440.0	287.01	0.0034842	767.94	921.24	2.4384	0.9853	1.2996	486.0	0.038494	4.0167e-05	0.064664	supercritical
745.0	443.25	288.83	0.0034623	767.61	921.08	2.4367	0.98546	1.3004	486.83	0.038038	4.0244e-05	0.064779	supercritical
745.0	446.5	290.63	0.0034408	767.29	920.92	2.4349	0.98562	1.3011	487.65	0.037584	4.0322e-05	0.064894	supercritical
745.0	449.75	292.43	0.0034196	766.97	920.76	2.4332	0.98578	1.3017	488.48	0.037133	4.0399e-05	0.065009	supercritical
745.0	453.0	294.23	0.0033987	766.65	920.61	2.4315	0.98594	1.3024	489.31	0.036685	4.0477e-05	0.065124	supercritical
745.0	456.25	296.02	0.0033782	766.32	920.45	2.4298	0.9861	1.3031	490.14	0.036239	4.0555e-05	0.06524	supercritical
745.0	459.5	297.8	0.0033579	766.0	920.3	2.4282	0.98625	1.3038	490.98	0.035796	4.0634e-05	0.065356	supercritical
745.0	462.75	299.58	0.003338	765.68	920.15	2.4265	0.98641	1.3045	491.82	0.035356	4.0713e-05	0.065472	supercritical
745.0	466.0	301.36	0.0033183	765.37	920.0	2.4249	0.98657	1.3051	492.66	0.034918	4.0792e-05	0.065588	supercritical
745.0	469.25	303.13	0.0032989	765.05	919.85	2.4232	0.98672	1.3058	493.5	0.034482	4.0871e-05	0.065704	supercritical
745.0	472.5	304.89	0.0032799	764.73	919.71	2.4216	0.98688	1.3064	494.34	0.034049	4.0951e-05	0.065821	supercritical
745.0	475.75	306.65	0.0032611	764.42	919.56	2.42	0.98703	1.3071	495.19	0.033619	4.1031e-05	0.065938	supercritical
745.0	479.0	308.4	0.0032425	764.1	919.42	2.4184	0.98718	1.3077	496.04	0.033192	4.1111e-05	0.066055	supercritical
745.0	482.25	310.15	0.0032243	763.79	919.28	2.4168	0.98734	1.3084	496.89	0.032767	4.1192e-05	0.066172	supercritical
745.0	485.5	311.89	0.0032063	763.48	919.14	2.4152	0.98749	1.309	497.74	0.032344	4.1272e-05	0.066289	supercritical
745.0	488.75	313.63	0.0031885	763.17	919.01	2.4136	0.98764	1.3096	498.6	0.031925	4.1354e-05	0.066406	supercritical
745.0	492.0	315.36	0.003171	762.86	918.87	2.412	0.98779	1.3102	499.45	0.031508	4.1435e-05	0.066524	supercritical
745.0	495.25	317.08	0.0031538	762.55	918.74	2.4105	0.98795	1.3109	500.31	0.031093	4.1517e-05	0.066642	supercritical
745.0	498.5	318.8	0.0031367	762.24	918.61	2.4089	0.9881	1.3115	501.17	0.030681	4.1599e-05	0.06676	supercritical
745.0	501.75	320.52	0.00312	761.93	918.48	2.4074	0.98825	1.3121	502.04	0.030272	4.1681e-05	0.066878	supercritical
745.0	505.0	322.23	0.0031034	761.63	918.35	2.4058	0.9884	1.3127	502.9	0.029865	4.1763e-05	0.066996	supercritical
745.0	508.25	323.93	0.0030871	761.32	918.22	2.4043	0.98855	1.3133	503.77	0.029461	4.1846e-05	0.067114	supercritical
745.0	511.5	325.63	0.003071	761.02	918.1	2.4028	0.9887	1.3139	504.64	0.02906	4.1929e-05	0.067232	supercritical
745.0	514.75	327.32	0.0030551	760.71	917.97	2.4013	0.98884	1.3144	505.51	0.028661	4.2012e-05	0.06735	supercritical
745.0	518.0	329.01	0.0030394	760.41	917.85	2.3998	0.98899	1.315	506.38	0.028265	4.2096e-05	0.067469	supercritical
745.0	521.25	330.69	0.003024	760.11	917.73	2.3983	0.98914	1.3156	507.25	0.027871	4.2179e-05	0.067587	supercritical
745.0	524.5	332.37	0.0030087	759.81	917.61	2.3969	0.98929	1.3162	508.13	0.02748	4.2263e-05	0.067706	supercritical
745.0	527.75	334.04	0.0029936	759.51	917.5	2.3954	0.98943	1.3167	509.0	0.027092	4.2348e-05	0.067825	supercritical
745.0	531.0	335.71	0.0029788	759.21	917.38	2.3939	0.98958	1.3173	509.88	0.026706	4.2432e-05	0.067944	supercritical
745.0	534.25	337.37	0.0029641	758.91	917.27	2.3925	0.98973	1.3179	510.76	0.026322	4.2517e-05	0.068063	supercritical
745.0	537.5	339.03	0.0029496	758.61	917.16	2.3911	0.98987	1.3184	511.64	0.025942	4.2602e-05	0.068181	supercritical
745.0	540.75	340.68	0.0029353	758.32	917.05	2.3896	0.99002	1.319	512.52	0.025563	4.2687e-05	0.0683	supercritical
745.0	544.0	342.32	0.0029212	758.02	916.94	2.3882	0.99016	1.3195	513.41	0.025188	4.2773e-05	0.068419	supercritical
745.0	547.25	343.96	0.0029073	757.73	916.83	2.3868	0.9903	1.32	514.29	0.024815	4.2858e-05	0.068539	supercritical
745.0	550.5	345.6	0.0028935	757.44	916.72	2.3854	0.99045	1.3206	515.18	0.024444	4.2944e-05	0.068658	supercritical
745.0	553.75	347.23	0.0028799	757.14	916.62	2.384	0.99059	1.3211	516.07	0.024076	4.303e-05	0.068777	supercritical
745.0	557.0	348.85	0.0028665	756.85	916.52	2.3826	0.99073	1.3216	516.96	0.02371	4.3117e-05	0.068896	supercritical
745.0	560.25	350.47	0.0028533	756.56	916.42	2.3812	0.99088	1.3222	517.85	0.023347	4.3203e-05	0.069015	supercritical
745.0	563.5	352.09	0.0028402	756.27	916.32	2.3798	0.99102	1.3227	518.74	0.022986	4.329e-05	0.069134	supercritical
745.0	566.75	353.7	0.0028273	755.98	916.22	2.3785	0.99116	1.3232	519.63	0.022628	4.3377e-05	0.069254	supercritical
745.0	570.0	355.3	0.0028145	755.69	916.12	2.3771	0.9913	1.3237	520.53	0.022273	4.3465e-05	0.069373	supercritical
745.0	573.25	356.9	0.0028019	755.41	916.03	2.3757	0.99144	1.3242	521.42	0.021919	4.3552e-05	0.069492	supercritical
745.0	576.5	358.49	0.0027894	755.12	915.93	2.3744	0.99158	1.3247	522.32	0.021569	4.364e-05	0.069611	supercritical
745.0	579.75	360.08	0.0027771	754.84	915.84	2.3731	0.99172	1.3252	523.21	0.02122	4.3728e-05	0.069731	supercritical
745.0	583.0	361.67	0.002765	754.55	915.75	2.3717	0.99186	1.3257	524.11	0.020874	4.3816e-05	0.06985	supercritical
745.0	586.25	363.25	0.002753	754.27	915.66	2.3704	0.992	1.3262	525.01	0.020531	4.3904e-05	0.069969	supercritical
745.0	589.5	364.82	0.0027411	753.99	915.57	2.3691	0.99214	1.3267	525.91	0.02019	4.3993e-05	0.070088	supercritical
745.0	592.75	366.39	0.0027293	753.71	915.49	2.3678	0.99228	1.3272	526.81	0.019851	4.4082e-05	0.070207	supercritical
745.0	596.0	367.95	0.0027177	753.42	915.4	2.3665	0.99242	1.3276	527.71	0.019515	4.4171e-05	0.070327	supercritical
745.0	599.25	369.51	0.0027063	753.15	915.32	2.3652	0.99255	1.3281	528.62	0.01918	4.426e-05	0.070446	supercritical
745.0	602.5	371.07	0.0026949	752.87	915.24	2.3639	0.99269	1.3286	529.52	0.018849	4.4349e-05	0.070565	supercritical
745.0	605.75	372.61	0.0026837	752.59	915.16	2.3626	0.99283	1.3291	530.43	0.018519	4.4439e-05	0.070684	supercritical
745.0	609.0	374.16	0.0026727	752.31	915.08	2.3613	0.99296	1.3295	531.33	0.018192	4.4529e-05	0.070803	supercritical
745.0	612.25	375.7	0.0026617	752.03	915.0	2.3601	0.9931	1.33	532.24	0.017868	4.4619e-05	0.070922	supercritical
745.0	615.5	377.23	0.0026509	751.76	914.92	2.3588	0.99324	1.3304	533.14	0.017545	4.4709e-05	0.071041	supercritical
745.0	618.75	378.76	0.0026402	751.48	914.85	2.3576	0.99337	1.3309	534.05	0.017225	4.4799e-05	0.07116	supercritical
745.0	622.0	380.28	0.0026296	751.21	914.77	2.3563	0.99351	1.3313	534.96	0.016907	4.489e-05	0.071278	supercritical
745.0	625.25	381.8	0.0026191	750.94	914.7	2.3551	0.99364	1.3318	535.87	0.016591	4.498e-05	0.071397	supercritical
745.0	628.5	383.32	0.0026088	750.67	914.63	2.3538	0.99378	1.3322	536.78	0.016278	4.5071e-05	0.071516	supercritical
745.0	631.75	384.83	0.0025986	750.4	914.56	2.3526	0.99391	1.3327	537.69	0.015966	4.5163e-05	0.071635	supercritical
745.0	635.0	386.33	0.0025884	750.13	914.49	2.3514	0.99404	1.3331	538.6	0.015657	4.5254e-05	0.071753	supercritical
745.0	638.25	387.83	0.0025784	749.86	914.42	2.3502	0.99418	1.3335	539.51	0.015351	4.5345e-05	0.071872	supercritical
745.0	641.5	389.33	0.0025685	749.59	914.36	2.3489	0.99431	1.334	540.42	0.015046	4.5437e-05	0.07199	supercritical
745.0	644.75	390.82	0.0025587	749.32	914.29	2.3477	0.99444	1.3344	541.34	0.014743	4.5529e-05	0.072108	supercritical
745.0	648.0	392.3	0.002549	749.05	914.23	2.3465	0.99458	1.3348	542.25	0.014443	4.5621e-05	0.072226	supercritical
745.0	651.25	393.79	0.0025395	748.79	914.17	2.3453	0.99471	1.3352	543.16	0.014144	4.5713e-05	0.072345	supercritical
745.0	654.5	395.26	0.00253	748.52	914.11	2.3442	0.99484	1.3357	544.08	0.013848	4.5805e-05	0.072463	supercritical
745.0	657.75	396.73	0.0025206	748.26	914.05	2.343	0.99497	1.3361	544.99	0.013554	4.5898e-05	0.072581	supercritical
745.0	661.0	398.2	0.0025113	747.99	913.99	2.3418	0.9951	1.3365	545.91	0.013262	4.599e-05	0.072699	supercritical
745.0	664.25	399.66	0.0025021	747.73	913.93	2.3406	0.99523	1.3369	546.82	0.012972	4.6083e-05	0.072816	supercritical
745.0	667.5	401.12	0.002493	747.47	913.88	2.3395	0.99536	1.3373	547.74	0.012684	4.6176e-05	0.072934	supercritical
745.0	670.75	402.57	0.002484	747.21	913.82	2.3383	0.99549	1.3377	548.66	0.012398	4.6269e-05	0.073052	supercritical
745.0	674.0	404.02	0.0024751	746.95	913.77	2.3372	0.99562	1.3381	549.57	0.012114	4.6363e-05	0.073169	supercritical
745.0	677.25	405.47	0.0024663	746.69	913.72	2.336	0.99575	1.3385	550.49	0.011832	4.6456e-05	0.073286	supercritical
745.0	680.5	406.91	0.0024576	746.43	913.67	2.3349	0.99588	1.3389	551.41	0.011552	4.655e-05	0.073404	supercritical
745.0	683.75	408.34	0.0024489	746.17	913.62	2.3337	0.99601	1.3393	552.32	0.011274	4.6643e-05	0.073521	supercritical
745.0	687.0	409.77	0.0024404	745.91	913.57	2.3326	0.99614	1.3396	553.24	0.010998	4.6737e-05	0.073638	supercritical
745.0	690.25	411.2	0.0024319	745.66	913.52	2.3315	0.99627	1.34	554.16	0.010724	4.6831e-05	0.073755	supercritical
745.0	693.5	412.62	0.0024236	745.4	913.47	2.3304	0.9964	1.3404	555.08	0.010452	4.6925e-05	0.073872	supercritical
745.0	696.75	414.03	0.0024153	745.15	913.43	2.3292	0.99652	1.3408	556.0	0.010182	4.702e-05	0.073988	supercritical
745.0	700.0	415.45	0.002407	744.89	913.39	2.3281	0.99665	1.3412	556.92	0.0099135	4.7114e-05	0.074105	supercritical
745.0	703.25	416.85	0.0023989	744.64	913.34	2.327	0.99678	1.3415	557.83	0.009647	4.7209e-05	0.074221	supercritical
745.0	706.5	418.26	0.0023909	744.39	913.3	2.3259	0.99691	1.3419	558.75	0.0093823	4.7304e-05	0.074337	supercritical
745.0	709.75	419.66	0.0023829	744.14	913.26	2.3248	0.99703	1.3423	559.67	0.0091195	4.7399e-05	0.074454	supercritical
745.0	713.0	421.05	0.002375	743.88	913.22	2.3237	0.99716	1.3426	560.59	0.0088585	4.7494e-05	0.07457	supercritical
745.0	716.25	422.44	0.0023672	743.63	913.18	2.3226	0.99729	1.343	561.51	0.0085993	4.7589e-05	0.074686	supercritical
745.0	719.5	423.83	0.0023594	743.38	913.15	2.3216	0.99741	1.3433	562.43	0.0083418	4.7684e-05	0.074801	supercritical
745.0	722.75	425.21	0.0023518	743.14	913.11	2.3205	0.99754	1.3437	563.35	0.0080862	4.778e-05	0.074917	supercritical
745.0	726.0	426.59	0.0023442	742.89	913.08	2.3194	0.99766	1.344	564.27	0.0078323	4.7875e-05	0.075032	supercritical
745.0	729.25	427.96	0.0023367	742.64	913.04	2.3184	0.99779	1.3444	565.19	0.0075802	4.7971e-05	0.075148	supercritical
745.0	732.5	429.33	0.0023292	742.39	913.01	2.3173	0.99791	1.3447	566.11	0.0073298	4.8067e-05	0.075263	supercritical
745.0	735.75	430.69	0.0023218	742.15	912.98	2.3162	0.99804	1.3451	567.03	0.0070811	4.8163e-05	0.075378	supercritical
745.0	739.0	432.05	0.0023145	741.9	912.95	2.3152	0.99816	1.3454	567.95	0.0068341	4.8259e-05	0.075493	supercritical
745.0	742.25	433.41	0.0023073	741.66	912.92	2.3141	0.99829	1.3458	568.87	0.0065889	4.8355e-05	0.075608	supercritical
745.0	745.5	434.76	0.0023001	741.42	912.89	2.3131	0.99841	1.3461	569.79	0.0063452	4.8451e-05	0.075722	supercritical
745.0	748.75	436.11	0.002293	741.17	912.86	2.3121	0.99853	1.3464	570.71	0.0061033	4.8548e-05	0.075837	supercritical
745.0	752.0	437.45	0.002286	740.93	912.84	2.311	0.99866	1.3468	571.63	0.005863	4.8644e-05	0.075951	supercritical
745.0	755.25	438.79	0.002279	740.69	912.81	2.31	0.99878	1.3471	572.56	0.0056243	4.8741e-05	0.076065	supercritical
745.0	758.5	440.13	0.0022721	740.45	912.79	2.309	0.9989	1.3474	573.48	0.0053872	4.8838e-05	0.076179	supercritical
745.0	761.75	441.46	0.0022652	740.21	912.76	2.3079	0.99903	1.3477	574.4	0.0051517	4.8935e-05	0.076293	supercritical
745.0	765.0	442.78	0.0022584	739.97	912.74	2.3069	0.99915	1.3481	575.32	0.0049178	4.9032e-05	0.076407	supercritical
745.0	768.25	444.11	0.0022517	739.73	912.72	2.3059	0.99927	1.3484	576.24	0.0046855	4.9129e-05	0.076521	supercritical
745.0	771.5	445.42	0.002245	739.5	912.7	2.3049	0.99939	1.3487	577.16	0.0044547	4.9226e-05	0.076634	supercritical
745.0	774.75	446.74	0.0022384	739.26	912.68	2.3039	0.99951	1.349	578.08	0.0042255	4.9324e-05	0.076747	supercritical
745.0	778.0	448.05	0.0022319	739.02	912.66	2.3029	0.99964	1.3493	579.0	0.0039978	4.9421e-05	0.07686	supercritical
745.0	781.25	449.36	0.0022254	738.79	912.65	2.3019	0.99976	1.3496	579.92	0.0037716	4.9519e-05	0.076973	supercritical
745.0	784.5	450.66	0.002219	738.55	912.63	2.3009	0.99988	1.3499	580.84	0.0035469	4.9616e-05	0.077086	supercritical
745.0	787.75	451.96	0.0022126	738.32	912.62	2.2999	1.0	1.3502	581.76	0.0033238	4.9714e-05	0.077199	supercritical
745.0	791.0	453.25	0.0022063	738.09	912.6	2.299	1.0001	1.3505	582.68	0.003102	4.9812e-05	0.077311	supercritical
745.0	794.25	454.54	0.0022	737.85	912.59	2.298	1.0002	1.3508	583.59	0.0028818	4.991e-05	0.077423	supercritical
745.0	797.5	455.83	0.0021938	737.62	912.58	2.297	1.0004	1.3511	584.51	0.002663	5.0008e-05	0.077536	supercritical
745.0	800.75	457.11	0.0021876	737.39	912.57	2.296	1.0005	1.3514	585.43	0.0024456	5.0106e-05	0.077648	supercritical
745.0	804.0	458.39	0.0021815	737.16	912.56	2.2951	1.0006	1.3517	586.35	0.0022297	5.0204e-05	0.077759	supercritical
745.0	807.25	459.67	0.0021755	736.93	912.55	2.2941	1.0007	1.352	587.27	0.0020152	5.0303e-05	0.077871	supercritical
745.0	810.5	460.94	0.0021695	736.7	912.54	2.2931	1.0008	1.3523	588.19	0.001802	5.0401e-05	0.077982	supercritical
745.0	813.75	462.21	0.0021635	736.47	912.53	2.2922	1.001	1.3526	589.11	0.0015903	5.05e-05	0.078094	supercritical
745.0	817.0	463.47	0.0021576	736.24	912.52	2.2912	1.0011	1.3529	590.03	0.0013799	5.0598e-05	0.078205	supercritical
745.0	820.25	464.73	0.0021518	736.02	912.52	2.2903	1.0012	1.3531	590.94	0.0011709	5.0697e-05	0.078316	supercritical
745.0	823.5	465.98	0.002146	735.79	912.51	2.2893	1.0013	1.3534	591.86	0.00096327	5.0796e-05	0.078427	supercritical
745.0	826.75	467.24	0.0021402	735.57	912.51	2.2884	1.0014	1.3537	592.78	0.00075694	5.0895e-05	0.078537	supercritical
745.0	830.0	468.48	0.0021345	735.34	912.51	2.2875	1.0016	1.354	593.7	0.00055195	5.0994e-05	0.078648	supercritical
745.0	833.25	469.73	0.0021289	735.12	912.51	2.2865	1.0017	1.3543	594.61	0.00034827	5.1093e-05	0.078758	supercritical
745.0	836.5	470.97	0.0021233	734.89	912.5	2.2856	1.0018	1.3545	595.53	0.00014589	5.1192e-05	0.078868	supercritical
745.0	839.75	472.21	0.0021177	734.67	912.5	2.2847	1.0019	1.3548	596.45	-5.5199e-05	5.1291e-05	0.078978	supercritical
745.0	843.0	473.44	0.0021122	734.45	912.5	2.2838	1.002	1.3551	597.36	-0.00025501	5.1391e-05	0.079088	supercritical
745.0	846.25	474.67	0.0021067	734.22	912.51	2.2828	1.0021	1.3553	598.28	-0.00045355	5.149e-05	0.079197	supercritical
745.0	849.5	475.9	0.0021013	734.0	912.51	2.2819	1.0023	1.3556	599.2	-0.00065083	5.159e-05	0.079307	supercritical
745.0	852.75	477.12	0.0020959	733.78	912.51	2.281	1.0024	1.3558	600.11	-0.00084687	5.1689e-05	0.079416	supercritical
745.0	856.0	478.34	0.0020906	733.56	912.52	2.2801	1.0025	1.3561	601.03	-0.0010417	5.1789e-05	0.079525	supercritical
745.0	859.25	479.55	0.0020853	733.34	912.52	2.2792	1.0026	1.3564	601.94	-0.0012352	5.1889e-05	0.079634	supercritical
745.0	862.5	480.77	0.00208	733.13	912.53	2.2783	1.0027	1.3566	602.86	-0.0014276	5.1988e-05	0.079743	supercritical
745.0	865.75	481.97	0.0020748	732.91	912.53	2.2774	1.0028	1.3569	603.77	-0.0016188	5.2088e-05	0.079852	supercritical
745.0	869.0	483.18	0.0020696	732.69	912.54	2.2765	1.003	1.3571	604.68	-0.0018087	5.2188e-05	0.07996	supercritical
745.0	872.25	484.38	0.0020645	732.47	912.55	2.2756	1.0031	1.3574	605.6	-0.0019975	5.2288e-05	0.080068	supercritical
745.0	875.5	485.58	0.0020594	732.26	912.56	2.2747	1.0032	1.3576	606.51	-0.0021851	5.2388e-05	0.080176	supercritical
745.0	878.75	486.77	0.0020544	732.04	912.57	2.2738	1.0033	1.3579	607.42	-0.0023716	5.2488e-05	0.080284	supercritical
745.0	882.0	487.96	0.0020493	731.83	912.58	2.273	1.0034	1.3581	608.34	-0.0025569	5.2589e-05	0.080392	supercritical
745.0	885.25	489.15	0.0020444	731.61	912.59	2.2721	1.0035	1.3583	609.25	-0.002741	5.2689e-05	0.080499	supercritical
745.0	888.5	490.33	0.0020394	731.4	912.6	2.2712	1.0036	1.3586	610.16	-0.002924	5.2789e-05	0.080607	supercritical
745.0	891.75	491.51	0.0020345	731.19	912.62	2.2703	1.0038	1.3588	611.07	-0.0031059	5.289e-05	0.080714	supercritical
745.0	895.0	492.69	0.0020297	730.97	912.63	2.2695	1.0039	1.359	611.98	-0.0032867	5.299e-05	0.080821	supercritical
745.0	898.25	493.86	0.0020249	730.76	912.65	2.2686	1.004	1.3593	612.9	-0.0034664	5.3091e-05	0.080928	supercritical
745.0	901.5	495.03	0.0020201	730.55	912.66	2.2678	1.0041	1.3595	613.81	-0.0036449	5.3191e-05	0.081034	supercritical
745.0	904.75	496.2	0.0020153	730.34	912.68	2.2669	1.0042	1.3597	614.72	-0.0038224	5.3292e-05	0.081141	supercritical
745.0	908.0	497.36	0.0020106	730.13	912.7	2.266	1.0043	1.36	615.63	-0.0039988	5.3393e-05	0.081247	supercritical
745.0	911.25	498.52	0.0020059	729.92	912.71	2.2652	1.0044	1.3602	616.54	-0.0041742	5.3494e-05	0.081353	supercritical
745.0	914.5	499.67	0.0020013	729.71	912.73	2.2643	1.0046	1.3604	617.45	-0.0043485	5.3594e-05	0.081459	supercritical
745.0	917.75	500.83	0.0019967	729.51	912.75	2.2635	1.0047	1.3606	618.35	-0.0045217	5.3695e-05	0.081565	supercritical
745.0	921.0	501.98	0.0019921	729.3	912.77	2.2627	1.0048	1.3609	619.26	-0.0046939	5.3796e-05	0.081671	supercritical
745.0	924.25	503.12	0.0019876	729.09	912.79	2.2618	1.0049	1.3611	620.17	-0.004865	5.3897e-05	0.081776	supercritical
745.0	927.5	504.27	0.0019831	728.88	912.82	2.261	1.005	1.3613	621.08	-0.0050351	5.3998e-05	0.081882	supercritical
745.0	930.75	505.41	0.0019786	728.68	912.84	2.2601	1.0051	1.3615	621.98	-0.0052042	5.4099e-05	0.081987	supercritical
745.0	934.0	506.54	0.0019742	728.47	912.86	2.2593	1.0052	1.3617	622.89	-0.0053723	5.4201e-05	0.082092	supercritical
745.0	937.25	507.67	0.0019698	728.27	912.89	2.2585	1.0053	1.3619	623.8	-0.0055394	5.4302e-05	0.082197	supercritical
745.0	940.5	508.8	0.0019654	728.07	912.91	2.2577	1.0055	1.3621	624.7	-0.0057055	5.4403e-05	0.082301	supercritical
745.0	943.75	509.93	0.001961	727.86	912.94	2.2568	1.0056	1.3624	625.61	-0.0058707	5.4504e-05	0.082406	supercritical
745.0	947.0	511.05	0.0019567	727.66	912.96	2.256	1.0057	1.3626	626.51	-0.0060348	5.4606e-05	0.08251	supercritical
745.0	950.25	512.18	0.0019525	727.46	912.99	2.2552	1.0058	1.3628	627.42	-0.006198	5.4707e-05	0.082614	supercritical
745.0	953.5	513.29	0.0019482	727.26	913.02	2.2544	1.0059	1.363	628.32	-0.0063602	5.4809e-05	0.082718	supercritical
745.0	956.75	514.41	0.001944	727.05	913.05	2.2536	1.006	1.3632	629.23	-0.0065214	5.491e-05	0.082822	supercritical
745.0	960.0	515.52	0.0019398	726.85	913.08	2.2528	1.0061	1.3634	630.13	-0.0066817	5.5012e-05	0.082925	supercritical
745.0	963.25	516.62	0.0019356	726.65	913.11	2.252	1.0062	1.3636	631.03	-0.0068411	5.5113e-05	0.083029	supercritical
745.0	966.5	517.73	0.0019315	726.46	913.14	2.2512	1.0064	1.3638	631.93	-0.0069995	5.5215e-05	0.083132	supercritical
745.0	969.75	518.83	0.0019274	726.26	913.17	2.2504	1.0065	1.364	632.84	-0.007157	5.5317e-05	0.083235	supercritical
745.0	973.0	519.93	0.0019233	726.06	913.2	2.2496	1.0066	1.3642	633.74	-0.0073136	5.5418e-05	0.083338	supercritical
745.0	976.25	521.02	0.0019193	725.86	913.23	2.2488	1.0067	1.3644	634.64	-0.0074692	5.552e-05	0.083441	supercritical
745.0	979.5	522.12	0.0019153	725.66	913.27	2.248	1.0068	1.3645	635.54	-0.007624	5.5622e-05	0.083543	supercritical
745.0	982.75	523.2	0.0019113	725.47	913.3	2.2472	1.0069	1.3647	636.44	-0.0077779	5.5724e-05	0.083646	supercritical
745.0	986.0	524.29	0.0019073	725.27	913.33	2.2464	1.007	1.3649	637.34	-0.0079308	5.5826e-05	0.083748	supercritical
745.0	989.25	525.37	0.0019034	725.08	913.37	2.2456	1.0071	1.3651	638.24	-0.0080829	5.5928e-05	0.08385	supercritical
745.0	992.5	526.45	0.0018995	724.88	913.41	2.2448	1.0072	1.3653	639.13	-0.0082341	5.603e-05	0.083952	supercritical
745.0	995.75	527.53	0.0018956	724.69	913.44	2.2441	1.0073	1.3655	640.03	-0.0083845	5.6132e-05	0.084054	supercritical
745.0	999.0	528.6	0.0018918	724.49	913.48	2.2433	1.0075	1.3657	640.93	-0.0085339	5.6234e-05	0.084156	supercritical
745.0	1002.2	529.68	0.0018879	724.3	913.52	2.2425	1.0076	1.3658	641.83	-0.0086826	5.6336e-05	0.084257	supercritical
745.0	1005.5	530.74	0.0018842	724.11	913.56	2.2417	1.0077	1.366	642.72	-0.0088303	5.6438e-05	0.084358	supercritical
745.0	1008.8	531.81	0.0018804	723.91	913.6	2.241	1.0078	1.3662	643.62	-0.0089772	5.654e-05	0.08446	supercritical
745.0	1012.0	532.87	0.0018766	723.72	913.64	2.2402	1.0079	1.3664	644.51	-0.0091233	5.6642e-05	0.084561	supercritical
745.0	1015.2	533.93	0.0018729	723.53	913.68	2.2394	1.008	1.3665	645.41	-0.0092686	5.6744e-05	0.084661	supercritical
745.0	1018.5	534.99	0.0018692	723.34	913.72	2.2387	1.0081	1.3667	646.3	-0.009413	5.6847e-05	0.084762	supercritical
745.0	1021.8	536.04	0.0018655	723.15	913.76	2.2379	1.0082	1.3669	647.2	-0.0095566	5.6949e-05	0.084862	supercritical
745.0	1025.0	537.09	0.0018619	722.96	913.8	2.2372	1.0083	1.3671	648.09	-0.0096993	5.7051e-05	0.084963	supercritical
745.0	1028.2	538.14	0.0018583	722.77	913.85	2.2364	1.0084	1.3672	648.98	-0.0098413	5.7154e-05	0.085063	supercritical
745.0	1031.5	539.18	0.0018547	722.58	913.89	2.2357	1.0086	1.3674	649.88	-0.0099825	5.7256e-05	0.085163	supercritical
745.0	1034.8	540.22	0.0018511	722.4	913.94	2.2349	1.0087	1.3676	650.77	-0.010123	5.7358e-05	0.085263	supercritical
745.0	1038.0	541.26	0.0018475	722.21	913.98	2.2342	1.0088	1.3677	651.66	-0.010262	5.7461e-05	0.085363	supercritical
745.0	1041.2	542.3	0.001844	722.02	914.03	2.2334	1.0089	1.3679	652.55	-0.010401	5.7563e-05	0.085462	supercritical
745.0	1044.5	543.33	0.0018405	721.84	914.07	2.2327	1.009	1.3681	653.44	-0.010539	5.7666e-05	0.085561	supercritical
745.0	1047.8	544.36	0.001837	721.65	914.12	2.2319	1.0091	1.3682	654.33	-0.010676	5.7768e-05	0.085661	supercritical
745.0	1051.0	545.39	0.0018335	721.46	914.17	2.2312	1.0092	1.3684	655.22	-0.010813	5.7871e-05	0.08576	supercritical
745.0	1054.2	546.42	0.0018301	721.28	914.22	2.2305	1.0093	1.3685	656.1	-0.010949	5.7973e-05	0.085859	supercritical
745.0	1057.5	547.44	0.0018267	721.09	914.27	2.2297	1.0094	1.3687	656.99	-0.011083	5.8076e-05	0.085957	supercritical
745.0	1060.8	548.46	0.0018233	720.91	914.32	2.229	1.0095	1.3688	657.88	-0.011218	5.8178e-05	0.086056	supercritical
745.0	1064.0	549.47	0.0018199	720.73	914.37	2.2283	1.0096	1.369	658.77	-0.011351	5.8281e-05	0.086155	supercritical
745.0	1067.2	550.49	0.0018166	720.54	914.42	2.2276	1.0097	1.3692	659.65	-0.011484	5.8383e-05	0.086253	supercritical
745.0	1070.5	551.5	0.0018132	720.36	914.47	2.2268	1.0098	1.3693	660.54	-0.011616	5.8486e-05	0.086351	supercritical
745.0	1073.8	552.51	0.0018099	720.18	914.52	2.2261	1.01	1.3695	661.42	-0.011747	5.8589e-05	0.086449	supercritical
745.0	1077.0	553.51	0.0018066	720.0	914.57	2.2254	1.0101	1.3696	662.31	-0.011877	5.8691e-05	0.086547	supercritical
745.0	1080.2	554.52	0.0018034	719.82	914.63	2.2247	1.0102	1.3698	663.19	-0.012007	5.8794e-05	0.086645	supercritical
745.0	1083.5	555.52	0.0018001	719.64	914.68	2.224	1.0103	1.3699	664.07	-0.012136	5.8897e-05	0.086742	supercritical
745.0	1086.8	556.52	0.0017969	719.46	914.73	2.2233	1.0104	1.3701	664.96	-0.012265	5.9e-05	0.08684	supercritical
745.0	1090.0	557.51	0.0017937	719.28	914.79	2.2226	1.0105	1.3702	665.84	-0.012392	5.9102e-05	0.086937	supercritical
745.0	1093.2	558.5	0.0017905	719.1	914.85	2.2218	1.0106	1.3703	666.72	-0.012519	5.9205e-05	0.087034	supercritical
745.0	1096.5	559.5	0.0017873	718.92	914.9	2.2211	1.0107	1.3705	667.6	-0.012645	5.9308e-05	0.087131	supercritical
745.0	1099.8	560.48	0.0017842	718.74	914.96	2.2204	1.0108	1.3706	668.48	-0.012771	5.9411e-05	0.087228	supercritical
745.0	1103.0	561.47	0.001781	718.57	915.02	2.2197	1.0109	1.3708	669.36	-0.012896	5.9514e-05	0.087325	supercritical
745.0	1106.2	562.45	0.0017779	718.39	915.07	2.219	1.011	1.3709	670.24	-0.01302	5.9616e-05	0.087421	supercritical
745.0	1109.5	563.43	0.0017748	718.21	915.13	2.2183	1.0111	1.371	671.12	-0.013143	5.9719e-05	0.087518	supercritical
745.0	1112.8	564.41	0.0017718	718.04	915.19	2.2176	1.0112	1.3712	671.99	-0.013266	5.9822e-05	0.087614	supercritical
745.0	1116.0	565.38	0.0017687	717.86	915.25	2.217	1.0113	1.3713	672.87	-0.013388	5.9925e-05	0.08771	supercritical
745.0	1119.2	566.35	0.0017657	717.69	915.31	2.2163	1.0114	1.3715	673.75	-0.01351	6.0028e-05	0.087806	supercritical
745.0	1122.5	567.32	0.0017627	717.51	915.37	2.2156	1.0115	1.3716	674.62	-0.01363	6.0131e-05	0.087902	supercritical
745.0	1125.8	568.29	0.0017597	717.34	915.43	2.2149	1.0117	1.3717	675.5	-0.013751	6.0234e-05	0.087997	supercritical
745.0	1129.0	569.25	0.0017567	717.16	915.49	2.2142	1.0118	1.3719	676.37	-0.01387	6.0337e-05	0.088093	supercritical
745.0	1132.2	570.22	0.0017537	716.99	915.55	2.2135	1.0119	1.372	677.25	-0.013989	6.044e-05	0.088188	supercritical
745.0	1135.5	571.18	0.0017508	716.82	915.62	2.2128	1.012	1.3721	678.12	-0.014107	6.0543e-05	0.088284	supercritical
745.0	1138.8	572.13	0.0017478	716.64	915.68	2.2122	1.0121	1.3722	678.99	-0.014225	6.0646e-05	0.088379	supercritical
745.0	1142.0	573.09	0.0017449	716.47	915.74	2.2115	1.0122	1.3724	679.87	-0.014342	6.0749e-05	0.088474	supercritical
745.0	1145.2	574.04	0.001742	716.3	915.81	2.2108	1.0123	1.3725	680.74	-0.014458	6.0852e-05	0.088569	supercritical
745.0	1148.5	574.99	0.0017392	716.13	915.87	2.2101	1.0124	1.3726	681.61	-0.014574	6.0955e-05	0.088664	supercritical
745.0	1151.8	575.94	0.0017363	715.96	915.94	2.2095	1.0125	1.3727	682.48	-0.014689	6.1058e-05	0.088758	supercritical
745.0	1155.0	576.88	0.0017335	715.79	916.0	2.2088	1.0126	1.3729	683.35	-0.014803	6.1161e-05	0.088853	supercritical
745.0	1158.2	577.82	0.0017306	715.62	916.07	2.2081	1.0127	1.373	684.22	-0.014917	6.1264e-05	0.088947	supercritical
745.0	1161.5	578.76	0.0017278	715.45	916.14	2.2075	1.0128	1.3731	685.09	-0.01503	6.1367e-05	0.089041	supercritical
745.0	1164.8	579.7	0.001725	715.28	916.2	2.2068	1.0129	1.3732	685.95	-0.015143	6.147e-05	0.089135	supercritical
745.0	1168.0	580.64	0.0017222	715.11	916.27	2.2061	1.013	1.3734	686.82	-0.015255	6.1573e-05	0.089229	supercritical
745.0	1171.2	581.57	0.0017195	714.95	916.34	2.2055	1.0131	1.3735	687.69	-0.015366	6.1676e-05	0.089323	supercritical
745.0	1174.5	582.5	0.0017167	714.78	916.41	2.2048	1.0132	1.3736	688.55	-0.015477	6.1779e-05	0.089417	supercritical
745.0	1177.8	583.43	0.001714	714.61	916.48	2.2042	1.0133	1.3737	689.42	-0.015587	6.1882e-05	0.089511	supercritical
745.0	1181.0	584.35	0.0017113	714.45	916.55	2.2035	1.0134	1.3738	690.28	-0.015697	6.1985e-05	0.089604	supercritical
745.0	1184.2	585.28	0.0017086	714.28	916.62	2.2029	1.0135	1.3739	691.15	-0.015806	6.2088e-05	0.089697	supercritical
745.0	1187.5	586.2	0.0017059	714.11	916.69	2.2022	1.0136	1.3741	692.01	-0.015914	6.2191e-05	0.08979	supercritical
745.0	1190.8	587.12	0.0017032	713.95	916.76	2.2016	1.0137	1.3742	692.87	-0.016022	6.2294e-05	0.089884	supercritical
745.0	1194.0	588.03	0.0017006	713.78	916.83	2.2009	1.0139	1.3743	693.74	-0.016129	6.2397e-05	0.089977	supercritical
745.0	1197.2	588.95	0.0016979	713.62	916.91	2.2003	1.014	1.3744	694.6	-0.016236	6.25e-05	0.090069	supercritical
745.0	1200.5	589.86	0.0016953	713.46	916.98	2.1996	1.0141	1.3745	695.46	-0.016342	6.2603e-05	0.090162	supercritical
745.0	1203.8	590.77	0.0016927	713.29	917.05	2.199	1.0142	1.3746	696.32	-0.016448	6.2706e-05	0.090255	supercritical
745.0	1207.0	591.68	0.0016901	713.13	917.12	2.1984	1.0143	1.3747	697.18	-0.016553	6.2809e-05	0.090347	supercritical
745.0	1210.2	592.58	0.0016875	712.97	917.2	2.1977	1.0144	1.3748	698.04	-0.016657	6.2912e-05	0.090439	supercritical
745.0	1213.5	593.48	0.001685	712.8	917.27	2.1971	1.0145	1.3749	698.89	-0.016761	6.3015e-05	0.090532	supercritical
745.0	1216.8	594.39	0.0016824	712.64	917.35	2.1965	1.0146	1.3751	699.75	-0.016865	6.3118e-05	0.090624	supercritical
745.0	1220.0	595.28	0.0016799	712.48	917.42	2.1958	1.0147	1.3752	700.61	-0.016968	6.3222e-05	0.090716	supercritical
745.0	1223.2	596.18	0.0016773	712.32	917.5	2.1952	1.0148	1.3753	701.46	-0.01707	6.3325e-05	0.090808	supercritical
745.0	1226.5	597.07	0.0016748	712.16	917.58	2.1946	1.0149	1.3754	702.32	-0.017172	6.3428e-05	0.090899	supercritical
745.0	1229.8	597.97	0.0016723	712.0	917.65	2.1939	1.015	1.3755	703.17	-0.017273	6.3531e-05	0.090991	supercritical
745.0	1233.0	598.86	0.0016699	711.84	917.73	2.1933	1.0151	1.3756	704.03	-0.017374	6.3634e-05	0.091083	supercritical
745.0	1236.2	599.74	0.0016674	711.68	917.81	2.1927	1.0152	1.3757	704.88	-0.017474	6.3737e-05	0.091174	supercritical
745.0	1239.5	600.63	0.0016649	711.52	917.89	2.1921	1.0153	1.3758	705.74	-0.017574	6.384e-05	0.091265	supercritical
745.0	1242.8	601.51	0.0016625	711.36	917.97	2.1914	1.0154	1.3759	706.59	-0.017673	6.3943e-05	0.091357	supercritical
745.0	1246.0	602.39	0.00166	711.2	918.05	2.1908	1.0155	1.376	707.44	-0.017772	6.4046e-05	0.091448	supercritical
745.0	1249.2	603.27	0.0016576	711.05	918.13	2.1902	1.0156	1.3761	708.29	-0.01787	6.4149e-05	0.091539	supercritical
745.0	1252.5	604.15	0.0016552	710.89	918.21	2.1896	1.0157	1.3762	709.14	-0.017967	6.4252e-05	0.091629	supercritical
745.0	1255.8	605.02	0.0016528	710.73	918.29	2.189	1.0158	1.3763	709.99	-0.018065	6.4355e-05	0.09172	supercritical
745.0	1259.0	605.9	0.0016505	710.58	918.37	2.1884	1.0159	1.3764	710.84	-0.018161	6.4458e-05	0.091811	supercritical
745.0	1262.2	606.77	0.0016481	710.42	918.45	2.1878	1.016	1.3765	711.69	-0.018257	6.4561e-05	0.091901	supercritical
745.0	1265.5	607.63	0.0016457	710.26	918.53	2.1872	1.0161	1.3766	712.53	-0.018353	6.4664e-05	0.091992	supercritical
745.0	1268.8	608.5	0.0016434	710.11	918.61	2.1865	1.0162	1.3767	713.38	-0.018448	6.4767e-05	0.092082	supercritical
745.0	1272.0	609.36	0.0016411	709.95	918.7	2.1859	1.0163	1.3768	714.23	-0.018543	6.487e-05	0.092172	supercritical
745.0	1275.2	610.23	0.0016387	709.8	918.78	2.1853	1.0164	1.3768	715.07	-0.018637	6.4973e-05	0.092262	supercritical
745.0	1278.5	611.09	0.0016364	709.64	918.86	2.1847	1.0165	1.3769	715.92	-0.018731	6.5076e-05	0.092352	supercritical
745.0	1281.8	611.94	0.0016341	709.49	918.95	2.1841	1.0166	1.377	716.76	-0.018824	6.5179e-05	0.092442	supercritical
745.0	1285.0	612.8	0.0016319	709.34	919.03	2.1835	1.0167	1.3771	717.61	-0.018917	6.5282e-05	0.092532	supercritical
745.0	1288.2	613.65	0.0016296	709.18	919.12	2.1829	1.0168	1.3772	718.45	-0.019009	6.5385e-05	0.092622	supercritical
745.0	1291.5	614.51	0.0016273	709.03	919.2	2.1823	1.0169	1.3773	719.29	-0.019101	6.5488e-05	0.092711	supercritical
745.0	1294.8	615.36	0.0016251	708.88	919.29	2.1817	1.017	1.3774	720.13	-0.019193	6.5591e-05	0.092801	supercritical
745.0	1298.0	616.2	0.0016228	708.73	919.37	2.1812	1.0171	1.3775	720.97	-0.019284	6.5694e-05	0.09289	supercritical
745.0	1301.2	617.05	0.0016206	708.58	919.46	2.1806	1.0172	1.3776	721.81	-0.019374	6.5797e-05	0.092979	supercritical
745.0	1304.5	617.89	0.0016184	708.43	919.55	2.18	1.0173	1.3777	722.65	-0.019464	6.59e-05	0.093069	supercritical
745.0	1307.8	618.73	0.0016162	708.27	919.63	2.1794	1.0174	1.3777	723.49	-0.019554	6.6003e-05	0.093158	supercritical
745.0	1311.0	619.57	0.001614	708.12	919.72	2.1788	1.0175	1.3778	724.33	-0.019643	6.6106e-05	0.093247	supercritical
745.0	1314.2	620.41	0.0016118	707.97	919.81	2.1782	1.0176	1.3779	725.17	-0.019731	6.6209e-05	0.093335	supercritical
745.0	1317.5	621.25	0.0016097	707.83	919.9	2.1776	1.0177	1.378	726.01	-0.01982	6.6312e-05	0.093424	supercritical
745.0	1320.8	622.08	0.0016075	707.68	919.99	2.177	1.0178	1.3781	726.84	-0.019907	6.6414e-05	0.093513	supercritical
745.0	1324.0	622.91	0.0016054	707.53	920.08	2.1765	1.0179	1.3782	727.68	-0.019995	6.6517e-05	0.093602	supercritical
745.0	1327.2	623.74	0.0016032	707.38	920.17	2.1759	1.018	1.3782	728.51	-0.020082	6.662e-05	0.09369	supercritical
745.0	1330.5	624.57	0.0016011	707.23	920.26	2.1753	1.0181	1.3783	729.35	-0.020168	6.6723e-05	0.093778	supercritical
745.0	1333.8	625.4	0.001599	707.08	920.35	2.1747	1.0182	1.3784	730.18	-0.020254	6.6826e-05	0.093867	supercritical
745.0	1337.0	626.22	0.0015969	706.94	920.44	2.1742	1.0183	1.3785	731.01	-0.02034	6.6929e-05	0.093955	supercritical
745.0	1340.2	627.04	0.0015948	706.79	920.53	2.1736	1.0184	1.3786	731.85	-0.020425	6.7031e-05	0.094043	supercritical
745.0	1343.5	627.86	0.0015927	706.64	920.62	2.173	1.0185	1.3787	732.68	-0.02051	6.7134e-05	0.094131	supercritical
745.0	1346.8	628.68	0.0015906	706.5	920.71	2.1724	1.0186	1.3787	733.51	-0.020594	6.7237e-05	0.094219	supercritical
745.0	1350.0	629.5	0.0015886	706.35	920.81	2.1719	1.0187	1.3788	734.34	-0.020678	6.734e-05	0.094307	supercritical
745.0	1353.2	630.31	0.0015865	706.2	920.9	2.1713	1.0188	1.3789	735.17	-0.020762	6.7443e-05	0.094395	supercritical
745.0	1356.5	631.13	0.0015845	706.06	920.99	2.1707	1.0189	1.379	736.0	-0.020845	6.7545e-05	0.094482	supercritical
745.0	1359.8	631.94	0.0015824	705.91	921.09	2.1702	1.019	1.379	736.83	-0.020928	6.7648e-05	0.09457	supercritical
745.0	1363.0	632.75	0.0015804	705.77	921.18	2.1696	1.0191	1.3791	737.66	-0.02101	6.7751e-05	0.094657	supercritical
745.0	1366.2	633.55	0.0015784	705.63	921.27	2.169	1.0192	1.3792	738.48	-0.021092	6.7854e-05	0.094745	supercritical
745.0	1369.5	634.36	0.0015764	705.48	921.37	2.1685	1.0193	1.3793	739.31	-0.021173	6.7956e-05	0.094832	supercritical
745.0	1372.8	635.16	0.0015744	705.34	921.46	2.1679	1.0194	1.3793	740.13	-0.021255	6.8059e-05	0.094919	supercritical
745.0	1376.0	635.97	0.0015724	705.2	921.56	2.1674	1.0195	1.3794	740.96	-0.021335	6.8162e-05	0.095007	supercritical
745.0	1379.2	636.77	0.0015704	705.05	921.65	2.1668	1.0196	1.3795	741.78	-0.021416	6.8264e-05	0.095094	supercritical
745.0	1382.5	637.56	0.0015685	704.91	921.75	2.1663	1.0197	1.3796	742.61	-0.021496	6.8367e-05	0.095181	supercritical
745.0	1385.8	638.36	0.0015665	704.77	921.85	2.1657	1.0198	1.3796	743.43	-0.021575	6.847e-05	0.095268	supercritical
745.0	1389.0	639.16	0.0015646	704.63	921.94	2.1651	1.0199	1.3797	744.25	-0.021654	6.8572e-05	0.095354	supercritical
745.0	1392.2	639.95	0.0015626	704.48	922.04	2.1646	1.02	1.3798	745.08	-0.021733	6.8675e-05	0.095441	supercritical
745.0	1395.5	640.74	0.0015607	704.34	922.14	2.164	1.0201	1.3799	745.9	-0.021812	6.8777e-05	0.095528	supercritical
745.0	1398.8	641.53	0.0015588	704.2	922.24	2.1635	1.0202	1.3799	746.72	-0.02189	6.888e-05	0.095614	supercritical
745.0	1402.0	642.32	0.0015569	704.06	922.34	2.1629	1.0203	1.38	747.54	-0.021967	6.8983e-05	0.095701	supercritical
745.0	1405.2	643.1	0.001555	703.92	922.43	2.1624	1.0204	1.3801	748.36	-0.022045	6.9085e-05	0.095787	supercritical
745.0	1408.5	643.89	0.0015531	703.78	922.53	2.1619	1.0205	1.3801	749.18	-0.022122	6.9188e-05	0.095874	supercritical
745.0	1411.8	644.67	0.0015512	703.64	922.63	2.1613	1.0206	1.3802	749.99	-0.022198	6.929e-05	0.09596	supercritical
745.0	1415.0	645.45	0.0015493	703.5	922.73	2.1608	1.0207	1.3803	750.81	-0.022274	6.9393e-05	0.096046	supercritical
745.0	1418.2	646.23	0.0015474	703.37	922.83	2.1602	1.0208	1.3803	751.63	-0.02235	6.9495e-05	0.096132	supercritical
745.0	1421.5	647.0	0.0015456	703.23	922.93	2.1597	1.0209	1.3804	752.44	-0.022426	6.9598e-05	0.096218	supercritical
745.0	1424.8	647.78	0.0015437	703.09	923.03	2.1592	1.021	1.3805	753.26	-0.022501	6.97e-05	0.096304	supercritical
745.0	1428.0	648.55	0.0015419	702.95	923.14	2.1586	1.0211	1.3805	754.07	-0.022576	6.9803e-05	0.09639	supercritical
745.0	1431.2	649.32	0.0015401	702.82	923.24	2.1581	1.0212	1.3806	754.89	-0.02265	6.9905e-05	0.096476	supercritical
745.0	1434.5	650.09	0.0015382	702.68	923.34	2.1575	1.0213	1.3807	755.7	-0.022724	7.0007e-05	0.096562	supercritical
745.0	1437.8	650.86	0.0015364	702.54	923.44	2.157	1.0214	1.3807	756.51	-0.022798	7.011e-05	0.096647	supercritical
745.0	1441.0	651.63	0.0015346	702.41	923.54	2.1565	1.0215	1.3808	757.33	-0.022871	7.0212e-05	0.096733	supercritical
745.0	1444.2	652.39	0.0015328	702.27	923.65	2.1559	1.0216	1.3809	758.14	-0.022944	7.0314e-05	0.096819	supercritical
745.0	1447.5	653.16	0.001531	702.13	923.75	2.1554	1.0217	1.3809	758.95	-0.023017	7.0417e-05	0.096904	supercritical
745.0	1450.8	653.92	0.0015292	702.0	923.85	2.1549	1.0218	1.381	759.76	-0.02309	7.0519e-05	0.096989	supercritical
745.0	1454.0	654.68	0.0015275	701.86	923.96	2.1544	1.0219	1.381	760.57	-0.023162	7.0621e-05	0.097075	supercritical
745.0	1457.2	655.44	0.0015257	701.73	924.06	2.1538	1.022	1.3811	761.38	-0.023233	7.0724e-05	0.09716	supercritical
745.0	1460.5	656.2	0.0015239	701.59	924.16	2.1533	1.0221	1.3812	762.18	-0.023305	7.0826e-05	0.097245	supercritical
745.0	1463.8	656.95	0.0015222	701.46	924.27	2.1528	1.0222	1.3812	762.99	-0.023376	7.0928e-05	0.09733	supercritical
745.0	1467.0	657.7	0.0015204	701.33	924.37	2.1523	1.0223	1.3813	763.8	-0.023446	7.103e-05	0.097415	supercritical
745.0	1470.2	658.46	0.0015187	701.19	924.48	2.1517	1.0224	1.3813	764.6	-0.023517	7.1133e-05	0.0975	supercritical
745.0	1473.5	659.21	0.001517	701.06	924.59	2.1512	1.0225	1.3814	765.41	-0.023587	7.1235e-05	0.097585	supercritical
745.0	1476.8	659.95	0.0015153	700.93	924.69	2.1507	1.0226	1.3815	766.22	-0.023657	7.1337e-05	0.09767	supercritical
745.0	1480.0	660.7	0.0015135	700.79	924.8	2.1502	1.0227	1.3815	767.02	-0.023726	7.1439e-05	0.097755	supercritical
745.0	1483.2	661.45	0.0015118	700.66	924.9	2.1497	1.0228	1.3816	767.82	-0.023795	7.1541e-05	0.097839	supercritical
745.0	1486.5	662.19	0.0015101	700.53	925.01	2.1492	1.0229	1.3816	768.63	-0.023864	7.1643e-05	0.097924	supercritical
745.0	1489.8	662.93	0.0015084	700.4	925.12	2.1486	1.023	1.3817	769.43	-0.023932	7.1745e-05	0.098009	supercritical
745.0	1493.0	663.67	0.0015068	700.27	925.23	2.1481	1.0231	1.3818	770.23	-0.024	7.1847e-05	0.098093	supercritical
745.0	1496.2	664.41	0.0015051	700.14	925.33	2.1476	1.0232	1.3818	771.03	-0.024068	7.1949e-05	0.098178	supercritical
745.0	1499.5	665.15	0.0015034	700.01	925.44	2.1471	1.0233	1.3819	771.83	-0.024136	7.2051e-05	0.098262	supercritical
745.0	1502.8	665.89	0.0015018	699.87	925.55	2.1466	1.0234	1.3819	772.63	-0.024203	7.2153e-05	0.098346	supercritical
745.0	1506.0	666.62	0.0015001	699.74	925.66	2.1461	1.0235	1.382	773.43	-0.02427	7.2255e-05	0.098431	supercritical
745.0	1509.2	667.35	0.0014985	699.62	925.77	2.1456	1.0236	1.382	774.23	-0.024337	7.2357e-05	0.098515	supercritical
745.0	1512.5	668.08	0.0014968	699.49	925.88	2.1451	1.0237	1.3821	775.03	-0.024403	7.2459e-05	0.098599	supercritical
745.0	1515.8	668.81	0.0014952	699.36	925.99	2.1446	1.0238	1.3821	775.83	-0.024469	7.2561e-05	0.098683	supercritical
745.0	1519.0	669.54	0.0014936	699.23	926.1	2.1441	1.0239	1.3822	776.62	-0.024535	7.2663e-05	0.098767	supercritical
745.0	1522.2	670.27	0.0014919	699.1	926.21	2.1436	1.024	1.3822	777.42	-0.0246	7.2765e-05	0.098851	supercritical
745.0	1525.5	670.99	0.0014903	698.97	926.32	2.1431	1.0241	1.3823	778.21	-0.024665	7.2867e-05	0.098935	supercritical
745.0	1528.8	671.72	0.0014887	698.84	926.43	2.1426	1.0242	1.3824	779.01	-0.02473	7.2969e-05	0.099019	supercritical
745.0	1532.0	672.44	0.0014871	698.72	926.54	2.1421	1.0243	1.3824	779.8	-0.024794	7.307e-05	0.099103	supercritical
745.0	1535.2	673.16	0.0014855	698.59	926.65	2.1416	1.0244	1.3825	780.6	-0.024859	7.3172e-05	0.099186	supercritical
745.0	1538.5	673.88	0.0014839	698.46	926.77	2.1411	1.0245	1.3825	781.39	-0.024923	7.3274e-05	0.09927	supercritical
745.0	1541.8	674.6	0.0014824	698.33	926.88	2.1406	1.0246	1.3826	782.18	-0.024986	7.3376e-05	0.099354	supercritical
745.0	1545.0	675.31	0.0014808	698.21	926.99	2.1401	1.0247	1.3826	782.97	-0.02505	7.3477e-05	0.099437	supercritical
745.0	1548.2	676.03	0.0014792	698.08	927.1	2.1396	1.0248	1.3827	783.76	-0.025113	7.3579e-05	0.099521	supercritical
745.0	1551.5	676.74	0.0014777	697.96	927.22	2.1391	1.0249	1.3827	784.55	-0.025176	7.3681e-05	0.099604	supercritical
745.0	1554.8	677.45	0.0014761	697.83	927.33	2.1386	1.025	1.3828	785.34	-0.025238	7.3783e-05	0.099688	supercritical
745.0	1558.0	678.16	0.0014746	697.7	927.44	2.1381	1.0251	1.3828	786.13	-0.0253	7.3884e-05	0.099771	supercritical
745.0	1561.2	678.87	0.001473	697.58	927.56	2.1376	1.0252	1.3829	786.92	-0.025362	7.3986e-05	0.099855	supercritical
745.0	1564.5	679.58	0.0014715	697.45	927.67	2.1371	1.0253	1.3829	787.71	-0.025424	7.4087e-05	0.099938	supercritical
745.0	1567.8	680.28	0.00147	697.33	927.78	2.1366	1.0254	1.383	788.5	-0.025486	7.4189e-05	0.10002	supercritical
745.0	1571.0	680.99	0.0014685	697.21	927.9	2.1361	1.0254	1.383	789.28	-0.025547	7.429e-05	0.1001	supercritical
745.0	1574.2	681.69	0.0014669	697.08	928.01	2.1357	1.0255	1.383	790.07	-0.025608	7.4392e-05	0.10019	supercritical
745.0	1577.5	682.39	0.0014654	696.96	928.13	2.1352	1.0256	1.3831	790.85	-0.025668	7.4493e-05	0.10027	supercritical
745.0	1580.8	683.09	0.0014639	696.83	928.25	2.1347	1.0257	1.3831	791.64	-0.025729	7.4595e-05	0.10035	supercritical
745.0	1584.0	683.79	0.0014624	696.71	928.36	2.1342	1.0258	1.3832	792.42	-0.025789	7.4696e-05	0.10044	supercritical
745.0	1587.2	684.49	0.0014609	696.59	928.48	2.1337	1.0259	1.3832	793.2	-0.025849	7.4798e-05	0.10052	supercritical
745.0	1590.5	685.18	0.0014595	696.47	928.59	2.1332	1.026	1.3833	793.99	-0.025908	7.4899e-05	0.1006	supercritical
745.0	1593.8	685.88	0.001458	696.34	928.71	2.1328	1.0261	1.3833	794.77	-0.025968	7.5001e-05	0.10069	supercritical
745.0	1597.0	686.57	0.0014565	696.22	928.83	2.1323	1.0262	1.3834	795.55	-0.026027	7.5102e-05	0.10077	supercritical
745.0	1600.2	687.26	0.001455	696.1	928.94	2.1318	1.0263	1.3834	796.33	-0.026085	7.5203e-05	0.10085	supercritical
745.0	1603.5	687.95	0.0014536	695.98	929.06	2.1313	1.0264	1.3835	797.11	-0.026144	7.5305e-05	0.10093	supercritical
745.0	1606.8	688.64	0.0014521	695.86	929.18	2.1309	1.0265	1.3835	797.89	-0.026202	7.5406e-05	0.10102	supercritical
745.0	1610.0	689.33	0.0014507	695.74	929.3	2.1304	1.0266	1.3835	798.67	-0.02626	7.5507e-05	0.1011	supercritical
745.0	1613.2	690.02	0.0014492	695.62	929.42	2.1299	1.0267	1.3836	799.45	-0.026318	7.5608e-05	0.10118	supercritical
745.0	1616.5	690.7	0.0014478	695.5	929.53	2.1294	1.0268	1.3836	800.23	-0.026376	7.571e-05	0.10126	supercritical
745.0	1619.8	691.38	0.0014464	695.38	929.65	2.129	1.0269	1.3837	801.0	-0.026433	7.5811e-05	0.10135	supercritical
745.0	1623.0	692.07	0.001445	695.26	929.77	2.1285	1.027	1.3837	801.78	-0.02649	7.5912e-05	0.10143	supercritical
745.0	1626.2	692.75	0.0014435	695.14	929.89	2.128	1.0271	1.3838	802.56	-0.026547	7.6013e-05	0.10151	supercritical
745.0	1629.5	693.43	0.0014421	695.02	930.01	2.1275	1.0272	1.3838	803.33	-0.026603	7.6114e-05	0.10159	supercritical
745.0	1632.8	694.1	0.0014407	694.9	930.13	2.1271	1.0273	1.3838	804.11	-0.026659	7.6215e-05	0.10168	supercritical
745.0	1636.0	694.78	0.0014393	694.78	930.25	2.1266	1.0274	1.3839	804.88	-0.026715	7.6316e-05	0.10176	supercritical
745.0	1639.2	695.45	0.0014379	694.66	930.37	2.1261	1.0275	1.3839	805.65	-0.026771	7.6418e-05	0.10184	supercritical
745.0	1642.5	696.13	0.0014365	694.54	930.49	2.1257	1.0276	1.384	806.43	-0.026827	7.6519e-05	0.10192	supercritical
745.0	1645.8	696.8	0.0014351	694.43	930.61	2.1252	1.0277	1.384	807.2	-0.026882	7.662e-05	0.102	supercritical
745.0	1649.0	697.47	0.0014338	694.31	930.73	2.1248	1.0278	1.384	807.97	-0.026937	7.6721e-05	0.10209	supercritical
745.0	1652.2	698.14	0.0014324	694.19	930.85	2.1243	1.0279	1.3841	808.74	-0.026992	7.6821e-05	0.10217	supercritical
745.0	1655.5	698.81	0.001431	694.07	930.98	2.1238	1.028	1.3841	809.51	-0.027047	7.6922e-05	0.10225	supercritical
745.0	1658.8	699.48	0.0014296	693.96	931.1	2.1234	1.0281	1.3842	810.28	-0.027101	7.7023e-05	0.10233	supercritical
745.0	1662.0	700.14	0.0014283	693.84	931.22	2.1229	1.0281	1.3842	811.05	-0.027155	7.7124e-05	0.10241	supercritical
745.0	1665.2	700.81	0.0014269	693.72	931.34	2.1225	1.0282	1.3842	811.82	-0.027209	7.7225e-05	0.1025	supercritical
745.0	1668.5	701.47	0.0014256	693.61	931.46	2.122	1.0283	1.3843	812.58	-0.027263	7.7326e-05	0.10258	supercritical
745.0	1671.8	702.13	0.0014242	693.49	931.59	2.1215	1.0284	1.3843	813.35	-0.027316	7.7427e-05	0.10266	supercritical
745.0	1675.0	702.79	0.0014229	693.38	931.71	2.1211	1.0285	1.3844	814.12	-0.02737	7.7527e-05	0.10274	supercritical
745.0	1678.2	703.45	0.0014216	693.26	931.83	2.1206	1.0286	1.3844	814.88	-0.027422	7.7628e-05	0.10282	supercritical
745.0	1681.5	704.11	0.0014202	693.14	931.96	2.1202	1.0287	1.3844	815.65	-0.027475	7.7729e-05	0.10291	supercritical
745.0	1684.8	704.77	0.0014189	693.03	932.08	2.1197	1.0288	1.3845	816.41	-0.027528	7.783e-05	0.10299	supercritical
745.0	1688.0	705.42	0.0014176	692.92	932.2	2.1193	1.0289	1.3845	817.18	-0.02758	7.793e-05	0.10307	supercritical
745.0	1691.2	706.08	0.0014163	692.8	932.33	2.1188	1.029	1.3845	817.94	-0.027632	7.8031e-05	0.10315	supercritical
745.0	1694.5	706.73	0.001415	692.69	932.45	2.1184	1.0291	1.3846	818.7	-0.027684	7.8132e-05	0.10323	supercritical
745.0	1697.8	707.38	0.0014137	692.57	932.58	2.1179	1.0292	1.3846	819.46	-0.027736	7.8232e-05	0.10331	supercritical
745.0	1701.0	708.03	0.0014124	692.46	932.7	2.1175	1.0293	1.3847	820.23	-0.027787	7.8333e-05	0.10339	supercritical
745.0	1704.2	708.68	0.0014111	692.35	932.83	2.117	1.0294	1.3847	820.99	-0.027838	7.8433e-05	0.10348	supercritical
745.0	1707.5	709.33	0.0014098	692.23	932.95	2.1166	1.0295	1.3847	821.75	-0.027889	7.8534e-05	0.10356	supercritical
745.0	1710.8	709.98	0.0014085	692.12	933.08	2.1161	1.0296	1.3848	822.51	-0.02794	7.8634e-05	0.10364	supercritical
745.0	1714.0	710.62	0.0014072	692.01	933.2	2.1157	1.0297	1.3848	823.27	-0.027991	7.8735e-05	0.10372	supercritical
745.0	1717.2	711.27	0.0014059	691.9	933.33	2.1152	1.0298	1.3848	824.02	-0.028041	7.8835e-05	0.1038	supercritical
745.0	1720.5	711.91	0.0014047	691.78	933.46	2.1148	1.0299	1.3849	824.78	-0.028091	7.8936e-05	0.10388	supercritical
745.0	1723.8	712.55	0.0014034	691.67	933.58	2.1143	1.03	1.3849	825.54	-0.028141	7.9036e-05	0.10396	supercritical
745.0	1727.0	713.19	0.0014021	691.56	933.71	2.1139	1.0301	1.3849	826.3	-0.028191	7.9137e-05	0.10405	supercritical
745.0	1730.2	713.83	0.0014009	691.45	933.84	2.1135	1.0302	1.385	827.05	-0.02824	7.9237e-05	0.10413	supercritical
745.0	1733.5	714.47	0.0013996	691.34	933.96	2.113	1.0302	1.385	827.81	-0.02829	7.9337e-05	0.10421	supercritical
745.0	1736.8	715.11	0.0013984	691.23	934.09	2.1126	1.0303	1.385	828.56	-0.028339	7.9437e-05	0.10429	supercritical
745.0	1740.0	715.74	0.0013972	691.12	934.22	2.1121	1.0304	1.3851	829.31	-0.028388	7.9538e-05	0.10437	supercritical
745.0	1743.2	716.38	0.0013959	691.01	934.35	2.1117	1.0305	1.3851	830.07	-0.028436	7.9638e-05	0.10445	supercritical
745.0	1746.5	717.01	0.0013947	690.89	934.48	2.1113	1.0306	1.3851	830.82	-0.028485	7.9738e-05	0.10453	supercritical
745.0	1749.8	717.64	0.0013935	690.78	934.6	2.1108	1.0307	1.3852	831.57	-0.028533	7.9838e-05	0.10461	supercritical
745.0	1753.0	718.27	0.0013922	690.68	934.73	2.1104	1.0308	1.3852	832.32	-0.028581	7.9939e-05	0.1047	supercritical
745.0	1756.2	718.9	0.001391	690.57	934.86	2.11	1.0309	1.3852	833.08	-0.028629	8.0039e-05	0.10478	supercritical
745.0	1759.5	719.53	0.0013898	690.46	934.99	2.1095	1.031	1.3853	833.83	-0.028677	8.0139e-05	0.10486	supercritical
745.0	1762.8	720.16	0.0013886	690.35	935.12	2.1091	1.0311	1.3853	834.57	-0.028724	8.0239e-05	0.10494	supercritical
745.0	1766.0	720.79	0.0013874	690.24	935.25	2.1087	1.0312	1.3853	835.32	-0.028771	8.0339e-05	0.10502	supercritical
745.0	1769.2	721.41	0.0013862	690.13	935.38	2.1082	1.0313	1.3854	836.07	-0.028819	8.0439e-05	0.1051	supercritical
745.0	1772.5	722.03	0.001385	690.02	935.51	2.1078	1.0314	1.3854	836.82	-0.028865	8.0539e-05	0.10518	supercritical
745.0	1775.8	722.66	0.0013838	689.91	935.64	2.1074	1.0315	1.3854	837.57	-0.028912	8.0639e-05	0.10526	supercritical
745.0	1779.0	723.28	0.0013826	689.81	935.77	2.107	1.0316	1.3855	838.31	-0.028959	8.0739e-05	0.10534	supercritical
745.0	1782.2	723.9	0.0013814	689.7	935.9	2.1065	1.0317	1.3855	839.06	-0.029005	8.0839e-05	0.10542	supercritical
745.0	1785.5	724.52	0.0013802	689.59	936.03	2.1061	1.0318	1.3855	839.8	-0.029051	8.0939e-05	0.1055	supercritical
745.0	1788.8	725.14	0.001379	689.48	936.16	2.1057	1.0319	1.3855	840.55	-0.029097	8.1039e-05	0.10559	supercritical
745.0	1792.0	725.75	0.0013779	689.38	936.29	2.1052	1.032	1.3856	841.29	-0.029143	8.1139e-05	0.10567	supercritical
745.0	1795.2	726.37	0.0013767	689.27	936.42	2.1048	1.032	1.3856	842.04	-0.029188	8.1238e-05	0.10575	supercritical
745.0	1798.5	726.99	0.0013755	689.16	936.56	2.1044	1.0321	1.3856	842.78	-0.029233	8.1338e-05	0.10583	supercritical
745.0	1801.8	727.6	0.0013744	689.06	936.69	2.104	1.0322	1.3857	843.52	-0.029278	8.1438e-05	0.10591	supercritical
745.0	1805.0	728.21	0.0013732	688.95	936.82	2.1036	1.0323	1.3857	844.26	-0.029323	8.1538e-05	0.10599	supercritical
745.0	1808.2	728.82	0.0013721	688.85	936.95	2.1031	1.0324	1.3857	845.0	-0.029368	8.1637e-05	0.10607	supercritical
745.0	1811.5	729.43	0.0013709	688.74	937.08	2.1027	1.0325	1.3858	845.74	-0.029413	8.1737e-05	0.10615	supercritical
745.0	1814.8	730.04	0.0013698	688.63	937.22	2.1023	1.0326	1.3858	846.48	-0.029457	8.1837e-05	0.10623	supercritical
745.0	1818.0	730.65	0.0013686	688.53	937.35	2.1019	1.0327	1.3858	847.22	-0.029501	8.1936e-05	0.10631	supercritical
745.0	1821.2	731.26	0.0013675	688.42	937.48	2.1015	1.0328	1.3858	847.96	-0.029545	8.2036e-05	0.10639	supercritical
745.0	1824.5	731.86	0.0013664	688.32	937.62	2.101	1.0329	1.3859	848.7	-0.029589	8.2136e-05	0.10647	supercritical
745.0	1827.8	732.47	0.0013652	688.22	937.75	2.1006	1.033	1.3859	849.44	-0.029633	8.2235e-05	0.10655	supercritical
745.0	1831.0	733.07	0.0013641	688.11	937.88	2.1002	1.0331	1.3859	850.17	-0.029676	8.2335e-05	0.10663	supercritical
745.0	1834.2	733.67	0.001363	688.01	938.02	2.0998	1.0332	1.386	850.91	-0.02972	8.2434e-05	0.10671	supercritical
745.0	1837.5	734.28	0.0013619	687.9	938.15	2.0994	1.0333	1.386	851.64	-0.029763	8.2534e-05	0.10679	supercritical
745.0	1840.8	734.88	0.0013608	687.8	938.28	2.099	1.0334	1.386	852.38	-0.029806	8.2633e-05	0.10688	supercritical
745.0	1844.0	735.48	0.0013597	687.7	938.42	2.0985	1.0335	1.386	853.11	-0.029848	8.2733e-05	0.10696	supercritical
745.0	1847.2	736.07	0.0013586	687.59	938.55	2.0981	1.0336	1.3861	853.85	-0.029891	8.2832e-05	0.10704	supercritical
745.0	1850.5	736.67	0.0013575	687.49	938.69	2.0977	1.0336	1.3861	854.58	-0.029933	8.2932e-05	0.10712	supercritical
745.0	1853.8	737.27	0.0013564	687.39	938.82	2.0973	1.0337	1.3861	855.31	-0.029976	8.3031e-05	0.1072	supercritical
745.0	1857.0	737.86	0.0013553	687.28	938.96	2.0969	1.0338	1.3861	856.04	-0.030018	8.313e-05	0.10728	supercritical
745.0	1860.2	738.46	0.0013542	687.18	939.09	2.0965	1.0339	1.3862	856.77	-0.03006	8.323e-05	0.10736	supercritical
745.0	1863.5	739.05	0.0013531	687.08	939.23	2.0961	1.034	1.3862	857.51	-0.030101	8.3329e-05	0.10744	supercritical
745.0	1866.8	739.64	0.001352	686.98	939.36	2.0957	1.0341	1.3862	858.24	-0.030143	8.3428e-05	0.10752	supercritical
745.0	1870.0	740.23	0.0013509	686.88	939.5	2.0953	1.0342	1.3863	858.96	-0.030184	8.3527e-05	0.1076	supercritical
745.0	1873.2	740.82	0.0013498	686.78	939.64	2.0949	1.0343	1.3863	859.69	-0.030225	8.3626e-05	0.10768	supercritical
745.0	1876.5	741.41	0.0013488	686.67	939.77	2.0945	1.0344	1.3863	860.42	-0.030266	8.3726e-05	0.10776	supercritical
745.0	1879.8	742.0	0.0013477	686.57	939.91	2.0941	1.0345	1.3863	861.15	-0.030307	8.3825e-05	0.10784	supercritical
745.0	1883.0	742.59	0.0013466	686.47	940.05	2.0936	1.0346	1.3864	861.87	-0.030348	8.3924e-05	0.10792	supercritical
745.0	1886.2	743.17	0.0013456	686.37	940.18	2.0932	1.0347	1.3864	862.6	-0.030388	8.4023e-05	0.108	supercritical
745.0	1889.5	743.76	0.0013445	686.27	940.32	2.0928	1.0348	1.3864	863.33	-0.030429	8.4122e-05	0.10808	supercritical
745.0	1892.8	744.34	0.0013435	686.17	940.46	2.0924	1.0349	1.3864	864.05	-0.030469	8.4221e-05	0.10816	supercritical
745.0	1896.0	744.92	0.0013424	686.07	940.59	2.092	1.035	1.3865	864.78	-0.030509	8.432e-05	0.10824	supercritical
745.0	1899.2	745.51	0.0013414	685.97	940.73	2.0916	1.0351	1.3865	865.5	-0.030549	8.4419e-05	0.10832	supercritical
745.0	1902.5	746.09	0.0013403	685.87	940.87	2.0912	1.0351	1.3865	866.22	-0.030588	8.4518e-05	0.1084	supercritical
745.0	1905.8	746.67	0.0013393	685.77	941.01	2.0908	1.0352	1.3865	866.94	-0.030628	8.4617e-05	0.10848	supercritical
745.0	1909.0	747.24	0.0013383	685.67	941.15	2.0904	1.0353	1.3866	867.67	-0.030667	8.4716e-05	0.10856	supercritical
745.0	1912.2	747.82	0.0013372	685.57	941.28	2.09	1.0354	1.3866	868.39	-0.030707	8.4815e-05	0.10864	supercritical
745.0	1915.5	748.4	0.0013362	685.48	941.42	2.0896	1.0355	1.3866	869.11	-0.030746	8.4914e-05	0.10872	supercritical
745.0	1918.8	748.97	0.0013352	685.38	941.56	2.0892	1.0356	1.3866	869.83	-0.030784	8.5013e-05	0.1088	supercritical
745.0	1922.0	749.55	0.0013341	685.28	941.7	2.0889	1.0357	1.3867	870.55	-0.030823	8.5111e-05	0.10888	supercritical
745.0	1925.2	750.12	0.0013331	685.18	941.84	2.0885	1.0358	1.3867	871.27	-0.030862	8.521e-05	0.10896	supercritical
745.0	1928.5	750.7	0.0013321	685.08	941.98	2.0881	1.0359	1.3867	871.98	-0.0309	8.5309e-05	0.10904	supercritical
745.0	1931.8	751.27	0.0013311	684.98	942.12	2.0877	1.036	1.3867	872.7	-0.030938	8.5408e-05	0.10912	supercritical
745.0	1935.0	751.84	0.0013301	684.89	942.26	2.0873	1.0361	1.3868	873.42	-0.030976	8.5506e-05	0.1092	supercritical
745.0	1938.2	752.41	0.0013291	684.79	942.4	2.0869	1.0362	1.3868	874.13	-0.031014	8.5605e-05	0.10928	supercritical
745.0	1941.5	752.98	0.0013281	684.69	942.54	2.0865	1.0363	1.3868	874.85	-0.031052	8.5704e-05	0.10936	supercritical
745.0	1944.8	753.54	0.0013271	684.6	942.68	2.0861	1.0364	1.3868	875.57	-0.03109	8.5802e-05	0.10944	supercritical
745.0	1948.0	754.11	0.0013261	684.5	942.82	2.0857	1.0365	1.3868	876.28	-0.031127	8.5901e-05	0.10952	supercritical
745.0	1951.2	754.68	0.0013251	684.4	942.96	2.0853	1.0365	1.3869	876.99	-0.031164	8.5999e-05	0.1096	supercritical
745.0	1954.5	755.24	0.0013241	684.31	943.1	2.0849	1.0366	1.3869	877.71	-0.031202	8.6098e-05	0.10968	supercritical
745.0	1957.8	755.81	0.0013231	684.21	943.24	2.0845	1.0367	1.3869	878.42	-0.031239	8.6196e-05	0.10976	supercritical
745.0	1961.0	756.37	0.0013221	684.11	943.38	2.0842	1.0368	1.3869	879.13	-0.031275	8.6295e-05	0.10984	supercritical
745.0	1964.2	756.93	0.0013211	684.02	943.52	2.0838	1.0369	1.387	879.84	-0.031312	8.6393e-05	0.10992	supercritical
745.0	1967.5	757.49	0.0013201	683.92	943.66	2.0834	1.037	1.387	880.55	-0.031349	8.6492e-05	0.11	supercritical
745.0	1970.8	758.05	0.0013192	683.83	943.8	2.083	1.0371	1.387	881.26	-0.031385	8.659e-05	0.11008	supercritical
745.0	1974.0	758.61	0.0013182	683.73	943.94	2.0826	1.0372	1.387	881.97	-0.031421	8.6689e-05	0.11016	supercritical
745.0	1977.2	759.17	0.0013172	683.64	944.09	2.0822	1.0373	1.3871	882.68	-0.031457	8.6787e-05	0.11024	supercritical
745.0	1980.5	759.73	0.0013163	683.54	944.23	2.0818	1.0374	1.3871	883.39	-0.031493	8.6885e-05	0.11032	supercritical
745.0	1983.8	760.28	0.0013153	683.45	944.37	2.0815	1.0375	1.3871	884.1	-0.031529	8.6984e-05	0.1104	supercritical
745.0	1987.0	760.84	0.0013143	683.35	944.51	2.0811	1.0376	1.3871	884.8	-0.031565	8.7082e-05	0.11048	supercritical
745.0	1990.2	761.39	0.0013134	683.26	944.65	2.0807	1.0377	1.3871	885.51	-0.0316	8.718e-05	0.11056	supercritical
745.0	1993.5	761.95	0.0013124	683.16	944.8	2.0803	1.0377	1.3872	886.22	-0.031636	8.7279e-05	0.11064	supercritical
745.0	1996.8	762.5	0.0013115	683.07	944.94	2.0799	1.0378	1.3872	886.92	-0.031671	8.7377e-05	0.11072	supercritical
745.0	2000.0	763.05	0.0013105	682.98	945.08	2.0795	1.0379	1.3872	887.63	-0.031706	8.7475e-05	0.1108	supercritical
