Temperature (K)	Pressure (bar)	Density (kg/m3)	Volume (m3/kg)	Internal Energy (kJ/kg)	Enthalpy (kJ/kg)	Entropy (J/g*K)	Cv (J/g*K)	Cp (J/g*K)	Sound Spd. (m/s)	Joule-Thomson (K/bar)	Viscosity (Pa*s)	Therm. Cond. (W/m*K)	Phase
276.0	56.5	927.98	0.0010776	198.79	204.88	1.0093	0.93557	2.4531	552.03	0.039462	0.00010046	0.10938	liquid
276.0	59.75	930.74	0.0010744	198.16	204.58	1.0069	0.93415	2.4286	558.13	0.037841	0.00010125	0.10995	liquid
276.0	63.0	933.41	0.0010713	197.54	204.28	1.0046	0.93293	2.4057	563.99	0.036307	0.00010202	0.11051	liquid
276.0	66.25	936.01	0.0010684	196.93	204.01	1.0023	0.93188	2.3841	569.63	0.034851	0.00010278	0.11106	liquid
276.0	69.5	938.54	0.0010655	196.34	203.74	1.0001	0.93097	2.3638	575.08	0.033467	0.00010352	0.1116	liquid
276.0	72.75	941.0	0.0010627	195.76	203.49	0.99795	0.93018	2.3447	580.36	0.032148	0.00010425	0.11213	liquid
276.0	76.0	943.4	0.00106	195.2	203.25	0.99583	0.9295	2.3266	585.48	0.030888	0.00010497	0.11265	liquid
276.0	79.25	945.75	0.0010574	194.65	203.03	0.99376	0.92891	2.3094	590.46	0.029684	0.00010568	0.11317	liquid
276.0	82.5	948.04	0.0010548	194.11	202.81	0.99173	0.92839	2.2931	595.3	0.02853	0.00010638	0.11367	liquid
276.0	85.75	950.28	0.0010523	193.58	202.6	0.98974	0.92794	2.2775	600.02	0.027423	0.00010707	0.11417	liquid
276.0	89.0	952.47	0.0010499	193.06	202.4	0.98778	0.92755	2.2627	604.63	0.026361	0.00010775	0.11466	liquid
276.0	92.25	954.62	0.0010475	192.55	202.21	0.98586	0.92721	2.2486	609.13	0.025339	0.00010842	0.11514	liquid
276.0	95.5	956.72	0.0010452	192.05	202.03	0.98397	0.92692	2.2351	613.53	0.024355	0.00010909	0.11562	liquid
276.0	98.75	958.78	0.001043	191.56	201.86	0.98211	0.92667	2.2221	617.84	0.023406	0.00010974	0.11608	liquid
276.0	102.0	960.8	0.0010408	191.08	201.69	0.98029	0.92645	2.2097	622.07	0.022491	0.00011039	0.11655	liquid
276.0	105.25	962.79	0.0010387	190.6	201.54	0.97849	0.92627	2.1978	626.21	0.021608	0.00011103	0.11701	liquid
276.0	108.5	964.74	0.0010366	190.14	201.38	0.97672	0.92611	2.1864	630.27	0.020754	0.00011167	0.11746	liquid
276.0	111.75	966.65	0.0010345	189.68	201.24	0.97498	0.92598	2.1754	634.27	0.019927	0.0001123	0.1179	liquid
276.0	115.0	968.53	0.0010325	189.23	201.1	0.97327	0.92587	2.1648	638.19	0.019128	0.00011292	0.11834	liquid
276.0	118.25	970.38	0.0010305	188.79	200.97	0.97157	0.92578	2.1545	642.05	0.018353	0.00011353	0.11878	liquid
276.0	121.5	972.2	0.0010286	188.35	200.85	0.96991	0.92571	2.1447	645.85	0.017601	0.00011414	0.11921	liquid
276.0	124.75	973.99	0.0010267	187.92	200.73	0.96826	0.92565	2.1352	649.58	0.016872	0.00011475	0.11964	liquid
276.0	128.0	975.76	0.0010248	187.49	200.61	0.96664	0.92562	2.126	653.27	0.016165	0.00011535	0.12006	liquid
276.0	131.25	977.49	0.001023	187.08	200.5	0.96504	0.92559	2.1171	656.89	0.015477	0.00011594	0.12048	liquid
276.0	134.5	979.2	0.0010212	186.66	200.4	0.96346	0.92558	2.1085	660.47	0.014809	0.00011653	0.12089	liquid
276.0	137.75	980.89	0.0010195	186.26	200.3	0.9619	0.92558	2.1002	663.99	0.014159	0.00011712	0.1213	liquid
276.0	141.0	982.55	0.0010178	185.85	200.21	0.96036	0.92559	2.0921	667.47	0.013527	0.0001177	0.1217	liquid
276.0	144.25	984.19	0.0010161	185.46	200.12	0.95883	0.92561	2.0843	670.91	0.012911	0.00011827	0.12211	liquid
276.0	147.5	985.8	0.0010144	185.07	200.03	0.95733	0.92564	2.0767	674.3	0.012311	0.00011884	0.1225	liquid
276.0	150.75	987.39	0.0010128	184.68	199.95	0.95584	0.92567	2.0693	677.64	0.011727	0.00011941	0.1229	liquid
276.0	154.0	988.96	0.0010112	184.3	199.87	0.95437	0.92572	2.0622	680.95	0.011157	0.00011998	0.12329	liquid
276.0	157.25	990.52	0.0010096	183.92	199.8	0.95292	0.92577	2.0552	684.22	0.010601	0.00012054	0.12368	liquid
276.0	160.5	992.05	0.001008	183.55	199.73	0.95148	0.92582	2.0484	687.45	0.010059	0.00012109	0.12406	liquid
276.0	163.75	993.56	0.0010065	183.18	199.67	0.95006	0.92588	2.0418	690.65	0.0095294	0.00012164	0.12444	liquid
276.0	167.0	995.05	0.001005	182.82	199.6	0.94865	0.92595	2.0354	693.8	0.0090124	0.00012219	0.12482	liquid
276.0	170.25	996.53	0.0010035	182.46	199.55	0.94726	0.92603	2.0292	696.93	0.0085073	0.00012274	0.12519	liquid
276.0	173.5	997.99	0.001002	182.11	199.49	0.94588	0.9261	2.0231	700.02	0.0080137	0.00012328	0.12556	liquid
276.0	176.75	999.43	0.0010006	181.76	199.44	0.94452	0.92618	2.0172	703.08	0.0075311	0.00012382	0.12593	liquid
276.0	180.0	1000.8	0.00099915	181.41	199.39	0.94317	0.92627	2.0114	706.11	0.0070591	0.00012435	0.1263	liquid
276.0	183.25	1002.3	0.00099775	181.06	199.35	0.94183	0.92636	2.0058	709.11	0.0065974	0.00012488	0.12666	liquid
276.0	186.5	1003.6	0.00099636	180.72	199.31	0.94051	0.92645	2.0003	712.08	0.0061456	0.00012541	0.12702	liquid
276.0	189.75	1005.0	0.000995	180.39	199.27	0.9392	0.92655	1.9949	715.02	0.0057033	0.00012594	0.12738	liquid
276.0	193.0	1006.4	0.00099365	180.06	199.23	0.9379	0.92665	1.9897	717.93	0.0052702	0.00012646	0.12774	liquid
276.0	196.25	1007.7	0.00099233	179.73	199.2	0.93661	0.92675	1.9845	720.82	0.004846	0.00012698	0.12809	liquid
276.0	199.5	1009.1	0.00099102	179.4	199.17	0.93533	0.92685	1.9795	723.68	0.0044305	0.0001275	0.12844	liquid
276.0	202.75	1010.4	0.00098972	179.08	199.14	0.93407	0.92696	1.9746	726.52	0.0040232	0.00012802	0.12879	liquid
276.0	206.0	1011.7	0.00098845	178.76	199.12	0.93282	0.92707	1.9698	729.33	0.003624	0.00012853	0.12913	liquid
276.0	209.25	1013.0	0.00098719	178.44	199.1	0.93157	0.92718	1.9652	732.11	0.0032325	0.00012904	0.12948	liquid
276.0	212.5	1014.3	0.00098594	178.13	199.08	0.93034	0.92729	1.9606	734.88	0.0028486	0.00012955	0.12982	liquid
276.0	215.75	1015.5	0.00098471	177.82	199.06	0.92912	0.92741	1.9561	737.62	0.002472	0.00013006	0.13016	liquid
276.0	219.0	1016.8	0.0009835	177.51	199.05	0.92791	0.92752	1.9517	740.34	0.0021025	0.00013056	0.13049	liquid
276.0	222.25	1018.0	0.0009823	177.2	199.03	0.92671	0.92764	1.9474	743.03	0.0017399	0.00013106	0.13083	liquid
276.0	225.5	1019.3	0.00098111	176.9	199.02	0.92551	0.92776	1.9432	745.71	0.0013839	0.00013156	0.13116	liquid
276.0	228.75	1020.5	0.00097994	176.6	199.02	0.92433	0.92788	1.939	748.36	0.0010343	0.00013205	0.13149	liquid
276.0	232.0	1021.7	0.00097878	176.3	199.01	0.92316	0.92801	1.935	750.99	0.00069104	0.00013255	0.13182	liquid
276.0	235.25	1022.9	0.00097764	176.01	199.01	0.922	0.92813	1.931	753.61	0.00035386	0.00013304	0.13215	liquid
276.0	238.5	1024.1	0.00097651	175.72	199.01	0.92084	0.92825	1.9271	756.2	2.2594e-05	0.00013353	0.13247	liquid
276.0	241.75	1025.2	0.00097539	175.43	199.01	0.91969	0.92838	1.9233	758.78	-0.00030293	0.00013402	0.13279	liquid
276.0	245.0	1026.4	0.00097428	175.14	199.01	0.91856	0.92851	1.9196	761.33	-0.00062286	0.00013451	0.13312	liquid
276.0	248.25	1027.6	0.00097319	174.86	199.02	0.91743	0.92863	1.9159	763.87	-0.00093735	0.00013499	0.13344	liquid
276.0	251.5	1028.7	0.00097211	174.57	199.02	0.91631	0.92876	1.9123	766.39	-0.0012466	0.00013547	0.13375	liquid
276.0	254.75	1029.8	0.00097104	174.29	199.03	0.91519	0.92889	1.9087	768.89	-0.0015506	0.00013595	0.13407	liquid
276.0	258.0	1031.0	0.00096998	174.02	199.04	0.91409	0.92902	1.9053	771.38	-0.0018497	0.00013643	0.13438	liquid
276.0	261.25	1032.1	0.00096893	173.74	199.05	0.91299	0.92915	1.9018	773.85	-0.0021439	0.00013691	0.1347	liquid
276.0	264.5	1033.2	0.00096789	173.47	199.07	0.9119	0.92929	1.8985	776.3	-0.0024333	0.00013738	0.13501	liquid
276.0	267.75	1034.3	0.00096686	173.2	199.08	0.91082	0.92942	1.8952	778.73	-0.0027181	0.00013786	0.13532	liquid
276.0	271.0	1035.4	0.00096585	172.93	199.1	0.90975	0.92955	1.8919	781.15	-0.0029984	0.00013833	0.13562	liquid
276.0	274.25	1036.4	0.00096484	172.66	199.12	0.90868	0.92969	1.8888	783.56	-0.0032743	0.0001388	0.13593	liquid
276.0	277.5	1037.5	0.00096384	172.39	199.14	0.90762	0.92982	1.8856	785.95	-0.003546	0.00013927	0.13623	liquid
276.0	280.75	1038.6	0.00096286	172.13	199.16	0.90657	0.92996	1.8826	788.32	-0.0038134	0.00013974	0.13654	liquid
276.0	284.0	1039.6	0.00096188	171.87	199.19	0.90552	0.93009	1.8795	790.68	-0.0040768	0.0001402	0.13684	liquid
276.0	287.25	1040.7	0.00096091	171.61	199.21	0.90448	0.93023	1.8765	793.02	-0.0043362	0.00014067	0.13714	liquid
276.0	290.5	1041.7	0.00095996	171.35	199.24	0.90345	0.93036	1.8736	795.35	-0.0045917	0.00014113	0.13744	liquid
276.0	293.75	1042.7	0.00095901	171.1	199.27	0.90243	0.9305	1.8707	797.67	-0.0048434	0.00014159	0.13774	liquid
276.0	297.0	1043.8	0.00095807	170.85	199.3	0.90141	0.93064	1.8679	799.97	-0.0050914	0.00014205	0.13803	liquid
276.0	300.25	1044.8	0.00095714	170.59	199.33	0.90039	0.93078	1.8651	802.26	-0.0053358	0.00014251	0.13833	liquid
276.0	303.5	1045.8	0.00095621	170.34	199.36	0.89939	0.93091	1.8624	804.53	-0.0055767	0.00014296	0.13862	liquid
276.0	306.75	1046.8	0.0009553	170.1	199.4	0.89839	0.93105	1.8597	806.79	-0.0058141	0.00014342	0.13891	liquid
276.0	310.0	1047.8	0.00095439	169.85	199.43	0.89739	0.93119	1.857	809.04	-0.0060481	0.00014387	0.1392	liquid
276.0	313.25	1048.8	0.00095349	169.6	199.47	0.8964	0.93133	1.8544	811.28	-0.0062788	0.00014433	0.13949	liquid
276.0	316.5	1049.8	0.00095261	169.36	199.51	0.89542	0.93147	1.8518	813.5	-0.0065064	0.00014478	0.13978	liquid
276.0	319.75	1050.7	0.00095172	169.12	199.55	0.89444	0.93161	1.8492	815.71	-0.0067307	0.00014523	0.14007	liquid
276.0	323.0	1051.7	0.00095085	168.88	199.59	0.89347	0.93175	1.8467	817.91	-0.006952	0.00014568	0.14035	liquid
276.0	326.25	1052.7	0.00094998	168.64	199.63	0.89251	0.93189	1.8443	820.1	-0.0071703	0.00014612	0.14064	liquid
276.0	329.5	1053.6	0.00094912	168.4	199.68	0.89155	0.93203	1.8418	822.27	-0.0073856	0.00014657	0.14092	liquid
276.0	332.75	1054.6	0.00094827	168.17	199.72	0.89059	0.93217	1.8394	824.44	-0.007598	0.00014701	0.1412	liquid
276.0	336.0	1055.5	0.00094743	167.93	199.77	0.88964	0.93231	1.8371	826.59	-0.0078075	0.00014746	0.14148	liquid
276.0	339.25	1056.4	0.00094659	167.7	199.82	0.8887	0.93245	1.8347	828.73	-0.0080143	0.0001479	0.14176	liquid
276.0	342.5	1057.4	0.00094576	167.47	199.86	0.88776	0.93259	1.8324	830.86	-0.0082184	0.00014834	0.14204	liquid
276.0	345.75	1058.3	0.00094493	167.24	199.91	0.88683	0.93274	1.8302	832.98	-0.0084199	0.00014878	0.14232	liquid
276.0	349.0	1059.2	0.00094412	167.01	199.96	0.8859	0.93288	1.8279	835.09	-0.0086187	0.00014922	0.1426	liquid
276.0	352.25	1060.1	0.0009433	166.79	200.02	0.88497	0.93302	1.8257	837.18	-0.008815	0.00014966	0.14287	liquid
276.0	355.5	1061.0	0.0009425	166.56	200.07	0.88405	0.93316	1.8235	839.27	-0.0090088	0.0001501	0.14315	liquid
276.0	358.75	1061.9	0.0009417	166.34	200.12	0.88314	0.9333	1.8214	841.35	-0.0092001	0.00015053	0.14342	liquid
276.0	362.0	1062.8	0.00094091	166.12	200.18	0.88223	0.93345	1.8193	843.41	-0.009389	0.00015097	0.14369	liquid
276.0	365.25	1063.7	0.00094013	165.9	200.23	0.88133	0.93359	1.8172	845.47	-0.0095756	0.0001514	0.14396	liquid
276.0	368.5	1064.6	0.00093935	165.68	200.29	0.88043	0.93373	1.8151	847.52	-0.0097598	0.00015184	0.14423	liquid
276.0	371.75	1065.4	0.00093857	165.46	200.35	0.87953	0.93387	1.8131	849.55	-0.0099418	0.00015227	0.1445	liquid
276.0	375.0	1066.3	0.00093781	165.24	200.41	0.87864	0.93402	1.8111	851.58	-0.010122	0.0001527	0.14477	liquid
276.0	378.25	1067.2	0.00093705	165.02	200.47	0.87775	0.93416	1.8091	853.59	-0.010299	0.00015313	0.14504	liquid
276.0	381.5	1068.0	0.00093629	164.81	200.53	0.87687	0.9343	1.8072	855.6	-0.010475	0.00015356	0.1453	liquid
276.0	384.75	1068.9	0.00093554	164.6	200.59	0.876	0.93445	1.8052	857.6	-0.010648	0.00015399	0.14557	liquid
276.0	388.0	1069.8	0.0009348	164.38	200.65	0.87512	0.93459	1.8033	859.59	-0.010819	0.00015441	0.14583	liquid
276.0	391.25	1070.6	0.00093406	164.17	200.72	0.87425	0.93473	1.8014	861.57	-0.010989	0.00015484	0.1461	liquid
276.0	394.5	1071.4	0.00093332	163.96	200.78	0.87339	0.93488	1.7996	863.54	-0.011156	0.00015526	0.14636	liquid
276.0	397.75	1072.3	0.00093259	163.75	200.85	0.87253	0.93502	1.7977	865.5	-0.011321	0.00015569	0.14662	liquid
276.0	401.0	1073.1	0.00093187	163.55	200.91	0.87167	0.93516	1.7959	867.45	-0.011485	0.00015611	0.14688	liquid
276.0	404.25	1073.9	0.00093115	163.34	200.98	0.87082	0.93531	1.7941	869.4	-0.011646	0.00015653	0.14714	liquid
276.0	407.5	1074.8	0.00093044	163.13	201.05	0.86997	0.93545	1.7924	871.33	-0.011806	0.00015696	0.1474	liquid
276.0	410.75	1075.6	0.00092973	162.93	201.12	0.86913	0.93559	1.7906	873.26	-0.011964	0.00015738	0.14766	liquid
276.0	414.0	1076.4	0.00092903	162.73	201.19	0.86829	0.93574	1.7889	875.18	-0.01212	0.0001578	0.14792	liquid
276.0	417.25	1077.2	0.00092833	162.53	201.26	0.86745	0.93588	1.7872	877.09	-0.012274	0.00015821	0.14817	liquid
276.0	420.5	1078.0	0.00092764	162.32	201.33	0.86662	0.93603	1.7855	878.99	-0.012427	0.00015863	0.14843	liquid
276.0	423.75	1078.8	0.00092695	162.13	201.4	0.86579	0.93617	1.7838	880.88	-0.012578	0.00015905	0.14868	liquid
276.0	427.0	1079.6	0.00092627	161.93	201.48	0.86496	0.93632	1.7822	882.77	-0.012727	0.00015947	0.14894	liquid
276.0	430.25	1080.4	0.00092559	161.73	201.55	0.86414	0.93646	1.7805	884.65	-0.012875	0.00015988	0.14919	liquid
276.0	433.5	1081.2	0.00092492	161.53	201.63	0.86332	0.9366	1.7789	886.52	-0.013021	0.0001603	0.14944	liquid
276.0	436.75	1082.0	0.00092425	161.34	201.7	0.86251	0.93675	1.7773	888.38	-0.013165	0.00016071	0.1497	liquid
276.0	440.0	1082.7	0.00092358	161.14	201.78	0.8617	0.93689	1.7758	890.24	-0.013308	0.00016113	0.14995	liquid
276.0	443.25	1083.5	0.00092292	160.95	201.86	0.86089	0.93704	1.7742	892.08	-0.013449	0.00016154	0.1502	liquid
276.0	446.5	1084.3	0.00092226	160.76	201.93	0.86008	0.93718	1.7727	893.92	-0.013589	0.00016195	0.15045	liquid
276.0	449.75	1085.1	0.00092161	160.56	202.01	0.85928	0.93733	1.7712	895.75	-0.013728	0.00016236	0.15069	liquid
276.0	453.0	1085.8	0.00092096	160.37	202.09	0.85849	0.93747	1.7696	897.58	-0.013865	0.00016277	0.15094	liquid
276.0	456.25	1086.6	0.00092032	160.18	202.17	0.85769	0.93762	1.7682	899.4	-0.014	0.00016318	0.15119	liquid
276.0	459.5	1087.3	0.00091968	159.99	202.25	0.8569	0.93776	1.7667	901.21	-0.014134	0.00016359	0.15144	liquid
276.0	462.75	1088.1	0.00091905	159.81	202.33	0.85611	0.93791	1.7652	903.01	-0.014267	0.000164	0.15168	liquid
276.0	466.0	1088.8	0.00091841	159.62	202.42	0.85533	0.93805	1.7638	904.81	-0.014398	0.00016441	0.15193	liquid
276.0	469.25	1089.6	0.00091779	159.43	202.5	0.85455	0.9382	1.7624	906.6	-0.014528	0.00016481	0.15217	liquid
276.0	472.5	1090.3	0.00091716	159.25	202.58	0.85377	0.93834	1.761	908.38	-0.014657	0.00016522	0.15241	liquid
276.0	475.75	1091.1	0.00091654	159.06	202.67	0.853	0.93849	1.7596	910.15	-0.014784	0.00016563	0.15266	liquid
276.0	479.0	1091.8	0.00091593	158.88	202.75	0.85223	0.93863	1.7582	911.92	-0.01491	0.00016603	0.1529	liquid
276.0	482.25	1092.5	0.00091531	158.7	202.84	0.85146	0.93878	1.7568	913.68	-0.015035	0.00016644	0.15314	liquid
276.0	485.5	1093.2	0.00091471	158.52	202.92	0.85069	0.93893	1.7555	915.44	-0.015159	0.00016684	0.15338	liquid
276.0	488.75	1094.0	0.0009141	158.33	203.01	0.84993	0.93907	1.7541	917.19	-0.015281	0.00016724	0.15362	liquid
276.0	492.0	1094.7	0.0009135	158.15	203.1	0.84917	0.93922	1.7528	918.93	-0.015402	0.00016764	0.15386	liquid
276.0	495.25	1095.4	0.0009129	157.97	203.19	0.84841	0.93936	1.7515	920.66	-0.015522	0.00016805	0.1541	liquid
276.0	498.5	1096.1	0.00091231	157.8	203.28	0.84766	0.93951	1.7502	922.39	-0.015641	0.00016845	0.15434	liquid
276.0	501.75	1096.8	0.00091172	157.62	203.36	0.84691	0.93965	1.7489	924.12	-0.015759	0.00016885	0.15458	liquid
276.0	505.0	1097.5	0.00091113	157.44	203.45	0.84616	0.9398	1.7476	925.83	-0.015875	0.00016925	0.15481	liquid
276.0	508.25	1098.2	0.00091055	157.27	203.54	0.84542	0.93995	1.7464	927.54	-0.015991	0.00016965	0.15505	liquid
276.0	511.5	1098.9	0.00090997	157.09	203.64	0.84468	0.94009	1.7451	929.25	-0.016105	0.00017005	0.15529	liquid
276.0	514.75	1099.6	0.00090939	156.92	203.73	0.84394	0.94024	1.7439	930.94	-0.016218	0.00017044	0.15552	liquid
276.0	518.0	1100.3	0.00090882	156.74	203.82	0.8432	0.94038	1.7427	932.64	-0.01633	0.00017084	0.15575	liquid
276.0	521.25	1101.0	0.00090825	156.57	203.91	0.84247	0.94053	1.7415	934.32	-0.016441	0.00017124	0.15599	liquid
276.0	524.5	1101.7	0.00090768	156.4	204.01	0.84174	0.94068	1.7403	936.0	-0.016551	0.00017164	0.15622	liquid
276.0	527.75	1102.4	0.00090711	156.23	204.1	0.84101	0.94082	1.7391	937.68	-0.01666	0.00017203	0.15645	liquid
276.0	531.0	1103.1	0.00090655	156.06	204.19	0.84028	0.94097	1.7379	939.34	-0.016768	0.00017243	0.15669	liquid
276.0	534.25	1103.8	0.000906	155.89	204.29	0.83956	0.94111	1.7368	941.01	-0.016875	0.00017282	0.15692	liquid
276.0	537.5	1104.4	0.00090544	155.72	204.38	0.83884	0.94126	1.7356	942.66	-0.016981	0.00017322	0.15715	liquid
276.0	540.75	1105.1	0.00090489	155.55	204.48	0.83812	0.94141	1.7345	944.31	-0.017086	0.00017361	0.15738	liquid
276.0	544.0	1105.8	0.00090434	155.38	204.58	0.83741	0.94155	1.7333	945.96	-0.01719	0.000174	0.15761	liquid
276.0	547.25	1106.4	0.0009038	155.21	204.67	0.83669	0.9417	1.7322	947.6	-0.017294	0.00017439	0.15784	liquid
276.0	550.5	1107.1	0.00090325	155.05	204.77	0.83598	0.94185	1.7311	949.23	-0.017396	0.00017479	0.15807	liquid
276.0	553.75	1107.8	0.00090272	154.88	204.87	0.83527	0.94199	1.73	950.86	-0.017497	0.00017518	0.1583	liquid
276.0	557.0	1108.4	0.00090218	154.72	204.97	0.83457	0.94214	1.7289	952.48	-0.017598	0.00017557	0.15852	liquid
276.0	560.25	1109.1	0.00090165	154.55	205.07	0.83387	0.94229	1.7279	954.1	-0.017697	0.00017596	0.15875	liquid
276.0	563.5	1109.7	0.00090111	154.39	205.17	0.83317	0.94243	1.7268	955.71	-0.017796	0.00017635	0.15898	liquid
276.0	566.75	1110.4	0.00090059	154.23	205.27	0.83247	0.94258	1.7257	957.32	-0.017893	0.00017674	0.1592	liquid
276.0	570.0	1111.0	0.00090006	154.06	205.37	0.83177	0.94273	1.7247	958.92	-0.01799	0.00017713	0.15943	liquid
276.0	573.25	1111.7	0.00089954	153.9	205.47	0.83108	0.94287	1.7236	960.52	-0.018086	0.00017752	0.15965	liquid
276.0	576.5	1112.3	0.00089902	153.74	205.57	0.83039	0.94302	1.7226	962.11	-0.018182	0.0001779	0.15988	liquid
276.0	579.75	1113.0	0.0008985	153.58	205.67	0.8297	0.94317	1.7216	963.69	-0.018276	0.00017829	0.1601	liquid
276.0	583.0	1113.6	0.00089799	153.42	205.78	0.82901	0.94331	1.7206	965.27	-0.018369	0.00017868	0.16033	liquid
276.0	586.25	1114.2	0.00089748	153.26	205.88	0.82833	0.94346	1.7196	966.85	-0.018462	0.00017907	0.16055	liquid
276.0	589.5	1114.9	0.00089697	153.11	205.98	0.82765	0.94361	1.7186	968.42	-0.018554	0.00017945	0.16077	liquid
276.0	592.75	1115.5	0.00089646	152.95	206.09	0.82697	0.94375	1.7176	969.99	-0.018645	0.00017984	0.16099	liquid
276.0	596.0	1116.1	0.00089596	152.79	206.19	0.82629	0.9439	1.7166	971.55	-0.018736	0.00018022	0.16121	liquid
276.0	599.25	1116.8	0.00089546	152.63	206.29	0.82561	0.94405	1.7157	973.1	-0.018825	0.00018061	0.16143	liquid
276.0	602.5	1117.4	0.00089496	152.48	206.4	0.82494	0.9442	1.7147	974.65	-0.018914	0.00018099	0.16166	liquid
276.0	605.75	1118.0	0.00089446	152.32	206.51	0.82427	0.94434	1.7137	976.2	-0.019003	0.00018138	0.16188	liquid
276.0	609.0	1118.6	0.00089397	152.17	206.61	0.8236	0.94449	1.7128	977.74	-0.01909	0.00018176	0.16209	liquid
276.0	612.25	1119.2	0.00089347	152.01	206.72	0.82294	0.94464	1.7119	979.28	-0.019177	0.00018214	0.16231	liquid
276.0	615.5	1119.8	0.00089299	151.86	206.82	0.82227	0.94479	1.7109	980.81	-0.019263	0.00018253	0.16253	liquid
276.0	618.75	1120.4	0.0008925	151.71	206.93	0.82161	0.94493	1.71	982.34	-0.019348	0.00018291	0.16275	liquid
276.0	622.0	1121.1	0.00089201	151.56	207.04	0.82095	0.94508	1.7091	983.86	-0.019432	0.00018329	0.16297	liquid
276.0	625.25	1121.7	0.00089153	151.4	207.15	0.82029	0.94523	1.7082	985.38	-0.019516	0.00018367	0.16319	liquid
276.0	628.5	1122.3	0.00089105	151.25	207.26	0.81963	0.94538	1.7073	986.89	-0.019599	0.00018405	0.1634	liquid
276.0	631.75	1122.9	0.00089058	151.1	207.37	0.81898	0.94552	1.7064	988.4	-0.019682	0.00018443	0.16362	liquid
276.0	635.0	1123.5	0.0008901	150.95	207.47	0.81833	0.94567	1.7056	989.9	-0.019764	0.00018481	0.16383	liquid
276.0	638.25	1124.1	0.00088963	150.8	207.58	0.81768	0.94582	1.7047	991.4	-0.019845	0.00018519	0.16405	liquid
276.0	641.5	1124.7	0.00088916	150.66	207.69	0.81703	0.94597	1.7038	992.9	-0.019926	0.00018557	0.16426	liquid
276.0	644.75	1125.3	0.00088869	150.51	207.81	0.81638	0.94611	1.703	994.39	-0.020005	0.00018595	0.16448	liquid
276.0	648.0	1125.8	0.00088822	150.36	207.92	0.81574	0.94626	1.7021	995.87	-0.020085	0.00018633	0.16469	liquid
276.0	651.25	1126.4	0.00088776	150.21	208.03	0.8151	0.94641	1.7013	997.35	-0.020163	0.00018671	0.16491	liquid
276.0	654.5	1127.0	0.0008873	150.07	208.14	0.81446	0.94656	1.7004	998.83	-0.020241	0.00018708	0.16512	liquid
276.0	657.75	1127.6	0.00088684	149.92	208.25	0.81382	0.9467	1.6996	1000.3	-0.020319	0.00018746	0.16533	liquid
276.0	661.0	1128.2	0.00088638	149.77	208.36	0.81318	0.94685	1.6988	1001.8	-0.020396	0.00018784	0.16555	liquid
276.0	664.25	1128.8	0.00088592	149.63	208.48	0.81255	0.947	1.698	1003.2	-0.020472	0.00018822	0.16576	liquid
276.0	667.5	1129.3	0.00088547	149.48	208.59	0.81191	0.94715	1.6971	1004.7	-0.020547	0.00018859	0.16597	liquid
276.0	670.75	1129.9	0.00088502	149.34	208.7	0.81128	0.9473	1.6963	1006.2	-0.020622	0.00018897	0.16618	liquid
276.0	674.0	1130.5	0.00088457	149.2	208.82	0.81065	0.94745	1.6955	1007.6	-0.020697	0.00018934	0.16639	liquid
276.0	677.25	1131.1	0.00088412	149.05	208.93	0.81002	0.94759	1.6948	1009.1	-0.020771	0.00018972	0.1666	liquid
276.0	680.5	1131.6	0.00088368	148.91	209.05	0.8094	0.94774	1.694	1010.5	-0.020844	0.00019009	0.16681	liquid
276.0	683.75	1132.2	0.00088323	148.77	209.16	0.80878	0.94789	1.6932	1011.9	-0.020917	0.00019047	0.16702	liquid
276.0	687.0	1132.8	0.00088279	148.63	209.28	0.80815	0.94804	1.6924	1013.4	-0.020989	0.00019084	0.16723	liquid
276.0	690.25	1133.3	0.00088235	148.49	209.39	0.80753	0.94819	1.6916	1014.8	-0.021061	0.00019122	0.16744	liquid
276.0	693.5	1133.9	0.00088192	148.35	209.51	0.80691	0.94833	1.6909	1016.2	-0.021132	0.00019159	0.16765	liquid
276.0	696.75	1134.5	0.00088148	148.21	209.62	0.8063	0.94848	1.6901	1017.7	-0.021202	0.00019196	0.16786	liquid
276.0	700.0	1135.0	0.00088105	148.07	209.74	0.80568	0.94863	1.6894	1019.1	-0.021272	0.00019233	0.16806	liquid
276.0	703.25	1135.6	0.00088062	147.93	209.86	0.80507	0.94878	1.6886	1020.5	-0.021342	0.00019271	0.16827	liquid
276.0	706.5	1136.1	0.00088019	147.79	209.97	0.80446	0.94893	1.6879	1021.9	-0.021411	0.00019308	0.16848	liquid
276.0	709.75	1136.7	0.00087976	147.65	210.09	0.80385	0.94908	1.6872	1023.3	-0.021479	0.00019345	0.16868	liquid
276.0	713.0	1137.2	0.00087933	147.51	210.21	0.80324	0.94923	1.6864	1024.7	-0.021547	0.00019382	0.16889	liquid
276.0	716.25	1137.8	0.00087891	147.38	210.33	0.80263	0.94937	1.6857	1026.1	-0.021615	0.00019419	0.1691	liquid
276.0	719.5	1138.3	0.00087849	147.24	210.45	0.80203	0.94952	1.685	1027.5	-0.021682	0.00019456	0.1693	liquid
276.0	722.75	1138.9	0.00087806	147.1	210.57	0.80142	0.94967	1.6843	1028.9	-0.021748	0.00019493	0.16951	liquid
276.0	726.0	1139.4	0.00087765	146.97	210.69	0.80082	0.94982	1.6836	1030.3	-0.021814	0.0001953	0.16971	liquid
276.0	729.25	1140.0	0.00087723	146.83	210.8	0.80022	0.94997	1.6829	1031.7	-0.02188	0.00019567	0.16991	liquid
276.0	732.5	1140.5	0.00087681	146.7	210.92	0.79962	0.95012	1.6822	1033.1	-0.021945	0.00019604	0.17012	liquid
276.0	735.75	1141.0	0.0008764	146.56	211.04	0.79903	0.95027	1.6815	1034.4	-0.02201	0.00019641	0.17032	liquid
276.0	739.0	1141.6	0.00087599	146.43	211.17	0.79843	0.95042	1.6808	1035.8	-0.022074	0.00019678	0.17053	liquid
276.0	742.25	1142.1	0.00087558	146.3	211.29	0.79784	0.95056	1.6802	1037.2	-0.022137	0.00019715	0.17073	liquid
276.0	745.5	1142.6	0.00087517	146.16	211.41	0.79724	0.95071	1.6795	1038.5	-0.022201	0.00019752	0.17094	liquid
276.0	748.75	1143.2	0.00087476	146.03	211.53	0.79665	0.95086	1.6788	1039.9	-0.022263	0.00019789	0.17114	liquid
276.0	752.0	1143.7	0.00087436	145.9	211.65	0.79606	0.95101	1.6781	1041.3	-0.022326	0.00019825	0.17134	liquid
276.0	755.25	1144.2	0.00087395	145.77	211.77	0.79548	0.95116	1.6775	1042.6	-0.022387	0.00019862	0.17154	liquid
276.0	758.5	1144.8	0.00087355	145.63	211.89	0.79489	0.95131	1.6768	1044.0	-0.022449	0.00019899	0.17175	liquid
276.0	761.75	1145.3	0.00087315	145.5	212.02	0.79431	0.95146	1.6762	1045.3	-0.02251	0.00019936	0.17195	liquid
276.0	765.0	1145.8	0.00087275	145.37	212.14	0.79372	0.95161	1.6755	1046.7	-0.022571	0.00019972	0.17215	liquid
276.0	768.25	1146.3	0.00087236	145.24	212.26	0.79314	0.95176	1.6749	1048.0	-0.022631	0.00020009	0.17235	liquid
276.0	771.5	1146.8	0.00087196	145.11	212.39	0.79256	0.95191	1.6743	1049.4	-0.02269	0.00020045	0.17255	liquid
276.0	774.75	1147.4	0.00087157	144.98	212.51	0.79198	0.95206	1.6736	1050.7	-0.02275	0.00020082	0.17275	liquid
276.0	778.0	1147.9	0.00087117	144.86	212.63	0.79141	0.95221	1.673	1052.0	-0.022809	0.00020119	0.17295	liquid
276.0	781.25	1148.4	0.00087078	144.73	212.76	0.79083	0.95236	1.6724	1053.4	-0.022867	0.00020155	0.17315	liquid
276.0	784.5	1148.9	0.00087039	144.6	212.88	0.79025	0.9525	1.6718	1054.7	-0.022925	0.00020192	0.17335	liquid
276.0	787.75	1149.4	0.00087001	144.47	213.01	0.78968	0.95265	1.6712	1056.0	-0.022983	0.00020228	0.17355	liquid
276.0	791.0	1149.9	0.00086962	144.34	213.13	0.78911	0.9528	1.6706	1057.3	-0.02304	0.00020264	0.17375	liquid
276.0	794.25	1150.4	0.00086923	144.22	213.26	0.78854	0.95295	1.6699	1058.6	-0.023097	0.00020301	0.17395	liquid
276.0	797.5	1150.9	0.00086885	144.09	213.38	0.78797	0.9531	1.6693	1059.9	-0.023154	0.00020337	0.17415	liquid
276.0	800.75	1151.5	0.00086847	143.96	213.51	0.7874	0.95325	1.6688	1061.3	-0.02321	0.00020374	0.17434	liquid
276.0	804.0	1152.0	0.00086809	143.84	213.63	0.78684	0.9534	1.6682	1062.6	-0.023266	0.0002041	0.17454	liquid
276.0	807.25	1152.5	0.00086771	143.71	213.76	0.78627	0.95355	1.6676	1063.9	-0.023321	0.00020446	0.17474	liquid
276.0	810.5	1153.0	0.00086733	143.59	213.89	0.78571	0.9537	1.667	1065.2	-0.023376	0.00020482	0.17494	liquid
276.0	813.75	1153.5	0.00086696	143.46	214.01	0.78515	0.95385	1.6664	1066.5	-0.023431	0.00020519	0.17513	liquid
276.0	817.0	1154.0	0.00086658	143.34	214.14	0.78459	0.954	1.6658	1067.8	-0.023485	0.00020555	0.17533	liquid
276.0	820.25	1154.5	0.00086621	143.22	214.27	0.78403	0.95415	1.6653	1069.0	-0.023539	0.00020591	0.17552	liquid
276.0	823.5	1155.0	0.00086584	143.09	214.4	0.78347	0.9543	1.6647	1070.3	-0.023593	0.00020627	0.17572	liquid
276.0	826.75	1155.4	0.00086547	142.97	214.52	0.78292	0.95445	1.6641	1071.6	-0.023646	0.00020663	0.17592	liquid
276.0	830.0	1155.9	0.0008651	142.85	214.65	0.78236	0.9546	1.6636	1072.9	-0.023699	0.000207	0.17611	liquid
276.0	833.25	1156.4	0.00086473	142.73	214.78	0.78181	0.95475	1.663	1074.2	-0.023751	0.00020736	0.17631	liquid
276.0	836.5	1156.9	0.00086437	142.6	214.91	0.78125	0.9549	1.6625	1075.4	-0.023803	0.00020772	0.1765	liquid
276.0	839.75	1157.4	0.000864	142.48	215.04	0.7807	0.95505	1.6619	1076.7	-0.023855	0.00020808	0.17669	liquid
276.0	843.0	1157.9	0.00086364	142.36	215.17	0.78015	0.9552	1.6614	1078.0	-0.023907	0.00020844	0.17689	liquid
276.0	846.25	1158.4	0.00086327	142.24	215.29	0.7796	0.95535	1.6608	1079.3	-0.023958	0.0002088	0.17708	liquid
276.0	849.5	1158.9	0.00086291	142.12	215.42	0.77906	0.9555	1.6603	1080.5	-0.024009	0.00020916	0.17727	liquid
276.0	852.75	1159.3	0.00086255	142.0	215.55	0.77851	0.95565	1.6598	1081.8	-0.024059	0.00020952	0.17747	liquid
276.0	856.0	1159.8	0.0008622	141.88	215.68	0.77797	0.9558	1.6592	1083.0	-0.024109	0.00020988	0.17766	liquid
276.0	859.25	1160.3	0.00086184	141.76	215.81	0.77742	0.95595	1.6587	1084.3	-0.024159	0.00021024	0.17785	liquid
276.0	862.5	1160.8	0.00086148	141.64	215.94	0.77688	0.9561	1.6582	1085.5	-0.024209	0.00021059	0.17805	liquid
276.0	865.75	1161.3	0.00086113	141.52	216.07	0.77634	0.95625	1.6577	1086.8	-0.024258	0.00021095	0.17824	liquid
276.0	869.0	1161.7	0.00086078	141.4	216.21	0.7758	0.9564	1.6571	1088.0	-0.024307	0.00021131	0.17843	liquid
276.0	872.25	1162.2	0.00086042	141.29	216.34	0.77526	0.95655	1.6566	1089.3	-0.024356	0.00021167	0.17862	liquid
276.0	875.5	1162.7	0.00086007	141.17	216.47	0.77472	0.9567	1.6561	1090.5	-0.024404	0.00021203	0.17881	liquid
276.0	878.75	1163.2	0.00085972	141.05	216.6	0.77419	0.95685	1.6556	1091.7	-0.024452	0.00021239	0.179	liquid
276.0	882.0	1163.6	0.00085938	140.93	216.73	0.77365	0.957	1.6551	1093.0	-0.024499	0.00021274	0.17919	liquid
276.0	885.25	1164.1	0.00085903	140.82	216.86	0.77312	0.95715	1.6546	1094.2	-0.024547	0.0002131	0.17938	liquid
276.0	888.5	1164.6	0.00085868	140.7	216.99	0.77259	0.9573	1.6541	1095.4	-0.024594	0.00021346	0.17957	liquid
276.0	891.75	1165.0	0.00085834	140.58	217.13	0.77205	0.95745	1.6536	1096.7	-0.024641	0.00021381	0.17976	liquid
276.0	895.0	1165.5	0.000858	140.47	217.26	0.77152	0.9576	1.6531	1097.9	-0.024687	0.00021417	0.17995	liquid
276.0	898.25	1166.0	0.00085765	140.35	217.39	0.77099	0.95775	1.6526	1099.1	-0.024733	0.00021453	0.18014	liquid
276.0	901.5	1166.4	0.00085731	140.24	217.53	0.77047	0.9579	1.6522	1100.3	-0.024779	0.00021488	0.18033	liquid
276.0	904.75	1166.9	0.00085697	140.12	217.66	0.76994	0.95806	1.6517	1101.5	-0.024825	0.00021524	0.18052	liquid
276.0	908.0	1167.4	0.00085663	140.01	217.79	0.76941	0.95821	1.6512	1102.7	-0.02487	0.0002156	0.18071	liquid
276.0	911.25	1167.8	0.0008563	139.9	217.93	0.76889	0.95836	1.6507	1104.0	-0.024915	0.00021595	0.1809	liquid
276.0	914.5	1168.3	0.00085596	139.78	218.06	0.76837	0.95851	1.6503	1105.2	-0.02496	0.00021631	0.18108	liquid
276.0	917.75	1168.7	0.00085563	139.67	218.19	0.76784	0.95866	1.6498	1106.4	-0.025005	0.00021666	0.18127	liquid
276.0	921.0	1169.2	0.00085529	139.55	218.33	0.76732	0.95881	1.6493	1107.6	-0.025049	0.00021702	0.18146	liquid
276.0	924.25	1169.6	0.00085496	139.44	218.46	0.7668	0.95896	1.6489	1108.8	-0.025093	0.00021737	0.18165	liquid
276.0	927.5	1170.1	0.00085463	139.33	218.6	0.76628	0.95911	1.6484	1110.0	-0.025137	0.00021773	0.18183	liquid
276.0	930.75	1170.6	0.0008543	139.22	218.73	0.76576	0.95926	1.6479	1111.1	-0.02518	0.00021808	0.18202	liquid
276.0	934.0	1171.0	0.00085397	139.11	218.87	0.76525	0.95941	1.6475	1112.3	-0.025223	0.00021843	0.18221	liquid
276.0	937.25	1171.5	0.00085364	138.99	219.0	0.76473	0.95956	1.647	1113.5	-0.025266	0.00021879	0.18239	liquid
276.0	940.5	1171.9	0.00085331	138.88	219.14	0.76422	0.95971	1.6466	1114.7	-0.025309	0.00021914	0.18258	liquid
276.0	943.75	1172.4	0.00085299	138.77	219.27	0.7637	0.95986	1.6461	1115.9	-0.025351	0.0002195	0.18277	liquid
276.0	947.0	1172.8	0.00085266	138.66	219.41	0.76319	0.96001	1.6457	1117.1	-0.025394	0.00021985	0.18295	liquid
276.0	950.25	1173.2	0.00085234	138.55	219.54	0.76268	0.96017	1.6453	1118.2	-0.025436	0.0002202	0.18314	liquid
276.0	953.5	1173.7	0.00085201	138.44	219.68	0.76217	0.96032	1.6448	1119.4	-0.025477	0.00022056	0.18332	liquid
276.0	956.75	1174.1	0.00085169	138.33	219.82	0.76166	0.96047	1.6444	1120.6	-0.025519	0.00022091	0.18351	liquid
276.0	960.0	1174.6	0.00085137	138.22	219.95	0.76115	0.96062	1.644	1121.8	-0.02556	0.00022126	0.18369	liquid
276.0	963.25	1175.0	0.00085105	138.11	220.09	0.76065	0.96077	1.6435	1122.9	-0.025601	0.00022161	0.18387	liquid
276.0	966.5	1175.5	0.00085073	138.0	220.23	0.76014	0.96092	1.6431	1124.1	-0.025641	0.00022197	0.18406	liquid
276.0	969.75	1175.9	0.00085041	137.89	220.36	0.75963	0.96107	1.6427	1125.3	-0.025682	0.00022232	0.18424	liquid
276.0	973.0	1176.3	0.0008501	137.79	220.5	0.75913	0.96122	1.6423	1126.4	-0.025722	0.00022267	0.18443	liquid
276.0	976.25	1176.8	0.00084978	137.68	220.64	0.75863	0.96137	1.6418	1127.6	-0.025762	0.00022302	0.18461	liquid
276.0	979.5	1177.2	0.00084947	137.57	220.78	0.75812	0.96152	1.6414	1128.7	-0.025802	0.00022338	0.18479	liquid
276.0	982.75	1177.6	0.00084915	137.46	220.91	0.75762	0.96168	1.641	1129.9	-0.025841	0.00022373	0.18498	liquid
276.0	986.0	1178.1	0.00084884	137.35	221.05	0.75712	0.96183	1.6406	1131.0	-0.025881	0.00022408	0.18516	liquid
276.0	989.25	1178.5	0.00084853	137.25	221.19	0.75662	0.96198	1.6402	1132.2	-0.02592	0.00022443	0.18534	liquid
276.0	992.5	1178.9	0.00084822	137.14	221.33	0.75613	0.96213	1.6398	1133.3	-0.025958	0.00022478	0.18552	liquid
276.0	995.75	1179.4	0.00084791	137.03	221.47	0.75563	0.96228	1.6394	1134.5	-0.025997	0.00022513	0.18571	liquid
276.0	999.0	1179.8	0.0008476	136.93	221.6	0.75513	0.96243	1.639	1135.6	-0.026035	0.00022548	0.18589	liquid
276.0	1002.2	1180.2	0.00084729	136.82	221.74	0.75464	0.96258	1.6386	1136.7	-0.026074	0.00022583	0.18607	liquid
276.0	1005.5	1180.7	0.00084698	136.72	221.88	0.75414	0.96273	1.6382	1137.9	-0.026112	0.00022618	0.18625	liquid
276.0	1008.8	1181.1	0.00084668	136.61	222.02	0.75365	0.96289	1.6378	1139.0	-0.026149	0.00022653	0.18643	liquid
276.0	1012.0	1181.5	0.00084637	136.51	222.16	0.75316	0.96304	1.6374	1140.1	-0.026187	0.00022688	0.18661	liquid
276.0	1015.2	1181.9	0.00084607	136.4	222.3	0.75267	0.96319	1.637	1141.3	-0.026224	0.00022723	0.18679	liquid
276.0	1018.5	1182.4	0.00084577	136.3	222.44	0.75218	0.96334	1.6366	1142.4	-0.026261	0.00022758	0.18697	liquid
276.0	1021.8	1182.8	0.00084546	136.19	222.58	0.75169	0.96349	1.6362	1143.5	-0.026298	0.00022793	0.18715	liquid
276.0	1025.0	1183.2	0.00084516	136.09	222.72	0.7512	0.96364	1.6358	1144.6	-0.026335	0.00022828	0.18733	liquid
276.0	1028.2	1183.6	0.00084486	135.99	222.86	0.75071	0.96379	1.6355	1145.8	-0.026371	0.00022863	0.18751	liquid
276.0	1031.5	1184.0	0.00084456	135.88	223.0	0.75023	0.96394	1.6351	1146.9	-0.026407	0.00022898	0.18769	liquid
276.0	1034.8	1184.5	0.00084426	135.78	223.14	0.74974	0.9641	1.6347	1148.0	-0.026443	0.00022933	0.18787	liquid
276.0	1038.0	1184.9	0.00084397	135.68	223.28	0.74925	0.96425	1.6343	1149.1	-0.026479	0.00022968	0.18805	liquid
276.0	1041.2	1185.3	0.00084367	135.57	223.42	0.74877	0.9644	1.634	1150.2	-0.026515	0.00023003	0.18823	liquid
276.0	1044.5	1185.7	0.00084337	135.47	223.56	0.74829	0.96455	1.6336	1151.3	-0.02655	0.00023037	0.18841	liquid
276.0	1047.8	1186.1	0.00084308	135.37	223.7	0.74781	0.9647	1.6332	1152.4	-0.026586	0.00023072	0.18859	liquid
276.0	1051.0	1186.5	0.00084279	135.27	223.84	0.74733	0.96485	1.6329	1153.5	-0.026621	0.00023107	0.18877	liquid
276.0	1054.2	1187.0	0.00084249	135.17	223.99	0.74685	0.965	1.6325	1154.6	-0.026656	0.00023142	0.18895	liquid
276.0	1057.5	1187.4	0.0008422	135.06	224.13	0.74637	0.96516	1.6321	1155.7	-0.02669	0.00023177	0.18912	liquid
276.0	1060.8	1187.8	0.00084191	134.96	224.27	0.74589	0.96531	1.6318	1156.8	-0.026725	0.00023211	0.1893	liquid
276.0	1064.0	1188.2	0.00084162	134.86	224.41	0.74541	0.96546	1.6314	1157.9	-0.026759	0.00023246	0.18948	liquid
276.0	1067.2	1188.6	0.00084133	134.76	224.55	0.74493	0.96561	1.6311	1159.0	-0.026793	0.00023281	0.18966	liquid
276.0	1070.5	1189.0	0.00084104	134.66	224.69	0.74446	0.96576	1.6307	1160.1	-0.026827	0.00023316	0.18983	liquid
276.0	1073.8	1189.4	0.00084075	134.56	224.84	0.74398	0.96591	1.6304	1161.2	-0.026861	0.0002335	0.19001	liquid
276.0	1077.0	1189.8	0.00084046	134.46	224.98	0.74351	0.96607	1.63	1162.3	-0.026894	0.00023385	0.19019	liquid
276.0	1080.2	1190.2	0.00084018	134.36	225.12	0.74304	0.96622	1.6297	1163.4	-0.026928	0.0002342	0.19036	liquid
276.0	1083.5	1190.6	0.00083989	134.26	225.26	0.74256	0.96637	1.6293	1164.5	-0.026961	0.00023455	0.19054	liquid
276.0	1086.8	1191.0	0.00083961	134.16	225.41	0.74209	0.96652	1.629	1165.5	-0.026994	0.00023489	0.19072	liquid
276.0	1090.0	1191.4	0.00083932	134.06	225.55	0.74162	0.96667	1.6286	1166.6	-0.027027	0.00023524	0.19089	liquid
276.0	1093.2	1191.8	0.00083904	133.96	225.69	0.74115	0.96682	1.6283	1167.7	-0.027059	0.00023558	0.19107	liquid
276.0	1096.5	1192.2	0.00083876	133.87	225.84	0.74068	0.96698	1.628	1168.8	-0.027092	0.00023593	0.19125	liquid
276.0	1099.8	1192.6	0.00083848	133.77	225.98	0.74022	0.96713	1.6276	1169.9	-0.027124	0.00023628	0.19142	liquid
276.0	1103.0	1193.0	0.0008382	133.67	226.12	0.73975	0.96728	1.6273	1170.9	-0.027156	0.00023662	0.1916	liquid
276.0	1106.2	1193.4	0.00083792	133.57	226.27	0.73928	0.96743	1.627	1172.0	-0.027188	0.00023697	0.19177	liquid
276.0	1109.5	1193.8	0.00083764	133.47	226.41	0.73882	0.96758	1.6266	1173.1	-0.02722	0.00023731	0.19195	liquid
276.0	1112.8	1194.2	0.00083736	133.38	226.55	0.73835	0.96773	1.6263	1174.1	-0.027251	0.00023766	0.19212	liquid
276.0	1116.0	1194.6	0.00083708	133.28	226.7	0.73789	0.96789	1.626	1175.2	-0.027283	0.000238	0.1923	liquid
276.0	1119.2	1195.0	0.00083681	133.18	226.84	0.73743	0.96804	1.6257	1176.2	-0.027314	0.00023835	0.19247	liquid
276.0	1122.5	1195.4	0.00083653	133.09	226.99	0.73696	0.96819	1.6253	1177.3	-0.027345	0.0002387	0.19264	liquid
276.0	1125.8	1195.8	0.00083626	132.99	227.13	0.7365	0.96834	1.625	1178.4	-0.027376	0.00023904	0.19282	liquid
276.0	1129.0	1196.2	0.00083598	132.89	227.28	0.73604	0.96849	1.6247	1179.4	-0.027407	0.00023939	0.19299	liquid
276.0	1132.2	1196.6	0.00083571	132.8	227.42	0.73558	0.96864	1.6244	1180.5	-0.027438	0.00023973	0.19317	liquid
276.0	1135.5	1197.0	0.00083543	132.7	227.57	0.73512	0.9688	1.6241	1181.5	-0.027468	0.00024007	0.19334	liquid
276.0	1138.8	1197.4	0.00083516	132.61	227.71	0.73467	0.96895	1.6238	1182.6	-0.027498	0.00024042	0.19351	liquid
276.0	1142.0	1197.8	0.00083489	132.51	227.86	0.73421	0.9691	1.6234	1183.6	-0.027528	0.00024076	0.19369	liquid
276.0	1145.2	1198.1	0.00083462	132.42	228.0	0.73375	0.96925	1.6231	1184.7	-0.027558	0.00024111	0.19386	liquid
276.0	1148.5	1198.5	0.00083435	132.32	228.15	0.7333	0.9694	1.6228	1185.7	-0.027588	0.00024145	0.19403	liquid
276.0	1151.8	1198.9	0.00083408	132.23	228.29	0.73284	0.96956	1.6225	1186.7	-0.027618	0.0002418	0.1942	liquid
276.0	1155.0	1199.3	0.00083381	132.13	228.44	0.73239	0.96971	1.6222	1187.8	-0.027647	0.00024214	0.19438	liquid
276.0	1158.2	1199.7	0.00083355	132.04	228.58	0.73193	0.96986	1.6219	1188.8	-0.027677	0.00024248	0.19455	liquid
276.0	1161.5	1200.1	0.00083328	131.95	228.73	0.73148	0.97001	1.6216	1189.8	-0.027706	0.00024283	0.19472	liquid
276.0	1164.8	1200.5	0.00083301	131.85	228.88	0.73103	0.97016	1.6213	1190.9	-0.027735	0.00024317	0.19489	liquid
276.0	1168.0	1200.8	0.00083275	131.76	229.02	0.73058	0.97031	1.621	1191.9	-0.027764	0.00024351	0.19506	liquid
276.0	1171.2	1201.2	0.00083248	131.66	229.17	0.73013	0.97047	1.6207	1192.9	-0.027793	0.00024386	0.19524	liquid
276.0	1174.5	1201.6	0.00083222	131.57	229.32	0.72968	0.97062	1.6204	1194.0	-0.027821	0.0002442	0.19541	liquid
276.0	1177.8	1202.0	0.00083196	131.48	229.46	0.72923	0.97077	1.6201	1195.0	-0.02785	0.00024454	0.19558	liquid
276.0	1181.0	1202.4	0.00083169	131.39	229.61	0.72878	0.97092	1.6198	1196.0	-0.027878	0.00024489	0.19575	liquid
276.0	1184.2	1202.7	0.00083143	131.29	229.76	0.72834	0.97107	1.6195	1197.0	-0.027906	0.00024523	0.19592	liquid
276.0	1187.5	1203.1	0.00083117	131.2	229.9	0.72789	0.97123	1.6193	1198.1	-0.027934	0.00024557	0.19609	liquid
276.0	1190.8	1203.5	0.00083091	131.11	230.05	0.72744	0.97138	1.619	1199.1	-0.027962	0.00024592	0.19626	liquid
276.0	1194.0	1203.9	0.00083065	131.02	230.2	0.727	0.97153	1.6187	1200.1	-0.02799	0.00024626	0.19643	liquid
276.0	1197.2	1204.3	0.00083039	130.93	230.34	0.72655	0.97168	1.6184	1201.1	-0.028017	0.0002466	0.1966	liquid
276.0	1200.5	1204.6	0.00083013	130.83	230.49	0.72611	0.97183	1.6181	1202.1	-0.028045	0.00024694	0.19677	liquid
276.0	1203.8	1205.0	0.00082988	130.74	230.64	0.72567	0.97199	1.6178	1203.1	-0.028072	0.00024728	0.19694	liquid
276.0	1207.0	1205.4	0.00082962	130.65	230.79	0.72523	0.97214	1.6176	1204.1	-0.028099	0.00024763	0.19711	liquid
276.0	1210.2	1205.7	0.00082936	130.56	230.93	0.72478	0.97229	1.6173	1205.2	-0.028126	0.00024797	0.19728	liquid
276.0	1213.5	1206.1	0.00082911	130.47	231.08	0.72434	0.97244	1.617	1206.2	-0.028153	0.00024831	0.19745	liquid
276.0	1216.8	1206.5	0.00082885	130.38	231.23	0.7239	0.97259	1.6167	1207.2	-0.02818	0.00024865	0.19762	liquid
276.0	1220.0	1206.9	0.0008286	130.29	231.38	0.72346	0.97275	1.6165	1208.2	-0.028207	0.00024899	0.19779	liquid
276.0	1223.2	1207.2	0.00082834	130.2	231.53	0.72303	0.9729	1.6162	1209.2	-0.028233	0.00024934	0.19796	liquid
276.0	1226.5	1207.6	0.00082809	130.11	231.68	0.72259	0.97305	1.6159	1210.2	-0.02826	0.00024968	0.19813	liquid
276.0	1229.8	1208.0	0.00082784	130.02	231.82	0.72215	0.9732	1.6156	1211.2	-0.028286	0.00025002	0.1983	liquid
276.0	1233.0	1208.3	0.00082759	129.93	231.97	0.72171	0.97335	1.6154	1212.2	-0.028312	0.00025036	0.19847	liquid
276.0	1236.2	1208.7	0.00082733	129.84	232.12	0.72128	0.9735	1.6151	1213.1	-0.028338	0.0002507	0.19863	liquid
276.0	1239.5	1209.1	0.00082708	129.75	232.27	0.72084	0.97366	1.6148	1214.1	-0.028364	0.00025104	0.1988	liquid
276.0	1242.8	1209.4	0.00082683	129.66	232.42	0.72041	0.97381	1.6146	1215.1	-0.028389	0.00025138	0.19897	liquid
276.0	1246.0	1209.8	0.00082659	129.58	232.57	0.71998	0.97396	1.6143	1216.1	-0.028415	0.00025172	0.19914	liquid
276.0	1249.2	1210.2	0.00082634	129.49	232.72	0.71954	0.97411	1.6141	1217.1	-0.028441	0.00025206	0.19931	liquid
276.0	1252.5	1210.5	0.00082609	129.4	232.87	0.71911	0.97426	1.6138	1218.1	-0.028466	0.0002524	0.19947	liquid
276.0	1255.8	1210.9	0.00082584	129.31	233.02	0.71868	0.97442	1.6135	1219.1	-0.028491	0.00025275	0.19964	liquid
276.0	1259.0	1211.2	0.0008256	129.22	233.16	0.71825	0.97457	1.6133	1220.1	-0.028516	0.00025309	0.19981	liquid
276.0	1262.2	1211.6	0.00082535	129.13	233.31	0.71782	0.97472	1.613	1221.0	-0.028541	0.00025343	0.19998	liquid
276.0	1265.5	1212.0	0.0008251	129.05	233.46	0.71739	0.97487	1.6128	1222.0	-0.028566	0.00025377	0.20014	liquid
276.0	1268.8	1212.3	0.00082486	128.96	233.61	0.71696	0.97502	1.6125	1223.0	-0.028591	0.00025411	0.20031	liquid
276.0	1272.0	1212.7	0.00082461	128.87	233.76	0.71653	0.97518	1.6123	1224.0	-0.028615	0.00025445	0.20048	liquid
276.0	1275.2	1213.0	0.00082437	128.79	233.91	0.71611	0.97533	1.612	1224.9	-0.02864	0.00025479	0.20064	liquid
276.0	1278.5	1213.4	0.00082413	128.7	234.06	0.71568	0.97548	1.6118	1225.9	-0.028664	0.00025513	0.20081	liquid
276.0	1281.8	1213.8	0.00082389	128.61	234.21	0.71525	0.97563	1.6115	1226.9	-0.028688	0.00025547	0.20097	liquid
276.0	1285.0	1214.1	0.00082364	128.53	234.36	0.71483	0.97578	1.6113	1227.8	-0.028713	0.00025581	0.20114	liquid
276.0	1288.2	1214.5	0.0008234	128.44	234.51	0.7144	0.97594	1.611	1228.8	-0.028737	0.00025615	0.20131	liquid
276.0	1291.5	1214.8	0.00082316	128.35	234.67	0.71398	0.97609	1.6108	1229.8	-0.02876	0.00025649	0.20147	liquid
276.0	1294.8	1215.2	0.00082292	128.27	234.82	0.71355	0.97624	1.6105	1230.7	-0.028784	0.00025682	0.20164	liquid
276.0	1298.0	1215.5	0.00082268	128.18	234.97	0.71313	0.97639	1.6103	1231.7	-0.028808	0.00025716	0.2018	liquid
276.0	1301.2	1215.9	0.00082244	128.1	235.12	0.71271	0.97654	1.6101	1232.7	-0.028831	0.0002575	0.20197	liquid
276.0	1304.5	1216.2	0.00082221	128.01	235.27	0.71229	0.9767	1.6098	1233.6	-0.028855	0.00025784	0.20213	liquid
276.0	1307.8	1216.6	0.00082197	127.93	235.42	0.71187	0.97685	1.6096	1234.6	-0.028878	0.00025818	0.2023	liquid
276.0	1311.0	1216.9	0.00082173	127.84	235.57	0.71145	0.977	1.6094	1235.5	-0.028901	0.00025852	0.20246	liquid
276.0	1314.2	1217.3	0.00082149	127.76	235.72	0.71103	0.97715	1.6091	1236.5	-0.028924	0.00025886	0.20263	liquid
276.0	1317.5	1217.6	0.00082126	127.67	235.87	0.71061	0.9773	1.6089	1237.4	-0.028947	0.0002592	0.20279	liquid
276.0	1320.8	1218.0	0.00082102	127.59	236.02	0.71019	0.97746	1.6087	1238.4	-0.02897	0.00025954	0.20296	liquid
276.0	1324.0	1218.3	0.00082079	127.5	236.18	0.70977	0.97761	1.6084	1239.3	-0.028993	0.00025988	0.20312	liquid
276.0	1327.2	1218.7	0.00082055	127.42	236.33	0.70936	0.97776	1.6082	1240.3	-0.029016	0.00026021	0.20329	liquid
276.0	1330.5	1219.0	0.00082032	127.34	236.48	0.70894	0.97791	1.608	1241.2	-0.029038	0.00026055	0.20345	liquid
276.0	1333.8	1219.4	0.00082009	127.25	236.63	0.70852	0.97806	1.6077	1242.2	-0.029061	0.00026089	0.20362	liquid
276.0	1337.0	1219.7	0.00081985	127.17	236.78	0.70811	0.97822	1.6075	1243.1	-0.029083	0.00026123	0.20378	liquid
276.0	1340.2	1220.1	0.00081962	127.09	236.93	0.70769	0.97837	1.6073	1244.1	-0.029105	0.00026157	0.20394	liquid
276.0	1343.5	1220.4	0.00081939	127.0	237.09	0.70728	0.97852	1.6071	1245.0	-0.029127	0.00026191	0.20411	liquid
276.0	1346.8	1220.8	0.00081916	126.92	237.24	0.70687	0.97867	1.6068	1245.9	-0.02915	0.00026224	0.20427	liquid
276.0	1350.0	1221.1	0.00081893	126.84	237.39	0.70645	0.97882	1.6066	1246.9	-0.029171	0.00026258	0.20443	liquid
276.0	1353.2	1221.4	0.0008187	126.75	237.54	0.70604	0.97897	1.6064	1247.8	-0.029193	0.00026292	0.2046	liquid
276.0	1356.5	1221.8	0.00081847	126.67	237.7	0.70563	0.97913	1.6062	1248.8	-0.029215	0.00026326	0.20476	liquid
276.0	1359.8	1222.1	0.00081824	126.59	237.85	0.70522	0.97928	1.606	1249.7	-0.029237	0.0002636	0.20492	liquid
276.0	1363.0	1222.5	0.00081801	126.51	238.0	0.70481	0.97943	1.6057	1250.6	-0.029258	0.00026393	0.20509	liquid
276.0	1366.2	1222.8	0.00081779	126.42	238.15	0.7044	0.97958	1.6055	1251.5	-0.02928	0.00026427	0.20525	liquid
276.0	1369.5	1223.2	0.00081756	126.34	238.31	0.70399	0.97973	1.6053	1252.5	-0.029301	0.00026461	0.20541	liquid
276.0	1372.8	1223.5	0.00081733	126.26	238.46	0.70358	0.97989	1.6051	1253.4	-0.029322	0.00026495	0.20557	liquid
276.0	1376.0	1223.8	0.00081711	126.18	238.61	0.70317	0.98004	1.6049	1254.3	-0.029343	0.00026528	0.20574	liquid
276.0	1379.2	1224.2	0.00081688	126.1	238.77	0.70277	0.98019	1.6047	1255.3	-0.029364	0.00026562	0.2059	liquid
276.0	1382.5	1224.5	0.00081666	126.02	238.92	0.70236	0.98034	1.6045	1256.2	-0.029385	0.00026596	0.20606	liquid
276.0	1385.8	1224.8	0.00081643	125.94	239.07	0.70195	0.98049	1.6042	1257.1	-0.029406	0.00026629	0.20622	liquid
276.0	1389.0	1225.2	0.00081621	125.85	239.23	0.70155	0.98065	1.604	1258.0	-0.029427	0.00026663	0.20638	liquid
276.0	1392.2	1225.5	0.00081598	125.77	239.38	0.70114	0.9808	1.6038	1258.9	-0.029447	0.00026697	0.20654	liquid
276.0	1395.5	1225.9	0.00081576	125.69	239.53	0.70074	0.98095	1.6036	1259.8	-0.029468	0.00026731	0.20671	liquid
276.0	1398.8	1226.2	0.00081554	125.61	239.69	0.70033	0.9811	1.6034	1260.8	-0.029488	0.00026764	0.20687	liquid
276.0	1402.0	1226.5	0.00081532	125.53	239.84	0.69993	0.98125	1.6032	1261.7	-0.029509	0.00026798	0.20703	liquid
276.0	1405.2	1226.9	0.00081509	125.45	239.99	0.69953	0.9814	1.603	1262.6	-0.029529	0.00026832	0.20719	liquid
276.0	1408.5	1227.2	0.00081487	125.37	240.15	0.69913	0.98156	1.6028	1263.5	-0.029549	0.00026865	0.20735	liquid
276.0	1411.8	1227.5	0.00081465	125.29	240.3	0.69872	0.98171	1.6026	1264.4	-0.029569	0.00026899	0.20751	liquid
276.0	1415.0	1227.8	0.00081443	125.21	240.46	0.69832	0.98186	1.6024	1265.3	-0.029589	0.00026933	0.20767	liquid
276.0	1418.2	1228.2	0.00081421	125.13	240.61	0.69792	0.98201	1.6022	1266.2	-0.029609	0.00026966	0.20783	liquid
276.0	1421.5	1228.5	0.00081399	125.05	240.76	0.69752	0.98216	1.602	1267.1	-0.029629	0.00027	0.20799	liquid
276.0	1424.8	1228.8	0.00081378	124.98	240.92	0.69712	0.98232	1.6018	1268.0	-0.029649	0.00027033	0.20815	liquid
276.0	1428.0	1229.2	0.00081356	124.9	241.07	0.69673	0.98247	1.6016	1268.9	-0.029668	0.00027067	0.20831	liquid
276.0	1431.2	1229.5	0.00081334	124.82	241.23	0.69633	0.98262	1.6014	1269.8	-0.029688	0.00027101	0.20847	liquid
276.0	1434.5	1229.8	0.00081312	124.74	241.38	0.69593	0.98277	1.6012	1270.7	-0.029707	0.00027134	0.20863	liquid
276.0	1437.8	1230.2	0.00081291	124.66	241.54	0.69553	0.98292	1.601	1271.6	-0.029726	0.00027168	0.20879	liquid
276.0	1441.0	1230.5	0.00081269	124.58	241.69	0.69514	0.98307	1.6008	1272.5	-0.029746	0.00027201	0.20895	liquid
276.0	1444.2	1230.8	0.00081247	124.5	241.85	0.69474	0.98323	1.6006	1273.4	-0.029765	0.00027235	0.20911	liquid
276.0	1447.5	1231.1	0.00081226	124.43	242.0	0.69434	0.98338	1.6004	1274.3	-0.029784	0.00027269	0.20927	liquid
276.0	1450.8	1231.5	0.00081205	124.35	242.16	0.69395	0.98353	1.6003	1275.2	-0.029803	0.00027302	0.20943	liquid
276.0	1454.0	1231.8	0.00081183	124.27	242.31	0.69356	0.98368	1.6001	1276.1	-0.029822	0.00027336	0.20959	liquid
276.0	1457.2	1232.1	0.00081162	124.19	242.47	0.69316	0.98383	1.5999	1277.0	-0.029841	0.00027369	0.20975	liquid
276.0	1460.5	1232.4	0.0008114	124.12	242.62	0.69277	0.98398	1.5997	1277.9	-0.029859	0.00027403	0.20991	liquid
276.0	1463.8	1232.8	0.00081119	124.04	242.78	0.69238	0.98414	1.5995	1278.8	-0.029878	0.00027436	0.21007	liquid
276.0	1467.0	1233.1	0.00081098	123.96	242.93	0.69198	0.98429	1.5993	1279.7	-0.029897	0.0002747	0.21023	liquid
276.0	1470.2	1233.4	0.00081077	123.88	243.09	0.69159	0.98444	1.5991	1280.5	-0.029915	0.00027504	0.21039	liquid
276.0	1473.5	1233.7	0.00081056	123.81	243.24	0.6912	0.98459	1.599	1281.4	-0.029934	0.00027537	0.21055	liquid
276.0	1476.8	1234.0	0.00081034	123.73	243.4	0.69081	0.98474	1.5988	1282.3	-0.029952	0.00027571	0.2107	liquid
276.0	1480.0	1234.4	0.00081013	123.65	243.55	0.69042	0.98489	1.5986	1283.2	-0.02997	0.00027604	0.21086	liquid
276.0	1483.2	1234.7	0.00080992	123.58	243.71	0.69003	0.98504	1.5984	1284.1	-0.029988	0.00027638	0.21102	liquid
276.0	1486.5	1235.0	0.00080971	123.5	243.87	0.68964	0.9852	1.5982	1284.9	-0.030007	0.00027671	0.21118	liquid
276.0	1489.8	1235.3	0.00080951	123.43	244.02	0.68925	0.98535	1.598	1285.8	-0.030025	0.00027705	0.21134	liquid
276.0	1493.0	1235.6	0.0008093	123.35	244.18	0.68886	0.9855	1.5979	1286.7	-0.030042	0.00027738	0.21149	liquid
276.0	1496.2	1236.0	0.00080909	123.27	244.33	0.68848	0.98565	1.5977	1287.6	-0.03006	0.00027772	0.21165	liquid
276.0	1499.5	1236.3	0.00080888	123.2	244.49	0.68809	0.9858	1.5975	1288.4	-0.030078	0.00027805	0.21181	liquid
276.0	1502.8	1236.6	0.00080867	123.12	244.65	0.6877	0.98595	1.5973	1289.3	-0.030096	0.00027839	0.21197	liquid
276.0	1506.0	1236.9	0.00080847	123.05	244.8	0.68732	0.98611	1.5972	1290.2	-0.030113	0.00027872	0.21213	liquid
276.0	1509.2	1237.2	0.00080826	122.97	244.96	0.68693	0.98626	1.597	1291.1	-0.030131	0.00027905	0.21228	liquid
276.0	1512.5	1237.5	0.00080805	122.9	245.12	0.68655	0.98641	1.5968	1291.9	-0.030148	0.00027939	0.21244	liquid
276.0	1515.8	1237.9	0.00080785	122.82	245.27	0.68616	0.98656	1.5966	1292.8	-0.030166	0.00027972	0.2126	liquid
276.0	1519.0	1238.2	0.00080764	122.75	245.43	0.68578	0.98671	1.5965	1293.7	-0.030183	0.00028006	0.21275	liquid
276.0	1522.2	1238.5	0.00080744	122.67	245.58	0.6854	0.98686	1.5963	1294.5	-0.0302	0.00028039	0.21291	liquid
276.0	1525.5	1238.8	0.00080723	122.6	245.74	0.68501	0.98701	1.5961	1295.4	-0.030217	0.00028073	0.21307	liquid
276.0	1528.8	1239.1	0.00080703	122.52	245.9	0.68463	0.98717	1.596	1296.2	-0.030235	0.00028106	0.21322	liquid
276.0	1532.0	1239.4	0.00080683	122.45	246.06	0.68425	0.98732	1.5958	1297.1	-0.030252	0.0002814	0.21338	liquid
276.0	1535.2	1239.7	0.00080662	122.38	246.21	0.68387	0.98747	1.5956	1298.0	-0.030268	0.00028173	0.21354	liquid
276.0	1538.5	1240.0	0.00080642	122.3	246.37	0.68349	0.98762	1.5955	1298.8	-0.030285	0.00028206	0.21369	liquid
276.0	1541.8	1240.4	0.00080622	122.23	246.53	0.68311	0.98777	1.5953	1299.7	-0.030302	0.0002824	0.21385	liquid
276.0	1545.0	1240.7	0.00080602	122.15	246.68	0.68273	0.98792	1.5951	1300.5	-0.030319	0.00028273	0.21401	liquid
276.0	1548.2	1241.0	0.00080582	122.08	246.84	0.68235	0.98807	1.595	1301.4	-0.030335	0.00028307	0.21416	liquid
276.0	1551.5	1241.3	0.00080561	122.01	247.0	0.68197	0.98822	1.5948	1302.2	-0.030352	0.0002834	0.21432	liquid
276.0	1554.8	1241.6	0.00080541	121.93	247.16	0.68159	0.98838	1.5946	1303.1	-0.030369	0.00028373	0.21447	liquid
276.0	1558.0	1241.9	0.00080521	121.86	247.31	0.68121	0.98853	1.5945	1303.9	-0.030385	0.00028407	0.21463	liquid
276.0	1561.2	1242.2	0.00080501	121.79	247.47	0.68083	0.98868	1.5943	1304.8	-0.030401	0.0002844	0.21479	liquid
276.0	1564.5	1242.5	0.00080482	121.71	247.63	0.68046	0.98883	1.5942	1305.6	-0.030418	0.00028474	0.21494	liquid
276.0	1567.8	1242.8	0.00080462	121.64	247.79	0.68008	0.98898	1.594	1306.5	-0.030434	0.00028507	0.2151	liquid
276.0	1571.0	1243.1	0.00080442	121.57	247.94	0.67971	0.98913	1.5938	1307.3	-0.03045	0.0002854	0.21525	liquid
276.0	1574.2	1243.4	0.00080422	121.5	248.1	0.67933	0.98928	1.5937	1308.2	-0.030466	0.00028574	0.21541	liquid
276.0	1577.5	1243.7	0.00080402	121.42	248.26	0.67895	0.98943	1.5935	1309.0	-0.030482	0.00028607	0.21556	liquid
276.0	1580.8	1244.1	0.00080382	121.35	248.42	0.67858	0.98959	1.5934	1309.9	-0.030498	0.0002864	0.21572	liquid
276.0	1584.0	1244.4	0.00080363	121.28	248.57	0.67821	0.98974	1.5932	1310.7	-0.030514	0.00028674	0.21587	liquid
276.0	1587.2	1244.7	0.00080343	121.21	248.73	0.67783	0.98989	1.5931	1311.5	-0.03053	0.00028707	0.21603	liquid
276.0	1590.5	1245.0	0.00080324	121.14	248.89	0.67746	0.99004	1.5929	1312.4	-0.030545	0.0002874	0.21618	liquid
276.0	1593.8	1245.3	0.00080304	121.06	249.05	0.67709	0.99019	1.5928	1313.2	-0.030561	0.00028774	0.21634	liquid
276.0	1597.0	1245.6	0.00080284	120.99	249.21	0.67671	0.99034	1.5926	1314.1	-0.030577	0.00028807	0.21649	liquid
276.0	1600.2	1245.9	0.00080265	120.92	249.37	0.67634	0.99049	1.5924	1314.9	-0.030592	0.0002884	0.21665	liquid
276.0	1603.5	1246.2	0.00080246	120.85	249.52	0.67597	0.99064	1.5923	1315.7	-0.030608	0.00028874	0.2168	liquid
276.0	1606.8	1246.5	0.00080226	120.78	249.68	0.6756	0.99079	1.5921	1316.6	-0.030623	0.00028907	0.21695	liquid
276.0	1610.0	1246.8	0.00080207	120.71	249.84	0.67523	0.99095	1.592	1317.4	-0.030638	0.0002894	0.21711	liquid
276.0	1613.2	1247.1	0.00080187	120.64	250.0	0.67486	0.9911	1.5918	1318.2	-0.030654	0.00028973	0.21726	liquid
276.0	1616.5	1247.4	0.00080168	120.57	250.16	0.67449	0.99125	1.5917	1319.1	-0.030669	0.00029007	0.21742	liquid
276.0	1619.8	1247.7	0.00080149	120.5	250.32	0.67412	0.9914	1.5916	1319.9	-0.030684	0.0002904	0.21757	liquid
276.0	1623.0	1248.0	0.0008013	120.42	250.48	0.67375	0.99155	1.5914	1320.7	-0.030699	0.00029073	0.21772	liquid
276.0	1626.2	1248.3	0.0008011	120.35	250.63	0.67339	0.9917	1.5913	1321.5	-0.030714	0.00029107	0.21788	liquid
276.0	1629.5	1248.6	0.00080091	120.28	250.79	0.67302	0.99185	1.5911	1322.4	-0.030729	0.0002914	0.21803	liquid
276.0	1632.8	1248.9	0.00080072	120.21	250.95	0.67265	0.992	1.591	1323.2	-0.030744	0.00029173	0.21818	liquid
276.0	1636.0	1249.2	0.00080053	120.14	251.11	0.67228	0.99215	1.5908	1324.0	-0.030759	0.00029206	0.21834	liquid
276.0	1639.2	1249.5	0.00080034	120.07	251.27	0.67192	0.9923	1.5907	1324.8	-0.030774	0.0002924	0.21849	liquid
276.0	1642.5	1249.8	0.00080015	120.0	251.43	0.67155	0.99245	1.5905	1325.6	-0.030788	0.00029273	0.21864	liquid
276.0	1645.8	1250.1	0.00079996	119.93	251.59	0.67119	0.99261	1.5904	1326.5	-0.030803	0.00029306	0.2188	liquid
276.0	1649.0	1250.4	0.00079977	119.86	251.75	0.67082	0.99276	1.5903	1327.3	-0.030817	0.00029339	0.21895	liquid
276.0	1652.2	1250.7	0.00079958	119.8	251.91	0.67046	0.99291	1.5901	1328.1	-0.030832	0.00029373	0.2191	liquid
276.0	1655.5	1250.9	0.00079939	119.73	252.07	0.67009	0.99306	1.59	1328.9	-0.030846	0.00029406	0.21926	liquid
276.0	1658.8	1251.2	0.00079921	119.66	252.23	0.66973	0.99321	1.5898	1329.7	-0.030861	0.00029439	0.21941	liquid
276.0	1662.0	1251.5	0.00079902	119.59	252.38	0.66937	0.99336	1.5897	1330.5	-0.030875	0.00029472	0.21956	liquid
276.0	1665.2	1251.8	0.00079883	119.52	252.54	0.669	0.99351	1.5896	1331.4	-0.030889	0.00029506	0.21971	liquid
276.0	1668.5	1252.1	0.00079864	119.45	252.7	0.66864	0.99366	1.5894	1332.2	-0.030904	0.00029539	0.21987	liquid
276.0	1671.8	1252.4	0.00079846	119.38	252.86	0.66828	0.99381	1.5893	1333.0	-0.030918	0.00029572	0.22002	liquid
276.0	1675.0	1252.7	0.00079827	119.31	253.02	0.66792	0.99396	1.5891	1333.8	-0.030932	0.00029605	0.22017	liquid
276.0	1678.2	1253.0	0.00079809	119.24	253.18	0.66756	0.99411	1.589	1334.6	-0.030946	0.00029639	0.22032	liquid
276.0	1681.5	1253.3	0.0007979	119.18	253.34	0.6672	0.99426	1.5889	1335.4	-0.03096	0.00029672	0.22048	liquid
276.0	1684.8	1253.6	0.00079771	119.11	253.5	0.66684	0.99441	1.5887	1336.2	-0.030974	0.00029705	0.22063	liquid
276.0	1688.0	1253.9	0.00079753	119.04	253.66	0.66648	0.99456	1.5886	1337.0	-0.030988	0.00029738	0.22078	liquid
276.0	1691.2	1254.2	0.00079735	118.97	253.82	0.66612	0.99471	1.5885	1337.8	-0.031001	0.00029771	0.22093	liquid
276.0	1694.5	1254.5	0.00079716	118.9	253.98	0.66576	0.99487	1.5883	1338.6	-0.031015	0.00029805	0.22108	liquid
276.0	1697.8	1254.7	0.00079698	118.84	254.14	0.6654	0.99502	1.5882	1339.4	-0.031029	0.00029838	0.22123	liquid
276.0	1701.0	1255.0	0.00079679	118.77	254.3	0.66504	0.99517	1.5881	1340.2	-0.031043	0.00029871	0.22139	liquid
276.0	1704.2	1255.3	0.00079661	118.7	254.46	0.66469	0.99532	1.5879	1341.0	-0.031056	0.00029904	0.22154	liquid
276.0	1707.5	1255.6	0.00079643	118.63	254.62	0.66433	0.99547	1.5878	1341.8	-0.03107	0.00029937	0.22169	liquid
276.0	1710.8	1255.9	0.00079625	118.57	254.78	0.66397	0.99562	1.5877	1342.6	-0.031083	0.0002997	0.22184	liquid
276.0	1714.0	1256.2	0.00079606	118.5	254.94	0.66362	0.99577	1.5876	1343.4	-0.031097	0.00030004	0.22199	liquid
276.0	1717.2	1256.5	0.00079588	118.43	255.11	0.66326	0.99592	1.5874	1344.2	-0.03111	0.00030037	0.22214	liquid
276.0	1720.5	1256.8	0.0007957	118.37	255.27	0.6629	0.99607	1.5873	1345.0	-0.031123	0.0003007	0.22229	liquid
276.0	1723.8	1257.0	0.00079552	118.3	255.43	0.66255	0.99622	1.5872	1345.8	-0.031136	0.00030103	0.22244	liquid
276.0	1727.0	1257.3	0.00079534	118.23	255.59	0.66219	0.99637	1.5871	1346.6	-0.03115	0.00030136	0.22259	liquid
276.0	1730.2	1257.6	0.00079516	118.17	255.75	0.66184	0.99652	1.5869	1347.4	-0.031163	0.00030169	0.22275	liquid
276.0	1733.5	1257.9	0.00079498	118.1	255.91	0.66149	0.99667	1.5868	1348.2	-0.031176	0.00030203	0.2229	liquid
276.0	1736.8	1258.2	0.0007948	118.03	256.07	0.66113	0.99682	1.5867	1349.0	-0.031189	0.00030236	0.22305	liquid
276.0	1740.0	1258.5	0.00079462	117.97	256.23	0.66078	0.99697	1.5866	1349.8	-0.031202	0.00030269	0.2232	liquid
276.0	1743.2	1258.7	0.00079444	117.9	256.39	0.66043	0.99712	1.5864	1350.5	-0.031215	0.00030302	0.22335	liquid
276.0	1746.5	1259.0	0.00079426	117.83	256.55	0.66008	0.99727	1.5863	1351.3	-0.031228	0.00030335	0.2235	liquid
276.0	1749.8	1259.3	0.00079408	117.77	256.71	0.65972	0.99742	1.5862	1352.1	-0.031241	0.00030368	0.22365	liquid
276.0	1753.0	1259.6	0.0007939	117.7	256.87	0.65937	0.99757	1.5861	1352.9	-0.031253	0.00030401	0.2238	liquid
276.0	1756.2	1259.9	0.00079373	117.64	257.04	0.65902	0.99772	1.5859	1353.7	-0.031266	0.00030435	0.22395	liquid
276.0	1759.5	1260.2	0.00079355	117.57	257.2	0.65867	0.99787	1.5858	1354.5	-0.031279	0.00030468	0.2241	liquid
276.0	1762.8	1260.4	0.00079337	117.51	257.36	0.65832	0.99802	1.5857	1355.2	-0.031291	0.00030501	0.22425	liquid
276.0	1766.0	1260.7	0.0007932	117.44	257.52	0.65797	0.99817	1.5856	1356.0	-0.031304	0.00030534	0.2244	liquid
276.0	1769.2	1261.0	0.00079302	117.38	257.68	0.65762	0.99832	1.5855	1356.8	-0.031316	0.00030567	0.22455	liquid
276.0	1772.5	1261.3	0.00079284	117.31	257.84	0.65727	0.99847	1.5853	1357.6	-0.031329	0.000306	0.2247	liquid
276.0	1775.8	1261.6	0.00079267	117.25	258.0	0.65692	0.99862	1.5852	1358.4	-0.031341	0.00030633	0.22485	liquid
276.0	1779.0	1261.8	0.00079249	117.18	258.16	0.65658	0.99877	1.5851	1359.1	-0.031354	0.00030666	0.225	liquid
276.0	1782.2	1262.1	0.00079232	117.12	258.33	0.65623	0.99892	1.585	1359.9	-0.031366	0.00030699	0.22514	liquid
276.0	1785.5	1262.4	0.00079214	117.05	258.49	0.65588	0.99907	1.5849	1360.7	-0.031378	0.00030732	0.22529	liquid
276.0	1788.8	1262.7	0.00079197	116.99	258.65	0.65553	0.99922	1.5848	1361.5	-0.03139	0.00030766	0.22544	liquid
276.0	1792.0	1263.0	0.00079179	116.92	258.81	0.65519	0.99937	1.5846	1362.2	-0.031403	0.00030799	0.22559	liquid
276.0	1795.2	1263.2	0.00079162	116.86	258.97	0.65484	0.99952	1.5845	1363.0	-0.031415	0.00030832	0.22574	liquid
276.0	1798.5	1263.5	0.00079144	116.79	259.13	0.65449	0.99967	1.5844	1363.8	-0.031427	0.00030865	0.22589	liquid
276.0	1801.8	1263.8	0.00079127	116.73	259.3	0.65415	0.99982	1.5843	1364.5	-0.031439	0.00030898	0.22604	liquid
276.0	1805.0	1264.1	0.0007911	116.67	259.46	0.6538	0.99997	1.5842	1365.3	-0.031451	0.00030931	0.22619	liquid
276.0	1808.2	1264.3	0.00079093	116.6	259.62	0.65346	1.0001	1.5841	1366.1	-0.031463	0.00030964	0.22634	liquid
276.0	1811.5	1264.6	0.00079075	116.54	259.78	0.65312	1.0003	1.584	1366.8	-0.031474	0.00030997	0.22649	liquid
276.0	1814.8	1264.9	0.00079058	116.47	259.94	0.65277	1.0004	1.5839	1367.6	-0.031486	0.0003103	0.22663	liquid
276.0	1818.0	1265.2	0.00079041	116.41	260.11	0.65243	1.0006	1.5837	1368.4	-0.031498	0.00031063	0.22678	liquid
276.0	1821.2	1265.4	0.00079024	116.35	260.27	0.65208	1.0007	1.5836	1369.1	-0.03151	0.00031096	0.22693	liquid
276.0	1824.5	1265.7	0.00079007	116.28	260.43	0.65174	1.0009	1.5835	1369.9	-0.031521	0.00031129	0.22708	liquid
276.0	1827.8	1266.0	0.0007899	116.22	260.59	0.6514	1.001	1.5834	1370.7	-0.031533	0.00031162	0.22723	liquid
276.0	1831.0	1266.3	0.00078973	116.16	260.76	0.65106	1.0012	1.5833	1371.4	-0.031545	0.00031196	0.22738	liquid
276.0	1834.2	1266.5	0.00078955	116.09	260.92	0.65072	1.0013	1.5832	1372.2	-0.031556	0.00031229	0.22752	liquid
276.0	1837.5	1266.8	0.00078938	116.03	261.08	0.65037	1.0015	1.5831	1372.9	-0.031568	0.00031262	0.22767	liquid
276.0	1840.8	1267.1	0.00078922	115.97	261.24	0.65003	1.0016	1.583	1373.7	-0.031579	0.00031295	0.22782	liquid
276.0	1844.0	1267.4	0.00078905	115.9	261.4	0.64969	1.0018	1.5829	1374.4	-0.031591	0.00031328	0.22797	liquid
276.0	1847.2	1267.6	0.00078888	115.84	261.57	0.64935	1.0019	1.5828	1375.2	-0.031602	0.00031361	0.22811	liquid
276.0	1850.5	1267.9	0.00078871	115.78	261.73	0.64901	1.0021	1.5827	1376.0	-0.031613	0.00031394	0.22826	liquid
276.0	1853.8	1268.2	0.00078854	115.72	261.89	0.64867	1.0022	1.5826	1376.7	-0.031625	0.00031427	0.22841	liquid
276.0	1857.0	1268.4	0.00078837	115.65	262.06	0.64834	1.0024	1.5825	1377.5	-0.031636	0.0003146	0.22856	liquid
276.0	1860.2	1268.7	0.0007882	115.59	262.22	0.648	1.0025	1.5824	1378.2	-0.031647	0.00031493	0.2287	liquid
276.0	1863.5	1269.0	0.00078804	115.53	262.38	0.64766	1.0027	1.5823	1379.0	-0.031658	0.00031526	0.22885	liquid
276.0	1866.8	1269.2	0.00078787	115.47	262.54	0.64732	1.0028	1.5822	1379.7	-0.031669	0.00031559	0.229	liquid
276.0	1870.0	1269.5	0.0007877	115.41	262.71	0.64698	1.003	1.582	1380.5	-0.03168	0.00031592	0.22915	liquid
276.0	1873.2	1269.8	0.00078753	115.34	262.87	0.64665	1.0031	1.5819	1381.2	-0.031691	0.00031625	0.22929	liquid
276.0	1876.5	1270.1	0.00078737	115.28	263.03	0.64631	1.0033	1.5818	1382.0	-0.031702	0.00031658	0.22944	liquid
276.0	1879.8	1270.3	0.0007872	115.22	263.2	0.64597	1.0034	1.5817	1382.7	-0.031713	0.00031691	0.22959	liquid
276.0	1883.0	1270.6	0.00078704	115.16	263.36	0.64564	1.0036	1.5816	1383.5	-0.031724	0.00031724	0.22973	liquid
276.0	1886.2	1270.9	0.00078687	115.1	263.52	0.6453	1.0037	1.5815	1384.2	-0.031735	0.00031757	0.22988	liquid
276.0	1889.5	1271.1	0.0007867	115.04	263.68	0.64497	1.0039	1.5814	1384.9	-0.031746	0.0003179	0.23003	liquid
276.0	1892.8	1271.4	0.00078654	114.98	263.85	0.64463	1.004	1.5813	1385.7	-0.031756	0.00031823	0.23017	liquid
276.0	1896.0	1271.7	0.00078637	114.91	264.01	0.6443	1.0042	1.5812	1386.4	-0.031767	0.00031856	0.23032	liquid
276.0	1899.2	1271.9	0.00078621	114.85	264.17	0.64396	1.0043	1.5811	1387.2	-0.031778	0.00031889	0.23047	liquid
276.0	1902.5	1272.2	0.00078605	114.79	264.34	0.64363	1.0045	1.5811	1387.9	-0.031788	0.00031922	0.23061	liquid
276.0	1905.8	1272.5	0.00078588	114.73	264.5	0.64329	1.0046	1.581	1388.7	-0.031799	0.00031955	0.23076	liquid
276.0	1909.0	1272.7	0.00078572	114.67	264.66	0.64296	1.0048	1.5809	1389.4	-0.03181	0.00031988	0.23091	liquid
276.0	1912.2	1273.0	0.00078556	114.61	264.83	0.64263	1.0049	1.5808	1390.1	-0.03182	0.00032021	0.23105	liquid
276.0	1915.5	1273.2	0.00078539	114.55	264.99	0.64229	1.005	1.5807	1390.9	-0.03183	0.00032054	0.2312	liquid
276.0	1918.8	1273.5	0.00078523	114.49	265.16	0.64196	1.0052	1.5806	1391.6	-0.031841	0.00032087	0.23135	liquid
276.0	1922.0	1273.8	0.00078507	114.43	265.32	0.64163	1.0053	1.5805	1392.3	-0.031851	0.0003212	0.23149	liquid
276.0	1925.2	1274.0	0.0007849	114.37	265.48	0.6413	1.0055	1.5804	1393.1	-0.031862	0.00032153	0.23164	liquid
276.0	1928.5	1274.3	0.00078474	114.31	265.65	0.64097	1.0056	1.5803	1393.8	-0.031872	0.00032186	0.23178	liquid
276.0	1931.8	1274.6	0.00078458	114.25	265.81	0.64064	1.0058	1.5802	1394.5	-0.031882	0.00032219	0.23193	liquid
276.0	1935.0	1274.8	0.00078442	114.19	265.97	0.64031	1.0059	1.5801	1395.3	-0.031892	0.00032252	0.23208	liquid
276.0	1938.2	1275.1	0.00078426	114.13	266.14	0.63998	1.0061	1.58	1396.0	-0.031903	0.00032285	0.23222	liquid
276.0	1941.5	1275.4	0.0007841	114.07	266.3	0.63965	1.0062	1.5799	1396.7	-0.031913	0.00032318	0.23237	liquid
276.0	1944.8	1275.6	0.00078394	114.01	266.46	0.63932	1.0064	1.5798	1397.5	-0.031923	0.00032351	0.23251	liquid
276.0	1948.0	1275.9	0.00078378	113.95	266.63	0.63899	1.0065	1.5797	1398.2	-0.031933	0.00032384	0.23266	liquid
276.0	1951.2	1276.1	0.00078362	113.89	266.79	0.63866	1.0067	1.5796	1398.9	-0.031943	0.00032417	0.2328	liquid
276.0	1954.5	1276.4	0.00078346	113.83	266.96	0.63833	1.0068	1.5795	1399.6	-0.031953	0.0003245	0.23295	liquid
276.0	1957.8	1276.7	0.0007833	113.77	267.12	0.638	1.007	1.5795	1400.4	-0.031963	0.00032483	0.23309	liquid
276.0	1961.0	1276.9	0.00078314	113.71	267.28	0.63768	1.0071	1.5794	1401.1	-0.031973	0.00032516	0.23324	liquid
276.0	1964.2	1277.2	0.00078298	113.65	267.45	0.63735	1.0073	1.5793	1401.8	-0.031983	0.00032549	0.23338	liquid
276.0	1967.5	1277.4	0.00078282	113.59	267.61	0.63702	1.0074	1.5792	1402.5	-0.031992	0.00032582	0.23353	liquid
276.0	1970.8	1277.7	0.00078266	113.53	267.78	0.63669	1.0076	1.5791	1403.3	-0.032002	0.00032615	0.23367	liquid
276.0	1974.0	1278.0	0.0007825	113.48	267.94	0.63637	1.0077	1.579	1404.0	-0.032012	0.00032648	0.23382	liquid
276.0	1977.2	1278.2	0.00078234	113.42	268.11	0.63604	1.0079	1.5789	1404.7	-0.032022	0.00032681	0.23396	liquid
276.0	1980.5	1278.5	0.00078219	113.36	268.27	0.63572	1.008	1.5788	1405.4	-0.032031	0.00032714	0.23411	liquid
276.0	1983.8	1278.7	0.00078203	113.3	268.43	0.63539	1.0082	1.5788	1406.1	-0.032041	0.00032746	0.23425	liquid
276.0	1987.0	1279.0	0.00078187	113.24	268.6	0.63507	1.0083	1.5787	1406.9	-0.03205	0.00032779	0.2344	liquid
276.0	1990.2	1279.2	0.00078171	113.18	268.76	0.63474	1.0085	1.5786	1407.6	-0.03206	0.00032812	0.23454	liquid
276.0	1993.5	1279.5	0.00078156	113.12	268.93	0.63442	1.0086	1.5785	1408.3	-0.03207	0.00032845	0.23469	liquid
276.0	1996.8	1279.8	0.0007814	113.07	269.09	0.63409	1.0088	1.5784	1409.0	-0.032079	0.00032878	0.23483	liquid
276.0	2000.0	1280.0	0.00078124	113.01	269.26	0.63377	1.0089	1.5783	1409.7	-0.032089	0.00032911	0.23497	liquid
