Temperature (K)	Pressure (bar)	Density (kg/m3)	Volume (m3/kg)	Internal Energy (kJ/kg)	Enthalpy (kJ/kg)	Entropy (J/g*K)	Cv (J/g*K)	Cp (J/g*K)	Sound Spd. (m/s)	Joule-Thomson (K/bar)	Viscosity (Pa*s)	Therm. Cond. (W/m*K)	Phase
628.0	56.5	48.02	0.020825	701.97	819.63	2.6835	0.90916	1.1302	381.27	0.16502	2.9608e-05	0.044965	vapor
628.0	59.75	50.8	0.019685	701.4	819.02	2.6721	0.90958	1.1325	381.48	0.16411	2.9652e-05	0.045065	vapor
628.0	63.0	53.581	0.018663	700.84	818.42	2.6612	0.91	1.1348	381.71	0.1632	2.9697e-05	0.045165	vapor
628.0	66.25	56.363	0.017742	700.28	817.82	2.6508	0.91041	1.1371	381.94	0.1623	2.9742e-05	0.045264	vapor
628.0	69.5	59.146	0.016907	699.71	817.22	2.6409	0.91083	1.1394	382.17	0.16138	2.9788e-05	0.045364	vapor
628.0	72.75	61.93	0.016147	699.15	816.62	2.6314	0.91124	1.1417	382.42	0.16047	2.9835e-05	0.045464	vapor
628.0	76.0	64.715	0.015452	698.59	816.03	2.6223	0.91166	1.144	382.67	0.15956	2.9882e-05	0.045564	vapor
628.0	76.0	64.715	0.015452	698.59	816.03	2.6223	0.91166	1.144	382.67	0.15956	2.9882e-05	0.045564	supercritical
628.0	76.0	64.715	0.015452	698.59	816.03	2.6223	0.91166	1.144	382.67	0.15956	2.9882e-05	0.045564	supercritical
628.0	79.25	67.5	0.014815	698.03	815.44	2.6135	0.91207	1.1463	382.93	0.15865	2.9929e-05	0.045664	supercritical
628.0	82.5	70.286	0.014228	697.47	814.85	2.605	0.91248	1.1486	383.2	0.15773	2.9978e-05	0.045764	supercritical
628.0	85.75	73.072	0.013685	696.91	814.26	2.5969	0.91289	1.1509	383.48	0.15682	3.0027e-05	0.045864	supercritical
628.0	89.0	75.858	0.013182	696.35	813.67	2.589	0.9133	1.1531	383.76	0.1559	3.0076e-05	0.045965	supercritical
628.0	92.25	78.645	0.012715	695.79	813.09	2.5814	0.9137	1.1554	384.05	0.15498	3.0126e-05	0.046066	supercritical
628.0	95.5	81.431	0.01228	695.23	812.51	2.574	0.91411	1.1577	384.35	0.15406	3.0177e-05	0.046167	supercritical
628.0	98.75	84.217	0.011874	694.67	811.93	2.5668	0.91451	1.16	384.66	0.15313	3.0228e-05	0.046268	supercritical
628.0	102.0	87.003	0.011494	694.12	811.35	2.5599	0.91491	1.1623	384.98	0.15221	3.028e-05	0.04637	supercritical
628.0	105.25	89.789	0.011137	693.56	810.78	2.5531	0.91531	1.1645	385.3	0.15128	3.0332e-05	0.046472	supercritical
628.0	108.5	92.574	0.010802	693.01	810.21	2.5465	0.91571	1.1668	385.63	0.15036	3.0385e-05	0.046574	supercritical
628.0	111.75	95.358	0.010487	692.45	809.64	2.5401	0.91611	1.1691	385.97	0.14943	3.0439e-05	0.046677	supercritical
628.0	115.0	98.142	0.010189	691.9	809.07	2.5338	0.9165	1.1713	386.32	0.1485	3.0493e-05	0.046781	supercritical
628.0	118.25	100.92	0.0099084	691.34	808.51	2.5277	0.91689	1.1736	386.67	0.14756	3.0548e-05	0.046885	supercritical
628.0	121.5	103.71	0.0096426	690.79	807.95	2.5218	0.91729	1.1759	387.04	0.14663	3.0604e-05	0.046989	supercritical
628.0	124.75	106.49	0.0093909	690.24	807.39	2.516	0.91768	1.1781	387.41	0.14569	3.066e-05	0.047094	supercritical
628.0	128.0	109.27	0.009152	689.69	806.83	2.5103	0.91806	1.1803	387.79	0.14475	3.0717e-05	0.0472	supercritical
628.0	131.25	112.04	0.0089251	689.14	806.28	2.5047	0.91845	1.1826	388.18	0.14382	3.0774e-05	0.047306	supercritical
628.0	134.5	114.82	0.0087093	688.59	805.73	2.4993	0.91883	1.1848	388.57	0.14287	3.0833e-05	0.047413	supercritical
628.0	137.75	117.59	0.0085038	688.04	805.18	2.494	0.91922	1.187	388.98	0.14193	3.0892e-05	0.04752	supercritical
628.0	141.0	120.37	0.0083079	687.49	804.63	2.4887	0.9196	1.1893	389.39	0.14099	3.0951e-05	0.047628	supercritical
628.0	144.25	123.14	0.0081209	686.94	804.09	2.4836	0.91998	1.1915	389.81	0.14004	3.1011e-05	0.047737	supercritical
628.0	147.5	125.91	0.0079423	686.4	803.55	2.4786	0.92036	1.1937	390.24	0.13909	3.1072e-05	0.047847	supercritical
628.0	150.75	128.67	0.0077715	685.85	803.01	2.4737	0.92073	1.1959	390.67	0.13814	3.1134e-05	0.047957	supercritical
628.0	154.0	131.44	0.0076081	685.31	802.47	2.4688	0.9211	1.198	391.12	0.13719	3.1196e-05	0.048068	supercritical
628.0	157.25	134.2	0.0074515	684.77	801.94	2.4641	0.92148	1.2002	391.57	0.13624	3.1259e-05	0.048179	supercritical
628.0	160.5	136.96	0.0073014	684.22	801.41	2.4594	0.92185	1.2024	392.03	0.13528	3.1322e-05	0.048292	supercritical
628.0	163.75	139.72	0.0071573	683.68	800.88	2.4549	0.92221	1.2045	392.5	0.13433	3.1387e-05	0.048405	supercritical
628.0	167.0	142.47	0.0070189	683.14	800.36	2.4504	0.92258	1.2067	392.98	0.13337	3.1452e-05	0.048519	supercritical
628.0	170.25	145.22	0.006886	682.6	799.84	2.4459	0.92294	1.2088	393.47	0.13241	3.1517e-05	0.048634	supercritical
628.0	173.5	147.97	0.0067581	682.07	799.32	2.4416	0.92331	1.211	393.96	0.13146	3.1584e-05	0.04875	supercritical
628.0	176.75	150.72	0.006635	681.53	798.8	2.4373	0.92367	1.2131	394.46	0.1305	3.1651e-05	0.048866	supercritical
628.0	180.0	153.46	0.0065165	680.99	798.29	2.4331	0.92402	1.2152	394.98	0.12954	3.1719e-05	0.048984	supercritical
628.0	183.25	156.19	0.0064023	680.46	797.78	2.4289	0.92438	1.2173	395.5	0.12858	3.1787e-05	0.049102	supercritical
628.0	186.5	158.93	0.0062921	679.92	797.27	2.4248	0.92473	1.2194	396.02	0.12761	3.1856e-05	0.049221	supercritical
628.0	189.75	161.66	0.0061858	679.39	796.77	2.4208	0.92509	1.2215	396.56	0.12665	3.1926e-05	0.049341	supercritical
628.0	193.0	164.39	0.0060832	678.86	796.27	2.4168	0.92544	1.2235	397.11	0.12569	3.1996e-05	0.049462	supercritical
628.0	196.25	167.11	0.0059841	678.33	795.77	2.4129	0.92579	1.2256	397.66	0.12473	3.2068e-05	0.049583	supercritical
628.0	199.5	169.83	0.0058883	677.8	795.27	2.409	0.92613	1.2276	398.22	0.12376	3.214e-05	0.049706	supercritical
628.0	202.75	172.54	0.0057957	677.27	794.78	2.4052	0.92648	1.2297	398.79	0.1228	3.2212e-05	0.049829	supercritical
628.0	206.0	175.25	0.005706	676.75	794.29	2.4015	0.92682	1.2317	399.37	0.12184	3.2286e-05	0.049953	supercritical
628.0	209.25	177.96	0.0056193	676.22	793.81	2.3978	0.92716	1.2337	399.96	0.12087	3.236e-05	0.050078	supercritical
628.0	212.5	180.66	0.0055353	675.7	793.32	2.3941	0.92749	1.2357	400.55	0.11991	3.2434e-05	0.050204	supercritical
628.0	215.75	183.36	0.0054539	675.18	792.84	2.3905	0.92783	1.2376	401.16	0.11895	3.251e-05	0.050331	supercritical
628.0	219.0	186.05	0.005375	674.65	792.37	2.3869	0.92816	1.2396	401.77	0.11799	3.2586e-05	0.050458	supercritical
628.0	222.25	188.73	0.0052985	674.13	791.89	2.3834	0.9285	1.2416	402.39	0.11702	3.2663e-05	0.050587	supercritical
628.0	225.5	191.42	0.0052242	673.61	791.42	2.38	0.92883	1.2435	403.02	0.11606	3.274e-05	0.050716	supercritical
628.0	228.75	194.09	0.0051522	673.1	790.95	2.3765	0.92915	1.2454	403.65	0.1151	3.2819e-05	0.050846	supercritical
628.0	232.0	196.76	0.0050823	672.58	790.49	2.3731	0.92948	1.2473	404.3	0.11415	3.2898e-05	0.050977	supercritical
628.0	235.25	199.43	0.0050143	672.07	790.03	2.3698	0.9298	1.2492	404.95	0.11319	3.2977e-05	0.051109	supercritical
628.0	238.5	202.09	0.0049483	671.55	789.57	2.3665	0.93012	1.2511	405.61	0.11223	3.3058e-05	0.051242	supercritical
628.0	241.75	204.74	0.0048842	671.04	789.12	2.3632	0.93044	1.253	406.28	0.11128	3.3139e-05	0.051375	supercritical
628.0	245.0	207.39	0.0048218	670.53	788.66	2.36	0.93076	1.2548	406.96	0.11032	3.322e-05	0.05151	supercritical
628.0	248.25	210.03	0.0047612	670.02	788.22	2.3568	0.93108	1.2567	407.65	0.10937	3.3303e-05	0.051645	supercritical
628.0	251.5	212.67	0.0047021	669.51	787.77	2.3536	0.93139	1.2585	408.34	0.10842	3.3386e-05	0.051781	supercritical
628.0	254.75	215.3	0.0046447	669.01	787.33	2.3505	0.9317	1.2603	409.04	0.10747	3.347e-05	0.051917	supercritical
628.0	258.0	217.92	0.0045887	668.5	786.89	2.3474	0.93201	1.2621	409.75	0.10653	3.3554e-05	0.052055	supercritical
628.0	261.25	220.54	0.0045343	668.0	786.45	2.3444	0.93232	1.2639	410.47	0.10558	3.3639e-05	0.052193	supercritical
628.0	264.5	223.15	0.0044812	667.5	786.02	2.3414	0.93262	1.2656	411.19	0.10464	3.3725e-05	0.052332	supercritical
628.0	267.75	225.76	0.0044295	666.99	785.59	2.3384	0.93293	1.2674	411.93	0.1037	3.3811e-05	0.052472	supercritical
628.0	271.0	228.36	0.0043791	666.5	785.17	2.3354	0.93323	1.2691	412.67	0.10277	3.3898e-05	0.052613	supercritical
628.0	274.25	230.95	0.0043299	666.0	784.75	2.3325	0.93353	1.2708	413.42	0.10183	3.3986e-05	0.052754	supercritical
628.0	277.5	233.54	0.004282	665.5	784.33	2.3296	0.93383	1.2725	414.17	0.1009	3.4075e-05	0.052896	supercritical
628.0	280.75	236.11	0.0042352	665.01	783.91	2.3267	0.93412	1.2742	414.93	0.099975	3.4164e-05	0.053039	supercritical
628.0	284.0	238.69	0.0041896	664.51	783.5	2.3239	0.93441	1.2759	415.71	0.09905	3.4253e-05	0.053182	supercritical
628.0	287.25	241.25	0.0041451	664.02	783.09	2.3211	0.93471	1.2775	416.48	0.098128	3.4344e-05	0.053326	supercritical
628.0	290.5	243.81	0.0041016	663.53	782.68	2.3183	0.935	1.2792	417.27	0.097209	3.4435e-05	0.053471	supercritical
628.0	293.75	246.36	0.0040591	663.04	782.28	2.3155	0.93528	1.2808	418.06	0.096293	3.4526e-05	0.053616	supercritical
628.0	297.0	248.9	0.0040177	662.56	781.88	2.3128	0.93557	1.2824	418.86	0.095382	3.4619e-05	0.053762	supercritical
628.0	300.25	251.44	0.0039772	662.07	781.49	2.3101	0.93585	1.284	419.67	0.094473	3.4712e-05	0.053909	supercritical
628.0	303.5	253.96	0.0039376	661.59	781.09	2.3074	0.93614	1.2855	420.48	0.093568	3.4805e-05	0.054056	supercritical
628.0	306.75	256.48	0.0038989	661.11	780.71	2.3048	0.93642	1.2871	421.3	0.092667	3.4899e-05	0.054204	supercritical
628.0	310.0	259.0	0.0038611	660.63	780.32	2.3022	0.93669	1.2886	422.13	0.09177	3.4994e-05	0.054353	supercritical
628.0	313.25	261.5	0.0038241	660.15	779.94	2.2996	0.93697	1.2902	422.97	0.090877	3.509e-05	0.054502	supercritical
628.0	316.5	264.0	0.0037879	659.67	779.56	2.297	0.93724	1.2917	423.81	0.089988	3.5186e-05	0.054651	supercritical
628.0	319.75	266.49	0.0037525	659.19	779.18	2.2945	0.93752	1.2932	424.66	0.089103	3.5282e-05	0.054801	supercritical
628.0	323.0	268.97	0.0037179	658.72	778.81	2.2919	0.93779	1.2947	425.51	0.088222	3.5379e-05	0.054952	supercritical
628.0	326.25	271.45	0.003684	658.25	778.44	2.2894	0.93806	1.2961	426.37	0.087346	3.5477e-05	0.055103	supercritical
628.0	329.5	273.91	0.0036508	657.78	778.07	2.2869	0.93832	1.2976	427.24	0.086474	3.5575e-05	0.055255	supercritical
628.0	332.75	276.37	0.0036183	657.31	777.71	2.2845	0.93859	1.299	428.11	0.085606	3.5674e-05	0.055407	supercritical
628.0	336.0	278.82	0.0035865	656.84	777.35	2.282	0.93885	1.3004	429.0	0.084743	3.5774e-05	0.05556	supercritical
628.0	339.25	281.26	0.0035554	656.38	776.99	2.2796	0.93912	1.3018	429.88	0.083885	3.5874e-05	0.055713	supercritical
628.0	342.5	283.7	0.0035249	655.91	776.64	2.2772	0.93938	1.3032	430.77	0.083031	3.5975e-05	0.055866	supercritical
628.0	345.75	286.12	0.003495	655.45	776.29	2.2749	0.93963	1.3046	431.67	0.082182	3.6076e-05	0.05602	supercritical
628.0	349.0	288.54	0.0034657	654.99	775.94	2.2725	0.93989	1.3059	432.58	0.081338	3.6177e-05	0.056175	supercritical
628.0	352.25	290.95	0.003437	654.53	775.6	2.2702	0.94015	1.3073	433.49	0.080498	3.628e-05	0.056329	supercritical
628.0	355.5	293.35	0.0034089	654.07	775.26	2.2679	0.9404	1.3086	434.4	0.079664	3.6383e-05	0.056484	supercritical
628.0	358.75	295.74	0.0033813	653.62	774.92	2.2656	0.94065	1.3099	435.32	0.078834	3.6486e-05	0.05664	supercritical
628.0	362.0	298.12	0.0033543	653.16	774.59	2.2633	0.9409	1.3112	436.25	0.07801	3.659e-05	0.056796	supercritical
628.0	365.25	300.5	0.0033278	652.71	774.26	2.261	0.94115	1.3125	437.18	0.07719	3.6694e-05	0.056952	supercritical
628.0	368.5	302.87	0.0033018	652.26	773.93	2.2588	0.9414	1.3138	438.12	0.076376	3.6799e-05	0.057108	supercritical
628.0	371.75	305.23	0.0032763	651.81	773.6	2.2566	0.94164	1.315	439.06	0.075567	3.6904e-05	0.057265	supercritical
628.0	375.0	307.58	0.0032512	651.36	773.28	2.2544	0.94188	1.3162	440.01	0.074763	3.701e-05	0.057422	supercritical
628.0	378.25	309.92	0.0032267	650.92	772.96	2.2522	0.94213	1.3175	440.96	0.073964	3.7117e-05	0.05758	supercritical
628.0	381.5	312.25	0.0032026	650.47	772.65	2.25	0.94237	1.3187	441.92	0.073171	3.7224e-05	0.057737	supercritical
628.0	384.75	314.58	0.0031789	650.03	772.34	2.2479	0.94261	1.3199	442.88	0.072383	3.7331e-05	0.057895	supercritical
628.0	388.0	316.89	0.0031557	649.59	772.03	2.2458	0.94284	1.3211	443.85	0.0716	3.7439e-05	0.058053	supercritical
628.0	391.25	319.2	0.0031328	649.15	771.72	2.2436	0.94308	1.3222	444.82	0.070822	3.7547e-05	0.058211	supercritical
628.0	394.5	321.5	0.0031104	648.71	771.42	2.2415	0.94331	1.3234	445.8	0.07005	3.7656e-05	0.05837	supercritical
628.0	397.75	323.79	0.0030885	648.28	771.12	2.2395	0.94355	1.3245	446.78	0.069284	3.7765e-05	0.058529	supercritical
628.0	401.0	326.07	0.0030668	647.84	770.82	2.2374	0.94378	1.3256	447.76	0.068522	3.7875e-05	0.058688	supercritical
628.0	404.25	328.34	0.0030456	647.41	770.53	2.2353	0.94401	1.3268	448.75	0.067766	3.7985e-05	0.058847	supercritical
628.0	407.5	330.6	0.0030248	646.98	770.24	2.2333	0.94424	1.3279	449.75	0.067016	3.8096e-05	0.059006	supercritical
628.0	410.75	332.86	0.0030043	646.55	769.95	2.2313	0.94446	1.3289	450.75	0.066271	3.8207e-05	0.059165	supercritical
628.0	414.0	335.11	0.0029841	646.12	769.67	2.2293	0.94469	1.33	451.75	0.065531	3.8318e-05	0.059325	supercritical
628.0	417.25	337.34	0.0029643	645.7	769.38	2.2273	0.94491	1.3311	452.75	0.064797	3.843e-05	0.059484	supercritical
628.0	420.5	339.57	0.0029449	645.27	769.11	2.2253	0.94513	1.3321	453.76	0.064068	3.8543e-05	0.059644	supercritical
628.0	423.75	341.79	0.0029257	644.85	768.83	2.2234	0.94536	1.3332	454.78	0.063345	3.8655e-05	0.059804	supercritical
628.0	427.0	344.01	0.0029069	644.43	768.56	2.2214	0.94558	1.3342	455.79	0.062627	3.8769e-05	0.059964	supercritical
628.0	430.25	346.21	0.0028884	644.01	768.29	2.2195	0.94579	1.3352	456.82	0.061915	3.8882e-05	0.060124	supercritical
628.0	433.5	348.4	0.0028702	643.59	768.02	2.2176	0.94601	1.3362	457.84	0.061208	3.8996e-05	0.060284	supercritical
628.0	436.75	350.59	0.0028524	643.18	767.76	2.2157	0.94623	1.3372	458.87	0.060507	3.911e-05	0.060444	supercritical
628.0	440.0	352.76	0.0028347	642.76	767.49	2.2138	0.94644	1.3382	459.9	0.059811	3.9225e-05	0.060604	supercritical
628.0	443.25	354.93	0.0028174	642.35	767.23	2.2119	0.94666	1.3391	460.94	0.05912	3.934e-05	0.060764	supercritical
628.0	446.5	357.09	0.0028004	641.94	766.98	2.2101	0.94687	1.3401	461.97	0.058435	3.9456e-05	0.060924	supercritical
628.0	449.75	359.24	0.0027836	641.53	766.73	2.2082	0.94708	1.341	463.01	0.057755	3.9572e-05	0.061084	supercritical
628.0	453.0	361.39	0.0027671	641.12	766.48	2.2064	0.94729	1.3419	464.06	0.057081	3.9688e-05	0.061244	supercritical
628.0	456.25	363.52	0.0027509	640.72	766.23	2.2046	0.9475	1.3428	465.11	0.056412	3.9804e-05	0.061404	supercritical
628.0	459.5	365.64	0.0027349	640.31	765.98	2.2027	0.9477	1.3437	466.16	0.055748	3.9921e-05	0.061564	supercritical
628.0	462.75	367.76	0.0027192	639.91	765.74	2.2009	0.94791	1.3446	467.21	0.05509	4.0038e-05	0.061724	supercritical
628.0	466.0	369.87	0.0027037	639.51	765.5	2.1992	0.94812	1.3455	468.27	0.054437	4.0156e-05	0.061884	supercritical
628.0	469.25	371.97	0.0026884	639.11	765.26	2.1974	0.94832	1.3464	469.32	0.053789	4.0274e-05	0.062044	supercritical
628.0	472.5	374.06	0.0026734	638.71	765.03	2.1956	0.94852	1.3472	470.39	0.053146	4.0392e-05	0.062204	supercritical
628.0	475.75	376.14	0.0026586	638.32	764.8	2.1939	0.94872	1.3481	471.45	0.052509	4.0511e-05	0.062364	supercritical
628.0	479.0	378.21	0.002644	637.92	764.57	2.1921	0.94892	1.3489	472.52	0.051877	4.063e-05	0.062524	supercritical
628.0	482.25	380.28	0.0026297	637.53	764.34	2.1904	0.94912	1.3498	473.58	0.05125	4.0749e-05	0.062684	supercritical
628.0	485.5	382.33	0.0026155	637.14	764.12	2.1887	0.94932	1.3506	474.66	0.050628	4.0868e-05	0.062843	supercritical
628.0	488.75	384.38	0.0026016	636.75	763.9	2.187	0.94952	1.3514	475.73	0.050011	4.0988e-05	0.063003	supercritical
628.0	492.0	386.42	0.0025878	636.36	763.68	2.1853	0.94971	1.3522	476.8	0.049399	4.1108e-05	0.063162	supercritical
628.0	495.25	388.45	0.0025743	635.97	763.47	2.1836	0.94991	1.353	477.88	0.048793	4.1229e-05	0.063321	supercritical
628.0	498.5	390.48	0.002561	635.59	763.25	2.182	0.9501	1.3537	478.96	0.048191	4.1349e-05	0.06348	supercritical
628.0	501.75	392.49	0.0025478	635.2	763.04	2.1803	0.95029	1.3545	480.04	0.047594	4.147e-05	0.063639	supercritical
628.0	505.0	394.5	0.0025349	634.82	762.83	2.1787	0.95049	1.3553	481.13	0.047003	4.1592e-05	0.063798	supercritical
628.0	508.25	396.49	0.0025221	634.44	762.63	2.177	0.95068	1.356	482.22	0.046416	4.1713e-05	0.063957	supercritical
628.0	511.5	398.48	0.0025095	634.06	762.42	2.1754	0.95087	1.3567	483.3	0.045834	4.1835e-05	0.064116	supercritical
628.0	514.75	400.47	0.0024971	633.69	762.22	2.1738	0.95105	1.3575	484.39	0.045257	4.1957e-05	0.064274	supercritical
628.0	518.0	402.44	0.0024849	633.31	762.03	2.1722	0.95124	1.3582	485.48	0.044684	4.2079e-05	0.064432	supercritical
628.0	521.25	404.4	0.0024728	632.94	761.83	2.1706	0.95143	1.3589	486.58	0.044117	4.2202e-05	0.06459	supercritical
628.0	524.5	406.36	0.0024609	632.56	761.64	2.169	0.95161	1.3596	487.67	0.043554	4.2324e-05	0.064748	supercritical
628.0	527.75	408.31	0.0024491	632.19	761.44	2.1674	0.9518	1.3603	488.77	0.042996	4.2447e-05	0.064906	supercritical
628.0	531.0	410.25	0.0024376	631.82	761.26	2.1659	0.95198	1.361	489.87	0.042442	4.2571e-05	0.065063	supercritical
628.0	534.25	412.18	0.0024261	631.45	761.07	2.1643	0.95217	1.3616	490.97	0.041893	4.2694e-05	0.065221	supercritical
628.0	537.5	414.1	0.0024149	631.09	760.88	2.1628	0.95235	1.3623	492.07	0.041349	4.2818e-05	0.065378	supercritical
628.0	540.75	416.02	0.0024037	630.72	760.7	2.1612	0.95253	1.3629	493.17	0.040809	4.2942e-05	0.065535	supercritical
628.0	544.0	417.93	0.0023928	630.36	760.52	2.1597	0.95271	1.3636	494.27	0.040274	4.3066e-05	0.065692	supercritical
628.0	547.25	419.83	0.0023819	629.99	760.35	2.1582	0.95289	1.3642	495.38	0.039743	4.319e-05	0.065848	supercritical
628.0	550.5	421.72	0.0023712	629.63	760.17	2.1567	0.95307	1.3649	496.49	0.039216	4.3315e-05	0.066004	supercritical
628.0	553.75	423.6	0.0023607	629.27	760.0	2.1552	0.95325	1.3655	497.59	0.038694	4.344e-05	0.06616	supercritical
628.0	557.0	425.48	0.0023503	628.92	759.83	2.1537	0.95342	1.3661	498.7	0.038176	4.3565e-05	0.066316	supercritical
628.0	560.25	427.35	0.00234	628.56	759.66	2.1522	0.9536	1.3667	499.81	0.037663	4.369e-05	0.066472	supercritical
628.0	563.5	429.21	0.0023299	628.2	759.49	2.1507	0.95377	1.3673	500.93	0.037154	4.3815e-05	0.066627	supercritical
628.0	566.75	431.06	0.0023198	627.85	759.33	2.1493	0.95395	1.3679	502.04	0.036648	4.3941e-05	0.066782	supercritical
628.0	570.0	432.91	0.00231	627.5	759.17	2.1478	0.95412	1.3685	503.15	0.036148	4.4067e-05	0.066937	supercritical
628.0	573.25	434.75	0.0023002	627.15	759.01	2.1464	0.9543	1.369	504.27	0.035651	4.4193e-05	0.067092	supercritical
628.0	576.5	436.57	0.0022906	626.8	758.85	2.1449	0.95447	1.3696	505.38	0.035158	4.4319e-05	0.067246	supercritical
628.0	579.75	438.4	0.002281	626.45	758.69	2.1435	0.95464	1.3701	506.5	0.03467	4.4445e-05	0.067401	supercritical
628.0	583.0	440.21	0.0022716	626.1	758.54	2.1421	0.95481	1.3707	507.61	0.034185	4.4571e-05	0.067555	supercritical
628.0	586.25	442.02	0.0022624	625.76	758.39	2.1406	0.95498	1.3712	508.73	0.033704	4.4698e-05	0.067708	supercritical
628.0	589.5	443.82	0.0022532	625.42	758.24	2.1392	0.95515	1.3718	509.85	0.033228	4.4825e-05	0.067862	supercritical
628.0	592.75	445.61	0.0022441	625.07	758.09	2.1378	0.95532	1.3723	510.97	0.032755	4.4952e-05	0.068015	supercritical
628.0	596.0	447.39	0.0022352	624.73	757.95	2.1365	0.95549	1.3728	512.09	0.032286	4.5079e-05	0.068168	supercritical
628.0	599.25	449.17	0.0022263	624.39	757.81	2.1351	0.95565	1.3733	513.21	0.031821	4.5206e-05	0.06832	supercritical
628.0	602.5	450.94	0.0022176	624.05	757.66	2.1337	0.95582	1.3738	514.33	0.03136	4.5334e-05	0.068473	supercritical
628.0	605.75	452.7	0.002209	623.72	757.53	2.1323	0.95599	1.3743	515.46	0.030902	4.5461e-05	0.068625	supercritical
628.0	609.0	454.46	0.0022004	623.38	757.39	2.131	0.95615	1.3748	516.58	0.030448	4.5589e-05	0.068777	supercritical
628.0	612.25	456.2	0.002192	623.05	757.25	2.1296	0.95631	1.3753	517.7	0.029998	4.5717e-05	0.068928	supercritical
628.0	615.5	457.94	0.0021837	622.72	757.12	2.1283	0.95648	1.3758	518.83	0.029552	4.5844e-05	0.069079	supercritical
628.0	618.75	459.68	0.0021754	622.38	756.99	2.1269	0.95664	1.3762	519.95	0.029109	4.5972e-05	0.06923	supercritical
628.0	622.0	461.4	0.0021673	622.05	756.86	2.1256	0.9568	1.3767	521.08	0.028669	4.6101e-05	0.069381	supercritical
628.0	625.25	463.12	0.0021593	621.72	756.73	2.1243	0.95697	1.3772	522.2	0.028233	4.6229e-05	0.069531	supercritical
628.0	628.5	464.83	0.0021513	621.4	756.61	2.123	0.95713	1.3776	523.33	0.027801	4.6357e-05	0.069681	supercritical
628.0	631.75	466.54	0.0021434	621.07	756.48	2.1217	0.95729	1.378	524.46	0.027372	4.6486e-05	0.069831	supercritical
628.0	635.0	468.24	0.0021357	620.75	756.36	2.1204	0.95745	1.3785	525.58	0.026947	4.6615e-05	0.069981	supercritical
628.0	638.25	469.93	0.002128	620.42	756.24	2.1191	0.95761	1.3789	526.71	0.026525	4.6743e-05	0.07013	supercritical
628.0	641.5	471.61	0.0021204	620.1	756.12	2.1178	0.95777	1.3793	527.84	0.026106	4.6872e-05	0.070279	supercritical
628.0	644.75	473.29	0.0021129	619.78	756.01	2.1165	0.95792	1.3798	528.97	0.025691	4.7001e-05	0.070428	supercritical
628.0	648.0	474.96	0.0021055	619.46	755.89	2.1152	0.95808	1.3802	530.09	0.025279	4.713e-05	0.070576	supercritical
628.0	651.25	476.62	0.0020981	619.14	755.78	2.114	0.95824	1.3806	531.22	0.02487	4.7259e-05	0.070724	supercritical
628.0	654.5	478.27	0.0020909	618.82	755.67	2.1127	0.9584	1.381	532.35	0.024464	4.7389e-05	0.070872	supercritical
628.0	657.75	479.92	0.0020837	618.51	755.56	2.1114	0.95855	1.3814	533.48	0.024062	4.7518e-05	0.07102	supercritical
628.0	661.0	481.57	0.0020766	618.19	755.45	2.1102	0.95871	1.3817	534.61	0.023663	4.7647e-05	0.071167	supercritical
628.0	664.25	483.2	0.0020695	617.88	755.35	2.109	0.95886	1.3821	535.74	0.023267	4.7777e-05	0.071314	supercritical
628.0	667.5	484.83	0.0020626	617.57	755.25	2.1077	0.95902	1.3825	536.87	0.022874	4.7906e-05	0.07146	supercritical
628.0	670.75	486.45	0.0020557	617.26	755.14	2.1065	0.95917	1.3829	538.0	0.022484	4.8036e-05	0.071607	supercritical
628.0	674.0	488.07	0.0020489	616.95	755.04	2.1053	0.95932	1.3832	539.13	0.022097	4.8166e-05	0.071753	supercritical
628.0	677.25	489.68	0.0020422	616.64	754.94	2.1041	0.95948	1.3836	540.26	0.021713	4.8296e-05	0.071898	supercritical
628.0	680.5	491.28	0.0020355	616.33	754.85	2.1029	0.95963	1.3839	541.39	0.021332	4.8426e-05	0.072044	supercritical
628.0	683.75	492.87	0.0020289	616.03	754.75	2.1016	0.95978	1.3843	542.52	0.020955	4.8555e-05	0.072189	supercritical
628.0	687.0	494.46	0.0020224	615.72	754.66	2.1005	0.95993	1.3846	543.65	0.02058	4.8685e-05	0.072334	supercritical
628.0	690.25	496.05	0.0020159	615.42	754.57	2.0993	0.96008	1.385	544.78	0.020208	4.8816e-05	0.072478	supercritical
628.0	693.5	497.62	0.0020096	615.11	754.48	2.0981	0.96023	1.3853	545.91	0.019838	4.8946e-05	0.072623	supercritical
628.0	696.75	499.19	0.0020032	614.81	754.39	2.0969	0.96038	1.3856	547.04	0.019472	4.9076e-05	0.072766	supercritical
628.0	700.0	500.76	0.001997	614.51	754.3	2.0957	0.96053	1.3859	548.16	0.019109	4.9206e-05	0.07291	supercritical
628.0	703.25	502.31	0.0019908	614.21	754.22	2.0946	0.96068	1.3862	549.29	0.018748	4.9336e-05	0.073053	supercritical
628.0	706.5	503.87	0.0019847	613.92	754.13	2.0934	0.96083	1.3866	550.42	0.01839	4.9467e-05	0.073196	supercritical
628.0	709.75	505.41	0.0019786	613.62	754.05	2.0922	0.96098	1.3869	551.55	0.018035	4.9597e-05	0.073339	supercritical
628.0	713.0	506.95	0.0019726	613.33	753.97	2.0911	0.96113	1.3872	552.68	0.017683	4.9728e-05	0.073482	supercritical
628.0	716.25	508.48	0.0019666	613.03	753.89	2.0899	0.96127	1.3875	553.81	0.017333	4.9858e-05	0.073624	supercritical
628.0	719.5	510.01	0.0019608	612.74	753.81	2.0888	0.96142	1.3877	554.94	0.016986	4.9989e-05	0.073766	supercritical
628.0	722.75	511.53	0.0019549	612.45	753.74	2.0877	0.96157	1.388	556.07	0.016642	5.0119e-05	0.073907	supercritical
628.0	726.0	513.04	0.0019492	612.16	753.66	2.0865	0.96171	1.3883	557.19	0.0163	5.025e-05	0.074048	supercritical
628.0	729.25	514.55	0.0019434	611.87	753.59	2.0854	0.96186	1.3886	558.32	0.015961	5.038e-05	0.074189	supercritical
628.0	732.5	516.05	0.0019378	611.58	753.52	2.0843	0.962	1.3889	559.45	0.015625	5.0511e-05	0.07433	supercritical
628.0	735.75	517.55	0.0019322	611.29	753.45	2.0832	0.96215	1.3891	560.58	0.015291	5.0642e-05	0.07447	supercritical
628.0	739.0	519.04	0.0019266	611.0	753.38	2.0821	0.96229	1.3894	561.7	0.014959	5.0772e-05	0.074611	supercritical
628.0	742.25	520.52	0.0019211	610.72	753.32	2.081	0.96244	1.3896	562.83	0.01463	5.0903e-05	0.07475	supercritical
628.0	745.5	522.0	0.0019157	610.43	753.25	2.0799	0.96258	1.3899	563.95	0.014304	5.1034e-05	0.07489	supercritical
628.0	748.75	523.48	0.0019103	610.15	753.19	2.0788	0.96273	1.3901	565.08	0.01398	5.1165e-05	0.075029	supercritical
628.0	752.0	524.94	0.001905	609.87	753.12	2.0777	0.96287	1.3904	566.21	0.013658	5.1296e-05	0.075168	supercritical
628.0	755.25	526.4	0.0018997	609.59	753.06	2.0766	0.96301	1.3906	567.33	0.013339	5.1426e-05	0.075307	supercritical
628.0	758.5	527.86	0.0018944	609.31	753.0	2.0755	0.96315	1.3909	568.45	0.013023	5.1557e-05	0.075445	supercritical
628.0	761.75	529.31	0.0018893	609.03	752.94	2.0745	0.9633	1.3911	569.58	0.012708	5.1688e-05	0.075583	supercritical
628.0	765.0	530.75	0.0018841	608.75	752.89	2.0734	0.96344	1.3913	570.7	0.012397	5.1819e-05	0.075721	supercritical
628.0	768.25	532.19	0.001879	608.48	752.83	2.0723	0.96358	1.3916	571.82	0.012087	5.195e-05	0.075858	supercritical
628.0	771.5	533.62	0.001874	608.2	752.78	2.0713	0.96372	1.3918	572.95	0.01178	5.2081e-05	0.075995	supercritical
628.0	774.75	535.05	0.001869	607.93	752.73	2.0702	0.96386	1.392	574.07	0.011475	5.2212e-05	0.076132	supercritical
628.0	778.0	536.47	0.001864	607.65	752.67	2.0692	0.964	1.3922	575.19	0.011172	5.2342e-05	0.076269	supercritical
628.0	781.25	537.89	0.0018591	607.38	752.62	2.0681	0.96414	1.3924	576.31	0.010872	5.2473e-05	0.076405	supercritical
628.0	784.5	539.3	0.0018543	607.11	752.58	2.0671	0.96428	1.3926	577.43	0.010574	5.2604e-05	0.076541	supercritical
628.0	787.75	540.7	0.0018494	606.84	752.53	2.0661	0.96442	1.3928	578.55	0.010278	5.2735e-05	0.076677	supercritical
628.0	791.0	542.1	0.0018447	606.57	752.48	2.065	0.96456	1.393	579.67	0.0099842	5.2866e-05	0.076812	supercritical
628.0	794.25	543.5	0.0018399	606.3	752.44	2.064	0.9647	1.3932	580.79	0.0096927	5.2997e-05	0.076948	supercritical
628.0	797.5	544.88	0.0018353	606.03	752.4	2.063	0.96483	1.3934	581.91	0.0094034	5.3128e-05	0.077082	supercritical
628.0	800.75	546.27	0.0018306	605.77	752.35	2.062	0.96497	1.3936	583.02	0.0091162	5.3259e-05	0.077217	supercritical
628.0	804.0	547.65	0.001826	605.5	752.31	2.061	0.96511	1.3938	584.14	0.0088312	5.339e-05	0.077352	supercritical
628.0	807.25	549.02	0.0018214	605.24	752.27	2.06	0.96525	1.394	585.26	0.0085483	5.352e-05	0.077486	supercritical
628.0	810.5	550.39	0.0018169	604.98	752.24	2.059	0.96539	1.3941	586.37	0.0082675	5.3651e-05	0.077619	supercritical
628.0	813.75	551.75	0.0018124	604.71	752.2	2.058	0.96552	1.3943	587.49	0.0079888	5.3782e-05	0.077753	supercritical
628.0	817.0	553.11	0.001808	604.45	752.16	2.057	0.96566	1.3945	588.6	0.0077122	5.3913e-05	0.077886	supercritical
628.0	820.25	554.46	0.0018036	604.19	752.13	2.056	0.96579	1.3947	589.71	0.0074376	5.4044e-05	0.078019	supercritical
628.0	823.5	555.81	0.0017992	603.93	752.1	2.055	0.96593	1.3948	590.83	0.007165	5.4175e-05	0.078152	supercritical
628.0	826.75	557.15	0.0017949	603.67	752.06	2.054	0.96607	1.395	591.94	0.0068945	5.4305e-05	0.078285	supercritical
628.0	830.0	558.48	0.0017906	603.42	752.03	2.053	0.9662	1.3951	593.05	0.0066259	5.4436e-05	0.078417	supercritical
628.0	833.25	559.82	0.0017863	603.16	752.0	2.0521	0.96634	1.3953	594.16	0.0063594	5.4567e-05	0.078549	supercritical
628.0	836.5	561.14	0.0017821	602.9	751.98	2.0511	0.96647	1.3955	595.27	0.0060948	5.4698e-05	0.07868	supercritical
628.0	839.75	562.46	0.0017779	602.65	751.95	2.0501	0.96661	1.3956	596.38	0.0058321	5.4828e-05	0.078812	supercritical
628.0	843.0	563.78	0.0017737	602.4	751.92	2.0492	0.96674	1.3958	597.49	0.0055714	5.4959e-05	0.078943	supercritical
628.0	846.25	565.09	0.0017696	602.14	751.9	2.0482	0.96688	1.3959	598.59	0.0053126	5.509e-05	0.079074	supercritical
628.0	849.5	566.4	0.0017655	601.89	751.87	2.0473	0.96701	1.396	599.7	0.0050557	5.522e-05	0.079205	supercritical
628.0	852.75	567.7	0.0017615	601.64	751.85	2.0463	0.96714	1.3962	600.8	0.0048006	5.5351e-05	0.079335	supercritical
628.0	856.0	569.0	0.0017575	601.39	751.83	2.0454	0.96728	1.3963	601.91	0.0045475	5.5481e-05	0.079465	supercritical
628.0	859.25	570.29	0.0017535	601.14	751.81	2.0444	0.96741	1.3965	603.01	0.0042961	5.5612e-05	0.079595	supercritical
628.0	862.5	571.58	0.0017495	600.89	751.79	2.0435	0.96754	1.3966	604.12	0.0040467	5.5742e-05	0.079725	supercritical
628.0	865.75	572.86	0.0017456	600.65	751.77	2.0426	0.96768	1.3967	605.22	0.003799	5.5873e-05	0.079854	supercritical
628.0	869.0	574.14	0.0017417	600.4	751.76	2.0416	0.96781	1.3968	606.32	0.0035531	5.6003e-05	0.079983	supercritical
628.0	872.25	575.42	0.0017379	600.16	751.74	2.0407	0.96794	1.397	607.42	0.0033091	5.6134e-05	0.080112	supercritical
628.0	875.5	576.68	0.0017341	599.91	751.73	2.0398	0.96807	1.3971	608.52	0.0030668	5.6264e-05	0.080241	supercritical
628.0	878.75	577.95	0.0017303	599.67	751.71	2.0389	0.96821	1.3972	609.62	0.0028262	5.6395e-05	0.080369	supercritical
628.0	882.0	579.21	0.0017265	599.42	751.7	2.038	0.96834	1.3973	610.72	0.0025875	5.6525e-05	0.080497	supercritical
628.0	885.25	580.46	0.0017228	599.18	751.69	2.037	0.96847	1.3974	611.81	0.0023504	5.6655e-05	0.080625	supercritical
628.0	888.5	581.71	0.0017191	598.94	751.68	2.0361	0.9686	1.3976	612.91	0.002115	5.6785e-05	0.080753	supercritical
628.0	891.75	582.96	0.0017154	598.7	751.67	2.0352	0.96873	1.3977	614.0	0.0018814	5.6916e-05	0.080881	supercritical
628.0	895.0	584.2	0.0017117	598.46	751.66	2.0343	0.96886	1.3978	615.1	0.0016494	5.7046e-05	0.081008	supercritical
628.0	898.25	585.44	0.0017081	598.22	751.66	2.0334	0.96899	1.3979	616.19	0.0014191	5.7176e-05	0.081135	supercritical
628.0	901.5	586.67	0.0017045	597.99	751.65	2.0325	0.96912	1.398	617.28	0.0011905	5.7306e-05	0.081262	supercritical
628.0	904.75	587.9	0.001701	597.75	751.65	2.0317	0.96925	1.3981	618.37	0.00096347	5.7436e-05	0.081388	supercritical
628.0	908.0	589.12	0.0016974	597.51	751.64	2.0308	0.96938	1.3982	619.46	0.0007381	5.7566e-05	0.081514	supercritical
628.0	911.25	590.34	0.0016939	597.28	751.64	2.0299	0.96951	1.3983	620.55	0.00051433	5.7696e-05	0.08164	supercritical
628.0	914.5	591.56	0.0016905	597.04	751.64	2.029	0.96964	1.3984	621.64	0.00029217	5.7826e-05	0.081766	supercritical
628.0	917.75	592.77	0.001687	596.81	751.64	2.0281	0.96977	1.3985	622.73	7.1583e-05	5.7956e-05	0.081892	supercritical
628.0	921.0	593.97	0.0016836	596.58	751.64	2.0273	0.9699	1.3986	623.82	-0.00014743	5.8085e-05	0.082017	supercritical
628.0	924.25	595.18	0.0016802	596.35	751.64	2.0264	0.97003	1.3987	624.9	-0.00036488	5.8215e-05	0.082142	supercritical
628.0	927.5	596.37	0.0016768	596.12	751.64	2.0255	0.97016	1.3988	625.99	-0.0005808	5.8345e-05	0.082267	supercritical
628.0	930.75	597.57	0.0016734	595.89	751.64	2.0247	0.97029	1.3988	627.07	-0.00079518	5.8475e-05	0.082392	supercritical
628.0	934.0	598.76	0.0016701	595.66	751.65	2.0238	0.97042	1.3989	628.15	-0.001008	5.8604e-05	0.082517	supercritical
628.0	937.25	599.94	0.0016668	595.43	751.65	2.023	0.97055	1.399	629.23	-0.0012194	5.8734e-05	0.082641	supercritical
628.0	940.5	601.12	0.0016635	595.2	751.66	2.0221	0.97067	1.3991	630.31	-0.0014293	5.8863e-05	0.082765	supercritical
628.0	943.75	602.3	0.0016603	594.97	751.66	2.0213	0.9708	1.3992	631.39	-0.0016377	5.8993e-05	0.082889	supercritical
628.0	947.0	603.47	0.0016571	594.75	751.67	2.0204	0.97093	1.3993	632.47	-0.0018446	5.9122e-05	0.083012	supercritical
628.0	950.25	604.64	0.0016539	594.52	751.68	2.0196	0.97106	1.3993	633.55	-0.0020501	5.9252e-05	0.083136	supercritical
628.0	953.5	605.81	0.0016507	594.3	751.69	2.0187	0.97119	1.3994	634.63	-0.0022542	5.9381e-05	0.083259	supercritical
628.0	956.75	606.97	0.0016475	594.07	751.7	2.0179	0.97131	1.3995	635.7	-0.0024568	5.951e-05	0.083382	supercritical
628.0	960.0	608.13	0.0016444	593.85	751.71	2.0171	0.97144	1.3996	636.78	-0.002658	5.9639e-05	0.083505	supercritical
628.0	963.25	609.28	0.0016413	593.63	751.73	2.0162	0.97157	1.3996	637.85	-0.0028578	5.9769e-05	0.083628	supercritical
628.0	966.5	610.43	0.0016382	593.41	751.74	2.0154	0.9717	1.3997	638.92	-0.0030562	5.9898e-05	0.08375	supercritical
628.0	969.75	611.57	0.0016351	593.19	751.75	2.0146	0.97182	1.3998	639.99	-0.0032533	6.0027e-05	0.083872	supercritical
628.0	973.0	612.71	0.0016321	592.97	751.77	2.0138	0.97195	1.3998	641.06	-0.003449	6.0156e-05	0.083994	supercritical
628.0	976.25	613.85	0.0016291	592.75	751.79	2.0129	0.97208	1.3999	642.13	-0.0036433	6.0285e-05	0.084116	supercritical
628.0	979.5	614.98	0.0016261	592.53	751.8	2.0121	0.9722	1.4	643.2	-0.0038363	6.0413e-05	0.084238	supercritical
628.0	982.75	616.11	0.0016231	592.31	751.82	2.0113	0.97233	1.4	644.27	-0.004028	6.0542e-05	0.084359	supercritical
628.0	986.0	617.24	0.0016201	592.1	751.84	2.0105	0.97245	1.4001	645.33	-0.0042184	6.0671e-05	0.08448	supercritical
628.0	989.25	618.36	0.0016172	591.88	751.86	2.0097	0.97258	1.4001	646.4	-0.0044074	6.08e-05	0.084601	supercritical
628.0	992.5	619.48	0.0016143	591.66	751.88	2.0089	0.97271	1.4002	647.46	-0.0045952	6.0928e-05	0.084722	supercritical
628.0	995.75	620.59	0.0016114	591.45	751.9	2.0081	0.97283	1.4003	648.53	-0.0047817	6.1057e-05	0.084843	supercritical
628.0	999.0	621.7	0.0016085	591.23	751.92	2.0073	0.97296	1.4003	649.59	-0.0049669	6.1186e-05	0.084963	supercritical
628.0	1002.2	622.81	0.0016056	591.02	751.95	2.0065	0.97308	1.4004	650.65	-0.0051509	6.1314e-05	0.085083	supercritical
628.0	1005.5	623.91	0.0016028	590.81	751.97	2.0057	0.97321	1.4004	651.71	-0.0053336	6.1442e-05	0.085204	supercritical
628.0	1008.8	625.01	0.0016	590.6	751.99	2.0049	0.97333	1.4005	652.77	-0.0055151	6.1571e-05	0.085323	supercritical
628.0	1012.0	626.11	0.0015972	590.39	752.02	2.0041	0.97346	1.4005	653.83	-0.0056954	6.1699e-05	0.085443	supercritical
628.0	1015.2	627.2	0.0015944	590.18	752.05	2.0033	0.97358	1.4006	654.88	-0.0058744	6.1827e-05	0.085563	supercritical
628.0	1018.5	628.29	0.0015916	589.97	752.07	2.0026	0.97371	1.4006	655.94	-0.0060523	6.1955e-05	0.085682	supercritical
628.0	1021.8	629.37	0.0015889	589.76	752.1	2.0018	0.97383	1.4007	656.99	-0.0062289	6.2084e-05	0.085801	supercritical
628.0	1025.0	630.45	0.0015862	589.55	752.13	2.001	0.97396	1.4007	658.05	-0.0064044	6.2212e-05	0.08592	supercritical
628.0	1028.2	631.53	0.0015835	589.34	752.16	2.0002	0.97408	1.4008	659.1	-0.0065787	6.234e-05	0.086039	supercritical
628.0	1031.5	632.6	0.0015808	589.13	752.19	1.9995	0.97421	1.4008	660.15	-0.0067519	6.2468e-05	0.086158	supercritical
628.0	1034.8	633.67	0.0015781	588.93	752.22	1.9987	0.97433	1.4008	661.2	-0.0069239	6.2595e-05	0.086276	supercritical
628.0	1038.0	634.74	0.0015754	588.72	752.25	1.9979	0.97445	1.4009	662.25	-0.0070948	6.2723e-05	0.086394	supercritical
628.0	1041.2	635.81	0.0015728	588.52	752.29	1.9972	0.97458	1.4009	663.3	-0.0072645	6.2851e-05	0.086512	supercritical
628.0	1044.5	636.87	0.0015702	588.31	752.32	1.9964	0.9747	1.401	664.35	-0.0074331	6.2979e-05	0.08663	supercritical
628.0	1047.8	637.92	0.0015676	588.11	752.35	1.9957	0.97483	1.401	665.39	-0.0076007	6.3106e-05	0.086748	supercritical
628.0	1051.0	638.98	0.001565	587.91	752.39	1.9949	0.97495	1.401	666.44	-0.0077671	6.3234e-05	0.086866	supercritical
628.0	1054.2	640.03	0.0015624	587.7	752.42	1.9941	0.97507	1.4011	667.48	-0.0079324	6.3361e-05	0.086983	supercritical
628.0	1057.5	641.07	0.0015599	587.5	752.46	1.9934	0.9752	1.4011	668.52	-0.0080967	6.3489e-05	0.087101	supercritical
628.0	1060.8	642.11	0.0015574	587.3	752.5	1.9926	0.97532	1.4011	669.57	-0.0082599	6.3616e-05	0.087218	supercritical
628.0	1064.0	643.15	0.0015548	587.1	752.54	1.9919	0.97544	1.4012	670.61	-0.008422	6.3743e-05	0.087335	supercritical
628.0	1067.2	644.19	0.0015523	586.9	752.57	1.9912	0.97556	1.4012	671.65	-0.0085831	6.387e-05	0.087451	supercritical
628.0	1070.5	645.22	0.0015498	586.7	752.61	1.9904	0.97569	1.4012	672.69	-0.0087431	6.3997e-05	0.087568	supercritical
628.0	1073.8	646.25	0.0015474	586.5	752.65	1.9897	0.97581	1.4013	673.72	-0.0089021	6.4125e-05	0.087685	supercritical
628.0	1077.0	647.28	0.0015449	586.31	752.69	1.9889	0.97593	1.4013	674.76	-0.0090601	6.4252e-05	0.087801	supercritical
628.0	1080.2	648.3	0.0015425	586.11	752.74	1.9882	0.97606	1.4013	675.8	-0.0092171	6.4378e-05	0.087917	supercritical
628.0	1083.5	649.32	0.0015401	585.91	752.78	1.9875	0.97618	1.4013	676.83	-0.0093731	6.4505e-05	0.088033	supercritical
628.0	1086.8	650.34	0.0015377	585.72	752.82	1.9868	0.9763	1.4014	677.86	-0.0095281	6.4632e-05	0.088149	supercritical
628.0	1090.0	651.35	0.0015353	585.52	752.87	1.986	0.97642	1.4014	678.9	-0.009682	6.4759e-05	0.088265	supercritical
628.0	1093.2	652.36	0.0015329	585.33	752.91	1.9853	0.97655	1.4014	679.93	-0.0098351	6.4886e-05	0.08838	supercritical
628.0	1096.5	653.37	0.0015305	585.13	752.96	1.9846	0.97667	1.4014	680.96	-0.0099871	6.5012e-05	0.088496	supercritical
628.0	1099.8	654.38	0.0015282	584.94	753.0	1.9839	0.97679	1.4015	681.99	-0.010138	6.5139e-05	0.088611	supercritical
628.0	1103.0	655.38	0.0015258	584.75	753.05	1.9832	0.97691	1.4015	683.02	-0.010288	6.5265e-05	0.088726	supercritical
628.0	1106.2	656.38	0.0015235	584.56	753.09	1.9824	0.97703	1.4015	684.04	-0.010437	6.5392e-05	0.088841	supercritical
628.0	1109.5	657.37	0.0015212	584.36	753.14	1.9817	0.97715	1.4015	685.07	-0.010586	6.5518e-05	0.088956	supercritical
628.0	1112.8	658.36	0.0015189	584.17	753.19	1.981	0.97728	1.4015	686.09	-0.010733	6.5644e-05	0.089071	supercritical
628.0	1116.0	659.35	0.0015166	583.98	753.24	1.9803	0.9774	1.4016	687.12	-0.010879	6.577e-05	0.089185	supercritical
628.0	1119.2	660.34	0.0015144	583.79	753.29	1.9796	0.97752	1.4016	688.14	-0.011025	6.5896e-05	0.089299	supercritical
628.0	1122.5	661.32	0.0015121	583.6	753.34	1.9789	0.97764	1.4016	689.16	-0.01117	6.6022e-05	0.089414	supercritical
628.0	1125.8	662.3	0.0015099	583.42	753.39	1.9782	0.97776	1.4016	690.18	-0.011313	6.6148e-05	0.089528	supercritical
628.0	1129.0	663.27	0.0015077	583.23	753.44	1.9775	0.97788	1.4016	691.2	-0.011456	6.6274e-05	0.089642	supercritical
628.0	1132.2	664.25	0.0015055	583.04	753.5	1.9768	0.978	1.4016	692.22	-0.011598	6.64e-05	0.089756	supercritical
628.0	1135.5	665.22	0.0015033	582.85	753.55	1.9761	0.97813	1.4016	693.24	-0.011739	6.6526e-05	0.089869	supercritical
628.0	1138.8	666.19	0.0015011	582.67	753.6	1.9754	0.97825	1.4017	694.26	-0.011879	6.6652e-05	0.089983	supercritical
628.0	1142.0	667.15	0.0014989	582.48	753.66	1.9747	0.97837	1.4017	695.27	-0.012018	6.6777e-05	0.090096	supercritical
628.0	1145.2	668.11	0.0014968	582.3	753.71	1.974	0.97849	1.4017	696.29	-0.012157	6.6903e-05	0.09021	supercritical
628.0	1148.5	669.07	0.0014946	582.11	753.77	1.9734	0.97861	1.4017	697.3	-0.012294	6.7028e-05	0.090323	supercritical
628.0	1151.8	670.03	0.0014925	581.93	753.82	1.9727	0.97873	1.4017	698.31	-0.012431	6.7154e-05	0.090436	supercritical
628.0	1155.0	670.98	0.0014904	581.75	753.88	1.972	0.97885	1.4017	699.33	-0.012567	6.7279e-05	0.090549	supercritical
628.0	1158.2	671.93	0.0014882	581.56	753.94	1.9713	0.97897	1.4017	700.34	-0.012702	6.7404e-05	0.090662	supercritical
628.0	1161.5	672.88	0.0014862	581.38	754.0	1.9706	0.97909	1.4017	701.35	-0.012837	6.7529e-05	0.090774	supercritical
628.0	1164.8	673.82	0.0014841	581.2	754.06	1.97	0.97921	1.4017	702.35	-0.01297	6.7654e-05	0.090887	supercritical
628.0	1168.0	674.76	0.001482	581.02	754.12	1.9693	0.97933	1.4017	703.36	-0.013103	6.778e-05	0.090999	supercritical
628.0	1171.2	675.7	0.0014799	580.84	754.18	1.9686	0.97945	1.4017	704.37	-0.013235	6.7904e-05	0.091112	supercritical
628.0	1174.5	676.64	0.0014779	580.66	754.24	1.968	0.97957	1.4018	705.37	-0.013366	6.8029e-05	0.091224	supercritical
628.0	1177.8	677.57	0.0014759	580.48	754.3	1.9673	0.97969	1.4018	706.38	-0.013496	6.8154e-05	0.091336	supercritical
628.0	1181.0	678.5	0.0014738	580.3	754.36	1.9666	0.97981	1.4018	707.38	-0.013626	6.8279e-05	0.091448	supercritical
628.0	1184.2	679.43	0.0014718	580.12	754.42	1.966	0.97993	1.4018	708.38	-0.013754	6.8404e-05	0.091559	supercritical
628.0	1187.5	680.36	0.0014698	579.94	754.48	1.9653	0.98005	1.4018	709.38	-0.013882	6.8528e-05	0.091671	supercritical
628.0	1190.8	681.28	0.0014678	579.77	754.55	1.9646	0.98017	1.4018	710.38	-0.01401	6.8653e-05	0.091783	supercritical
628.0	1194.0	682.2	0.0014659	579.59	754.61	1.964	0.98029	1.4018	711.38	-0.014136	6.8777e-05	0.091894	supercritical
628.0	1197.2	683.11	0.0014639	579.41	754.68	1.9633	0.98041	1.4018	712.38	-0.014262	6.8902e-05	0.092006	supercritical
628.0	1200.5	684.03	0.0014619	579.24	754.74	1.9627	0.98053	1.4018	713.38	-0.014387	6.9026e-05	0.092117	supercritical
628.0	1203.8	684.94	0.00146	579.06	754.81	1.962	0.98065	1.4018	714.37	-0.014511	6.915e-05	0.092228	supercritical
628.0	1207.0	685.85	0.001458	578.89	754.87	1.9614	0.98077	1.4018	715.37	-0.014634	6.9274e-05	0.092339	supercritical
628.0	1210.2	686.76	0.0014561	578.71	754.94	1.9607	0.98089	1.4018	716.36	-0.014757	6.9399e-05	0.09245	supercritical
628.0	1213.5	687.66	0.0014542	578.54	755.01	1.9601	0.98101	1.4018	717.35	-0.014879	6.9523e-05	0.092561	supercritical
628.0	1216.8	688.56	0.0014523	578.37	755.08	1.9594	0.98113	1.4018	718.35	-0.015001	6.9647e-05	0.092671	supercritical
628.0	1220.0	689.46	0.0014504	578.2	755.15	1.9588	0.98124	1.4018	719.34	-0.015121	6.977e-05	0.092782	supercritical
628.0	1223.2	690.36	0.0014485	578.02	755.21	1.9582	0.98136	1.4018	720.33	-0.015241	6.9894e-05	0.092892	supercritical
628.0	1226.5	691.25	0.0014467	577.85	755.28	1.9575	0.98148	1.4018	721.31	-0.01536	7.0018e-05	0.093003	supercritical
628.0	1229.8	692.14	0.0014448	577.68	755.35	1.9569	0.9816	1.4017	722.3	-0.015479	7.0142e-05	0.093113	supercritical
628.0	1233.0	693.03	0.0014429	577.51	755.43	1.9562	0.98172	1.4017	723.29	-0.015597	7.0265e-05	0.093223	supercritical
628.0	1236.2	693.91	0.0014411	577.34	755.5	1.9556	0.98184	1.4017	724.27	-0.015714	7.0389e-05	0.093333	supercritical
628.0	1239.5	694.8	0.0014393	577.17	755.57	1.955	0.98196	1.4017	725.26	-0.015831	7.0512e-05	0.093443	supercritical
628.0	1242.8	695.68	0.0014374	577.0	755.64	1.9544	0.98208	1.4017	726.24	-0.015946	7.0636e-05	0.093553	supercritical
628.0	1246.0	696.56	0.0014356	576.83	755.71	1.9537	0.98219	1.4017	727.22	-0.016062	7.0759e-05	0.093662	supercritical
628.0	1249.2	697.43	0.0014338	576.67	755.79	1.9531	0.98231	1.4017	728.21	-0.016176	7.0882e-05	0.093772	supercritical
628.0	1252.5	698.31	0.001432	576.5	755.86	1.9525	0.98243	1.4017	729.19	-0.01629	7.1005e-05	0.093881	supercritical
628.0	1255.8	699.18	0.0014303	576.33	755.94	1.9519	0.98255	1.4017	730.16	-0.016403	7.1128e-05	0.093991	supercritical
628.0	1259.0	700.04	0.0014285	576.17	756.01	1.9512	0.98267	1.4017	731.14	-0.016516	7.1251e-05	0.0941	supercritical
628.0	1262.2	700.91	0.0014267	576.0	756.09	1.9506	0.98279	1.4017	732.12	-0.016627	7.1374e-05	0.094209	supercritical
628.0	1265.5	701.77	0.001425	575.83	756.16	1.95	0.9829	1.4017	733.1	-0.016739	7.1497e-05	0.094319	supercritical
628.0	1268.8	702.64	0.0014232	575.67	756.24	1.9494	0.98302	1.4017	734.07	-0.016849	7.162e-05	0.094428	supercritical
628.0	1272.0	703.49	0.0014215	575.5	756.32	1.9488	0.98314	1.4016	735.04	-0.016959	7.1743e-05	0.094537	supercritical
628.0	1275.2	704.35	0.0014197	575.34	756.39	1.9482	0.98326	1.4016	736.02	-0.017069	7.1865e-05	0.094645	supercritical
628.0	1278.5	705.2	0.001418	575.18	756.47	1.9475	0.98338	1.4016	736.99	-0.017177	7.1988e-05	0.094754	supercritical
628.0	1281.8	706.06	0.0014163	575.01	756.55	1.9469	0.98349	1.4016	737.96	-0.017285	7.211e-05	0.094863	supercritical
628.0	1285.0	706.91	0.0014146	574.85	756.63	1.9463	0.98361	1.4016	738.93	-0.017393	7.2233e-05	0.094971	supercritical
628.0	1288.2	707.75	0.0014129	574.69	756.71	1.9457	0.98373	1.4016	739.9	-0.0175	7.2355e-05	0.09508	supercritical
628.0	1291.5	708.6	0.0014112	574.53	756.79	1.9451	0.98385	1.4016	740.87	-0.017606	7.2477e-05	0.095188	supercritical
628.0	1294.8	709.44	0.0014096	574.37	756.87	1.9445	0.98396	1.4016	741.83	-0.017712	7.26e-05	0.095296	supercritical
628.0	1298.0	710.28	0.0014079	574.2	756.95	1.9439	0.98408	1.4015	742.8	-0.017817	7.2722e-05	0.095405	supercritical
628.0	1301.2	711.12	0.0014062	574.04	757.03	1.9433	0.9842	1.4015	743.76	-0.017922	7.2844e-05	0.095513	supercritical
628.0	1304.5	711.95	0.0014046	573.88	757.11	1.9427	0.98432	1.4015	744.73	-0.018025	7.2966e-05	0.095621	supercritical
628.0	1307.8	712.79	0.0014029	573.72	757.2	1.9421	0.98443	1.4015	745.69	-0.018129	7.3088e-05	0.095729	supercritical
628.0	1311.0	713.62	0.0014013	573.57	757.28	1.9415	0.98455	1.4015	746.65	-0.018232	7.321e-05	0.095837	supercritical
628.0	1314.2	714.45	0.0013997	573.41	757.36	1.9409	0.98467	1.4015	747.61	-0.018334	7.3331e-05	0.095944	supercritical
628.0	1317.5	715.27	0.0013981	573.25	757.44	1.9404	0.98479	1.4015	748.57	-0.018435	7.3453e-05	0.096052	supercritical
628.0	1320.8	716.1	0.0013965	573.09	757.53	1.9398	0.9849	1.4014	749.53	-0.018536	7.3575e-05	0.09616	supercritical
628.0	1324.0	716.92	0.0013949	572.93	757.61	1.9392	0.98502	1.4014	750.49	-0.018637	7.3696e-05	0.096267	supercritical
628.0	1327.2	717.74	0.0013933	572.78	757.7	1.9386	0.98514	1.4014	751.44	-0.018737	7.3818e-05	0.096375	supercritical
628.0	1330.5	718.56	0.0013917	572.62	757.78	1.938	0.98525	1.4014	752.4	-0.018836	7.3939e-05	0.096482	supercritical
628.0	1333.8	719.37	0.0013901	572.47	757.87	1.9374	0.98537	1.4014	753.35	-0.018935	7.4061e-05	0.096589	supercritical
628.0	1337.0	720.18	0.0013885	572.31	757.96	1.9368	0.98549	1.4014	754.31	-0.019033	7.4182e-05	0.096697	supercritical
628.0	1340.2	721.0	0.001387	572.16	758.04	1.9363	0.98561	1.4013	755.26	-0.019131	7.4303e-05	0.096804	supercritical
628.0	1343.5	721.81	0.0013854	572.0	758.13	1.9357	0.98572	1.4013	756.21	-0.019228	7.4424e-05	0.096911	supercritical
628.0	1346.8	722.61	0.0013839	571.85	758.22	1.9351	0.98584	1.4013	757.16	-0.019325	7.4545e-05	0.097018	supercritical
628.0	1350.0	723.42	0.0013823	571.69	758.31	1.9345	0.98596	1.4013	758.11	-0.019421	7.4666e-05	0.097125	supercritical
628.0	1353.2	724.22	0.0013808	571.54	758.4	1.934	0.98607	1.4013	759.06	-0.019517	7.4787e-05	0.097231	supercritical
628.0	1356.5	725.02	0.0013793	571.39	758.49	1.9334	0.98619	1.4013	760.0	-0.019612	7.4908e-05	0.097338	supercritical
628.0	1359.8	725.82	0.0013778	571.23	758.57	1.9328	0.98631	1.4012	760.95	-0.019706	7.5029e-05	0.097445	supercritical
628.0	1363.0	726.61	0.0013762	571.08	758.66	1.9322	0.98642	1.4012	761.9	-0.0198	7.515e-05	0.097551	supercritical
628.0	1366.2	727.41	0.0013747	570.93	758.75	1.9317	0.98654	1.4012	762.84	-0.019894	7.527e-05	0.097658	supercritical
628.0	1369.5	728.2	0.0013732	570.78	758.85	1.9311	0.98665	1.4012	763.78	-0.019987	7.5391e-05	0.097764	supercritical
628.0	1372.8	728.99	0.0013718	570.63	758.94	1.9305	0.98677	1.4012	764.72	-0.020079	7.5511e-05	0.097871	supercritical
628.0	1376.0	729.78	0.0013703	570.48	759.03	1.93	0.98689	1.4011	765.66	-0.020171	7.5632e-05	0.097977	supercritical
628.0	1379.2	730.57	0.0013688	570.33	759.12	1.9294	0.987	1.4011	766.6	-0.020263	7.5752e-05	0.098083	supercritical
628.0	1382.5	731.35	0.0013673	570.18	759.21	1.9289	0.98712	1.4011	767.54	-0.020353	7.5872e-05	0.09819	supercritical
628.0	1385.8	732.13	0.0013659	570.03	759.31	1.9283	0.98724	1.4011	768.48	-0.020444	7.5993e-05	0.098296	supercritical
628.0	1389.0	732.91	0.0013644	569.88	759.4	1.9277	0.98735	1.4011	769.42	-0.020534	7.6113e-05	0.098402	supercritical
628.0	1392.2	733.69	0.001363	569.73	759.49	1.9272	0.98747	1.401	770.35	-0.020623	7.6233e-05	0.098508	supercritical
628.0	1395.5	734.47	0.0013615	569.59	759.59	1.9266	0.98758	1.401	771.29	-0.020712	7.6353e-05	0.098614	supercritical
628.0	1398.8	735.24	0.0013601	569.44	759.68	1.9261	0.9877	1.401	772.22	-0.020801	7.6473e-05	0.098719	supercritical
628.0	1402.0	736.01	0.0013587	569.29	759.78	1.9255	0.98782	1.401	773.15	-0.020889	7.6593e-05	0.098825	supercritical
628.0	1405.2	736.78	0.0013573	569.14	759.87	1.925	0.98793	1.401	774.09	-0.020977	7.6712e-05	0.098931	supercritical
628.0	1408.5	737.55	0.0013558	569.0	759.97	1.9244	0.98805	1.4009	775.02	-0.021064	7.6832e-05	0.099036	supercritical
628.0	1411.8	738.32	0.0013544	568.85	760.06	1.9239	0.98816	1.4009	775.94	-0.02115	7.6952e-05	0.099142	supercritical
628.0	1415.0	739.08	0.001353	568.71	760.16	1.9233	0.98828	1.4009	776.87	-0.021236	7.7071e-05	0.099248	supercritical
628.0	1418.2	739.84	0.0013516	568.56	760.26	1.9228	0.9884	1.4009	777.8	-0.021322	7.7191e-05	0.099353	supercritical
628.0	1421.5	740.6	0.0013503	568.42	760.35	1.9222	0.98851	1.4008	778.73	-0.021407	7.731e-05	0.099458	supercritical
628.0	1424.8	741.36	0.0013489	568.27	760.45	1.9217	0.98863	1.4008	779.65	-0.021492	7.743e-05	0.099564	supercritical
628.0	1428.0	742.12	0.0013475	568.13	760.55	1.9212	0.98874	1.4008	780.58	-0.021576	7.7549e-05	0.099669	supercritical
628.0	1431.2	742.87	0.0013461	567.98	760.65	1.9206	0.98886	1.4008	781.5	-0.02166	7.7668e-05	0.099774	supercritical
628.0	1434.5	743.63	0.0013448	567.84	760.75	1.9201	0.98897	1.4008	782.42	-0.021744	7.7787e-05	0.099879	supercritical
628.0	1437.8	744.38	0.0013434	567.7	760.85	1.9195	0.98909	1.4007	783.34	-0.021826	7.7906e-05	0.099984	supercritical
628.0	1441.0	745.13	0.0013421	567.56	760.95	1.919	0.9892	1.4007	784.26	-0.021909	7.8025e-05	0.10009	supercritical
628.0	1444.2	745.87	0.0013407	567.41	761.05	1.9185	0.98932	1.4007	785.18	-0.021991	7.8144e-05	0.10019	supercritical
628.0	1447.5	746.62	0.0013394	567.27	761.15	1.9179	0.98943	1.4007	786.1	-0.022073	7.8263e-05	0.1003	supercritical
628.0	1450.8	747.36	0.001338	567.13	761.25	1.9174	0.98955	1.4006	787.02	-0.022154	7.8382e-05	0.1004	supercritical
628.0	1454.0	748.1	0.0013367	566.99	761.35	1.9169	0.98966	1.4006	787.93	-0.022235	7.8501e-05	0.10051	supercritical
628.0	1457.2	748.84	0.0013354	566.85	761.45	1.9163	0.98978	1.4006	788.85	-0.022315	7.862e-05	0.10061	supercritical
628.0	1460.5	749.58	0.0013341	566.71	761.55	1.9158	0.9899	1.4006	789.76	-0.022395	7.8738e-05	0.10072	supercritical
628.0	1463.8	750.32	0.0013328	566.57	761.65	1.9153	0.99001	1.4006	790.67	-0.022474	7.8857e-05	0.10082	supercritical
628.0	1467.0	751.05	0.0013315	566.43	761.76	1.9148	0.99013	1.4005	791.58	-0.022553	7.8975e-05	0.10093	supercritical
628.0	1470.2	751.79	0.0013302	566.29	761.86	1.9142	0.99024	1.4005	792.5	-0.022632	7.9094e-05	0.10103	supercritical
628.0	1473.5	752.52	0.0013289	566.15	761.96	1.9137	0.99036	1.4005	793.4	-0.02271	7.9212e-05	0.10114	supercritical
628.0	1476.8	753.25	0.0013276	566.01	762.07	1.9132	0.99047	1.4005	794.31	-0.022788	7.933e-05	0.10124	supercritical
628.0	1480.0	753.97	0.0013263	565.88	762.17	1.9127	0.99058	1.4004	795.22	-0.022865	7.9449e-05	0.10135	supercritical
628.0	1483.2	754.7	0.001325	565.74	762.27	1.9121	0.9907	1.4004	796.13	-0.022942	7.9567e-05	0.10145	supercritical
628.0	1486.5	755.42	0.0013238	565.6	762.38	1.9116	0.99081	1.4004	797.03	-0.023019	7.9685e-05	0.10155	supercritical
628.0	1489.8	756.15	0.0013225	565.46	762.48	1.9111	0.99093	1.4004	797.94	-0.023095	7.9803e-05	0.10166	supercritical
628.0	1493.0	756.87	0.0013212	565.33	762.59	1.9106	0.99104	1.4003	798.84	-0.02317	7.9921e-05	0.10176	supercritical
628.0	1496.2	757.59	0.00132	565.19	762.69	1.9101	0.99116	1.4003	799.74	-0.023246	8.0039e-05	0.10187	supercritical
628.0	1499.5	758.3	0.0013187	565.06	762.8	1.9096	0.99127	1.4003	800.64	-0.023321	8.0157e-05	0.10197	supercritical
628.0	1502.8	759.02	0.0013175	564.92	762.91	1.9091	0.99139	1.4003	801.54	-0.023395	8.0274e-05	0.10207	supercritical
628.0	1506.0	759.73	0.0013163	564.78	763.01	1.9085	0.9915	1.4003	802.44	-0.023469	8.0392e-05	0.10218	supercritical
628.0	1509.2	760.44	0.001315	564.65	763.12	1.908	0.99162	1.4002	803.34	-0.023543	8.051e-05	0.10228	supercritical
628.0	1512.5	761.15	0.0013138	564.52	763.23	1.9075	0.99173	1.4002	804.24	-0.023616	8.0627e-05	0.10239	supercritical
628.0	1515.8	761.86	0.0013126	564.38	763.33	1.907	0.99185	1.4002	805.14	-0.023689	8.0745e-05	0.10249	supercritical
628.0	1519.0	762.57	0.0013114	564.25	763.44	1.9065	0.99196	1.4002	806.03	-0.023762	8.0862e-05	0.10259	supercritical
628.0	1522.2	763.27	0.0013101	564.11	763.55	1.906	0.99207	1.4001	806.92	-0.023834	8.098e-05	0.1027	supercritical
628.0	1525.5	763.98	0.0013089	563.98	763.66	1.9055	0.99219	1.4001	807.82	-0.023906	8.1097e-05	0.1028	supercritical
628.0	1528.8	764.68	0.0013077	563.85	763.77	1.905	0.9923	1.4001	808.71	-0.023977	8.1214e-05	0.10291	supercritical
628.0	1532.0	765.38	0.0013065	563.72	763.88	1.9045	0.99242	1.4001	809.6	-0.024048	8.1331e-05	0.10301	supercritical
628.0	1535.2	766.08	0.0013053	563.58	763.99	1.904	0.99253	1.4	810.49	-0.024119	8.1448e-05	0.10311	supercritical
628.0	1538.5	766.78	0.0013042	563.45	764.1	1.9035	0.99265	1.4	811.38	-0.024189	8.1565e-05	0.10322	supercritical
628.0	1541.8	767.47	0.001303	563.32	764.21	1.903	0.99276	1.4	812.27	-0.024259	8.1682e-05	0.10332	supercritical
628.0	1545.0	768.17	0.0013018	563.19	764.32	1.9025	0.99287	1.4	813.15	-0.024329	8.1799e-05	0.10342	supercritical
628.0	1548.2	768.86	0.0013006	563.06	764.43	1.902	0.99299	1.4	814.04	-0.024398	8.1916e-05	0.10353	supercritical
628.0	1551.5	769.55	0.0012995	562.93	764.54	1.9015	0.9931	1.3999	814.93	-0.024467	8.2033e-05	0.10363	supercritical
628.0	1554.8	770.24	0.0012983	562.8	764.65	1.901	0.99322	1.3999	815.81	-0.024536	8.215e-05	0.10373	supercritical
628.0	1558.0	770.92	0.0012971	562.67	764.76	1.9005	0.99333	1.3999	816.69	-0.024604	8.2266e-05	0.10384	supercritical
628.0	1561.2	771.61	0.001296	562.54	764.88	1.9	0.99344	1.3999	817.57	-0.024672	8.2383e-05	0.10394	supercritical
628.0	1564.5	772.29	0.0012948	562.41	764.99	1.8995	0.99356	1.3998	818.45	-0.024739	8.25e-05	0.10404	supercritical
628.0	1567.8	772.98	0.0012937	562.28	765.1	1.899	0.99367	1.3998	819.33	-0.024806	8.2616e-05	0.10415	supercritical
628.0	1571.0	773.66	0.0012926	562.15	765.21	1.8985	0.99378	1.3998	820.21	-0.024873	8.2732e-05	0.10425	supercritical
628.0	1574.2	774.34	0.0012914	562.02	765.33	1.8981	0.9939	1.3998	821.09	-0.024939	8.2849e-05	0.10435	supercritical
628.0	1577.5	775.02	0.0012903	561.9	765.44	1.8976	0.99401	1.3997	821.97	-0.025005	8.2965e-05	0.10446	supercritical
628.0	1580.8	775.69	0.0012892	561.77	765.55	1.8971	0.99413	1.3997	822.84	-0.025071	8.3081e-05	0.10456	supercritical
628.0	1584.0	776.37	0.001288	561.64	765.67	1.8966	0.99424	1.3997	823.72	-0.025136	8.3197e-05	0.10466	supercritical
628.0	1587.2	777.04	0.0012869	561.51	765.78	1.8961	0.99435	1.3997	824.59	-0.025201	8.3314e-05	0.10476	supercritical
628.0	1590.5	777.71	0.0012858	561.39	765.9	1.8956	0.99447	1.3997	825.46	-0.025266	8.343e-05	0.10487	supercritical
628.0	1593.8	778.38	0.0012847	561.26	766.01	1.8951	0.99458	1.3996	826.34	-0.02533	8.3546e-05	0.10497	supercritical
628.0	1597.0	779.05	0.0012836	561.14	766.13	1.8947	0.99469	1.3996	827.21	-0.025394	8.3662e-05	0.10507	supercritical
628.0	1600.2	779.72	0.0012825	561.01	766.24	1.8942	0.99481	1.3996	828.08	-0.025458	8.3777e-05	0.10518	supercritical
628.0	1603.5	780.39	0.0012814	560.88	766.36	1.8937	0.99492	1.3996	828.95	-0.025521	8.3893e-05	0.10528	supercritical
628.0	1606.8	781.05	0.0012803	560.76	766.48	1.8932	0.99503	1.3995	829.81	-0.025584	8.4009e-05	0.10538	supercritical
628.0	1610.0	781.71	0.0012792	560.63	766.59	1.8928	0.99515	1.3995	830.68	-0.025647	8.4125e-05	0.10548	supercritical
628.0	1613.2	782.38	0.0012782	560.51	766.71	1.8923	0.99526	1.3995	831.55	-0.02571	8.424e-05	0.10559	supercritical
628.0	1616.5	783.04	0.0012771	560.39	766.83	1.8918	0.99537	1.3995	832.41	-0.025772	8.4356e-05	0.10569	supercritical
628.0	1619.8	783.7	0.001276	560.26	766.94	1.8913	0.99549	1.3994	833.27	-0.025833	8.4471e-05	0.10579	supercritical
628.0	1623.0	784.35	0.0012749	560.14	767.06	1.8909	0.9956	1.3994	834.14	-0.025895	8.4587e-05	0.10589	supercritical
628.0	1626.2	785.01	0.0012739	560.02	767.18	1.8904	0.99571	1.3994	835.0	-0.025956	8.4702e-05	0.106	supercritical
628.0	1629.5	785.66	0.0012728	559.89	767.3	1.8899	0.99583	1.3994	835.86	-0.026017	8.4818e-05	0.1061	supercritical
628.0	1632.8	786.32	0.0012718	559.77	767.42	1.8894	0.99594	1.3994	836.72	-0.026077	8.4933e-05	0.1062	supercritical
628.0	1636.0	786.97	0.0012707	559.65	767.53	1.889	0.99605	1.3993	837.58	-0.026137	8.5048e-05	0.1063	supercritical
628.0	1639.2	787.62	0.0012697	559.53	767.65	1.8885	0.99617	1.3993	838.43	-0.026197	8.5163e-05	0.10641	supercritical
628.0	1642.5	788.27	0.0012686	559.4	767.77	1.888	0.99628	1.3993	839.29	-0.026257	8.5278e-05	0.10651	supercritical
628.0	1645.8	788.91	0.0012676	559.28	767.89	1.8876	0.99639	1.3993	840.15	-0.026316	8.5393e-05	0.10661	supercritical
628.0	1649.0	789.56	0.0012665	559.16	768.01	1.8871	0.9965	1.3993	841.0	-0.026375	8.5508e-05	0.10671	supercritical
628.0	1652.2	790.2	0.0012655	559.04	768.13	1.8866	0.99662	1.3992	841.85	-0.026434	8.5623e-05	0.10682	supercritical
628.0	1655.5	790.85	0.0012645	558.92	768.25	1.8862	0.99673	1.3992	842.71	-0.026492	8.5738e-05	0.10692	supercritical
628.0	1658.8	791.49	0.0012634	558.8	768.37	1.8857	0.99684	1.3992	843.56	-0.02655	8.5853e-05	0.10702	supercritical
628.0	1662.0	792.13	0.0012624	558.68	768.49	1.8853	0.99696	1.3992	844.41	-0.026608	8.5968e-05	0.10712	supercritical
628.0	1665.2	792.77	0.0012614	558.56	768.62	1.8848	0.99707	1.3991	845.26	-0.026665	8.6082e-05	0.10723	supercritical
628.0	1668.5	793.41	0.0012604	558.44	768.74	1.8843	0.99718	1.3991	846.11	-0.026723	8.6197e-05	0.10733	supercritical
628.0	1671.8	794.04	0.0012594	558.32	768.86	1.8839	0.99729	1.3991	846.96	-0.02678	8.6312e-05	0.10743	supercritical
628.0	1675.0	794.68	0.0012584	558.2	768.98	1.8834	0.99741	1.3991	847.8	-0.026836	8.6426e-05	0.10753	supercritical
628.0	1678.2	795.31	0.0012574	558.08	769.1	1.883	0.99752	1.3991	848.65	-0.026893	8.6541e-05	0.10763	supercritical
628.0	1681.5	795.94	0.0012564	557.97	769.22	1.8825	0.99763	1.399	849.49	-0.026949	8.6655e-05	0.10774	supercritical
628.0	1684.8	796.57	0.0012554	557.85	769.35	1.8821	0.99774	1.399	850.34	-0.027004	8.6769e-05	0.10784	supercritical
628.0	1688.0	797.2	0.0012544	557.73	769.47	1.8816	0.99786	1.399	851.18	-0.02706	8.6884e-05	0.10794	supercritical
628.0	1691.2	797.83	0.0012534	557.61	769.59	1.8812	0.99797	1.399	852.02	-0.027115	8.6998e-05	0.10804	supercritical
628.0	1694.5	798.46	0.0012524	557.5	769.72	1.8807	0.99808	1.399	852.86	-0.02717	8.7112e-05	0.10814	supercritical
628.0	1697.8	799.08	0.0012514	557.38	769.84	1.8802	0.99819	1.3989	853.7	-0.027225	8.7226e-05	0.10825	supercritical
628.0	1701.0	799.71	0.0012505	557.26	769.96	1.8798	0.99831	1.3989	854.54	-0.027279	8.734e-05	0.10835	supercritical
628.0	1704.2	800.33	0.0012495	557.15	770.09	1.8794	0.99842	1.3989	855.38	-0.027333	8.7454e-05	0.10845	supercritical
628.0	1707.5	800.95	0.0012485	557.03	770.21	1.8789	0.99853	1.3989	856.22	-0.027387	8.7568e-05	0.10855	supercritical
628.0	1710.8	801.57	0.0012475	556.91	770.34	1.8785	0.99864	1.3989	857.05	-0.027441	8.7682e-05	0.10865	supercritical
628.0	1714.0	802.19	0.0012466	556.8	770.46	1.878	0.99875	1.3988	857.89	-0.027494	8.7796e-05	0.10876	supercritical
628.0	1717.2	802.81	0.0012456	556.68	770.59	1.8776	0.99887	1.3988	858.72	-0.027547	8.791e-05	0.10886	supercritical
628.0	1720.5	803.43	0.0012447	556.57	770.71	1.8771	0.99898	1.3988	859.55	-0.0276	8.8023e-05	0.10896	supercritical
628.0	1723.8	804.04	0.0012437	556.45	770.84	1.8767	0.99909	1.3988	860.39	-0.027652	8.8137e-05	0.10906	supercritical
628.0	1727.0	804.66	0.0012428	556.34	770.96	1.8762	0.9992	1.3988	861.22	-0.027704	8.8251e-05	0.10916	supercritical
628.0	1730.2	805.27	0.0012418	556.22	771.09	1.8758	0.99931	1.3987	862.05	-0.027756	8.8364e-05	0.10926	supercritical
628.0	1733.5	805.88	0.0012409	556.11	771.22	1.8753	0.99943	1.3987	862.88	-0.027808	8.8478e-05	0.10937	supercritical
628.0	1736.8	806.49	0.0012399	556.0	771.34	1.8749	0.99954	1.3987	863.7	-0.02786	8.8591e-05	0.10947	supercritical
628.0	1740.0	807.1	0.001239	555.88	771.47	1.8745	0.99965	1.3987	864.53	-0.027911	8.8705e-05	0.10957	supercritical
628.0	1743.2	807.71	0.0012381	555.77	771.6	1.874	0.99976	1.3987	865.36	-0.027962	8.8818e-05	0.10967	supercritical
628.0	1746.5	808.31	0.0012371	555.66	771.72	1.8736	0.99987	1.3986	866.18	-0.028012	8.8931e-05	0.10977	supercritical
628.0	1749.8	808.92	0.0012362	555.54	771.85	1.8732	0.99999	1.3986	867.01	-0.028063	8.9045e-05	0.10987	supercritical
628.0	1753.0	809.52	0.0012353	555.43	771.98	1.8727	1.0001	1.3986	867.83	-0.028113	8.9158e-05	0.10998	supercritical
628.0	1756.2	810.13	0.0012344	555.32	772.11	1.8723	1.0002	1.3986	868.65	-0.028163	8.9271e-05	0.11008	supercritical
628.0	1759.5	810.73	0.0012335	555.21	772.24	1.8718	1.0003	1.3986	869.48	-0.028213	8.9384e-05	0.11018	supercritical
628.0	1762.8	811.33	0.0012325	555.1	772.36	1.8714	1.0004	1.3986	870.3	-0.028262	8.9497e-05	0.11028	supercritical
628.0	1766.0	811.93	0.0012316	554.99	772.49	1.871	1.0005	1.3985	871.12	-0.028312	8.961e-05	0.11038	supercritical
628.0	1769.2	812.53	0.0012307	554.87	772.62	1.8705	1.0007	1.3985	871.93	-0.028361	8.9723e-05	0.11048	supercritical
628.0	1772.5	813.12	0.0012298	554.76	772.75	1.8701	1.0008	1.3985	872.75	-0.028409	8.9836e-05	0.11059	supercritical
628.0	1775.8	813.72	0.0012289	554.65	772.88	1.8697	1.0009	1.3985	873.57	-0.028458	8.9949e-05	0.11069	supercritical
628.0	1779.0	814.31	0.001228	554.54	773.01	1.8693	1.001	1.3985	874.39	-0.028506	9.0062e-05	0.11079	supercritical
628.0	1782.2	814.91	0.0012271	554.43	773.14	1.8688	1.0011	1.3985	875.2	-0.028554	9.0175e-05	0.11089	supercritical
628.0	1785.5	815.5	0.0012262	554.32	773.27	1.8684	1.0012	1.3984	876.01	-0.028602	9.0287e-05	0.11099	supercritical
628.0	1788.8	816.09	0.0012254	554.21	773.4	1.868	1.0013	1.3984	876.83	-0.028649	9.04e-05	0.11109	supercritical
628.0	1792.0	816.68	0.0012245	554.1	773.53	1.8675	1.0014	1.3984	877.64	-0.028697	9.0512e-05	0.11119	supercritical
628.0	1795.2	817.27	0.0012236	553.99	773.66	1.8671	1.0015	1.3984	878.45	-0.028744	9.0625e-05	0.1113	supercritical
628.0	1798.5	817.86	0.0012227	553.89	773.79	1.8667	1.0017	1.3984	879.26	-0.028791	9.0738e-05	0.1114	supercritical
628.0	1801.8	818.44	0.0012218	553.78	773.92	1.8663	1.0018	1.3984	880.07	-0.028837	9.085e-05	0.1115	supercritical
628.0	1805.0	819.03	0.001221	553.67	774.05	1.8658	1.0019	1.3983	880.88	-0.028884	9.0962e-05	0.1116	supercritical
628.0	1808.2	819.61	0.0012201	553.56	774.18	1.8654	1.002	1.3983	881.69	-0.02893	9.1075e-05	0.1117	supercritical
628.0	1811.5	820.19	0.0012192	553.45	774.31	1.865	1.0021	1.3983	882.49	-0.028976	9.1187e-05	0.1118	supercritical
628.0	1814.8	820.78	0.0012184	553.34	774.45	1.8646	1.0022	1.3983	883.3	-0.029022	9.1299e-05	0.1119	supercritical
628.0	1818.0	821.36	0.0012175	553.24	774.58	1.8642	1.0023	1.3983	884.1	-0.029067	9.1411e-05	0.112	supercritical
628.0	1821.2	821.94	0.0012166	553.13	774.71	1.8637	1.0024	1.3983	884.91	-0.029113	9.1524e-05	0.11211	supercritical
628.0	1824.5	822.51	0.0012158	553.02	774.84	1.8633	1.0025	1.3982	885.71	-0.029158	9.1636e-05	0.11221	supercritical
628.0	1827.8	823.09	0.0012149	552.92	774.98	1.8629	1.0027	1.3982	886.51	-0.029203	9.1748e-05	0.11231	supercritical
628.0	1831.0	823.67	0.0012141	552.81	775.11	1.8625	1.0028	1.3982	887.31	-0.029247	9.186e-05	0.11241	supercritical
628.0	1834.2	824.24	0.0012132	552.7	775.24	1.8621	1.0029	1.3982	888.12	-0.029292	9.1972e-05	0.11251	supercritical
628.0	1837.5	824.82	0.0012124	552.6	775.37	1.8617	1.003	1.3982	888.91	-0.029336	9.2084e-05	0.11261	supercritical
628.0	1840.8	825.39	0.0012115	552.49	775.51	1.8612	1.0031	1.3982	889.71	-0.02938	9.2195e-05	0.11271	supercritical
628.0	1844.0	825.96	0.0012107	552.39	775.64	1.8608	1.0032	1.3981	890.51	-0.029424	9.2307e-05	0.11281	supercritical
628.0	1847.2	826.53	0.0012099	552.28	775.78	1.8604	1.0033	1.3981	891.31	-0.029467	9.2419e-05	0.11292	supercritical
628.0	1850.5	827.1	0.001209	552.18	775.91	1.86	1.0034	1.3981	892.1	-0.029511	9.2531e-05	0.11302	supercritical
628.0	1853.8	827.67	0.0012082	552.07	776.04	1.8596	1.0035	1.3981	892.9	-0.029554	9.2642e-05	0.11312	supercritical
628.0	1857.0	828.24	0.0012074	551.97	776.18	1.8592	1.0037	1.3981	893.69	-0.029597	9.2754e-05	0.11322	supercritical
628.0	1860.2	828.8	0.0012066	551.86	776.31	1.8588	1.0038	1.3981	894.48	-0.02964	9.2866e-05	0.11332	supercritical
628.0	1863.5	829.37	0.0012057	551.76	776.45	1.8584	1.0039	1.3981	895.28	-0.029682	9.2977e-05	0.11342	supercritical
628.0	1866.8	829.93	0.0012049	551.65	776.58	1.858	1.004	1.398	896.07	-0.029725	9.3089e-05	0.11352	supercritical
628.0	1870.0	830.5	0.0012041	551.55	776.72	1.8575	1.0041	1.398	896.86	-0.029767	9.32e-05	0.11362	supercritical
628.0	1873.2	831.06	0.0012033	551.45	776.85	1.8571	1.0042	1.398	897.65	-0.029809	9.3311e-05	0.11373	supercritical
628.0	1876.5	831.62	0.0012025	551.34	776.99	1.8567	1.0043	1.398	898.44	-0.029851	9.3423e-05	0.11383	supercritical
628.0	1879.8	832.18	0.0012017	551.24	777.12	1.8563	1.0044	1.398	899.22	-0.029892	9.3534e-05	0.11393	supercritical
628.0	1883.0	832.74	0.0012009	551.14	777.26	1.8559	1.0045	1.398	900.01	-0.029934	9.3645e-05	0.11403	supercritical
628.0	1886.2	833.3	0.0012001	551.04	777.4	1.8555	1.0047	1.398	900.8	-0.029975	9.3757e-05	0.11413	supercritical
628.0	1889.5	833.85	0.0011993	550.93	777.53	1.8551	1.0048	1.398	901.58	-0.030016	9.3868e-05	0.11423	supercritical
628.0	1892.8	834.41	0.0011985	550.83	777.67	1.8547	1.0049	1.3979	902.37	-0.030057	9.3979e-05	0.11433	supercritical
628.0	1896.0	834.96	0.0011977	550.73	777.81	1.8543	1.005	1.3979	903.15	-0.030097	9.409e-05	0.11443	supercritical
628.0	1899.2	835.52	0.0011969	550.63	777.94	1.8539	1.0051	1.3979	903.93	-0.030138	9.4201e-05	0.11453	supercritical
628.0	1902.5	836.07	0.0011961	550.53	778.08	1.8535	1.0052	1.3979	904.71	-0.030178	9.4312e-05	0.11463	supercritical
628.0	1905.8	836.62	0.0011953	550.43	778.22	1.8531	1.0053	1.3979	905.49	-0.030218	9.4423e-05	0.11474	supercritical
628.0	1909.0	837.17	0.0011945	550.32	778.35	1.8527	1.0054	1.3979	906.27	-0.030258	9.4534e-05	0.11484	supercritical
628.0	1912.2	837.72	0.0011937	550.22	778.49	1.8523	1.0055	1.3979	907.05	-0.030297	9.4645e-05	0.11494	supercritical
628.0	1915.5	838.27	0.0011929	550.12	778.63	1.8519	1.0056	1.3978	907.83	-0.030337	9.4755e-05	0.11504	supercritical
628.0	1918.8	838.82	0.0011922	550.02	778.77	1.8515	1.0058	1.3978	908.61	-0.030376	9.4866e-05	0.11514	supercritical
628.0	1922.0	839.36	0.0011914	549.92	778.91	1.8511	1.0059	1.3978	909.38	-0.030415	9.4977e-05	0.11524	supercritical
628.0	1925.2	839.91	0.0011906	549.82	779.04	1.8507	1.006	1.3978	910.16	-0.030454	9.5087e-05	0.11534	supercritical
628.0	1928.5	840.45	0.0011898	549.72	779.18	1.8503	1.0061	1.3978	910.93	-0.030493	9.5198e-05	0.11544	supercritical
628.0	1931.8	841.0	0.0011891	549.62	779.32	1.8499	1.0062	1.3978	911.71	-0.030531	9.5309e-05	0.11554	supercritical
628.0	1935.0	841.54	0.0011883	549.52	779.46	1.8495	1.0063	1.3978	912.48	-0.03057	9.5419e-05	0.11565	supercritical
628.0	1938.2	842.08	0.0011875	549.43	779.6	1.8491	1.0064	1.3978	913.25	-0.030608	9.553e-05	0.11575	supercritical
628.0	1941.5	842.62	0.0011868	549.33	779.74	1.8487	1.0065	1.3978	914.02	-0.030646	9.564e-05	0.11585	supercritical
628.0	1944.8	843.16	0.001186	549.23	779.88	1.8484	1.0066	1.3977	914.79	-0.030684	9.5751e-05	0.11595	supercritical
628.0	1948.0	843.7	0.0011853	549.13	780.02	1.848	1.0067	1.3977	915.56	-0.030722	9.5861e-05	0.11605	supercritical
628.0	1951.2	844.24	0.0011845	549.03	780.16	1.8476	1.0069	1.3977	916.33	-0.030759	9.5971e-05	0.11615	supercritical
628.0	1954.5	844.78	0.0011837	548.93	780.3	1.8472	1.007	1.3977	917.1	-0.030796	9.6082e-05	0.11625	supercritical
628.0	1957.8	845.31	0.001183	548.83	780.44	1.8468	1.0071	1.3977	917.87	-0.030834	9.6192e-05	0.11635	supercritical
628.0	1961.0	845.85	0.0011822	548.74	780.58	1.8464	1.0072	1.3977	918.63	-0.030871	9.6302e-05	0.11645	supercritical
628.0	1964.2	846.38	0.0011815	548.64	780.72	1.846	1.0073	1.3977	919.4	-0.030907	9.6412e-05	0.11655	supercritical
628.0	1967.5	846.91	0.0011808	548.54	780.86	1.8456	1.0074	1.3977	920.16	-0.030944	9.6522e-05	0.11666	supercritical
628.0	1970.8	847.45	0.00118	548.45	781.0	1.8452	1.0075	1.3977	920.93	-0.030981	9.6632e-05	0.11676	supercritical
628.0	1974.0	847.98	0.0011793	548.35	781.14	1.8449	1.0076	1.3976	921.69	-0.031017	9.6742e-05	0.11686	supercritical
628.0	1977.2	848.51	0.0011785	548.25	781.28	1.8445	1.0077	1.3976	922.45	-0.031053	9.6852e-05	0.11696	supercritical
628.0	1980.5	849.04	0.0011778	548.16	781.42	1.8441	1.0078	1.3976	923.21	-0.031089	9.6962e-05	0.11706	supercritical
628.0	1983.8	849.56	0.0011771	548.06	781.56	1.8437	1.008	1.3976	923.97	-0.031125	9.7072e-05	0.11716	supercritical
628.0	1987.0	850.09	0.0011763	547.96	781.7	1.8433	1.0081	1.3976	924.73	-0.031161	9.7182e-05	0.11726	supercritical
628.0	1990.2	850.62	0.0011756	547.87	781.84	1.8429	1.0082	1.3976	925.49	-0.031196	9.7292e-05	0.11736	supercritical
628.0	1993.5	851.14	0.0011749	547.77	781.99	1.8425	1.0083	1.3976	926.25	-0.031231	9.7402e-05	0.11746	supercritical
628.0	1996.8	851.67	0.0011742	547.68	782.13	1.8422	1.0084	1.3976	927.01	-0.031267	9.7511e-05	0.11756	supercritical
628.0	2000.0	852.19	0.0011734	547.58	782.27	1.8418	1.0085	1.3976	927.76	-0.031302	9.7621e-05	0.11766	supercritical
