Temperature (K)	Pressure (bar)	Density (kg/m3)	Volume (m3/kg)	Internal Energy (kJ/kg)	Enthalpy (kJ/kg)	Entropy (J/g*K)	Cv (J/g*K)	Cp (J/g*K)	Sound Spd. (m/s)	Joule-Thomson (K/bar)	Viscosity (Pa*s)	Therm. Cond. (W/m*K)	Phase
599.0	56.5	50.577	0.019772	675.29	787.0	2.6303	0.89473	1.1203	372.03	0.18615	2.8558e-05	0.042735	vapor
599.0	59.75	53.519	0.018685	674.68	786.32	2.6187	0.89522	1.1229	372.2	0.18514	2.8606e-05	0.042841	vapor
599.0	63.0	56.463	0.017711	674.07	785.64	2.6077	0.89572	1.1256	372.38	0.18413	2.8654e-05	0.042948	vapor
599.0	66.25	59.409	0.016832	673.46	784.97	2.5973	0.89621	1.1282	372.56	0.18312	2.8703e-05	0.043055	vapor
599.0	69.5	62.358	0.016036	672.85	784.3	2.5872	0.8967	1.1309	372.76	0.18211	2.8753e-05	0.043162	vapor
599.0	72.75	65.309	0.015312	672.24	783.63	2.5776	0.89719	1.1336	372.96	0.18109	2.8803e-05	0.043269	vapor
599.0	76.0	68.262	0.014649	671.63	782.97	2.5684	0.89768	1.1362	373.17	0.18008	2.8854e-05	0.043376	vapor
599.0	76.0	68.262	0.014649	671.63	782.97	2.5684	0.89768	1.1362	373.17	0.18008	2.8854e-05	0.043376	supercritical
599.0	76.0	68.262	0.014649	671.63	782.97	2.5684	0.89768	1.1362	373.17	0.18008	2.8854e-05	0.043376	supercritical
599.0	79.25	71.217	0.014042	671.02	782.3	2.5595	0.89816	1.1389	373.39	0.17905	2.8905e-05	0.043484	supercritical
599.0	82.5	74.174	0.013482	670.42	781.64	2.5509	0.89865	1.1416	373.62	0.17803	2.8958e-05	0.043592	supercritical
599.0	85.75	77.132	0.012965	669.81	780.98	2.5426	0.89913	1.1442	373.86	0.177	2.9011e-05	0.043701	supercritical
599.0	89.0	80.092	0.012486	669.2	780.33	2.5346	0.89961	1.1469	374.11	0.17597	2.9064e-05	0.04381	supercritical
599.0	92.25	83.053	0.012041	668.6	779.67	2.5269	0.90009	1.1496	374.37	0.17493	2.9119e-05	0.043919	supercritical
599.0	95.5	86.015	0.011626	667.99	779.02	2.5194	0.90056	1.1523	374.64	0.17389	2.9174e-05	0.044029	supercritical
599.0	98.75	88.978	0.011239	667.39	778.37	2.5121	0.90104	1.1549	374.91	0.17285	2.923e-05	0.04414	supercritical
599.0	102.0	91.942	0.010876	666.78	777.72	2.505	0.90151	1.1576	375.2	0.17181	2.9286e-05	0.044251	supercritical
599.0	105.25	94.907	0.010537	666.18	777.08	2.4981	0.90198	1.1603	375.49	0.17076	2.9344e-05	0.044362	supercritical
599.0	108.5	97.872	0.010217	665.57	776.43	2.4914	0.90245	1.1629	375.8	0.1697	2.9402e-05	0.044475	supercritical
599.0	111.75	100.84	0.0099169	664.97	775.79	2.4849	0.90292	1.1656	376.11	0.16865	2.9461e-05	0.044587	supercritical
599.0	115.0	103.8	0.0096335	664.37	775.15	2.4785	0.90338	1.1682	376.43	0.16759	2.952e-05	0.044701	supercritical
599.0	118.25	106.77	0.0093659	663.77	774.52	2.4723	0.90384	1.1709	376.76	0.16652	2.9581e-05	0.044815	supercritical
599.0	121.5	109.74	0.0091128	663.17	773.89	2.4663	0.9043	1.1735	377.1	0.16546	2.9642e-05	0.044931	supercritical
599.0	124.75	112.7	0.008873	662.57	773.26	2.4603	0.90476	1.1762	377.45	0.16439	2.9704e-05	0.045046	supercritical
599.0	128.0	115.67	0.0086455	661.97	772.63	2.4545	0.90522	1.1788	377.81	0.16331	2.9767e-05	0.045163	supercritical
599.0	131.25	118.63	0.0084295	661.37	772.01	2.4488	0.90567	1.1814	378.18	0.16224	2.983e-05	0.045281	supercritical
599.0	134.5	121.6	0.008224	660.77	771.39	2.4433	0.90612	1.184	378.56	0.16116	2.9894e-05	0.045399	supercritical
599.0	137.75	124.56	0.0080284	660.18	770.77	2.4379	0.90657	1.1866	378.95	0.16007	2.9959e-05	0.045518	supercritical
599.0	141.0	127.52	0.0078419	659.58	770.15	2.4325	0.90702	1.1893	379.35	0.15899	3.0025e-05	0.045638	supercritical
599.0	144.25	130.48	0.007664	658.98	769.54	2.4273	0.90746	1.1919	379.76	0.1579	3.0092e-05	0.045759	supercritical
599.0	147.5	133.44	0.007494	658.39	768.93	2.4222	0.9079	1.1944	380.17	0.1568	3.016e-05	0.045881	supercritical
599.0	150.75	136.4	0.0073315	657.8	768.32	2.4171	0.90834	1.197	380.6	0.15571	3.0228e-05	0.046004	supercritical
599.0	154.0	139.35	0.007176	657.2	767.72	2.4122	0.90878	1.1996	381.04	0.15461	3.0297e-05	0.046127	supercritical
599.0	157.25	142.31	0.0070271	656.61	767.11	2.4073	0.90922	1.2022	381.49	0.15351	3.0367e-05	0.046252	supercritical
599.0	160.5	145.26	0.0068843	656.02	766.52	2.4026	0.90965	1.2047	381.94	0.15241	3.0438e-05	0.046378	supercritical
599.0	163.75	148.21	0.0067473	655.43	765.92	2.3979	0.91008	1.2072	382.41	0.1513	3.051e-05	0.046504	supercritical
599.0	167.0	151.15	0.0066158	654.85	765.33	2.3932	0.9105	1.2098	382.89	0.15019	3.0582e-05	0.046632	supercritical
599.0	170.25	154.1	0.0064894	654.26	764.74	2.3887	0.91093	1.2123	383.37	0.14908	3.0655e-05	0.046761	supercritical
599.0	173.5	157.04	0.0063678	653.67	764.15	2.3842	0.91135	1.2148	383.87	0.14797	3.073e-05	0.04689	supercritical
599.0	176.75	159.98	0.0062509	653.09	763.57	2.3798	0.91177	1.2173	384.38	0.14686	3.0805e-05	0.047021	supercritical
599.0	180.0	162.91	0.0061382	652.5	762.99	2.3755	0.91218	1.2198	384.89	0.14574	3.088e-05	0.047152	supercritical
599.0	183.25	165.85	0.0060297	651.92	762.42	2.3713	0.9126	1.2222	385.42	0.14462	3.0957e-05	0.047285	supercritical
599.0	186.5	168.77	0.0059251	651.34	761.84	2.3671	0.91301	1.2247	385.96	0.14351	3.1035e-05	0.047419	supercritical
599.0	189.75	171.7	0.0058242	650.76	761.27	2.3629	0.91342	1.2271	386.5	0.14239	3.1113e-05	0.047553	supercritical
599.0	193.0	174.62	0.0057267	650.18	760.71	2.3588	0.91382	1.2296	387.06	0.14127	3.1192e-05	0.047689	supercritical
599.0	196.25	177.54	0.0056327	649.6	760.14	2.3548	0.91422	1.232	387.63	0.14014	3.1272e-05	0.047826	supercritical
599.0	199.5	180.45	0.0055417	649.03	759.59	2.3509	0.91463	1.2344	388.2	0.13902	3.1353e-05	0.047964	supercritical
599.0	202.75	183.36	0.0054538	648.45	759.03	2.3469	0.91502	1.2368	388.79	0.1379	3.1435e-05	0.048102	supercritical
599.0	206.0	186.26	0.0053688	647.88	758.48	2.3431	0.91542	1.2391	389.39	0.13678	3.1517e-05	0.048242	supercritical
599.0	209.25	189.16	0.0052865	647.31	757.93	2.3393	0.91581	1.2415	389.99	0.13566	3.1601e-05	0.048383	supercritical
599.0	212.5	192.05	0.0052069	646.74	757.38	2.3355	0.9162	1.2438	390.61	0.13453	3.1685e-05	0.048525	supercritical
599.0	215.75	194.94	0.0051297	646.17	756.84	2.3318	0.91659	1.2461	391.24	0.13341	3.177e-05	0.048668	supercritical
599.0	219.0	197.83	0.0050549	645.6	756.3	2.3281	0.91697	1.2484	391.87	0.13229	3.1856e-05	0.048811	supercritical
599.0	222.25	200.71	0.0049824	645.03	755.77	2.3245	0.91735	1.2507	392.52	0.13117	3.1942e-05	0.048956	supercritical
599.0	225.5	203.58	0.0049121	644.47	755.24	2.321	0.91773	1.253	393.18	0.13005	3.203e-05	0.049102	supercritical
599.0	228.75	206.45	0.0048439	643.9	754.71	2.3174	0.9181	1.2552	393.84	0.12893	3.2118e-05	0.049249	supercritical
599.0	232.0	209.31	0.0047776	643.34	754.18	2.3139	0.91848	1.2574	394.52	0.12781	3.2208e-05	0.049396	supercritical
599.0	235.25	212.16	0.0047133	642.78	753.66	2.3105	0.91885	1.2596	395.2	0.12669	3.2298e-05	0.049545	supercritical
599.0	238.5	215.01	0.0046509	642.22	753.15	2.3071	0.91922	1.2618	395.9	0.12558	3.2388e-05	0.049694	supercritical
599.0	241.75	217.86	0.0045902	641.67	752.63	2.3037	0.91958	1.264	396.6	0.12446	3.248e-05	0.049845	supercritical
599.0	245.0	220.69	0.0045312	641.11	752.12	2.3004	0.91994	1.2662	397.32	0.12335	3.2573e-05	0.049996	supercritical
599.0	248.25	223.52	0.0044738	640.56	751.62	2.2971	0.9203	1.2683	398.04	0.12224	3.2666e-05	0.050149	supercritical
599.0	251.5	226.35	0.004418	640.0	751.12	2.2939	0.92066	1.2704	398.78	0.12114	3.276e-05	0.050302	supercritical
599.0	254.75	229.16	0.0043637	639.45	750.62	2.2907	0.92101	1.2725	399.52	0.12003	3.2855e-05	0.050456	supercritical
599.0	258.0	231.97	0.0043108	638.9	750.12	2.2875	0.92136	1.2746	400.27	0.11893	3.2951e-05	0.050611	supercritical
599.0	261.25	234.78	0.0042594	638.36	749.63	2.2843	0.92171	1.2767	401.03	0.11783	3.3047e-05	0.050766	supercritical
599.0	264.5	237.57	0.0042093	637.81	749.15	2.2812	0.92206	1.2787	401.8	0.11673	3.3144e-05	0.050923	supercritical
599.0	267.75	240.36	0.0041604	637.27	748.66	2.2782	0.9224	1.2807	402.58	0.11564	3.3242e-05	0.05108	supercritical
599.0	271.0	243.14	0.0041129	636.72	748.18	2.2751	0.92274	1.2827	403.37	0.11455	3.3341e-05	0.051239	supercritical
599.0	274.25	245.91	0.0040665	636.18	747.71	2.2721	0.92308	1.2847	404.17	0.11347	3.3441e-05	0.051398	supercritical
599.0	277.5	248.68	0.0040213	635.64	747.23	2.2691	0.92341	1.2866	404.97	0.11238	3.3541e-05	0.051557	supercritical
599.0	280.75	251.44	0.0039772	635.11	746.77	2.2662	0.92375	1.2886	405.79	0.11131	3.3642e-05	0.051718	supercritical
599.0	284.0	254.18	0.0039341	634.57	746.3	2.2632	0.92408	1.2905	406.61	0.11023	3.3744e-05	0.051879	supercritical
599.0	287.25	256.93	0.0038922	634.04	745.84	2.2603	0.92441	1.2924	407.45	0.10916	3.3847e-05	0.052041	supercritical
599.0	290.5	259.66	0.0038512	633.51	745.39	2.2575	0.92473	1.2943	408.29	0.1081	3.395e-05	0.052203	supercritical
599.0	293.75	262.38	0.0038112	632.98	744.93	2.2546	0.92505	1.2961	409.14	0.10703	3.4054e-05	0.052367	supercritical
599.0	297.0	265.1	0.0037722	632.45	744.48	2.2518	0.92537	1.298	409.99	0.10598	3.4159e-05	0.052531	supercritical
599.0	300.25	267.81	0.003734	631.92	744.04	2.2491	0.92569	1.2998	410.86	0.10493	3.4265e-05	0.052695	supercritical
599.0	303.5	270.51	0.0036968	631.4	743.6	2.2463	0.92601	1.3016	411.73	0.10388	3.4371e-05	0.05286	supercritical
599.0	306.75	273.2	0.0036604	630.88	743.16	2.2436	0.92632	1.3033	412.62	0.10284	3.4478e-05	0.053026	supercritical
599.0	310.0	275.88	0.0036248	630.36	742.73	2.2409	0.92663	1.3051	413.51	0.1018	3.4586e-05	0.053192	supercritical
599.0	313.25	278.55	0.00359	629.84	742.3	2.2382	0.92693	1.3068	414.4	0.10077	3.4694e-05	0.053359	supercritical
599.0	316.5	281.21	0.003556	629.32	741.87	2.2356	0.92724	1.3085	415.31	0.099743	3.4803e-05	0.053527	supercritical
599.0	319.75	283.87	0.0035228	628.81	741.45	2.2329	0.92754	1.3102	416.22	0.098722	3.4913e-05	0.053695	supercritical
599.0	323.0	286.51	0.0034902	628.29	741.03	2.2303	0.92784	1.3119	417.14	0.097707	3.5023e-05	0.053863	supercritical
599.0	326.25	289.15	0.0034584	627.78	740.61	2.2278	0.92814	1.3136	418.07	0.096697	3.5134e-05	0.054032	supercritical
599.0	329.5	291.78	0.0034273	627.28	740.2	2.2252	0.92844	1.3152	419.0	0.095693	3.5246e-05	0.054202	supercritical
599.0	332.75	294.39	0.0033968	626.77	739.8	2.2227	0.92873	1.3168	419.95	0.094696	3.5358e-05	0.054371	supercritical
599.0	336.0	297.0	0.003367	626.26	739.39	2.2202	0.92902	1.3184	420.9	0.093704	3.5471e-05	0.054542	supercritical
599.0	339.25	299.6	0.0033378	625.76	738.99	2.2177	0.92931	1.32	421.85	0.092718	3.5585e-05	0.054712	supercritical
599.0	342.5	302.19	0.0033092	625.26	738.6	2.2152	0.9296	1.3215	422.82	0.091738	3.5699e-05	0.054883	supercritical
599.0	345.75	304.77	0.0032812	624.76	738.21	2.2128	0.92988	1.3231	423.78	0.090764	3.5814e-05	0.055055	supercritical
599.0	349.0	307.34	0.0032537	624.26	737.82	2.2103	0.93016	1.3246	424.76	0.089797	3.593e-05	0.055227	supercritical
599.0	352.25	309.9	0.0032268	623.77	737.43	2.2079	0.93044	1.3261	425.74	0.088836	3.6046e-05	0.055399	supercritical
599.0	355.5	312.45	0.0032005	623.27	737.05	2.2056	0.93072	1.3276	426.73	0.087881	3.6162e-05	0.055571	supercritical
599.0	358.75	314.99	0.0031747	622.78	736.67	2.2032	0.93099	1.329	427.73	0.086933	3.628e-05	0.055744	supercritical
599.0	362.0	317.52	0.0031494	622.29	736.3	2.2009	0.93127	1.3305	428.73	0.085991	3.6398e-05	0.055917	supercritical
599.0	365.25	320.04	0.0031246	621.81	735.93	2.1986	0.93154	1.3319	429.74	0.085056	3.6516e-05	0.056091	supercritical
599.0	368.5	322.56	0.0031002	621.32	735.56	2.1962	0.93181	1.3333	430.75	0.084127	3.6635e-05	0.056264	supercritical
599.0	371.75	325.06	0.0030764	620.84	735.2	2.194	0.93207	1.3347	431.77	0.083205	3.6754e-05	0.056438	supercritical
599.0	375.0	327.55	0.003053	620.36	734.84	2.1917	0.93234	1.336	432.79	0.08229	3.6875e-05	0.056612	supercritical
599.0	378.25	330.03	0.00303	619.88	734.49	2.1895	0.9326	1.3374	433.82	0.081381	3.6995e-05	0.056786	supercritical
599.0	381.5	332.5	0.0030075	619.4	734.13	2.1872	0.93286	1.3387	434.86	0.080479	3.7116e-05	0.05696	supercritical
599.0	384.75	334.96	0.0029854	618.92	733.79	2.185	0.93312	1.34	435.9	0.079584	3.7238e-05	0.057135	supercritical
599.0	388.0	337.41	0.0029637	618.45	733.44	2.1828	0.93338	1.3413	436.94	0.078696	3.736e-05	0.05731	supercritical
599.0	391.25	339.86	0.0029424	617.98	733.1	2.1807	0.93363	1.3426	437.99	0.077814	3.7483e-05	0.057485	supercritical
599.0	394.5	342.29	0.0029215	617.51	732.76	2.1785	0.93388	1.3438	439.05	0.076939	3.7606e-05	0.05766	supercritical
599.0	397.75	344.71	0.002901	617.04	732.43	2.1764	0.93414	1.3451	440.11	0.076071	3.773e-05	0.057835	supercritical
599.0	401.0	347.12	0.0028809	616.57	732.1	2.1743	0.93438	1.3463	441.18	0.07521	3.7854e-05	0.05801	supercritical
599.0	404.25	349.52	0.0028611	616.11	731.77	2.1722	0.93463	1.3475	442.25	0.074356	3.7978e-05	0.058185	supercritical
599.0	407.5	351.91	0.0028416	615.65	731.45	2.1701	0.93488	1.3487	443.32	0.073508	3.8103e-05	0.05836	supercritical
599.0	410.75	354.29	0.0028225	615.19	731.13	2.168	0.93512	1.3499	444.4	0.072667	3.8229e-05	0.058536	supercritical
599.0	414.0	356.66	0.0028038	614.73	730.81	2.1659	0.93536	1.351	445.48	0.071833	3.8355e-05	0.058711	supercritical
599.0	417.25	359.02	0.0027854	614.28	730.49	2.1639	0.9356	1.3522	446.57	0.071006	3.8481e-05	0.058886	supercritical
599.0	420.5	361.37	0.0027672	613.82	730.18	2.1619	0.93584	1.3533	447.66	0.070185	3.8608e-05	0.059062	supercritical
599.0	423.75	363.71	0.0027494	613.37	729.88	2.1599	0.93608	1.3544	448.76	0.069372	3.8736e-05	0.059237	supercritical
599.0	427.0	366.04	0.0027319	612.92	729.57	2.1579	0.93631	1.3555	449.86	0.068565	3.8863e-05	0.059412	supercritical
599.0	430.25	368.36	0.0027147	612.47	729.27	2.1559	0.93654	1.3566	450.96	0.067765	3.8991e-05	0.059588	supercritical
599.0	433.5	370.67	0.0026978	612.03	728.98	2.1539	0.93678	1.3576	452.07	0.066971	3.912e-05	0.059763	supercritical
599.0	436.75	372.97	0.0026812	611.58	728.68	2.152	0.93701	1.3587	453.18	0.066184	3.9249e-05	0.059938	supercritical
599.0	440.0	375.26	0.0026648	611.14	728.39	2.15	0.93723	1.3597	454.29	0.065404	3.9378e-05	0.060113	supercritical
599.0	443.25	377.54	0.0026487	610.7	728.1	2.1481	0.93746	1.3607	455.41	0.064631	3.9508e-05	0.060288	supercritical
599.0	446.5	379.81	0.0026329	610.26	727.82	2.1462	0.93769	1.3617	456.53	0.063864	3.9638e-05	0.060463	supercritical
599.0	449.75	382.07	0.0026173	609.82	727.54	2.1443	0.93791	1.3627	457.66	0.063103	3.9768e-05	0.060638	supercritical
599.0	453.0	384.32	0.002602	609.39	727.26	2.1424	0.93813	1.3637	458.79	0.062349	3.9899e-05	0.060813	supercritical
599.0	456.25	386.56	0.0025869	608.96	726.99	2.1406	0.93835	1.3646	459.92	0.061602	4.003e-05	0.060988	supercritical
599.0	459.5	388.79	0.0025721	608.53	726.71	2.1387	0.93857	1.3656	461.05	0.060861	4.0162e-05	0.061162	supercritical
599.0	462.75	391.01	0.0025575	608.1	726.45	2.1369	0.93879	1.3665	462.19	0.060127	4.0294e-05	0.061337	supercritical
599.0	466.0	393.22	0.0025431	607.67	726.18	2.1351	0.939	1.3674	463.33	0.059399	4.0426e-05	0.061511	supercritical
599.0	469.25	395.42	0.002529	607.25	725.92	2.1332	0.93922	1.3683	464.47	0.058677	4.0558e-05	0.061685	supercritical
599.0	472.5	397.61	0.0025151	606.82	725.66	2.1314	0.93943	1.3692	465.61	0.057961	4.0691e-05	0.061859	supercritical
599.0	475.75	399.79	0.0025013	606.4	725.4	2.1296	0.93964	1.3701	466.76	0.057252	4.0824e-05	0.062033	supercritical
599.0	479.0	401.96	0.0024878	605.98	725.15	2.1279	0.93985	1.3709	467.91	0.056549	4.0957e-05	0.062206	supercritical
599.0	482.25	404.12	0.0024745	605.56	724.9	2.1261	0.94006	1.3718	469.07	0.055852	4.1091e-05	0.06238	supercritical
599.0	485.5	406.27	0.0024614	605.15	724.65	2.1244	0.94027	1.3726	470.22	0.055161	4.1225e-05	0.062553	supercritical
599.0	488.75	408.41	0.0024485	604.73	724.41	2.1226	0.94048	1.3734	471.38	0.054477	4.1359e-05	0.062726	supercritical
599.0	492.0	410.54	0.0024358	604.32	724.16	2.1209	0.94068	1.3743	472.54	0.053798	4.1494e-05	0.062898	supercritical
599.0	495.25	412.66	0.0024233	603.91	723.93	2.1192	0.94089	1.375	473.7	0.053125	4.1629e-05	0.063071	supercritical
599.0	498.5	414.77	0.002411	603.5	723.69	2.1175	0.94109	1.3758	474.86	0.052459	4.1764e-05	0.063243	supercritical
599.0	501.75	416.87	0.0023988	603.1	723.46	2.1158	0.94129	1.3766	476.03	0.051798	4.1899e-05	0.063415	supercritical
599.0	505.0	418.97	0.0023868	602.69	723.23	2.1141	0.94149	1.3774	477.2	0.051143	4.2035e-05	0.063587	supercritical
599.0	508.25	421.05	0.002375	602.29	723.0	2.1124	0.94169	1.3781	478.37	0.050493	4.2171e-05	0.063759	supercritical
599.0	511.5	423.12	0.0023634	601.89	722.77	2.1108	0.94189	1.3789	479.54	0.04985	4.2307e-05	0.06393	supercritical
599.0	514.75	425.19	0.0023519	601.49	722.55	2.1091	0.94208	1.3796	480.71	0.049212	4.2443e-05	0.064101	supercritical
599.0	518.0	427.24	0.0023406	601.09	722.33	2.1075	0.94228	1.3803	481.89	0.048579	4.258e-05	0.064272	supercritical
599.0	521.25	429.29	0.0023294	600.69	722.12	2.1058	0.94247	1.381	483.07	0.047953	4.2716e-05	0.064442	supercritical
599.0	524.5	431.32	0.0023184	600.3	721.9	2.1042	0.94266	1.3817	484.25	0.047331	4.2853e-05	0.064612	supercritical
599.0	527.75	433.35	0.0023076	599.91	721.69	2.1026	0.94286	1.3824	485.43	0.046715	4.2991e-05	0.064782	supercritical
599.0	531.0	435.37	0.0022969	599.52	721.48	2.101	0.94305	1.383	486.61	0.046105	4.3128e-05	0.064952	supercritical
599.0	534.25	437.38	0.0022864	599.13	721.28	2.0994	0.94324	1.3837	487.79	0.0455	4.3266e-05	0.065121	supercritical
599.0	537.5	439.38	0.002276	598.74	721.07	2.0978	0.94343	1.3843	488.98	0.0449	4.3404e-05	0.065291	supercritical
599.0	540.75	441.37	0.0022657	598.36	720.87	2.0963	0.94361	1.385	490.16	0.044306	4.3542e-05	0.065459	supercritical
599.0	544.0	443.35	0.0022556	597.97	720.67	2.0947	0.9438	1.3856	491.35	0.043716	4.368e-05	0.065628	supercritical
599.0	547.25	445.32	0.0022456	597.59	720.48	2.0932	0.94399	1.3862	492.54	0.043132	4.3818e-05	0.065796	supercritical
599.0	550.5	447.28	0.0022357	597.21	720.29	2.0916	0.94417	1.3868	493.73	0.042553	4.3957e-05	0.065964	supercritical
599.0	553.75	449.24	0.002226	596.83	720.1	2.0901	0.94435	1.3874	494.92	0.041979	4.4095e-05	0.066131	supercritical
599.0	557.0	451.18	0.0022164	596.45	719.91	2.0886	0.94454	1.388	496.11	0.04141	4.4234e-05	0.066299	supercritical
599.0	560.25	453.12	0.0022069	596.08	719.72	2.0871	0.94472	1.3886	497.31	0.040846	4.4373e-05	0.066466	supercritical
599.0	563.5	455.04	0.0021976	595.7	719.54	2.0856	0.9449	1.3891	498.5	0.040287	4.4512e-05	0.066632	supercritical
599.0	566.75	456.96	0.0021884	595.33	719.36	2.0841	0.94508	1.3897	499.7	0.039732	4.4652e-05	0.066798	supercritical
599.0	570.0	458.87	0.0021793	594.96	719.18	2.0826	0.94526	1.3902	500.89	0.039183	4.4791e-05	0.066964	supercritical
599.0	573.25	460.77	0.0021703	594.59	719.0	2.0811	0.94544	1.3908	502.09	0.038638	4.4931e-05	0.06713	supercritical
599.0	576.5	462.66	0.0021614	594.23	718.83	2.0797	0.94561	1.3913	503.29	0.038098	4.5071e-05	0.067295	supercritical
599.0	579.75	464.55	0.0021526	593.86	718.66	2.0782	0.94579	1.3918	504.49	0.037563	4.521e-05	0.06746	supercritical
599.0	583.0	466.42	0.002144	593.5	718.49	2.0768	0.94596	1.3923	505.69	0.037032	4.535e-05	0.067625	supercritical
599.0	586.25	468.29	0.0021354	593.13	718.32	2.0753	0.94614	1.3928	506.89	0.036505	4.5491e-05	0.067789	supercritical
599.0	589.5	470.15	0.002127	592.77	718.16	2.0739	0.94631	1.3933	508.09	0.035984	4.5631e-05	0.067953	supercritical
599.0	592.75	472.0	0.0021187	592.41	718.0	2.0725	0.94649	1.3938	509.29	0.035466	4.5771e-05	0.068117	supercritical
599.0	596.0	473.84	0.0021104	592.06	717.84	2.0711	0.94666	1.3942	510.5	0.034954	4.5912e-05	0.06828	supercritical
599.0	599.25	475.67	0.0021023	591.7	717.68	2.0697	0.94683	1.3947	511.7	0.034445	4.6052e-05	0.068443	supercritical
599.0	602.5	477.49	0.0020943	591.35	717.53	2.0683	0.947	1.3952	512.9	0.033941	4.6193e-05	0.068605	supercritical
599.0	605.75	479.31	0.0020863	590.99	717.37	2.0669	0.94717	1.3956	514.11	0.033441	4.6334e-05	0.068767	supercritical
599.0	609.0	481.12	0.0020785	590.64	717.22	2.0655	0.94734	1.396	515.31	0.032946	4.6474e-05	0.068929	supercritical
599.0	612.25	482.92	0.0020708	590.29	717.07	2.0641	0.94751	1.3965	516.52	0.032454	4.6615e-05	0.069091	supercritical
599.0	615.5	484.71	0.0020631	589.94	716.93	2.0627	0.94767	1.3969	517.72	0.031967	4.6756e-05	0.069252	supercritical
599.0	618.75	486.49	0.0020555	589.6	716.78	2.0614	0.94784	1.3973	518.93	0.031484	4.6897e-05	0.069413	supercritical
599.0	622.0	488.27	0.0020481	589.25	716.64	2.06	0.94801	1.3977	520.14	0.031005	4.7039e-05	0.069573	supercritical
599.0	625.25	490.03	0.0020407	588.91	716.5	2.0587	0.94817	1.3981	521.34	0.03053	4.718e-05	0.069733	supercritical
599.0	628.5	491.79	0.0020334	588.57	716.37	2.0574	0.94834	1.3985	522.55	0.030059	4.7321e-05	0.069893	supercritical
599.0	631.75	493.54	0.0020262	588.23	716.23	2.056	0.9485	1.3989	523.76	0.029592	4.7463e-05	0.070052	supercritical
599.0	635.0	495.29	0.002019	587.89	716.1	2.0547	0.94867	1.3992	524.96	0.029129	4.7604e-05	0.070211	supercritical
599.0	638.25	497.02	0.002012	587.55	715.96	2.0534	0.94883	1.3996	526.17	0.02867	4.7746e-05	0.07037	supercritical
599.0	641.5	498.75	0.002005	587.21	715.84	2.0521	0.94899	1.4	527.38	0.028214	4.7887e-05	0.070528	supercritical
599.0	644.75	500.47	0.0019981	586.88	715.71	2.0508	0.94915	1.4003	528.59	0.027763	4.8029e-05	0.070686	supercritical
599.0	648.0	502.18	0.0019913	586.55	715.58	2.0495	0.94931	1.4007	529.79	0.027315	4.817e-05	0.070844	supercritical
599.0	651.25	503.89	0.0019846	586.21	715.46	2.0482	0.94947	1.401	531.0	0.026871	4.8312e-05	0.071001	supercritical
599.0	654.5	505.58	0.0019779	585.88	715.34	2.0469	0.94963	1.4013	532.21	0.026431	4.8454e-05	0.071158	supercritical
599.0	657.75	507.27	0.0019713	585.55	715.22	2.0457	0.94979	1.4017	533.42	0.025994	4.8596e-05	0.071315	supercritical
599.0	661.0	508.96	0.0019648	585.23	715.1	2.0444	0.94995	1.402	534.63	0.025561	4.8737e-05	0.071471	supercritical
599.0	664.25	510.63	0.0019584	584.9	714.99	2.0432	0.95011	1.4023	535.83	0.025132	4.8879e-05	0.071626	supercritical
599.0	667.5	512.3	0.001952	584.58	714.87	2.0419	0.95026	1.4026	537.04	0.024706	4.9021e-05	0.071782	supercritical
599.0	670.75	513.96	0.0019457	584.25	714.76	2.0407	0.95042	1.4029	538.25	0.024284	4.9163e-05	0.071937	supercritical
599.0	674.0	515.61	0.0019395	583.93	714.65	2.0394	0.95058	1.4032	539.46	0.023865	4.9305e-05	0.072092	supercritical
599.0	677.25	517.25	0.0019333	583.61	714.54	2.0382	0.95073	1.4035	540.66	0.02345	4.9447e-05	0.072246	supercritical
599.0	680.5	518.89	0.0019272	583.29	714.44	2.037	0.95089	1.4037	541.87	0.023038	4.9589e-05	0.0724	supercritical
599.0	683.75	520.52	0.0019212	582.97	714.33	2.0357	0.95104	1.404	543.08	0.02263	4.9731e-05	0.072554	supercritical
599.0	687.0	522.14	0.0019152	582.66	714.23	2.0345	0.9512	1.4043	544.29	0.022225	4.9873e-05	0.072707	supercritical
599.0	690.25	523.76	0.0019093	582.34	714.13	2.0333	0.95135	1.4045	545.49	0.021823	5.0015e-05	0.07286	supercritical
599.0	693.5	525.37	0.0019034	582.03	714.03	2.0321	0.9515	1.4048	546.7	0.021425	5.0157e-05	0.073013	supercritical
599.0	696.75	526.97	0.0018976	581.72	713.93	2.0309	0.95166	1.405	547.9	0.02103	5.0299e-05	0.073165	supercritical
599.0	700.0	528.57	0.0018919	581.4	713.84	2.0298	0.95181	1.4053	549.11	0.020638	5.0441e-05	0.073317	supercritical
599.0	703.25	530.15	0.0018862	581.1	713.75	2.0286	0.95196	1.4055	550.31	0.02025	5.0583e-05	0.073469	supercritical
599.0	706.5	531.73	0.0018806	580.79	713.65	2.0274	0.95211	1.4058	551.52	0.019864	5.0725e-05	0.07362	supercritical
599.0	709.75	533.31	0.0018751	580.48	713.56	2.0262	0.95226	1.406	552.72	0.019482	5.0867e-05	0.073771	supercritical
599.0	713.0	534.88	0.0018696	580.17	713.48	2.0251	0.95241	1.4062	553.92	0.019103	5.1009e-05	0.073921	supercritical
599.0	716.25	536.44	0.0018642	579.87	713.39	2.0239	0.95256	1.4064	555.13	0.018727	5.1151e-05	0.074072	supercritical
599.0	719.5	537.99	0.0018588	579.57	713.3	2.0228	0.95271	1.4066	556.33	0.018354	5.1293e-05	0.074221	supercritical
599.0	722.75	539.54	0.0018534	579.26	713.22	2.0216	0.95286	1.4068	557.53	0.017984	5.1435e-05	0.074371	supercritical
599.0	726.0	541.08	0.0018482	578.96	713.14	2.0205	0.95301	1.407	558.73	0.017618	5.1577e-05	0.07452	supercritical
599.0	729.25	542.61	0.0018429	578.66	713.06	2.0193	0.95316	1.4072	559.93	0.017254	5.1718e-05	0.074669	supercritical
599.0	732.5	544.14	0.0018378	578.37	712.98	2.0182	0.9533	1.4074	561.14	0.016893	5.186e-05	0.074818	supercritical
599.0	735.75	545.66	0.0018326	578.07	712.91	2.0171	0.95345	1.4076	562.33	0.016535	5.2002e-05	0.074966	supercritical
599.0	739.0	547.17	0.0018276	577.77	712.83	2.016	0.9536	1.4078	563.53	0.01618	5.2144e-05	0.075114	supercritical
599.0	742.25	548.68	0.0018226	577.48	712.76	2.0149	0.95375	1.408	564.73	0.015828	5.2286e-05	0.075261	supercritical
599.0	745.5	550.18	0.0018176	577.19	712.69	2.0137	0.95389	1.4082	565.93	0.015479	5.2428e-05	0.075408	supercritical
599.0	748.75	551.68	0.0018127	576.89	712.62	2.0126	0.95404	1.4083	567.13	0.015133	5.2569e-05	0.075555	supercritical
599.0	752.0	553.17	0.0018078	576.6	712.55	2.0115	0.95418	1.4085	568.32	0.014789	5.2711e-05	0.075702	supercritical
599.0	755.25	554.65	0.0018029	576.31	712.48	2.0105	0.95433	1.4087	569.52	0.014449	5.2853e-05	0.075848	supercritical
599.0	758.5	556.12	0.0017982	576.02	712.42	2.0094	0.95447	1.4088	570.71	0.014111	5.2994e-05	0.075994	supercritical
599.0	761.75	557.59	0.0017934	575.74	712.35	2.0083	0.95462	1.409	571.91	0.013775	5.3136e-05	0.076139	supercritical
599.0	765.0	559.06	0.0017887	575.45	712.29	2.0072	0.95476	1.4091	573.1	0.013443	5.3278e-05	0.076285	supercritical
599.0	768.25	560.51	0.0017841	575.17	712.23	2.0061	0.9549	1.4093	574.29	0.013113	5.3419e-05	0.07643	supercritical
599.0	771.5	561.97	0.0017795	574.88	712.17	2.0051	0.95505	1.4094	575.48	0.012786	5.3561e-05	0.076574	supercritical
599.0	774.75	563.41	0.0017749	574.6	712.11	2.004	0.95519	1.4096	576.68	0.012462	5.3702e-05	0.076718	supercritical
599.0	778.0	564.85	0.0017704	574.32	712.05	2.003	0.95533	1.4097	577.87	0.01214	5.3844e-05	0.076862	supercritical
599.0	781.25	566.28	0.0017659	574.04	712.0	2.0019	0.95547	1.4098	579.05	0.011821	5.3985e-05	0.077006	supercritical
599.0	784.5	567.71	0.0017615	573.76	711.95	2.0009	0.95562	1.41	580.24	0.011504	5.4126e-05	0.077149	supercritical
599.0	787.75	569.13	0.0017571	573.48	711.89	1.9998	0.95576	1.4101	581.43	0.01119	5.4267e-05	0.077293	supercritical
599.0	791.0	570.55	0.0017527	573.2	711.84	1.9988	0.9559	1.4102	582.62	0.010878	5.4409e-05	0.077435	supercritical
599.0	794.25	571.96	0.0017484	572.93	711.79	1.9978	0.95604	1.4103	583.8	0.010569	5.455e-05	0.077578	supercritical
599.0	797.5	573.36	0.0017441	572.65	711.75	1.9967	0.95618	1.4104	584.99	0.010263	5.4691e-05	0.07772	supercritical
599.0	800.75	574.76	0.0017399	572.38	711.7	1.9957	0.95632	1.4105	586.17	0.0099587	5.4832e-05	0.077862	supercritical
599.0	804.0	576.15	0.0017357	572.11	711.66	1.9947	0.95646	1.4107	587.35	0.009657	5.4973e-05	0.078003	supercritical
599.0	807.25	577.54	0.0017315	571.84	711.61	1.9937	0.9566	1.4108	588.53	0.0093577	5.5114e-05	0.078144	supercritical
599.0	810.5	578.92	0.0017274	571.57	711.57	1.9927	0.95674	1.4109	589.71	0.0090608	5.5255e-05	0.078285	supercritical
599.0	813.75	580.29	0.0017233	571.3	711.53	1.9917	0.95688	1.411	590.89	0.0087663	5.5396e-05	0.078426	supercritical
599.0	817.0	581.66	0.0017192	571.03	711.49	1.9907	0.95702	1.4111	592.07	0.0084742	5.5536e-05	0.078566	supercritical
599.0	820.25	583.03	0.0017152	570.76	711.45	1.9897	0.95716	1.4112	593.25	0.0081843	5.5677e-05	0.078706	supercritical
599.0	823.5	584.39	0.0017112	570.5	711.41	1.9887	0.9573	1.4112	594.43	0.0078968	5.5818e-05	0.078846	supercritical
599.0	826.75	585.74	0.0017072	570.23	711.38	1.9877	0.95743	1.4113	595.6	0.0076116	5.5958e-05	0.078986	supercritical
599.0	830.0	587.09	0.0017033	569.97	711.34	1.9867	0.95757	1.4114	596.77	0.0073286	5.6099e-05	0.079125	supercritical
599.0	833.25	588.43	0.0016994	569.71	711.31	1.9857	0.95771	1.4115	597.95	0.0070478	5.6239e-05	0.079264	supercritical
599.0	836.5	589.77	0.0016956	569.44	711.28	1.9848	0.95785	1.4116	599.12	0.0067693	5.638e-05	0.079403	supercritical
599.0	839.75	591.1	0.0016918	569.18	711.25	1.9838	0.95798	1.4117	600.29	0.0064929	5.652e-05	0.079541	supercritical
599.0	843.0	592.42	0.001688	568.92	711.22	1.9828	0.95812	1.4117	601.46	0.0062188	5.666e-05	0.079679	supercritical
599.0	846.25	593.75	0.0016842	568.66	711.19	1.9819	0.95826	1.4118	602.63	0.0059468	5.68e-05	0.079817	supercritical
599.0	849.5	595.06	0.0016805	568.41	711.17	1.9809	0.95839	1.4119	603.8	0.0056769	5.694e-05	0.079954	supercritical
599.0	852.75	596.37	0.0016768	568.15	711.14	1.9799	0.95853	1.412	604.96	0.0054091	5.708e-05	0.080092	supercritical
599.0	856.0	597.68	0.0016731	567.89	711.12	1.979	0.95867	1.412	606.13	0.0051434	5.722e-05	0.080229	supercritical
599.0	859.25	598.98	0.0016695	567.64	711.09	1.978	0.9588	1.4121	607.29	0.0048798	5.736e-05	0.080365	supercritical
599.0	862.5	600.27	0.0016659	567.39	711.07	1.9771	0.95894	1.4121	608.46	0.0046183	5.75e-05	0.080502	supercritical
599.0	865.75	601.56	0.0016623	567.13	711.05	1.9762	0.95907	1.4122	609.62	0.0043588	5.764e-05	0.080638	supercritical
599.0	869.0	602.85	0.0016588	566.88	711.03	1.9752	0.95921	1.4123	610.78	0.0041013	5.7779e-05	0.080774	supercritical
599.0	872.25	604.13	0.0016553	566.63	711.01	1.9743	0.95934	1.4123	611.94	0.0038458	5.7919e-05	0.08091	supercritical
599.0	875.5	605.4	0.0016518	566.38	711.0	1.9734	0.95948	1.4124	613.1	0.0035922	5.8058e-05	0.081045	supercritical
599.0	878.75	606.67	0.0016483	566.13	710.98	1.9725	0.95961	1.4124	614.26	0.0033407	5.8198e-05	0.08118	supercritical
599.0	882.0	607.94	0.0016449	565.89	710.97	1.9715	0.95975	1.4125	615.41	0.003091	5.8337e-05	0.081315	supercritical
599.0	885.25	609.2	0.0016415	565.64	710.95	1.9706	0.95988	1.4125	616.57	0.0028433	5.8476e-05	0.08145	supercritical
599.0	888.5	610.46	0.0016381	565.39	710.94	1.9697	0.96001	1.4126	617.72	0.0025975	5.8616e-05	0.081584	supercritical
599.0	891.75	611.71	0.0016348	565.15	710.93	1.9688	0.96015	1.4126	618.88	0.0023535	5.8755e-05	0.081718	supercritical
599.0	895.0	612.95	0.0016314	564.9	710.92	1.9679	0.96028	1.4127	620.03	0.0021114	5.8894e-05	0.081852	supercritical
599.0	898.25	614.19	0.0016281	564.66	710.91	1.967	0.96041	1.4127	621.18	0.0018712	5.9033e-05	0.081986	supercritical
599.0	901.5	615.43	0.0016249	564.42	710.9	1.9661	0.96055	1.4127	622.33	0.0016328	5.9171e-05	0.08212	supercritical
599.0	904.75	616.66	0.0016216	564.18	710.89	1.9652	0.96068	1.4128	623.47	0.0013962	5.931e-05	0.082253	supercritical
599.0	908.0	617.89	0.0016184	563.94	710.89	1.9643	0.96081	1.4128	624.62	0.0011613	5.9449e-05	0.082386	supercritical
599.0	911.25	619.11	0.0016152	563.7	710.88	1.9634	0.96095	1.4128	625.77	0.00092827	5.9587e-05	0.082518	supercritical
599.0	914.5	620.33	0.001612	563.46	710.88	1.9626	0.96108	1.4129	626.91	0.00069697	5.9726e-05	0.082651	supercritical
599.0	917.75	621.54	0.0016089	563.22	710.88	1.9617	0.96121	1.4129	628.05	0.0004674	5.9864e-05	0.082783	supercritical
599.0	921.0	622.75	0.0016058	562.98	710.87	1.9608	0.96134	1.4129	629.2	0.00023956	6.0003e-05	0.082915	supercritical
599.0	924.25	623.96	0.0016027	562.75	710.87	1.9599	0.96147	1.4129	630.34	1.3409e-05	6.0141e-05	0.083047	supercritical
599.0	927.5	625.16	0.0015996	562.51	710.87	1.9591	0.96161	1.413	631.48	-0.00021105	6.0279e-05	0.083178	supercritical
599.0	930.75	626.35	0.0015965	562.28	710.88	1.9582	0.96174	1.413	632.62	-0.00043385	6.0417e-05	0.08331	supercritical
599.0	934.0	627.54	0.0015935	562.04	710.88	1.9573	0.96187	1.413	633.75	-0.00065499	6.0555e-05	0.083441	supercritical
599.0	937.25	628.73	0.0015905	561.81	710.88	1.9565	0.962	1.413	634.89	-0.0008745	6.0693e-05	0.083572	supercritical
599.0	940.5	629.91	0.0015875	561.58	710.89	1.9556	0.96213	1.4131	636.02	-0.0010924	6.0831e-05	0.083702	supercritical
599.0	943.75	631.09	0.0015846	561.35	710.89	1.9548	0.96226	1.4131	637.16	-0.0013087	6.0969e-05	0.083833	supercritical
599.0	947.0	632.26	0.0015816	561.12	710.9	1.9539	0.96239	1.4131	638.29	-0.0015234	6.1106e-05	0.083963	supercritical
599.0	950.25	633.43	0.0015787	560.89	710.91	1.9531	0.96252	1.4131	639.42	-0.0017365	6.1244e-05	0.084093	supercritical
599.0	953.5	634.6	0.0015758	560.66	710.91	1.9522	0.96265	1.4131	640.55	-0.0019481	6.1381e-05	0.084223	supercritical
599.0	956.75	635.76	0.0015729	560.43	710.92	1.9514	0.96278	1.4131	641.68	-0.0021581	6.1519e-05	0.084352	supercritical
599.0	960.0	636.91	0.0015701	560.21	710.93	1.9506	0.96291	1.4131	642.8	-0.0023666	6.1656e-05	0.084482	supercritical
599.0	963.25	638.07	0.0015672	559.98	710.95	1.9497	0.96304	1.4132	643.93	-0.0025736	6.1793e-05	0.084611	supercritical
599.0	966.5	639.21	0.0015644	559.76	710.96	1.9489	0.96317	1.4132	645.06	-0.0027791	6.193e-05	0.08474	supercritical
599.0	969.75	640.36	0.0015616	559.53	710.97	1.9481	0.9633	1.4132	646.18	-0.0029831	6.2067e-05	0.084869	supercritical
599.0	973.0	641.5	0.0015589	559.31	710.99	1.9473	0.96343	1.4132	647.3	-0.0031857	6.2204e-05	0.084997	supercritical
599.0	976.25	642.63	0.0015561	559.09	711.0	1.9464	0.96356	1.4132	648.42	-0.0033868	6.2341e-05	0.085126	supercritical
599.0	979.5	643.77	0.0015534	558.86	711.02	1.9456	0.96369	1.4132	649.54	-0.0035865	6.2478e-05	0.085254	supercritical
599.0	982.75	644.89	0.0015506	558.64	711.03	1.9448	0.96382	1.4132	650.66	-0.0037847	6.2615e-05	0.085382	supercritical
599.0	986.0	646.02	0.0015479	558.42	711.05	1.944	0.96395	1.4132	651.78	-0.0039815	6.2751e-05	0.085509	supercritical
599.0	989.25	647.14	0.0015453	558.2	711.07	1.9432	0.96408	1.4132	652.9	-0.004177	6.2888e-05	0.085637	supercritical
599.0	992.5	648.25	0.0015426	557.99	711.09	1.9424	0.96421	1.4132	654.01	-0.004371	6.3024e-05	0.085764	supercritical
599.0	995.75	649.36	0.00154	557.77	711.11	1.9416	0.96434	1.4132	655.12	-0.0045637	6.316e-05	0.085891	supercritical
599.0	999.0	650.47	0.0015373	557.55	711.13	1.9408	0.96447	1.4132	656.24	-0.0047551	6.3296e-05	0.086018	supercritical
599.0	1002.2	651.57	0.0015347	557.33	711.15	1.94	0.96459	1.4132	657.35	-0.004945	6.3432e-05	0.086145	supercritical
599.0	1005.5	652.67	0.0015322	557.12	711.18	1.9392	0.96472	1.4132	658.46	-0.0051337	6.3568e-05	0.086272	supercritical
599.0	1008.8	653.77	0.0015296	556.9	711.2	1.9384	0.96485	1.4132	659.57	-0.005321	6.3704e-05	0.086398	supercritical
599.0	1012.0	654.86	0.001527	556.69	711.23	1.9376	0.96498	1.4131	660.67	-0.0055071	6.384e-05	0.086524	supercritical
599.0	1015.2	655.95	0.0015245	556.48	711.25	1.9368	0.96511	1.4131	661.78	-0.0056918	6.3976e-05	0.08665	supercritical
599.0	1018.5	657.04	0.001522	556.26	711.28	1.9361	0.96524	1.4131	662.89	-0.0058753	6.4111e-05	0.086776	supercritical
599.0	1021.8	658.12	0.0015195	556.05	711.31	1.9353	0.96536	1.4131	663.99	-0.0060575	6.4247e-05	0.086902	supercritical
599.0	1025.0	659.19	0.001517	555.84	711.33	1.9345	0.96549	1.4131	665.09	-0.0062385	6.4382e-05	0.087027	supercritical
599.0	1028.2	660.27	0.0015145	555.63	711.36	1.9337	0.96562	1.4131	666.19	-0.0064182	6.4518e-05	0.087152	supercritical
599.0	1031.5	661.34	0.0015121	555.42	711.39	1.933	0.96575	1.4131	667.29	-0.0065967	6.4653e-05	0.087278	supercritical
599.0	1034.8	662.4	0.0015097	555.21	711.42	1.9322	0.96587	1.4131	668.39	-0.0067739	6.4788e-05	0.087402	supercritical
599.0	1038.0	663.47	0.0015072	555.0	711.45	1.9314	0.966	1.4131	669.49	-0.00695	6.4923e-05	0.087527	supercritical
599.0	1041.2	664.53	0.0015048	554.8	711.49	1.9307	0.96613	1.413	670.59	-0.0071248	6.5058e-05	0.087652	supercritical
599.0	1044.5	665.58	0.0015024	554.59	711.52	1.9299	0.96625	1.413	671.68	-0.0072985	6.5193e-05	0.087776	supercritical
599.0	1047.8	666.63	0.0015001	554.38	711.55	1.9291	0.96638	1.413	672.78	-0.007471	6.5328e-05	0.087901	supercritical
599.0	1051.0	667.68	0.0014977	554.18	711.59	1.9284	0.96651	1.413	673.87	-0.0076423	6.5462e-05	0.088025	supercritical
599.0	1054.2	668.72	0.0014954	553.97	711.62	1.9276	0.96664	1.413	674.96	-0.0078125	6.5597e-05	0.088149	supercritical
599.0	1057.5	669.77	0.0014931	553.77	711.66	1.9269	0.96676	1.4129	676.05	-0.0079815	6.5731e-05	0.088272	supercritical
599.0	1060.8	670.8	0.0014907	553.57	711.7	1.9261	0.96689	1.4129	677.14	-0.0081494	6.5866e-05	0.088396	supercritical
599.0	1064.0	671.84	0.0014885	553.36	711.74	1.9254	0.96701	1.4129	678.23	-0.0083162	6.6e-05	0.088519	supercritical
599.0	1067.2	672.87	0.0014862	553.16	711.77	1.9246	0.96714	1.4129	679.31	-0.0084819	6.6134e-05	0.088643	supercritical
599.0	1070.5	673.9	0.0014839	552.96	711.81	1.9239	0.96727	1.4129	680.4	-0.0086464	6.6268e-05	0.088766	supercritical
599.0	1073.8	674.92	0.0014817	552.76	711.85	1.9232	0.96739	1.4128	681.48	-0.0088099	6.6402e-05	0.088889	supercritical
599.0	1077.0	675.94	0.0014794	552.56	711.89	1.9224	0.96752	1.4128	682.57	-0.0089723	6.6536e-05	0.089011	supercritical
599.0	1080.2	676.96	0.0014772	552.36	711.94	1.9217	0.96765	1.4128	683.65	-0.0091336	6.667e-05	0.089134	supercritical
599.0	1083.5	677.97	0.001475	552.16	711.98	1.921	0.96777	1.4128	684.73	-0.0092939	6.6803e-05	0.089256	supercritical
599.0	1086.8	678.98	0.0014728	551.96	712.02	1.9202	0.9679	1.4127	685.81	-0.0094531	6.6937e-05	0.089379	supercritical
599.0	1090.0	679.99	0.0014706	551.77	712.06	1.9195	0.96802	1.4127	686.89	-0.0096113	6.7071e-05	0.089501	supercritical
599.0	1093.2	680.99	0.0014684	551.57	712.11	1.9188	0.96815	1.4127	687.96	-0.0097684	6.7204e-05	0.089623	supercritical
599.0	1096.5	681.99	0.0014663	551.38	712.15	1.9181	0.96827	1.4126	689.04	-0.0099245	6.7337e-05	0.089745	supercritical
599.0	1099.8	682.99	0.0014642	551.18	712.2	1.9174	0.9684	1.4126	690.11	-0.01008	6.747e-05	0.089867	supercritical
599.0	1103.0	683.98	0.001462	550.99	712.25	1.9166	0.96853	1.4126	691.19	-0.010234	6.7604e-05	0.089988	supercritical
599.0	1106.2	684.97	0.0014599	550.79	712.29	1.9159	0.96865	1.4125	692.26	-0.010387	6.7737e-05	0.09011	supercritical
599.0	1109.5	685.96	0.0014578	550.6	712.34	1.9152	0.96878	1.4125	693.33	-0.010539	6.7869e-05	0.090231	supercritical
599.0	1112.8	686.94	0.0014557	550.41	712.39	1.9145	0.9689	1.4125	694.4	-0.01069	6.8002e-05	0.090352	supercritical
599.0	1116.0	687.92	0.0014536	550.21	712.44	1.9138	0.96903	1.4124	695.47	-0.01084	6.8135e-05	0.090473	supercritical
599.0	1119.2	688.9	0.0014516	550.02	712.49	1.9131	0.96915	1.4124	696.54	-0.010989	6.8268e-05	0.090594	supercritical
599.0	1122.5	689.88	0.0014495	549.83	712.54	1.9124	0.96928	1.4124	697.6	-0.011137	6.84e-05	0.090715	supercritical
599.0	1125.8	690.85	0.0014475	549.64	712.59	1.9117	0.9694	1.4123	698.67	-0.011285	6.8533e-05	0.090835	supercritical
599.0	1129.0	691.82	0.0014455	549.45	712.65	1.911	0.96953	1.4123	699.73	-0.011431	6.8665e-05	0.090956	supercritical
599.0	1132.2	692.78	0.0014435	549.26	712.7	1.9103	0.96965	1.4123	700.79	-0.011576	6.8797e-05	0.091076	supercritical
599.0	1135.5	693.75	0.0014415	549.07	712.75	1.9096	0.96978	1.4122	701.85	-0.011721	6.8929e-05	0.091196	supercritical
599.0	1138.8	694.7	0.0014395	548.89	712.81	1.9089	0.9699	1.4122	702.91	-0.011864	6.9061e-05	0.091316	supercritical
599.0	1142.0	695.66	0.0014375	548.7	712.86	1.9082	0.97002	1.4122	703.97	-0.012007	6.9193e-05	0.091436	supercritical
599.0	1145.2	696.61	0.0014355	548.51	712.92	1.9075	0.97015	1.4121	705.03	-0.012149	6.9325e-05	0.091556	supercritical
599.0	1148.5	697.56	0.0014336	548.33	712.97	1.9068	0.97027	1.4121	706.09	-0.01229	6.9457e-05	0.091675	supercritical
599.0	1151.8	698.51	0.0014316	548.14	713.03	1.9062	0.9704	1.4121	707.14	-0.01243	6.9588e-05	0.091795	supercritical
599.0	1155.0	699.46	0.0014297	547.96	713.09	1.9055	0.97052	1.412	708.19	-0.012569	6.972e-05	0.091914	supercritical
599.0	1158.2	700.4	0.0014278	547.77	713.14	1.9048	0.97065	1.412	709.25	-0.012707	6.9851e-05	0.092033	supercritical
599.0	1161.5	701.34	0.0014259	547.59	713.2	1.9041	0.97077	1.4119	710.3	-0.012844	6.9983e-05	0.092153	supercritical
599.0	1164.8	702.27	0.001424	547.41	713.26	1.9035	0.97089	1.4119	711.35	-0.012981	7.0114e-05	0.092272	supercritical
599.0	1168.0	703.2	0.0014221	547.22	713.32	1.9028	0.97102	1.4119	712.4	-0.013116	7.0245e-05	0.09239	supercritical
599.0	1171.2	704.13	0.0014202	547.04	713.38	1.9021	0.97114	1.4118	713.44	-0.013251	7.0376e-05	0.092509	supercritical
599.0	1174.5	705.06	0.0014183	546.86	713.44	1.9014	0.97127	1.4118	714.49	-0.013385	7.0507e-05	0.092628	supercritical
599.0	1177.8	705.98	0.0014165	546.68	713.51	1.9008	0.97139	1.4117	715.54	-0.013518	7.0638e-05	0.092746	supercritical
599.0	1181.0	706.9	0.0014146	546.5	713.57	1.9001	0.97151	1.4117	716.58	-0.01365	7.0769e-05	0.092865	supercritical
599.0	1184.2	707.82	0.0014128	546.32	713.63	1.8995	0.97164	1.4116	717.62	-0.013782	7.09e-05	0.092983	supercritical
599.0	1187.5	708.74	0.001411	546.14	713.69	1.8988	0.97176	1.4116	718.66	-0.013913	7.103e-05	0.093101	supercritical
599.0	1190.8	709.65	0.0014091	545.96	713.76	1.8981	0.97188	1.4116	719.7	-0.014042	7.1161e-05	0.093219	supercritical
599.0	1194.0	710.56	0.0014073	545.79	713.82	1.8975	0.97201	1.4115	720.74	-0.014171	7.1291e-05	0.093337	supercritical
599.0	1197.2	711.47	0.0014055	545.61	713.89	1.8968	0.97213	1.4115	721.78	-0.0143	7.1421e-05	0.093455	supercritical
599.0	1200.5	712.37	0.0014038	545.43	713.95	1.8962	0.97225	1.4114	722.82	-0.014427	7.1552e-05	0.093572	supercritical
599.0	1203.8	713.27	0.001402	545.26	714.02	1.8955	0.97238	1.4114	723.85	-0.014554	7.1682e-05	0.09369	supercritical
599.0	1207.0	714.17	0.0014002	545.08	714.09	1.8949	0.9725	1.4113	724.89	-0.01468	7.1812e-05	0.093807	supercritical
599.0	1210.2	715.07	0.0013985	544.91	714.15	1.8942	0.97262	1.4113	725.92	-0.014805	7.1942e-05	0.093925	supercritical
599.0	1213.5	715.96	0.0013967	544.73	714.22	1.8936	0.97275	1.4112	726.95	-0.014929	7.2072e-05	0.094042	supercritical
599.0	1216.8	716.85	0.001395	544.56	714.29	1.8929	0.97287	1.4112	727.98	-0.015053	7.2201e-05	0.094159	supercritical
599.0	1220.0	717.74	0.0013933	544.38	714.36	1.8923	0.97299	1.4111	729.01	-0.015176	7.2331e-05	0.094276	supercritical
599.0	1223.2	718.63	0.0013915	544.21	714.43	1.8917	0.97312	1.4111	730.04	-0.015298	7.246e-05	0.094393	supercritical
599.0	1226.5	719.51	0.0013898	544.04	714.5	1.891	0.97324	1.4111	731.07	-0.015419	7.259e-05	0.09451	supercritical
599.0	1229.8	720.39	0.0013881	543.87	714.57	1.8904	0.97336	1.411	732.09	-0.01554	7.2719e-05	0.094627	supercritical
599.0	1233.0	721.27	0.0013864	543.7	714.64	1.8898	0.97348	1.411	733.12	-0.01566	7.2849e-05	0.094743	supercritical
599.0	1236.2	722.14	0.0013848	543.52	714.72	1.8891	0.97361	1.4109	734.14	-0.015779	7.2978e-05	0.09486	supercritical
599.0	1239.5	723.02	0.0013831	543.35	714.79	1.8885	0.97373	1.4109	735.16	-0.015897	7.3107e-05	0.094976	supercritical
599.0	1242.8	723.89	0.0013814	543.18	714.86	1.8879	0.97385	1.4108	736.18	-0.016015	7.3236e-05	0.095092	supercritical
599.0	1246.0	724.75	0.0013798	543.02	714.94	1.8872	0.97397	1.4108	737.2	-0.016132	7.3365e-05	0.095208	supercritical
599.0	1249.2	725.62	0.0013781	542.85	715.01	1.8866	0.9741	1.4107	738.22	-0.016248	7.3493e-05	0.095325	supercritical
599.0	1252.5	726.48	0.0013765	542.68	715.08	1.886	0.97422	1.4107	739.24	-0.016364	7.3622e-05	0.09544	supercritical
599.0	1255.8	727.34	0.0013749	542.51	715.16	1.8854	0.97434	1.4106	740.25	-0.016479	7.3751e-05	0.095556	supercritical
599.0	1259.0	728.2	0.0013733	542.34	715.24	1.8848	0.97446	1.4106	741.27	-0.016593	7.3879e-05	0.095672	supercritical
599.0	1262.2	729.05	0.0013716	542.18	715.31	1.8841	0.97459	1.4105	742.28	-0.016707	7.4008e-05	0.095788	supercritical
599.0	1265.5	729.91	0.00137	542.01	715.39	1.8835	0.97471	1.4105	743.3	-0.016819	7.4136e-05	0.095903	supercritical
599.0	1268.8	730.76	0.0013684	541.84	715.47	1.8829	0.97483	1.4104	744.31	-0.016932	7.4264e-05	0.096019	supercritical
599.0	1272.0	731.6	0.0013669	541.68	715.54	1.8823	0.97495	1.4104	745.32	-0.017043	7.4392e-05	0.096134	supercritical
599.0	1275.2	732.45	0.0013653	541.51	715.62	1.8817	0.97507	1.4103	746.32	-0.017154	7.4521e-05	0.09625	supercritical
599.0	1278.5	733.29	0.0013637	541.35	715.7	1.8811	0.9752	1.4103	747.33	-0.017264	7.4649e-05	0.096365	supercritical
599.0	1281.8	734.13	0.0013622	541.19	715.78	1.8805	0.97532	1.4102	748.34	-0.017374	7.4776e-05	0.09648	supercritical
599.0	1285.0	734.97	0.0013606	541.02	715.86	1.8799	0.97544	1.4102	749.34	-0.017483	7.4904e-05	0.096595	supercritical
599.0	1288.2	735.81	0.0013591	540.86	715.94	1.8793	0.97556	1.4101	750.35	-0.017591	7.5032e-05	0.09671	supercritical
599.0	1291.5	736.64	0.0013575	540.7	716.02	1.8787	0.97568	1.4101	751.35	-0.017699	7.5159e-05	0.096825	supercritical
599.0	1294.8	737.47	0.001356	540.54	716.1	1.8781	0.97581	1.41	752.35	-0.017805	7.5287e-05	0.09694	supercritical
599.0	1298.0	738.3	0.0013545	540.38	716.19	1.8775	0.97593	1.41	753.35	-0.017912	7.5414e-05	0.097054	supercritical
599.0	1301.2	739.12	0.001353	540.21	716.27	1.8769	0.97605	1.4099	754.35	-0.018018	7.5542e-05	0.097169	supercritical
599.0	1304.5	739.95	0.0013514	540.05	716.35	1.8763	0.97617	1.4099	755.35	-0.018123	7.5669e-05	0.097283	supercritical
599.0	1307.8	740.77	0.0013499	539.89	716.43	1.8757	0.97629	1.4098	756.34	-0.018227	7.5796e-05	0.097398	supercritical
599.0	1311.0	741.59	0.0013485	539.73	716.52	1.8751	0.97641	1.4098	757.34	-0.018331	7.5923e-05	0.097512	supercritical
599.0	1314.2	742.41	0.001347	539.58	716.6	1.8745	0.97653	1.4097	758.33	-0.018434	7.605e-05	0.097626	supercritical
599.0	1317.5	743.22	0.0013455	539.42	716.69	1.8739	0.97666	1.4097	759.32	-0.018537	7.6177e-05	0.09774	supercritical
599.0	1320.8	744.03	0.001344	539.26	716.77	1.8733	0.97678	1.4096	760.32	-0.018639	7.6304e-05	0.097854	supercritical
599.0	1324.0	744.84	0.0013426	539.1	716.86	1.8727	0.9769	1.4096	761.31	-0.01874	7.6431e-05	0.097968	supercritical
599.0	1327.2	745.65	0.0013411	538.94	716.94	1.8721	0.97702	1.4095	762.29	-0.018841	7.6557e-05	0.098082	supercritical
599.0	1330.5	746.46	0.0013397	538.79	717.03	1.8716	0.97714	1.4095	763.28	-0.018941	7.6684e-05	0.098196	supercritical
599.0	1333.8	747.26	0.0013382	538.63	717.12	1.871	0.97726	1.4094	764.27	-0.019041	7.681e-05	0.09831	supercritical
599.0	1337.0	748.06	0.0013368	538.48	717.2	1.8704	0.97738	1.4094	765.25	-0.01914	7.6937e-05	0.098424	supercritical
599.0	1340.2	748.86	0.0013354	538.32	717.29	1.8698	0.9775	1.4093	766.24	-0.019239	7.7063e-05	0.098537	supercritical
599.0	1343.5	749.66	0.0013339	538.17	717.38	1.8692	0.97763	1.4093	767.22	-0.019337	7.7189e-05	0.098651	supercritical
599.0	1346.8	750.45	0.0013325	538.01	717.47	1.8687	0.97775	1.4092	768.2	-0.019434	7.7315e-05	0.098764	supercritical
599.0	1350.0	751.25	0.0013311	537.86	717.56	1.8681	0.97787	1.4092	769.18	-0.019531	7.7441e-05	0.098878	supercritical
599.0	1353.2	752.04	0.0013297	537.7	717.65	1.8675	0.97799	1.4091	770.16	-0.019627	7.7567e-05	0.098991	supercritical
599.0	1356.5	752.82	0.0013283	537.55	717.74	1.867	0.97811	1.4091	771.14	-0.019723	7.7693e-05	0.099104	supercritical
599.0	1359.8	753.61	0.0013269	537.4	717.83	1.8664	0.97823	1.409	772.12	-0.019818	7.7819e-05	0.099217	supercritical
599.0	1363.0	754.39	0.0013256	537.24	717.92	1.8658	0.97835	1.409	773.09	-0.019912	7.7944e-05	0.09933	supercritical
599.0	1366.2	755.18	0.0013242	537.09	718.01	1.8653	0.97847	1.4089	774.07	-0.020006	7.807e-05	0.099443	supercritical
599.0	1369.5	755.96	0.0013228	536.94	718.1	1.8647	0.97859	1.4088	775.04	-0.0201	7.8195e-05	0.099556	supercritical
599.0	1372.8	756.73	0.0013215	536.79	718.19	1.8641	0.97871	1.4088	776.01	-0.020193	7.8321e-05	0.099669	supercritical
599.0	1376.0	757.51	0.0013201	536.64	718.29	1.8636	0.97883	1.4087	776.98	-0.020285	7.8446e-05	0.099782	supercritical
599.0	1379.2	758.28	0.0013188	536.49	718.38	1.863	0.97895	1.4087	777.95	-0.020377	7.8571e-05	0.099895	supercritical
599.0	1382.5	759.06	0.0013174	536.34	718.47	1.8624	0.97907	1.4086	778.92	-0.020468	7.8696e-05	0.10001	supercritical
599.0	1385.8	759.83	0.0013161	536.19	718.57	1.8619	0.97919	1.4086	779.89	-0.020559	7.8821e-05	0.10012	supercritical
599.0	1389.0	760.59	0.0013148	536.04	718.66	1.8613	0.97932	1.4085	780.85	-0.02065	7.8946e-05	0.10023	supercritical
599.0	1392.2	761.36	0.0013134	535.89	718.76	1.8608	0.97944	1.4085	781.82	-0.020739	7.9071e-05	0.10034	supercritical
599.0	1395.5	762.12	0.0013121	535.75	718.85	1.8602	0.97956	1.4084	782.78	-0.020829	7.9196e-05	0.10046	supercritical
599.0	1398.8	762.88	0.0013108	535.6	718.95	1.8597	0.97968	1.4084	783.74	-0.020917	7.9321e-05	0.10057	supercritical
599.0	1402.0	763.64	0.0013095	535.45	719.04	1.8591	0.9798	1.4083	784.7	-0.021006	7.9446e-05	0.10068	supercritical
599.0	1405.2	764.4	0.0013082	535.3	719.14	1.8586	0.97992	1.4083	785.66	-0.021093	7.957e-05	0.10079	supercritical
599.0	1408.5	765.16	0.0013069	535.16	719.24	1.858	0.98004	1.4082	786.62	-0.021181	7.9695e-05	0.10091	supercritical
599.0	1411.8	765.91	0.0013056	535.01	719.33	1.8575	0.98016	1.4082	787.58	-0.021267	7.9819e-05	0.10102	supercritical
599.0	1415.0	766.66	0.0013044	534.87	719.43	1.8569	0.98028	1.4081	788.54	-0.021354	7.9943e-05	0.10113	supercritical
599.0	1418.2	767.41	0.0013031	534.72	719.53	1.8564	0.9804	1.4081	789.49	-0.021439	8.0068e-05	0.10124	supercritical
599.0	1421.5	768.16	0.0013018	534.58	719.63	1.8558	0.98052	1.408	790.44	-0.021525	8.0192e-05	0.10135	supercritical
599.0	1424.8	768.91	0.0013005	534.43	719.73	1.8553	0.98064	1.408	791.4	-0.021609	8.0316e-05	0.10147	supercritical
599.0	1428.0	769.65	0.0012993	534.29	719.83	1.8548	0.98076	1.4079	792.35	-0.021694	8.044e-05	0.10158	supercritical
599.0	1431.2	770.39	0.001298	534.14	719.92	1.8542	0.98088	1.4079	793.3	-0.021778	8.0564e-05	0.10169	supercritical
599.0	1434.5	771.13	0.0012968	534.0	720.02	1.8537	0.981	1.4078	794.25	-0.021861	8.0688e-05	0.1018	supercritical
599.0	1437.8	771.87	0.0012956	533.86	720.12	1.8532	0.98112	1.4078	795.19	-0.021944	8.0811e-05	0.10191	supercritical
599.0	1441.0	772.61	0.0012943	533.71	720.23	1.8526	0.98124	1.4077	796.14	-0.022026	8.0935e-05	0.10202	supercritical
599.0	1444.2	773.34	0.0012931	533.57	720.33	1.8521	0.98136	1.4077	797.09	-0.022108	8.1059e-05	0.10214	supercritical
599.0	1447.5	774.08	0.0012919	533.43	720.43	1.8516	0.98148	1.4076	798.03	-0.02219	8.1182e-05	0.10225	supercritical
599.0	1450.8	774.81	0.0012906	533.29	720.53	1.851	0.9816	1.4076	798.97	-0.022271	8.1305e-05	0.10236	supercritical
599.0	1454.0	775.54	0.0012894	533.15	720.63	1.8505	0.98172	1.4075	799.91	-0.022351	8.1429e-05	0.10247	supercritical
599.0	1457.2	776.26	0.0012882	533.01	720.73	1.85	0.98184	1.4075	800.86	-0.022431	8.1552e-05	0.10258	supercritical
599.0	1460.5	776.99	0.001287	532.87	720.84	1.8494	0.98195	1.4075	801.79	-0.022511	8.1675e-05	0.10269	supercritical
599.0	1463.8	777.71	0.0012858	532.73	720.94	1.8489	0.98207	1.4074	802.73	-0.02259	8.1798e-05	0.1028	supercritical
599.0	1467.0	778.43	0.0012846	532.59	721.04	1.8484	0.98219	1.4074	803.67	-0.022669	8.1921e-05	0.10291	supercritical
599.0	1470.2	779.15	0.0012834	532.45	721.15	1.8479	0.98231	1.4073	804.61	-0.022747	8.2044e-05	0.10302	supercritical
599.0	1473.5	779.87	0.0012823	532.31	721.25	1.8473	0.98243	1.4073	805.54	-0.022825	8.2167e-05	0.10314	supercritical
599.0	1476.8	780.59	0.0012811	532.17	721.36	1.8468	0.98255	1.4072	806.47	-0.022903	8.229e-05	0.10325	supercritical
599.0	1480.0	781.3	0.0012799	532.03	721.46	1.8463	0.98267	1.4072	807.4	-0.02298	8.2413e-05	0.10336	supercritical
599.0	1483.2	782.02	0.0012787	531.9	721.57	1.8458	0.98279	1.4071	808.34	-0.023056	8.2535e-05	0.10347	supercritical
599.0	1486.5	782.73	0.0012776	531.76	721.67	1.8453	0.98291	1.4071	809.27	-0.023133	8.2658e-05	0.10358	supercritical
599.0	1489.8	783.44	0.0012764	531.62	721.78	1.8447	0.98303	1.407	810.19	-0.023208	8.2781e-05	0.10369	supercritical
599.0	1493.0	784.15	0.0012753	531.49	721.88	1.8442	0.98315	1.407	811.12	-0.023284	8.2903e-05	0.1038	supercritical
599.0	1496.2	784.85	0.0012741	531.35	721.99	1.8437	0.98327	1.4069	812.05	-0.023359	8.3025e-05	0.10391	supercritical
599.0	1499.5	785.56	0.001273	531.21	722.1	1.8432	0.98339	1.4069	812.97	-0.023433	8.3148e-05	0.10402	supercritical
599.0	1502.8	786.26	0.0012718	531.08	722.21	1.8427	0.98351	1.4068	813.9	-0.023507	8.327e-05	0.10413	supercritical
599.0	1506.0	786.96	0.0012707	530.94	722.31	1.8422	0.98362	1.4068	814.82	-0.023581	8.3392e-05	0.10424	supercritical
599.0	1509.2	787.66	0.0012696	530.81	722.42	1.8417	0.98374	1.4067	815.74	-0.023654	8.3514e-05	0.10435	supercritical
599.0	1512.5	788.36	0.0012685	530.67	722.53	1.8412	0.98386	1.4067	816.66	-0.023727	8.3636e-05	0.10446	supercritical
599.0	1515.8	789.05	0.0012673	530.54	722.64	1.8407	0.98398	1.4067	817.58	-0.0238	8.3758e-05	0.10457	supercritical
599.0	1519.0	789.75	0.0012662	530.41	722.75	1.8402	0.9841	1.4066	818.5	-0.023872	8.388e-05	0.10468	supercritical
599.0	1522.2	790.44	0.0012651	530.27	722.86	1.8397	0.98422	1.4066	819.42	-0.023943	8.4001e-05	0.10479	supercritical
599.0	1525.5	791.13	0.001264	530.14	722.97	1.8391	0.98434	1.4065	820.33	-0.024015	8.4123e-05	0.1049	supercritical
599.0	1528.8	791.82	0.0012629	530.01	723.08	1.8386	0.98446	1.4065	821.25	-0.024085	8.4245e-05	0.10501	supercritical
599.0	1532.0	792.51	0.0012618	529.88	723.19	1.8381	0.98458	1.4064	822.16	-0.024156	8.4366e-05	0.10512	supercritical
599.0	1535.2	793.19	0.0012607	529.74	723.3	1.8376	0.98469	1.4064	823.07	-0.024226	8.4488e-05	0.10523	supercritical
599.0	1538.5	793.88	0.0012596	529.61	723.41	1.8371	0.98481	1.4063	823.98	-0.024296	8.4609e-05	0.10534	supercritical
599.0	1541.8	794.56	0.0012586	529.48	723.52	1.8367	0.98493	1.4063	824.89	-0.024365	8.473e-05	0.10545	supercritical
599.0	1545.0	795.24	0.0012575	529.35	723.63	1.8362	0.98505	1.4063	825.8	-0.024434	8.4852e-05	0.10556	supercritical
599.0	1548.2	795.92	0.0012564	529.22	723.74	1.8357	0.98517	1.4062	826.71	-0.024503	8.4973e-05	0.10567	supercritical
599.0	1551.5	796.6	0.0012553	529.09	723.85	1.8352	0.98529	1.4062	827.61	-0.024571	8.5094e-05	0.10578	supercritical
599.0	1554.8	797.28	0.0012543	528.96	723.97	1.8347	0.98541	1.4061	828.52	-0.024639	8.5215e-05	0.10589	supercritical
599.0	1558.0	797.95	0.0012532	528.83	724.08	1.8342	0.98552	1.4061	829.42	-0.024706	8.5336e-05	0.106	supercritical
599.0	1561.2	798.62	0.0012522	528.7	724.19	1.8337	0.98564	1.406	830.33	-0.024773	8.5457e-05	0.10611	supercritical
599.0	1564.5	799.29	0.0012511	528.57	724.31	1.8332	0.98576	1.406	831.23	-0.02484	8.5577e-05	0.10622	supercritical
599.0	1567.8	799.96	0.0012501	528.44	724.42	1.8327	0.98588	1.4059	832.13	-0.024907	8.5698e-05	0.10633	supercritical
599.0	1571.0	800.63	0.001249	528.31	724.53	1.8322	0.986	1.4059	833.03	-0.024973	8.5819e-05	0.10644	supercritical
599.0	1574.2	801.3	0.001248	528.19	724.65	1.8317	0.98612	1.4059	833.93	-0.025038	8.5939e-05	0.10655	supercritical
599.0	1577.5	801.97	0.0012469	528.06	724.76	1.8313	0.98623	1.4058	834.82	-0.025104	8.606e-05	0.10666	supercritical
599.0	1580.8	802.63	0.0012459	527.93	724.88	1.8308	0.98635	1.4058	835.72	-0.025169	8.618e-05	0.10677	supercritical
599.0	1584.0	803.29	0.0012449	527.8	724.99	1.8303	0.98647	1.4057	836.62	-0.025233	8.6301e-05	0.10688	supercritical
599.0	1587.2	803.95	0.0012439	527.68	725.11	1.8298	0.98659	1.4057	837.51	-0.025297	8.6421e-05	0.10699	supercritical
599.0	1590.5	804.61	0.0012428	527.55	725.22	1.8293	0.98671	1.4057	838.4	-0.025361	8.6541e-05	0.1071	supercritical
599.0	1593.8	805.27	0.0012418	527.42	725.34	1.8288	0.98683	1.4056	839.29	-0.025425	8.6662e-05	0.10721	supercritical
599.0	1597.0	805.93	0.0012408	527.3	725.46	1.8284	0.98694	1.4056	840.18	-0.025488	8.6782e-05	0.10732	supercritical
599.0	1600.2	806.58	0.0012398	527.17	725.57	1.8279	0.98706	1.4055	841.07	-0.025551	8.6902e-05	0.10743	supercritical
599.0	1603.5	807.24	0.0012388	527.05	725.69	1.8274	0.98718	1.4055	841.96	-0.025614	8.7022e-05	0.10754	supercritical
599.0	1606.8	807.89	0.0012378	526.92	725.81	1.8269	0.9873	1.4055	842.85	-0.025676	8.7142e-05	0.10765	supercritical
599.0	1610.0	808.54	0.0012368	526.8	725.92	1.8265	0.98742	1.4054	843.73	-0.025738	8.7262e-05	0.10775	supercritical
599.0	1613.2	809.19	0.0012358	526.67	726.04	1.826	0.98753	1.4054	844.62	-0.0258	8.7381e-05	0.10786	supercritical
599.0	1616.5	809.83	0.0012348	526.55	726.16	1.8255	0.98765	1.4053	845.5	-0.025861	8.7501e-05	0.10797	supercritical
599.0	1619.8	810.48	0.0012338	526.43	726.28	1.825	0.98777	1.4053	846.39	-0.025922	8.7621e-05	0.10808	supercritical
599.0	1623.0	811.13	0.0012329	526.3	726.4	1.8246	0.98789	1.4053	847.27	-0.025982	8.774e-05	0.10819	supercritical
599.0	1626.2	811.77	0.0012319	526.18	726.51	1.8241	0.988	1.4052	848.15	-0.026043	8.786e-05	0.1083	supercritical
599.0	1629.5	812.41	0.0012309	526.06	726.63	1.8236	0.98812	1.4052	849.03	-0.026103	8.7979e-05	0.10841	supercritical
599.0	1632.8	813.05	0.0012299	525.94	726.75	1.8232	0.98824	1.4051	849.9	-0.026162	8.8099e-05	0.10852	supercritical
599.0	1636.0	813.69	0.001229	525.81	726.87	1.8227	0.98836	1.4051	850.78	-0.026222	8.8218e-05	0.10863	supercritical
599.0	1639.2	814.33	0.001228	525.69	726.99	1.8222	0.98848	1.4051	851.66	-0.026281	8.8337e-05	0.10874	supercritical
599.0	1642.5	814.96	0.001227	525.57	727.11	1.8218	0.98859	1.405	852.53	-0.026339	8.8456e-05	0.10884	supercritical
599.0	1645.8	815.6	0.0012261	525.45	727.23	1.8213	0.98871	1.405	853.41	-0.026398	8.8575e-05	0.10895	supercritical
599.0	1649.0	816.23	0.0012251	525.33	727.35	1.8208	0.98883	1.4049	854.28	-0.026456	8.8695e-05	0.10906	supercritical
599.0	1652.2	816.86	0.0012242	525.21	727.47	1.8204	0.98895	1.4049	855.15	-0.026514	8.8814e-05	0.10917	supercritical
599.0	1655.5	817.5	0.0012232	525.09	727.6	1.8199	0.98906	1.4049	856.02	-0.026571	8.8932e-05	0.10928	supercritical
599.0	1658.8	818.12	0.0012223	524.97	727.72	1.8194	0.98918	1.4048	856.89	-0.026628	8.9051e-05	0.10939	supercritical
599.0	1662.0	818.75	0.0012214	524.85	727.84	1.819	0.9893	1.4048	857.76	-0.026685	8.917e-05	0.1095	supercritical
599.0	1665.2	819.38	0.0012204	524.73	727.96	1.8185	0.98942	1.4048	858.63	-0.026742	8.9289e-05	0.1096	supercritical
599.0	1668.5	820.0	0.0012195	524.61	728.08	1.8181	0.98953	1.4047	859.49	-0.026798	8.9408e-05	0.10971	supercritical
599.0	1671.8	820.63	0.0012186	524.49	728.21	1.8176	0.98965	1.4047	860.36	-0.026854	8.9526e-05	0.10982	supercritical
599.0	1675.0	821.25	0.0012177	524.37	728.33	1.8172	0.98977	1.4047	861.22	-0.02691	8.9645e-05	0.10993	supercritical
599.0	1678.2	821.87	0.0012167	524.25	728.45	1.8167	0.98988	1.4046	862.08	-0.026965	8.9763e-05	0.11004	supercritical
599.0	1681.5	822.49	0.0012158	524.13	728.57	1.8162	0.99	1.4046	862.95	-0.02702	8.9882e-05	0.11015	supercritical
599.0	1684.8	823.11	0.0012149	524.02	728.7	1.8158	0.99012	1.4045	863.81	-0.027075	9e-05	0.11026	supercritical
599.0	1688.0	823.73	0.001214	523.9	728.82	1.8153	0.99024	1.4045	864.67	-0.02713	9.0118e-05	0.11036	supercritical
599.0	1691.2	824.34	0.0012131	523.78	728.95	1.8149	0.99035	1.4045	865.52	-0.027184	9.0237e-05	0.11047	supercritical
599.0	1694.5	824.96	0.0012122	523.67	729.07	1.8144	0.99047	1.4044	866.38	-0.027238	9.0355e-05	0.11058	supercritical
599.0	1697.8	825.57	0.0012113	523.55	729.19	1.814	0.99059	1.4044	867.24	-0.027292	9.0473e-05	0.11069	supercritical
599.0	1701.0	826.18	0.0012104	523.43	729.32	1.8135	0.9907	1.4044	868.09	-0.027345	9.0591e-05	0.1108	supercritical
599.0	1704.2	826.79	0.0012095	523.32	729.44	1.8131	0.99082	1.4043	868.95	-0.027399	9.0709e-05	0.11091	supercritical
599.0	1707.5	827.4	0.0012086	523.2	729.57	1.8126	0.99094	1.4043	869.8	-0.027452	9.0827e-05	0.11101	supercritical
599.0	1710.8	828.01	0.0012077	523.09	729.69	1.8122	0.99105	1.4043	870.65	-0.027504	9.0945e-05	0.11112	supercritical
599.0	1714.0	828.62	0.0012068	522.97	729.82	1.8117	0.99117	1.4042	871.51	-0.027557	9.1063e-05	0.11123	supercritical
599.0	1717.2	829.22	0.0012059	522.85	729.95	1.8113	0.99129	1.4042	872.36	-0.027609	9.118e-05	0.11134	supercritical
599.0	1720.5	829.83	0.0012051	522.74	730.07	1.8109	0.99141	1.4042	873.2	-0.027661	9.1298e-05	0.11145	supercritical
599.0	1723.8	830.43	0.0012042	522.63	730.2	1.8104	0.99152	1.4041	874.05	-0.027712	9.1416e-05	0.11156	supercritical
599.0	1727.0	831.03	0.0012033	522.51	730.33	1.81	0.99164	1.4041	874.9	-0.027763	9.1533e-05	0.11166	supercritical
599.0	1730.2	831.63	0.0012025	522.4	730.45	1.8095	0.99176	1.4041	875.75	-0.027814	9.1651e-05	0.11177	supercritical
599.0	1733.5	832.23	0.0012016	522.28	730.58	1.8091	0.99187	1.404	876.59	-0.027865	9.1768e-05	0.11188	supercritical
599.0	1736.8	832.83	0.0012007	522.17	730.71	1.8087	0.99199	1.404	877.43	-0.027916	9.1886e-05	0.11199	supercritical
599.0	1740.0	833.43	0.0011999	522.06	730.83	1.8082	0.99211	1.404	878.28	-0.027966	9.2003e-05	0.1121	supercritical
599.0	1743.2	834.02	0.001199	521.94	730.96	1.8078	0.99222	1.4039	879.12	-0.028016	9.2121e-05	0.1122	supercritical
599.0	1746.5	834.62	0.0011982	521.83	731.09	1.8073	0.99234	1.4039	879.96	-0.028066	9.2238e-05	0.11231	supercritical
599.0	1749.8	835.21	0.0011973	521.72	731.22	1.8069	0.99246	1.4039	880.8	-0.028115	9.2355e-05	0.11242	supercritical
599.0	1753.0	835.8	0.0011965	521.61	731.35	1.8065	0.99257	1.4039	881.64	-0.028165	9.2472e-05	0.11253	supercritical
599.0	1756.2	836.39	0.0011956	521.5	731.47	1.806	0.99269	1.4038	882.48	-0.028214	9.2589e-05	0.11264	supercritical
599.0	1759.5	836.98	0.0011948	521.38	731.6	1.8056	0.9928	1.4038	883.31	-0.028263	9.2706e-05	0.11274	supercritical
599.0	1762.8	837.57	0.0011939	521.27	731.73	1.8052	0.99292	1.4038	884.15	-0.028311	9.2823e-05	0.11285	supercritical
599.0	1766.0	838.16	0.0011931	521.16	731.86	1.8047	0.99304	1.4037	884.98	-0.028359	9.294e-05	0.11296	supercritical
599.0	1769.2	838.74	0.0011923	521.05	731.99	1.8043	0.99315	1.4037	885.82	-0.028407	9.3057e-05	0.11307	supercritical
599.0	1772.5	839.33	0.0011914	520.94	732.12	1.8039	0.99327	1.4037	886.65	-0.028455	9.3174e-05	0.11318	supercritical
599.0	1775.8	839.91	0.0011906	520.83	732.25	1.8034	0.99339	1.4036	887.48	-0.028503	9.329e-05	0.11328	supercritical
599.0	1779.0	840.5	0.0011898	520.72	732.38	1.803	0.9935	1.4036	888.31	-0.02855	9.3407e-05	0.11339	supercritical
599.0	1782.2	841.08	0.001189	520.61	732.51	1.8026	0.99362	1.4036	889.14	-0.028597	9.3524e-05	0.1135	supercritical
599.0	1785.5	841.66	0.0011881	520.5	732.64	1.8022	0.99374	1.4036	889.97	-0.028644	9.364e-05	0.11361	supercritical
599.0	1788.8	842.24	0.0011873	520.39	732.77	1.8017	0.99385	1.4035	890.8	-0.028691	9.3757e-05	0.11372	supercritical
599.0	1792.0	842.81	0.0011865	520.28	732.9	1.8013	0.99397	1.4035	891.62	-0.028737	9.3873e-05	0.11382	supercritical
599.0	1795.2	843.39	0.0011857	520.17	733.03	1.8009	0.99408	1.4035	892.45	-0.028783	9.399e-05	0.11393	supercritical
599.0	1798.5	843.97	0.0011849	520.07	733.17	1.8005	0.9942	1.4034	893.27	-0.028829	9.4106e-05	0.11404	supercritical
599.0	1801.8	844.54	0.0011841	519.96	733.3	1.8	0.99432	1.4034	894.1	-0.028875	9.4222e-05	0.11415	supercritical
599.0	1805.0	845.11	0.0011833	519.85	733.43	1.7996	0.99443	1.4034	894.92	-0.028921	9.4339e-05	0.11425	supercritical
599.0	1808.2	845.69	0.0011825	519.74	733.56	1.7992	0.99455	1.4034	895.74	-0.028966	9.4455e-05	0.11436	supercritical
599.0	1811.5	846.26	0.0011817	519.63	733.69	1.7988	0.99466	1.4033	896.56	-0.029011	9.4571e-05	0.11447	supercritical
599.0	1814.8	846.83	0.0011809	519.53	733.83	1.7984	0.99478	1.4033	897.38	-0.029056	9.4687e-05	0.11458	supercritical
599.0	1818.0	847.4	0.0011801	519.42	733.96	1.7979	0.9949	1.4033	898.2	-0.0291	9.4803e-05	0.11468	supercritical
599.0	1821.2	847.96	0.0011793	519.31	734.09	1.7975	0.99501	1.4032	899.02	-0.029145	9.4919e-05	0.11479	supercritical
599.0	1824.5	848.53	0.0011785	519.21	734.22	1.7971	0.99513	1.4032	899.84	-0.029189	9.5035e-05	0.1149	supercritical
599.0	1827.8	849.1	0.0011777	519.1	734.36	1.7967	0.99524	1.4032	900.65	-0.029233	9.5151e-05	0.11501	supercritical
599.0	1831.0	849.66	0.0011769	518.99	734.49	1.7963	0.99536	1.4032	901.47	-0.029277	9.5267e-05	0.11511	supercritical
599.0	1834.2	850.22	0.0011762	518.89	734.62	1.7959	0.99547	1.4031	902.28	-0.02932	9.5383e-05	0.11522	supercritical
599.0	1837.5	850.78	0.0011754	518.78	734.76	1.7954	0.99559	1.4031	903.09	-0.029364	9.5498e-05	0.11533	supercritical
599.0	1840.8	851.35	0.0011746	518.68	734.89	1.795	0.99571	1.4031	903.9	-0.029407	9.5614e-05	0.11544	supercritical
599.0	1844.0	851.91	0.0011738	518.57	735.03	1.7946	0.99582	1.4031	904.72	-0.02945	9.573e-05	0.11555	supercritical
599.0	1847.2	852.46	0.0011731	518.47	735.16	1.7942	0.99594	1.403	905.53	-0.029492	9.5845e-05	0.11565	supercritical
599.0	1850.5	853.02	0.0011723	518.36	735.3	1.7938	0.99605	1.403	906.33	-0.029535	9.5961e-05	0.11576	supercritical
599.0	1853.8	853.58	0.0011715	518.26	735.43	1.7934	0.99617	1.403	907.14	-0.029577	9.6076e-05	0.11587	supercritical
599.0	1857.0	854.14	0.0011708	518.15	735.57	1.793	0.99628	1.403	907.95	-0.029619	9.6192e-05	0.11598	supercritical
599.0	1860.2	854.69	0.00117	518.05	735.7	1.7926	0.9964	1.4029	908.76	-0.029661	9.6307e-05	0.11608	supercritical
599.0	1863.5	855.24	0.0011693	517.94	735.84	1.7922	0.99651	1.4029	909.56	-0.029703	9.6422e-05	0.11619	supercritical
599.0	1866.8	855.8	0.0011685	517.84	735.97	1.7917	0.99663	1.4029	910.36	-0.029744	9.6538e-05	0.1163	supercritical
599.0	1870.0	856.35	0.0011678	517.74	736.11	1.7913	0.99675	1.4029	911.17	-0.029786	9.6653e-05	0.11641	supercritical
599.0	1873.2	856.9	0.001167	517.63	736.24	1.7909	0.99686	1.4028	911.97	-0.029827	9.6768e-05	0.11651	supercritical
599.0	1876.5	857.45	0.0011663	517.53	736.38	1.7905	0.99698	1.4028	912.77	-0.029868	9.6883e-05	0.11662	supercritical
599.0	1879.8	858.0	0.0011655	517.43	736.52	1.7901	0.99709	1.4028	913.57	-0.029908	9.6998e-05	0.11673	supercritical
599.0	1883.0	858.54	0.0011648	517.33	736.65	1.7897	0.99721	1.4028	914.37	-0.029949	9.7113e-05	0.11683	supercritical
599.0	1886.2	859.09	0.001164	517.22	736.79	1.7893	0.99732	1.4027	915.17	-0.029989	9.7228e-05	0.11694	supercritical
599.0	1889.5	859.63	0.0011633	517.12	736.93	1.7889	0.99744	1.4027	915.97	-0.030029	9.7343e-05	0.11705	supercritical
599.0	1892.8	860.18	0.0011625	517.02	737.06	1.7885	0.99755	1.4027	916.76	-0.030069	9.7458e-05	0.11716	supercritical
599.0	1896.0	860.72	0.0011618	516.92	737.2	1.7881	0.99767	1.4027	917.56	-0.030109	9.7573e-05	0.11726	supercritical
599.0	1899.2	861.26	0.0011611	516.82	737.34	1.7877	0.99778	1.4026	918.35	-0.030148	9.7688e-05	0.11737	supercritical
599.0	1902.5	861.81	0.0011604	516.72	737.47	1.7873	0.9979	1.4026	919.15	-0.030188	9.7803e-05	0.11748	supercritical
599.0	1905.8	862.35	0.0011596	516.62	737.61	1.7869	0.99801	1.4026	919.94	-0.030227	9.7917e-05	0.11759	supercritical
599.0	1909.0	862.88	0.0011589	516.52	737.75	1.7865	0.99813	1.4026	920.73	-0.030266	9.8032e-05	0.11769	supercritical
599.0	1912.2	863.42	0.0011582	516.41	737.89	1.7861	0.99824	1.4026	921.52	-0.030305	9.8147e-05	0.1178	supercritical
599.0	1915.5	863.96	0.0011575	516.31	738.03	1.7857	0.99836	1.4025	922.32	-0.030343	9.8261e-05	0.11791	supercritical
599.0	1918.8	864.5	0.0011567	516.21	738.16	1.7853	0.99847	1.4025	923.1	-0.030382	9.8376e-05	0.11802	supercritical
599.0	1922.0	865.03	0.001156	516.11	738.3	1.7849	0.99859	1.4025	923.89	-0.03042	9.849e-05	0.11812	supercritical
599.0	1925.2	865.57	0.0011553	516.02	738.44	1.7845	0.9987	1.4025	924.68	-0.030458	9.8605e-05	0.11823	supercritical
599.0	1928.5	866.1	0.0011546	515.92	738.58	1.7841	0.99882	1.4025	925.47	-0.030496	9.8719e-05	0.11834	supercritical
599.0	1931.8	866.63	0.0011539	515.82	738.72	1.7837	0.99893	1.4024	926.25	-0.030534	9.8833e-05	0.11844	supercritical
599.0	1935.0	867.16	0.0011532	515.72	738.86	1.7833	0.99905	1.4024	927.04	-0.030571	9.8948e-05	0.11855	supercritical
599.0	1938.2	867.69	0.0011525	515.62	739.0	1.7829	0.99916	1.4024	927.82	-0.030609	9.9062e-05	0.11866	supercritical
599.0	1941.5	868.22	0.0011518	515.52	739.14	1.7826	0.99928	1.4024	928.6	-0.030646	9.9176e-05	0.11877	supercritical
599.0	1944.8	868.75	0.0011511	515.42	739.28	1.7822	0.99939	1.4023	929.39	-0.030683	9.929e-05	0.11887	supercritical
599.0	1948.0	869.28	0.0011504	515.32	739.42	1.7818	0.99951	1.4023	930.17	-0.03072	9.9404e-05	0.11898	supercritical
599.0	1951.2	869.81	0.0011497	515.23	739.56	1.7814	0.99962	1.4023	930.95	-0.030757	9.9518e-05	0.11909	supercritical
599.0	1954.5	870.33	0.001149	515.13	739.7	1.781	0.99974	1.4023	931.73	-0.030793	9.9632e-05	0.1192	supercritical
599.0	1957.8	870.86	0.0011483	515.03	739.84	1.7806	0.99985	1.4023	932.51	-0.03083	9.9746e-05	0.1193	supercritical
599.0	1961.0	871.38	0.0011476	514.93	739.98	1.7802	0.99996	1.4022	933.28	-0.030866	9.986e-05	0.11941	supercritical
599.0	1964.2	871.9	0.0011469	514.84	740.12	1.7798	1.0001	1.4022	934.06	-0.030902	9.9974e-05	0.11952	supercritical
599.0	1967.5	872.42	0.0011462	514.74	740.26	1.7794	1.0002	1.4022	934.84	-0.030938	0.00010009	0.11962	supercritical
599.0	1970.8	872.94	0.0011455	514.64	740.4	1.7791	1.0003	1.4022	935.61	-0.030973	0.0001002	0.11973	supercritical
599.0	1974.0	873.46	0.0011449	514.55	740.54	1.7787	1.0004	1.4022	936.38	-0.031009	0.00010032	0.11984	supercritical
599.0	1977.2	873.98	0.0011442	514.45	740.68	1.7783	1.0005	1.4022	937.16	-0.031044	0.00010043	0.11995	supercritical
599.0	1980.5	874.5	0.0011435	514.35	740.83	1.7779	1.0007	1.4021	937.93	-0.031079	0.00010054	0.12005	supercritical
599.0	1983.8	875.02	0.0011428	514.26	740.97	1.7775	1.0008	1.4021	938.7	-0.031114	0.00010066	0.12016	supercritical
599.0	1987.0	875.54	0.0011422	514.16	741.11	1.7771	1.0009	1.4021	939.47	-0.031149	0.00010077	0.12027	supercritical
599.0	1990.2	876.05	0.0011415	514.07	741.25	1.7768	1.001	1.4021	940.24	-0.031184	0.00010088	0.12037	supercritical
599.0	1993.5	876.57	0.0011408	513.97	741.39	1.7764	1.0011	1.4021	941.01	-0.031219	0.000101	0.12048	supercritical
599.0	1996.8	877.08	0.0011401	513.88	741.54	1.776	1.0012	1.402	941.78	-0.031253	0.00010111	0.12059	supercritical
599.0	2000.0	877.59	0.0011395	513.78	741.68	1.7756	1.0013	1.402	942.55	-0.031287	0.00010122	0.1207	supercritical
