Temperature (K)	Pressure (bar)	Density (kg/m3)	Volume (m3/kg)	Internal Energy (kJ/kg)	Enthalpy (kJ/kg)	Entropy (J/g*K)	Cv (J/g*K)	Cp (J/g*K)	Sound Spd. (m/s)	Joule-Thomson (K/bar)	Viscosity (Pa*s)	Therm. Cond. (W/m*K)	Phase
372.0	56.5	93.335	0.010714	475.18	535.71	2.1025	0.78662	1.1703	277.71	0.60367	1.9625e-05	0.026176	vapor
372.0	59.75	99.667	0.010033	473.46	533.4	2.0872	0.79046	1.1912	276.72	0.60042	1.9742e-05	0.026489	vapor
372.0	63.0	106.13	0.0094226	471.7	531.07	2.0724	0.79433	1.2129	275.74	0.59693	1.9866e-05	0.026817	vapor
372.0	66.25	112.72	0.0088714	469.93	528.7	2.0581	0.79824	1.2356	274.8	0.5932	1.9997e-05	0.02716	vapor
372.0	69.5	119.45	0.0083715	468.12	526.3	2.0441	0.80217	1.2592	273.89	0.58922	2.0136e-05	0.02752	vapor
372.0	72.75	126.33	0.007916	466.29	523.88	2.0305	0.80613	1.2839	273.01	0.58497	2.0283e-05	0.027896	vapor
372.0	76.0	133.34	0.0074994	464.42	521.42	2.0172	0.81011	1.3096	272.17	0.58045	2.0438e-05	0.028291	vapor
372.0	76.0	133.34	0.0074994	464.42	521.42	2.0172	0.81011	1.3096	272.17	0.58045	2.0438e-05	0.028291	supercritical
372.0	76.0	133.34	0.0074994	464.42	521.42	2.0172	0.81011	1.3096	272.17	0.58045	2.0438e-05	0.028291	supercritical
372.0	79.25	140.51	0.0071168	462.53	518.93	2.0041	0.81411	1.3363	271.37	0.57564	2.0603e-05	0.028704	supercritical
372.0	82.5	147.83	0.0067644	460.61	516.42	1.9913	0.81813	1.3642	270.62	0.57055	2.0777e-05	0.029137	supercritical
372.0	85.75	155.31	0.0064386	458.66	513.88	1.9787	0.82215	1.3932	269.92	0.56515	2.0961e-05	0.02959	supercritical
372.0	89.0	162.95	0.0061367	456.68	511.3	1.9663	0.82619	1.4234	269.27	0.55944	2.1156e-05	0.030064	supercritical
372.0	92.25	170.76	0.0058562	454.68	508.7	1.954	0.83022	1.4548	268.68	0.55342	2.1363e-05	0.030561	supercritical
372.0	95.5	178.73	0.005595	452.64	506.07	1.942	0.83425	1.4873	268.15	0.54707	2.1582e-05	0.03108	supercritical
372.0	98.75	186.88	0.0053511	450.57	503.41	1.93	0.83826	1.521	267.68	0.5404	2.1813e-05	0.031622	supercritical
372.0	102.0	195.19	0.0051231	448.47	500.73	1.9182	0.84225	1.5559	267.29	0.5334	2.2058e-05	0.032189	supercritical
372.0	105.25	203.68	0.0049096	446.34	498.02	1.9066	0.84621	1.5919	266.98	0.52607	2.2318e-05	0.03278	supercritical
372.0	108.5	212.35	0.0047093	444.19	495.28	1.895	0.85013	1.629	266.76	0.51841	2.2592e-05	0.033395	supercritical
372.0	111.75	221.19	0.0045211	442.01	492.53	1.8836	0.854	1.6672	266.63	0.51041	2.2881e-05	0.034035	supercritical
372.0	115.0	230.2	0.0043441	439.8	489.75	1.8723	0.85781	1.7062	266.59	0.50209	2.3187e-05	0.034699	supercritical
372.0	118.25	239.38	0.0041775	437.56	486.96	1.861	0.86154	1.7461	266.66	0.49345	2.351e-05	0.035388	supercritical
372.0	121.5	248.72	0.0040206	435.3	484.15	1.8499	0.86519	1.7867	266.84	0.4845	2.3851e-05	0.0361	supercritical
372.0	124.75	258.23	0.0038726	433.02	481.34	1.8389	0.86875	1.8278	267.14	0.47525	2.421e-05	0.036834	supercritical
372.0	128.0	267.88	0.003733	430.73	478.51	1.828	0.87219	1.8691	267.57	0.4657	2.4587e-05	0.037589	supercritical
372.0	131.25	277.68	0.0036013	428.41	475.68	1.8171	0.87552	1.9105	268.13	0.45589	2.4984e-05	0.038365	supercritical
372.0	134.5	287.61	0.003477	426.08	472.85	1.8064	0.8787	1.9517	268.83	0.44583	2.54e-05	0.039158	supercritical
372.0	137.75	297.65	0.0033596	423.75	470.02	1.7959	0.88174	1.9924	269.68	0.43554	2.5836e-05	0.039967	supercritical
372.0	141.0	307.8	0.0032489	421.4	467.21	1.7854	0.88462	2.0323	270.68	0.42506	2.6292e-05	0.040789	supercritical
372.0	144.25	318.03	0.0031444	419.05	464.41	1.7751	0.88734	2.0711	271.83	0.41441	2.6767e-05	0.041623	supercritical
372.0	147.5	328.32	0.0030458	416.71	461.63	1.7649	0.88988	2.1084	273.15	0.40363	2.7262e-05	0.042465	supercritical
372.0	150.75	338.66	0.0029528	414.37	458.88	1.7549	0.89223	2.1439	274.63	0.39274	2.7775e-05	0.043313	supercritical
372.0	154.0	349.02	0.0028651	412.04	456.16	1.7451	0.8944	2.1774	276.28	0.38181	2.8306e-05	0.044164	supercritical
372.0	157.25	359.38	0.0027825	409.72	453.48	1.7354	0.89638	2.2085	278.09	0.37085	2.8855e-05	0.045016	supercritical
372.0	160.5	369.72	0.0027047	407.43	450.84	1.7259	0.89818	2.2371	280.07	0.35991	2.942e-05	0.045867	supercritical
372.0	163.75	380.02	0.0026315	405.16	448.25	1.7166	0.89979	2.2629	282.21	0.34903	3.0001e-05	0.046714	supercritical
372.0	167.0	390.24	0.0025625	402.91	445.71	1.7075	0.90122	2.2858	284.51	0.33826	3.0595e-05	0.047555	supercritical
372.0	170.25	400.38	0.0024977	400.7	443.22	1.6986	0.90247	2.3057	286.97	0.32761	3.1202e-05	0.048389	supercritical
372.0	173.5	410.4	0.0024366	398.52	440.8	1.6899	0.90357	2.3227	289.57	0.31713	3.1819e-05	0.049214	supercritical
372.0	176.75	420.3	0.0023793	396.38	438.44	1.6815	0.90451	2.3367	292.31	0.30684	3.2447e-05	0.050029	supercritical
372.0	180.0	430.05	0.0023253	394.28	436.14	1.6732	0.9053	2.3478	295.19	0.29677	3.3082e-05	0.050834	supercritical
372.0	183.25	439.64	0.0022746	392.23	433.91	1.6652	0.90597	2.3562	298.19	0.28694	3.3724e-05	0.051626	supercritical
372.0	186.5	449.06	0.0022269	390.21	431.74	1.6575	0.90651	2.3619	301.31	0.27736	3.437e-05	0.052407	supercritical
372.0	189.75	458.29	0.002182	388.25	429.65	1.6499	0.90694	2.3652	304.54	0.26805	3.5021e-05	0.053174	supercritical
372.0	193.0	467.33	0.0021398	386.33	427.62	1.6426	0.90728	2.3662	307.87	0.25903	3.5673e-05	0.05393	supercritical
372.0	196.25	476.17	0.0021001	384.45	425.67	1.6355	0.90753	2.3651	311.28	0.25029	3.6327e-05	0.054672	supercritical
372.0	199.5	484.81	0.0020627	382.63	423.78	1.6286	0.9077	2.3621	314.78	0.24185	3.698e-05	0.055402	supercritical
372.0	202.75	493.24	0.0020274	380.85	421.95	1.6219	0.90781	2.3576	318.35	0.23369	3.7633e-05	0.056119	supercritical
372.0	206.0	501.47	0.0019942	379.11	420.19	1.6154	0.90785	2.3515	321.98	0.22584	3.8283e-05	0.056823	supercritical
372.0	209.25	509.48	0.0019628	377.43	418.5	1.6091	0.90785	2.3443	325.67	0.21827	3.893e-05	0.057516	supercritical
372.0	212.5	517.29	0.0019331	375.79	416.87	1.603	0.9078	2.336	329.4	0.21099	3.9573e-05	0.058196	supercritical
372.0	215.75	524.9	0.0019051	374.19	415.3	1.5971	0.90771	2.3268	333.18	0.20399	4.0212e-05	0.058865	supercritical
372.0	219.0	532.3	0.0018786	372.64	413.78	1.5914	0.90759	2.3169	336.99	0.19727	4.0846e-05	0.059522	supercritical
372.0	222.25	539.51	0.0018535	371.13	412.32	1.5858	0.90745	2.3064	340.82	0.19082	4.1475e-05	0.060168	supercritical
372.0	225.5	546.53	0.0018297	369.66	410.92	1.5805	0.90729	2.2955	344.68	0.18462	4.2098e-05	0.060804	supercritical
372.0	228.75	553.36	0.0018072	368.23	409.57	1.5752	0.90711	2.2842	348.56	0.17868	4.2715e-05	0.061428	supercritical
372.0	232.0	560.0	0.0017857	366.84	408.27	1.5702	0.90691	2.2726	352.44	0.17297	4.3325e-05	0.062043	supercritical
372.0	235.25	566.47	0.0017653	365.48	407.01	1.5652	0.90671	2.2609	356.34	0.1675	4.393e-05	0.062648	supercritical
372.0	238.5	572.77	0.0017459	364.16	405.8	1.5605	0.9065	2.249	360.23	0.16225	4.4527e-05	0.063243	supercritical
372.0	241.75	578.9	0.0017274	362.88	404.64	1.5558	0.90629	2.2371	364.12	0.15721	4.5118e-05	0.063828	supercritical
372.0	245.0	584.87	0.0017098	361.63	403.52	1.5513	0.90607	2.2252	368.01	0.15237	4.5703e-05	0.064405	supercritical
372.0	248.25	590.69	0.0016929	360.41	402.44	1.5469	0.90585	2.2134	371.89	0.14773	4.6281e-05	0.064973	supercritical
372.0	251.5	596.36	0.0016768	359.22	401.39	1.5426	0.90564	2.2017	375.76	0.14328	4.6852e-05	0.065532	supercritical
372.0	254.75	601.88	0.0016615	358.06	400.38	1.5385	0.90543	2.19	379.61	0.139	4.7416e-05	0.066083	supercritical
372.0	258.0	607.27	0.0016467	356.93	399.41	1.5344	0.90522	2.1785	383.45	0.13488	4.7974e-05	0.066626	supercritical
372.0	261.25	612.52	0.0016326	355.82	398.47	1.5304	0.90501	2.1672	387.27	0.13093	4.8525e-05	0.067161	supercritical
372.0	264.5	617.65	0.001619	354.74	397.57	1.5266	0.90481	2.1561	391.07	0.12714	4.907e-05	0.067689	supercritical
372.0	267.75	622.65	0.001606	353.69	396.69	1.5228	0.90461	2.1451	394.85	0.12348	4.9608e-05	0.068209	supercritical
372.0	271.0	627.54	0.0015935	352.66	395.85	1.5192	0.90442	2.1343	398.6	0.11997	5.014e-05	0.068723	supercritical
372.0	274.25	632.31	0.0015815	351.65	395.03	1.5156	0.90424	2.1237	402.34	0.11658	5.0666e-05	0.069229	supercritical
372.0	277.5	636.97	0.0015699	350.67	394.24	1.5121	0.90406	2.1134	406.05	0.11333	5.1186e-05	0.069729	supercritical
372.0	280.75	641.52	0.0015588	349.71	393.47	1.5086	0.90389	2.1032	409.73	0.11019	5.17e-05	0.070222	supercritical
372.0	284.0	645.98	0.001548	348.76	392.73	1.5053	0.90373	2.0933	413.39	0.10716	5.2209e-05	0.070709	supercritical
372.0	287.25	650.34	0.0015377	347.84	392.01	1.502	0.90357	2.0835	417.03	0.10424	5.2712e-05	0.07119	supercritical
372.0	290.5	654.6	0.0015277	346.94	391.32	1.4988	0.90342	2.074	420.64	0.10142	5.3209e-05	0.071665	supercritical
372.0	293.75	658.77	0.001518	346.05	390.64	1.4957	0.90328	2.0647	424.23	0.0987	5.3701e-05	0.072134	supercritical
372.0	297.0	662.86	0.0015086	345.19	389.99	1.4926	0.90314	2.0555	427.79	0.096072	5.4187e-05	0.072598	supercritical
372.0	300.25	666.86	0.0014996	344.34	389.36	1.4896	0.90301	2.0466	431.33	0.093532	5.4669e-05	0.073056	supercritical
372.0	303.5	670.77	0.0014908	343.5	388.75	1.4866	0.90289	2.0378	434.84	0.091075	5.5145e-05	0.073509	supercritical
372.0	306.75	674.62	0.0014823	342.68	388.15	1.4837	0.90277	2.0293	438.32	0.088698	5.5616e-05	0.073957	supercritical
372.0	310.0	678.38	0.0014741	341.88	387.58	1.4809	0.90266	2.0209	441.78	0.086398	5.6083e-05	0.074399	supercritical
372.0	313.25	682.07	0.0014661	341.09	387.02	1.4781	0.90255	2.0127	445.22	0.08417	5.6545e-05	0.074837	supercritical
372.0	316.5	685.69	0.0014584	340.32	386.48	1.4754	0.90246	2.0047	448.63	0.082011	5.7002e-05	0.07527	supercritical
372.0	319.75	689.25	0.0014509	339.56	385.95	1.4727	0.90237	1.9969	452.01	0.079919	5.7455e-05	0.075699	supercritical
372.0	323.0	692.73	0.0014436	338.81	385.44	1.47	0.90228	1.9892	455.37	0.07789	5.7903e-05	0.076123	supercritical
372.0	326.25	696.16	0.0014365	338.08	384.94	1.4674	0.9022	1.9817	458.71	0.075922	5.8347e-05	0.076543	supercritical
372.0	329.5	699.52	0.0014296	337.36	384.46	1.4649	0.90213	1.9743	462.03	0.074012	5.8787e-05	0.076958	supercritical
372.0	332.75	702.82	0.0014228	336.65	383.99	1.4624	0.90206	1.9671	465.32	0.072158	5.9223e-05	0.077369	supercritical
372.0	336.0	706.07	0.0014163	335.95	383.54	1.4599	0.902	1.9601	468.58	0.070356	5.9655e-05	0.077776	supercritical
372.0	339.25	709.26	0.0014099	335.26	383.1	1.4575	0.90194	1.9532	471.83	0.068606	6.0083e-05	0.07818	supercritical
372.0	342.5	712.39	0.0014037	334.59	382.67	1.4551	0.90189	1.9465	475.05	0.066906	6.0507e-05	0.078579	supercritical
372.0	345.75	715.47	0.0013977	333.92	382.25	1.4528	0.90184	1.9398	478.24	0.065252	6.0927e-05	0.078974	supercritical
372.0	349.0	718.5	0.0013918	333.27	381.84	1.4505	0.9018	1.9334	481.42	0.063644	6.1344e-05	0.079366	supercritical
372.0	352.25	721.49	0.001386	332.63	381.45	1.4482	0.90176	1.9271	484.57	0.062079	6.1757e-05	0.079755	supercritical
372.0	355.5	724.42	0.0013804	331.99	381.07	1.446	0.90173	1.9209	487.7	0.060556	6.2167e-05	0.08014	supercritical
372.0	358.75	727.31	0.0013749	331.37	380.69	1.4438	0.9017	1.9148	490.81	0.059074	6.2573e-05	0.080521	supercritical
372.0	362.0	730.15	0.0013696	330.75	380.33	1.4416	0.90168	1.9089	493.9	0.05763	6.2976e-05	0.080899	supercritical
372.0	365.25	732.95	0.0013643	330.15	379.98	1.4394	0.90166	1.903	496.96	0.056224	6.3376e-05	0.081274	supercritical
372.0	368.5	735.71	0.0013592	329.55	379.64	1.4373	0.90164	1.8974	500.01	0.054854	6.3773e-05	0.081646	supercritical
372.0	371.75	738.42	0.0013542	328.96	379.3	1.4352	0.90163	1.8918	503.03	0.053519	6.4166e-05	0.082015	supercritical
372.0	375.0	741.1	0.0013494	328.38	378.98	1.4332	0.90163	1.8863	506.03	0.052217	6.4556e-05	0.08238	supercritical
372.0	378.25	743.73	0.0013446	327.8	378.66	1.4312	0.90162	1.881	509.01	0.050947	6.4944e-05	0.082743	supercritical
372.0	381.5	746.33	0.0013399	327.24	378.35	1.4292	0.90162	1.8757	511.97	0.049709	6.5329e-05	0.083103	supercritical
372.0	384.75	748.89	0.0013353	326.68	378.05	1.4272	0.90163	1.8706	514.92	0.048501	6.571e-05	0.08346	supercritical
372.0	388.0	751.42	0.0013308	326.13	377.76	1.4253	0.90164	1.8656	517.84	0.047322	6.6089e-05	0.083814	supercritical
372.0	391.25	753.91	0.0013264	325.58	377.48	1.4233	0.90165	1.8606	520.74	0.046172	6.6466e-05	0.084165	supercritical
372.0	394.5	756.36	0.0013221	325.05	377.21	1.4214	0.90166	1.8558	523.62	0.045048	6.6839e-05	0.084514	supercritical
372.0	397.75	758.79	0.0013179	324.52	376.94	1.4196	0.90168	1.8511	526.48	0.043951	6.721e-05	0.08486	supercritical
372.0	401.0	761.18	0.0013138	324.0	376.68	1.4177	0.9017	1.8464	529.33	0.042879	6.7579e-05	0.085204	supercritical
372.0	404.25	763.54	0.0013097	323.48	376.42	1.4159	0.90173	1.8419	532.15	0.041832	6.7945e-05	0.085545	supercritical
372.0	407.5	765.87	0.0013057	322.97	376.18	1.4141	0.90175	1.8374	534.96	0.040809	6.8308e-05	0.085884	supercritical
372.0	410.75	768.17	0.0013018	322.46	375.94	1.4123	0.90178	1.8331	537.74	0.039809	6.8669e-05	0.086221	supercritical
372.0	414.0	770.44	0.001298	321.97	375.7	1.4105	0.90182	1.8288	540.51	0.038831	6.9028e-05	0.086555	supercritical
372.0	417.25	772.68	0.0012942	321.47	375.47	1.4088	0.90185	1.8246	543.26	0.037874	6.9385e-05	0.086887	supercritical
372.0	420.5	774.89	0.0012905	320.99	375.25	1.4071	0.90189	1.8205	546.0	0.036939	6.9739e-05	0.087217	supercritical
372.0	423.75	777.08	0.0012869	320.51	375.04	1.4053	0.90193	1.8164	548.71	0.036024	7.0091e-05	0.087544	supercritical
372.0	427.0	779.24	0.0012833	320.03	374.83	1.4037	0.90197	1.8125	551.41	0.035128	7.0441e-05	0.087869	supercritical
372.0	430.25	781.38	0.0012798	319.56	374.62	1.402	0.90202	1.8086	554.1	0.034252	7.0789e-05	0.088193	supercritical
372.0	433.5	783.49	0.0012763	319.09	374.42	1.4003	0.90206	1.8048	556.76	0.033394	7.1135e-05	0.088514	supercritical
372.0	436.75	785.57	0.001273	318.63	374.23	1.3987	0.90211	1.801	559.41	0.032554	7.1478e-05	0.088833	supercritical
372.0	440.0	787.63	0.0012696	318.18	374.04	1.3971	0.90217	1.7973	562.04	0.031732	7.182e-05	0.08915	supercritical
372.0	443.25	789.67	0.0012664	317.73	373.86	1.3955	0.90222	1.7937	564.66	0.030926	7.216e-05	0.089466	supercritical
372.0	446.5	791.69	0.0012631	317.28	373.68	1.3939	0.90228	1.7902	567.26	0.030137	7.2498e-05	0.089779	supercritical
372.0	449.75	793.68	0.00126	316.84	373.51	1.3923	0.90234	1.7867	569.84	0.029363	7.2834e-05	0.090091	supercritical
372.0	453.0	795.65	0.0012568	316.41	373.34	1.3908	0.9024	1.7833	572.41	0.028605	7.3168e-05	0.090401	supercritical
372.0	456.25	797.6	0.0012538	315.97	373.18	1.3893	0.90246	1.78	574.96	0.027862	7.3501e-05	0.090709	supercritical
372.0	459.5	799.53	0.0012507	315.55	373.02	1.3877	0.90252	1.7767	577.5	0.027134	7.3831e-05	0.091015	supercritical
372.0	462.75	801.44	0.0012478	315.12	372.86	1.3862	0.90259	1.7734	580.02	0.02642	7.416e-05	0.091319	supercritical
372.0	466.0	803.32	0.0012448	314.71	372.71	1.3847	0.90266	1.7703	582.53	0.025719	7.4488e-05	0.091622	supercritical
372.0	469.25	805.19	0.0012419	314.29	372.57	1.3833	0.90273	1.7671	585.02	0.025032	7.4813e-05	0.091923	supercritical
372.0	472.5	807.04	0.0012391	313.88	372.43	1.3818	0.9028	1.7641	587.5	0.024358	7.5137e-05	0.092223	supercritical
372.0	475.75	808.87	0.0012363	313.47	372.29	1.3803	0.90287	1.7611	589.96	0.023697	7.546e-05	0.09252	supercritical
372.0	479.0	810.68	0.0012335	313.07	372.16	1.3789	0.90295	1.7581	592.41	0.023048	7.578e-05	0.092817	supercritical
372.0	482.25	812.48	0.0012308	312.67	372.03	1.3775	0.90302	1.7552	594.85	0.022411	7.61e-05	0.093112	supercritical
372.0	485.5	814.26	0.0012281	312.27	371.9	1.3761	0.9031	1.7523	597.27	0.021785	7.6417e-05	0.093405	supercritical
372.0	488.75	816.01	0.0012255	311.88	371.78	1.3747	0.90318	1.7495	599.68	0.021171	7.6734e-05	0.093697	supercritical
372.0	492.0	817.76	0.0012229	311.49	371.66	1.3733	0.90326	1.7467	602.08	0.020568	7.7048e-05	0.093987	supercritical
372.0	495.25	819.48	0.0012203	311.11	371.54	1.3719	0.90335	1.744	604.46	0.019976	7.7362e-05	0.094276	supercritical
372.0	498.5	821.19	0.0012177	310.73	371.43	1.3705	0.90343	1.7413	606.83	0.019394	7.7674e-05	0.094563	supercritical
372.0	501.75	822.88	0.0012152	310.35	371.32	1.3692	0.90351	1.7387	609.18	0.018822	7.7984e-05	0.094849	supercritical
372.0	505.0	824.56	0.0012128	309.98	371.22	1.3678	0.9036	1.7361	611.52	0.01826	7.8293e-05	0.095134	supercritical
372.0	508.25	826.22	0.0012103	309.6	371.12	1.3665	0.90369	1.7336	613.86	0.017708	7.8601e-05	0.095417	supercritical
372.0	511.5	827.87	0.0012079	309.24	371.02	1.3652	0.90378	1.7311	616.17	0.017166	7.8908e-05	0.095699	supercritical
372.0	514.75	829.5	0.0012055	308.87	370.93	1.3639	0.90387	1.7286	618.48	0.016632	7.9213e-05	0.095979	supercritical
372.0	518.0	831.12	0.0012032	308.51	370.83	1.3626	0.90396	1.7262	620.77	0.016108	7.9517e-05	0.096259	supercritical
372.0	521.25	832.72	0.0012009	308.15	370.74	1.3613	0.90405	1.7238	623.05	0.015592	7.982e-05	0.096537	supercritical
372.0	524.5	834.31	0.0011986	307.79	370.66	1.36	0.90415	1.7214	625.32	0.015085	8.0121e-05	0.096814	supercritical
372.0	527.75	835.89	0.0011963	307.44	370.58	1.3587	0.90424	1.7191	627.58	0.014586	8.0422e-05	0.097089	supercritical
372.0	531.0	837.45	0.0011941	307.09	370.5	1.3575	0.90434	1.7168	629.83	0.014096	8.0721e-05	0.097364	supercritical
372.0	534.25	839.0	0.0011919	306.74	370.42	1.3562	0.90443	1.7145	632.06	0.013613	8.1019e-05	0.097637	supercritical
372.0	537.5	840.54	0.0011897	306.4	370.34	1.355	0.90453	1.7123	634.29	0.013138	8.1315e-05	0.097909	supercritical
372.0	540.75	842.06	0.0011876	306.05	370.27	1.3538	0.90463	1.7101	636.5	0.012671	8.1611e-05	0.09818	supercritical
372.0	544.0	843.57	0.0011854	305.72	370.2	1.3525	0.90473	1.708	638.7	0.01221	8.1905e-05	0.098449	supercritical
372.0	547.25	845.07	0.0011833	305.38	370.14	1.3513	0.90483	1.7059	640.89	0.011758	8.2199e-05	0.098718	supercritical
372.0	550.5	846.55	0.0011813	305.04	370.07	1.3501	0.90493	1.7038	643.07	0.011312	8.2491e-05	0.098985	supercritical
372.0	553.75	848.03	0.0011792	304.71	370.01	1.3489	0.90504	1.7017	645.24	0.010873	8.2782e-05	0.099252	supercritical
372.0	557.0	849.49	0.0011772	304.38	369.95	1.3477	0.90514	1.6997	647.4	0.010441	8.3073e-05	0.099517	supercritical
372.0	560.25	850.94	0.0011752	304.06	369.9	1.3466	0.90525	1.6977	649.55	0.010015	8.3362e-05	0.099781	supercritical
372.0	563.5	852.38	0.0011732	303.73	369.84	1.3454	0.90535	1.6957	651.69	0.0095958	8.365e-05	0.10004	supercritical
372.0	566.75	853.81	0.0011712	303.41	369.79	1.3442	0.90546	1.6938	653.81	0.0091828	8.3937e-05	0.10031	supercritical
372.0	570.0	855.22	0.0011693	303.09	369.74	1.3431	0.90557	1.6918	655.93	0.008776	8.4223e-05	0.10057	supercritical
372.0	573.25	856.63	0.0011674	302.77	369.69	1.3419	0.90567	1.6899	658.04	0.0083752	8.4509e-05	0.10083	supercritical
372.0	576.5	858.02	0.0011655	302.46	369.65	1.3408	0.90578	1.6881	660.14	0.0079802	8.4793e-05	0.10109	supercritical
372.0	579.75	859.41	0.0011636	302.15	369.61	1.3397	0.90589	1.6862	662.23	0.007591	8.5076e-05	0.10135	supercritical
372.0	583.0	860.78	0.0011617	301.84	369.57	1.3385	0.906	1.6844	664.31	0.0072074	8.5359e-05	0.1016	supercritical
372.0	586.25	862.15	0.0011599	301.53	369.53	1.3374	0.90612	1.6826	666.37	0.0068293	8.564e-05	0.10186	supercritical
372.0	589.5	863.5	0.0011581	301.22	369.49	1.3363	0.90623	1.6808	668.43	0.0064566	8.5921e-05	0.10211	supercritical
372.0	592.75	864.84	0.0011563	300.92	369.46	1.3352	0.90634	1.6791	670.49	0.0060892	8.62e-05	0.10237	supercritical
372.0	596.0	866.18	0.0011545	300.62	369.42	1.3341	0.90645	1.6774	672.53	0.0057269	8.6479e-05	0.10262	supercritical
372.0	599.25	867.5	0.0011527	300.32	369.39	1.333	0.90657	1.6757	674.56	0.0053697	8.6757e-05	0.10287	supercritical
372.0	602.5	868.82	0.001151	300.02	369.37	1.3319	0.90668	1.674	676.58	0.0050174	8.7034e-05	0.10313	supercritical
372.0	605.75	870.13	0.0011493	299.72	369.34	1.3309	0.9068	1.6723	678.6	0.0046699	8.731e-05	0.10338	supercritical
372.0	609.0	871.42	0.0011475	299.43	369.32	1.3298	0.90692	1.6707	680.6	0.0043272	8.7586e-05	0.10363	supercritical
372.0	612.25	872.71	0.0011459	299.14	369.29	1.3287	0.90703	1.6691	682.6	0.0039892	8.786e-05	0.10388	supercritical
372.0	615.5	873.99	0.0011442	298.85	369.27	1.3277	0.90715	1.6675	684.59	0.0036557	8.8134e-05	0.10412	supercritical
372.0	618.75	875.26	0.0011425	298.56	369.25	1.3266	0.90727	1.6659	686.57	0.0033266	8.8407e-05	0.10437	supercritical
372.0	622.0	876.52	0.0011409	298.27	369.24	1.3256	0.90739	1.6644	688.54	0.0030019	8.8679e-05	0.10462	supercritical
372.0	625.25	877.77	0.0011392	297.99	369.22	1.3245	0.90751	1.6628	690.5	0.0026816	8.8951e-05	0.10486	supercritical
372.0	628.5	879.02	0.0011376	297.71	369.21	1.3235	0.90763	1.6613	692.46	0.0023654	8.9221e-05	0.10511	supercritical
372.0	631.75	880.26	0.001136	297.43	369.19	1.3225	0.90775	1.6598	694.4	0.0020533	8.9491e-05	0.10535	supercritical
372.0	635.0	881.48	0.0011344	297.15	369.18	1.3215	0.90787	1.6583	696.34	0.0017453	8.9761e-05	0.1056	supercritical
372.0	638.25	882.7	0.0011329	296.87	369.18	1.3204	0.90799	1.6569	698.27	0.0014412	9.0029e-05	0.10584	supercritical
372.0	641.5	883.92	0.0011313	296.59	369.17	1.3194	0.90811	1.6554	700.19	0.001141	9.0297e-05	0.10608	supercritical
372.0	644.75	885.12	0.0011298	296.32	369.16	1.3184	0.90824	1.654	702.11	0.00084466	9.0564e-05	0.10632	supercritical
372.0	648.0	886.32	0.0011283	296.05	369.16	1.3174	0.90836	1.6526	704.02	0.00055203	9.083e-05	0.10656	supercritical
372.0	651.25	887.51	0.0011268	295.78	369.16	1.3164	0.90848	1.6512	705.91	0.00026308	9.1096e-05	0.1068	supercritical
372.0	654.5	888.69	0.0011253	295.51	369.16	1.3155	0.90861	1.6498	707.81	-2.2279e-05	9.1361e-05	0.10704	supercritical
372.0	657.75	889.86	0.0011238	295.24	369.16	1.3145	0.90873	1.6485	709.69	-0.0003041	9.1625e-05	0.10728	supercritical
372.0	661.0	891.03	0.0011223	294.98	369.16	1.3135	0.90886	1.6471	711.57	-0.00058245	9.1888e-05	0.10752	supercritical
372.0	664.25	892.19	0.0011208	294.71	369.16	1.3125	0.90899	1.6458	713.44	-0.0008574	9.2151e-05	0.10775	supercritical
372.0	667.5	893.34	0.0011194	294.45	369.17	1.3116	0.90911	1.6445	715.3	-0.001129	9.2414e-05	0.10799	supercritical
372.0	670.75	894.49	0.001118	294.19	369.18	1.3106	0.90924	1.6432	717.15	-0.0013973	9.2675e-05	0.10823	supercritical
372.0	674.0	895.63	0.0011165	293.93	369.18	1.3097	0.90937	1.6419	719.0	-0.0016624	9.2936e-05	0.10846	supercritical
372.0	677.25	896.76	0.0011151	293.67	369.19	1.3087	0.90949	1.6406	720.84	-0.0019243	9.3197e-05	0.10869	supercritical
372.0	680.5	897.88	0.0011137	293.42	369.2	1.3078	0.90962	1.6393	722.67	-0.0021832	9.3456e-05	0.10893	supercritical
372.0	683.75	899.0	0.0011123	293.16	369.22	1.3068	0.90975	1.6381	724.5	-0.0024389	9.3715e-05	0.10916	supercritical
372.0	687.0	900.11	0.001111	292.91	369.23	1.3059	0.90988	1.6369	726.32	-0.0026917	9.3974e-05	0.10939	supercritical
372.0	690.25	901.22	0.0011096	292.66	369.25	1.305	0.91001	1.6357	728.13	-0.0029415	9.4232e-05	0.10962	supercritical
372.0	693.5	902.32	0.0011083	292.4	369.26	1.304	0.91014	1.6345	729.93	-0.0031884	9.4489e-05	0.10985	supercritical
372.0	696.75	903.41	0.0011069	292.16	369.28	1.3031	0.91027	1.6333	731.73	-0.0034325	9.4746e-05	0.11008	supercritical
372.0	700.0	904.49	0.0011056	291.91	369.3	1.3022	0.9104	1.6321	733.52	-0.0036738	9.5002e-05	0.11031	supercritical
372.0	703.25	905.57	0.0011043	291.66	369.32	1.3013	0.91053	1.6309	735.31	-0.0039123	9.5258e-05	0.11054	supercritical
372.0	706.5	906.65	0.001103	291.42	369.34	1.3004	0.91066	1.6298	737.09	-0.0041481	9.5513e-05	0.11077	supercritical
372.0	709.75	907.72	0.0011017	291.17	369.36	1.2995	0.9108	1.6286	738.86	-0.0043812	9.5767e-05	0.111	supercritical
372.0	713.0	908.78	0.0011004	290.93	369.39	1.2986	0.91093	1.6275	740.63	-0.0046118	9.6021e-05	0.11123	supercritical
372.0	716.25	909.83	0.0010991	290.69	369.41	1.2977	0.91106	1.6264	742.38	-0.0048397	9.6275e-05	0.11145	supercritical
372.0	719.5	910.88	0.0010978	290.45	369.44	1.2968	0.91119	1.6253	744.14	-0.0050652	9.6527e-05	0.11168	supercritical
372.0	722.75	911.93	0.0010966	290.21	369.46	1.2959	0.91133	1.6242	745.88	-0.0052881	9.678e-05	0.1119	supercritical
372.0	726.0	912.96	0.0010953	289.97	369.49	1.295	0.91146	1.6231	747.62	-0.0055086	9.7032e-05	0.11213	supercritical
372.0	729.25	914.0	0.0010941	289.74	369.52	1.2942	0.9116	1.622	749.36	-0.0057267	9.7283e-05	0.11235	supercritical
372.0	732.5	915.02	0.0010929	289.5	369.55	1.2933	0.91173	1.621	751.09	-0.0059425	9.7534e-05	0.11258	supercritical
372.0	735.75	916.05	0.0010916	289.27	369.59	1.2924	0.91187	1.6199	752.81	-0.0061559	9.7784e-05	0.1128	supercritical
372.0	739.0	917.06	0.0010904	289.04	369.62	1.2916	0.912	1.6189	754.53	-0.006367	9.8034e-05	0.11302	supercritical
372.0	742.25	918.07	0.0010892	288.8	369.65	1.2907	0.91214	1.6178	756.24	-0.0065758	9.8283e-05	0.11324	supercritical
372.0	745.5	919.08	0.001088	288.57	369.69	1.2898	0.91227	1.6168	757.94	-0.0067825	9.8532e-05	0.11346	supercritical
372.0	748.75	920.08	0.0010869	288.34	369.72	1.289	0.91241	1.6158	759.64	-0.0069869	9.878e-05	0.11368	supercritical
372.0	752.0	921.07	0.0010857	288.12	369.76	1.2881	0.91254	1.6148	761.33	-0.0071892	9.9028e-05	0.11391	supercritical
372.0	755.25	922.06	0.0010845	287.89	369.8	1.2873	0.91268	1.6138	763.02	-0.0073894	9.9275e-05	0.11412	supercritical
372.0	758.5	923.05	0.0010834	287.67	369.84	1.2864	0.91282	1.6128	764.7	-0.0075875	9.9522e-05	0.11434	supercritical
372.0	761.75	924.03	0.0010822	287.44	369.88	1.2856	0.91296	1.6119	766.37	-0.0077835	9.9768e-05	0.11456	supercritical
372.0	765.0	925.0	0.0010811	287.22	369.92	1.2848	0.91309	1.6109	768.04	-0.0079775	0.00010001	0.11478	supercritical
372.0	768.25	925.97	0.0010799	287.0	369.96	1.2839	0.91323	1.61	769.71	-0.0081696	0.00010026	0.115	supercritical
372.0	771.5	926.94	0.0010788	286.77	370.01	1.2831	0.91337	1.609	771.36	-0.0083596	0.0001005	0.11522	supercritical
372.0	774.75	927.9	0.0010777	286.55	370.05	1.2823	0.91351	1.6081	773.02	-0.0085478	0.00010075	0.11543	supercritical
372.0	778.0	928.85	0.0010766	286.34	370.1	1.2815	0.91365	1.6072	774.66	-0.008734	0.00010099	0.11565	supercritical
372.0	781.25	929.8	0.0010755	286.12	370.14	1.2807	0.91379	1.6063	776.31	-0.0089184	0.00010124	0.11586	supercritical
372.0	784.5	930.75	0.0010744	285.9	370.19	1.2798	0.91393	1.6053	777.94	-0.0091009	0.00010148	0.11608	supercritical
372.0	787.75	931.69	0.0010733	285.69	370.24	1.279	0.91407	1.6044	779.57	-0.0092816	0.00010172	0.11629	supercritical
372.0	791.0	932.62	0.0010722	285.47	370.28	1.2782	0.91421	1.6036	781.2	-0.0094606	0.00010197	0.11651	supercritical
372.0	794.25	933.56	0.0010712	285.26	370.33	1.2774	0.91435	1.6027	782.82	-0.0096377	0.00010221	0.11672	supercritical
372.0	797.5	934.48	0.0010701	285.04	370.39	1.2766	0.91449	1.6018	784.44	-0.0098131	0.00010245	0.11694	supercritical
372.0	800.75	935.41	0.0010691	284.83	370.44	1.2758	0.91463	1.6009	786.05	-0.0099868	0.00010269	0.11715	supercritical
372.0	804.0	936.32	0.001068	284.62	370.49	1.275	0.91477	1.6001	787.65	-0.010159	0.00010293	0.11736	supercritical
372.0	807.25	937.24	0.001067	284.41	370.54	1.2743	0.91491	1.5992	789.25	-0.010329	0.00010317	0.11757	supercritical
372.0	810.5	938.15	0.0010659	284.2	370.6	1.2735	0.91505	1.5984	790.85	-0.010498	0.00010341	0.11778	supercritical
372.0	813.75	939.05	0.0010649	284.0	370.65	1.2727	0.91519	1.5975	792.44	-0.010665	0.00010365	0.118	supercritical
372.0	817.0	939.95	0.0010639	283.79	370.71	1.2719	0.91533	1.5967	794.02	-0.01083	0.00010389	0.11821	supercritical
372.0	820.25	940.85	0.0010629	283.58	370.76	1.2711	0.91548	1.5959	795.6	-0.010994	0.00010413	0.11842	supercritical
372.0	823.5	941.75	0.0010619	283.38	370.82	1.2704	0.91562	1.5951	797.18	-0.011157	0.00010437	0.11863	supercritical
372.0	826.75	942.63	0.0010609	283.17	370.88	1.2696	0.91576	1.5943	798.75	-0.011318	0.00010461	0.11884	supercritical
372.0	830.0	943.52	0.0010599	282.97	370.94	1.2688	0.9159	1.5935	800.31	-0.011477	0.00010484	0.11904	supercritical
372.0	833.25	944.4	0.0010589	282.77	371.0	1.268	0.91605	1.5927	801.87	-0.011635	0.00010508	0.11925	supercritical
372.0	836.5	945.28	0.0010579	282.57	371.06	1.2673	0.91619	1.5919	803.43	-0.011791	0.00010532	0.11946	supercritical
372.0	839.75	946.15	0.0010569	282.37	371.12	1.2665	0.91633	1.5911	804.98	-0.011946	0.00010555	0.11967	supercritical
372.0	843.0	947.02	0.0010559	282.17	371.18	1.2658	0.91648	1.5904	806.53	-0.0121	0.00010579	0.11988	supercritical
372.0	846.25	947.88	0.001055	281.97	371.25	1.265	0.91662	1.5896	808.07	-0.012252	0.00010603	0.12008	supercritical
372.0	849.5	948.74	0.001054	281.77	371.31	1.2643	0.91676	1.5888	809.61	-0.012402	0.00010626	0.12029	supercritical
372.0	852.75	949.6	0.0010531	281.57	371.37	1.2635	0.91691	1.5881	811.14	-0.012552	0.0001065	0.12049	supercritical
372.0	856.0	950.46	0.0010521	281.38	371.44	1.2628	0.91705	1.5873	812.67	-0.0127	0.00010673	0.1207	supercritical
372.0	859.25	951.31	0.0010512	281.18	371.5	1.262	0.9172	1.5866	814.19	-0.012846	0.00010697	0.12091	supercritical
372.0	862.5	952.15	0.0010503	280.99	371.57	1.2613	0.91734	1.5859	815.71	-0.012992	0.0001072	0.12111	supercritical
372.0	865.75	952.99	0.0010493	280.79	371.64	1.2606	0.91749	1.5851	817.22	-0.013136	0.00010743	0.12131	supercritical
372.0	869.0	953.83	0.0010484	280.6	371.71	1.2598	0.91763	1.5844	818.73	-0.013279	0.00010767	0.12152	supercritical
372.0	872.25	954.67	0.0010475	280.41	371.78	1.2591	0.91778	1.5837	820.24	-0.01342	0.0001079	0.12172	supercritical
372.0	875.5	955.5	0.0010466	280.22	371.84	1.2584	0.91792	1.583	821.74	-0.01356	0.00010813	0.12193	supercritical
372.0	878.75	956.33	0.0010457	280.03	371.91	1.2576	0.91807	1.5823	823.24	-0.013699	0.00010837	0.12213	supercritical
372.0	882.0	957.15	0.0010448	279.84	371.99	1.2569	0.91821	1.5816	824.73	-0.013837	0.0001086	0.12233	supercritical
372.0	885.25	957.97	0.0010439	279.65	372.06	1.2562	0.91836	1.5809	826.22	-0.013974	0.00010883	0.12253	supercritical
372.0	888.5	958.79	0.001043	279.46	372.13	1.2555	0.91851	1.5802	827.7	-0.014109	0.00010906	0.12273	supercritical
372.0	891.75	959.61	0.0010421	279.27	372.2	1.2548	0.91865	1.5795	829.18	-0.014243	0.00010929	0.12294	supercritical
372.0	895.0	960.42	0.0010412	279.09	372.28	1.2541	0.9188	1.5789	830.66	-0.014376	0.00010952	0.12314	supercritical
372.0	898.25	961.23	0.0010403	278.9	372.35	1.2533	0.91895	1.5782	832.13	-0.014508	0.00010976	0.12334	supercritical
372.0	901.5	962.03	0.0010395	278.72	372.42	1.2526	0.91909	1.5775	833.6	-0.014639	0.00010999	0.12354	supercritical
372.0	904.75	962.83	0.0010386	278.53	372.5	1.2519	0.91924	1.5769	835.06	-0.014769	0.00011022	0.12374	supercritical
372.0	908.0	963.63	0.0010377	278.35	372.58	1.2512	0.91939	1.5762	836.52	-0.014897	0.00011045	0.12394	supercritical
372.0	911.25	964.42	0.0010369	278.17	372.65	1.2505	0.91953	1.5756	837.97	-0.015025	0.00011067	0.12414	supercritical
372.0	914.5	965.22	0.001036	277.98	372.73	1.2498	0.91968	1.5749	839.42	-0.015151	0.0001109	0.12434	supercritical
372.0	917.75	966.0	0.0010352	277.8	372.81	1.2491	0.91983	1.5743	840.87	-0.015277	0.00011113	0.12453	supercritical
372.0	921.0	966.79	0.0010344	277.62	372.89	1.2484	0.91998	1.5737	842.31	-0.015401	0.00011136	0.12473	supercritical
372.0	924.25	967.57	0.0010335	277.44	372.97	1.2478	0.92013	1.573	843.75	-0.015525	0.00011159	0.12493	supercritical
372.0	927.5	968.35	0.0010327	277.26	373.04	1.2471	0.92027	1.5724	845.19	-0.015647	0.00011182	0.12513	supercritical
372.0	930.75	969.13	0.0010319	277.08	373.12	1.2464	0.92042	1.5718	846.62	-0.015768	0.00011205	0.12532	supercritical
372.0	934.0	969.9	0.001031	276.91	373.21	1.2457	0.92057	1.5712	848.05	-0.015888	0.00011227	0.12552	supercritical
372.0	937.25	970.67	0.0010302	276.73	373.29	1.245	0.92072	1.5706	849.47	-0.016008	0.0001125	0.12572	supercritical
372.0	940.5	971.43	0.0010294	276.55	373.37	1.2443	0.92087	1.57	850.89	-0.016126	0.00011273	0.12591	supercritical
372.0	943.75	972.2	0.0010286	276.38	373.45	1.2437	0.92102	1.5694	852.3	-0.016243	0.00011295	0.12611	supercritical
372.0	947.0	972.96	0.0010278	276.2	373.53	1.243	0.92116	1.5688	853.72	-0.01636	0.00011318	0.12631	supercritical
372.0	950.25	973.72	0.001027	276.03	373.62	1.2423	0.92131	1.5682	855.12	-0.016475	0.00011341	0.1265	supercritical
372.0	953.5	974.47	0.0010262	275.86	373.7	1.2416	0.92146	1.5676	856.53	-0.01659	0.00011363	0.1267	supercritical
372.0	956.75	975.22	0.0010254	275.68	373.79	1.241	0.92161	1.567	857.93	-0.016704	0.00011386	0.12689	supercritical
372.0	960.0	975.97	0.0010246	275.51	373.87	1.2403	0.92176	1.5664	859.33	-0.016816	0.00011408	0.12708	supercritical
372.0	963.25	976.72	0.0010238	275.34	373.96	1.2396	0.92191	1.5659	860.72	-0.016928	0.00011431	0.12728	supercritical
372.0	966.5	977.46	0.0010231	275.17	374.05	1.239	0.92206	1.5653	862.11	-0.017039	0.00011453	0.12747	supercritical
372.0	969.75	978.21	0.0010223	275.0	374.13	1.2383	0.92221	1.5647	863.5	-0.017149	0.00011476	0.12767	supercritical
372.0	973.0	978.94	0.0010215	274.83	374.22	1.2377	0.92236	1.5642	864.88	-0.017258	0.00011498	0.12786	supercritical
372.0	976.25	979.68	0.0010207	274.66	374.31	1.237	0.92251	1.5636	866.26	-0.017367	0.00011521	0.12805	supercritical
372.0	979.5	980.41	0.00102	274.49	374.4	1.2363	0.92266	1.5631	867.63	-0.017474	0.00011543	0.12824	supercritical
372.0	982.75	981.14	0.0010192	274.32	374.49	1.2357	0.92281	1.5625	869.0	-0.017581	0.00011565	0.12844	supercritical
372.0	986.0	981.87	0.0010185	274.15	374.57	1.235	0.92296	1.562	870.37	-0.017687	0.00011588	0.12863	supercritical
372.0	989.25	982.59	0.0010177	273.99	374.66	1.2344	0.92311	1.5615	871.74	-0.017792	0.0001161	0.12882	supercritical
372.0	992.5	983.32	0.001017	273.82	374.76	1.2338	0.92326	1.5609	873.1	-0.017896	0.00011632	0.12901	supercritical
372.0	995.75	984.04	0.0010162	273.66	374.85	1.2331	0.92341	1.5604	874.46	-0.017999	0.00011655	0.1292	supercritical
372.0	999.0	984.75	0.0010155	273.49	374.94	1.2325	0.92356	1.5599	875.81	-0.018102	0.00011677	0.1294	supercritical
372.0	1002.2	985.47	0.0010147	273.33	375.03	1.2318	0.92371	1.5593	877.16	-0.018204	0.00011699	0.12959	supercritical
372.0	1005.5	986.18	0.001014	273.16	375.12	1.2312	0.92386	1.5588	878.51	-0.018305	0.00011721	0.12978	supercritical
372.0	1008.8	986.89	0.0010133	273.0	375.22	1.2306	0.92401	1.5583	879.85	-0.018405	0.00011743	0.12997	supercritical
372.0	1012.0	987.59	0.0010126	272.84	375.31	1.2299	0.92417	1.5578	881.19	-0.018505	0.00011766	0.13016	supercritical
372.0	1015.2	988.3	0.0010118	272.68	375.4	1.2293	0.92432	1.5573	882.53	-0.018604	0.00011788	0.13035	supercritical
372.0	1018.5	989.0	0.0010111	272.51	375.5	1.2287	0.92447	1.5568	883.87	-0.018702	0.0001181	0.13054	supercritical
372.0	1021.8	989.7	0.0010104	272.35	375.59	1.228	0.92462	1.5563	885.2	-0.018799	0.00011832	0.13073	supercritical
372.0	1025.0	990.4	0.0010097	272.19	375.69	1.2274	0.92477	1.5558	886.52	-0.018896	0.00011854	0.13092	supercritical
372.0	1028.2	991.09	0.001009	272.03	375.78	1.2268	0.92492	1.5553	887.85	-0.018992	0.00011876	0.13111	supercritical
372.0	1031.5	991.78	0.0010083	271.87	375.88	1.2262	0.92507	1.5548	889.17	-0.019087	0.00011898	0.1313	supercritical
372.0	1034.8	992.47	0.0010076	271.72	375.98	1.2255	0.92523	1.5543	890.49	-0.019181	0.0001192	0.13149	supercritical
372.0	1038.0	993.16	0.0010069	271.56	376.07	1.2249	0.92538	1.5538	891.8	-0.019275	0.00011942	0.13168	supercritical
372.0	1041.2	993.85	0.0010062	271.4	376.17	1.2243	0.92553	1.5533	893.11	-0.019368	0.00011964	0.13187	supercritical
372.0	1044.5	994.53	0.0010055	271.24	376.27	1.2237	0.92568	1.5529	894.42	-0.019461	0.00011986	0.13205	supercritical
372.0	1047.8	995.21	0.0010048	271.09	376.37	1.2231	0.92583	1.5524	895.73	-0.019553	0.00012008	0.13224	supercritical
372.0	1051.0	995.89	0.0010041	270.93	376.47	1.2225	0.92599	1.5519	897.03	-0.019644	0.0001203	0.13243	supercritical
372.0	1054.2	996.56	0.0010034	270.78	376.57	1.2219	0.92614	1.5514	898.33	-0.019734	0.00012052	0.13262	supercritical
372.0	1057.5	997.24	0.0010028	270.62	376.66	1.2212	0.92629	1.551	899.62	-0.019824	0.00012074	0.1328	supercritical
372.0	1060.8	997.91	0.0010021	270.47	376.77	1.2206	0.92644	1.5505	900.92	-0.019913	0.00012095	0.13299	supercritical
372.0	1064.0	998.58	0.0010014	270.31	376.87	1.22	0.92659	1.5501	902.21	-0.020002	0.00012117	0.13318	supercritical
372.0	1067.2	999.24	0.0010008	270.16	376.97	1.2194	0.92675	1.5496	903.49	-0.02009	0.00012139	0.13336	supercritical
372.0	1070.5	999.91	0.0010001	270.01	377.07	1.2188	0.9269	1.5492	904.78	-0.020177	0.00012161	0.13355	supercritical
372.0	1073.8	1000.6	0.00099943	269.86	377.17	1.2182	0.92705	1.5487	906.06	-0.020264	0.00012183	0.13374	supercritical
372.0	1077.0	1001.2	0.00099877	269.7	377.27	1.2176	0.92721	1.5483	907.33	-0.02035	0.00012204	0.13392	supercritical
372.0	1080.2	1001.9	0.00099812	269.55	377.37	1.217	0.92736	1.5478	908.61	-0.020435	0.00012226	0.13411	supercritical
372.0	1083.5	1002.5	0.00099746	269.4	377.48	1.2164	0.92751	1.5474	909.88	-0.02052	0.00012248	0.13429	supercritical
372.0	1086.8	1003.2	0.00099681	269.25	377.58	1.2158	0.92766	1.5469	911.15	-0.020604	0.0001227	0.13448	supercritical
372.0	1090.0	1003.8	0.00099616	269.1	377.68	1.2153	0.92782	1.5465	912.41	-0.020688	0.00012291	0.13466	supercritical
372.0	1093.2	1004.5	0.00099552	268.95	377.79	1.2147	0.92797	1.5461	913.68	-0.020771	0.00012313	0.13484	supercritical
372.0	1096.5	1005.1	0.00099488	268.8	377.89	1.2141	0.92812	1.5456	914.94	-0.020853	0.00012334	0.13503	supercritical
372.0	1099.8	1005.8	0.00099424	268.66	378.0	1.2135	0.92828	1.5452	916.19	-0.020935	0.00012356	0.13521	supercritical
372.0	1103.0	1006.4	0.0009936	268.51	378.1	1.2129	0.92843	1.5448	917.45	-0.021017	0.00012378	0.1354	supercritical
372.0	1106.2	1007.1	0.00099297	268.36	378.21	1.2123	0.92858	1.5444	918.7	-0.021097	0.00012399	0.13558	supercritical
372.0	1109.5	1007.7	0.00099234	268.22	378.32	1.2117	0.92874	1.544	919.95	-0.021178	0.00012421	0.13576	supercritical
372.0	1112.8	1008.4	0.00099171	268.07	378.42	1.2112	0.92889	1.5436	921.19	-0.021257	0.00012442	0.13594	supercritical
372.0	1116.0	1009.0	0.00099109	267.92	378.53	1.2106	0.92904	1.5431	922.44	-0.021336	0.00012464	0.13613	supercritical
372.0	1119.2	1009.6	0.00099047	267.78	378.64	1.21	0.9292	1.5427	923.68	-0.021415	0.00012485	0.13631	supercritical
372.0	1122.5	1010.3	0.00098985	267.63	378.74	1.2094	0.92935	1.5423	924.91	-0.021493	0.00012507	0.13649	supercritical
372.0	1125.8	1010.9	0.00098923	267.49	378.85	1.2089	0.9295	1.5419	926.15	-0.021571	0.00012528	0.13667	supercritical
372.0	1129.0	1011.5	0.00098862	267.34	378.96	1.2083	0.92966	1.5415	927.38	-0.021648	0.0001255	0.13685	supercritical
372.0	1132.2	1012.1	0.00098801	267.2	379.07	1.2077	0.92981	1.5411	928.61	-0.021724	0.00012571	0.13704	supercritical
372.0	1135.5	1012.8	0.0009874	267.06	379.18	1.2071	0.92996	1.5407	929.83	-0.0218	0.00012593	0.13722	supercritical
372.0	1138.8	1013.4	0.00098679	266.92	379.29	1.2066	0.93012	1.5403	931.06	-0.021876	0.00012614	0.1374	supercritical
372.0	1142.0	1014.0	0.00098619	266.77	379.4	1.206	0.93027	1.5399	932.28	-0.021951	0.00012636	0.13758	supercritical
372.0	1145.2	1014.6	0.00098559	266.63	379.51	1.2054	0.93043	1.5396	933.5	-0.022025	0.00012657	0.13776	supercritical
372.0	1148.5	1015.2	0.00098499	266.49	379.62	1.2049	0.93058	1.5392	934.71	-0.022099	0.00012678	0.13794	supercritical
372.0	1151.8	1015.9	0.0009844	266.35	379.73	1.2043	0.93073	1.5388	935.93	-0.022173	0.000127	0.13812	supercritical
372.0	1155.0	1016.5	0.0009838	266.21	379.84	1.2037	0.93089	1.5384	937.14	-0.022246	0.00012721	0.1383	supercritical
372.0	1158.2	1017.1	0.00098321	266.07	379.95	1.2032	0.93104	1.538	938.34	-0.022318	0.00012742	0.13848	supercritical
372.0	1161.5	1017.7	0.00098262	265.93	380.06	1.2026	0.9312	1.5377	939.55	-0.022391	0.00012764	0.13866	supercritical
372.0	1164.8	1018.3	0.00098204	265.79	380.17	1.2021	0.93135	1.5373	940.75	-0.022462	0.00012785	0.13884	supercritical
372.0	1168.0	1018.9	0.00098145	265.65	380.29	1.2015	0.9315	1.5369	941.95	-0.022533	0.00012806	0.13902	supercritical
372.0	1171.2	1019.5	0.00098087	265.51	380.4	1.201	0.93166	1.5365	943.15	-0.022604	0.00012828	0.13919	supercritical
372.0	1174.5	1020.1	0.00098029	265.38	380.51	1.2004	0.93181	1.5362	944.34	-0.022674	0.00012849	0.13937	supercritical
372.0	1177.8	1020.7	0.00097972	265.24	380.63	1.1999	0.93197	1.5358	945.53	-0.022744	0.0001287	0.13955	supercritical
372.0	1181.0	1021.3	0.00097914	265.1	380.74	1.1993	0.93212	1.5354	946.72	-0.022813	0.00012891	0.13973	supercritical
372.0	1184.2	1021.9	0.00097857	264.97	380.85	1.1988	0.93228	1.5351	947.91	-0.022882	0.00012912	0.13991	supercritical
372.0	1187.5	1022.5	0.000978	264.83	380.97	1.1982	0.93243	1.5347	949.09	-0.022951	0.00012934	0.14008	supercritical
372.0	1190.8	1023.1	0.00097744	264.69	381.08	1.1977	0.93259	1.5344	950.28	-0.023019	0.00012955	0.14026	supercritical
372.0	1194.0	1023.7	0.00097687	264.56	381.2	1.1971	0.93274	1.534	951.46	-0.023086	0.00012976	0.14044	supercritical
372.0	1197.2	1024.3	0.00097631	264.42	381.31	1.1966	0.93289	1.5337	952.63	-0.023153	0.00012997	0.14062	supercritical
372.0	1200.5	1024.9	0.00097575	264.29	381.43	1.196	0.93305	1.5333	953.81	-0.02322	0.00013018	0.14079	supercritical
372.0	1203.8	1025.4	0.00097519	264.15	381.54	1.1955	0.9332	1.533	954.98	-0.023286	0.00013039	0.14097	supercritical
372.0	1207.0	1026.0	0.00097464	264.02	381.66	1.195	0.93336	1.5326	956.15	-0.023352	0.0001306	0.14115	supercritical
372.0	1210.2	1026.6	0.00097408	263.89	381.78	1.1944	0.93351	1.5323	957.32	-0.023418	0.00013081	0.14132	supercritical
372.0	1213.5	1027.2	0.00097353	263.75	381.89	1.1939	0.93367	1.5319	958.48	-0.023483	0.00013103	0.1415	supercritical
372.0	1216.8	1027.8	0.00097298	263.62	382.01	1.1933	0.93382	1.5316	959.64	-0.023548	0.00013124	0.14167	supercritical
372.0	1220.0	1028.3	0.00097244	263.49	382.13	1.1928	0.93398	1.5313	960.8	-0.023612	0.00013145	0.14185	supercritical
372.0	1223.2	1028.9	0.00097189	263.36	382.24	1.1923	0.93413	1.5309	961.96	-0.023676	0.00013166	0.14203	supercritical
372.0	1226.5	1029.5	0.00097135	263.23	382.36	1.1917	0.93429	1.5306	963.12	-0.023739	0.00013187	0.1422	supercritical
372.0	1229.8	1030.1	0.00097081	263.1	382.48	1.1912	0.93444	1.5303	964.27	-0.023802	0.00013208	0.14238	supercritical
372.0	1233.0	1030.6	0.00097027	262.97	382.6	1.1907	0.9346	1.53	965.42	-0.023865	0.00013229	0.14255	supercritical
372.0	1236.2	1031.2	0.00096973	262.84	382.72	1.1902	0.93475	1.5296	966.57	-0.023927	0.0001325	0.14273	supercritical
372.0	1239.5	1031.8	0.0009692	262.71	382.84	1.1896	0.93491	1.5293	967.71	-0.023989	0.00013271	0.1429	supercritical
372.0	1242.8	1032.3	0.00096867	262.58	382.96	1.1891	0.93506	1.529	968.86	-0.024051	0.00013292	0.14307	supercritical
372.0	1246.0	1032.9	0.00096814	262.45	383.08	1.1886	0.93522	1.5287	970.0	-0.024112	0.00013313	0.14325	supercritical
372.0	1249.2	1033.5	0.00096761	262.32	383.2	1.1881	0.93537	1.5283	971.14	-0.024173	0.00013334	0.14342	supercritical
372.0	1252.5	1034.0	0.00096708	262.19	383.32	1.1875	0.93553	1.528	972.27	-0.024233	0.00013354	0.1436	supercritical
372.0	1255.8	1034.6	0.00096656	262.06	383.44	1.187	0.93568	1.5277	973.41	-0.024293	0.00013375	0.14377	supercritical
372.0	1259.0	1035.2	0.00096604	261.93	383.56	1.1865	0.93584	1.5274	974.54	-0.024353	0.00013396	0.14394	supercritical
372.0	1262.2	1035.7	0.00096552	261.81	383.68	1.186	0.93599	1.5271	975.67	-0.024412	0.00013417	0.14412	supercritical
372.0	1265.5	1036.3	0.000965	261.68	383.8	1.1855	0.93615	1.5268	976.8	-0.024471	0.00013438	0.14429	supercritical
372.0	1268.8	1036.8	0.00096448	261.55	383.92	1.1849	0.9363	1.5265	977.92	-0.02453	0.00013459	0.14446	supercritical
372.0	1272.0	1037.4	0.00096397	261.43	384.04	1.1844	0.93646	1.5262	979.04	-0.024588	0.0001348	0.14463	supercritical
372.0	1275.2	1037.9	0.00096345	261.3	384.17	1.1839	0.93661	1.5259	980.17	-0.024646	0.00013501	0.14481	supercritical
372.0	1278.5	1038.5	0.00096294	261.18	384.29	1.1834	0.93677	1.5256	981.28	-0.024703	0.00013521	0.14498	supercritical
372.0	1281.8	1039.0	0.00096244	261.05	384.41	1.1829	0.93692	1.5253	982.4	-0.024761	0.00013542	0.14515	supercritical
372.0	1285.0	1039.6	0.00096193	260.93	384.53	1.1824	0.93708	1.525	983.51	-0.024817	0.00013563	0.14532	supercritical
372.0	1288.2	1040.1	0.00096142	260.8	384.66	1.1819	0.93723	1.5247	984.63	-0.024874	0.00013584	0.14549	supercritical
372.0	1291.5	1040.7	0.00096092	260.68	384.78	1.1814	0.93739	1.5244	985.74	-0.02493	0.00013605	0.14567	supercritical
372.0	1294.8	1041.2	0.00096042	260.55	384.9	1.1809	0.93754	1.5241	986.84	-0.024986	0.00013625	0.14584	supercritical
372.0	1298.0	1041.8	0.00095992	260.43	385.03	1.1804	0.9377	1.5238	987.95	-0.025042	0.00013646	0.14601	supercritical
372.0	1301.2	1042.3	0.00095942	260.31	385.15	1.1798	0.93786	1.5235	989.05	-0.025097	0.00013667	0.14618	supercritical
372.0	1304.5	1042.8	0.00095893	260.18	385.28	1.1793	0.93801	1.5232	990.15	-0.025152	0.00013688	0.14635	supercritical
372.0	1307.8	1043.4	0.00095843	260.06	385.4	1.1788	0.93817	1.5229	991.25	-0.025206	0.00013708	0.14652	supercritical
372.0	1311.0	1043.9	0.00095794	259.94	385.53	1.1783	0.93832	1.5226	992.35	-0.025261	0.00013729	0.14669	supercritical
372.0	1314.2	1044.4	0.00095745	259.82	385.65	1.1778	0.93848	1.5224	993.45	-0.025315	0.0001375	0.14686	supercritical
372.0	1317.5	1045.0	0.00095696	259.7	385.78	1.1773	0.93863	1.5221	994.54	-0.025368	0.0001377	0.14703	supercritical
372.0	1320.8	1045.5	0.00095647	259.58	385.9	1.1768	0.93879	1.5218	995.63	-0.025422	0.00013791	0.1472	supercritical
372.0	1324.0	1046.0	0.00095599	259.45	386.03	1.1763	0.93894	1.5215	996.72	-0.025475	0.00013812	0.14737	supercritical
372.0	1327.2	1046.6	0.0009555	259.33	386.15	1.1758	0.9391	1.5212	997.81	-0.025527	0.00013832	0.14754	supercritical
372.0	1330.5	1047.1	0.00095502	259.21	386.28	1.1754	0.93925	1.521	998.89	-0.02558	0.00013853	0.14771	supercritical
372.0	1333.8	1047.6	0.00095454	259.09	386.41	1.1749	0.93941	1.5207	999.97	-0.025632	0.00013874	0.14788	supercritical
372.0	1337.0	1048.1	0.00095406	258.98	386.53	1.1744	0.93956	1.5204	1001.1	-0.025684	0.00013894	0.14805	supercritical
372.0	1340.2	1048.7	0.00095359	258.86	386.66	1.1739	0.93972	1.5201	1002.1	-0.025735	0.00013915	0.14822	supercritical
372.0	1343.5	1049.2	0.00095311	258.74	386.79	1.1734	0.93987	1.5199	1003.2	-0.025786	0.00013935	0.14839	supercritical
372.0	1346.8	1049.7	0.00095264	258.62	386.92	1.1729	0.94003	1.5196	1004.3	-0.025837	0.00013956	0.14856	supercritical
372.0	1350.0	1050.2	0.00095217	258.5	387.04	1.1724	0.94019	1.5193	1005.4	-0.025888	0.00013977	0.14872	supercritical
372.0	1353.2	1050.8	0.0009517	258.38	387.17	1.1719	0.94034	1.5191	1006.4	-0.025938	0.00013997	0.14889	supercritical
372.0	1356.5	1051.3	0.00095123	258.27	387.3	1.1714	0.9405	1.5188	1007.5	-0.025988	0.00014018	0.14906	supercritical
372.0	1359.8	1051.8	0.00095076	258.15	387.43	1.1709	0.94065	1.5186	1008.6	-0.026038	0.00014038	0.14923	supercritical
372.0	1363.0	1052.3	0.00095029	258.03	387.56	1.1705	0.94081	1.5183	1009.6	-0.026088	0.00014059	0.1494	supercritical
372.0	1366.2	1052.8	0.00094983	257.91	387.68	1.17	0.94096	1.518	1010.7	-0.026137	0.00014079	0.14956	supercritical
372.0	1369.5	1053.3	0.00094937	257.8	387.81	1.1695	0.94112	1.5178	1011.7	-0.026186	0.000141	0.14973	supercritical
372.0	1372.8	1053.8	0.00094891	257.68	387.94	1.169	0.94127	1.5175	1012.8	-0.026235	0.0001412	0.1499	supercritical
372.0	1376.0	1054.4	0.00094845	257.57	388.07	1.1685	0.94143	1.5173	1013.9	-0.026283	0.00014141	0.15007	supercritical
372.0	1379.2	1054.9	0.00094799	257.45	388.2	1.1681	0.94158	1.517	1014.9	-0.026331	0.00014161	0.15023	supercritical
372.0	1382.5	1055.4	0.00094753	257.34	388.33	1.1676	0.94174	1.5168	1016.0	-0.026379	0.00014182	0.1504	supercritical
372.0	1385.8	1055.9	0.00094708	257.22	388.46	1.1671	0.9419	1.5165	1017.0	-0.026427	0.00014202	0.15057	supercritical
372.0	1389.0	1056.4	0.00094663	257.11	388.59	1.1666	0.94205	1.5163	1018.1	-0.026474	0.00014223	0.15073	supercritical
372.0	1392.2	1056.9	0.00094618	256.99	388.72	1.1661	0.94221	1.516	1019.1	-0.026521	0.00014243	0.1509	supercritical
372.0	1395.5	1057.4	0.00094573	256.88	388.85	1.1657	0.94236	1.5158	1020.2	-0.026568	0.00014264	0.15107	supercritical
372.0	1398.8	1057.9	0.00094528	256.76	388.99	1.1652	0.94252	1.5155	1021.2	-0.026615	0.00014284	0.15123	supercritical
372.0	1402.0	1058.4	0.00094483	256.65	389.12	1.1647	0.94267	1.5153	1022.3	-0.026661	0.00014305	0.1514	supercritical
372.0	1405.2	1058.9	0.00094438	256.54	389.25	1.1642	0.94283	1.515	1023.3	-0.026707	0.00014325	0.15157	supercritical
372.0	1408.5	1059.4	0.00094394	256.43	389.38	1.1638	0.94298	1.5148	1024.3	-0.026753	0.00014346	0.15173	supercritical
372.0	1411.8	1059.9	0.0009435	256.31	389.51	1.1633	0.94314	1.5146	1025.4	-0.026798	0.00014366	0.1519	supercritical
372.0	1415.0	1060.4	0.00094306	256.2	389.64	1.1628	0.94329	1.5143	1026.4	-0.026844	0.00014386	0.15206	supercritical
372.0	1418.2	1060.9	0.00094262	256.09	389.78	1.1624	0.94345	1.5141	1027.4	-0.026889	0.00014407	0.15223	supercritical
372.0	1421.5	1061.4	0.00094218	255.98	389.91	1.1619	0.94361	1.5139	1028.5	-0.026934	0.00014427	0.15239	supercritical
372.0	1424.8	1061.9	0.00094174	255.87	390.04	1.1614	0.94376	1.5136	1029.5	-0.026978	0.00014447	0.15256	supercritical
372.0	1428.0	1062.4	0.00094131	255.75	390.17	1.161	0.94392	1.5134	1030.5	-0.027023	0.00014468	0.15272	supercritical
372.0	1431.2	1062.8	0.00094087	255.64	390.31	1.1605	0.94407	1.5132	1031.5	-0.027067	0.00014488	0.15289	supercritical
372.0	1434.5	1063.3	0.00094044	255.53	390.44	1.16	0.94423	1.5129	1032.6	-0.027111	0.00014509	0.15305	supercritical
372.0	1437.8	1063.8	0.00094001	255.42	390.57	1.1596	0.94438	1.5127	1033.6	-0.027154	0.00014529	0.15322	supercritical
372.0	1441.0	1064.3	0.00093958	255.31	390.71	1.1591	0.94454	1.5125	1034.6	-0.027198	0.00014549	0.15338	supercritical
372.0	1444.2	1064.8	0.00093915	255.2	390.84	1.1587	0.94469	1.5123	1035.6	-0.027241	0.0001457	0.15354	supercritical
372.0	1447.5	1065.3	0.00093872	255.09	390.97	1.1582	0.94485	1.512	1036.6	-0.027284	0.0001459	0.15371	supercritical
372.0	1450.8	1065.8	0.0009383	254.98	391.11	1.1577	0.945	1.5118	1037.7	-0.027327	0.0001461	0.15387	supercritical
372.0	1454.0	1066.2	0.00093787	254.88	391.24	1.1573	0.94516	1.5116	1038.7	-0.027369	0.0001463	0.15404	supercritical
372.0	1457.2	1066.7	0.00093745	254.77	391.38	1.1568	0.94531	1.5114	1039.7	-0.027411	0.00014651	0.1542	supercritical
372.0	1460.5	1067.2	0.00093703	254.66	391.51	1.1564	0.94547	1.5111	1040.7	-0.027453	0.00014671	0.15436	supercritical
372.0	1463.8	1067.7	0.00093661	254.55	391.65	1.1559	0.94563	1.5109	1041.7	-0.027495	0.00014691	0.15453	supercritical
372.0	1467.0	1068.2	0.00093619	254.44	391.78	1.1555	0.94578	1.5107	1042.7	-0.027537	0.00014712	0.15469	supercritical
372.0	1470.2	1068.6	0.00093577	254.34	391.92	1.155	0.94594	1.5105	1043.7	-0.027578	0.00014732	0.15485	supercritical
372.0	1473.5	1069.1	0.00093535	254.23	392.05	1.1545	0.94609	1.5103	1044.7	-0.027619	0.00014752	0.15502	supercritical
372.0	1476.8	1069.6	0.00093494	254.12	392.19	1.1541	0.94625	1.5101	1045.7	-0.02766	0.00014772	0.15518	supercritical
372.0	1480.0	1070.1	0.00093452	254.01	392.32	1.1536	0.9464	1.5098	1046.7	-0.027701	0.00014793	0.15534	supercritical
372.0	1483.2	1070.5	0.00093411	253.91	392.46	1.1532	0.94656	1.5096	1047.7	-0.027742	0.00014813	0.1555	supercritical
372.0	1486.5	1071.0	0.0009337	253.8	392.6	1.1527	0.94671	1.5094	1048.7	-0.027782	0.00014833	0.15567	supercritical
372.0	1489.8	1071.5	0.00093329	253.7	392.73	1.1523	0.94687	1.5092	1049.7	-0.027822	0.00014853	0.15583	supercritical
372.0	1493.0	1071.9	0.00093288	253.59	392.87	1.1518	0.94702	1.509	1050.7	-0.027862	0.00014873	0.15599	supercritical
372.0	1496.2	1072.4	0.00093247	253.48	393.01	1.1514	0.94718	1.5088	1051.7	-0.027902	0.00014894	0.15615	supercritical
372.0	1499.5	1072.9	0.00093207	253.38	393.14	1.151	0.94733	1.5086	1052.7	-0.027941	0.00014914	0.15632	supercritical
372.0	1502.8	1073.4	0.00093166	253.27	393.28	1.1505	0.94749	1.5084	1053.7	-0.02798	0.00014934	0.15648	supercritical
372.0	1506.0	1073.8	0.00093126	253.17	393.42	1.1501	0.94764	1.5082	1054.6	-0.028019	0.00014954	0.15664	supercritical
372.0	1509.2	1074.3	0.00093086	253.07	393.55	1.1496	0.9478	1.508	1055.6	-0.028058	0.00014974	0.1568	supercritical
372.0	1512.5	1074.7	0.00093045	252.96	393.69	1.1492	0.94795	1.5078	1056.6	-0.028097	0.00014995	0.15696	supercritical
372.0	1515.8	1075.2	0.00093005	252.86	393.83	1.1487	0.94811	1.5076	1057.6	-0.028135	0.00015015	0.15712	supercritical
372.0	1519.0	1075.7	0.00092965	252.75	393.97	1.1483	0.94826	1.5074	1058.6	-0.028174	0.00015035	0.15728	supercritical
372.0	1522.2	1076.1	0.00092926	252.65	394.11	1.1478	0.94842	1.5072	1059.5	-0.028212	0.00015055	0.15744	supercritical
372.0	1525.5	1076.6	0.00092886	252.55	394.24	1.1474	0.94857	1.507	1060.5	-0.02825	0.00015075	0.15761	supercritical
372.0	1528.8	1077.0	0.00092846	252.44	394.38	1.147	0.94873	1.5068	1061.5	-0.028287	0.00015095	0.15777	supercritical
372.0	1532.0	1077.5	0.00092807	252.34	394.52	1.1465	0.94888	1.5066	1062.5	-0.028325	0.00015115	0.15793	supercritical
372.0	1535.2	1078.0	0.00092768	252.24	394.66	1.1461	0.94904	1.5064	1063.4	-0.028362	0.00015136	0.15809	supercritical
372.0	1538.5	1078.4	0.00092729	252.14	394.8	1.1457	0.94919	1.5062	1064.4	-0.028399	0.00015156	0.15825	supercritical
372.0	1541.8	1078.9	0.00092689	252.03	394.94	1.1452	0.94935	1.506	1065.4	-0.028436	0.00015176	0.15841	supercritical
372.0	1545.0	1079.3	0.0009265	251.93	395.08	1.1448	0.9495	1.5058	1066.3	-0.028473	0.00015196	0.15857	supercritical
372.0	1548.2	1079.8	0.00092612	251.83	395.22	1.1444	0.94966	1.5056	1067.3	-0.02851	0.00015216	0.15873	supercritical
372.0	1551.5	1080.2	0.00092573	251.73	395.36	1.1439	0.94981	1.5054	1068.3	-0.028546	0.00015236	0.15889	supercritical
372.0	1554.8	1080.7	0.00092534	251.63	395.5	1.1435	0.94997	1.5052	1069.2	-0.028582	0.00015256	0.15905	supercritical
372.0	1558.0	1081.1	0.00092496	251.53	395.64	1.1431	0.95012	1.505	1070.2	-0.028618	0.00015276	0.15921	supercritical
372.0	1561.2	1081.6	0.00092457	251.43	395.78	1.1426	0.95028	1.5049	1071.1	-0.028654	0.00015296	0.15937	supercritical
372.0	1564.5	1082.0	0.00092419	251.33	395.92	1.1422	0.95043	1.5047	1072.1	-0.02869	0.00015316	0.15953	supercritical
372.0	1567.8	1082.5	0.00092381	251.23	396.06	1.1418	0.95059	1.5045	1073.1	-0.028725	0.00015336	0.15969	supercritical
372.0	1571.0	1082.9	0.00092343	251.13	396.2	1.1413	0.95074	1.5043	1074.0	-0.028761	0.00015356	0.15985	supercritical
372.0	1574.2	1083.4	0.00092305	251.03	396.34	1.1409	0.9509	1.5041	1075.0	-0.028796	0.00015376	0.16	supercritical
372.0	1577.5	1083.8	0.00092267	250.93	396.48	1.1405	0.95105	1.5039	1075.9	-0.028831	0.00015396	0.16016	supercritical
372.0	1580.8	1084.3	0.00092229	250.83	396.62	1.14	0.95121	1.5038	1076.9	-0.028866	0.00015416	0.16032	supercritical
372.0	1584.0	1084.7	0.00092192	250.73	396.76	1.1396	0.95136	1.5036	1077.8	-0.0289	0.00015437	0.16048	supercritical
372.0	1587.2	1085.1	0.00092154	250.63	396.9	1.1392	0.95152	1.5034	1078.8	-0.028935	0.00015457	0.16064	supercritical
372.0	1590.5	1085.6	0.00092117	250.53	397.04	1.1388	0.95167	1.5032	1079.7	-0.028969	0.00015477	0.1608	supercritical
372.0	1593.8	1086.0	0.00092079	250.43	397.19	1.1383	0.95183	1.503	1080.6	-0.029003	0.00015497	0.16096	supercritical
372.0	1597.0	1086.5	0.00092042	250.34	397.33	1.1379	0.95198	1.5029	1081.6	-0.029037	0.00015517	0.16111	supercritical
372.0	1600.2	1086.9	0.00092005	250.24	397.47	1.1375	0.95214	1.5027	1082.5	-0.029071	0.00015537	0.16127	supercritical
372.0	1603.5	1087.3	0.00091968	250.14	397.61	1.1371	0.95229	1.5025	1083.5	-0.029104	0.00015557	0.16143	supercritical
372.0	1606.8	1087.8	0.00091931	250.04	397.75	1.1367	0.95244	1.5023	1084.4	-0.029138	0.00015577	0.16159	supercritical
372.0	1610.0	1088.2	0.00091894	249.95	397.9	1.1362	0.9526	1.5022	1085.3	-0.029171	0.00015596	0.16175	supercritical
372.0	1613.2	1088.6	0.00091858	249.85	398.04	1.1358	0.95275	1.502	1086.3	-0.029204	0.00015616	0.1619	supercritical
372.0	1616.5	1089.1	0.00091821	249.75	398.18	1.1354	0.95291	1.5018	1087.2	-0.029237	0.00015636	0.16206	supercritical
372.0	1619.8	1089.5	0.00091785	249.66	398.32	1.135	0.95306	1.5017	1088.1	-0.02927	0.00015656	0.16222	supercritical
372.0	1623.0	1089.9	0.00091748	249.56	398.47	1.1346	0.95322	1.5015	1089.1	-0.029303	0.00015676	0.16238	supercritical
372.0	1626.2	1090.4	0.00091712	249.46	398.61	1.1341	0.95337	1.5013	1090.0	-0.029335	0.00015696	0.16253	supercritical
372.0	1629.5	1090.8	0.00091676	249.37	398.75	1.1337	0.95353	1.5012	1090.9	-0.029368	0.00015716	0.16269	supercritical
372.0	1632.8	1091.2	0.0009164	249.27	398.9	1.1333	0.95368	1.501	1091.9	-0.0294	0.00015736	0.16285	supercritical
372.0	1636.0	1091.7	0.00091604	249.18	399.04	1.1329	0.95383	1.5008	1092.8	-0.029432	0.00015756	0.16301	supercritical
372.0	1639.2	1092.1	0.00091568	249.08	399.18	1.1325	0.95399	1.5007	1093.7	-0.029464	0.00015776	0.16316	supercritical
372.0	1642.5	1092.5	0.00091532	248.99	399.33	1.1321	0.95414	1.5005	1094.6	-0.029495	0.00015796	0.16332	supercritical
372.0	1645.8	1092.9	0.00091496	248.89	399.47	1.1317	0.9543	1.5003	1095.5	-0.029527	0.00015816	0.16348	supercritical
372.0	1649.0	1093.4	0.00091461	248.8	399.62	1.1313	0.95445	1.5002	1096.5	-0.029558	0.00015836	0.16363	supercritical
372.0	1652.2	1093.8	0.00091425	248.7	399.76	1.1308	0.95461	1.5	1097.4	-0.02959	0.00015856	0.16379	supercritical
372.0	1655.5	1094.2	0.0009139	248.61	399.9	1.1304	0.95476	1.4998	1098.3	-0.029621	0.00015876	0.16394	supercritical
372.0	1658.8	1094.6	0.00091355	248.51	400.05	1.13	0.95491	1.4997	1099.2	-0.029652	0.00015895	0.1641	supercritical
372.0	1662.0	1095.1	0.00091319	248.42	400.19	1.1296	0.95507	1.4995	1100.1	-0.029683	0.00015915	0.16426	supercritical
372.0	1665.2	1095.5	0.00091284	248.33	400.34	1.1292	0.95522	1.4994	1101.0	-0.029713	0.00015935	0.16441	supercritical
372.0	1668.5	1095.9	0.00091249	248.23	400.48	1.1288	0.95538	1.4992	1101.9	-0.029744	0.00015955	0.16457	supercritical
372.0	1671.8	1096.3	0.00091214	248.14	400.63	1.1284	0.95553	1.4991	1102.9	-0.029774	0.00015975	0.16472	supercritical
372.0	1675.0	1096.7	0.00091179	248.05	400.77	1.128	0.95568	1.4989	1103.8	-0.029804	0.00015995	0.16488	supercritical
372.0	1678.2	1097.2	0.00091145	247.95	400.92	1.1276	0.95584	1.4987	1104.7	-0.029834	0.00016015	0.16504	supercritical
372.0	1681.5	1097.6	0.0009111	247.86	401.06	1.1272	0.95599	1.4986	1105.6	-0.029864	0.00016035	0.16519	supercritical
372.0	1684.8	1098.0	0.00091076	247.77	401.21	1.1268	0.95615	1.4984	1106.5	-0.029894	0.00016054	0.16535	supercritical
372.0	1688.0	1098.4	0.00091041	247.68	401.35	1.1264	0.9563	1.4983	1107.4	-0.029924	0.00016074	0.1655	supercritical
372.0	1691.2	1098.8	0.00091007	247.58	401.5	1.126	0.95645	1.4981	1108.3	-0.029953	0.00016094	0.16566	supercritical
372.0	1694.5	1099.2	0.00090972	247.49	401.65	1.1256	0.95661	1.498	1109.2	-0.029983	0.00016114	0.16581	supercritical
372.0	1697.8	1099.6	0.00090938	247.4	401.79	1.1252	0.95676	1.4978	1110.1	-0.030012	0.00016134	0.16597	supercritical
372.0	1701.0	1100.1	0.00090904	247.31	401.94	1.1247	0.95692	1.4977	1111.0	-0.030041	0.00016154	0.16612	supercritical
372.0	1704.2	1100.5	0.0009087	247.22	402.08	1.1243	0.95707	1.4975	1111.9	-0.03007	0.00016173	0.16628	supercritical
372.0	1707.5	1100.9	0.00090836	247.13	402.23	1.1239	0.95722	1.4974	1112.8	-0.030099	0.00016193	0.16643	supercritical
372.0	1710.8	1101.3	0.00090802	247.04	402.38	1.1235	0.95738	1.4972	1113.7	-0.030128	0.00016213	0.16659	supercritical
372.0	1714.0	1101.7	0.00090769	246.95	402.52	1.1231	0.95753	1.4971	1114.6	-0.030156	0.00016233	0.16674	supercritical
372.0	1717.2	1102.1	0.00090735	246.86	402.67	1.1228	0.95768	1.4969	1115.4	-0.030185	0.00016253	0.16689	supercritical
372.0	1720.5	1102.5	0.00090701	246.77	402.82	1.1224	0.95784	1.4968	1116.3	-0.030213	0.00016273	0.16705	supercritical
372.0	1723.8	1102.9	0.00090668	246.68	402.96	1.122	0.95799	1.4967	1117.2	-0.030241	0.00016292	0.1672	supercritical
372.0	1727.0	1103.3	0.00090634	246.59	403.11	1.1216	0.95814	1.4965	1118.1	-0.03027	0.00016312	0.16736	supercritical
372.0	1730.2	1103.7	0.00090601	246.5	403.26	1.1212	0.9583	1.4964	1119.0	-0.030297	0.00016332	0.16751	supercritical
372.0	1733.5	1104.1	0.00090568	246.41	403.41	1.1208	0.95845	1.4962	1119.9	-0.030325	0.00016352	0.16766	supercritical
372.0	1736.8	1104.5	0.00090535	246.32	403.55	1.1204	0.95861	1.4961	1120.8	-0.030353	0.00016372	0.16782	supercritical
372.0	1740.0	1105.0	0.00090502	246.23	403.7	1.12	0.95876	1.4959	1121.6	-0.030381	0.00016391	0.16797	supercritical
372.0	1743.2	1105.4	0.00090469	246.14	403.85	1.1196	0.95891	1.4958	1122.5	-0.030408	0.00016411	0.16813	supercritical
372.0	1746.5	1105.8	0.00090436	246.05	404.0	1.1192	0.95907	1.4957	1123.4	-0.030435	0.00016431	0.16828	supercritical
372.0	1749.8	1106.2	0.00090403	245.96	404.15	1.1188	0.95922	1.4955	1124.3	-0.030462	0.00016451	0.16843	supercritical
372.0	1753.0	1106.6	0.0009037	245.87	404.29	1.1184	0.95937	1.4954	1125.2	-0.030489	0.0001647	0.16859	supercritical
372.0	1756.2	1107.0	0.00090338	245.79	404.44	1.118	0.95953	1.4952	1126.0	-0.030516	0.0001649	0.16874	supercritical
372.0	1759.5	1107.4	0.00090305	245.7	404.59	1.1176	0.95968	1.4951	1126.9	-0.030543	0.0001651	0.16889	supercritical
372.0	1762.8	1107.8	0.00090273	245.61	404.74	1.1172	0.95983	1.495	1127.8	-0.03057	0.0001653	0.16904	supercritical
372.0	1766.0	1108.2	0.0009024	245.52	404.89	1.1169	0.95998	1.4948	1128.6	-0.030596	0.00016549	0.1692	supercritical
372.0	1769.2	1108.5	0.00090208	245.44	405.04	1.1165	0.96014	1.4947	1129.5	-0.030623	0.00016569	0.16935	supercritical
372.0	1772.5	1108.9	0.00090176	245.35	405.18	1.1161	0.96029	1.4946	1130.4	-0.030649	0.00016589	0.1695	supercritical
372.0	1775.8	1109.3	0.00090144	245.26	405.33	1.1157	0.96044	1.4944	1131.3	-0.030675	0.00016609	0.16966	supercritical
372.0	1779.0	1109.7	0.00090112	245.17	405.48	1.1153	0.9606	1.4943	1132.1	-0.030702	0.00016628	0.16981	supercritical
372.0	1782.2	1110.1	0.0009008	245.09	405.63	1.1149	0.96075	1.4942	1133.0	-0.030728	0.00016648	0.16996	supercritical
372.0	1785.5	1110.5	0.00090048	245.0	405.78	1.1145	0.9609	1.494	1133.8	-0.030753	0.00016668	0.17011	supercritical
372.0	1788.8	1110.9	0.00090016	244.91	405.93	1.1141	0.96106	1.4939	1134.7	-0.030779	0.00016687	0.17027	supercritical
372.0	1792.0	1111.3	0.00089984	244.83	406.08	1.1138	0.96121	1.4938	1135.6	-0.030805	0.00016707	0.17042	supercritical
372.0	1795.2	1111.7	0.00089952	244.74	406.23	1.1134	0.96136	1.4936	1136.4	-0.03083	0.00016727	0.17057	supercritical
372.0	1798.5	1112.1	0.00089921	244.66	406.38	1.113	0.96151	1.4935	1137.3	-0.030856	0.00016747	0.17072	supercritical
372.0	1801.8	1112.5	0.00089889	244.57	406.53	1.1126	0.96167	1.4934	1138.2	-0.030881	0.00016766	0.17087	supercritical
372.0	1805.0	1112.9	0.00089858	244.49	406.68	1.1122	0.96182	1.4933	1139.0	-0.030906	0.00016786	0.17103	supercritical
372.0	1808.2	1113.3	0.00089826	244.4	406.83	1.1118	0.96197	1.4931	1139.9	-0.030931	0.00016806	0.17118	supercritical
372.0	1811.5	1113.6	0.00089795	244.32	406.98	1.1115	0.96213	1.493	1140.7	-0.030956	0.00016825	0.17133	supercritical
372.0	1814.8	1114.0	0.00089764	244.23	407.13	1.1111	0.96228	1.4929	1141.6	-0.030981	0.00016845	0.17148	supercritical
372.0	1818.0	1114.4	0.00089733	244.15	407.28	1.1107	0.96243	1.4928	1142.4	-0.031006	0.00016865	0.17163	supercritical
372.0	1821.2	1114.8	0.00089702	244.06	407.43	1.1103	0.96258	1.4926	1143.3	-0.03103	0.00016884	0.17178	supercritical
372.0	1824.5	1115.2	0.00089671	243.98	407.58	1.1099	0.96274	1.4925	1144.1	-0.031055	0.00016904	0.17193	supercritical
372.0	1827.8	1115.6	0.0008964	243.89	407.73	1.1096	0.96289	1.4924	1145.0	-0.031079	0.00016924	0.17209	supercritical
372.0	1831.0	1116.0	0.00089609	243.81	407.88	1.1092	0.96304	1.4923	1145.8	-0.031103	0.00016944	0.17224	supercritical
372.0	1834.2	1116.3	0.00089578	243.72	408.03	1.1088	0.96319	1.4921	1146.7	-0.031128	0.00016963	0.17239	supercritical
372.0	1837.5	1116.7	0.00089548	243.64	408.18	1.1084	0.96335	1.492	1147.5	-0.031152	0.00016983	0.17254	supercritical
372.0	1840.8	1117.1	0.00089517	243.56	408.34	1.1081	0.9635	1.4919	1148.4	-0.031176	0.00017003	0.17269	supercritical
372.0	1844.0	1117.5	0.00089486	243.47	408.49	1.1077	0.96365	1.4918	1149.2	-0.0312	0.00017022	0.17284	supercritical
372.0	1847.2	1117.9	0.00089456	243.39	408.64	1.1073	0.9638	1.4917	1150.0	-0.031223	0.00017042	0.17299	supercritical
372.0	1850.5	1118.2	0.00089426	243.31	408.79	1.1069	0.96396	1.4915	1150.9	-0.031247	0.00017061	0.17314	supercritical
372.0	1853.8	1118.6	0.00089395	243.22	408.94	1.1066	0.96411	1.4914	1151.7	-0.03127	0.00017081	0.17329	supercritical
372.0	1857.0	1119.0	0.00089365	243.14	409.09	1.1062	0.96426	1.4913	1152.6	-0.031294	0.00017101	0.17344	supercritical
372.0	1860.2	1119.4	0.00089335	243.06	409.24	1.1058	0.96441	1.4912	1153.4	-0.031317	0.0001712	0.17359	supercritical
372.0	1863.5	1119.8	0.00089305	242.98	409.4	1.1054	0.96456	1.4911	1154.2	-0.031341	0.0001714	0.17374	supercritical
372.0	1866.8	1120.1	0.00089275	242.89	409.55	1.1051	0.96472	1.491	1155.1	-0.031364	0.0001716	0.17389	supercritical
372.0	1870.0	1120.5	0.00089245	242.81	409.7	1.1047	0.96487	1.4908	1155.9	-0.031387	0.00017179	0.17404	supercritical
372.0	1873.2	1120.9	0.00089215	242.73	409.85	1.1043	0.96502	1.4907	1156.7	-0.03141	0.00017199	0.17419	supercritical
372.0	1876.5	1121.3	0.00089185	242.65	410.0	1.104	0.96517	1.4906	1157.6	-0.031432	0.00017219	0.17434	supercritical
372.0	1879.8	1121.6	0.00089155	242.57	410.16	1.1036	0.96532	1.4905	1158.4	-0.031455	0.00017238	0.17449	supercritical
372.0	1883.0	1122.0	0.00089125	242.49	410.31	1.1032	0.96548	1.4904	1159.2	-0.031478	0.00017258	0.17464	supercritical
372.0	1886.2	1122.4	0.00089096	242.4	410.46	1.1029	0.96563	1.4903	1160.1	-0.0315	0.00017277	0.17479	supercritical
372.0	1889.5	1122.8	0.00089066	242.32	410.61	1.1025	0.96578	1.4902	1160.9	-0.031523	0.00017297	0.17494	supercritical
372.0	1892.8	1123.1	0.00089037	242.24	410.77	1.1021	0.96593	1.4901	1161.7	-0.031545	0.00017317	0.17509	supercritical
372.0	1896.0	1123.5	0.00089007	242.16	410.92	1.1018	0.96608	1.4899	1162.5	-0.031567	0.00017336	0.17524	supercritical
372.0	1899.2	1123.9	0.00088978	242.08	411.07	1.1014	0.96623	1.4898	1163.4	-0.03159	0.00017356	0.17539	supercritical
372.0	1902.5	1124.2	0.00088949	242.0	411.23	1.101	0.96639	1.4897	1164.2	-0.031612	0.00017375	0.17554	supercritical
372.0	1905.8	1124.6	0.0008892	241.92	411.38	1.1007	0.96654	1.4896	1165.0	-0.031634	0.00017395	0.17569	supercritical
372.0	1909.0	1125.0	0.0008889	241.84	411.53	1.1003	0.96669	1.4895	1165.8	-0.031656	0.00017415	0.17584	supercritical
372.0	1912.2	1125.3	0.00088861	241.76	411.69	1.0999	0.96684	1.4894	1166.6	-0.031677	0.00017434	0.17599	supercritical
372.0	1915.5	1125.7	0.00088832	241.68	411.84	1.0996	0.96699	1.4893	1167.5	-0.031699	0.00017454	0.17614	supercritical
372.0	1918.8	1126.1	0.00088803	241.6	411.99	1.0992	0.96714	1.4892	1168.3	-0.031721	0.00017473	0.17628	supercritical
372.0	1922.0	1126.4	0.00088774	241.52	412.15	1.0988	0.9673	1.4891	1169.1	-0.031742	0.00017493	0.17643	supercritical
372.0	1925.2	1126.8	0.00088746	241.44	412.3	1.0985	0.96745	1.489	1169.9	-0.031764	0.00017513	0.17658	supercritical
372.0	1928.5	1127.2	0.00088717	241.36	412.45	1.0981	0.9676	1.4889	1170.7	-0.031785	0.00017532	0.17673	supercritical
372.0	1931.8	1127.5	0.00088688	241.28	412.61	1.0977	0.96775	1.4888	1171.5	-0.031806	0.00017552	0.17688	supercritical
372.0	1935.0	1127.9	0.0008866	241.2	412.76	1.0974	0.9679	1.4887	1172.3	-0.031827	0.00017571	0.17703	supercritical
372.0	1938.2	1128.3	0.00088631	241.13	412.91	1.097	0.96805	1.4885	1173.2	-0.031848	0.00017591	0.17718	supercritical
372.0	1941.5	1128.6	0.00088603	241.05	413.07	1.0967	0.9682	1.4884	1174.0	-0.031869	0.00017611	0.17732	supercritical
372.0	1944.8	1129.0	0.00088574	240.97	413.22	1.0963	0.96835	1.4883	1174.8	-0.03189	0.0001763	0.17747	supercritical
372.0	1948.0	1129.4	0.00088546	240.89	413.38	1.0959	0.96851	1.4882	1175.6	-0.031911	0.0001765	0.17762	supercritical
372.0	1951.2	1129.7	0.00088517	240.81	413.53	1.0956	0.96866	1.4881	1176.4	-0.031932	0.00017669	0.17777	supercritical
372.0	1954.5	1130.1	0.00088489	240.73	413.69	1.0952	0.96881	1.488	1177.2	-0.031952	0.00017689	0.17792	supercritical
372.0	1957.8	1130.4	0.00088461	240.66	413.84	1.0949	0.96896	1.4879	1178.0	-0.031973	0.00017708	0.17806	supercritical
372.0	1961.0	1130.8	0.00088433	240.58	414.0	1.0945	0.96911	1.4878	1178.8	-0.031993	0.00017728	0.17821	supercritical
372.0	1964.2	1131.2	0.00088405	240.5	414.15	1.0942	0.96926	1.4877	1179.6	-0.032013	0.00017747	0.17836	supercritical
372.0	1967.5	1131.5	0.00088377	240.42	414.31	1.0938	0.96941	1.4876	1180.4	-0.032034	0.00017767	0.17851	supercritical
372.0	1970.8	1131.9	0.00088349	240.35	414.46	1.0935	0.96956	1.4875	1181.2	-0.032054	0.00017787	0.17865	supercritical
372.0	1974.0	1132.2	0.00088321	240.27	414.62	1.0931	0.96971	1.4874	1182.0	-0.032074	0.00017806	0.1788	supercritical
372.0	1977.2	1132.6	0.00088293	240.19	414.77	1.0927	0.96986	1.4873	1182.8	-0.032094	0.00017826	0.17895	supercritical
372.0	1980.5	1132.9	0.00088266	240.12	414.93	1.0924	0.97001	1.4872	1183.6	-0.032114	0.00017845	0.1791	supercritical
372.0	1983.8	1133.3	0.00088238	240.04	415.08	1.092	0.97016	1.4871	1184.4	-0.032134	0.00017865	0.17924	supercritical
372.0	1987.0	1133.7	0.0008821	239.96	415.24	1.0917	0.97032	1.4871	1185.2	-0.032154	0.00017884	0.17939	supercritical
372.0	1990.2	1134.0	0.00088183	239.89	415.39	1.0913	0.97047	1.487	1186.0	-0.032173	0.00017904	0.17954	supercritical
372.0	1993.5	1134.4	0.00088155	239.81	415.55	1.091	0.97062	1.4869	1186.8	-0.032193	0.00017923	0.17969	supercritical
372.0	1996.8	1134.7	0.00088128	239.73	415.7	1.0906	0.97077	1.4868	1187.6	-0.032212	0.00017943	0.17983	supercritical
372.0	2000.0	1135.1	0.000881	239.66	415.86	1.0903	0.97092	1.4867	1188.4	-0.032232	0.00017962	0.17998	supercritical
