Temperature (K)	Pressure (bar)	Density (kg/m3)	Volume (m3/kg)	Internal Energy (kJ/kg)	Enthalpy (kJ/kg)	Entropy (J/g*K)	Cv (J/g*K)	Cp (J/g*K)	Sound Spd. (m/s)	Joule-Thomson (K/bar)	Viscosity (Pa*s)	Therm. Cond. (W/m*K)	Phase
337.0	56.5	112.31	0.0089036	442.2	492.5	1.9804	0.79503	1.3289	253.96	0.77672	1.824e-05	0.024654	vapor
337.0	59.75	120.91	0.0082709	439.68	489.1	1.962	0.80246	1.3766	252.19	0.77177	1.8412e-05	0.025185	vapor
337.0	63.0	129.86	0.0077008	437.08	485.6	1.9439	0.81012	1.4289	250.43	0.76617	1.86e-05	0.025764	vapor
337.0	66.25	139.2	0.007184	434.39	481.98	1.926	0.81804	1.4862	248.69	0.75987	1.8806e-05	0.026395	vapor
337.0	69.5	148.96	0.006713	431.6	478.25	1.9082	0.82623	1.5495	246.97	0.75277	1.9034e-05	0.027087	vapor
337.0	72.75	159.2	0.0062815	428.7	474.4	1.8905	0.83469	1.6194	245.29	0.74481	1.9285e-05	0.027845	vapor
337.0	76.0	169.94	0.0058844	425.69	470.41	1.8728	0.84344	1.697	243.65	0.73589	1.9562e-05	0.028679	vapor
337.0	76.0	169.94	0.0058844	425.69	470.41	1.8728	0.84344	1.697	243.65	0.73589	1.9562e-05	0.028679	supercritical
337.0	76.0	169.94	0.0058844	425.69	470.41	1.8728	0.84344	1.697	243.65	0.73589	1.9562e-05	0.028679	supercritical
337.0	79.25	181.24	0.0055174	422.55	466.28	1.8551	0.8525	1.7832	242.07	0.7259	1.987e-05	0.029597	supercritical
337.0	82.5	193.16	0.005177	419.28	461.99	1.8372	0.86186	1.8795	240.56	0.71475	2.0213e-05	0.030608	supercritical
337.0	85.75	205.76	0.0048601	415.87	457.54	1.8192	0.87152	1.987	239.14	0.7023	2.0595e-05	0.031723	supercritical
337.0	89.0	219.1	0.0045641	412.3	452.92	1.8009	0.88146	2.1073	237.83	0.68845	2.1024e-05	0.032951	supercritical
337.0	92.25	233.26	0.0042871	408.56	448.11	1.7824	0.89167	2.2419	236.65	0.67305	2.1505e-05	0.034303	supercritical
337.0	95.5	248.3	0.0040273	404.65	443.11	1.7635	0.90209	2.3919	235.66	0.65599	2.2047e-05	0.035786	supercritical
337.0	98.75	264.31	0.0037834	400.55	437.91	1.7443	0.91262	2.558	234.88	0.63712	2.266e-05	0.037403	supercritical
337.0	102.0	281.35	0.0035543	396.26	432.52	1.7248	0.92314	2.7399	234.38	0.61638	2.3353e-05	0.039154	supercritical
337.0	105.25	299.44	0.0033396	391.79	426.94	1.7049	0.93347	2.9354	234.23	0.5937	2.4137e-05	0.041028	supercritical
337.0	108.5	318.59	0.0031388	387.14	421.2	1.6848	0.94334	3.1397	234.51	0.56914	2.5022e-05	0.043003	supercritical
337.0	111.75	338.75	0.0029521	382.35	415.34	1.6644	0.95245	3.3447	235.3	0.54287	2.6015e-05	0.045044	supercritical
337.0	115.0	359.76	0.0027796	377.45	409.42	1.6441	0.96044	3.5396	236.71	0.51522	2.7121e-05	0.047108	supercritical
337.0	118.25	381.41	0.0026219	372.51	403.51	1.624	0.967	3.7116	238.84	0.48663	2.8337e-05	0.049143	supercritical
337.0	121.5	403.38	0.002479	367.59	397.71	1.6043	0.97192	3.8484	241.76	0.45761	2.9653e-05	0.051099	supercritical
337.0	124.75	425.32	0.0023512	362.76	392.09	1.5853	0.97509	3.9403	245.51	0.42873	3.1053e-05	0.052936	supercritical
337.0	128.0	446.84	0.002238	358.11	386.75	1.5673	0.97655	3.9825	250.07	0.40054	3.2512e-05	0.054628	supercritical
337.0	131.25	467.6	0.0021386	353.67	381.74	1.5503	0.97643	3.9773	255.4	0.37353	3.4002e-05	0.056171	supercritical
337.0	134.5	487.36	0.0020519	349.51	377.1	1.5345	0.975	3.9329	261.37	0.34808	3.5498e-05	0.057577	supercritical
337.0	137.75	505.95	0.0019765	345.62	372.84	1.5199	0.9726	3.8603	267.86	0.32447	3.6978e-05	0.058869	supercritical
337.0	141.0	523.31	0.0019109	342.01	368.96	1.5065	0.96958	3.7707	274.72	0.30278	3.8425e-05	0.060072	supercritical
337.0	144.25	539.45	0.0018537	338.67	365.41	1.4942	0.96622	3.6726	281.81	0.283	3.9829e-05	0.061204	supercritical
337.0	147.5	554.44	0.0018036	335.59	362.19	1.4828	0.9627	3.5718	289.06	0.26503	4.1185e-05	0.06228	supercritical
337.0	150.75	568.35	0.0017595	332.73	359.25	1.4724	0.95916	3.4722	296.36	0.24871	4.2489e-05	0.063309	supercritical
337.0	154.0	581.26	0.0017204	330.07	356.57	1.4628	0.95568	3.3762	303.68	0.23389	4.3741e-05	0.064299	supercritical
337.0	157.25	593.28	0.0016856	327.6	354.11	1.4538	0.95231	3.2851	310.95	0.22042	4.4942e-05	0.065254	supercritical
337.0	160.5	604.48	0.0016543	325.3	351.85	1.4455	0.9491	3.1997	318.15	0.20815	4.6095e-05	0.066177	supercritical
337.0	163.75	614.95	0.0016261	323.14	349.77	1.4378	0.94605	3.1202	325.26	0.19697	4.7202e-05	0.067072	supercritical
337.0	167.0	624.77	0.0016006	321.12	347.85	1.4305	0.94317	3.0467	332.24	0.18674	4.8266e-05	0.067941	supercritical
337.0	170.25	633.99	0.0015773	319.21	346.07	1.4237	0.94048	2.9788	339.1	0.17737	4.9291e-05	0.068784	supercritical
337.0	173.5	642.69	0.001556	317.42	344.41	1.4173	0.93796	2.9161	345.83	0.16876	5.0278e-05	0.069605	supercritical
337.0	176.75	650.91	0.0015363	315.71	342.87	1.4112	0.93562	2.8582	352.41	0.16083	5.1231e-05	0.070403	supercritical
337.0	180.0	658.69	0.0015182	314.09	341.42	1.4054	0.93344	2.8046	358.87	0.15349	5.2152e-05	0.07118	supercritical
337.0	183.25	666.08	0.0015013	312.55	340.06	1.3999	0.93141	2.7549	365.19	0.14669	5.3044e-05	0.071937	supercritical
337.0	186.5	673.12	0.0014856	311.08	338.79	1.3947	0.92952	2.7087	371.38	0.14037	5.3908e-05	0.072675	supercritical
337.0	189.75	679.83	0.001471	309.68	337.59	1.3897	0.92777	2.6657	377.44	0.13447	5.4747e-05	0.073395	supercritical
337.0	193.0	686.24	0.0014572	308.33	336.46	1.385	0.92614	2.6256	383.38	0.12896	5.5562e-05	0.074098	supercritical
337.0	196.25	692.37	0.0014443	307.04	335.39	1.3804	0.92463	2.588	389.2	0.1238	5.6354e-05	0.074785	supercritical
337.0	199.5	698.25	0.0014321	305.8	334.37	1.376	0.92322	2.5528	394.9	0.11896	5.7126e-05	0.075456	supercritical
337.0	202.75	703.9	0.0014206	304.61	333.41	1.3718	0.92192	2.5198	400.5	0.1144	5.7879e-05	0.076112	supercritical
337.0	206.0	709.34	0.0014098	303.46	332.5	1.3677	0.9207	2.4887	405.98	0.11011	5.8613e-05	0.076754	supercritical
337.0	209.25	714.57	0.0013994	302.35	331.63	1.3638	0.91957	2.4594	411.37	0.10606	5.933e-05	0.077382	supercritical
337.0	212.5	719.61	0.0013896	301.27	330.8	1.36	0.91851	2.4318	416.65	0.10222	6.0031e-05	0.077998	supercritical
337.0	215.75	724.49	0.0013803	300.23	330.01	1.3563	0.91753	2.4057	421.83	0.098593	6.0716e-05	0.078601	supercritical
337.0	219.0	729.2	0.0013714	299.23	329.26	1.3527	0.91661	2.381	426.93	0.095149	6.1388e-05	0.079193	supercritical
337.0	222.25	733.75	0.0013629	298.25	328.54	1.3493	0.91576	2.3576	431.93	0.091878	6.2045e-05	0.079774	supercritical
337.0	225.5	738.17	0.0013547	297.3	327.85	1.3459	0.91496	2.3353	436.85	0.088767	6.269e-05	0.080345	supercritical
337.0	228.75	742.45	0.0013469	296.38	327.19	1.3426	0.91421	2.3142	441.68	0.085804	6.3323e-05	0.080905	supercritical
337.0	232.0	746.6	0.0013394	295.49	326.56	1.3395	0.91352	2.2941	446.44	0.082979	6.3944e-05	0.081456	supercritical
337.0	235.25	750.64	0.0013322	294.61	325.95	1.3364	0.91287	2.275	451.11	0.080282	6.4554e-05	0.081997	supercritical
337.0	238.5	754.57	0.0013253	293.76	325.37	1.3334	0.91227	2.2568	455.71	0.077704	6.5154e-05	0.08253	supercritical
337.0	241.75	758.39	0.0013186	292.94	324.81	1.3305	0.91171	2.2394	460.24	0.075239	6.5744e-05	0.083054	supercritical
337.0	245.0	762.11	0.0013122	292.13	324.28	1.3276	0.91118	2.2228	464.7	0.072878	6.6325e-05	0.08357	supercritical
337.0	248.25	765.73	0.0013059	291.34	323.76	1.3248	0.91069	2.2069	469.09	0.070615	6.6896e-05	0.084079	supercritical
337.0	251.5	769.27	0.0012999	290.57	323.26	1.3221	0.91023	2.1917	473.42	0.068443	6.7459e-05	0.08458	supercritical
337.0	254.75	772.72	0.0012941	289.82	322.78	1.3194	0.90981	2.1771	477.68	0.066358	6.8014e-05	0.085073	supercritical
337.0	258.0	776.08	0.0012885	289.08	322.32	1.3168	0.90941	2.1631	481.88	0.064354	6.856e-05	0.08556	supercritical
337.0	261.25	779.38	0.0012831	288.36	321.88	1.3142	0.90904	2.1497	486.02	0.062427	6.91e-05	0.086041	supercritical
337.0	264.5	782.59	0.0012778	287.65	321.45	1.3117	0.9087	2.1369	490.11	0.060571	6.9632e-05	0.086515	supercritical
337.0	267.75	785.74	0.0012727	286.96	321.04	1.3093	0.90838	2.1245	494.14	0.058784	7.0157e-05	0.086982	supercritical
337.0	271.0	788.82	0.0012677	286.28	320.64	1.3069	0.90809	2.1126	498.11	0.05706	7.0676e-05	0.087444	supercritical
337.0	274.25	791.84	0.0012629	285.62	320.25	1.3045	0.90781	2.1011	502.04	0.055397	7.1188e-05	0.0879	supercritical
337.0	277.5	794.79	0.0012582	284.97	319.88	1.3022	0.90756	2.09	505.91	0.053792	7.1694e-05	0.088351	supercritical
337.0	280.75	797.68	0.0012536	284.33	319.52	1.2999	0.90732	2.0794	509.73	0.052242	7.2194e-05	0.088796	supercritical
337.0	284.0	800.52	0.0012492	283.7	319.18	1.2977	0.9071	2.0691	513.51	0.050743	7.2689e-05	0.089236	supercritical
337.0	287.25	803.31	0.0012449	283.08	318.84	1.2955	0.9069	2.0592	517.24	0.049293	7.3178e-05	0.089672	supercritical
337.0	290.5	806.04	0.0012406	282.48	318.52	1.2933	0.90672	2.0496	520.93	0.047889	7.3661e-05	0.090102	supercritical
337.0	293.75	808.72	0.0012365	281.88	318.2	1.2912	0.90655	2.0403	524.57	0.04653	7.414e-05	0.090528	supercritical
337.0	297.0	811.36	0.0012325	281.29	317.9	1.2891	0.90639	2.0314	528.17	0.045214	7.4614e-05	0.090949	supercritical
337.0	300.25	813.95	0.0012286	280.72	317.61	1.287	0.90625	2.0227	531.73	0.043937	7.5083e-05	0.091366	supercritical
337.0	303.5	816.49	0.0012248	280.15	317.32	1.285	0.90612	2.0143	535.25	0.042699	7.5548e-05	0.091778	supercritical
337.0	306.75	818.99	0.001221	279.59	317.05	1.283	0.906	2.0061	538.73	0.041497	7.6008e-05	0.092187	supercritical
337.0	310.0	821.45	0.0012174	279.04	316.78	1.281	0.9059	1.9982	542.17	0.040331	7.6464e-05	0.092591	supercritical
337.0	313.25	823.87	0.0012138	278.5	316.52	1.2791	0.9058	1.9905	545.58	0.039198	7.6915e-05	0.092992	supercritical
337.0	316.5	826.25	0.0012103	277.97	316.27	1.2772	0.90572	1.9831	548.95	0.038096	7.7363e-05	0.093389	supercritical
337.0	319.75	828.59	0.0012069	277.44	316.03	1.2753	0.90564	1.9759	552.28	0.037026	7.7807e-05	0.093782	supercritical
337.0	323.0	830.9	0.0012035	276.92	315.8	1.2735	0.90557	1.9688	555.58	0.035984	7.8247e-05	0.094172	supercritical
337.0	326.25	833.17	0.0012002	276.41	315.57	1.2716	0.90551	1.962	558.85	0.034971	7.8683e-05	0.094558	supercritical
337.0	329.5	835.41	0.001197	275.91	315.35	1.2698	0.90546	1.9554	562.09	0.033984	7.9116e-05	0.094941	supercritical
337.0	332.75	837.61	0.0011939	275.41	315.14	1.268	0.90542	1.9489	565.29	0.033023	7.9546e-05	0.095321	supercritical
337.0	336.0	839.79	0.0011908	274.92	314.93	1.2663	0.90539	1.9426	568.46	0.032087	7.9972e-05	0.095697	supercritical
337.0	339.25	841.93	0.0011877	274.44	314.73	1.2645	0.90536	1.9365	571.61	0.031175	8.0395e-05	0.09607	supercritical
337.0	342.5	844.04	0.0011848	273.96	314.54	1.2628	0.90534	1.9306	574.72	0.030286	8.0814e-05	0.09644	supercritical
337.0	345.75	846.13	0.0011819	273.49	314.35	1.2611	0.90532	1.9248	577.81	0.029418	8.1231e-05	0.096808	supercritical
337.0	349.0	848.18	0.001179	273.03	314.17	1.2594	0.90531	1.9191	580.87	0.028572	8.1644e-05	0.097172	supercritical
337.0	352.25	850.21	0.0011762	272.57	314.0	1.2578	0.90531	1.9136	583.9	0.027746	8.2055e-05	0.097534	supercritical
337.0	355.5	852.21	0.0011734	272.11	313.83	1.2561	0.90531	1.9082	586.9	0.02694	8.2463e-05	0.097893	supercritical
337.0	358.75	854.19	0.0011707	271.66	313.66	1.2545	0.90531	1.9029	589.88	0.026152	8.2868e-05	0.098249	supercritical
337.0	362.0	856.14	0.001168	271.22	313.5	1.2529	0.90533	1.8978	592.83	0.025383	8.3271e-05	0.098602	supercritical
337.0	365.25	858.06	0.0011654	270.78	313.35	1.2513	0.90534	1.8928	595.76	0.024631	8.367e-05	0.098953	supercritical
337.0	368.5	859.97	0.0011628	270.35	313.2	1.2498	0.90536	1.8879	598.66	0.023897	8.4068e-05	0.099302	supercritical
337.0	371.75	861.85	0.0011603	269.92	313.06	1.2482	0.90539	1.8831	601.54	0.023178	8.4462e-05	0.099648	supercritical
337.0	375.0	863.7	0.0011578	269.5	312.92	1.2467	0.90542	1.8784	604.4	0.022476	8.4855e-05	0.099991	supercritical
337.0	378.25	865.54	0.0011554	269.08	312.78	1.2452	0.90545	1.8738	607.23	0.021788	8.5245e-05	0.10033	supercritical
337.0	381.5	867.35	0.0011529	268.67	312.65	1.2437	0.90548	1.8694	610.04	0.021116	8.5632e-05	0.10067	supercritical
337.0	384.75	869.14	0.0011506	268.26	312.53	1.2422	0.90552	1.865	612.83	0.020457	8.6018e-05	0.10101	supercritical
337.0	388.0	870.92	0.0011482	267.85	312.4	1.2407	0.90557	1.8607	615.6	0.019813	8.6401e-05	0.10134	supercritical
337.0	391.25	872.67	0.0011459	267.45	312.29	1.2393	0.90561	1.8565	618.35	0.019181	8.6782e-05	0.10168	supercritical
337.0	394.5	874.4	0.0011436	267.06	312.17	1.2378	0.90566	1.8524	621.08	0.018563	8.7161e-05	0.10201	supercritical
337.0	397.75	876.12	0.0011414	266.66	312.06	1.2364	0.90572	1.8484	623.78	0.017957	8.7538e-05	0.10233	supercritical
337.0	401.0	877.81	0.0011392	266.27	311.96	1.235	0.90577	1.8444	626.47	0.017364	8.7913e-05	0.10266	supercritical
337.0	404.25	879.49	0.001137	265.89	311.85	1.2336	0.90583	1.8406	629.14	0.016782	8.8286e-05	0.10299	supercritical
337.0	407.5	881.15	0.0011349	265.51	311.76	1.2322	0.90589	1.8368	631.79	0.016211	8.8657e-05	0.10331	supercritical
337.0	410.75	882.79	0.0011328	265.13	311.66	1.2308	0.90595	1.8331	634.42	0.015652	8.9026e-05	0.10363	supercritical
337.0	414.0	884.42	0.0011307	264.76	311.57	1.2295	0.90602	1.8294	637.03	0.015103	8.9393e-05	0.10395	supercritical
337.0	417.25	886.02	0.0011286	264.39	311.48	1.2281	0.90609	1.8259	639.62	0.014565	8.9758e-05	0.10426	supercritical
337.0	420.5	887.62	0.0011266	264.02	311.4	1.2268	0.90616	1.8224	642.2	0.014036	9.0122e-05	0.10458	supercritical
337.0	423.75	889.19	0.0011246	263.66	311.31	1.2254	0.90623	1.8189	644.76	0.013518	9.0484e-05	0.10489	supercritical
337.0	427.0	890.76	0.0011226	263.3	311.24	1.2241	0.90631	1.8156	647.3	0.013009	9.0844e-05	0.1052	supercritical
337.0	430.25	892.3	0.0011207	262.94	311.16	1.2228	0.90638	1.8123	649.82	0.01251	9.1203e-05	0.10551	supercritical
337.0	433.5	893.83	0.0011188	262.59	311.09	1.2215	0.90646	1.809	652.33	0.012019	9.156e-05	0.10582	supercritical
337.0	436.75	895.35	0.0011169	262.24	311.02	1.2203	0.90654	1.8058	654.82	0.011537	9.1915e-05	0.10613	supercritical
337.0	440.0	896.85	0.001115	261.89	310.95	1.219	0.90662	1.8027	657.3	0.011064	9.2269e-05	0.10643	supercritical
337.0	443.25	898.34	0.0011132	261.55	310.89	1.2177	0.90671	1.7996	659.76	0.010599	9.2621e-05	0.10674	supercritical
337.0	446.5	899.82	0.0011113	261.21	310.83	1.2165	0.90679	1.7966	662.21	0.010142	9.2972e-05	0.10704	supercritical
337.0	449.75	901.28	0.0011095	260.87	310.77	1.2152	0.90688	1.7936	664.64	0.0096925	9.3321e-05	0.10734	supercritical
337.0	453.0	902.73	0.0011078	260.53	310.72	1.214	0.90697	1.7907	667.05	0.009251	9.3669e-05	0.10764	supercritical
337.0	456.25	904.16	0.001106	260.2	310.66	1.2128	0.90706	1.7878	669.45	0.0088169	9.4015e-05	0.10793	supercritical
337.0	459.5	905.59	0.0011043	259.87	310.61	1.2115	0.90715	1.785	671.84	0.00839	9.436e-05	0.10823	supercritical
337.0	462.75	907.0	0.0011025	259.55	310.57	1.2103	0.90724	1.7822	674.21	0.0079702	9.4703e-05	0.10852	supercritical
337.0	466.0	908.4	0.0011008	259.22	310.52	1.2091	0.90733	1.7795	676.57	0.0075573	9.5046e-05	0.10882	supercritical
337.0	469.25	909.78	0.0010992	258.9	310.48	1.208	0.90743	1.7768	678.92	0.0071511	9.5387e-05	0.10911	supercritical
337.0	472.5	911.16	0.0010975	258.58	310.44	1.2068	0.90753	1.7741	681.25	0.0067515	9.5726e-05	0.1094	supercritical
337.0	475.75	912.52	0.0010959	258.27	310.4	1.2056	0.90762	1.7715	683.57	0.0063582	9.6064e-05	0.10969	supercritical
337.0	479.0	913.87	0.0010942	257.95	310.37	1.2045	0.90772	1.769	685.87	0.0059712	9.6402e-05	0.10998	supercritical
337.0	482.25	915.21	0.0010926	257.64	310.33	1.2033	0.90782	1.7665	688.16	0.0055902	9.6737e-05	0.11026	supercritical
337.0	485.5	916.54	0.0010911	257.33	310.3	1.2022	0.90793	1.764	690.44	0.0052152	9.7072e-05	0.11055	supercritical
337.0	488.75	917.86	0.0010895	257.02	310.27	1.201	0.90803	1.7615	692.71	0.0048459	9.7405e-05	0.11083	supercritical
337.0	492.0	919.17	0.0010879	256.72	310.25	1.1999	0.90813	1.7591	694.96	0.0044823	9.7738e-05	0.11111	supercritical
337.0	495.25	920.47	0.0010864	256.42	310.22	1.1988	0.90824	1.7567	697.21	0.0041242	9.8069e-05	0.11139	supercritical
337.0	498.5	921.76	0.0010849	256.12	310.2	1.1977	0.90834	1.7544	699.44	0.0037715	9.8399e-05	0.11167	supercritical
337.0	501.75	923.03	0.0010834	255.82	310.18	1.1965	0.90845	1.7521	701.65	0.003424	9.8727e-05	0.11195	supercritical
337.0	505.0	924.3	0.0010819	255.52	310.16	1.1954	0.90856	1.7498	703.86	0.0030817	9.9055e-05	0.11223	supercritical
337.0	508.25	925.56	0.0010804	255.23	310.14	1.1944	0.90866	1.7476	706.05	0.0027445	9.9382e-05	0.11251	supercritical
337.0	511.5	926.81	0.001079	254.94	310.13	1.1933	0.90877	1.7454	708.24	0.0024121	9.9707e-05	0.11278	supercritical
337.0	514.75	928.05	0.0010775	254.65	310.12	1.1922	0.90888	1.7432	710.41	0.0020846	0.00010003	0.11306	supercritical
337.0	518.0	929.28	0.0010761	254.36	310.1	1.1911	0.90899	1.7411	712.57	0.0017617	0.00010036	0.11333	supercritical
337.0	521.25	930.5	0.0010747	254.08	310.1	1.1901	0.90911	1.739	714.72	0.0014435	0.00010068	0.1136	supercritical
337.0	524.5	931.72	0.0010733	253.79	310.09	1.189	0.90922	1.7369	716.86	0.0011297	0.000101	0.11387	supercritical
337.0	527.75	932.92	0.0010719	253.51	310.08	1.188	0.90933	1.7349	718.99	0.00082037	0.00010132	0.11414	supercritical
337.0	531.0	934.11	0.0010705	253.23	310.08	1.1869	0.90945	1.7328	721.11	0.00051533	0.00010164	0.11441	supercritical
337.0	534.25	935.3	0.0010692	252.96	310.08	1.1859	0.90956	1.7308	723.22	0.00021449	0.00010196	0.11468	supercritical
337.0	537.5	936.48	0.0010678	252.68	310.08	1.1848	0.90968	1.7289	725.31	-8.2214e-05	0.00010228	0.11495	supercritical
337.0	540.75	937.65	0.0010665	252.41	310.08	1.1838	0.90979	1.7269	727.4	-0.00037488	0.00010259	0.11521	supercritical
337.0	544.0	938.81	0.0010652	252.14	310.08	1.1828	0.90991	1.725	729.48	-0.00066359	0.00010291	0.11548	supercritical
337.0	547.25	939.96	0.0010639	251.87	310.09	1.1818	0.91003	1.7231	731.55	-0.00094843	0.00010322	0.11574	supercritical
337.0	550.5	941.11	0.0010626	251.6	310.09	1.1808	0.91015	1.7213	733.6	-0.0012295	0.00010354	0.11601	supercritical
337.0	553.75	942.25	0.0010613	251.33	310.1	1.1798	0.91027	1.7194	735.65	-0.0015068	0.00010385	0.11627	supercritical
337.0	557.0	943.38	0.00106	251.07	310.11	1.1788	0.91039	1.7176	737.69	-0.0017805	0.00010416	0.11653	supercritical
337.0	560.25	944.5	0.0010588	250.8	310.12	1.1778	0.91051	1.7158	739.72	-0.0020506	0.00010447	0.11679	supercritical
337.0	563.5	945.62	0.0010575	250.54	310.13	1.1768	0.91063	1.714	741.74	-0.0023172	0.00010478	0.11705	supercritical
337.0	566.75	946.73	0.0010563	250.28	310.15	1.1758	0.91075	1.7123	743.75	-0.0025804	0.00010509	0.11731	supercritical
337.0	570.0	947.83	0.001055	250.02	310.16	1.1748	0.91087	1.7106	745.75	-0.0028402	0.0001054	0.11756	supercritical
337.0	573.25	948.92	0.0010538	249.77	310.18	1.1739	0.91099	1.7089	747.75	-0.0030967	0.00010571	0.11782	supercritical
337.0	576.5	950.01	0.0010526	249.51	310.19	1.1729	0.91112	1.7072	749.73	-0.00335	0.00010602	0.11808	supercritical
337.0	579.75	951.09	0.0010514	249.26	310.21	1.172	0.91124	1.7055	751.71	-0.0036001	0.00010633	0.11833	supercritical
337.0	583.0	952.16	0.0010502	249.01	310.23	1.171	0.91136	1.7039	753.67	-0.0038471	0.00010663	0.11859	supercritical
337.0	586.25	953.23	0.0010491	248.75	310.26	1.1701	0.91149	1.7023	755.63	-0.0040911	0.00010694	0.11884	supercritical
337.0	589.5	954.29	0.0010479	248.51	310.28	1.1691	0.91161	1.7007	757.58	-0.004332	0.00010724	0.11909	supercritical
337.0	592.75	955.34	0.0010467	248.26	310.3	1.1682	0.91174	1.6991	759.52	-0.00457	0.00010754	0.11934	supercritical
337.0	596.0	956.39	0.0010456	248.01	310.33	1.1673	0.91187	1.6975	761.45	-0.0048051	0.00010785	0.11959	supercritical
337.0	599.25	957.43	0.0010445	247.77	310.36	1.1663	0.91199	1.696	763.38	-0.0050374	0.00010815	0.11984	supercritical
337.0	602.5	958.46	0.0010433	247.52	310.39	1.1654	0.91212	1.6944	765.29	-0.0052669	0.00010845	0.12009	supercritical
337.0	605.75	959.49	0.0010422	247.28	310.42	1.1645	0.91225	1.6929	767.2	-0.0054937	0.00010875	0.12034	supercritical
337.0	609.0	960.51	0.0010411	247.04	310.45	1.1636	0.91238	1.6914	769.1	-0.0057178	0.00010905	0.12059	supercritical
337.0	612.25	961.53	0.00104	246.8	310.48	1.1627	0.91251	1.69	770.99	-0.0059392	0.00010935	0.12083	supercritical
337.0	615.5	962.54	0.0010389	246.57	310.51	1.1618	0.91263	1.6885	772.88	-0.0061581	0.00010965	0.12108	supercritical
337.0	618.75	963.54	0.0010378	246.33	310.55	1.1609	0.91276	1.6871	774.75	-0.0063744	0.00010995	0.12133	supercritical
337.0	622.0	964.54	0.0010368	246.09	310.58	1.16	0.91289	1.6856	776.62	-0.0065883	0.00011025	0.12157	supercritical
337.0	625.25	965.53	0.0010357	245.86	310.62	1.1591	0.91302	1.6842	778.48	-0.0067996	0.00011054	0.12181	supercritical
337.0	628.5	966.52	0.0010346	245.63	310.66	1.1582	0.91316	1.6828	780.34	-0.0070086	0.00011084	0.12206	supercritical
337.0	631.75	967.5	0.0010336	245.4	310.69	1.1573	0.91329	1.6815	782.19	-0.0072152	0.00011113	0.1223	supercritical
337.0	635.0	968.47	0.0010326	245.17	310.73	1.1564	0.91342	1.6801	784.03	-0.0074195	0.00011143	0.12254	supercritical
337.0	638.25	969.44	0.0010315	244.94	310.78	1.1556	0.91355	1.6788	785.86	-0.0076214	0.00011172	0.12278	supercritical
337.0	641.5	970.41	0.0010305	244.71	310.82	1.1547	0.91368	1.6774	787.68	-0.0078212	0.00011202	0.12302	supercritical
337.0	644.75	971.37	0.0010295	244.49	310.86	1.1538	0.91382	1.6761	789.5	-0.0080187	0.00011231	0.12326	supercritical
337.0	648.0	972.32	0.0010285	244.26	310.91	1.153	0.91395	1.6748	791.31	-0.008214	0.0001126	0.1235	supercritical
337.0	651.25	973.27	0.0010275	244.04	310.95	1.1521	0.91408	1.6735	793.11	-0.0084072	0.00011289	0.12374	supercritical
337.0	654.5	974.21	0.0010265	243.81	311.0	1.1512	0.91422	1.6722	794.91	-0.0085983	0.00011318	0.12398	supercritical
337.0	657.75	975.15	0.0010255	243.59	311.04	1.1504	0.91435	1.671	796.7	-0.0087873	0.00011348	0.12421	supercritical
337.0	661.0	976.08	0.0010245	243.37	311.09	1.1496	0.91448	1.6697	798.48	-0.0089743	0.00011377	0.12445	supercritical
337.0	664.25	977.01	0.0010235	243.15	311.14	1.1487	0.91462	1.6685	800.26	-0.0091593	0.00011405	0.12469	supercritical
337.0	667.5	977.93	0.0010226	242.94	311.19	1.1479	0.91475	1.6673	802.03	-0.0093423	0.00011434	0.12492	supercritical
337.0	670.75	978.85	0.0010216	242.72	311.24	1.147	0.91489	1.6661	803.79	-0.0095234	0.00011463	0.12515	supercritical
337.0	674.0	979.77	0.0010207	242.5	311.29	1.1462	0.91503	1.6649	805.55	-0.0097025	0.00011492	0.12539	supercritical
337.0	677.25	980.67	0.0010197	242.29	311.35	1.1454	0.91516	1.6637	807.3	-0.0098798	0.00011521	0.12562	supercritical
337.0	680.5	981.58	0.0010188	242.07	311.4	1.1446	0.9153	1.6625	809.04	-0.010055	0.00011549	0.12585	supercritical
337.0	683.75	982.48	0.0010178	241.86	311.46	1.1437	0.91544	1.6613	810.78	-0.010229	0.00011578	0.12609	supercritical
337.0	687.0	983.37	0.0010169	241.65	311.51	1.1429	0.91557	1.6602	812.51	-0.010401	0.00011607	0.12632	supercritical
337.0	690.25	984.26	0.001016	241.44	311.57	1.1421	0.91571	1.659	814.24	-0.010571	0.00011635	0.12655	supercritical
337.0	693.5	985.15	0.0010151	241.23	311.63	1.1413	0.91585	1.6579	815.95	-0.010739	0.00011664	0.12678	supercritical
337.0	696.75	986.03	0.0010142	241.02	311.68	1.1405	0.91599	1.6568	817.67	-0.010906	0.00011692	0.12701	supercritical
337.0	700.0	986.91	0.0010133	240.81	311.74	1.1397	0.91612	1.6557	819.37	-0.011071	0.0001172	0.12724	supercritical
337.0	703.25	987.78	0.0010124	240.61	311.8	1.1389	0.91626	1.6546	821.07	-0.011234	0.00011749	0.12746	supercritical
337.0	706.5	988.65	0.0010115	240.4	311.86	1.1381	0.9164	1.6535	822.77	-0.011396	0.00011777	0.12769	supercritical
337.0	709.75	989.51	0.0010106	240.2	311.93	1.1373	0.91654	1.6525	824.46	-0.011556	0.00011805	0.12792	supercritical
337.0	713.0	990.37	0.0010097	240.0	311.99	1.1365	0.91668	1.6514	826.14	-0.011714	0.00011834	0.12815	supercritical
337.0	716.25	991.23	0.0010088	239.79	312.05	1.1357	0.91682	1.6503	827.81	-0.011871	0.00011862	0.12837	supercritical
337.0	719.5	992.08	0.001008	239.59	312.12	1.135	0.91696	1.6493	829.49	-0.012026	0.0001189	0.1286	supercritical
337.0	722.75	992.93	0.0010071	239.39	312.18	1.1342	0.9171	1.6483	831.15	-0.01218	0.00011918	0.12882	supercritical
337.0	726.0	993.77	0.0010063	239.19	312.25	1.1334	0.91724	1.6472	832.81	-0.012332	0.00011946	0.12905	supercritical
337.0	729.25	994.61	0.0010054	238.99	312.31	1.1326	0.91738	1.6462	834.46	-0.012483	0.00011974	0.12927	supercritical
337.0	732.5	995.45	0.0010046	238.79	312.38	1.1319	0.91752	1.6452	836.11	-0.012633	0.00012002	0.12949	supercritical
337.0	735.75	996.28	0.0010037	238.6	312.45	1.1311	0.91766	1.6442	837.75	-0.012781	0.0001203	0.12972	supercritical
337.0	739.0	997.11	0.0010029	238.4	312.52	1.1303	0.9178	1.6433	839.39	-0.012927	0.00012057	0.12994	supercritical
337.0	742.25	997.93	0.0010021	238.21	312.59	1.1296	0.91795	1.6423	841.02	-0.013072	0.00012085	0.13016	supercritical
337.0	745.5	998.75	0.0010013	238.01	312.66	1.1288	0.91809	1.6413	842.65	-0.013216	0.00012113	0.13038	supercritical
337.0	748.75	999.57	0.0010004	237.82	312.73	1.128	0.91823	1.6404	844.27	-0.013359	0.00012141	0.1306	supercritical
337.0	752.0	1000.4	0.00099962	237.63	312.8	1.1273	0.91837	1.6394	845.88	-0.0135	0.00012168	0.13082	supercritical
337.0	755.25	1001.2	0.00099881	237.44	312.87	1.1265	0.91851	1.6385	847.49	-0.013639	0.00012196	0.13104	supercritical
337.0	758.5	1002.0	0.00099801	237.24	312.94	1.1258	0.91866	1.6375	849.1	-0.013778	0.00012223	0.13126	supercritical
337.0	761.75	1002.8	0.00099721	237.05	313.02	1.1251	0.9188	1.6366	850.7	-0.013915	0.00012251	0.13148	supercritical
337.0	765.0	1003.6	0.00099642	236.87	313.09	1.1243	0.91894	1.6357	852.29	-0.014051	0.00012279	0.1317	supercritical
337.0	768.25	1004.4	0.00099563	236.68	313.17	1.1236	0.91909	1.6348	853.88	-0.014186	0.00012306	0.13192	supercritical
337.0	771.5	1005.2	0.00099485	236.49	313.24	1.1228	0.91923	1.6339	855.47	-0.014319	0.00012333	0.13214	supercritical
337.0	774.75	1006.0	0.00099407	236.3	313.32	1.1221	0.91937	1.633	857.05	-0.014452	0.00012361	0.13235	supercritical
337.0	778.0	1006.8	0.00099329	236.12	313.4	1.1214	0.91952	1.6321	858.62	-0.014583	0.00012388	0.13257	supercritical
337.0	781.25	1007.5	0.00099252	235.93	313.47	1.1207	0.91966	1.6312	860.19	-0.014713	0.00012415	0.13279	supercritical
337.0	784.5	1008.3	0.00099176	235.75	313.55	1.1199	0.91981	1.6304	861.75	-0.014841	0.00012443	0.133	supercritical
337.0	787.75	1009.1	0.000991	235.56	313.63	1.1192	0.91995	1.6295	863.31	-0.014969	0.0001247	0.13322	supercritical
337.0	791.0	1009.9	0.00099024	235.38	313.71	1.1185	0.9201	1.6287	864.87	-0.015096	0.00012497	0.13343	supercritical
337.0	794.25	1010.6	0.00098949	235.2	313.79	1.1178	0.92024	1.6278	866.42	-0.015221	0.00012524	0.13365	supercritical
337.0	797.5	1011.4	0.00098874	235.02	313.87	1.1171	0.92039	1.627	867.96	-0.015345	0.00012551	0.13386	supercritical
337.0	800.75	1012.1	0.000988	234.84	313.95	1.1163	0.92053	1.6262	869.5	-0.015468	0.00012579	0.13407	supercritical
337.0	804.0	1012.9	0.00098726	234.66	314.03	1.1156	0.92068	1.6253	871.04	-0.01559	0.00012606	0.13429	supercritical
337.0	807.25	1013.7	0.00098652	234.48	314.12	1.1149	0.92082	1.6245	872.57	-0.015712	0.00012633	0.1345	supercritical
337.0	810.5	1014.4	0.00098579	234.3	314.2	1.1142	0.92097	1.6237	874.1	-0.015831	0.0001266	0.13471	supercritical
337.0	813.75	1015.2	0.00098507	234.12	314.28	1.1135	0.92111	1.6229	875.62	-0.01595	0.00012687	0.13492	supercritical
337.0	817.0	1015.9	0.00098434	233.95	314.37	1.1128	0.92126	1.6221	877.13	-0.016068	0.00012713	0.13513	supercritical
337.0	820.25	1016.6	0.00098363	233.77	314.45	1.1121	0.92141	1.6213	878.65	-0.016185	0.0001274	0.13534	supercritical
337.0	823.5	1017.4	0.00098291	233.6	314.54	1.1114	0.92155	1.6205	880.16	-0.016301	0.00012767	0.13555	supercritical
337.0	826.75	1018.1	0.0009822	233.42	314.63	1.1107	0.9217	1.6198	881.66	-0.016416	0.00012794	0.13576	supercritical
337.0	830.0	1018.9	0.00098149	233.25	314.71	1.1101	0.92185	1.619	883.16	-0.01653	0.00012821	0.13597	supercritical
337.0	833.25	1019.6	0.00098079	233.08	314.8	1.1094	0.92199	1.6182	884.65	-0.016643	0.00012848	0.13618	supercritical
337.0	836.5	1020.3	0.00098009	232.9	314.89	1.1087	0.92214	1.6175	886.14	-0.016755	0.00012874	0.13639	supercritical
337.0	839.75	1021.0	0.0009794	232.73	314.98	1.108	0.92229	1.6167	887.63	-0.016866	0.00012901	0.1366	supercritical
337.0	843.0	1021.8	0.0009787	232.56	315.06	1.1073	0.92244	1.616	889.11	-0.016977	0.00012928	0.13681	supercritical
337.0	846.25	1022.5	0.00097802	232.39	315.15	1.1066	0.92258	1.6152	890.59	-0.017086	0.00012954	0.13702	supercritical
337.0	849.5	1023.2	0.00097733	232.22	315.24	1.106	0.92273	1.6145	892.06	-0.017194	0.00012981	0.13722	supercritical
337.0	852.75	1023.9	0.00097665	232.05	315.33	1.1053	0.92288	1.6138	893.53	-0.017302	0.00013007	0.13743	supercritical
337.0	856.0	1024.6	0.00097597	231.88	315.43	1.1046	0.92303	1.6131	894.99	-0.017409	0.00013034	0.13764	supercritical
337.0	859.25	1025.3	0.0009753	231.71	315.52	1.104	0.92318	1.6123	896.45	-0.017514	0.0001306	0.13784	supercritical
337.0	862.5	1026.0	0.00097463	231.55	315.61	1.1033	0.92333	1.6116	897.91	-0.017619	0.00013087	0.13805	supercritical
337.0	865.75	1026.7	0.00097396	231.38	315.7	1.1026	0.92347	1.6109	899.36	-0.017723	0.00013113	0.13825	supercritical
337.0	869.0	1027.4	0.0009733	231.21	315.79	1.102	0.92362	1.6102	900.81	-0.017827	0.0001314	0.13846	supercritical
337.0	872.25	1028.1	0.00097264	231.05	315.89	1.1013	0.92377	1.6095	902.25	-0.017929	0.00013166	0.13866	supercritical
337.0	875.5	1028.8	0.00097198	230.88	315.98	1.1006	0.92392	1.6089	903.69	-0.018031	0.00013193	0.13887	supercritical
337.0	878.75	1029.5	0.00097133	230.72	316.08	1.1	0.92407	1.6082	905.13	-0.018131	0.00013219	0.13907	supercritical
337.0	882.0	1030.2	0.00097068	230.56	316.17	1.0993	0.92422	1.6075	906.56	-0.018231	0.00013245	0.13927	supercritical
337.0	885.25	1030.9	0.00097003	230.39	316.27	1.0987	0.92437	1.6068	907.99	-0.018331	0.00013271	0.13948	supercritical
337.0	888.5	1031.6	0.00096939	230.23	316.36	1.098	0.92452	1.6062	909.41	-0.018429	0.00013298	0.13968	supercritical
337.0	891.75	1032.3	0.00096875	230.07	316.46	1.0974	0.92467	1.6055	910.83	-0.018527	0.00013324	0.13988	supercritical
337.0	895.0	1032.9	0.00096811	229.91	316.56	1.0967	0.92482	1.6048	912.25	-0.018624	0.0001335	0.14008	supercritical
337.0	898.25	1033.6	0.00096748	229.75	316.65	1.0961	0.92497	1.6042	913.66	-0.01872	0.00013376	0.14028	supercritical
337.0	901.5	1034.3	0.00096685	229.59	316.75	1.0954	0.92512	1.6035	915.07	-0.018815	0.00013402	0.14049	supercritical
337.0	904.75	1035.0	0.00096622	229.43	316.85	1.0948	0.92527	1.6029	916.47	-0.01891	0.00013429	0.14069	supercritical
337.0	908.0	1035.6	0.0009656	229.27	316.95	1.0942	0.92542	1.6023	917.87	-0.019004	0.00013455	0.14089	supercritical
337.0	911.25	1036.3	0.00096498	229.11	317.05	1.0935	0.92557	1.6016	919.27	-0.019097	0.00013481	0.14109	supercritical
337.0	914.5	1037.0	0.00096436	228.96	317.15	1.0929	0.92572	1.601	920.66	-0.019189	0.00013507	0.14129	supercritical
337.0	917.75	1037.6	0.00096374	228.8	317.25	1.0923	0.92587	1.6004	922.05	-0.019281	0.00013533	0.14149	supercritical
337.0	921.0	1038.3	0.00096313	228.64	317.35	1.0916	0.92602	1.5998	923.44	-0.019372	0.00013559	0.14169	supercritical
337.0	924.25	1038.9	0.00096252	228.49	317.45	1.091	0.92617	1.5992	924.82	-0.019463	0.00013585	0.14189	supercritical
337.0	927.5	1039.6	0.00096192	228.33	317.55	1.0904	0.92632	1.5985	926.2	-0.019552	0.00013611	0.14208	supercritical
337.0	930.75	1040.2	0.00096131	228.18	317.65	1.0897	0.92647	1.5979	927.58	-0.019641	0.00013637	0.14228	supercritical
337.0	934.0	1040.9	0.00096071	228.02	317.75	1.0891	0.92662	1.5973	928.95	-0.01973	0.00013662	0.14248	supercritical
337.0	937.25	1041.5	0.00096011	227.87	317.86	1.0885	0.92677	1.5968	930.31	-0.019817	0.00013688	0.14268	supercritical
337.0	940.5	1042.2	0.00095952	227.72	317.96	1.0879	0.92693	1.5962	931.68	-0.019904	0.00013714	0.14288	supercritical
337.0	943.75	1042.8	0.00095893	227.56	318.06	1.0873	0.92708	1.5956	933.04	-0.019991	0.0001374	0.14307	supercritical
337.0	947.0	1043.5	0.00095834	227.41	318.17	1.0866	0.92723	1.595	934.4	-0.020077	0.00013766	0.14327	supercritical
337.0	950.25	1044.1	0.00095775	227.26	318.27	1.086	0.92738	1.5944	935.75	-0.020162	0.00013791	0.14347	supercritical
337.0	953.5	1044.7	0.00095717	227.11	318.38	1.0854	0.92753	1.5938	937.1	-0.020246	0.00013817	0.14366	supercritical
337.0	956.75	1045.4	0.00095659	226.96	318.48	1.0848	0.92768	1.5933	938.45	-0.02033	0.00013843	0.14386	supercritical
337.0	960.0	1046.0	0.00095601	226.81	318.59	1.0842	0.92783	1.5927	939.79	-0.020413	0.00013869	0.14405	supercritical
337.0	963.25	1046.6	0.00095543	226.66	318.69	1.0836	0.92799	1.5921	941.13	-0.020496	0.00013894	0.14425	supercritical
337.0	966.5	1047.3	0.00095486	226.51	318.8	1.083	0.92814	1.5916	942.47	-0.020578	0.0001392	0.14444	supercritical
337.0	969.75	1047.9	0.00095429	226.36	318.91	1.0824	0.92829	1.591	943.8	-0.02066	0.00013946	0.14464	supercritical
337.0	973.0	1048.5	0.00095372	226.22	319.01	1.0818	0.92844	1.5905	945.13	-0.020741	0.00013971	0.14483	supercritical
337.0	976.25	1049.1	0.00095315	226.07	319.12	1.0812	0.9286	1.5899	946.46	-0.020821	0.00013997	0.14503	supercritical
337.0	979.5	1049.8	0.00095259	225.92	319.23	1.0806	0.92875	1.5894	947.78	-0.020901	0.00014022	0.14522	supercritical
337.0	982.75	1050.4	0.00095203	225.78	319.34	1.08	0.9289	1.5889	949.1	-0.02098	0.00014048	0.14541	supercritical
337.0	986.0	1051.0	0.00095147	225.63	319.44	1.0794	0.92905	1.5883	950.42	-0.021059	0.00014073	0.14561	supercritical
337.0	989.25	1051.6	0.00095092	225.48	319.55	1.0788	0.92921	1.5878	951.73	-0.021137	0.00014099	0.1458	supercritical
337.0	992.5	1052.2	0.00095036	225.34	319.66	1.0782	0.92936	1.5873	953.04	-0.021214	0.00014124	0.14599	supercritical
337.0	995.75	1052.8	0.00094981	225.19	319.77	1.0776	0.92951	1.5867	954.35	-0.021291	0.0001415	0.14619	supercritical
337.0	999.0	1053.4	0.00094926	225.05	319.88	1.077	0.92966	1.5862	955.65	-0.021368	0.00014175	0.14638	supercritical
337.0	1002.2	1054.1	0.00094872	224.91	319.99	1.0764	0.92982	1.5857	956.95	-0.021443	0.00014201	0.14657	supercritical
337.0	1005.5	1054.7	0.00094817	224.76	320.1	1.0758	0.92997	1.5852	958.25	-0.021519	0.00014226	0.14677	supercritical
337.0	1008.8	1055.3	0.00094763	224.62	320.21	1.0753	0.93012	1.5847	959.54	-0.021594	0.00014252	0.14696	supercritical
337.0	1012.0	1055.9	0.00094709	224.48	320.33	1.0747	0.93028	1.5842	960.83	-0.021668	0.00014277	0.14715	supercritical
337.0	1015.2	1056.5	0.00094656	224.34	320.44	1.0741	0.93043	1.5837	962.12	-0.021742	0.00014302	0.14734	supercritical
337.0	1018.5	1057.1	0.00094602	224.2	320.55	1.0735	0.93058	1.5832	963.4	-0.021815	0.00014328	0.14753	supercritical
337.0	1021.8	1057.7	0.00094549	224.06	320.66	1.0729	0.93074	1.5827	964.69	-0.021888	0.00014353	0.14772	supercritical
337.0	1025.0	1058.2	0.00094496	223.92	320.77	1.0724	0.93089	1.5822	965.97	-0.02196	0.00014378	0.14792	supercritical
337.0	1028.2	1058.8	0.00094443	223.78	320.89	1.0718	0.93104	1.5817	967.24	-0.022032	0.00014403	0.14811	supercritical
337.0	1031.5	1059.4	0.00094391	223.64	321.0	1.0712	0.9312	1.5812	968.51	-0.022103	0.00014429	0.1483	supercritical
337.0	1034.8	1060.0	0.00094339	223.5	321.11	1.0706	0.93135	1.5807	969.78	-0.022174	0.00014454	0.14849	supercritical
337.0	1038.0	1060.6	0.00094286	223.36	321.23	1.0701	0.93151	1.5803	971.05	-0.022244	0.00014479	0.14868	supercritical
337.0	1041.2	1061.2	0.00094235	223.22	321.34	1.0695	0.93166	1.5798	972.31	-0.022314	0.00014504	0.14887	supercritical
337.0	1044.5	1061.8	0.00094183	223.08	321.46	1.0689	0.93181	1.5793	973.57	-0.022384	0.00014529	0.14905	supercritical
337.0	1047.8	1062.3	0.00094131	222.95	321.57	1.0684	0.93197	1.5789	974.83	-0.022453	0.00014555	0.14924	supercritical
337.0	1051.0	1062.9	0.0009408	222.81	321.69	1.0678	0.93212	1.5784	976.09	-0.022521	0.0001458	0.14943	supercritical
337.0	1054.2	1063.5	0.00094029	222.67	321.8	1.0672	0.93227	1.5779	977.34	-0.022589	0.00014605	0.14962	supercritical
337.0	1057.5	1064.1	0.00093978	222.54	321.92	1.0667	0.93243	1.5775	978.59	-0.022657	0.0001463	0.14981	supercritical
337.0	1060.8	1064.6	0.00093928	222.4	322.04	1.0661	0.93258	1.577	979.83	-0.022724	0.00014655	0.15	supercritical
337.0	1064.0	1065.2	0.00093877	222.27	322.15	1.0655	0.93274	1.5766	981.08	-0.022791	0.0001468	0.15018	supercritical
337.0	1067.2	1065.8	0.00093827	222.13	322.27	1.065	0.93289	1.5761	982.32	-0.022857	0.00014705	0.15037	supercritical
337.0	1070.5	1066.4	0.00093777	222.0	322.39	1.0644	0.93305	1.5757	983.56	-0.022923	0.0001473	0.15056	supercritical
337.0	1073.8	1066.9	0.00093727	221.86	322.5	1.0639	0.9332	1.5752	984.79	-0.022988	0.00014755	0.15075	supercritical
337.0	1077.0	1067.5	0.00093678	221.73	322.62	1.0633	0.93336	1.5748	986.02	-0.023053	0.0001478	0.15093	supercritical
337.0	1080.2	1068.1	0.00093628	221.6	322.74	1.0628	0.93351	1.5743	987.25	-0.023117	0.00014805	0.15112	supercritical
337.0	1083.5	1068.6	0.00093579	221.47	322.86	1.0622	0.93366	1.5739	988.48	-0.023182	0.0001483	0.1513	supercritical
337.0	1086.8	1069.2	0.0009353	221.33	322.98	1.0617	0.93382	1.5735	989.7	-0.023245	0.00014855	0.15149	supercritical
337.0	1090.0	1069.7	0.00093481	221.2	323.1	1.0611	0.93397	1.573	990.92	-0.023309	0.0001488	0.15168	supercritical
337.0	1093.2	1070.3	0.00093433	221.07	323.22	1.0606	0.93413	1.5726	992.14	-0.023371	0.00014905	0.15186	supercritical
337.0	1096.5	1070.8	0.00093384	220.94	323.34	1.06	0.93428	1.5722	993.36	-0.023434	0.0001493	0.15205	supercritical
337.0	1099.8	1071.4	0.00093336	220.81	323.46	1.0595	0.93444	1.5718	994.57	-0.023496	0.00014955	0.15223	supercritical
337.0	1103.0	1071.9	0.00093288	220.68	323.58	1.0589	0.93459	1.5713	995.78	-0.023558	0.0001498	0.15242	supercritical
337.0	1106.2	1072.5	0.0009324	220.55	323.7	1.0584	0.93475	1.5709	996.99	-0.023619	0.00015004	0.1526	supercritical
337.0	1109.5	1073.0	0.00093193	220.42	323.82	1.0579	0.9349	1.5705	998.19	-0.02368	0.00015029	0.15278	supercritical
337.0	1112.8	1073.6	0.00093145	220.29	323.94	1.0573	0.93506	1.5701	999.39	-0.02374	0.00015054	0.15297	supercritical
337.0	1116.0	1074.1	0.00093098	220.16	324.06	1.0568	0.93521	1.5697	1000.6	-0.0238	0.00015079	0.15315	supercritical
337.0	1119.2	1074.7	0.00093051	220.03	324.18	1.0562	0.93537	1.5693	1001.8	-0.02386	0.00015104	0.15334	supercritical
337.0	1122.5	1075.2	0.00093004	219.91	324.3	1.0557	0.93552	1.5689	1003.0	-0.02392	0.00015128	0.15352	supercritical
337.0	1125.8	1075.8	0.00092957	219.78	324.42	1.0552	0.93568	1.5685	1004.2	-0.023979	0.00015153	0.1537	supercritical
337.0	1129.0	1076.3	0.0009291	219.65	324.55	1.0546	0.93583	1.5681	1005.4	-0.024037	0.00015178	0.15388	supercritical
337.0	1132.2	1076.8	0.00092864	219.52	324.67	1.0541	0.93599	1.5677	1006.6	-0.024095	0.00015203	0.15407	supercritical
337.0	1135.5	1077.4	0.00092818	219.4	324.79	1.0536	0.93614	1.5673	1007.7	-0.024153	0.00015227	0.15425	supercritical
337.0	1138.8	1077.9	0.00092772	219.27	324.92	1.053	0.9363	1.5669	1008.9	-0.024211	0.00015252	0.15443	supercritical
337.0	1142.0	1078.5	0.00092726	219.15	325.04	1.0525	0.93645	1.5665	1010.1	-0.024268	0.00015277	0.15461	supercritical
337.0	1145.2	1079.0	0.0009268	219.02	325.16	1.052	0.93661	1.5661	1011.3	-0.024325	0.00015301	0.15479	supercritical
337.0	1148.5	1079.5	0.00092634	218.9	325.29	1.0515	0.93677	1.5657	1012.4	-0.024381	0.00015326	0.15498	supercritical
337.0	1151.8	1080.0	0.00092589	218.77	325.41	1.0509	0.93692	1.5654	1013.6	-0.024437	0.00015351	0.15516	supercritical
337.0	1155.0	1080.6	0.00092544	218.65	325.54	1.0504	0.93708	1.565	1014.8	-0.024493	0.00015375	0.15534	supercritical
337.0	1158.2	1081.1	0.00092499	218.52	325.66	1.0499	0.93723	1.5646	1016.0	-0.024549	0.000154	0.15552	supercritical
337.0	1161.5	1081.6	0.00092454	218.4	325.79	1.0494	0.93739	1.5642	1017.1	-0.024604	0.00015425	0.1557	supercritical
337.0	1164.8	1082.1	0.00092409	218.28	325.91	1.0489	0.93754	1.5639	1018.3	-0.024659	0.00015449	0.15588	supercritical
337.0	1168.0	1082.7	0.00092364	218.15	326.04	1.0483	0.9377	1.5635	1019.4	-0.024713	0.00015474	0.15606	supercritical
337.0	1171.2	1083.2	0.0009232	218.03	326.16	1.0478	0.93786	1.5631	1020.6	-0.024767	0.00015498	0.15624	supercritical
337.0	1174.5	1083.7	0.00092276	217.91	326.29	1.0473	0.93801	1.5627	1021.7	-0.024821	0.00015523	0.15642	supercritical
337.0	1177.8	1084.2	0.00092232	217.79	326.41	1.0468	0.93817	1.5624	1022.9	-0.024874	0.00015547	0.1566	supercritical
337.0	1181.0	1084.7	0.00092188	217.67	326.54	1.0463	0.93832	1.562	1024.0	-0.024927	0.00015572	0.15678	supercritical
337.0	1184.2	1085.3	0.00092144	217.55	326.67	1.0458	0.93848	1.5617	1025.2	-0.02498	0.00015596	0.15696	supercritical
337.0	1187.5	1085.8	0.000921	217.42	326.79	1.0453	0.93863	1.5613	1026.3	-0.025033	0.00015621	0.15714	supercritical
337.0	1190.8	1086.3	0.00092057	217.3	326.92	1.0447	0.93879	1.561	1027.5	-0.025085	0.00015645	0.15731	supercritical
337.0	1194.0	1086.8	0.00092014	217.18	327.05	1.0442	0.93895	1.5606	1028.6	-0.025137	0.0001567	0.15749	supercritical
337.0	1197.2	1087.3	0.00091971	217.06	327.18	1.0437	0.9391	1.5603	1029.8	-0.025188	0.00015694	0.15767	supercritical
337.0	1200.5	1087.8	0.00091928	216.94	327.3	1.0432	0.93926	1.5599	1030.9	-0.02524	0.00015719	0.15785	supercritical
337.0	1203.8	1088.3	0.00091885	216.83	327.43	1.0427	0.93941	1.5596	1032.0	-0.025291	0.00015743	0.15803	supercritical
337.0	1207.0	1088.8	0.00091842	216.71	327.56	1.0422	0.93957	1.5592	1033.2	-0.025341	0.00015767	0.1582	supercritical
337.0	1210.2	1089.3	0.00091799	216.59	327.69	1.0417	0.93973	1.5589	1034.3	-0.025392	0.00015792	0.15838	supercritical
337.0	1213.5	1089.8	0.00091757	216.47	327.82	1.0412	0.93988	1.5585	1035.4	-0.025442	0.00015816	0.15856	supercritical
337.0	1216.8	1090.3	0.00091715	216.35	327.95	1.0407	0.94004	1.5582	1036.5	-0.025491	0.00015841	0.15874	supercritical
337.0	1220.0	1090.8	0.00091673	216.23	328.08	1.0402	0.94019	1.5579	1037.7	-0.025541	0.00015865	0.15891	supercritical
337.0	1223.2	1091.3	0.00091631	216.12	328.2	1.0397	0.94035	1.5575	1038.8	-0.02559	0.00015889	0.15909	supercritical
337.0	1226.5	1091.8	0.00091589	216.0	328.33	1.0392	0.94051	1.5572	1039.9	-0.025639	0.00015914	0.15927	supercritical
337.0	1229.8	1092.3	0.00091547	215.88	328.46	1.0387	0.94066	1.5569	1041.0	-0.025688	0.00015938	0.15944	supercritical
337.0	1233.0	1092.8	0.00091506	215.77	328.59	1.0382	0.94082	1.5565	1042.1	-0.025736	0.00015962	0.15962	supercritical
337.0	1236.2	1093.3	0.00091464	215.65	328.72	1.0377	0.94098	1.5562	1043.2	-0.025784	0.00015987	0.15979	supercritical
337.0	1239.5	1093.8	0.00091423	215.54	328.86	1.0372	0.94113	1.5559	1044.3	-0.025832	0.00016011	0.15997	supercritical
337.0	1242.8	1094.3	0.00091382	215.42	328.99	1.0367	0.94129	1.5556	1045.4	-0.025879	0.00016035	0.16015	supercritical
337.0	1246.0	1094.8	0.00091341	215.31	329.12	1.0362	0.94144	1.5552	1046.6	-0.025927	0.0001606	0.16032	supercritical
337.0	1249.2	1095.3	0.000913	215.19	329.25	1.0357	0.9416	1.5549	1047.7	-0.025974	0.00016084	0.1605	supercritical
337.0	1252.5	1095.8	0.0009126	215.08	329.38	1.0352	0.94176	1.5546	1048.8	-0.02602	0.00016108	0.16067	supercritical
337.0	1255.8	1096.3	0.00091219	214.96	329.51	1.0348	0.94191	1.5543	1049.9	-0.026067	0.00016132	0.16085	supercritical
337.0	1259.0	1096.7	0.00091179	214.85	329.64	1.0343	0.94207	1.554	1050.9	-0.026113	0.00016156	0.16102	supercritical
337.0	1262.2	1097.2	0.00091138	214.74	329.77	1.0338	0.94223	1.5537	1052.0	-0.026159	0.00016181	0.16119	supercritical
337.0	1265.5	1097.7	0.00091098	214.62	329.91	1.0333	0.94238	1.5534	1053.1	-0.026204	0.00016205	0.16137	supercritical
337.0	1268.8	1098.2	0.00091058	214.51	330.04	1.0328	0.94254	1.553	1054.2	-0.02625	0.00016229	0.16154	supercritical
337.0	1272.0	1098.7	0.00091018	214.4	330.17	1.0323	0.94269	1.5527	1055.3	-0.026295	0.00016253	0.16172	supercritical
337.0	1275.2	1099.2	0.00090978	214.28	330.3	1.0318	0.94285	1.5524	1056.4	-0.02634	0.00016277	0.16189	supercritical
337.0	1278.5	1099.6	0.00090939	214.17	330.44	1.0314	0.94301	1.5521	1057.5	-0.026384	0.00016302	0.16206	supercritical
337.0	1281.8	1100.1	0.00090899	214.06	330.57	1.0309	0.94316	1.5518	1058.6	-0.026429	0.00016326	0.16224	supercritical
337.0	1285.0	1100.6	0.0009086	213.95	330.7	1.0304	0.94332	1.5515	1059.6	-0.026473	0.0001635	0.16241	supercritical
337.0	1288.2	1101.1	0.00090821	213.84	330.84	1.0299	0.94348	1.5512	1060.7	-0.026517	0.00016374	0.16258	supercritical
337.0	1291.5	1101.5	0.00090782	213.73	330.97	1.0294	0.94363	1.5509	1061.8	-0.02656	0.00016398	0.16275	supercritical
337.0	1294.8	1102.0	0.00090743	213.62	331.11	1.029	0.94379	1.5506	1062.9	-0.026604	0.00016422	0.16293	supercritical
337.0	1298.0	1102.5	0.00090704	213.51	331.24	1.0285	0.94395	1.5504	1063.9	-0.026647	0.00016446	0.1631	supercritical
337.0	1301.2	1103.0	0.00090665	213.4	331.37	1.028	0.9441	1.5501	1065.0	-0.02669	0.0001647	0.16327	supercritical
337.0	1304.5	1103.4	0.00090626	213.29	331.51	1.0275	0.94426	1.5498	1066.1	-0.026733	0.00016495	0.16344	supercritical
337.0	1307.8	1103.9	0.00090588	213.18	331.64	1.0271	0.94442	1.5495	1067.1	-0.026775	0.00016519	0.16362	supercritical
337.0	1311.0	1104.4	0.0009055	213.07	331.78	1.0266	0.94457	1.5492	1068.2	-0.026817	0.00016543	0.16379	supercritical
337.0	1314.2	1104.8	0.00090511	212.96	331.91	1.0261	0.94473	1.5489	1069.3	-0.026859	0.00016567	0.16396	supercritical
337.0	1317.5	1105.3	0.00090473	212.85	332.05	1.0256	0.94489	1.5486	1070.3	-0.026901	0.00016591	0.16413	supercritical
337.0	1320.8	1105.8	0.00090435	212.74	332.18	1.0252	0.94504	1.5484	1071.4	-0.026943	0.00016615	0.1643	supercritical
337.0	1324.0	1106.2	0.00090397	212.63	332.32	1.0247	0.9452	1.5481	1072.4	-0.026984	0.00016639	0.16447	supercritical
337.0	1327.2	1106.7	0.0009036	212.53	332.46	1.0242	0.94535	1.5478	1073.5	-0.027025	0.00016663	0.16464	supercritical
337.0	1330.5	1107.2	0.00090322	212.42	332.59	1.0238	0.94551	1.5475	1074.5	-0.027066	0.00016687	0.16481	supercritical
337.0	1333.8	1107.6	0.00090284	212.31	332.73	1.0233	0.94567	1.5472	1075.6	-0.027106	0.00016711	0.16498	supercritical
337.0	1337.0	1108.1	0.00090247	212.2	332.86	1.0228	0.94582	1.547	1076.6	-0.027147	0.00016735	0.16515	supercritical
337.0	1340.2	1108.5	0.0009021	212.1	333.0	1.0224	0.94598	1.5467	1077.7	-0.027187	0.00016759	0.16533	supercritical
337.0	1343.5	1109.0	0.00090173	211.99	333.14	1.0219	0.94614	1.5464	1078.7	-0.027227	0.00016783	0.1655	supercritical
337.0	1346.8	1109.4	0.00090135	211.88	333.27	1.0214	0.94629	1.5462	1079.8	-0.027267	0.00016807	0.16566	supercritical
337.0	1350.0	1109.9	0.00090099	211.78	333.41	1.021	0.94645	1.5459	1080.8	-0.027306	0.00016831	0.16583	supercritical
337.0	1353.2	1110.4	0.00090062	211.67	333.55	1.0205	0.94661	1.5456	1081.8	-0.027346	0.00016855	0.166	supercritical
337.0	1356.5	1110.8	0.00090025	211.57	333.69	1.0201	0.94676	1.5454	1082.9	-0.027385	0.00016879	0.16617	supercritical
337.0	1359.8	1111.3	0.00089988	211.46	333.82	1.0196	0.94692	1.5451	1083.9	-0.027424	0.00016902	0.16634	supercritical
337.0	1363.0	1111.7	0.00089952	211.36	333.96	1.0191	0.94708	1.5448	1084.9	-0.027462	0.00016926	0.16651	supercritical
337.0	1366.2	1112.2	0.00089915	211.25	334.1	1.0187	0.94723	1.5446	1086.0	-0.027501	0.0001695	0.16668	supercritical
337.0	1369.5	1112.6	0.00089879	211.15	334.24	1.0182	0.94739	1.5443	1087.0	-0.027539	0.00016974	0.16685	supercritical
337.0	1372.8	1113.1	0.00089843	211.04	334.38	1.0178	0.94755	1.5441	1088.0	-0.027577	0.00016998	0.16702	supercritical
337.0	1376.0	1113.5	0.00089807	210.94	334.51	1.0173	0.9477	1.5438	1089.0	-0.027615	0.00017022	0.16719	supercritical
337.0	1379.2	1113.9	0.00089771	210.84	334.65	1.0169	0.94786	1.5436	1090.1	-0.027653	0.00017046	0.16735	supercritical
337.0	1382.5	1114.4	0.00089735	210.73	334.79	1.0164	0.94802	1.5433	1091.1	-0.02769	0.0001707	0.16752	supercritical
337.0	1385.8	1114.8	0.00089699	210.63	334.93	1.0159	0.94817	1.5431	1092.1	-0.027728	0.00017094	0.16769	supercritical
337.0	1389.0	1115.3	0.00089664	210.53	335.07	1.0155	0.94833	1.5428	1093.1	-0.027765	0.00017117	0.16786	supercritical
337.0	1392.2	1115.7	0.00089628	210.42	335.21	1.015	0.94849	1.5426	1094.1	-0.027802	0.00017141	0.16803	supercritical
337.0	1395.5	1116.2	0.00089593	210.32	335.35	1.0146	0.94864	1.5423	1095.1	-0.027838	0.00017165	0.16819	supercritical
337.0	1398.8	1116.6	0.00089558	210.22	335.49	1.0141	0.9488	1.5421	1096.2	-0.027875	0.00017189	0.16836	supercritical
337.0	1402.0	1117.0	0.00089522	210.12	335.63	1.0137	0.94896	1.5418	1097.2	-0.027911	0.00017213	0.16853	supercritical
337.0	1405.2	1117.5	0.00089487	210.02	335.77	1.0132	0.94911	1.5416	1098.2	-0.027947	0.00017236	0.1687	supercritical
337.0	1408.5	1117.9	0.00089452	209.92	335.91	1.0128	0.94927	1.5413	1099.2	-0.027983	0.0001726	0.16886	supercritical
337.0	1411.8	1118.4	0.00089417	209.81	336.05	1.0124	0.94943	1.5411	1100.2	-0.028019	0.00017284	0.16903	supercritical
337.0	1415.0	1118.8	0.00089383	209.71	336.19	1.0119	0.94958	1.5409	1101.2	-0.028055	0.00017308	0.1692	supercritical
337.0	1418.2	1119.2	0.00089348	209.61	336.33	1.0115	0.94974	1.5406	1102.2	-0.02809	0.00017332	0.16936	supercritical
337.0	1421.5	1119.7	0.00089313	209.51	336.47	1.011	0.9499	1.5404	1103.2	-0.028125	0.00017355	0.16953	supercritical
337.0	1424.8	1120.1	0.00089279	209.41	336.61	1.0106	0.95005	1.5401	1104.2	-0.02816	0.00017379	0.16969	supercritical
337.0	1428.0	1120.5	0.00089244	209.31	336.75	1.0101	0.95021	1.5399	1105.2	-0.028195	0.00017403	0.16986	supercritical
337.0	1431.2	1120.9	0.0008921	209.21	336.89	1.0097	0.95036	1.5397	1106.2	-0.02823	0.00017427	0.17003	supercritical
337.0	1434.5	1121.4	0.00089176	209.11	337.04	1.0093	0.95052	1.5394	1107.2	-0.028264	0.0001745	0.17019	supercritical
337.0	1437.8	1121.8	0.00089142	209.01	337.18	1.0088	0.95068	1.5392	1108.2	-0.028299	0.00017474	0.17036	supercritical
337.0	1441.0	1122.2	0.00089108	208.91	337.32	1.0084	0.95083	1.539	1109.2	-0.028333	0.00017498	0.17052	supercritical
337.0	1444.2	1122.7	0.00089074	208.81	337.46	1.0079	0.95099	1.5388	1110.1	-0.028367	0.00017521	0.17069	supercritical
337.0	1447.5	1123.1	0.0008904	208.72	337.6	1.0075	0.95115	1.5385	1111.1	-0.028401	0.00017545	0.17085	supercritical
337.0	1450.8	1123.5	0.00089006	208.62	337.74	1.0071	0.9513	1.5383	1112.1	-0.028434	0.00017569	0.17102	supercritical
337.0	1454.0	1123.9	0.00088973	208.52	337.89	1.0066	0.95146	1.5381	1113.1	-0.028468	0.00017593	0.17118	supercritical
337.0	1457.2	1124.4	0.00088939	208.42	338.03	1.0062	0.95162	1.5379	1114.1	-0.028501	0.00017616	0.17135	supercritical
337.0	1460.5	1124.8	0.00088906	208.32	338.17	1.0058	0.95177	1.5376	1115.1	-0.028534	0.0001764	0.17151	supercritical
337.0	1463.8	1125.2	0.00088872	208.23	338.31	1.0053	0.95193	1.5374	1116.0	-0.028567	0.00017664	0.17168	supercritical
337.0	1467.0	1125.6	0.00088839	208.13	338.46	1.0049	0.95209	1.5372	1117.0	-0.0286	0.00017687	0.17184	supercritical
337.0	1470.2	1126.0	0.00088806	208.03	338.6	1.0045	0.95224	1.537	1118.0	-0.028633	0.00017711	0.17201	supercritical
337.0	1473.5	1126.5	0.00088773	207.94	338.74	1.004	0.9524	1.5368	1119.0	-0.028665	0.00017735	0.17217	supercritical
337.0	1476.8	1126.9	0.0008874	207.84	338.89	1.0036	0.95255	1.5365	1119.9	-0.028697	0.00017758	0.17233	supercritical
337.0	1480.0	1127.3	0.00088707	207.74	339.03	1.0032	0.95271	1.5363	1120.9	-0.028729	0.00017782	0.1725	supercritical
337.0	1483.2	1127.7	0.00088674	207.65	339.17	1.0027	0.95287	1.5361	1121.9	-0.028761	0.00017805	0.17266	supercritical
337.0	1486.5	1128.1	0.00088642	207.55	339.32	1.0023	0.95302	1.5359	1122.8	-0.028793	0.00017829	0.17282	supercritical
337.0	1489.8	1128.6	0.00088609	207.45	339.46	1.0019	0.95318	1.5357	1123.8	-0.028825	0.00017853	0.17299	supercritical
337.0	1493.0	1129.0	0.00088577	207.36	339.6	1.0014	0.95334	1.5355	1124.8	-0.028856	0.00017876	0.17315	supercritical
337.0	1496.2	1129.4	0.00088544	207.26	339.75	1.001	0.95349	1.5353	1125.7	-0.028888	0.000179	0.17331	supercritical
337.0	1499.5	1129.8	0.00088512	207.17	339.89	1.0006	0.95365	1.5351	1126.7	-0.028919	0.00017924	0.17348	supercritical
337.0	1502.8	1130.2	0.0008848	207.07	340.04	1.0002	0.95381	1.5349	1127.6	-0.02895	0.00017947	0.17364	supercritical
337.0	1506.0	1130.6	0.00088447	206.98	340.18	0.99975	0.95396	1.5347	1128.6	-0.028981	0.00017971	0.1738	supercritical
337.0	1509.2	1131.0	0.00088415	206.88	340.33	0.99932	0.95412	1.5344	1129.6	-0.029012	0.00017994	0.17396	supercritical
337.0	1512.5	1131.4	0.00088383	206.79	340.47	0.9989	0.95427	1.5342	1130.5	-0.029042	0.00018018	0.17413	supercritical
337.0	1515.8	1131.8	0.00088352	206.7	340.62	0.99848	0.95443	1.534	1131.5	-0.029073	0.00018041	0.17429	supercritical
337.0	1519.0	1132.2	0.0008832	206.6	340.76	0.99805	0.95459	1.5338	1132.4	-0.029103	0.00018065	0.17445	supercritical
337.0	1522.2	1132.7	0.00088288	206.51	340.91	0.99763	0.95474	1.5336	1133.4	-0.029133	0.00018088	0.17461	supercritical
337.0	1525.5	1133.1	0.00088256	206.42	341.05	0.99721	0.9549	1.5334	1134.3	-0.029163	0.00018112	0.17478	supercritical
337.0	1528.8	1133.5	0.00088225	206.32	341.2	0.99679	0.95506	1.5332	1135.3	-0.029193	0.00018136	0.17494	supercritical
337.0	1532.0	1133.9	0.00088193	206.23	341.34	0.99638	0.95521	1.533	1136.2	-0.029223	0.00018159	0.1751	supercritical
337.0	1535.2	1134.3	0.00088162	206.14	341.49	0.99596	0.95537	1.5328	1137.1	-0.029252	0.00018183	0.17526	supercritical
337.0	1538.5	1134.7	0.00088131	206.04	341.63	0.99554	0.95552	1.5327	1138.1	-0.029282	0.00018206	0.17542	supercritical
337.0	1541.8	1135.1	0.00088099	205.95	341.78	0.99512	0.95568	1.5325	1139.0	-0.029311	0.0001823	0.17558	supercritical
337.0	1545.0	1135.5	0.00088068	205.86	341.93	0.99471	0.95584	1.5323	1140.0	-0.02934	0.00018253	0.17574	supercritical
337.0	1548.2	1135.9	0.00088037	205.77	342.07	0.99429	0.95599	1.5321	1140.9	-0.029369	0.00018277	0.17591	supercritical
337.0	1551.5	1136.3	0.00088006	205.68	342.22	0.99388	0.95615	1.5319	1141.8	-0.029398	0.000183	0.17607	supercritical
337.0	1554.8	1136.7	0.00087975	205.58	342.36	0.99346	0.9563	1.5317	1142.8	-0.029427	0.00018324	0.17623	supercritical
337.0	1558.0	1137.1	0.00087945	205.49	342.51	0.99305	0.95646	1.5315	1143.7	-0.029455	0.00018347	0.17639	supercritical
337.0	1561.2	1137.5	0.00087914	205.4	342.66	0.99264	0.95662	1.5313	1144.6	-0.029484	0.00018371	0.17655	supercritical
337.0	1564.5	1137.9	0.00087883	205.31	342.8	0.99222	0.95677	1.5311	1145.6	-0.029512	0.00018394	0.17671	supercritical
337.0	1567.8	1138.3	0.00087853	205.22	342.95	0.99181	0.95693	1.5309	1146.5	-0.02954	0.00018418	0.17687	supercritical
337.0	1571.0	1138.7	0.00087822	205.13	343.1	0.9914	0.95708	1.5308	1147.4	-0.029568	0.00018441	0.17703	supercritical
337.0	1574.2	1139.1	0.00087792	205.04	343.25	0.99099	0.95724	1.5306	1148.3	-0.029596	0.00018465	0.17719	supercritical
337.0	1577.5	1139.5	0.00087761	204.95	343.39	0.99058	0.9574	1.5304	1149.3	-0.029624	0.00018488	0.17735	supercritical
337.0	1580.8	1139.8	0.00087731	204.86	343.54	0.99017	0.95755	1.5302	1150.2	-0.029652	0.00018511	0.17751	supercritical
337.0	1584.0	1140.2	0.00087701	204.77	343.69	0.98977	0.95771	1.53	1151.1	-0.029679	0.00018535	0.17767	supercritical
337.0	1587.2	1140.6	0.00087671	204.68	343.84	0.98936	0.95786	1.5298	1152.0	-0.029707	0.00018558	0.17783	supercritical
337.0	1590.5	1141.0	0.00087641	204.59	343.98	0.98895	0.95802	1.5297	1152.9	-0.029734	0.00018582	0.17799	supercritical
337.0	1593.8	1141.4	0.00087611	204.5	344.13	0.98854	0.95817	1.5295	1153.9	-0.029761	0.00018605	0.17815	supercritical
337.0	1597.0	1141.8	0.00087581	204.41	344.28	0.98814	0.95833	1.5293	1154.8	-0.029788	0.00018629	0.17831	supercritical
337.0	1600.2	1142.2	0.00087551	204.32	344.43	0.98773	0.95849	1.5291	1155.7	-0.029815	0.00018652	0.17847	supercritical
337.0	1603.5	1142.6	0.00087522	204.23	344.58	0.98733	0.95864	1.5289	1156.6	-0.029842	0.00018675	0.17862	supercritical
337.0	1606.8	1143.0	0.00087492	204.15	344.72	0.98693	0.9588	1.5288	1157.5	-0.029868	0.00018699	0.17878	supercritical
337.0	1610.0	1143.3	0.00087462	204.06	344.87	0.98652	0.95895	1.5286	1158.4	-0.029895	0.00018722	0.17894	supercritical
337.0	1613.2	1143.7	0.00087433	203.97	345.02	0.98612	0.95911	1.5284	1159.3	-0.029921	0.00018746	0.1791	supercritical
337.0	1616.5	1144.1	0.00087403	203.88	345.17	0.98572	0.95926	1.5283	1160.2	-0.029947	0.00018769	0.17926	supercritical
337.0	1619.8	1144.5	0.00087374	203.79	345.32	0.98532	0.95942	1.5281	1161.1	-0.029973	0.00018792	0.17942	supercritical
337.0	1623.0	1144.9	0.00087345	203.71	345.47	0.98492	0.95958	1.5279	1162.1	-0.029999	0.00018816	0.17958	supercritical
337.0	1626.2	1145.3	0.00087316	203.62	345.62	0.98452	0.95973	1.5277	1163.0	-0.030025	0.00018839	0.17973	supercritical
337.0	1629.5	1145.7	0.00087286	203.53	345.77	0.98412	0.95989	1.5276	1163.9	-0.030051	0.00018862	0.17989	supercritical
337.0	1632.8	1146.0	0.00087257	203.44	345.91	0.98372	0.96004	1.5274	1164.8	-0.030077	0.00018886	0.18005	supercritical
337.0	1636.0	1146.4	0.00087228	203.36	346.06	0.98332	0.9602	1.5272	1165.7	-0.030102	0.00018909	0.18021	supercritical
337.0	1639.2	1146.8	0.00087199	203.27	346.21	0.98292	0.96035	1.5271	1166.6	-0.030128	0.00018933	0.18037	supercritical
337.0	1642.5	1147.2	0.00087171	203.18	346.36	0.98253	0.96051	1.5269	1167.4	-0.030153	0.00018956	0.18052	supercritical
337.0	1645.8	1147.6	0.00087142	203.1	346.51	0.98213	0.96066	1.5267	1168.3	-0.030178	0.00018979	0.18068	supercritical
337.0	1649.0	1147.9	0.00087113	203.01	346.66	0.98173	0.96082	1.5266	1169.2	-0.030203	0.00019003	0.18084	supercritical
337.0	1652.2	1148.3	0.00087085	202.93	346.81	0.98134	0.96097	1.5264	1170.1	-0.030228	0.00019026	0.181	supercritical
337.0	1655.5	1148.7	0.00087056	202.84	346.96	0.98094	0.96113	1.5262	1171.0	-0.030253	0.00019049	0.18115	supercritical
337.0	1658.8	1149.1	0.00087028	202.76	347.11	0.98055	0.96129	1.5261	1171.9	-0.030278	0.00019073	0.18131	supercritical
337.0	1662.0	1149.4	0.00086999	202.67	347.26	0.98016	0.96144	1.5259	1172.8	-0.030302	0.00019096	0.18147	supercritical
337.0	1665.2	1149.8	0.00086971	202.58	347.41	0.97976	0.9616	1.5258	1173.7	-0.030327	0.00019119	0.18162	supercritical
337.0	1668.5	1150.2	0.00086942	202.5	347.56	0.97937	0.96175	1.5256	1174.6	-0.030351	0.00019143	0.18178	supercritical
337.0	1671.8	1150.6	0.00086914	202.41	347.71	0.97898	0.96191	1.5254	1175.5	-0.030375	0.00019166	0.18194	supercritical
337.0	1675.0	1150.9	0.00086886	202.33	347.86	0.97859	0.96206	1.5253	1176.3	-0.030399	0.00019189	0.18209	supercritical
337.0	1678.2	1151.3	0.00086858	202.25	348.02	0.9782	0.96222	1.5251	1177.2	-0.030423	0.00019212	0.18225	supercritical
337.0	1681.5	1151.7	0.0008683	202.16	348.17	0.97781	0.96237	1.525	1178.1	-0.030447	0.00019236	0.18241	supercritical
337.0	1684.8	1152.0	0.00086802	202.08	348.32	0.97742	0.96253	1.5248	1179.0	-0.030471	0.00019259	0.18256	supercritical
337.0	1688.0	1152.4	0.00086774	201.99	348.47	0.97703	0.96268	1.5247	1179.9	-0.030495	0.00019282	0.18272	supercritical
337.0	1691.2	1152.8	0.00086746	201.91	348.62	0.97664	0.96284	1.5245	1180.7	-0.030519	0.00019306	0.18288	supercritical
337.0	1694.5	1153.2	0.00086719	201.83	348.77	0.97626	0.96299	1.5244	1181.6	-0.030542	0.00019329	0.18303	supercritical
337.0	1697.8	1153.5	0.00086691	201.74	348.92	0.97587	0.96315	1.5242	1182.5	-0.030565	0.00019352	0.18319	supercritical
337.0	1701.0	1153.9	0.00086663	201.66	349.07	0.97548	0.9633	1.5241	1183.4	-0.030589	0.00019375	0.18334	supercritical
337.0	1704.2	1154.3	0.00086636	201.58	349.22	0.9751	0.96346	1.5239	1184.2	-0.030612	0.00019399	0.1835	supercritical
337.0	1707.5	1154.6	0.00086608	201.49	349.38	0.97471	0.96361	1.5238	1185.1	-0.030635	0.00019422	0.18365	supercritical
337.0	1710.8	1155.0	0.00086581	201.41	349.53	0.97433	0.96377	1.5236	1186.0	-0.030658	0.00019445	0.18381	supercritical
337.0	1714.0	1155.4	0.00086554	201.33	349.68	0.97394	0.96392	1.5235	1186.8	-0.030681	0.00019469	0.18396	supercritical
337.0	1717.2	1155.7	0.00086526	201.24	349.83	0.97356	0.96408	1.5233	1187.7	-0.030704	0.00019492	0.18412	supercritical
337.0	1720.5	1156.1	0.00086499	201.16	349.98	0.97317	0.96423	1.5232	1188.6	-0.030726	0.00019515	0.18428	supercritical
337.0	1723.8	1156.4	0.00086472	201.08	350.14	0.97279	0.96439	1.523	1189.4	-0.030749	0.00019538	0.18443	supercritical
337.0	1727.0	1156.8	0.00086445	201.0	350.29	0.97241	0.96454	1.5229	1190.3	-0.030771	0.00019562	0.18459	supercritical
337.0	1730.2	1157.2	0.00086418	200.92	350.44	0.97203	0.9647	1.5227	1191.1	-0.030794	0.00019585	0.18474	supercritical
337.0	1733.5	1157.5	0.00086391	200.83	350.59	0.97165	0.96485	1.5226	1192.0	-0.030816	0.00019608	0.18489	supercritical
337.0	1736.8	1157.9	0.00086364	200.75	350.75	0.97127	0.96501	1.5224	1192.9	-0.030838	0.00019631	0.18505	supercritical
337.0	1740.0	1158.3	0.00086337	200.67	350.9	0.97089	0.96516	1.5223	1193.7	-0.03086	0.00019654	0.1852	supercritical
337.0	1743.2	1158.6	0.0008631	200.59	351.05	0.97051	0.96531	1.5222	1194.6	-0.030882	0.00019678	0.18536	supercritical
337.0	1746.5	1159.0	0.00086284	200.51	351.2	0.97013	0.96547	1.522	1195.4	-0.030904	0.00019701	0.18551	supercritical
337.0	1749.8	1159.3	0.00086257	200.43	351.36	0.96975	0.96562	1.5219	1196.3	-0.030926	0.00019724	0.18567	supercritical
337.0	1753.0	1159.7	0.0008623	200.35	351.51	0.96937	0.96578	1.5217	1197.1	-0.030947	0.00019747	0.18582	supercritical
337.0	1756.2	1160.0	0.00086204	200.27	351.66	0.969	0.96593	1.5216	1198.0	-0.030969	0.00019771	0.18597	supercritical
337.0	1759.5	1160.4	0.00086177	200.19	351.82	0.96862	0.96609	1.5215	1198.8	-0.030991	0.00019794	0.18613	supercritical
337.0	1762.8	1160.8	0.00086151	200.11	351.97	0.96824	0.96624	1.5213	1199.7	-0.031012	0.00019817	0.18628	supercritical
337.0	1766.0	1161.1	0.00086124	200.03	352.12	0.96787	0.9664	1.5212	1200.5	-0.031033	0.0001984	0.18644	supercritical
337.0	1769.2	1161.5	0.00086098	199.95	352.28	0.96749	0.96655	1.521	1201.4	-0.031054	0.00019863	0.18659	supercritical
337.0	1772.5	1161.8	0.00086072	199.87	352.43	0.96712	0.96671	1.5209	1202.2	-0.031076	0.00019887	0.18674	supercritical
337.0	1775.8	1162.2	0.00086046	199.79	352.58	0.96674	0.96686	1.5208	1203.1	-0.031097	0.0001991	0.1869	supercritical
337.0	1779.0	1162.5	0.0008602	199.71	352.74	0.96637	0.96701	1.5206	1203.9	-0.031118	0.00019933	0.18705	supercritical
337.0	1782.2	1162.9	0.00085994	199.63	352.89	0.966	0.96717	1.5205	1204.8	-0.031138	0.00019956	0.1872	supercritical
337.0	1785.5	1163.2	0.00085968	199.55	353.05	0.96563	0.96732	1.5204	1205.6	-0.031159	0.00019979	0.18736	supercritical
337.0	1788.8	1163.6	0.00085942	199.47	353.2	0.96525	0.96748	1.5202	1206.4	-0.03118	0.00020002	0.18751	supercritical
337.0	1792.0	1163.9	0.00085916	199.39	353.35	0.96488	0.96763	1.5201	1207.3	-0.0312	0.00020026	0.18766	supercritical
337.0	1795.2	1164.3	0.0008589	199.31	353.51	0.96451	0.96778	1.52	1208.1	-0.031221	0.00020049	0.18782	supercritical
337.0	1798.5	1164.6	0.00085864	199.23	353.66	0.96414	0.96794	1.5199	1209.0	-0.031241	0.00020072	0.18797	supercritical
337.0	1801.8	1165.0	0.00085838	199.16	353.82	0.96377	0.96809	1.5197	1209.8	-0.031261	0.00020095	0.18812	supercritical
337.0	1805.0	1165.3	0.00085813	199.08	353.97	0.9634	0.96825	1.5196	1210.6	-0.031282	0.00020118	0.18827	supercritical
337.0	1808.2	1165.7	0.00085787	199.0	354.12	0.96303	0.9684	1.5195	1211.5	-0.031302	0.00020141	0.18843	supercritical
337.0	1811.5	1166.0	0.00085762	198.92	354.28	0.96266	0.96855	1.5193	1212.3	-0.031322	0.00020165	0.18858	supercritical
337.0	1814.8	1166.4	0.00085736	198.84	354.43	0.9623	0.96871	1.5192	1213.1	-0.031342	0.00020188	0.18873	supercritical
337.0	1818.0	1166.7	0.00085711	198.77	354.59	0.96193	0.96886	1.5191	1214.0	-0.031362	0.00020211	0.18888	supercritical
337.0	1821.2	1167.1	0.00085685	198.69	354.74	0.96156	0.96902	1.519	1214.8	-0.031381	0.00020234	0.18903	supercritical
337.0	1824.5	1167.4	0.0008566	198.61	354.9	0.9612	0.96917	1.5188	1215.6	-0.031401	0.00020257	0.18919	supercritical
337.0	1827.8	1167.7	0.00085635	198.53	355.05	0.96083	0.96932	1.5187	1216.4	-0.031421	0.0002028	0.18934	supercritical
337.0	1831.0	1168.1	0.0008561	198.46	355.21	0.96046	0.96948	1.5186	1217.3	-0.03144	0.00020303	0.18949	supercritical
337.0	1834.2	1168.4	0.00085584	198.38	355.36	0.9601	0.96963	1.5185	1218.1	-0.03146	0.00020327	0.18964	supercritical
337.0	1837.5	1168.8	0.00085559	198.3	355.52	0.95973	0.96979	1.5183	1218.9	-0.031479	0.0002035	0.18979	supercritical
337.0	1840.8	1169.1	0.00085534	198.23	355.67	0.95937	0.96994	1.5182	1219.7	-0.031498	0.00020373	0.18995	supercritical
337.0	1844.0	1169.5	0.00085509	198.15	355.83	0.95901	0.97009	1.5181	1220.6	-0.031518	0.00020396	0.1901	supercritical
337.0	1847.2	1169.8	0.00085484	198.07	355.99	0.95864	0.97025	1.518	1221.4	-0.031537	0.00020419	0.19025	supercritical
337.0	1850.5	1170.1	0.00085459	198.0	356.14	0.95828	0.9704	1.5179	1222.2	-0.031556	0.00020442	0.1904	supercritical
337.0	1853.8	1170.5	0.00085435	197.92	356.3	0.95792	0.97055	1.5177	1223.0	-0.031575	0.00020465	0.19055	supercritical
337.0	1857.0	1170.8	0.0008541	197.85	356.45	0.95756	0.97071	1.5176	1223.8	-0.031593	0.00020488	0.1907	supercritical
337.0	1860.2	1171.2	0.00085385	197.77	356.61	0.9572	0.97086	1.5175	1224.6	-0.031612	0.00020511	0.19085	supercritical
337.0	1863.5	1171.5	0.0008536	197.7	356.76	0.95684	0.97101	1.5174	1225.5	-0.031631	0.00020535	0.191	supercritical
337.0	1866.8	1171.8	0.00085336	197.62	356.92	0.95648	0.97117	1.5173	1226.3	-0.03165	0.00020558	0.19116	supercritical
337.0	1870.0	1172.2	0.00085311	197.54	357.08	0.95612	0.97132	1.5172	1227.1	-0.031668	0.00020581	0.19131	supercritical
337.0	1873.2	1172.5	0.00085287	197.47	357.23	0.95576	0.97147	1.517	1227.9	-0.031687	0.00020604	0.19146	supercritical
337.0	1876.5	1172.9	0.00085262	197.39	357.39	0.9554	0.97163	1.5169	1228.7	-0.031705	0.00020627	0.19161	supercritical
337.0	1879.8	1173.2	0.00085238	197.32	357.55	0.95504	0.97178	1.5168	1229.5	-0.031723	0.0002065	0.19176	supercritical
337.0	1883.0	1173.5	0.00085214	197.25	357.7	0.95468	0.97193	1.5167	1230.3	-0.031742	0.00020673	0.19191	supercritical
337.0	1886.2	1173.9	0.00085189	197.17	357.86	0.95433	0.97209	1.5166	1231.1	-0.03176	0.00020696	0.19206	supercritical
337.0	1889.5	1174.2	0.00085165	197.1	358.02	0.95397	0.97224	1.5165	1231.9	-0.031778	0.00020719	0.19221	supercritical
337.0	1892.8	1174.5	0.00085141	197.02	358.17	0.95361	0.97239	1.5164	1232.7	-0.031796	0.00020742	0.19236	supercritical
337.0	1896.0	1174.9	0.00085117	196.95	358.33	0.95326	0.97255	1.5162	1233.5	-0.031814	0.00020766	0.19251	supercritical
337.0	1899.2	1175.2	0.00085093	196.87	358.49	0.9529	0.9727	1.5161	1234.3	-0.031832	0.00020789	0.19266	supercritical
337.0	1902.5	1175.5	0.00085069	196.8	358.64	0.95255	0.97285	1.516	1235.1	-0.031849	0.00020812	0.19281	supercritical
337.0	1905.8	1175.9	0.00085045	196.73	358.8	0.95219	0.97301	1.5159	1235.9	-0.031867	0.00020835	0.19296	supercritical
337.0	1909.0	1176.2	0.00085021	196.65	358.96	0.95184	0.97316	1.5158	1236.7	-0.031885	0.00020858	0.19311	supercritical
337.0	1912.2	1176.5	0.00084997	196.58	359.11	0.95148	0.97331	1.5157	1237.5	-0.031902	0.00020881	0.19326	supercritical
337.0	1915.5	1176.8	0.00084973	196.51	359.27	0.95113	0.97346	1.5156	1238.3	-0.03192	0.00020904	0.19341	supercritical
337.0	1918.8	1177.2	0.00084949	196.43	359.43	0.95078	0.97362	1.5155	1239.1	-0.031937	0.00020927	0.19356	supercritical
337.0	1922.0	1177.5	0.00084925	196.36	359.59	0.95043	0.97377	1.5154	1239.9	-0.031954	0.0002095	0.19371	supercritical
337.0	1925.2	1177.8	0.00084902	196.29	359.74	0.95007	0.97392	1.5153	1240.7	-0.031972	0.00020973	0.19386	supercritical
337.0	1928.5	1178.2	0.00084878	196.21	359.9	0.94972	0.97408	1.5152	1241.5	-0.031989	0.00020996	0.19401	supercritical
337.0	1931.8	1178.5	0.00084854	196.14	360.06	0.94937	0.97423	1.515	1242.3	-0.032006	0.00021019	0.19416	supercritical
337.0	1935.0	1178.8	0.00084831	196.07	360.22	0.94902	0.97438	1.5149	1243.1	-0.032023	0.00021042	0.1943	supercritical
337.0	1938.2	1179.1	0.00084807	196.0	360.37	0.94867	0.97453	1.5148	1243.9	-0.03204	0.00021065	0.19445	supercritical
337.0	1941.5	1179.5	0.00084784	195.92	360.53	0.94832	0.97469	1.5147	1244.7	-0.032057	0.00021088	0.1946	supercritical
337.0	1944.8	1179.8	0.0008476	195.85	360.69	0.94797	0.97484	1.5146	1245.5	-0.032074	0.00021111	0.19475	supercritical
337.0	1948.0	1180.1	0.00084737	195.78	360.85	0.94762	0.97499	1.5145	1246.3	-0.032091	0.00021134	0.1949	supercritical
337.0	1951.2	1180.4	0.00084714	195.71	361.0	0.94728	0.97514	1.5144	1247.0	-0.032107	0.00021158	0.19505	supercritical
337.0	1954.5	1180.8	0.0008469	195.64	361.16	0.94693	0.9753	1.5143	1247.8	-0.032124	0.00021181	0.1952	supercritical
337.0	1957.8	1181.1	0.00084667	195.56	361.32	0.94658	0.97545	1.5142	1248.6	-0.03214	0.00021204	0.19535	supercritical
337.0	1961.0	1181.4	0.00084644	195.49	361.48	0.94623	0.9756	1.5141	1249.4	-0.032157	0.00021227	0.19549	supercritical
337.0	1964.2	1181.7	0.00084621	195.42	361.64	0.94589	0.97575	1.514	1250.2	-0.032173	0.0002125	0.19564	supercritical
337.0	1967.5	1182.1	0.00084598	195.35	361.8	0.94554	0.97591	1.5139	1251.0	-0.03219	0.00021273	0.19579	supercritical
337.0	1970.8	1182.4	0.00084575	195.28	361.95	0.9452	0.97606	1.5138	1251.7	-0.032206	0.00021296	0.19594	supercritical
337.0	1974.0	1182.7	0.00084552	195.21	362.11	0.94485	0.97621	1.5137	1252.5	-0.032222	0.00021319	0.19609	supercritical
337.0	1977.2	1183.0	0.00084529	195.14	362.27	0.94451	0.97636	1.5136	1253.3	-0.032238	0.00021342	0.19624	supercritical
337.0	1980.5	1183.3	0.00084506	195.07	362.43	0.94416	0.97651	1.5135	1254.1	-0.032255	0.00021365	0.19638	supercritical
337.0	1983.8	1183.7	0.00084483	195.0	362.59	0.94382	0.97667	1.5134	1254.8	-0.032271	0.00021388	0.19653	supercritical
337.0	1987.0	1184.0	0.0008446	194.92	362.75	0.94347	0.97682	1.5133	1255.6	-0.032286	0.00021411	0.19668	supercritical
337.0	1990.2	1184.3	0.00084438	194.85	362.91	0.94313	0.97697	1.5132	1256.4	-0.032302	0.00021434	0.19683	supercritical
337.0	1993.5	1184.6	0.00084415	194.78	363.06	0.94279	0.97712	1.5131	1257.2	-0.032318	0.00021457	0.19698	supercritical
337.0	1996.8	1184.9	0.00084392	194.71	363.22	0.94245	0.97727	1.513	1257.9	-0.032334	0.0002148	0.19712	supercritical
337.0	2000.0	1185.3	0.0008437	194.64	363.38	0.9421	0.97743	1.5129	1258.7	-0.03235	0.00021503	0.19727	supercritical
