Temperature (K)	Pressure (bar)	Density (kg/m3)	Volume (m3/kg)	Internal Energy (kJ/kg)	Enthalpy (kJ/kg)	Entropy (J/g*K)	Cv (J/g*K)	Cp (J/g*K)	Sound Spd. (m/s)	Joule-Thomson (K/bar)	Viscosity (Pa*s)	Therm. Cond. (W/m*K)	Phase
529.0	56.5	58.215	0.017178	612.29	709.35	2.4925	0.858	1.0994	348.05	0.25357	2.5936e-05	0.037343	vapor
529.0	59.75	61.658	0.016219	611.53	708.44	2.4805	0.85879	1.1035	348.07	0.25226	2.5993e-05	0.037471	vapor
529.0	63.0	65.109	0.015359	610.78	707.54	2.4691	0.85957	1.1075	348.09	0.25094	2.6052e-05	0.0376	vapor
529.0	66.25	68.569	0.014584	610.02	706.63	2.4582	0.86035	1.1116	348.13	0.2496	2.6112e-05	0.03773	vapor
529.0	69.5	72.038	0.013881	609.26	705.73	2.4478	0.86113	1.1156	348.18	0.24825	2.6173e-05	0.037861	vapor
529.0	72.75	75.516	0.013242	608.5	704.83	2.4377	0.8619	1.1197	348.24	0.24688	2.6234e-05	0.037993	vapor
529.0	76.0	79.001	0.012658	607.74	703.94	2.4281	0.86267	1.1238	348.32	0.24551	2.6297e-05	0.038126	vapor
529.0	76.0	79.001	0.012658	607.74	703.94	2.4281	0.86267	1.1238	348.32	0.24551	2.6297e-05	0.038126	supercritical
529.0	76.0	79.001	0.012658	607.74	703.94	2.4281	0.86267	1.1238	348.32	0.24551	2.6297e-05	0.038126	supercritical
529.0	79.25	82.495	0.012122	606.97	703.04	2.4188	0.86344	1.128	348.41	0.24412	2.6362e-05	0.03826	supercritical
529.0	82.5	85.996	0.011628	606.21	702.15	2.4098	0.86421	1.1321	348.51	0.24271	2.6427e-05	0.038396	supercritical
529.0	85.75	89.505	0.011173	605.45	701.25	2.4011	0.86497	1.1363	348.63	0.2413	2.6494e-05	0.038532	supercritical
529.0	89.0	93.021	0.01075	604.69	700.36	2.3927	0.86574	1.1404	348.76	0.23986	2.6561e-05	0.03867	supercritical
529.0	92.25	96.545	0.010358	603.92	699.48	2.3845	0.86649	1.1446	348.9	0.23842	2.663e-05	0.038809	supercritical
529.0	95.5	100.07	0.0099925	603.16	698.59	2.3766	0.86725	1.1488	349.06	0.23697	2.6701e-05	0.03895	supercritical
529.0	98.75	103.61	0.0096515	602.4	697.71	2.3689	0.868	1.153	349.23	0.2355	2.6772e-05	0.039092	supercritical
529.0	102.0	107.15	0.0093324	601.64	696.83	2.3614	0.86875	1.1572	349.41	0.23401	2.6845e-05	0.039235	supercritical
529.0	105.25	110.7	0.0090332	600.87	695.95	2.3541	0.86949	1.1614	349.61	0.23252	2.6919e-05	0.03938	supercritical
529.0	108.5	114.26	0.0087522	600.11	695.07	2.347	0.87023	1.1656	349.82	0.23101	2.6994e-05	0.039526	supercritical
529.0	111.75	117.82	0.0084878	599.35	694.2	2.34	0.87096	1.1698	350.05	0.22949	2.707e-05	0.039673	supercritical
529.0	115.0	121.38	0.0082385	598.58	693.33	2.3333	0.8717	1.174	350.29	0.22795	2.7148e-05	0.039822	supercritical
529.0	118.25	124.95	0.0080031	597.82	692.46	2.3266	0.87242	1.1782	350.54	0.2264	2.7227e-05	0.039973	supercritical
529.0	121.5	128.53	0.0077806	597.06	691.59	2.3201	0.87315	1.1824	350.81	0.22485	2.7308e-05	0.040125	supercritical
529.0	124.75	132.1	0.0075698	596.3	690.73	2.3138	0.87387	1.1866	351.1	0.22328	2.739e-05	0.040279	supercritical
529.0	128.0	135.69	0.00737	595.53	689.87	2.3076	0.87458	1.1908	351.4	0.22169	2.7473e-05	0.040435	supercritical
529.0	131.25	139.27	0.0071803	594.77	689.01	2.3015	0.87529	1.195	351.71	0.2201	2.7558e-05	0.040592	supercritical
529.0	134.5	142.86	0.0069999	594.01	688.16	2.2955	0.87599	1.1992	352.04	0.21849	2.7643e-05	0.04075	supercritical
529.0	137.75	146.45	0.0068282	593.25	687.31	2.2897	0.87669	1.2034	352.39	0.21688	2.7731e-05	0.040911	supercritical
529.0	141.0	150.04	0.0066647	592.49	686.46	2.2839	0.87739	1.2076	352.75	0.21525	2.7819e-05	0.041073	supercritical
529.0	144.25	153.64	0.0065087	591.73	685.62	2.2783	0.87808	1.2118	353.12	0.21362	2.791e-05	0.041237	supercritical
529.0	147.5	157.24	0.0063598	590.97	684.78	2.2727	0.87876	1.2159	353.52	0.21197	2.8001e-05	0.041402	supercritical
529.0	150.75	160.84	0.0062175	590.22	683.95	2.2673	0.87944	1.2201	353.92	0.21031	2.8094e-05	0.041569	supercritical
529.0	154.0	164.44	0.0060814	589.46	683.11	2.262	0.88012	1.2242	354.35	0.20865	2.8188e-05	0.041738	supercritical
529.0	157.25	168.04	0.0059511	588.7	682.28	2.2567	0.88079	1.2283	354.79	0.20698	2.8284e-05	0.041909	supercritical
529.0	160.5	171.64	0.0058262	587.95	681.46	2.2515	0.88145	1.2324	355.24	0.20529	2.8381e-05	0.042081	supercritical
529.0	163.75	175.24	0.0057065	587.2	680.64	2.2464	0.88211	1.2365	355.72	0.20361	2.848e-05	0.042255	supercritical
529.0	167.0	178.84	0.0055916	586.44	679.82	2.2414	0.88276	1.2406	356.2	0.20191	2.858e-05	0.04243	supercritical
529.0	170.25	182.44	0.0054813	585.69	679.01	2.2365	0.88341	1.2446	356.71	0.20021	2.8682e-05	0.042608	supercritical
529.0	173.5	186.04	0.0053753	584.94	678.2	2.2316	0.88405	1.2487	357.23	0.1985	2.8784e-05	0.042787	supercritical
529.0	176.75	189.63	0.0052734	584.19	677.4	2.2268	0.88469	1.2527	357.77	0.19678	2.8889e-05	0.042967	supercritical
529.0	180.0	193.23	0.0051753	583.45	676.6	2.2221	0.88531	1.2566	358.32	0.19506	2.8995e-05	0.04315	supercritical
529.0	183.25	196.82	0.0050808	582.7	675.81	2.2174	0.88594	1.2606	358.89	0.19334	2.9102e-05	0.043334	supercritical
529.0	186.5	200.41	0.0049898	581.96	675.02	2.2129	0.88656	1.2645	359.48	0.19161	2.9211e-05	0.04352	supercritical
529.0	189.75	203.99	0.0049021	581.22	674.23	2.2083	0.88717	1.2684	360.08	0.18988	2.9321e-05	0.043707	supercritical
529.0	193.0	207.57	0.0048175	580.47	673.45	2.2039	0.88777	1.2723	360.7	0.18814	2.9432e-05	0.043896	supercritical
529.0	196.25	211.15	0.0047359	579.73	672.68	2.1995	0.88837	1.2761	361.33	0.1864	2.9546e-05	0.044086	supercritical
529.0	199.5	214.73	0.0046571	579.0	671.91	2.1951	0.88897	1.2799	361.99	0.18466	2.966e-05	0.044279	supercritical
529.0	202.75	218.29	0.004581	578.26	671.14	2.1909	0.88956	1.2837	362.65	0.18292	2.9776e-05	0.044472	supercritical
529.0	206.0	221.86	0.0045074	577.53	670.38	2.1866	0.89014	1.2875	363.34	0.18118	2.9893e-05	0.044667	supercritical
529.0	209.25	225.42	0.0044362	576.8	669.62	2.1824	0.89071	1.2912	364.04	0.17943	3.0012e-05	0.044864	supercritical
529.0	212.5	228.97	0.0043674	576.07	668.87	2.1783	0.89128	1.2949	364.76	0.17769	3.0132e-05	0.045062	supercritical
529.0	215.75	232.51	0.0043008	575.34	668.13	2.1743	0.89185	1.2985	365.49	0.17595	3.0254e-05	0.045262	supercritical
529.0	219.0	236.05	0.0042364	574.61	667.39	2.1702	0.89241	1.3021	366.24	0.17421	3.0376e-05	0.045463	supercritical
529.0	222.25	239.58	0.0041739	573.89	666.65	2.1663	0.89296	1.3057	367.01	0.17246	3.0501e-05	0.045665	supercritical
529.0	225.5	243.11	0.0041134	573.17	665.93	2.1623	0.8935	1.3092	367.79	0.17073	3.0626e-05	0.045869	supercritical
529.0	228.75	246.62	0.0040547	572.45	665.2	2.1585	0.89404	1.3127	368.59	0.16899	3.0754e-05	0.046074	supercritical
529.0	232.0	250.13	0.0039979	571.73	664.48	2.1546	0.89457	1.3161	369.4	0.16726	3.0882e-05	0.046281	supercritical
529.0	235.25	253.63	0.0039427	571.02	663.77	2.1508	0.8951	1.3195	370.23	0.16553	3.1012e-05	0.046489	supercritical
529.0	238.5	257.12	0.0038892	570.31	663.06	2.1471	0.89562	1.3229	371.07	0.1638	3.1143e-05	0.046697	supercritical
529.0	241.75	260.61	0.0038372	569.6	662.36	2.1434	0.89614	1.3262	371.93	0.16208	3.1275e-05	0.046908	supercritical
529.0	245.0	264.08	0.0037868	568.89	661.67	2.1397	0.89664	1.3295	372.81	0.16037	3.1409e-05	0.047119	supercritical
529.0	248.25	267.54	0.0037378	568.19	660.98	2.1361	0.89715	1.3328	373.69	0.15866	3.1544e-05	0.047331	supercritical
529.0	251.5	270.99	0.0036901	567.49	660.29	2.1326	0.89764	1.336	374.6	0.15695	3.168e-05	0.047545	supercritical
529.0	254.75	274.43	0.0036439	566.79	659.61	2.129	0.89813	1.3391	375.52	0.15525	3.1818e-05	0.047759	supercritical
529.0	258.0	277.87	0.0035989	566.09	658.94	2.1255	0.89862	1.3422	376.45	0.15356	3.1956e-05	0.047975	supercritical
529.0	261.25	281.28	0.0035551	565.4	658.27	2.1221	0.8991	1.3453	377.4	0.15188	3.2096e-05	0.048191	supercritical
529.0	264.5	284.69	0.0035125	564.71	657.61	2.1186	0.89957	1.3483	378.36	0.1502	3.2238e-05	0.048409	supercritical
529.0	267.75	288.09	0.0034711	564.02	656.96	2.1153	0.90004	1.3513	379.34	0.14853	3.238e-05	0.048627	supercritical
529.0	271.0	291.48	0.0034308	563.33	656.31	2.1119	0.9005	1.3543	380.33	0.14687	3.2524e-05	0.048846	supercritical
529.0	274.25	294.85	0.0033916	562.65	655.66	2.1086	0.90095	1.3571	381.33	0.14522	3.2668e-05	0.049066	supercritical
529.0	277.5	298.21	0.0033534	561.97	655.03	2.1053	0.9014	1.36	382.35	0.14358	3.2814e-05	0.049287	supercritical
529.0	280.75	301.56	0.0033161	561.3	654.4	2.1021	0.90185	1.3628	383.38	0.14194	3.2961e-05	0.049509	supercritical
529.0	284.0	304.89	0.0032799	560.62	653.77	2.0989	0.90229	1.3655	384.42	0.14032	3.311e-05	0.049731	supercritical
529.0	287.25	308.21	0.0032445	559.95	653.15	2.0957	0.90272	1.3683	385.48	0.13871	3.3259e-05	0.049954	supercritical
529.0	290.5	311.52	0.0032101	559.28	652.54	2.0925	0.90315	1.3709	386.55	0.1371	3.3409e-05	0.050177	supercritical
529.0	293.75	314.82	0.0031765	558.62	651.93	2.0894	0.90357	1.3735	387.63	0.13551	3.3561e-05	0.050401	supercritical
529.0	297.0	318.1	0.0031437	557.96	651.33	2.0864	0.90398	1.3761	388.72	0.13393	3.3713e-05	0.050626	supercritical
529.0	300.25	321.36	0.0031117	557.3	650.73	2.0833	0.90439	1.3786	389.82	0.13236	3.3867e-05	0.050851	supercritical
529.0	303.5	324.62	0.0030805	556.65	650.14	2.0803	0.9048	1.3811	390.94	0.13079	3.4021e-05	0.051077	supercritical
529.0	306.75	327.86	0.0030501	555.99	649.56	2.0773	0.9052	1.3836	392.07	0.12925	3.4177e-05	0.051303	supercritical
529.0	310.0	331.08	0.0030204	555.35	648.98	2.0743	0.9056	1.386	393.21	0.12771	3.4333e-05	0.05153	supercritical
529.0	313.25	334.29	0.0029914	554.7	648.41	2.0714	0.90599	1.3883	394.36	0.12618	3.449e-05	0.051757	supercritical
529.0	316.5	337.49	0.0029631	554.06	647.84	2.0685	0.90637	1.3906	395.52	0.12467	3.4649e-05	0.051984	supercritical
529.0	319.75	340.67	0.0029354	553.42	647.28	2.0656	0.90675	1.3929	396.69	0.12317	3.4808e-05	0.052211	supercritical
529.0	323.0	343.83	0.0029084	552.78	646.72	2.0628	0.90713	1.3951	397.87	0.12168	3.4968e-05	0.052439	supercritical
529.0	326.25	346.98	0.002882	552.15	646.18	2.06	0.9075	1.3973	399.06	0.1202	3.5129e-05	0.052667	supercritical
529.0	329.5	350.12	0.0028562	551.52	645.63	2.0572	0.90786	1.3994	400.26	0.11873	3.5291e-05	0.052895	supercritical
529.0	332.75	353.23	0.002831	550.89	645.1	2.0544	0.90822	1.4015	401.47	0.11728	3.5453e-05	0.053124	supercritical
529.0	336.0	356.34	0.0028063	550.27	644.56	2.0517	0.90858	1.4036	402.69	0.11584	3.5617e-05	0.053353	supercritical
529.0	339.25	359.43	0.0027822	549.65	644.04	2.049	0.90893	1.4056	403.92	0.11442	3.5781e-05	0.053581	supercritical
529.0	342.5	362.5	0.0027586	549.04	643.52	2.0463	0.90928	1.4075	405.16	0.113	3.5946e-05	0.05381	supercritical
529.0	345.75	365.56	0.0027356	548.42	643.0	2.0436	0.90962	1.4095	406.41	0.1116	3.6112e-05	0.054039	supercritical
529.0	349.0	368.6	0.002713	547.81	642.5	2.041	0.90996	1.4114	407.67	0.11021	3.6278e-05	0.054268	supercritical
529.0	352.25	371.62	0.0026909	547.21	641.99	2.0384	0.91029	1.4132	408.93	0.10884	3.6445e-05	0.054497	supercritical
529.0	355.5	374.63	0.0026693	546.6	641.5	2.0358	0.91062	1.415	410.2	0.10748	3.6613e-05	0.054725	supercritical
529.0	358.75	377.62	0.0026481	546.0	641.0	2.0333	0.91095	1.4168	411.48	0.10613	3.6782e-05	0.054954	supercritical
529.0	362.0	380.6	0.0026274	545.41	640.52	2.0307	0.91127	1.4185	412.77	0.10479	3.6951e-05	0.055183	supercritical
529.0	365.25	383.56	0.0026071	544.81	640.04	2.0282	0.91158	1.4202	414.06	0.10347	3.7121e-05	0.055411	supercritical
529.0	368.5	386.51	0.0025873	544.22	639.56	2.0257	0.9119	1.4219	415.37	0.10216	3.7291e-05	0.05564	supercritical
529.0	371.75	389.44	0.0025678	543.64	639.09	2.0232	0.91221	1.4235	416.68	0.10086	3.7462e-05	0.055868	supercritical
529.0	375.0	392.35	0.0025487	543.05	638.63	2.0208	0.91251	1.425	417.99	0.099573	3.7634e-05	0.056096	supercritical
529.0	378.25	395.25	0.0025301	542.47	638.17	2.0184	0.91281	1.4266	419.32	0.098301	3.7806e-05	0.056324	supercritical
529.0	381.5	398.13	0.0025118	541.9	637.72	2.016	0.91311	1.4281	420.65	0.097042	3.7979e-05	0.056552	supercritical
529.0	384.75	400.99	0.0024938	541.32	637.27	2.0136	0.91341	1.4296	421.98	0.095796	3.8152e-05	0.05678	supercritical
529.0	388.0	403.84	0.0024762	540.75	636.83	2.0112	0.9137	1.431	423.32	0.094563	3.8326e-05	0.057007	supercritical
529.0	391.25	406.67	0.002459	540.18	636.39	2.0089	0.91398	1.4324	424.67	0.093342	3.8501e-05	0.057234	supercritical
529.0	394.5	409.49	0.0024421	539.62	635.96	2.0065	0.91427	1.4338	426.02	0.092133	3.8675e-05	0.05746	supercritical
529.0	397.75	412.29	0.0024255	539.06	635.53	2.0042	0.91455	1.4351	427.38	0.090937	3.8851e-05	0.057687	supercritical
529.0	401.0	415.07	0.0024092	538.5	635.11	2.002	0.91482	1.4364	428.75	0.089754	3.9026e-05	0.057913	supercritical
529.0	404.25	417.84	0.0023933	537.95	634.7	1.9997	0.9151	1.4376	430.12	0.088583	3.9202e-05	0.058138	supercritical
529.0	407.5	420.59	0.0023776	537.4	634.28	1.9975	0.91537	1.4389	431.49	0.087424	3.9379e-05	0.058364	supercritical
529.0	410.75	423.33	0.0023622	536.85	633.88	1.9952	0.91563	1.4401	432.87	0.086277	3.9556e-05	0.058589	supercritical
529.0	414.0	426.05	0.0023471	536.3	633.48	1.993	0.9159	1.4412	434.26	0.085142	3.9733e-05	0.058813	supercritical
529.0	417.25	428.75	0.0023323	535.76	633.08	1.9908	0.91616	1.4424	435.65	0.08402	3.9911e-05	0.059037	supercritical
529.0	420.5	431.44	0.0023178	535.22	632.69	1.9887	0.91642	1.4435	437.04	0.082909	4.0089e-05	0.059261	supercritical
529.0	423.75	434.11	0.0023035	534.69	632.3	1.9865	0.91667	1.4446	438.44	0.08181	4.0267e-05	0.059484	supercritical
529.0	427.0	436.77	0.0022895	534.16	631.92	1.9844	0.91692	1.4456	439.84	0.080722	4.0446e-05	0.059707	supercritical
529.0	430.25	439.41	0.0022758	533.63	631.54	1.9823	0.91717	1.4466	441.25	0.079646	4.0625e-05	0.059929	supercritical
529.0	433.5	442.04	0.0022623	533.1	631.17	1.9802	0.91742	1.4476	442.66	0.078582	4.0804e-05	0.060151	supercritical
529.0	436.75	444.64	0.002249	532.58	630.8	1.9781	0.91767	1.4486	444.08	0.077529	4.0984e-05	0.060373	supercritical
529.0	440.0	447.24	0.0022359	532.06	630.44	1.976	0.91791	1.4495	445.49	0.076487	4.1164e-05	0.060594	supercritical
529.0	443.25	449.82	0.0022231	531.54	630.08	1.974	0.91815	1.4504	446.92	0.075456	4.1344e-05	0.060814	supercritical
529.0	446.5	452.38	0.0022105	531.03	629.73	1.972	0.91838	1.4513	448.34	0.074436	4.1524e-05	0.061034	supercritical
529.0	449.75	454.93	0.0021982	530.52	629.38	1.9699	0.91862	1.4521	449.77	0.073427	4.1705e-05	0.061253	supercritical
529.0	453.0	457.46	0.002186	530.01	629.04	1.9679	0.91885	1.453	451.2	0.072429	4.1886e-05	0.061472	supercritical
529.0	456.25	459.98	0.002174	529.51	628.7	1.966	0.91908	1.4538	452.64	0.071442	4.2067e-05	0.06169	supercritical
529.0	459.5	462.48	0.0021623	529.01	628.36	1.964	0.9193	1.4545	454.07	0.070465	4.2248e-05	0.061908	supercritical
529.0	462.75	464.96	0.0021507	528.51	628.03	1.962	0.91953	1.4553	455.52	0.069498	4.2429e-05	0.062125	supercritical
529.0	466.0	467.43	0.0021393	528.01	627.7	1.9601	0.91975	1.456	456.96	0.068542	4.2611e-05	0.062342	supercritical
529.0	469.25	469.89	0.0021282	527.52	627.38	1.9582	0.91997	1.4567	458.4	0.067596	4.2792e-05	0.062558	supercritical
529.0	472.5	472.33	0.0021172	527.03	627.06	1.9563	0.92019	1.4574	459.85	0.066661	4.2974e-05	0.062774	supercritical
529.0	475.75	474.76	0.0021063	526.54	626.75	1.9544	0.92041	1.458	461.3	0.065735	4.3156e-05	0.062989	supercritical
529.0	479.0	477.17	0.0020957	526.06	626.44	1.9525	0.92062	1.4587	462.76	0.06482	4.3338e-05	0.063203	supercritical
529.0	482.25	479.57	0.0020852	525.58	626.14	1.9507	0.92083	1.4593	464.21	0.063914	4.352e-05	0.063417	supercritical
529.0	485.5	481.95	0.0020749	525.1	625.84	1.9488	0.92104	1.4598	465.67	0.063018	4.3703e-05	0.06363	supercritical
529.0	488.75	484.32	0.0020648	524.62	625.54	1.947	0.92125	1.4604	467.13	0.062131	4.3885e-05	0.063843	supercritical
529.0	492.0	486.67	0.0020548	524.15	625.25	1.9452	0.92146	1.4609	468.59	0.061254	4.4068e-05	0.064055	supercritical
529.0	495.25	489.01	0.0020449	523.68	624.96	1.9434	0.92166	1.4615	470.05	0.060387	4.425e-05	0.064266	supercritical
529.0	498.5	491.34	0.0020353	523.21	624.67	1.9416	0.92186	1.462	471.52	0.059528	4.4433e-05	0.064477	supercritical
529.0	501.75	493.65	0.0020257	522.75	624.39	1.9398	0.92207	1.4625	472.98	0.058679	4.4615e-05	0.064688	supercritical
529.0	505.0	495.95	0.0020163	522.29	624.11	1.938	0.92227	1.4629	474.45	0.057839	4.4798e-05	0.064897	supercritical
529.0	508.25	498.23	0.0020071	521.83	623.84	1.9363	0.92246	1.4634	475.92	0.057009	4.4981e-05	0.065106	supercritical
529.0	511.5	500.5	0.001998	521.37	623.57	1.9345	0.92266	1.4638	477.39	0.056187	4.5163e-05	0.065315	supercritical
529.0	514.75	502.76	0.001989	520.92	623.31	1.9328	0.92285	1.4642	478.86	0.055374	4.5346e-05	0.065522	supercritical
529.0	518.0	505.0	0.0019802	520.47	623.04	1.9311	0.92305	1.4646	480.33	0.054569	4.5529e-05	0.06573	supercritical
529.0	521.25	507.23	0.0019715	520.02	622.79	1.9294	0.92324	1.4649	481.8	0.053774	4.5712e-05	0.065936	supercritical
529.0	524.5	509.44	0.0019629	519.58	622.53	1.9277	0.92343	1.4653	483.28	0.052987	4.5894e-05	0.066142	supercritical
529.0	527.75	511.64	0.0019545	519.13	622.28	1.926	0.92362	1.4656	484.75	0.052208	4.6077e-05	0.066348	supercritical
529.0	531.0	513.83	0.0019462	518.69	622.04	1.9244	0.92381	1.466	486.23	0.051438	4.626e-05	0.066552	supercritical
529.0	534.25	516.0	0.001938	518.26	621.79	1.9227	0.92399	1.4663	487.7	0.050676	4.6442e-05	0.066757	supercritical
529.0	537.5	518.17	0.0019299	517.82	621.55	1.9211	0.92418	1.4666	489.18	0.049922	4.6625e-05	0.06696	supercritical
529.0	540.75	520.31	0.0019219	517.39	621.32	1.9194	0.92436	1.4668	490.66	0.049177	4.6808e-05	0.067163	supercritical
529.0	544.0	522.45	0.0019141	516.96	621.08	1.9178	0.92454	1.4671	492.14	0.048439	4.699e-05	0.067365	supercritical
529.0	547.25	524.57	0.0019063	516.53	620.85	1.9162	0.92473	1.4673	493.61	0.04771	4.7173e-05	0.067567	supercritical
529.0	550.5	526.68	0.0018987	516.11	620.63	1.9146	0.92491	1.4676	495.09	0.046988	4.7355e-05	0.067768	supercritical
529.0	553.75	528.78	0.0018911	515.68	620.41	1.913	0.92508	1.4678	496.57	0.046274	4.7537e-05	0.067969	supercritical
529.0	557.0	530.87	0.0018837	515.26	620.19	1.9115	0.92526	1.468	498.05	0.045568	4.772e-05	0.068169	supercritical
529.0	560.25	532.94	0.0018764	514.85	619.97	1.9099	0.92544	1.4682	499.53	0.04487	4.7902e-05	0.068368	supercritical
529.0	563.5	535.0	0.0018692	514.43	619.76	1.9083	0.92561	1.4684	501.0	0.044179	4.8084e-05	0.068566	supercritical
529.0	566.75	537.05	0.001862	514.02	619.55	1.9068	0.92579	1.4685	502.48	0.043495	4.8266e-05	0.068765	supercritical
529.0	570.0	539.08	0.001855	513.61	619.34	1.9053	0.92596	1.4687	503.96	0.042819	4.8448e-05	0.068962	supercritical
529.0	573.25	541.11	0.0018481	513.2	619.14	1.9037	0.92614	1.4688	505.44	0.04215	4.863e-05	0.069159	supercritical
529.0	576.5	543.12	0.0018412	512.79	618.94	1.9022	0.92631	1.469	506.91	0.041489	4.8811e-05	0.069355	supercritical
529.0	579.75	545.12	0.0018345	512.39	618.74	1.9007	0.92648	1.4691	508.39	0.040834	4.8993e-05	0.069551	supercritical
529.0	583.0	547.11	0.0018278	511.99	618.55	1.8992	0.92665	1.4692	509.87	0.040187	4.9174e-05	0.069746	supercritical
529.0	586.25	549.08	0.0018212	511.59	618.36	1.8978	0.92682	1.4693	511.34	0.039547	4.9356e-05	0.06994	supercritical
529.0	589.5	551.05	0.0018147	511.19	618.17	1.8963	0.92698	1.4694	512.82	0.038913	4.9537e-05	0.070134	supercritical
529.0	592.75	553.0	0.0018083	510.8	617.99	1.8948	0.92715	1.4695	514.29	0.038287	4.9718e-05	0.070328	supercritical
529.0	596.0	554.94	0.001802	510.41	617.81	1.8934	0.92732	1.4695	515.77	0.037667	4.9899e-05	0.07052	supercritical
529.0	599.25	556.87	0.0017957	510.02	617.63	1.8919	0.92748	1.4696	517.24	0.037054	5.0079e-05	0.070713	supercritical
529.0	602.5	558.79	0.0017896	509.63	617.45	1.8905	0.92765	1.4696	518.71	0.036447	5.026e-05	0.070904	supercritical
529.0	605.75	560.7	0.0017835	509.25	617.28	1.8891	0.92781	1.4697	520.18	0.035847	5.0441e-05	0.071095	supercritical
529.0	609.0	562.6	0.0017775	508.86	617.11	1.8877	0.92798	1.4697	521.65	0.035254	5.0621e-05	0.071286	supercritical
529.0	612.25	564.48	0.0017715	508.48	616.94	1.8863	0.92814	1.4698	523.12	0.034667	5.0801e-05	0.071476	supercritical
529.0	615.5	566.36	0.0017657	508.1	616.78	1.8849	0.9283	1.4698	524.59	0.034086	5.0981e-05	0.071665	supercritical
529.0	618.75	568.22	0.0017599	507.73	616.62	1.8835	0.92846	1.4698	526.06	0.033511	5.1161e-05	0.071854	supercritical
529.0	622.0	570.08	0.0017542	507.35	616.46	1.8821	0.92862	1.4698	527.52	0.032943	5.1341e-05	0.072042	supercritical
529.0	625.25	571.92	0.0017485	506.98	616.3	1.8807	0.92878	1.4698	528.99	0.032381	5.152e-05	0.072229	supercritical
529.0	628.5	573.75	0.0017429	506.61	616.15	1.8794	0.92894	1.4698	530.45	0.031825	5.17e-05	0.072417	supercritical
529.0	631.75	575.57	0.0017374	506.24	616.0	1.878	0.9291	1.4698	531.91	0.031274	5.1879e-05	0.072603	supercritical
529.0	635.0	577.39	0.0017319	505.87	615.85	1.8767	0.92926	1.4697	533.37	0.03073	5.2058e-05	0.072789	supercritical
529.0	638.25	579.19	0.0017266	505.51	615.71	1.8753	0.92941	1.4697	534.83	0.030191	5.2237e-05	0.072975	supercritical
529.0	641.5	580.98	0.0017212	505.15	615.56	1.874	0.92957	1.4697	536.29	0.029659	5.2415e-05	0.07316	supercritical
529.0	644.75	582.76	0.001716	504.79	615.42	1.8727	0.92973	1.4696	537.75	0.029131	5.2594e-05	0.073344	supercritical
529.0	648.0	584.53	0.0017108	504.43	615.28	1.8714	0.92988	1.4696	539.2	0.02861	5.2772e-05	0.073528	supercritical
529.0	651.25	586.29	0.0017056	504.07	615.15	1.8701	0.93004	1.4695	540.66	0.028094	5.295e-05	0.073711	supercritical
529.0	654.5	588.05	0.0017005	503.72	615.02	1.8688	0.93019	1.4695	542.11	0.027583	5.3128e-05	0.073894	supercritical
529.0	657.75	589.79	0.0016955	503.36	614.89	1.8675	0.93034	1.4694	543.56	0.027078	5.3306e-05	0.074077	supercritical
529.0	661.0	591.52	0.0016906	503.01	614.76	1.8662	0.9305	1.4693	545.01	0.026578	5.3484e-05	0.074258	supercritical
529.0	664.25	593.24	0.0016856	502.66	614.63	1.8649	0.93065	1.4693	546.46	0.026084	5.3661e-05	0.07444	supercritical
529.0	667.5	594.96	0.0016808	502.32	614.51	1.8636	0.9308	1.4692	547.9	0.025595	5.3838e-05	0.074621	supercritical
529.0	670.75	596.66	0.001676	501.97	614.39	1.8624	0.93096	1.4691	549.35	0.02511	5.4015e-05	0.074801	supercritical
529.0	674.0	598.36	0.0016712	501.63	614.27	1.8611	0.93111	1.469	550.79	0.024631	5.4192e-05	0.074981	supercritical
529.0	677.25	600.04	0.0016665	501.29	614.15	1.8599	0.93126	1.4689	552.23	0.024157	5.4369e-05	0.07516	supercritical
529.0	680.5	601.72	0.0016619	500.95	614.04	1.8586	0.93141	1.4688	553.67	0.023688	5.4545e-05	0.075339	supercritical
529.0	683.75	603.39	0.0016573	500.61	613.93	1.8574	0.93156	1.4687	555.11	0.023224	5.4721e-05	0.075517	supercritical
529.0	687.0	605.04	0.0016528	500.27	613.82	1.8562	0.93171	1.4686	556.54	0.022764	5.4897e-05	0.075695	supercritical
529.0	690.25	606.69	0.0016483	499.94	613.71	1.855	0.93186	1.4685	557.98	0.022309	5.5073e-05	0.075873	supercritical
529.0	693.5	608.33	0.0016438	499.6	613.6	1.8538	0.93201	1.4684	559.41	0.021859	5.5249e-05	0.07605	supercritical
529.0	696.75	609.97	0.0016394	499.27	613.5	1.8526	0.93216	1.4683	560.84	0.021414	5.5424e-05	0.076226	supercritical
529.0	700.0	611.59	0.0016351	498.94	613.4	1.8514	0.9323	1.4682	562.27	0.020973	5.5599e-05	0.076402	supercritical
529.0	703.25	613.2	0.0016308	498.62	613.3	1.8502	0.93245	1.4681	563.69	0.020537	5.5774e-05	0.076578	supercritical
529.0	706.5	614.81	0.0016265	498.29	613.2	1.849	0.9326	1.4679	565.12	0.020105	5.5949e-05	0.076753	supercritical
529.0	709.75	616.41	0.0016223	497.97	613.11	1.8478	0.93275	1.4678	566.54	0.019677	5.6123e-05	0.076927	supercritical
529.0	713.0	618.0	0.0016181	497.64	613.02	1.8466	0.93289	1.4677	567.96	0.019254	5.6298e-05	0.077102	supercritical
529.0	716.25	619.58	0.001614	497.32	612.92	1.8455	0.93304	1.4676	569.38	0.018835	5.6472e-05	0.077275	supercritical
529.0	719.5	621.15	0.0016099	497.0	612.84	1.8443	0.93319	1.4674	570.8	0.018421	5.6646e-05	0.077449	supercritical
529.0	722.75	622.72	0.0016059	496.68	612.75	1.8432	0.93333	1.4673	572.21	0.01801	5.6819e-05	0.077621	supercritical
529.0	726.0	624.27	0.0016019	496.37	612.66	1.842	0.93348	1.4672	573.63	0.017604	5.6993e-05	0.077794	supercritical
529.0	729.25	625.82	0.0015979	496.05	612.58	1.8409	0.93362	1.467	575.04	0.017201	5.7166e-05	0.077966	supercritical
529.0	732.5	627.36	0.001594	495.74	612.5	1.8397	0.93377	1.4669	576.45	0.016803	5.7339e-05	0.078137	supercritical
529.0	735.75	628.89	0.0015901	495.43	612.42	1.8386	0.93391	1.4667	577.86	0.016409	5.7512e-05	0.078309	supercritical
529.0	739.0	630.42	0.0015862	495.12	612.34	1.8375	0.93406	1.4666	579.26	0.016018	5.7685e-05	0.078479	supercritical
529.0	742.25	631.93	0.0015824	494.81	612.27	1.8364	0.9342	1.4664	580.67	0.015632	5.7857e-05	0.07865	supercritical
529.0	745.5	633.44	0.0015787	494.5	612.19	1.8353	0.93435	1.4663	582.07	0.015249	5.8029e-05	0.07882	supercritical
529.0	748.75	634.95	0.0015749	494.2	612.12	1.8342	0.93449	1.4661	583.47	0.01487	5.8201e-05	0.078989	supercritical
529.0	752.0	636.44	0.0015712	493.9	612.05	1.8331	0.93463	1.4659	584.87	0.014494	5.8373e-05	0.079158	supercritical
529.0	755.25	637.93	0.0015676	493.59	611.98	1.832	0.93478	1.4658	586.26	0.014122	5.8545e-05	0.079327	supercritical
529.0	758.5	639.4	0.001564	493.29	611.92	1.8309	0.93492	1.4656	587.66	0.013754	5.8716e-05	0.079495	supercritical
529.0	761.75	640.88	0.0015604	492.99	611.85	1.8298	0.93506	1.4655	589.05	0.013389	5.8887e-05	0.079663	supercritical
529.0	765.0	642.34	0.0015568	492.7	611.79	1.8287	0.93521	1.4653	590.44	0.013028	5.9058e-05	0.079831	supercritical
529.0	768.25	643.8	0.0015533	492.4	611.73	1.8277	0.93535	1.4651	591.83	0.012671	5.9229e-05	0.079998	supercritical
529.0	771.5	645.25	0.0015498	492.1	611.67	1.8266	0.93549	1.465	593.21	0.012316	5.9399e-05	0.080164	supercritical
529.0	774.75	646.69	0.0015463	491.81	611.61	1.8255	0.93563	1.4648	594.6	0.011965	5.9569e-05	0.080331	supercritical
529.0	778.0	648.13	0.0015429	491.52	611.56	1.8245	0.93577	1.4646	595.98	0.011618	5.9739e-05	0.080497	supercritical
529.0	781.25	649.55	0.0015395	491.23	611.5	1.8234	0.93591	1.4644	597.36	0.011273	5.9909e-05	0.080662	supercritical
529.0	784.5	650.98	0.0015362	490.94	611.45	1.8224	0.93606	1.4643	598.74	0.010932	6.0079e-05	0.080828	supercritical
529.0	787.75	652.39	0.0015328	490.65	611.4	1.8213	0.9362	1.4641	600.11	0.010594	6.0248e-05	0.080993	supercritical
529.0	791.0	653.8	0.0015295	490.36	611.35	1.8203	0.93634	1.4639	601.49	0.010259	6.0417e-05	0.081157	supercritical
529.0	794.25	655.2	0.0015263	490.08	611.3	1.8193	0.93648	1.4637	602.86	0.0099277	6.0586e-05	0.081321	supercritical
529.0	797.5	656.59	0.001523	489.79	611.25	1.8182	0.93662	1.4635	604.23	0.0095991	6.0755e-05	0.081485	supercritical
529.0	800.75	657.98	0.0015198	489.51	611.21	1.8172	0.93676	1.4634	605.6	0.0092735	6.0924e-05	0.081648	supercritical
529.0	804.0	659.36	0.0015166	489.23	611.17	1.8162	0.9369	1.4632	606.97	0.0089509	6.1092e-05	0.081811	supercritical
529.0	807.25	660.74	0.0015135	488.95	611.12	1.8152	0.93704	1.463	608.33	0.0086312	6.126e-05	0.081974	supercritical
529.0	810.5	662.11	0.0015103	488.67	611.08	1.8142	0.93718	1.4628	609.69	0.0083145	6.1428e-05	0.082137	supercritical
529.0	813.75	663.47	0.0015072	488.39	611.04	1.8132	0.93732	1.4626	611.05	0.0080006	6.1596e-05	0.082299	supercritical
529.0	817.0	664.82	0.0015042	488.12	611.01	1.8122	0.93746	1.4624	612.41	0.0076896	6.1763e-05	0.08246	supercritical
529.0	820.25	666.17	0.0015011	487.84	610.97	1.8112	0.9376	1.4622	613.77	0.0073813	6.193e-05	0.082622	supercritical
529.0	823.5	667.51	0.0014981	487.57	610.94	1.8102	0.93774	1.462	615.12	0.0070759	6.2097e-05	0.082783	supercritical
529.0	826.75	668.85	0.0014951	487.3	610.9	1.8092	0.93788	1.4619	616.48	0.0067731	6.2264e-05	0.082943	supercritical
529.0	830.0	670.18	0.0014921	487.03	610.87	1.8083	0.93801	1.4617	617.83	0.0064731	6.2431e-05	0.083104	supercritical
529.0	833.25	671.5	0.0014892	486.76	610.84	1.8073	0.93815	1.4615	619.18	0.0061757	6.2597e-05	0.083264	supercritical
529.0	836.5	672.82	0.0014863	486.49	610.81	1.8063	0.93829	1.4613	620.52	0.005881	6.2763e-05	0.083424	supercritical
529.0	839.75	674.13	0.0014834	486.22	610.79	1.8054	0.93843	1.4611	621.87	0.0055888	6.2929e-05	0.083583	supercritical
529.0	843.0	675.44	0.0014805	485.95	610.76	1.8044	0.93857	1.4609	623.21	0.0052993	6.3095e-05	0.083742	supercritical
529.0	846.25	676.74	0.0014777	485.69	610.74	1.8034	0.93871	1.4607	624.55	0.0050122	6.326e-05	0.083901	supercritical
529.0	849.5	678.03	0.0014749	485.42	610.71	1.8025	0.93885	1.4605	625.89	0.0047277	6.3425e-05	0.084059	supercritical
529.0	852.75	679.32	0.0014721	485.16	610.69	1.8016	0.93898	1.4603	627.23	0.0044457	6.359e-05	0.084217	supercritical
529.0	856.0	680.6	0.0014693	484.9	610.67	1.8006	0.93912	1.4601	628.56	0.0041661	6.3755e-05	0.084375	supercritical
529.0	859.25	681.88	0.0014665	484.64	610.65	1.7997	0.93926	1.4599	629.89	0.0038889	6.392e-05	0.084533	supercritical
529.0	862.5	683.15	0.0014638	484.38	610.63	1.7987	0.9394	1.4597	631.23	0.0036141	6.4084e-05	0.08469	supercritical
529.0	865.75	684.41	0.0014611	484.12	610.62	1.7978	0.93953	1.4595	632.55	0.0033416	6.4249e-05	0.084847	supercritical
529.0	869.0	685.67	0.0014584	483.86	610.6	1.7969	0.93967	1.4593	633.88	0.0030715	6.4413e-05	0.085004	supercritical
529.0	872.25	686.92	0.0014558	483.61	610.59	1.796	0.93981	1.4591	635.21	0.0028037	6.4576e-05	0.08516	supercritical
529.0	875.5	688.17	0.0014531	483.35	610.58	1.795	0.93995	1.4589	636.53	0.0025382	6.474e-05	0.085316	supercritical
529.0	878.75	689.41	0.0014505	483.1	610.56	1.7941	0.94008	1.4587	637.85	0.002275	6.4903e-05	0.085472	supercritical
529.0	882.0	690.65	0.0014479	482.85	610.55	1.7932	0.94022	1.4585	639.17	0.0020139	6.5066e-05	0.085627	supercritical
529.0	885.25	691.88	0.0014453	482.6	610.55	1.7923	0.94036	1.4583	640.49	0.0017551	6.5229e-05	0.085782	supercritical
529.0	888.5	693.11	0.0014428	482.35	610.54	1.7914	0.94049	1.4581	641.8	0.0014984	6.5392e-05	0.085937	supercritical
529.0	891.75	694.33	0.0014402	482.1	610.53	1.7905	0.94063	1.4579	643.11	0.0012439	6.5555e-05	0.086092	supercritical
529.0	895.0	695.54	0.0014377	481.85	610.53	1.7896	0.94077	1.4577	644.43	0.00099157	6.5717e-05	0.086246	supercritical
529.0	898.25	696.75	0.0014352	481.6	610.52	1.7887	0.9409	1.4575	645.74	0.00074131	6.5879e-05	0.086401	supercritical
529.0	901.5	697.96	0.0014328	481.36	610.52	1.7878	0.94104	1.4573	647.04	0.00049312	6.6041e-05	0.086554	supercritical
529.0	904.75	699.16	0.0014303	481.11	610.52	1.787	0.94118	1.457	648.35	0.000247	6.6203e-05	0.086708	supercritical
529.0	908.0	700.35	0.0014279	480.87	610.52	1.7861	0.94131	1.4568	649.65	2.9057e-06	6.6364e-05	0.086861	supercritical
529.0	911.25	701.54	0.0014254	480.62	610.52	1.7852	0.94145	1.4566	650.95	-0.00023917	6.6525e-05	0.087014	supercritical
529.0	914.5	702.72	0.001423	480.38	610.52	1.7843	0.94159	1.4564	652.25	-0.00047925	6.6686e-05	0.087167	supercritical
529.0	917.75	703.9	0.0014207	480.14	610.52	1.7835	0.94172	1.4562	653.55	-0.00071737	6.6847e-05	0.087319	supercritical
529.0	921.0	705.08	0.0014183	479.9	610.53	1.7826	0.94186	1.456	654.84	-0.00095353	6.7008e-05	0.087472	supercritical
529.0	924.25	706.25	0.0014159	479.66	610.53	1.7817	0.94199	1.4558	656.14	-0.0011878	6.7168e-05	0.087624	supercritical
529.0	927.5	707.41	0.0014136	479.42	610.54	1.7809	0.94213	1.4556	657.43	-0.0014201	6.7329e-05	0.087775	supercritical
529.0	930.75	708.57	0.0014113	479.19	610.54	1.78	0.94227	1.4554	658.72	-0.0016505	6.7489e-05	0.087927	supercritical
529.0	934.0	709.72	0.001409	478.95	610.55	1.7792	0.9424	1.4552	660.01	-0.0018791	6.7649e-05	0.088078	supercritical
529.0	937.25	710.87	0.0014067	478.72	610.56	1.7783	0.94254	1.455	661.29	-0.0021058	6.7808e-05	0.088229	supercritical
529.0	940.5	712.02	0.0014045	478.48	610.57	1.7775	0.94267	1.4548	662.57	-0.0023307	6.7968e-05	0.08838	supercritical
529.0	943.75	713.16	0.0014022	478.25	610.58	1.7766	0.94281	1.4546	663.86	-0.0025538	6.8127e-05	0.08853	supercritical
529.0	947.0	714.29	0.0014	478.02	610.6	1.7758	0.94294	1.4544	665.14	-0.0027751	6.8286e-05	0.088681	supercritical
529.0	950.25	715.43	0.0013978	477.79	610.61	1.775	0.94308	1.4541	666.41	-0.0029946	6.8445e-05	0.088831	supercritical
529.0	953.5	716.55	0.0013956	477.56	610.62	1.7741	0.94321	1.4539	667.69	-0.0032124	6.8604e-05	0.08898	supercritical
529.0	956.75	717.67	0.0013934	477.33	610.64	1.7733	0.94335	1.4537	668.96	-0.0034284	6.8762e-05	0.08913	supercritical
529.0	960.0	718.79	0.0013912	477.1	610.66	1.7725	0.94348	1.4535	670.23	-0.0036427	6.892e-05	0.089279	supercritical
529.0	963.25	719.9	0.0013891	476.87	610.67	1.7717	0.94362	1.4533	671.5	-0.0038553	6.9078e-05	0.089428	supercritical
529.0	966.5	721.01	0.0013869	476.65	610.69	1.7709	0.94375	1.4531	672.77	-0.0040662	6.9236e-05	0.089577	supercritical
529.0	969.75	722.11	0.0013848	476.42	610.71	1.77	0.94389	1.4529	674.04	-0.0042755	6.9394e-05	0.089726	supercritical
529.0	973.0	723.21	0.0013827	476.2	610.73	1.7692	0.94402	1.4527	675.3	-0.0044831	6.9551e-05	0.089874	supercritical
529.0	976.25	724.31	0.0013806	475.97	610.76	1.7684	0.94416	1.4525	676.56	-0.0046891	6.9709e-05	0.090022	supercritical
529.0	979.5	725.4	0.0013786	475.75	610.78	1.7676	0.94429	1.4523	677.82	-0.0048934	6.9866e-05	0.09017	supercritical
529.0	982.75	726.48	0.0013765	475.53	610.8	1.7668	0.94443	1.4521	679.08	-0.0050962	7.0023e-05	0.090318	supercritical
529.0	986.0	727.56	0.0013745	475.31	610.83	1.766	0.94456	1.4519	680.34	-0.0052973	7.0179e-05	0.090466	supercritical
529.0	989.25	728.64	0.0013724	475.09	610.85	1.7652	0.9447	1.4517	681.59	-0.0054969	7.0336e-05	0.090613	supercritical
529.0	992.5	729.71	0.0013704	474.87	610.88	1.7644	0.94483	1.4515	682.84	-0.0056949	7.0492e-05	0.09076	supercritical
529.0	995.75	730.78	0.0013684	474.65	610.91	1.7636	0.94497	1.4513	684.09	-0.0058914	7.0648e-05	0.090907	supercritical
529.0	999.0	731.85	0.0013664	474.43	610.93	1.7629	0.9451	1.4511	685.34	-0.0060864	7.0804e-05	0.091054	supercritical
529.0	1002.2	732.91	0.0013644	474.21	610.96	1.7621	0.94524	1.4509	686.58	-0.0062799	7.096e-05	0.0912	supercritical
529.0	1005.5	733.96	0.0013625	474.0	610.99	1.7613	0.94537	1.4506	687.83	-0.0064718	7.1115e-05	0.091346	supercritical
529.0	1008.8	735.02	0.0013605	473.78	611.02	1.7605	0.94551	1.4504	689.07	-0.0066623	7.1271e-05	0.091492	supercritical
529.0	1012.0	736.06	0.0013586	473.57	611.06	1.7597	0.94564	1.4502	690.31	-0.0068513	7.1426e-05	0.091638	supercritical
529.0	1015.2	737.11	0.0013567	473.35	611.09	1.759	0.94577	1.45	691.55	-0.0070389	7.1581e-05	0.091784	supercritical
529.0	1018.5	738.15	0.0013547	473.14	611.12	1.7582	0.94591	1.4498	692.78	-0.007225	7.1736e-05	0.091929	supercritical
529.0	1021.8	739.18	0.0013528	472.93	611.16	1.7574	0.94604	1.4496	694.02	-0.0074097	7.189e-05	0.092075	supercritical
529.0	1025.0	740.22	0.001351	472.72	611.19	1.7567	0.94618	1.4494	695.25	-0.0075929	7.2045e-05	0.09222	supercritical
529.0	1028.2	741.24	0.0013491	472.51	611.23	1.7559	0.94631	1.4492	696.48	-0.0077748	7.2199e-05	0.092364	supercritical
529.0	1031.5	742.27	0.0013472	472.3	611.27	1.7551	0.94645	1.449	697.71	-0.0079553	7.2353e-05	0.092509	supercritical
529.0	1034.8	743.29	0.0013454	472.09	611.3	1.7544	0.94658	1.4488	698.93	-0.0081344	7.2507e-05	0.092654	supercritical
529.0	1038.0	744.3	0.0013435	471.88	611.34	1.7536	0.94671	1.4486	700.16	-0.0083122	7.2661e-05	0.092798	supercritical
529.0	1041.2	745.32	0.0013417	471.68	611.38	1.7529	0.94685	1.4484	701.38	-0.0084886	7.2814e-05	0.092942	supercritical
529.0	1044.5	746.33	0.0013399	471.47	611.42	1.7521	0.94698	1.4482	702.6	-0.0086636	7.2968e-05	0.093086	supercritical
529.0	1047.8	747.33	0.0013381	471.26	611.46	1.7514	0.94712	1.448	703.82	-0.0088374	7.3121e-05	0.09323	supercritical
529.0	1051.0	748.33	0.0013363	471.06	611.5	1.7507	0.94725	1.4478	705.03	-0.0090098	7.3274e-05	0.093373	supercritical
529.0	1054.2	749.33	0.0013345	470.86	611.55	1.7499	0.94738	1.4476	706.25	-0.009181	7.3427e-05	0.093516	supercritical
529.0	1057.5	750.32	0.0013328	470.65	611.59	1.7492	0.94752	1.4475	707.46	-0.0093508	7.3579e-05	0.09366	supercritical
529.0	1060.8	751.31	0.001331	470.45	611.64	1.7484	0.94765	1.4473	708.67	-0.0095194	7.3732e-05	0.093803	supercritical
529.0	1064.0	752.3	0.0013293	470.25	611.68	1.7477	0.94779	1.4471	709.88	-0.0096867	7.3884e-05	0.093945	supercritical
529.0	1067.2	753.28	0.0013275	470.05	611.73	1.747	0.94792	1.4469	711.08	-0.0098528	7.4036e-05	0.094088	supercritical
529.0	1070.5	754.26	0.0013258	469.85	611.77	1.7463	0.94805	1.4467	712.29	-0.010018	7.4188e-05	0.09423	supercritical
529.0	1073.8	755.24	0.0013241	469.65	611.82	1.7455	0.94819	1.4465	713.49	-0.010181	7.434e-05	0.094373	supercritical
529.0	1077.0	756.21	0.0013224	469.45	611.87	1.7448	0.94832	1.4463	714.69	-0.010344	7.4492e-05	0.094515	supercritical
529.0	1080.2	757.18	0.0013207	469.25	611.92	1.7441	0.94845	1.4461	715.89	-0.010505	7.4643e-05	0.094657	supercritical
529.0	1083.5	758.14	0.001319	469.05	611.97	1.7434	0.94859	1.4459	717.08	-0.010665	7.4794e-05	0.094799	supercritical
529.0	1086.8	759.1	0.0013173	468.86	612.02	1.7427	0.94872	1.4457	718.28	-0.010824	7.4945e-05	0.09494	supercritical
529.0	1090.0	760.06	0.0013157	468.66	612.07	1.7419	0.94885	1.4455	719.47	-0.010981	7.5096e-05	0.095082	supercritical
529.0	1093.2	761.02	0.001314	468.47	612.12	1.7412	0.94899	1.4453	720.66	-0.011138	7.5247e-05	0.095223	supercritical
529.0	1096.5	761.97	0.0013124	468.27	612.17	1.7405	0.94912	1.4451	721.85	-0.011293	7.5398e-05	0.095364	supercritical
529.0	1099.8	762.92	0.0013108	468.08	612.23	1.7398	0.94925	1.445	723.03	-0.011447	7.5548e-05	0.095505	supercritical
529.0	1103.0	763.86	0.0013091	467.88	612.28	1.7391	0.94939	1.4448	724.22	-0.0116	7.5698e-05	0.095646	supercritical
529.0	1106.2	764.8	0.0013075	467.69	612.34	1.7384	0.94952	1.4446	725.4	-0.011752	7.5848e-05	0.095786	supercritical
529.0	1109.5	765.74	0.0013059	467.5	612.39	1.7377	0.94965	1.4444	726.58	-0.011903	7.5998e-05	0.095927	supercritical
529.0	1112.8	766.68	0.0013043	467.31	612.45	1.737	0.94979	1.4442	727.76	-0.012053	7.6148e-05	0.096067	supercritical
529.0	1116.0	767.61	0.0013027	467.12	612.51	1.7363	0.94992	1.444	728.93	-0.012201	7.6298e-05	0.096207	supercritical
529.0	1119.2	768.54	0.0013012	466.93	612.56	1.7356	0.95005	1.4438	730.11	-0.012349	7.6447e-05	0.096347	supercritical
529.0	1122.5	769.46	0.0012996	466.74	612.62	1.735	0.95019	1.4437	731.28	-0.012495	7.6596e-05	0.096487	supercritical
529.0	1125.8	770.38	0.0012981	466.55	612.68	1.7343	0.95032	1.4435	732.45	-0.012641	7.6746e-05	0.096627	supercritical
529.0	1129.0	771.3	0.0012965	466.36	612.74	1.7336	0.95045	1.4433	733.62	-0.012785	7.6894e-05	0.096767	supercritical
529.0	1132.2	772.22	0.001295	466.18	612.8	1.7329	0.95059	1.4431	734.79	-0.012928	7.7043e-05	0.096906	supercritical
529.0	1135.5	773.13	0.0012934	465.99	612.86	1.7322	0.95072	1.4429	735.95	-0.01307	7.7192e-05	0.097045	supercritical
529.0	1138.8	774.04	0.0012919	465.8	612.92	1.7315	0.95085	1.4428	737.12	-0.013212	7.734e-05	0.097184	supercritical
529.0	1142.0	774.94	0.0012904	465.62	612.98	1.7309	0.95099	1.4426	738.28	-0.013352	7.7489e-05	0.097323	supercritical
529.0	1145.2	775.85	0.0012889	465.43	613.05	1.7302	0.95112	1.4424	739.43	-0.013491	7.7637e-05	0.097462	supercritical
529.0	1148.5	776.75	0.0012874	465.25	613.11	1.7295	0.95125	1.4422	740.59	-0.013629	7.7785e-05	0.097601	supercritical
529.0	1151.8	777.64	0.0012859	465.07	613.18	1.7289	0.95139	1.442	741.75	-0.013767	7.7933e-05	0.097739	supercritical
529.0	1155.0	778.54	0.0012845	464.89	613.24	1.7282	0.95152	1.4419	742.9	-0.013903	7.808e-05	0.097878	supercritical
529.0	1158.2	779.43	0.001283	464.7	613.31	1.7275	0.95165	1.4417	744.05	-0.014038	7.8228e-05	0.098016	supercritical
529.0	1161.5	780.32	0.0012815	464.52	613.37	1.7269	0.95178	1.4415	745.2	-0.014173	7.8375e-05	0.098154	supercritical
529.0	1164.8	781.2	0.0012801	464.34	613.44	1.7262	0.95192	1.4414	746.35	-0.014306	7.8523e-05	0.098292	supercritical
529.0	1168.0	782.08	0.0012786	464.16	613.51	1.7255	0.95205	1.4412	747.49	-0.014438	7.867e-05	0.09843	supercritical
529.0	1171.2	782.96	0.0012772	463.98	613.57	1.7249	0.95218	1.441	748.64	-0.01457	7.8817e-05	0.098568	supercritical
529.0	1174.5	783.84	0.0012758	463.8	613.64	1.7242	0.95232	1.4408	749.78	-0.0147	7.8963e-05	0.098705	supercritical
529.0	1177.8	784.71	0.0012744	463.62	613.71	1.7236	0.95245	1.4407	750.92	-0.01483	7.911e-05	0.098843	supercritical
529.0	1181.0	785.58	0.0012729	463.45	613.78	1.7229	0.95258	1.4405	752.06	-0.014959	7.9257e-05	0.09898	supercritical
529.0	1184.2	786.45	0.0012715	463.27	613.85	1.7223	0.95271	1.4403	753.19	-0.015087	7.9403e-05	0.099117	supercritical
529.0	1187.5	787.31	0.0012701	463.09	613.92	1.7216	0.95285	1.4402	754.33	-0.015214	7.9549e-05	0.099254	supercritical
529.0	1190.8	788.18	0.0012688	462.92	613.99	1.721	0.95298	1.44	755.46	-0.01534	7.9695e-05	0.099391	supercritical
529.0	1194.0	789.03	0.0012674	462.74	614.07	1.7203	0.95311	1.4398	756.59	-0.015465	7.9841e-05	0.099528	supercritical
529.0	1197.2	789.89	0.001266	462.57	614.14	1.7197	0.95325	1.4397	757.72	-0.015589	7.9987e-05	0.099665	supercritical
529.0	1200.5	790.74	0.0012646	462.39	614.21	1.7191	0.95338	1.4395	758.84	-0.015713	8.0132e-05	0.099801	supercritical
529.0	1203.8	791.6	0.0012633	462.22	614.29	1.7184	0.95351	1.4393	759.97	-0.015835	8.0278e-05	0.099938	supercritical
529.0	1207.0	792.44	0.0012619	462.05	614.36	1.7178	0.95364	1.4392	761.09	-0.015957	8.0423e-05	0.10007	supercritical
529.0	1210.2	793.29	0.0012606	461.87	614.44	1.7172	0.95378	1.439	762.21	-0.016078	8.0568e-05	0.10021	supercritical
529.0	1213.5	794.13	0.0012592	461.7	614.51	1.7165	0.95391	1.4388	763.33	-0.016198	8.0713e-05	0.10035	supercritical
529.0	1216.8	794.97	0.0012579	461.53	614.59	1.7159	0.95404	1.4387	764.45	-0.016317	8.0858e-05	0.10048	supercritical
529.0	1220.0	795.81	0.0012566	461.36	614.66	1.7153	0.95417	1.4385	765.56	-0.016435	8.1003e-05	0.10062	supercritical
529.0	1223.2	796.64	0.0012553	461.19	614.74	1.7146	0.95431	1.4384	766.67	-0.016553	8.1148e-05	0.10075	supercritical
529.0	1226.5	797.48	0.001254	461.02	614.82	1.714	0.95444	1.4382	767.79	-0.01667	8.1292e-05	0.10089	supercritical
529.0	1229.8	798.31	0.0012527	460.85	614.9	1.7134	0.95457	1.4381	768.9	-0.016786	8.1437e-05	0.10102	supercritical
529.0	1233.0	799.13	0.0012514	460.68	614.97	1.7128	0.9547	1.4379	770.0	-0.016901	8.1581e-05	0.10116	supercritical
529.0	1236.2	799.96	0.0012501	460.51	615.05	1.7122	0.95484	1.4377	771.11	-0.017015	8.1725e-05	0.1013	supercritical
529.0	1239.5	800.78	0.0012488	460.35	615.13	1.7115	0.95497	1.4376	772.21	-0.017129	8.1869e-05	0.10143	supercritical
529.0	1242.8	801.6	0.0012475	460.18	615.21	1.7109	0.9551	1.4374	773.32	-0.017242	8.2013e-05	0.10157	supercritical
529.0	1246.0	802.41	0.0012462	460.01	615.3	1.7103	0.95523	1.4373	774.42	-0.017354	8.2156e-05	0.1017	supercritical
529.0	1249.2	803.23	0.001245	459.85	615.38	1.7097	0.95537	1.4371	775.52	-0.017465	8.23e-05	0.10183	supercritical
529.0	1252.5	804.04	0.0012437	459.68	615.46	1.7091	0.9555	1.437	776.61	-0.017576	8.2443e-05	0.10197	supercritical
529.0	1255.8	804.85	0.0012425	459.52	615.54	1.7085	0.95563	1.4368	777.71	-0.017686	8.2586e-05	0.1021	supercritical
529.0	1259.0	805.66	0.0012412	459.35	615.62	1.7079	0.95576	1.4367	778.8	-0.017795	8.273e-05	0.10224	supercritical
529.0	1262.2	806.46	0.00124	459.19	615.71	1.7073	0.95589	1.4365	779.89	-0.017903	8.2873e-05	0.10237	supercritical
529.0	1265.5	807.26	0.0012388	459.03	615.79	1.7067	0.95603	1.4364	780.98	-0.018011	8.3016e-05	0.10251	supercritical
529.0	1268.8	808.06	0.0012375	458.86	615.87	1.7061	0.95616	1.4362	782.07	-0.018118	8.3158e-05	0.10264	supercritical
529.0	1272.0	808.86	0.0012363	458.7	615.96	1.7055	0.95629	1.4361	783.15	-0.018224	8.3301e-05	0.10278	supercritical
529.0	1275.2	809.65	0.0012351	458.54	616.04	1.7049	0.95642	1.4359	784.24	-0.018329	8.3443e-05	0.10291	supercritical
529.0	1278.5	810.44	0.0012339	458.38	616.13	1.7043	0.95656	1.4358	785.32	-0.018434	8.3586e-05	0.10304	supercritical
529.0	1281.8	811.23	0.0012327	458.22	616.22	1.7037	0.95669	1.4356	786.4	-0.018538	8.3728e-05	0.10318	supercritical
529.0	1285.0	812.02	0.0012315	458.06	616.3	1.7031	0.95682	1.4355	787.48	-0.018642	8.387e-05	0.10331	supercritical
529.0	1288.2	812.81	0.0012303	457.9	616.39	1.7025	0.95695	1.4354	788.56	-0.018744	8.4012e-05	0.10344	supercritical
529.0	1291.5	813.59	0.0012291	457.74	616.48	1.7019	0.95708	1.4352	789.63	-0.018846	8.4154e-05	0.10358	supercritical
529.0	1294.8	814.37	0.0012279	457.58	616.57	1.7013	0.95722	1.4351	790.71	-0.018948	8.4296e-05	0.10371	supercritical
529.0	1298.0	815.15	0.0012268	457.42	616.66	1.7007	0.95735	1.4349	791.78	-0.019048	8.4437e-05	0.10384	supercritical
529.0	1301.2	815.92	0.0012256	457.26	616.74	1.7001	0.95748	1.4348	792.85	-0.019148	8.4579e-05	0.10398	supercritical
529.0	1304.5	816.7	0.0012244	457.11	616.83	1.6996	0.95761	1.4347	793.92	-0.019248	8.472e-05	0.10411	supercritical
529.0	1307.8	817.47	0.0012233	456.95	616.92	1.699	0.95774	1.4345	794.98	-0.019347	8.4861e-05	0.10424	supercritical
529.0	1311.0	818.24	0.0012221	456.79	617.01	1.6984	0.95788	1.4344	796.05	-0.019445	8.5002e-05	0.10438	supercritical
529.0	1314.2	819.01	0.001221	456.64	617.11	1.6978	0.95801	1.4342	797.11	-0.019542	8.5143e-05	0.10451	supercritical
529.0	1317.5	819.77	0.0012199	456.48	617.2	1.6972	0.95814	1.4341	798.17	-0.019639	8.5284e-05	0.10464	supercritical
529.0	1320.8	820.53	0.0012187	456.33	617.29	1.6967	0.95827	1.434	799.23	-0.019735	8.5425e-05	0.10477	supercritical
529.0	1324.0	821.29	0.0012176	456.17	617.38	1.6961	0.9584	1.4338	800.29	-0.019831	8.5566e-05	0.10491	supercritical
529.0	1327.2	822.05	0.0012165	456.02	617.47	1.6955	0.95854	1.4337	801.35	-0.019926	8.5706e-05	0.10504	supercritical
529.0	1330.5	822.81	0.0012154	455.86	617.57	1.695	0.95867	1.4336	802.4	-0.02002	8.5847e-05	0.10517	supercritical
529.0	1333.8	823.56	0.0012142	455.71	617.66	1.6944	0.9588	1.4334	803.45	-0.020114	8.5987e-05	0.1053	supercritical
529.0	1337.0	824.31	0.0012131	455.56	617.75	1.6938	0.95893	1.4333	804.5	-0.020207	8.6127e-05	0.10544	supercritical
529.0	1340.2	825.06	0.001212	455.41	617.85	1.6932	0.95906	1.4332	805.55	-0.0203	8.6267e-05	0.10557	supercritical
529.0	1343.5	825.81	0.0012109	455.25	617.94	1.6927	0.9592	1.433	806.6	-0.020392	8.6407e-05	0.1057	supercritical
529.0	1346.8	826.55	0.0012098	455.1	618.04	1.6921	0.95933	1.4329	807.65	-0.020483	8.6547e-05	0.10583	supercritical
529.0	1350.0	827.3	0.0012088	454.95	618.13	1.6916	0.95946	1.4328	808.69	-0.020574	8.6687e-05	0.10596	supercritical
529.0	1353.2	828.04	0.0012077	454.8	618.23	1.691	0.95959	1.4326	809.73	-0.020664	8.6826e-05	0.10609	supercritical
529.0	1356.5	828.78	0.0012066	454.65	618.33	1.6904	0.95972	1.4325	810.77	-0.020754	8.6966e-05	0.10623	supercritical
529.0	1359.8	829.51	0.0012055	454.5	618.42	1.6899	0.95985	1.4324	811.81	-0.020843	8.7105e-05	0.10636	supercritical
529.0	1363.0	830.25	0.0012045	454.35	618.52	1.6893	0.95999	1.4323	812.85	-0.020931	8.7244e-05	0.10649	supercritical
529.0	1366.2	830.98	0.0012034	454.2	618.62	1.6888	0.96012	1.4321	813.89	-0.021019	8.7384e-05	0.10662	supercritical
529.0	1369.5	831.71	0.0012023	454.06	618.72	1.6882	0.96025	1.432	814.92	-0.021106	8.7523e-05	0.10675	supercritical
529.0	1372.8	832.44	0.0012013	453.91	618.81	1.6877	0.96038	1.4319	815.95	-0.021193	8.7661e-05	0.10688	supercritical
529.0	1376.0	833.17	0.0012002	453.76	618.91	1.6871	0.96051	1.4318	816.98	-0.02128	8.78e-05	0.10701	supercritical
529.0	1379.2	833.89	0.0011992	453.61	619.01	1.6866	0.96064	1.4316	818.01	-0.021365	8.7939e-05	0.10714	supercritical
529.0	1382.5	834.62	0.0011982	453.47	619.11	1.686	0.96078	1.4315	819.04	-0.021451	8.8078e-05	0.10728	supercritical
529.0	1385.8	835.34	0.0011971	453.32	619.21	1.6855	0.96091	1.4314	820.07	-0.021535	8.8216e-05	0.10741	supercritical
529.0	1389.0	836.06	0.0011961	453.17	619.31	1.6849	0.96104	1.4313	821.09	-0.02162	8.8354e-05	0.10754	supercritical
529.0	1392.2	836.77	0.0011951	453.03	619.41	1.6844	0.96117	1.4312	822.11	-0.021703	8.8493e-05	0.10767	supercritical
529.0	1395.5	837.49	0.001194	452.88	619.51	1.6838	0.9613	1.431	823.14	-0.021786	8.8631e-05	0.1078	supercritical
529.0	1398.8	838.2	0.001193	452.74	619.62	1.6833	0.96143	1.4309	824.15	-0.021869	8.8769e-05	0.10793	supercritical
529.0	1402.0	838.91	0.001192	452.6	619.72	1.6828	0.96156	1.4308	825.17	-0.021951	8.8907e-05	0.10806	supercritical
529.0	1405.2	839.62	0.001191	452.45	619.82	1.6822	0.9617	1.4307	826.19	-0.022033	8.9045e-05	0.10819	supercritical
529.0	1408.5	840.33	0.00119	452.31	619.92	1.6817	0.96183	1.4306	827.2	-0.022114	8.9183e-05	0.10832	supercritical
529.0	1411.8	841.03	0.001189	452.17	620.03	1.6811	0.96196	1.4305	828.22	-0.022194	8.932e-05	0.10845	supercritical
529.0	1415.0	841.74	0.001188	452.02	620.13	1.6806	0.96209	1.4303	829.23	-0.022275	8.9458e-05	0.10858	supercritical
529.0	1418.2	842.44	0.001187	451.88	620.23	1.6801	0.96222	1.4302	830.24	-0.022354	8.9595e-05	0.10871	supercritical
529.0	1421.5	843.14	0.001186	451.74	620.34	1.6795	0.96235	1.4301	831.25	-0.022433	8.9733e-05	0.10884	supercritical
529.0	1424.8	843.84	0.0011851	451.6	620.44	1.679	0.96248	1.43	832.25	-0.022512	8.987e-05	0.10897	supercritical
529.0	1428.0	844.53	0.0011841	451.46	620.55	1.6785	0.96261	1.4299	833.26	-0.02259	9.0007e-05	0.1091	supercritical
529.0	1431.2	845.23	0.0011831	451.32	620.65	1.678	0.96275	1.4298	834.26	-0.022668	9.0144e-05	0.10923	supercritical
529.0	1434.5	845.92	0.0011821	451.18	620.76	1.6774	0.96288	1.4297	835.26	-0.022745	9.0281e-05	0.10936	supercritical
529.0	1437.8	846.61	0.0011812	451.04	620.86	1.6769	0.96301	1.4296	836.26	-0.022822	9.0418e-05	0.10949	supercritical
529.0	1441.0	847.3	0.0011802	450.9	620.97	1.6764	0.96314	1.4294	837.26	-0.022898	9.0554e-05	0.10962	supercritical
529.0	1444.2	847.99	0.0011793	450.76	621.07	1.6759	0.96327	1.4293	838.26	-0.022974	9.0691e-05	0.10975	supercritical
529.0	1447.5	848.67	0.0011783	450.62	621.18	1.6753	0.9634	1.4292	839.26	-0.023049	9.0828e-05	0.10988	supercritical
529.0	1450.8	849.36	0.0011774	450.48	621.29	1.6748	0.96353	1.4291	840.25	-0.023124	9.0964e-05	0.11001	supercritical
529.0	1454.0	850.04	0.0011764	450.35	621.4	1.6743	0.96366	1.429	841.24	-0.023199	9.11e-05	0.11014	supercritical
529.0	1457.2	850.72	0.0011755	450.21	621.5	1.6738	0.9638	1.4289	842.23	-0.023273	9.1237e-05	0.11027	supercritical
529.0	1460.5	851.4	0.0011745	450.07	621.61	1.6733	0.96393	1.4288	843.22	-0.023347	9.1373e-05	0.11039	supercritical
529.0	1463.8	852.07	0.0011736	449.93	621.72	1.6727	0.96406	1.4287	844.21	-0.02342	9.1509e-05	0.11052	supercritical
529.0	1467.0	852.75	0.0011727	449.8	621.83	1.6722	0.96419	1.4286	845.2	-0.023493	9.1645e-05	0.11065	supercritical
529.0	1470.2	853.42	0.0011718	449.66	621.94	1.6717	0.96432	1.4285	846.18	-0.023565	9.1781e-05	0.11078	supercritical
529.0	1473.5	854.09	0.0011708	449.53	622.05	1.6712	0.96445	1.4284	847.17	-0.023637	9.1917e-05	0.11091	supercritical
529.0	1476.8	854.76	0.0011699	449.39	622.16	1.6707	0.96458	1.4283	848.15	-0.023708	9.2052e-05	0.11104	supercritical
529.0	1480.0	855.43	0.001169	449.26	622.27	1.6702	0.96471	1.4282	849.13	-0.023779	9.2188e-05	0.11117	supercritical
529.0	1483.2	856.1	0.0011681	449.12	622.38	1.6697	0.96484	1.4281	850.11	-0.02385	9.2323e-05	0.1113	supercritical
529.0	1486.5	856.76	0.0011672	448.99	622.49	1.6692	0.96497	1.428	851.09	-0.02392	9.2459e-05	0.11143	supercritical
529.0	1489.8	857.43	0.0011663	448.85	622.6	1.6687	0.9651	1.4279	852.06	-0.02399	9.2594e-05	0.11155	supercritical
529.0	1493.0	858.09	0.0011654	448.72	622.71	1.6681	0.96524	1.4278	853.04	-0.024059	9.2729e-05	0.11168	supercritical
529.0	1496.2	858.75	0.0011645	448.59	622.82	1.6676	0.96537	1.4277	854.01	-0.024128	9.2864e-05	0.11181	supercritical
529.0	1499.5	859.41	0.0011636	448.46	622.94	1.6671	0.9655	1.4276	854.98	-0.024197	9.2999e-05	0.11194	supercritical
529.0	1502.8	860.06	0.0011627	448.32	623.05	1.6666	0.96563	1.4275	855.95	-0.024265	9.3134e-05	0.11207	supercritical
529.0	1506.0	860.72	0.0011618	448.19	623.16	1.6661	0.96576	1.4274	856.92	-0.024333	9.3269e-05	0.1122	supercritical
529.0	1509.2	861.37	0.0011609	448.06	623.28	1.6656	0.96589	1.4273	857.89	-0.024401	9.3404e-05	0.11232	supercritical
529.0	1512.5	862.02	0.0011601	447.93	623.39	1.6651	0.96602	1.4272	858.86	-0.024468	9.3539e-05	0.11245	supercritical
529.0	1515.8	862.67	0.0011592	447.8	623.5	1.6646	0.96615	1.4271	859.82	-0.024534	9.3673e-05	0.11258	supercritical
529.0	1519.0	863.32	0.0011583	447.67	623.62	1.6641	0.96628	1.427	860.78	-0.0246	9.3808e-05	0.11271	supercritical
529.0	1522.2	863.97	0.0011575	447.54	623.73	1.6636	0.96641	1.4269	861.75	-0.024666	9.3942e-05	0.11284	supercritical
529.0	1525.5	864.61	0.0011566	447.41	623.84	1.6632	0.96654	1.4268	862.71	-0.024732	9.4077e-05	0.11297	supercritical
529.0	1528.8	865.26	0.0011557	447.28	623.96	1.6627	0.96667	1.4267	863.66	-0.024797	9.4211e-05	0.11309	supercritical
529.0	1532.0	865.9	0.0011549	447.15	624.07	1.6622	0.9668	1.4266	864.62	-0.024862	9.4345e-05	0.11322	supercritical
529.0	1535.2	866.54	0.001154	447.02	624.19	1.6617	0.96693	1.4265	865.58	-0.024926	9.4479e-05	0.11335	supercritical
529.0	1538.5	867.18	0.0011532	446.89	624.31	1.6612	0.96707	1.4264	866.53	-0.02499	9.4613e-05	0.11348	supercritical
529.0	1541.8	867.82	0.0011523	446.76	624.42	1.6607	0.9672	1.4263	867.48	-0.025054	9.4747e-05	0.1136	supercritical
529.0	1545.0	868.45	0.0011515	446.64	624.54	1.6602	0.96733	1.4262	868.44	-0.025117	9.4881e-05	0.11373	supercritical
529.0	1548.2	869.09	0.0011506	446.51	624.65	1.6597	0.96746	1.4261	869.39	-0.02518	9.5015e-05	0.11386	supercritical
529.0	1551.5	869.72	0.0011498	446.38	624.77	1.6592	0.96759	1.426	870.34	-0.025243	9.5148e-05	0.11399	supercritical
529.0	1554.8	870.35	0.001149	446.25	624.89	1.6588	0.96772	1.4259	871.28	-0.025305	9.5282e-05	0.11411	supercritical
529.0	1558.0	870.98	0.0011481	446.13	625.01	1.6583	0.96785	1.4259	872.23	-0.025367	9.5415e-05	0.11424	supercritical
529.0	1561.2	871.61	0.0011473	446.0	625.12	1.6578	0.96798	1.4258	873.17	-0.025428	9.5549e-05	0.11437	supercritical
529.0	1564.5	872.24	0.0011465	445.88	625.24	1.6573	0.96811	1.4257	874.12	-0.02549	9.5682e-05	0.1145	supercritical
529.0	1567.8	872.86	0.0011457	445.75	625.36	1.6568	0.96824	1.4256	875.06	-0.025551	9.5815e-05	0.11462	supercritical
529.0	1571.0	873.49	0.0011448	445.62	625.48	1.6563	0.96837	1.4255	876.0	-0.025611	9.5948e-05	0.11475	supercritical
529.0	1574.2	874.11	0.001144	445.5	625.6	1.6559	0.9685	1.4254	876.94	-0.025671	9.6082e-05	0.11488	supercritical
529.0	1577.5	874.73	0.0011432	445.38	625.72	1.6554	0.96863	1.4253	877.88	-0.025731	9.6215e-05	0.115	supercritical
529.0	1580.8	875.35	0.0011424	445.25	625.84	1.6549	0.96876	1.4252	878.81	-0.025791	9.6348e-05	0.11513	supercritical
529.0	1584.0	875.97	0.0011416	445.13	625.96	1.6544	0.96889	1.4252	879.75	-0.02585	9.648e-05	0.11526	supercritical
529.0	1587.2	876.59	0.0011408	445.0	626.08	1.654	0.96902	1.4251	880.68	-0.025909	9.6613e-05	0.11539	supercritical
529.0	1590.5	877.2	0.00114	444.88	626.2	1.6535	0.96915	1.425	881.61	-0.025967	9.6746e-05	0.11551	supercritical
529.0	1593.8	877.82	0.0011392	444.76	626.32	1.653	0.96928	1.4249	882.54	-0.026026	9.6878e-05	0.11564	supercritical
529.0	1597.0	878.43	0.0011384	444.63	626.44	1.6525	0.96941	1.4248	883.47	-0.026084	9.7011e-05	0.11577	supercritical
529.0	1600.2	879.04	0.0011376	444.51	626.56	1.6521	0.96954	1.4247	884.4	-0.026141	9.7143e-05	0.11589	supercritical
529.0	1603.5	879.65	0.0011368	444.39	626.68	1.6516	0.96967	1.4247	885.33	-0.026198	9.7276e-05	0.11602	supercritical
529.0	1606.8	880.26	0.001136	444.27	626.8	1.6511	0.9698	1.4246	886.25	-0.026255	9.7408e-05	0.11615	supercritical
529.0	1610.0	880.87	0.0011352	444.15	626.92	1.6507	0.96993	1.4245	887.18	-0.026312	9.754e-05	0.11627	supercritical
529.0	1613.2	881.47	0.0011345	444.03	627.04	1.6502	0.97006	1.4244	888.1	-0.026368	9.7673e-05	0.1164	supercritical
529.0	1616.5	882.08	0.0011337	443.9	627.17	1.6497	0.97019	1.4243	889.02	-0.026424	9.7805e-05	0.11653	supercritical
529.0	1619.8	882.68	0.0011329	443.78	627.29	1.6493	0.97032	1.4242	889.94	-0.02648	9.7937e-05	0.11665	supercritical
529.0	1623.0	883.28	0.0011321	443.66	627.41	1.6488	0.97045	1.4242	890.86	-0.026536	9.8069e-05	0.11678	supercritical
529.0	1626.2	883.88	0.0011314	443.54	627.53	1.6483	0.97058	1.4241	891.78	-0.026591	9.82e-05	0.1169	supercritical
529.0	1629.5	884.48	0.0011306	443.42	627.66	1.6479	0.97071	1.424	892.7	-0.026646	9.8332e-05	0.11703	supercritical
529.0	1632.8	885.08	0.0011298	443.31	627.78	1.6474	0.97084	1.4239	893.61	-0.0267	9.8464e-05	0.11716	supercritical
529.0	1636.0	885.67	0.0011291	443.19	627.9	1.647	0.97097	1.4239	894.53	-0.026755	9.8596e-05	0.11728	supercritical
529.0	1639.2	886.27	0.0011283	443.07	628.03	1.6465	0.9711	1.4238	895.44	-0.026809	9.8727e-05	0.11741	supercritical
529.0	1642.5	886.86	0.0011276	442.95	628.15	1.646	0.97123	1.4237	896.35	-0.026862	9.8859e-05	0.11754	supercritical
529.0	1645.8	887.45	0.0011268	442.83	628.28	1.6456	0.97136	1.4236	897.26	-0.026916	9.899e-05	0.11766	supercritical
529.0	1649.0	888.05	0.0011261	442.71	628.4	1.6451	0.97149	1.4235	898.17	-0.026969	9.9121e-05	0.11779	supercritical
529.0	1652.2	888.64	0.0011253	442.6	628.53	1.6447	0.97162	1.4235	899.08	-0.027022	9.9253e-05	0.11791	supercritical
529.0	1655.5	889.22	0.0011246	442.48	628.65	1.6442	0.97175	1.4234	899.98	-0.027074	9.9384e-05	0.11804	supercritical
529.0	1658.8	889.81	0.0011238	442.36	628.78	1.6438	0.97188	1.4233	900.89	-0.027126	9.9515e-05	0.11817	supercritical
529.0	1662.0	890.4	0.0011231	442.24	628.9	1.6433	0.97201	1.4232	901.79	-0.027178	9.9646e-05	0.11829	supercritical
529.0	1665.2	890.98	0.0011224	442.13	629.03	1.6429	0.97214	1.4232	902.69	-0.02723	9.9777e-05	0.11842	supercritical
529.0	1668.5	891.56	0.0011216	442.01	629.15	1.6424	0.97227	1.4231	903.59	-0.027282	9.9908e-05	0.11854	supercritical
529.0	1671.8	892.15	0.0011209	441.9	629.28	1.642	0.9724	1.423	904.49	-0.027333	0.00010004	0.11867	supercritical
529.0	1675.0	892.73	0.0011202	441.78	629.41	1.6415	0.97253	1.4229	905.39	-0.027384	0.00010017	0.11879	supercritical
529.0	1678.2	893.31	0.0011194	441.66	629.53	1.6411	0.97266	1.4229	906.29	-0.027434	0.0001003	0.11892	supercritical
529.0	1681.5	893.88	0.0011187	441.55	629.66	1.6406	0.97279	1.4228	907.19	-0.027485	0.00010043	0.11905	supercritical
529.0	1684.8	894.46	0.001118	441.43	629.79	1.6402	0.97291	1.4227	908.08	-0.027535	0.00010056	0.11917	supercritical
529.0	1688.0	895.04	0.0011173	441.32	629.92	1.6397	0.97304	1.4227	908.97	-0.027585	0.00010069	0.1193	supercritical
529.0	1691.2	895.61	0.0011166	441.21	630.04	1.6393	0.97317	1.4226	909.87	-0.027634	0.00010082	0.11942	supercritical
529.0	1694.5	896.18	0.0011158	441.09	630.17	1.6388	0.9733	1.4225	910.76	-0.027684	0.00010095	0.11955	supercritical
529.0	1697.8	896.76	0.0011151	440.98	630.3	1.6384	0.97343	1.4224	911.65	-0.027733	0.00010108	0.11967	supercritical
529.0	1701.0	897.33	0.0011144	440.86	630.43	1.6379	0.97356	1.4224	912.54	-0.027782	0.00010121	0.1198	supercritical
529.0	1704.2	897.9	0.0011137	440.75	630.56	1.6375	0.97369	1.4223	913.42	-0.02783	0.00010134	0.11992	supercritical
529.0	1707.5	898.47	0.001113	440.64	630.68	1.6371	0.97382	1.4222	914.31	-0.027879	0.00010147	0.12005	supercritical
529.0	1710.8	899.03	0.0011123	440.53	630.81	1.6366	0.97395	1.4222	915.2	-0.027927	0.0001016	0.12018	supercritical
529.0	1714.0	899.6	0.0011116	440.41	630.94	1.6362	0.97408	1.4221	916.08	-0.027975	0.00010173	0.1203	supercritical
529.0	1717.2	900.16	0.0011109	440.3	631.07	1.6357	0.97421	1.422	916.96	-0.028022	0.00010186	0.12043	supercritical
529.0	1720.5	900.73	0.0011102	440.19	631.2	1.6353	0.97434	1.422	917.84	-0.02807	0.00010199	0.12055	supercritical
529.0	1723.8	901.29	0.0011095	440.08	631.33	1.6349	0.97447	1.4219	918.72	-0.028117	0.00010212	0.12068	supercritical
529.0	1727.0	901.85	0.0011088	439.97	631.46	1.6344	0.97459	1.4218	919.6	-0.028164	0.00010225	0.1208	supercritical
529.0	1730.2	902.41	0.0011081	439.86	631.59	1.634	0.97472	1.4218	920.48	-0.02821	0.00010238	0.12093	supercritical
529.0	1733.5	902.97	0.0011075	439.74	631.72	1.6336	0.97485	1.4217	921.36	-0.028257	0.00010251	0.12105	supercritical
529.0	1736.8	903.53	0.0011068	439.63	631.85	1.6331	0.97498	1.4216	922.23	-0.028303	0.00010264	0.12118	supercritical
529.0	1740.0	904.08	0.0011061	439.52	631.98	1.6327	0.97511	1.4216	923.11	-0.028349	0.00010277	0.1213	supercritical
529.0	1743.2	904.64	0.0011054	439.41	632.12	1.6323	0.97524	1.4215	923.98	-0.028395	0.0001029	0.12143	supercritical
529.0	1746.5	905.19	0.0011047	439.3	632.25	1.6318	0.97537	1.4214	924.85	-0.02844	0.00010303	0.12155	supercritical
529.0	1749.8	905.75	0.0011041	439.19	632.38	1.6314	0.9755	1.4214	925.72	-0.028485	0.00010316	0.12168	supercritical
529.0	1753.0	906.3	0.0011034	439.09	632.51	1.631	0.97563	1.4213	926.59	-0.02853	0.00010329	0.1218	supercritical
529.0	1756.2	906.85	0.0011027	438.98	632.64	1.6306	0.97576	1.4212	927.46	-0.028575	0.00010342	0.12193	supercritical
529.0	1759.5	907.4	0.001102	438.87	632.77	1.6301	0.97588	1.4212	928.33	-0.02862	0.00010355	0.12205	supercritical
529.0	1762.8	907.95	0.0011014	438.76	632.91	1.6297	0.97601	1.4211	929.19	-0.028664	0.00010368	0.12217	supercritical
529.0	1766.0	908.5	0.0011007	438.65	633.04	1.6293	0.97614	1.4211	930.06	-0.028708	0.00010381	0.1223	supercritical
529.0	1769.2	909.04	0.0011001	438.54	633.17	1.6288	0.97627	1.421	930.92	-0.028752	0.00010393	0.12242	supercritical
529.0	1772.5	909.59	0.0010994	438.44	633.3	1.6284	0.9764	1.4209	931.79	-0.028796	0.00010406	0.12255	supercritical
529.0	1775.8	910.13	0.0010987	438.33	633.44	1.628	0.97653	1.4209	932.65	-0.028839	0.00010419	0.12267	supercritical
529.0	1779.0	910.68	0.0010981	438.22	633.57	1.6276	0.97666	1.4208	933.51	-0.028883	0.00010432	0.1228	supercritical
529.0	1782.2	911.22	0.0010974	438.11	633.7	1.6272	0.97678	1.4208	934.37	-0.028926	0.00010445	0.12292	supercritical
529.0	1785.5	911.76	0.0010968	438.01	633.84	1.6267	0.97691	1.4207	935.23	-0.028969	0.00010458	0.12305	supercritical
529.0	1788.8	912.3	0.0010961	437.9	633.97	1.6263	0.97704	1.4206	936.08	-0.029011	0.00010471	0.12317	supercritical
529.0	1792.0	912.84	0.0010955	437.79	634.11	1.6259	0.97717	1.4206	936.94	-0.029054	0.00010484	0.1233	supercritical
529.0	1795.2	913.37	0.0010948	437.69	634.24	1.6255	0.9773	1.4205	937.79	-0.029096	0.00010496	0.12342	supercritical
529.0	1798.5	913.91	0.0010942	437.58	634.37	1.6251	0.97743	1.4205	938.65	-0.029138	0.00010509	0.12354	supercritical
529.0	1801.8	914.45	0.0010936	437.48	634.51	1.6246	0.97756	1.4204	939.5	-0.02918	0.00010522	0.12367	supercritical
529.0	1805.0	914.98	0.0010929	437.37	634.64	1.6242	0.97768	1.4203	940.35	-0.029221	0.00010535	0.12379	supercritical
529.0	1808.2	915.51	0.0010923	437.27	634.78	1.6238	0.97781	1.4203	941.2	-0.029263	0.00010548	0.12392	supercritical
529.0	1811.5	916.05	0.0010916	437.16	634.91	1.6234	0.97794	1.4202	942.05	-0.029304	0.00010561	0.12404	supercritical
529.0	1814.8	916.58	0.001091	437.06	635.05	1.623	0.97807	1.4202	942.9	-0.029345	0.00010573	0.12417	supercritical
529.0	1818.0	917.11	0.0010904	436.95	635.18	1.6226	0.9782	1.4201	943.75	-0.029386	0.00010586	0.12429	supercritical
529.0	1821.2	917.64	0.0010898	436.85	635.32	1.6221	0.97833	1.42	944.59	-0.029426	0.00010599	0.12441	supercritical
529.0	1824.5	918.17	0.0010891	436.74	635.46	1.6217	0.97845	1.42	945.44	-0.029467	0.00010612	0.12454	supercritical
529.0	1827.8	918.69	0.0010885	436.64	635.59	1.6213	0.97858	1.4199	946.28	-0.029507	0.00010625	0.12466	supercritical
529.0	1831.0	919.22	0.0010879	436.54	635.73	1.6209	0.97871	1.4199	947.12	-0.029547	0.00010637	0.12479	supercritical
529.0	1834.2	919.74	0.0010873	436.43	635.86	1.6205	0.97884	1.4198	947.97	-0.029587	0.0001065	0.12491	supercritical
529.0	1837.5	920.27	0.0010866	436.33	636.0	1.6201	0.97897	1.4198	948.81	-0.029626	0.00010663	0.12503	supercritical
529.0	1840.8	920.79	0.001086	436.23	636.14	1.6197	0.97909	1.4197	949.65	-0.029666	0.00010676	0.12516	supercritical
529.0	1844.0	921.31	0.0010854	436.13	636.28	1.6193	0.97922	1.4197	950.48	-0.029705	0.00010688	0.12528	supercritical
529.0	1847.2	921.83	0.0010848	436.02	636.41	1.6189	0.97935	1.4196	951.32	-0.029744	0.00010701	0.12541	supercritical
529.0	1850.5	922.35	0.0010842	435.92	636.55	1.6185	0.97948	1.4196	952.16	-0.029783	0.00010714	0.12553	supercritical
529.0	1853.8	922.87	0.0010836	435.82	636.69	1.6181	0.97961	1.4195	952.99	-0.029822	0.00010727	0.12565	supercritical
529.0	1857.0	923.39	0.001083	435.72	636.82	1.6177	0.97973	1.4194	953.83	-0.02986	0.0001074	0.12578	supercritical
529.0	1860.2	923.91	0.0010824	435.62	636.96	1.6172	0.97986	1.4194	954.66	-0.029898	0.00010752	0.1259	supercritical
529.0	1863.5	924.42	0.0010818	435.52	637.1	1.6168	0.97999	1.4193	955.49	-0.029937	0.00010765	0.12602	supercritical
529.0	1866.8	924.94	0.0010812	435.41	637.24	1.6164	0.98012	1.4193	956.32	-0.029974	0.00010778	0.12615	supercritical
529.0	1870.0	925.45	0.0010806	435.31	637.38	1.616	0.98025	1.4192	957.15	-0.030012	0.0001079	0.12627	supercritical
529.0	1873.2	925.97	0.00108	435.21	637.52	1.6156	0.98037	1.4192	957.98	-0.03005	0.00010803	0.1264	supercritical
529.0	1876.5	926.48	0.0010794	435.11	637.65	1.6152	0.9805	1.4191	958.81	-0.030087	0.00010816	0.12652	supercritical
529.0	1879.8	926.99	0.0010788	435.01	637.79	1.6148	0.98063	1.4191	959.64	-0.030125	0.00010829	0.12664	supercritical
529.0	1883.0	927.5	0.0010782	434.91	637.93	1.6144	0.98076	1.419	960.46	-0.030162	0.00010841	0.12677	supercritical
529.0	1886.2	928.01	0.0010776	434.81	638.07	1.614	0.98088	1.419	961.29	-0.030199	0.00010854	0.12689	supercritical
529.0	1889.5	928.52	0.001077	434.71	638.21	1.6136	0.98101	1.4189	962.11	-0.030235	0.00010867	0.12701	supercritical
529.0	1892.8	929.03	0.0010764	434.62	638.35	1.6132	0.98114	1.4189	962.93	-0.030272	0.00010879	0.12714	supercritical
529.0	1896.0	929.53	0.0010758	434.52	638.49	1.6128	0.98127	1.4188	963.76	-0.030308	0.00010892	0.12726	supercritical
529.0	1899.2	930.04	0.0010752	434.42	638.63	1.6124	0.9814	1.4188	964.58	-0.030344	0.00010905	0.12738	supercritical
529.0	1902.5	930.54	0.0010746	434.32	638.77	1.612	0.98152	1.4187	965.4	-0.03038	0.00010917	0.12751	supercritical
529.0	1905.8	931.05	0.0010741	434.22	638.91	1.6117	0.98165	1.4187	966.21	-0.030416	0.0001093	0.12763	supercritical
529.0	1909.0	931.55	0.0010735	434.12	639.05	1.6113	0.98178	1.4186	967.03	-0.030452	0.00010943	0.12775	supercritical
529.0	1912.2	932.05	0.0010729	434.02	639.19	1.6109	0.98191	1.4186	967.85	-0.030488	0.00010955	0.12788	supercritical
529.0	1915.5	932.55	0.0010723	433.93	639.33	1.6105	0.98203	1.4185	968.66	-0.030523	0.00010968	0.128	supercritical
529.0	1918.8	933.05	0.0010718	433.83	639.47	1.6101	0.98216	1.4185	969.48	-0.030558	0.00010981	0.12812	supercritical
529.0	1922.0	933.55	0.0010712	433.73	639.61	1.6097	0.98229	1.4184	970.29	-0.030593	0.00010993	0.12825	supercritical
529.0	1925.2	934.05	0.0010706	433.64	639.75	1.6093	0.98241	1.4184	971.1	-0.030628	0.00011006	0.12837	supercritical
529.0	1928.5	934.54	0.00107	433.54	639.9	1.6089	0.98254	1.4184	971.92	-0.030663	0.00011019	0.12849	supercritical
529.0	1931.8	935.04	0.0010695	433.44	640.04	1.6085	0.98267	1.4183	972.73	-0.030698	0.00011031	0.12862	supercritical
529.0	1935.0	935.54	0.0010689	433.35	640.18	1.6081	0.9828	1.4183	973.54	-0.030732	0.00011044	0.12874	supercritical
529.0	1938.2	936.03	0.0010683	433.25	640.32	1.6077	0.98292	1.4182	974.34	-0.030766	0.00011057	0.12886	supercritical
529.0	1941.5	936.52	0.0010678	433.15	640.46	1.6074	0.98305	1.4182	975.15	-0.0308	0.00011069	0.12899	supercritical
529.0	1944.8	937.02	0.0010672	433.06	640.6	1.607	0.98318	1.4181	975.96	-0.030834	0.00011082	0.12911	supercritical
529.0	1948.0	937.51	0.0010667	432.96	640.75	1.6066	0.9833	1.4181	976.76	-0.030868	0.00011094	0.12923	supercritical
529.0	1951.2	938.0	0.0010661	432.87	640.89	1.6062	0.98343	1.418	977.57	-0.030902	0.00011107	0.12936	supercritical
529.0	1954.5	938.49	0.0010655	432.77	641.03	1.6058	0.98356	1.418	978.37	-0.030935	0.0001112	0.12948	supercritical
529.0	1957.8	938.98	0.001065	432.68	641.17	1.6054	0.98369	1.4179	979.18	-0.030969	0.00011132	0.1296	supercritical
529.0	1961.0	939.47	0.0010644	432.58	641.32	1.605	0.98381	1.4179	979.98	-0.031002	0.00011145	0.12972	supercritical
529.0	1964.2	939.95	0.0010639	432.49	641.46	1.6047	0.98394	1.4179	980.78	-0.031035	0.00011157	0.12985	supercritical
529.0	1967.5	940.44	0.0010633	432.39	641.6	1.6043	0.98407	1.4178	981.58	-0.031068	0.0001117	0.12997	supercritical
529.0	1970.8	940.93	0.0010628	432.3	641.75	1.6039	0.98419	1.4178	982.38	-0.0311	0.00011183	0.13009	supercritical
529.0	1974.0	941.41	0.0010622	432.2	641.89	1.6035	0.98432	1.4177	983.17	-0.031133	0.00011195	0.13022	supercritical
529.0	1977.2	941.89	0.0010617	432.11	642.03	1.6031	0.98445	1.4177	983.97	-0.031165	0.00011208	0.13034	supercritical
529.0	1980.5	942.38	0.0010611	432.02	642.18	1.6027	0.98457	1.4176	984.77	-0.031198	0.0001122	0.13046	supercritical
529.0	1983.8	942.86	0.0010606	431.92	642.32	1.6024	0.9847	1.4176	985.56	-0.03123	0.00011233	0.13059	supercritical
529.0	1987.0	943.34	0.0010601	431.83	642.46	1.602	0.98483	1.4176	986.36	-0.031262	0.00011245	0.13071	supercritical
529.0	1990.2	943.82	0.0010595	431.74	642.61	1.6016	0.98495	1.4175	987.15	-0.031294	0.00011258	0.13083	supercritical
529.0	1993.5	944.3	0.001059	431.64	642.75	1.6012	0.98508	1.4175	987.94	-0.031326	0.00011271	0.13095	supercritical
529.0	1996.8	944.78	0.0010584	431.55	642.9	1.6009	0.98521	1.4174	988.73	-0.031357	0.00011283	0.13108	supercritical
529.0	2000.0	945.26	0.0010579	431.46	643.04	1.6005	0.98533	1.4174	989.52	-0.031389	0.00011296	0.1312	supercritical
