Temperature (K)	Pressure (bar)	Density (kg/m3)	Volume (m3/kg)	Internal Energy (kJ/kg)	Enthalpy (kJ/kg)	Entropy (J/g*K)	Cv (J/g*K)	Cp (J/g*K)	Sound Spd. (m/s)	Joule-Thomson (K/bar)	Viscosity (Pa*s)	Therm. Cond. (W/m*K)	Phase
330.0	56.5	117.74	0.0084932	435.0	482.99	1.9518	0.80186	1.393	248.23	0.82015	1.7986e-05	0.024542	vapor
330.0	59.75	127.13	0.0078662	432.21	479.21	1.9323	0.81081	1.4538	246.19	0.81455	1.8179e-05	0.025167	vapor
330.0	63.0	136.99	0.0072999	429.3	475.29	1.913	0.82016	1.5218	244.15	0.8081	1.8392e-05	0.025859	vapor
330.0	66.25	147.38	0.0067853	426.26	471.21	1.8937	0.82994	1.5983	242.12	0.80069	1.863e-05	0.026629	vapor
330.0	69.5	158.36	0.0063146	423.08	466.96	1.8744	0.84021	1.6848	240.11	0.79218	1.8897e-05	0.027489	vapor
330.0	72.75	170.01	0.0058819	419.74	462.53	1.8549	0.85099	1.7834	238.12	0.78242	1.9196e-05	0.028452	vapor
330.0	76.0	182.42	0.0054819	416.22	457.89	1.8353	0.86234	1.8963	236.16	0.77124	1.9534e-05	0.029535	vapor
330.0	76.0	182.42	0.0054819	416.22	457.89	1.8353	0.86234	1.8963	236.16	0.77124	1.9534e-05	0.029535	supercritical
330.0	76.0	182.42	0.0054819	416.22	457.89	1.8353	0.86234	1.8963	236.16	0.77124	1.9534e-05	0.029535	supercritical
330.0	79.25	195.68	0.0051104	412.51	453.01	1.8153	0.87429	2.0265	234.25	0.75845	1.9917e-05	0.030757	supercritical
330.0	82.5	209.92	0.0047638	408.59	447.89	1.7949	0.88687	2.1776	232.43	0.7438	2.0355e-05	0.032139	supercritical
330.0	85.75	225.27	0.004439	404.41	442.48	1.774	0.90008	2.3539	230.7	0.72705	2.0859e-05	0.033705	supercritical
330.0	89.0	241.92	0.0041337	399.96	436.75	1.7524	0.9139	2.5602	229.12	0.70789	2.1442e-05	0.035479	supercritical
330.0	92.25	260.03	0.0038458	395.21	430.69	1.7301	0.92823	2.8015	227.76	0.68601	2.2122e-05	0.037483	supercritical
330.0	95.5	279.8	0.003574	390.12	424.25	1.707	0.94286	3.0814	226.68	0.66107	2.2919e-05	0.039729	supercritical
330.0	98.75	301.42	0.0033176	384.68	417.45	1.6829	0.95744	3.3998	226.02	0.63281	2.3857e-05	0.042213	supercritical
330.0	102.0	325.0	0.0030769	378.9	410.28	1.6581	0.97137	3.7486	225.94	0.60114	2.4964e-05	0.044898	supercritical
330.0	105.25	350.52	0.0028529	372.8	402.83	1.6326	0.98385	4.107	226.62	0.56633	2.6261e-05	0.047707	supercritical
330.0	108.5	377.7	0.0026476	366.49	395.22	1.6068	0.99393	4.4406	228.32	0.52904	2.7762e-05	0.050519	supercritical
330.0	111.75	405.98	0.0024632	360.11	387.63	1.5813	1.0009	4.7042	231.27	0.49026	2.9458e-05	0.053189	supercritical
330.0	115.0	434.49	0.0023016	353.84	380.31	1.5568	1.0042	4.8543	235.63	0.45124	3.1312e-05	0.055581	supercritical
330.0	118.25	462.24	0.0021634	347.88	373.46	1.5338	1.0041	4.8712	241.39	0.41337	3.3262e-05	0.057617	supercritical
330.0	121.5	488.38	0.0020476	342.37	367.25	1.5129	1.001	4.7772	248.37	0.37798	3.5236e-05	0.059325	supercritical
330.0	124.75	512.42	0.0019515	337.38	361.73	1.4942	0.99598	4.6139	256.31	0.3458	3.7173e-05	0.060787	supercritical
330.0	128.0	534.21	0.0018719	332.9	356.86	1.4776	0.9901	4.4194	264.86	0.31707	3.9035e-05	0.062084	supercritical
330.0	131.25	553.84	0.0018056	328.89	352.59	1.4629	0.98401	4.2191	273.72	0.2917	4.0801e-05	0.063276	supercritical
330.0	134.5	571.49	0.0017498	325.3	348.84	1.4497	0.97807	4.0268	282.7	0.26938	4.2466e-05	0.064397	supercritical
330.0	137.75	587.4	0.0017024	322.07	345.52	1.438	0.97244	3.8491	291.64	0.24974	4.4031e-05	0.065467	supercritical
330.0	141.0	601.81	0.0016617	319.14	342.57	1.4274	0.96719	3.6888	300.46	0.23242	4.5502e-05	0.066499	supercritical
330.0	144.25	614.93	0.0016262	316.47	339.93	1.4178	0.96235	3.5457	309.11	0.2171	4.6887e-05	0.067497	supercritical
330.0	147.5	626.93	0.0015951	314.02	337.55	1.409	0.95791	3.4187	317.55	0.20348	4.8196e-05	0.068464	supercritical
330.0	150.75	637.98	0.0015675	311.76	335.39	1.4009	0.95385	3.306	325.76	0.19131	4.9435e-05	0.069402	supercritical
330.0	154.0	648.2	0.0015427	309.67	333.43	1.3934	0.95014	3.2057	333.75	0.18038	5.0613e-05	0.070312	supercritical
330.0	157.25	657.7	0.0015205	307.72	331.63	1.3864	0.94676	3.1161	341.51	0.17052	5.1735e-05	0.071195	supercritical
330.0	160.5	666.57	0.0015002	305.89	329.97	1.3799	0.94367	3.0354	349.05	0.16156	5.2807e-05	0.072052	supercritical
330.0	163.75	674.88	0.0014817	304.17	328.43	1.3738	0.94084	2.9626	356.39	0.1534	5.3834e-05	0.072883	supercritical
330.0	167.0	682.7	0.0014648	302.55	327.01	1.368	0.93825	2.8965	363.51	0.14592	5.4821e-05	0.073691	supercritical
330.0	170.25	690.08	0.0014491	301.01	325.68	1.3626	0.93587	2.8362	370.45	0.13904	5.577e-05	0.074475	supercritical
330.0	173.5	697.07	0.0014346	299.55	324.44	1.3574	0.93367	2.7811	377.2	0.1327	5.6685e-05	0.075238	supercritical
330.0	176.75	703.7	0.0014211	298.16	323.28	1.3525	0.93165	2.7304	383.78	0.12682	5.757e-05	0.075981	supercritical
330.0	180.0	710.02	0.0014084	296.84	322.19	1.3478	0.92978	2.6836	390.19	0.12136	5.8426e-05	0.076704	supercritical
330.0	183.25	716.04	0.0013966	295.57	321.16	1.3433	0.92805	2.6404	396.44	0.11628	5.9256e-05	0.077409	supercritical
330.0	186.5	721.79	0.0013854	294.35	320.19	1.339	0.92645	2.6003	402.54	0.11152	6.0061e-05	0.078096	supercritical
330.0	189.75	727.3	0.0013749	293.19	319.28	1.3348	0.92497	2.5631	408.5	0.10708	6.0845e-05	0.078768	supercritical
330.0	193.0	732.59	0.001365	292.06	318.41	1.3308	0.92359	2.5283	414.33	0.1029	6.1607e-05	0.079424	supercritical
330.0	196.25	737.67	0.0013556	290.98	317.58	1.327	0.92231	2.4959	420.02	0.098976	6.235e-05	0.080065	supercritical
330.0	199.5	742.57	0.0013467	289.93	316.8	1.3233	0.92112	2.4655	425.59	0.095276	6.3076e-05	0.080692	supercritical
330.0	202.75	747.28	0.0013382	288.92	316.06	1.3197	0.92002	2.437	431.05	0.091783	6.3784e-05	0.081307	supercritical
330.0	206.0	751.84	0.0013301	287.95	315.35	1.3163	0.91899	2.4102	436.39	0.088479	6.4476e-05	0.081909	supercritical
330.0	209.25	756.24	0.0013223	287.0	314.67	1.3129	0.91804	2.385	441.62	0.085349	6.5154e-05	0.082499	supercritical
330.0	212.5	760.5	0.0013149	286.08	314.02	1.3096	0.91715	2.3612	446.75	0.082379	6.5818e-05	0.083078	supercritical
330.0	215.75	764.63	0.0013078	285.19	313.4	1.3065	0.91632	2.3386	451.79	0.079556	6.6468e-05	0.083646	supercritical
330.0	219.0	768.63	0.001301	284.32	312.81	1.3034	0.91555	2.3173	456.73	0.076869	6.7106e-05	0.084204	supercritical
330.0	222.25	772.51	0.0012945	283.48	312.25	1.3004	0.91483	2.2971	461.57	0.074309	6.7733e-05	0.084753	supercritical
330.0	225.5	776.29	0.0012882	282.65	311.7	1.2975	0.91417	2.2779	466.34	0.071866	6.8348e-05	0.085292	supercritical
330.0	228.75	779.96	0.0012821	281.85	311.18	1.2946	0.91355	2.2597	471.02	0.069532	6.8953e-05	0.085822	supercritical
330.0	232.0	783.54	0.0012763	281.07	310.68	1.2919	0.91297	2.2423	475.61	0.0673	6.9548e-05	0.086344	supercritical
330.0	235.25	787.02	0.0012706	280.31	310.2	1.2892	0.91243	2.2257	480.14	0.065162	7.0134e-05	0.086858	supercritical
330.0	238.5	790.42	0.0012652	279.56	309.74	1.2865	0.91194	2.2099	484.59	0.063114	7.071e-05	0.087364	supercritical
330.0	241.75	793.73	0.0012599	278.84	309.29	1.2839	0.91147	2.1948	488.96	0.061148	7.1278e-05	0.087863	supercritical
330.0	245.0	796.97	0.0012548	278.12	308.86	1.2814	0.91104	2.1803	493.27	0.05926	7.1838e-05	0.088355	supercritical
330.0	248.25	800.13	0.0012498	277.43	308.45	1.2789	0.91064	2.1665	497.52	0.057446	7.239e-05	0.08884	supercritical
330.0	251.5	803.22	0.001245	276.74	308.06	1.2765	0.91027	2.1532	501.69	0.0557	7.2934e-05	0.089318	supercritical
330.0	254.75	806.24	0.0012403	276.08	307.67	1.2741	0.90993	2.1404	505.81	0.054019	7.3471e-05	0.08979	supercritical
330.0	258.0	809.19	0.0012358	275.42	307.3	1.2717	0.90961	2.1282	509.87	0.052399	7.4002e-05	0.090255	supercritical
330.0	261.25	812.09	0.0012314	274.78	306.95	1.2694	0.90932	2.1164	513.87	0.050837	7.4525e-05	0.090715	supercritical
330.0	264.5	814.92	0.0012271	274.15	306.6	1.2672	0.90905	2.1051	517.82	0.04933	7.5043e-05	0.09117	supercritical
330.0	267.75	817.7	0.0012229	273.53	306.27	1.265	0.9088	2.0941	521.71	0.047874	7.5554e-05	0.091618	supercritical
330.0	271.0	820.43	0.0012189	272.92	305.95	1.2628	0.90857	2.0836	525.55	0.046466	7.606e-05	0.092062	supercritical
330.0	274.25	823.1	0.0012149	272.32	305.64	1.2607	0.90835	2.0735	529.34	0.045105	7.656e-05	0.0925	supercritical
330.0	277.5	825.72	0.0012111	271.74	305.34	1.2586	0.90816	2.0637	533.09	0.043789	7.7055e-05	0.092934	supercritical
330.0	280.75	828.3	0.0012073	271.16	305.06	1.2565	0.90798	2.0542	536.78	0.042513	7.7544e-05	0.093363	supercritical
330.0	284.0	830.83	0.0012036	270.59	304.78	1.2545	0.90782	2.045	540.43	0.041278	7.8028e-05	0.093787	supercritical
330.0	287.25	833.31	0.0012	270.04	304.51	1.2525	0.90767	2.0362	544.04	0.04008	7.8508e-05	0.094207	supercritical
330.0	290.5	835.75	0.0011965	269.49	304.25	1.2505	0.90753	2.0276	547.6	0.038919	7.8983e-05	0.094622	supercritical
330.0	293.75	838.16	0.0011931	268.95	303.99	1.2486	0.90741	2.0193	551.12	0.037792	7.9453e-05	0.095033	supercritical
330.0	297.0	840.52	0.0011897	268.41	303.75	1.2467	0.9073	2.0113	554.6	0.036697	7.992e-05	0.095441	supercritical
330.0	300.25	842.84	0.0011865	267.89	303.51	1.2448	0.9072	2.0035	558.05	0.035634	8.0381e-05	0.095844	supercritical
330.0	303.5	845.13	0.0011833	267.37	303.29	1.2429	0.90711	1.9959	561.45	0.034601	8.0839e-05	0.096243	supercritical
330.0	306.75	847.38	0.0011801	266.86	303.06	1.2411	0.90703	1.9886	564.82	0.033596	8.1293e-05	0.096639	supercritical
330.0	310.0	849.59	0.001177	266.36	302.85	1.2393	0.90697	1.9814	568.15	0.032619	8.1743e-05	0.097031	supercritical
330.0	313.25	851.78	0.001174	265.87	302.64	1.2375	0.90691	1.9745	571.45	0.031668	8.219e-05	0.09742	supercritical
330.0	316.5	853.93	0.0011711	265.38	302.44	1.2357	0.90685	1.9677	574.71	0.030742	8.2632e-05	0.097805	supercritical
330.0	319.75	856.05	0.0011682	264.9	302.25	1.234	0.90681	1.9612	577.94	0.02984	8.3072e-05	0.098187	supercritical
330.0	323.0	858.14	0.0011653	264.42	302.06	1.2323	0.90678	1.9548	581.13	0.028961	8.3508e-05	0.098565	supercritical
330.0	326.25	860.2	0.0011625	263.96	301.88	1.2306	0.90675	1.9486	584.3	0.028105	8.394e-05	0.098941	supercritical
330.0	329.5	862.23	0.0011598	263.49	301.71	1.2289	0.90673	1.9425	587.44	0.02727	8.437e-05	0.099313	supercritical
330.0	332.75	864.23	0.0011571	263.04	301.54	1.2272	0.90671	1.9366	590.54	0.026455	8.4796e-05	0.099683	supercritical
330.0	336.0	866.21	0.0011545	262.59	301.38	1.2256	0.9067	1.9309	593.62	0.02566	8.5219e-05	0.10005	supercritical
330.0	339.25	868.16	0.0011519	262.14	301.22	1.224	0.9067	1.9253	596.67	0.024884	8.564e-05	0.10041	supercritical
330.0	342.5	870.09	0.0011493	261.7	301.06	1.2224	0.9067	1.9198	599.69	0.024126	8.6057e-05	0.10077	supercritical
330.0	345.75	871.99	0.0011468	261.26	300.92	1.2208	0.90671	1.9145	602.68	0.023386	8.6472e-05	0.10113	supercritical
330.0	349.0	873.87	0.0011443	260.84	300.77	1.2193	0.90672	1.9093	605.65	0.022663	8.6884e-05	0.10149	supercritical
330.0	352.25	875.72	0.0011419	260.41	300.63	1.2177	0.90674	1.9042	608.59	0.021957	8.7293e-05	0.10184	supercritical
330.0	355.5	877.55	0.0011395	259.99	300.5	1.2162	0.90676	1.8992	611.51	0.021266	8.77e-05	0.10219	supercritical
330.0	358.75	879.36	0.0011372	259.58	300.37	1.2147	0.90679	1.8944	614.4	0.02059	8.8104e-05	0.10254	supercritical
330.0	362.0	881.15	0.0011349	259.16	300.25	1.2132	0.90682	1.8896	617.27	0.019929	8.8506e-05	0.10288	supercritical
330.0	365.25	882.92	0.0011326	258.76	300.13	1.2117	0.90686	1.885	620.12	0.019282	8.8906e-05	0.10323	supercritical
330.0	368.5	884.66	0.0011304	258.36	300.01	1.2102	0.90689	1.8805	622.94	0.018649	8.9303e-05	0.10357	supercritical
330.0	371.75	886.39	0.0011282	257.96	299.9	1.2088	0.90694	1.876	625.74	0.01803	8.9698e-05	0.10391	supercritical
330.0	375.0	888.1	0.001126	257.57	299.79	1.2073	0.90698	1.8717	628.52	0.017423	9.009e-05	0.10424	supercritical
330.0	378.25	889.79	0.0011239	257.18	299.69	1.2059	0.90703	1.8674	631.27	0.016829	9.0481e-05	0.10458	supercritical
330.0	381.5	891.46	0.0011218	256.79	299.59	1.2045	0.90708	1.8633	634.01	0.016246	9.0869e-05	0.10491	supercritical
330.0	384.75	893.11	0.0011197	256.41	299.49	1.2031	0.90714	1.8592	636.72	0.015676	9.1255e-05	0.10524	supercritical
330.0	388.0	894.74	0.0011176	256.03	299.4	1.2017	0.90719	1.8552	639.42	0.015116	9.164e-05	0.10557	supercritical
330.0	391.25	896.36	0.0011156	255.66	299.31	1.2004	0.90725	1.8513	642.09	0.014568	9.2022e-05	0.1059	supercritical
330.0	394.5	897.96	0.0011136	255.29	299.22	1.199	0.90732	1.8475	644.75	0.01403	9.2402e-05	0.10622	supercritical
330.0	397.75	899.54	0.0011117	254.92	299.14	1.1977	0.90738	1.8437	647.38	0.013503	9.2781e-05	0.10654	supercritical
330.0	401.0	901.11	0.0011097	254.56	299.06	1.1963	0.90745	1.84	650.0	0.012986	9.3157e-05	0.10686	supercritical
330.0	404.25	902.66	0.0011078	254.2	298.98	1.195	0.90752	1.8364	652.6	0.012478	9.3532e-05	0.10718	supercritical
330.0	407.5	904.2	0.001106	253.84	298.91	1.1937	0.90759	1.8329	655.18	0.01198	9.3905e-05	0.1075	supercritical
330.0	410.75	905.72	0.0011041	253.49	298.84	1.1924	0.90767	1.8294	657.74	0.011491	9.4276e-05	0.10781	supercritical
330.0	414.0	907.23	0.0011023	253.14	298.77	1.1911	0.90774	1.826	660.29	0.011011	9.4646e-05	0.10813	supercritical
330.0	417.25	908.72	0.0011005	252.79	298.71	1.1898	0.90782	1.8226	662.82	0.010539	9.5014e-05	0.10844	supercritical
330.0	420.5	910.2	0.0010987	252.45	298.65	1.1886	0.9079	1.8193	665.33	0.010076	9.538e-05	0.10875	supercritical
330.0	423.75	911.66	0.0010969	252.11	298.59	1.1873	0.90798	1.8161	667.83	0.0096212	9.5745e-05	0.10905	supercritical
330.0	427.0	913.11	0.0010952	251.77	298.54	1.186	0.90807	1.8129	670.31	0.0091742	9.6108e-05	0.10936	supercritical
330.0	430.25	914.55	0.0010934	251.44	298.48	1.1848	0.90815	1.8098	672.77	0.008735	9.6469e-05	0.10967	supercritical
330.0	433.5	915.97	0.0010917	251.11	298.43	1.1836	0.90824	1.8067	675.22	0.0083032	9.6829e-05	0.10997	supercritical
330.0	436.75	917.39	0.0010901	250.78	298.39	1.1824	0.90833	1.8037	677.65	0.0078789	9.7188e-05	0.11027	supercritical
330.0	440.0	918.79	0.0010884	250.45	298.34	1.1812	0.90842	1.8008	680.07	0.0074616	9.7545e-05	0.11057	supercritical
330.0	443.25	920.17	0.0010868	250.13	298.3	1.18	0.90851	1.7979	682.48	0.0070514	9.79e-05	0.11087	supercritical
330.0	446.5	921.55	0.0010851	249.81	298.26	1.1788	0.9086	1.795	684.86	0.0066479	9.8254e-05	0.11117	supercritical
330.0	449.75	922.91	0.0010835	249.49	298.22	1.1776	0.9087	1.7922	687.24	0.006251	9.8607e-05	0.11146	supercritical
330.0	453.0	924.26	0.0010819	249.17	298.19	1.1764	0.90879	1.7894	689.6	0.0058605	9.8959e-05	0.11176	supercritical
330.0	456.25	925.6	0.0010804	248.86	298.15	1.1752	0.90889	1.7867	691.95	0.0054763	9.9309e-05	0.11205	supercritical
330.0	459.5	926.93	0.0010788	248.55	298.12	1.1741	0.90899	1.784	694.28	0.0050983	9.9658e-05	0.11234	supercritical
330.0	462.75	928.25	0.0010773	248.24	298.09	1.1729	0.90909	1.7814	696.6	0.0047262	0.00010001	0.11263	supercritical
330.0	466.0	929.56	0.0010758	247.94	298.07	1.1718	0.90919	1.7788	698.9	0.0043599	0.00010035	0.11292	supercritical
330.0	469.25	930.85	0.0010743	247.63	298.04	1.1707	0.90929	1.7762	701.2	0.0039993	0.0001007	0.11321	supercritical
330.0	472.5	932.14	0.0010728	247.33	298.02	1.1695	0.90939	1.7737	703.48	0.0036443	0.00010104	0.1135	supercritical
330.0	475.75	933.41	0.0010713	247.03	298.0	1.1684	0.9095	1.7712	705.75	0.0032946	0.00010138	0.11378	supercritical
330.0	479.0	934.68	0.0010699	246.74	297.98	1.1673	0.9096	1.7688	708.0	0.0029503	0.00010172	0.11407	supercritical
330.0	482.25	935.93	0.0010685	246.44	297.97	1.1662	0.90971	1.7664	710.24	0.0026112	0.00010206	0.11435	supercritical
330.0	485.5	937.18	0.001067	246.15	297.95	1.1651	0.90981	1.764	712.47	0.002277	0.0001024	0.11463	supercritical
330.0	488.75	938.42	0.0010656	245.86	297.94	1.164	0.90992	1.7617	714.69	0.0019479	0.00010274	0.11491	supercritical
330.0	492.0	939.64	0.0010642	245.57	297.93	1.163	0.91003	1.7594	716.9	0.0016235	0.00010308	0.11519	supercritical
330.0	495.25	940.86	0.0010629	245.28	297.92	1.1619	0.91014	1.7571	719.1	0.0013038	0.00010341	0.11547	supercritical
330.0	498.5	942.07	0.0010615	245.0	297.92	1.1608	0.91025	1.7549	721.28	0.00098881	0.00010375	0.11574	supercritical
330.0	501.75	943.27	0.0010601	244.72	297.91	1.1598	0.91036	1.7527	723.45	0.00067828	0.00010408	0.11602	supercritical
330.0	505.0	944.46	0.0010588	244.44	297.91	1.1587	0.91047	1.7506	725.61	0.00037215	0.00010442	0.1163	supercritical
330.0	508.25	945.65	0.0010575	244.16	297.91	1.1577	0.91059	1.7484	727.76	7.0335e-05	0.00010475	0.11657	supercritical
330.0	511.5	946.82	0.0010562	243.88	297.91	1.1566	0.9107	1.7463	729.9	-0.00022726	0.00010508	0.11684	supercritical
330.0	514.75	947.99	0.0010549	243.61	297.91	1.1556	0.91082	1.7442	732.03	-0.00052073	0.00010541	0.11711	supercritical
330.0	518.0	949.14	0.0010536	243.34	297.91	1.1546	0.91093	1.7422	734.15	-0.00081016	0.00010574	0.11738	supercritical
330.0	521.25	950.29	0.0010523	243.07	297.92	1.1535	0.91105	1.7402	736.26	-0.0010956	0.00010606	0.11765	supercritical
330.0	524.5	951.43	0.001051	242.8	297.93	1.1525	0.91116	1.7382	738.36	-0.0013772	0.00010639	0.11792	supercritical
330.0	527.75	952.57	0.0010498	242.53	297.93	1.1515	0.91128	1.7362	740.44	-0.001655	0.00010672	0.11819	supercritical
330.0	531.0	953.69	0.0010486	242.27	297.94	1.1505	0.9114	1.7343	742.52	-0.0019291	0.00010704	0.11845	supercritical
330.0	534.25	954.81	0.0010473	242.0	297.96	1.1495	0.91152	1.7324	744.59	-0.0021996	0.00010737	0.11872	supercritical
330.0	537.5	955.92	0.0010461	241.74	297.97	1.1485	0.91164	1.7305	746.65	-0.0024665	0.00010769	0.11898	supercritical
330.0	540.75	957.02	0.0010449	241.48	297.98	1.1475	0.91176	1.7286	748.69	-0.0027299	0.00010801	0.11925	supercritical
330.0	544.0	958.12	0.0010437	241.22	298.0	1.1466	0.91188	1.7268	750.73	-0.0029899	0.00010833	0.11951	supercritical
330.0	547.25	959.21	0.0010425	240.96	298.02	1.1456	0.912	1.7249	752.76	-0.0032465	0.00010865	0.11977	supercritical
330.0	550.5	960.29	0.0010414	240.71	298.04	1.1446	0.91212	1.7232	754.78	-0.0034998	0.00010897	0.12003	supercritical
330.0	553.75	961.36	0.0010402	240.46	298.06	1.1437	0.91224	1.7214	756.79	-0.0037499	0.00010929	0.12029	supercritical
330.0	557.0	962.43	0.001039	240.2	298.08	1.1427	0.91237	1.7196	758.79	-0.0039969	0.00010961	0.12055	supercritical
330.0	560.25	963.49	0.0010379	239.95	298.1	1.1417	0.91249	1.7179	760.78	-0.0042407	0.00010993	0.12081	supercritical
330.0	563.5	964.54	0.0010368	239.7	298.13	1.1408	0.91261	1.7162	762.77	-0.0044815	0.00011024	0.12106	supercritical
330.0	566.75	965.59	0.0010356	239.46	298.15	1.1399	0.91274	1.7145	764.74	-0.0047193	0.00011056	0.12132	supercritical
330.0	570.0	966.63	0.0010345	239.21	298.18	1.1389	0.91286	1.7129	766.71	-0.0049542	0.00011087	0.12158	supercritical
330.0	573.25	967.67	0.0010334	238.97	298.21	1.138	0.91299	1.7112	768.66	-0.0051862	0.00011119	0.12183	supercritical
330.0	576.5	968.69	0.0010323	238.72	298.24	1.1371	0.91311	1.7096	770.61	-0.0054154	0.0001115	0.12208	supercritical
330.0	579.75	969.72	0.0010312	238.48	298.27	1.1361	0.91324	1.708	772.55	-0.0056418	0.00011181	0.12234	supercritical
330.0	583.0	970.73	0.0010302	238.24	298.3	1.1352	0.91337	1.7064	774.48	-0.0058655	0.00011213	0.12259	supercritical
330.0	586.25	971.74	0.0010291	238.0	298.33	1.1343	0.91349	1.7048	776.41	-0.0060866	0.00011244	0.12284	supercritical
330.0	589.5	972.74	0.001028	237.76	298.37	1.1334	0.91362	1.7033	778.32	-0.006305	0.00011275	0.12309	supercritical
330.0	592.75	973.74	0.001027	237.53	298.4	1.1325	0.91375	1.7018	780.23	-0.0065208	0.00011306	0.12334	supercritical
330.0	596.0	974.73	0.0010259	237.29	298.44	1.1316	0.91388	1.7003	782.13	-0.0067342	0.00011337	0.12359	supercritical
330.0	599.25	975.72	0.0010249	237.06	298.48	1.1307	0.91401	1.6988	784.02	-0.006945	0.00011368	0.12384	supercritical
330.0	602.5	976.7	0.0010239	236.83	298.51	1.1298	0.91414	1.6973	785.9	-0.0071534	0.00011398	0.12408	supercritical
330.0	605.75	977.67	0.0010228	236.6	298.55	1.1289	0.91427	1.6958	787.78	-0.0073594	0.00011429	0.12433	supercritical
330.0	609.0	978.64	0.0010218	236.37	298.6	1.128	0.9144	1.6944	789.65	-0.0075631	0.0001146	0.12458	supercritical
330.0	612.25	979.6	0.0010208	236.14	298.64	1.1272	0.91453	1.693	791.51	-0.0077644	0.0001149	0.12482	supercritical
330.0	615.5	980.56	0.0010198	235.91	298.68	1.1263	0.91466	1.6915	793.36	-0.0079635	0.00011521	0.12506	supercritical
330.0	618.75	981.51	0.0010188	235.68	298.73	1.1254	0.91479	1.6901	795.21	-0.0081603	0.00011551	0.12531	supercritical
330.0	622.0	982.46	0.0010179	235.46	298.77	1.1245	0.91492	1.6888	797.04	-0.0083549	0.00011582	0.12555	supercritical
330.0	625.25	983.4	0.0010169	235.24	298.82	1.1237	0.91506	1.6874	798.87	-0.0085474	0.00011612	0.12579	supercritical
330.0	628.5	984.34	0.0010159	235.01	298.86	1.1228	0.91519	1.6861	800.7	-0.0087378	0.00011642	0.12603	supercritical
330.0	631.75	985.27	0.001015	234.79	298.91	1.122	0.91532	1.6847	802.51	-0.008926	0.00011672	0.12627	supercritical
330.0	635.0	986.2	0.001014	234.57	298.96	1.1211	0.91546	1.6834	804.32	-0.0091123	0.00011703	0.12651	supercritical
330.0	638.25	987.12	0.0010131	234.35	299.01	1.1203	0.91559	1.6821	806.13	-0.0092965	0.00011733	0.12675	supercritical
330.0	641.5	988.03	0.0010121	234.14	299.06	1.1194	0.91572	1.6808	807.92	-0.0094787	0.00011763	0.12699	supercritical
330.0	644.75	988.94	0.0010112	233.92	299.12	1.1186	0.91586	1.6795	809.71	-0.0096589	0.00011793	0.12723	supercritical
330.0	648.0	989.85	0.0010103	233.7	299.17	1.1178	0.91599	1.6783	811.49	-0.0098372	0.00011823	0.12747	supercritical
330.0	651.25	990.75	0.0010093	233.49	299.22	1.1169	0.91613	1.677	813.27	-0.010014	0.00011852	0.1277	supercritical
330.0	654.5	991.65	0.0010084	233.28	299.28	1.1161	0.91626	1.6758	815.04	-0.010188	0.00011882	0.12794	supercritical
330.0	657.75	992.54	0.0010075	233.07	299.33	1.1153	0.9164	1.6745	816.8	-0.010361	0.00011912	0.12818	supercritical
330.0	661.0	993.43	0.0010066	232.85	299.39	1.1145	0.91654	1.6733	818.55	-0.010532	0.00011942	0.12841	supercritical
330.0	664.25	994.31	0.0010057	232.64	299.45	1.1137	0.91667	1.6721	820.3	-0.010701	0.00011971	0.12865	supercritical
330.0	667.5	995.19	0.0010048	232.43	299.51	1.1128	0.91681	1.6709	822.04	-0.010869	0.00012001	0.12888	supercritical
330.0	670.75	996.07	0.0010039	232.23	299.57	1.112	0.91695	1.6698	823.78	-0.011034	0.0001203	0.12911	supercritical
330.0	674.0	996.94	0.0010031	232.02	299.63	1.1112	0.91708	1.6686	825.51	-0.011198	0.0001206	0.12934	supercritical
330.0	677.25	997.8	0.0010022	231.81	299.69	1.1104	0.91722	1.6674	827.23	-0.011361	0.00012089	0.12958	supercritical
330.0	680.5	998.66	0.0010013	231.61	299.75	1.1096	0.91736	1.6663	828.95	-0.011521	0.00012119	0.12981	supercritical
330.0	683.75	999.52	0.0010005	231.41	299.81	1.1088	0.9175	1.6652	830.66	-0.01168	0.00012148	0.13004	supercritical
330.0	687.0	1000.4	0.00099963	231.2	299.88	1.108	0.91764	1.6641	832.36	-0.011838	0.00012177	0.13027	supercritical
330.0	690.25	1001.2	0.00099878	231.0	299.94	1.1072	0.91777	1.6629	834.06	-0.011994	0.00012207	0.1305	supercritical
330.0	693.5	1002.1	0.00099794	230.8	300.01	1.1065	0.91791	1.6618	835.76	-0.012148	0.00012236	0.13073	supercritical
330.0	696.75	1002.9	0.0009971	230.6	300.07	1.1057	0.91805	1.6608	837.44	-0.012301	0.00012265	0.13095	supercritical
330.0	700.0	1003.7	0.00099627	230.4	300.14	1.1049	0.91819	1.6597	839.12	-0.012452	0.00012294	0.13118	supercritical
330.0	703.25	1004.6	0.00099545	230.2	300.21	1.1041	0.91833	1.6586	840.8	-0.012602	0.00012323	0.13141	supercritical
330.0	706.5	1005.4	0.00099463	230.0	300.28	1.1033	0.91847	1.6576	842.47	-0.012751	0.00012352	0.13163	supercritical
330.0	709.75	1006.2	0.00099381	229.81	300.34	1.1026	0.91861	1.6565	844.13	-0.012898	0.00012381	0.13186	supercritical
330.0	713.0	1007.0	0.000993	229.61	300.41	1.1018	0.91875	1.6555	845.79	-0.013043	0.0001241	0.13209	supercritical
330.0	716.25	1007.9	0.0009922	229.42	300.48	1.101	0.91889	1.6545	847.44	-0.013187	0.00012439	0.13231	supercritical
330.0	719.5	1008.7	0.0009914	229.22	300.56	1.1003	0.91904	1.6534	849.09	-0.01333	0.00012467	0.13254	supercritical
330.0	722.75	1009.5	0.0009906	229.03	300.63	1.0995	0.91918	1.6524	850.73	-0.013472	0.00012496	0.13276	supercritical
330.0	726.0	1010.3	0.00098981	228.84	300.7	1.0988	0.91932	1.6514	852.36	-0.013612	0.00012525	0.13298	supercritical
330.0	729.25	1011.1	0.00098903	228.65	300.77	1.098	0.91946	1.6505	853.99	-0.013751	0.00012554	0.13321	supercritical
330.0	732.5	1011.9	0.00098825	228.46	300.85	1.0973	0.9196	1.6495	855.62	-0.013888	0.00012582	0.13343	supercritical
330.0	735.75	1012.7	0.00098747	228.27	300.92	1.0965	0.91974	1.6485	857.24	-0.014024	0.00012611	0.13365	supercritical
330.0	739.0	1013.5	0.0009867	228.08	301.0	1.0958	0.91989	1.6475	858.85	-0.014159	0.00012639	0.13387	supercritical
330.0	742.25	1014.3	0.00098594	227.89	301.07	1.095	0.92003	1.6466	860.46	-0.014293	0.00012668	0.13409	supercritical
330.0	745.5	1015.0	0.00098517	227.71	301.15	1.0943	0.92017	1.6456	862.06	-0.014425	0.00012696	0.13431	supercritical
330.0	748.75	1015.8	0.00098442	227.52	301.23	1.0936	0.92031	1.6447	863.66	-0.014557	0.00012725	0.13453	supercritical
330.0	752.0	1016.6	0.00098366	227.34	301.31	1.0928	0.92046	1.6438	865.26	-0.014687	0.00012753	0.13475	supercritical
330.0	755.25	1017.4	0.00098292	227.15	301.39	1.0921	0.9206	1.6429	866.84	-0.014816	0.00012782	0.13497	supercritical
330.0	758.5	1018.2	0.00098217	226.97	301.46	1.0914	0.92074	1.642	868.43	-0.014943	0.0001281	0.13519	supercritical
330.0	761.75	1018.9	0.00098143	226.78	301.55	1.0907	0.92089	1.6411	870.0	-0.01507	0.00012838	0.13541	supercritical
330.0	765.0	1019.7	0.0009807	226.6	301.63	1.0899	0.92103	1.6402	871.58	-0.015195	0.00012866	0.13562	supercritical
330.0	768.25	1020.4	0.00097997	226.42	301.71	1.0892	0.92118	1.6393	873.14	-0.01532	0.00012895	0.13584	supercritical
330.0	771.5	1021.2	0.00097924	226.24	301.79	1.0885	0.92132	1.6384	874.71	-0.015443	0.00012923	0.13606	supercritical
330.0	774.75	1022.0	0.00097852	226.06	301.87	1.0878	0.92147	1.6375	876.26	-0.015565	0.00012951	0.13627	supercritical
330.0	778.0	1022.7	0.0009778	225.88	301.95	1.0871	0.92161	1.6367	877.82	-0.015686	0.00012979	0.13649	supercritical
330.0	781.25	1023.4	0.00097709	225.7	302.04	1.0864	0.92176	1.6358	879.37	-0.015806	0.00013007	0.1367	supercritical
330.0	784.5	1024.2	0.00097638	225.53	302.12	1.0857	0.9219	1.635	880.91	-0.015925	0.00013035	0.13692	supercritical
330.0	787.75	1024.9	0.00097567	225.35	302.21	1.085	0.92205	1.6341	882.45	-0.016043	0.00013063	0.13713	supercritical
330.0	791.0	1025.7	0.00097497	225.17	302.29	1.0843	0.92219	1.6333	883.98	-0.01616	0.00013091	0.13735	supercritical
330.0	794.25	1026.4	0.00097427	225.0	302.38	1.0836	0.92234	1.6325	885.51	-0.016276	0.00013119	0.13756	supercritical
330.0	797.5	1027.1	0.00097358	224.82	302.47	1.0829	0.92248	1.6316	887.04	-0.016391	0.00013147	0.13777	supercritical
330.0	800.75	1027.9	0.00097289	224.65	302.55	1.0822	0.92263	1.6308	888.55	-0.016505	0.00013175	0.13799	supercritical
330.0	804.0	1028.6	0.0009722	224.48	302.64	1.0815	0.92278	1.63	890.07	-0.016618	0.00013203	0.1382	supercritical
330.0	807.25	1029.3	0.00097152	224.3	302.73	1.0808	0.92292	1.6292	891.58	-0.01673	0.0001323	0.13841	supercritical
330.0	810.5	1030.0	0.00097084	224.13	302.82	1.0801	0.92307	1.6284	893.09	-0.016841	0.00013258	0.13862	supercritical
330.0	813.75	1030.8	0.00097016	223.96	302.91	1.0794	0.92322	1.6276	894.59	-0.016951	0.00013286	0.13883	supercritical
330.0	817.0	1031.5	0.00096949	223.79	303.0	1.0787	0.92336	1.6269	896.09	-0.01706	0.00013313	0.13904	supercritical
330.0	820.25	1032.2	0.00096882	223.62	303.09	1.078	0.92351	1.6261	897.58	-0.017168	0.00013341	0.13925	supercritical
330.0	823.5	1032.9	0.00096816	223.45	303.18	1.0774	0.92366	1.6253	899.07	-0.017276	0.00013369	0.13946	supercritical
330.0	826.75	1033.6	0.00096749	223.28	303.27	1.0767	0.9238	1.6246	900.55	-0.017382	0.00013396	0.13967	supercritical
330.0	830.0	1034.3	0.00096684	223.11	303.36	1.076	0.92395	1.6238	902.03	-0.017488	0.00013424	0.13988	supercritical
330.0	833.25	1035.0	0.00096618	222.95	303.45	1.0753	0.9241	1.6231	903.51	-0.017593	0.00013451	0.14009	supercritical
330.0	836.5	1035.7	0.00096553	222.78	303.55	1.0747	0.92425	1.6223	904.98	-0.017697	0.00013479	0.1403	supercritical
330.0	839.75	1036.4	0.00096488	222.62	303.64	1.074	0.92439	1.6216	906.45	-0.0178	0.00013506	0.1405	supercritical
330.0	843.0	1037.1	0.00096424	222.45	303.74	1.0733	0.92454	1.6208	907.91	-0.017902	0.00013534	0.14071	supercritical
330.0	846.25	1037.8	0.0009636	222.29	303.83	1.0727	0.92469	1.6201	909.37	-0.018003	0.00013561	0.14092	supercritical
330.0	849.5	1038.5	0.00096296	222.12	303.93	1.072	0.92484	1.6194	910.82	-0.018104	0.00013588	0.14112	supercritical
330.0	852.75	1039.1	0.00096233	221.96	304.02	1.0714	0.92499	1.6187	912.27	-0.018204	0.00013616	0.14133	supercritical
330.0	856.0	1039.8	0.00096169	221.8	304.12	1.0707	0.92514	1.618	913.72	-0.018303	0.00013643	0.14154	supercritical
330.0	859.25	1040.5	0.00096107	221.63	304.21	1.0701	0.92528	1.6173	915.16	-0.018401	0.0001367	0.14174	supercritical
330.0	862.5	1041.2	0.00096044	221.47	304.31	1.0694	0.92543	1.6166	916.6	-0.018498	0.00013698	0.14195	supercritical
330.0	865.75	1041.9	0.00095982	221.31	304.41	1.0688	0.92558	1.6159	918.03	-0.018595	0.00013725	0.14215	supercritical
330.0	869.0	1042.5	0.0009592	221.15	304.51	1.0681	0.92573	1.6152	919.46	-0.018691	0.00013752	0.14235	supercritical
330.0	872.25	1043.2	0.00095859	220.99	304.6	1.0675	0.92588	1.6145	920.89	-0.018786	0.00013779	0.14256	supercritical
330.0	875.5	1043.9	0.00095797	220.83	304.7	1.0668	0.92603	1.6139	922.31	-0.018881	0.00013806	0.14276	supercritical
330.0	878.75	1044.5	0.00095736	220.67	304.8	1.0662	0.92618	1.6132	923.73	-0.018974	0.00013833	0.14297	supercritical
330.0	882.0	1045.2	0.00095676	220.52	304.9	1.0655	0.92633	1.6125	925.14	-0.019067	0.0001386	0.14317	supercritical
330.0	885.25	1045.9	0.00095615	220.36	305.0	1.0649	0.92648	1.6119	926.56	-0.019159	0.00013888	0.14337	supercritical
330.0	888.5	1046.5	0.00095555	220.2	305.1	1.0643	0.92663	1.6112	927.96	-0.019251	0.00013915	0.14357	supercritical
330.0	891.75	1047.2	0.00095495	220.05	305.2	1.0636	0.92678	1.6106	929.36	-0.019342	0.00013942	0.14377	supercritical
330.0	895.0	1047.8	0.00095436	219.89	305.3	1.063	0.92693	1.6099	930.76	-0.019432	0.00013969	0.14398	supercritical
330.0	898.25	1048.5	0.00095377	219.73	305.41	1.0624	0.92708	1.6093	932.16	-0.019521	0.00013995	0.14418	supercritical
330.0	901.5	1049.1	0.00095318	219.58	305.51	1.0617	0.92723	1.6086	933.55	-0.01961	0.00014022	0.14438	supercritical
330.0	904.75	1049.8	0.00095259	219.43	305.61	1.0611	0.92738	1.608	934.94	-0.019698	0.00014049	0.14458	supercritical
330.0	908.0	1050.4	0.00095201	219.27	305.71	1.0605	0.92753	1.6074	936.32	-0.019786	0.00014076	0.14478	supercritical
330.0	911.25	1051.1	0.00095143	219.12	305.82	1.0599	0.92768	1.6068	937.7	-0.019872	0.00014103	0.14498	supercritical
330.0	914.5	1051.7	0.00095085	218.97	305.92	1.0592	0.92783	1.6061	939.08	-0.019959	0.0001413	0.14518	supercritical
330.0	917.75	1052.3	0.00095027	218.82	306.03	1.0586	0.92798	1.6055	940.45	-0.020044	0.00014157	0.14538	supercritical
330.0	921.0	1053.0	0.0009497	218.66	306.13	1.058	0.92813	1.6049	941.82	-0.020129	0.00014183	0.14557	supercritical
330.0	924.25	1053.6	0.00094913	218.51	306.24	1.0574	0.92828	1.6043	943.19	-0.020213	0.0001421	0.14577	supercritical
330.0	927.5	1054.2	0.00094856	218.36	306.34	1.0568	0.92844	1.6037	944.55	-0.020297	0.00014237	0.14597	supercritical
330.0	930.75	1054.9	0.000948	218.21	306.45	1.0561	0.92859	1.6031	945.91	-0.02038	0.00014264	0.14617	supercritical
330.0	934.0	1055.5	0.00094744	218.06	306.55	1.0555	0.92874	1.6025	947.27	-0.020462	0.0001429	0.14637	supercritical
330.0	937.25	1056.1	0.00094688	217.92	306.66	1.0549	0.92889	1.602	948.62	-0.020544	0.00014317	0.14656	supercritical
330.0	940.5	1056.7	0.00094632	217.77	306.77	1.0543	0.92904	1.6014	949.97	-0.020625	0.00014344	0.14676	supercritical
330.0	943.75	1057.3	0.00094577	217.62	306.88	1.0537	0.92919	1.6008	951.31	-0.020706	0.0001437	0.14696	supercritical
330.0	947.0	1058.0	0.00094521	217.47	306.98	1.0531	0.92934	1.6002	952.65	-0.020786	0.00014397	0.14715	supercritical
330.0	950.25	1058.6	0.00094466	217.33	307.09	1.0525	0.9295	1.5997	953.99	-0.020865	0.00014423	0.14735	supercritical
330.0	953.5	1059.2	0.00094412	217.18	307.2	1.0519	0.92965	1.5991	955.33	-0.020944	0.0001445	0.14754	supercritical
330.0	956.75	1059.8	0.00094357	217.03	307.31	1.0513	0.9298	1.5985	956.66	-0.021022	0.00014476	0.14774	supercritical
330.0	960.0	1060.4	0.00094303	216.89	307.42	1.0507	0.92995	1.598	957.99	-0.0211	0.00014503	0.14793	supercritical
330.0	963.25	1061.0	0.00094249	216.74	307.53	1.0501	0.9301	1.5974	959.31	-0.021177	0.00014529	0.14813	supercritical
330.0	966.5	1061.6	0.00094195	216.6	307.64	1.0495	0.93026	1.5969	960.63	-0.021254	0.00014556	0.14832	supercritical
330.0	969.75	1062.2	0.00094142	216.46	307.75	1.0489	0.93041	1.5963	961.95	-0.02133	0.00014582	0.14852	supercritical
330.0	973.0	1062.8	0.00094088	216.31	307.86	1.0483	0.93056	1.5958	963.27	-0.021405	0.00014609	0.14871	supercritical
330.0	976.25	1063.4	0.00094035	216.17	307.97	1.0477	0.93071	1.5952	964.58	-0.02148	0.00014635	0.14891	supercritical
330.0	979.5	1064.0	0.00093982	216.03	308.08	1.0472	0.93087	1.5947	965.89	-0.021555	0.00014661	0.1491	supercritical
330.0	982.75	1064.6	0.0009393	215.89	308.2	1.0466	0.93102	1.5942	967.19	-0.021629	0.00014688	0.1493	supercritical
330.0	986.0	1065.2	0.00093877	215.74	308.31	1.046	0.93117	1.5937	968.49	-0.021702	0.00014714	0.14949	supercritical
330.0	989.25	1065.8	0.00093825	215.6	308.42	1.0454	0.93132	1.5931	969.79	-0.021775	0.0001474	0.14968	supercritical
330.0	992.5	1066.4	0.00093773	215.46	308.53	1.0448	0.93148	1.5926	971.09	-0.021848	0.00014767	0.14988	supercritical
330.0	995.75	1067.0	0.00093722	215.32	308.65	1.0442	0.93163	1.5921	972.38	-0.02192	0.00014793	0.15007	supercritical
330.0	999.0	1067.6	0.0009367	215.18	308.76	1.0437	0.93178	1.5916	973.67	-0.021991	0.00014819	0.15026	supercritical
330.0	1002.2	1068.2	0.00093619	215.04	308.87	1.0431	0.93194	1.5911	974.96	-0.022062	0.00014845	0.15045	supercritical
330.0	1005.5	1068.7	0.00093568	214.91	308.99	1.0425	0.93209	1.5906	976.24	-0.022132	0.00014872	0.15065	supercritical
330.0	1008.8	1069.3	0.00093517	214.77	309.1	1.0419	0.93224	1.5901	977.52	-0.022202	0.00014898	0.15084	supercritical
330.0	1012.0	1069.9	0.00093466	214.63	309.22	1.0414	0.9324	1.5896	978.8	-0.022272	0.00014924	0.15103	supercritical
330.0	1015.2	1070.5	0.00093416	214.49	309.33	1.0408	0.93255	1.5891	980.07	-0.022341	0.0001495	0.15122	supercritical
330.0	1018.5	1071.1	0.00093366	214.36	309.45	1.0402	0.9327	1.5886	981.34	-0.02241	0.00014976	0.15141	supercritical
330.0	1021.8	1071.6	0.00093316	214.22	309.56	1.0397	0.93286	1.5881	982.61	-0.022478	0.00015002	0.1516	supercritical
330.0	1025.0	1072.2	0.00093266	214.08	309.68	1.0391	0.93301	1.5876	983.87	-0.022545	0.00015028	0.15179	supercritical
330.0	1028.2	1072.8	0.00093216	213.95	309.8	1.0385	0.93316	1.5871	985.14	-0.022613	0.00015054	0.15198	supercritical
330.0	1031.5	1073.3	0.00093167	213.81	309.91	1.038	0.93332	1.5867	986.4	-0.022679	0.0001508	0.15217	supercritical
330.0	1034.8	1073.9	0.00093118	213.68	310.03	1.0374	0.93347	1.5862	987.65	-0.022746	0.00015106	0.15236	supercritical
330.0	1038.0	1074.5	0.00093069	213.54	310.15	1.0368	0.93362	1.5857	988.9	-0.022812	0.00015132	0.15255	supercritical
330.0	1041.2	1075.0	0.0009302	213.41	310.27	1.0363	0.93378	1.5852	990.15	-0.022877	0.00015158	0.15274	supercritical
330.0	1044.5	1075.6	0.00092971	213.28	310.38	1.0357	0.93393	1.5848	991.4	-0.022942	0.00015184	0.15293	supercritical
330.0	1047.8	1076.2	0.00092923	213.14	310.5	1.0352	0.93409	1.5843	992.65	-0.023007	0.0001521	0.15312	supercritical
330.0	1051.0	1076.7	0.00092875	213.01	310.62	1.0346	0.93424	1.5839	993.89	-0.023071	0.00015236	0.1533	supercritical
330.0	1054.2	1077.3	0.00092827	212.88	310.74	1.0341	0.93439	1.5834	995.13	-0.023134	0.00015262	0.15349	supercritical
330.0	1057.5	1077.8	0.00092779	212.74	310.86	1.0335	0.93455	1.5829	996.36	-0.023198	0.00015288	0.15368	supercritical
330.0	1060.8	1078.4	0.00092731	212.61	310.98	1.0329	0.9347	1.5825	997.6	-0.023261	0.00015314	0.15387	supercritical
330.0	1064.0	1078.9	0.00092684	212.48	311.1	1.0324	0.93486	1.582	998.83	-0.023323	0.0001534	0.15405	supercritical
330.0	1067.2	1079.5	0.00092637	212.35	311.22	1.0319	0.93501	1.5816	1000.1	-0.023385	0.00015366	0.15424	supercritical
330.0	1070.5	1080.0	0.0009259	212.22	311.34	1.0313	0.93517	1.5812	1001.3	-0.023447	0.00015392	0.15443	supercritical
330.0	1073.8	1080.6	0.00092543	212.09	311.46	1.0308	0.93532	1.5807	1002.5	-0.023508	0.00015417	0.15461	supercritical
330.0	1077.0	1081.1	0.00092496	211.96	311.58	1.0302	0.93547	1.5803	1003.7	-0.023569	0.00015443	0.1548	supercritical
330.0	1080.2	1081.7	0.00092449	211.83	311.7	1.0297	0.93563	1.5798	1004.9	-0.02363	0.00015469	0.15499	supercritical
330.0	1083.5	1082.2	0.00092403	211.7	311.82	1.0291	0.93578	1.5794	1006.2	-0.02369	0.00015495	0.15517	supercritical
330.0	1086.8	1082.8	0.00092357	211.58	311.94	1.0286	0.93594	1.579	1007.4	-0.023749	0.00015521	0.15536	supercritical
330.0	1090.0	1083.3	0.00092311	211.45	312.07	1.028	0.93609	1.5786	1008.6	-0.023809	0.00015546	0.15554	supercritical
330.0	1093.2	1083.8	0.00092265	211.32	312.19	1.0275	0.93625	1.5781	1009.8	-0.023868	0.00015572	0.15573	supercritical
330.0	1096.5	1084.4	0.00092219	211.19	312.31	1.027	0.9364	1.5777	1011.0	-0.023926	0.00015598	0.15591	supercritical
330.0	1099.8	1084.9	0.00092174	211.07	312.43	1.0264	0.93656	1.5773	1012.2	-0.023985	0.00015623	0.1561	supercritical
330.0	1103.0	1085.4	0.00092129	210.94	312.56	1.0259	0.93671	1.5769	1013.4	-0.024043	0.00015649	0.15628	supercritical
330.0	1106.2	1086.0	0.00092083	210.81	312.68	1.0254	0.93687	1.5765	1014.6	-0.0241	0.00015675	0.15647	supercritical
330.0	1109.5	1086.5	0.00092039	210.69	312.8	1.0248	0.93702	1.5761	1015.8	-0.024157	0.000157	0.15665	supercritical
330.0	1112.8	1087.0	0.00091994	210.56	312.93	1.0243	0.93718	1.5757	1017.0	-0.024214	0.00015726	0.15683	supercritical
330.0	1116.0	1087.6	0.00091949	210.44	313.05	1.0238	0.93733	1.5753	1018.1	-0.02427	0.00015752	0.15702	supercritical
330.0	1119.2	1088.1	0.00091905	210.31	313.18	1.0232	0.93749	1.5749	1019.3	-0.024327	0.00015777	0.1572	supercritical
330.0	1122.5	1088.6	0.0009186	210.19	313.3	1.0227	0.93764	1.5745	1020.5	-0.024382	0.00015803	0.15738	supercritical
330.0	1125.8	1089.1	0.00091816	210.06	313.43	1.0222	0.9378	1.5741	1021.7	-0.024438	0.00015828	0.15756	supercritical
330.0	1129.0	1089.7	0.00091772	209.94	313.55	1.0217	0.93795	1.5737	1022.9	-0.024493	0.00015854	0.15775	supercritical
330.0	1132.2	1090.2	0.00091728	209.82	313.68	1.0211	0.93811	1.5733	1024.0	-0.024547	0.0001588	0.15793	supercritical
330.0	1135.5	1090.7	0.00091685	209.69	313.8	1.0206	0.93826	1.5729	1025.2	-0.024602	0.00015905	0.15811	supercritical
330.0	1138.8	1091.2	0.00091641	209.57	313.93	1.0201	0.93842	1.5725	1026.4	-0.024656	0.00015931	0.15829	supercritical
330.0	1142.0	1091.7	0.00091598	209.45	314.05	1.0196	0.93857	1.5721	1027.6	-0.02471	0.00015956	0.15847	supercritical
330.0	1145.2	1092.2	0.00091555	209.33	314.18	1.0191	0.93873	1.5717	1028.7	-0.024763	0.00015982	0.15866	supercritical
330.0	1148.5	1092.8	0.00091512	209.21	314.31	1.0185	0.93888	1.5714	1029.9	-0.024816	0.00016007	0.15884	supercritical
330.0	1151.8	1093.3	0.00091469	209.08	314.43	1.018	0.93904	1.571	1031.0	-0.024869	0.00016033	0.15902	supercritical
330.0	1155.0	1093.8	0.00091426	208.96	314.56	1.0175	0.9392	1.5706	1032.2	-0.024921	0.00016058	0.1592	supercritical
330.0	1158.2	1094.3	0.00091384	208.84	314.69	1.017	0.93935	1.5702	1033.4	-0.024973	0.00016083	0.15938	supercritical
330.0	1161.5	1094.8	0.00091341	208.72	314.82	1.0165	0.93951	1.5699	1034.5	-0.025025	0.00016109	0.15956	supercritical
330.0	1164.8	1095.3	0.00091299	208.6	314.94	1.016	0.93966	1.5695	1035.7	-0.025077	0.00016134	0.15974	supercritical
330.0	1168.0	1095.8	0.00091257	208.48	315.07	1.0155	0.93982	1.5691	1036.8	-0.025128	0.0001616	0.15992	supercritical
330.0	1171.2	1096.3	0.00091215	208.36	315.2	1.015	0.93997	1.5688	1037.9	-0.025179	0.00016185	0.1601	supercritical
330.0	1174.5	1096.8	0.00091173	208.25	315.33	1.0144	0.94013	1.5684	1039.1	-0.025229	0.0001621	0.16028	supercritical
330.0	1177.8	1097.3	0.00091131	208.13	315.46	1.0139	0.94029	1.568	1040.2	-0.02528	0.00016236	0.16046	supercritical
330.0	1181.0	1097.8	0.0009109	208.01	315.59	1.0134	0.94044	1.5677	1041.4	-0.02533	0.00016261	0.16064	supercritical
330.0	1184.2	1098.3	0.00091048	207.89	315.72	1.0129	0.9406	1.5673	1042.5	-0.025379	0.00016286	0.16081	supercritical
330.0	1187.5	1098.8	0.00091007	207.77	315.84	1.0124	0.94075	1.567	1043.6	-0.025429	0.00016312	0.16099	supercritical
330.0	1190.8	1099.3	0.00090966	207.66	315.97	1.0119	0.94091	1.5666	1044.8	-0.025478	0.00016337	0.16117	supercritical
330.0	1194.0	1099.8	0.00090925	207.54	316.1	1.0114	0.94106	1.5663	1045.9	-0.025527	0.00016362	0.16135	supercritical
330.0	1197.2	1100.3	0.00090884	207.42	316.23	1.0109	0.94122	1.5659	1047.0	-0.025575	0.00016388	0.16153	supercritical
330.0	1200.5	1100.8	0.00090844	207.31	316.36	1.0104	0.94138	1.5656	1048.2	-0.025623	0.00016413	0.1617	supercritical
330.0	1203.8	1101.3	0.00090803	207.19	316.49	1.0099	0.94153	1.5652	1049.3	-0.025671	0.00016438	0.16188	supercritical
330.0	1207.0	1101.8	0.00090763	207.08	316.63	1.0094	0.94169	1.5649	1050.4	-0.025719	0.00016463	0.16206	supercritical
330.0	1210.2	1102.3	0.00090722	206.96	316.76	1.0089	0.94184	1.5646	1051.5	-0.025766	0.00016488	0.16224	supercritical
330.0	1213.5	1102.8	0.00090682	206.84	316.89	1.0084	0.942	1.5642	1052.6	-0.025814	0.00016514	0.16241	supercritical
330.0	1216.8	1103.2	0.00090642	206.73	317.02	1.0079	0.94216	1.5639	1053.7	-0.02586	0.00016539	0.16259	supercritical
330.0	1220.0	1103.7	0.00090603	206.62	317.15	1.0074	0.94231	1.5636	1054.9	-0.025907	0.00016564	0.16277	supercritical
330.0	1223.2	1104.2	0.00090563	206.5	317.28	1.0069	0.94247	1.5632	1056.0	-0.025953	0.00016589	0.16294	supercritical
330.0	1226.5	1104.7	0.00090523	206.39	317.41	1.0064	0.94262	1.5629	1057.1	-0.025999	0.00016614	0.16312	supercritical
330.0	1229.8	1105.2	0.00090484	206.27	317.55	1.006	0.94278	1.5626	1058.2	-0.026045	0.0001664	0.16329	supercritical
330.0	1233.0	1105.7	0.00090444	206.16	317.68	1.0055	0.94294	1.5622	1059.3	-0.026091	0.00016665	0.16347	supercritical
330.0	1236.2	1106.1	0.00090405	206.05	317.81	1.005	0.94309	1.5619	1060.4	-0.026136	0.0001669	0.16365	supercritical
330.0	1239.5	1106.6	0.00090366	205.94	317.94	1.0045	0.94325	1.5616	1061.5	-0.026181	0.00016715	0.16382	supercritical
330.0	1242.8	1107.1	0.00090327	205.82	318.08	1.004	0.9434	1.5613	1062.6	-0.026226	0.0001674	0.164	supercritical
330.0	1246.0	1107.6	0.00090288	205.71	318.21	1.0035	0.94356	1.561	1063.7	-0.02627	0.00016765	0.16417	supercritical
330.0	1249.2	1108.0	0.0009025	205.6	318.34	1.003	0.94372	1.5607	1064.8	-0.026315	0.0001679	0.16435	supercritical
330.0	1252.5	1108.5	0.00090211	205.49	318.48	1.0025	0.94387	1.5603	1065.8	-0.026359	0.00016815	0.16452	supercritical
330.0	1255.8	1109.0	0.00090173	205.38	318.61	1.0021	0.94403	1.56	1066.9	-0.026402	0.0001684	0.1647	supercritical
330.0	1259.0	1109.5	0.00090135	205.27	318.74	1.0016	0.94419	1.5597	1068.0	-0.026446	0.00016865	0.16487	supercritical
330.0	1262.2	1109.9	0.00090096	205.16	318.88	1.0011	0.94434	1.5594	1069.1	-0.026489	0.00016891	0.16504	supercritical
330.0	1265.5	1110.4	0.00090058	205.04	319.01	1.0006	0.9445	1.5591	1070.2	-0.026532	0.00016916	0.16522	supercritical
330.0	1268.8	1110.9	0.0009002	204.93	319.15	1.0001	0.94465	1.5588	1071.3	-0.026575	0.00016941	0.16539	supercritical
330.0	1272.0	1111.3	0.00089983	204.82	319.28	0.99967	0.94481	1.5585	1072.3	-0.026618	0.00016966	0.16557	supercritical
330.0	1275.2	1111.8	0.00089945	204.72	319.42	0.99919	0.94497	1.5582	1073.4	-0.02666	0.00016991	0.16574	supercritical
330.0	1278.5	1112.3	0.00089907	204.61	319.55	0.99871	0.94512	1.5579	1074.5	-0.026702	0.00017016	0.16591	supercritical
330.0	1281.8	1112.7	0.0008987	204.5	319.69	0.99824	0.94528	1.5576	1075.6	-0.026744	0.00017041	0.16608	supercritical
330.0	1285.0	1113.2	0.00089833	204.39	319.82	0.99776	0.94544	1.5573	1076.6	-0.026785	0.00017066	0.16626	supercritical
330.0	1288.2	1113.6	0.00089795	204.28	319.96	0.99729	0.94559	1.557	1077.7	-0.026827	0.0001709	0.16643	supercritical
330.0	1291.5	1114.1	0.00089758	204.17	320.1	0.99682	0.94575	1.5567	1078.8	-0.026868	0.00017115	0.1666	supercritical
330.0	1294.8	1114.6	0.00089721	204.06	320.23	0.99635	0.9459	1.5564	1079.8	-0.026909	0.0001714	0.16677	supercritical
330.0	1298.0	1115.0	0.00089684	203.96	320.37	0.99588	0.94606	1.5561	1080.9	-0.02695	0.00017165	0.16695	supercritical
330.0	1301.2	1115.5	0.00089648	203.85	320.5	0.99541	0.94622	1.5558	1081.9	-0.02699	0.0001719	0.16712	supercritical
330.0	1304.5	1115.9	0.00089611	203.74	320.64	0.99494	0.94637	1.5556	1083.0	-0.02703	0.00017215	0.16729	supercritical
330.0	1307.8	1116.4	0.00089574	203.64	320.78	0.99447	0.94653	1.5553	1084.1	-0.02707	0.0001724	0.16746	supercritical
330.0	1311.0	1116.8	0.00089538	203.53	320.91	0.994	0.94669	1.555	1085.1	-0.02711	0.00017265	0.16763	supercritical
330.0	1314.2	1117.3	0.00089502	203.42	321.05	0.99354	0.94684	1.5547	1086.2	-0.02715	0.0001729	0.1678	supercritical
330.0	1317.5	1117.7	0.00089466	203.32	321.19	0.99307	0.947	1.5544	1087.2	-0.027189	0.00017315	0.16798	supercritical
330.0	1320.8	1118.2	0.0008943	203.21	321.33	0.99261	0.94716	1.5542	1088.3	-0.027229	0.0001734	0.16815	supercritical
330.0	1324.0	1118.6	0.00089394	203.11	321.46	0.99214	0.94731	1.5539	1089.3	-0.027267	0.00017364	0.16832	supercritical
330.0	1327.2	1119.1	0.00089358	203.0	321.6	0.99168	0.94747	1.5536	1090.3	-0.027306	0.00017389	0.16849	supercritical
330.0	1330.5	1119.5	0.00089322	202.9	321.74	0.99122	0.94762	1.5533	1091.4	-0.027345	0.00017414	0.16866	supercritical
330.0	1333.8	1120.0	0.00089286	202.79	321.88	0.99076	0.94778	1.5531	1092.4	-0.027383	0.00017439	0.16883	supercritical
330.0	1337.0	1120.4	0.00089251	202.69	322.02	0.9903	0.94794	1.5528	1093.5	-0.027421	0.00017464	0.169	supercritical
330.0	1340.2	1120.9	0.00089215	202.58	322.15	0.98984	0.94809	1.5525	1094.5	-0.027459	0.00017489	0.16917	supercritical
330.0	1343.5	1121.3	0.0008918	202.48	322.29	0.98938	0.94825	1.5522	1095.5	-0.027497	0.00017513	0.16934	supercritical
330.0	1346.8	1121.8	0.00089145	202.38	322.43	0.98892	0.94841	1.552	1096.6	-0.027535	0.00017538	0.16951	supercritical
330.0	1350.0	1122.2	0.0008911	202.27	322.57	0.98846	0.94856	1.5517	1097.6	-0.027572	0.00017563	0.16968	supercritical
330.0	1353.2	1122.7	0.00089075	202.17	322.71	0.98801	0.94872	1.5515	1098.6	-0.027609	0.00017588	0.16985	supercritical
330.0	1356.5	1123.1	0.0008904	202.07	322.85	0.98755	0.94888	1.5512	1099.7	-0.027646	0.00017612	0.17002	supercritical
330.0	1359.8	1123.5	0.00089005	201.96	322.99	0.9871	0.94903	1.5509	1100.7	-0.027683	0.00017637	0.17019	supercritical
330.0	1363.0	1124.0	0.0008897	201.86	323.13	0.98665	0.94919	1.5507	1101.7	-0.027719	0.00017662	0.17035	supercritical
330.0	1366.2	1124.4	0.00088936	201.76	323.27	0.98619	0.94935	1.5504	1102.7	-0.027756	0.00017687	0.17052	supercritical
330.0	1369.5	1124.8	0.00088901	201.66	323.41	0.98574	0.9495	1.5502	1103.7	-0.027792	0.00017711	0.17069	supercritical
330.0	1372.8	1125.3	0.00088867	201.56	323.55	0.98529	0.94966	1.5499	1104.8	-0.027828	0.00017736	0.17086	supercritical
330.0	1376.0	1125.7	0.00088833	201.45	323.69	0.98484	0.94981	1.5496	1105.8	-0.027864	0.00017761	0.17103	supercritical
330.0	1379.2	1126.1	0.00088799	201.35	323.83	0.98439	0.94997	1.5494	1106.8	-0.027899	0.00017786	0.1712	supercritical
330.0	1382.5	1126.6	0.00088765	201.25	323.97	0.98394	0.95013	1.5491	1107.8	-0.027935	0.0001781	0.17136	supercritical
330.0	1385.8	1127.0	0.00088731	201.15	324.11	0.9835	0.95028	1.5489	1108.8	-0.02797	0.00017835	0.17153	supercritical
330.0	1389.0	1127.4	0.00088697	201.05	324.25	0.98305	0.95044	1.5486	1109.8	-0.028005	0.0001786	0.1717	supercritical
330.0	1392.2	1127.9	0.00088663	200.95	324.39	0.9826	0.9506	1.5484	1110.8	-0.02804	0.00017884	0.17187	supercritical
330.0	1395.5	1128.3	0.00088629	200.85	324.53	0.98216	0.95075	1.5482	1111.8	-0.028075	0.00017909	0.17203	supercritical
330.0	1398.8	1128.7	0.00088596	200.75	324.67	0.98171	0.95091	1.5479	1112.8	-0.028109	0.00017934	0.1722	supercritical
330.0	1402.0	1129.1	0.00088562	200.65	324.82	0.98127	0.95107	1.5477	1113.8	-0.028144	0.00017958	0.17237	supercritical
330.0	1405.2	1129.6	0.00088529	200.55	324.96	0.98083	0.95122	1.5474	1114.8	-0.028178	0.00017983	0.17253	supercritical
330.0	1408.5	1130.0	0.00088496	200.45	325.1	0.98039	0.95138	1.5472	1115.8	-0.028212	0.00018007	0.1727	supercritical
330.0	1411.8	1130.4	0.00088462	200.35	325.24	0.97994	0.95154	1.547	1116.8	-0.028246	0.00018032	0.17287	supercritical
330.0	1415.0	1130.8	0.00088429	200.26	325.38	0.9795	0.95169	1.5467	1117.8	-0.028279	0.00018057	0.17303	supercritical
330.0	1418.2	1131.3	0.00088396	200.16	325.53	0.97906	0.95185	1.5465	1118.8	-0.028313	0.00018081	0.1732	supercritical
330.0	1421.5	1131.7	0.00088363	200.06	325.67	0.97862	0.952	1.5462	1119.8	-0.028346	0.00018106	0.17337	supercritical
330.0	1424.8	1132.1	0.0008833	199.96	325.81	0.97819	0.95216	1.546	1120.8	-0.028379	0.00018131	0.17353	supercritical
330.0	1428.0	1132.5	0.00088298	199.86	325.95	0.97775	0.95232	1.5458	1121.8	-0.028412	0.00018155	0.1737	supercritical
330.0	1431.2	1133.0	0.00088265	199.77	326.1	0.97731	0.95247	1.5455	1122.8	-0.028445	0.0001818	0.17386	supercritical
330.0	1434.5	1133.4	0.00088233	199.67	326.24	0.97688	0.95263	1.5453	1123.8	-0.028478	0.00018204	0.17403	supercritical
330.0	1437.8	1133.8	0.000882	199.57	326.38	0.97644	0.95279	1.5451	1124.7	-0.02851	0.00018229	0.17419	supercritical
330.0	1441.0	1134.2	0.00088168	199.48	326.52	0.97601	0.95294	1.5449	1125.7	-0.028542	0.00018253	0.17436	supercritical
330.0	1444.2	1134.6	0.00088135	199.38	326.67	0.97557	0.9531	1.5446	1126.7	-0.028575	0.00018278	0.17453	supercritical
330.0	1447.5	1135.0	0.00088103	199.28	326.81	0.97514	0.95326	1.5444	1127.7	-0.028607	0.00018302	0.17469	supercritical
330.0	1450.8	1135.4	0.00088071	199.19	326.96	0.97471	0.95341	1.5442	1128.7	-0.028638	0.00018327	0.17485	supercritical
330.0	1454.0	1135.9	0.00088039	199.09	327.1	0.97428	0.95357	1.544	1129.6	-0.02867	0.00018352	0.17502	supercritical
330.0	1457.2	1136.3	0.00088007	198.99	327.24	0.97385	0.95372	1.5437	1130.6	-0.028702	0.00018376	0.17518	supercritical
330.0	1460.5	1136.7	0.00087975	198.9	327.39	0.97342	0.95388	1.5435	1131.6	-0.028733	0.00018401	0.17535	supercritical
330.0	1463.8	1137.1	0.00087944	198.8	327.53	0.97299	0.95404	1.5433	1132.5	-0.028764	0.00018425	0.17551	supercritical
330.0	1467.0	1137.5	0.00087912	198.71	327.68	0.97256	0.95419	1.5431	1133.5	-0.028795	0.0001845	0.17568	supercritical
330.0	1470.2	1137.9	0.0008788	198.61	327.82	0.97213	0.95435	1.5429	1134.5	-0.028826	0.00018474	0.17584	supercritical
330.0	1473.5	1138.3	0.00087849	198.52	327.96	0.9717	0.95451	1.5427	1135.4	-0.028857	0.00018499	0.176	supercritical
330.0	1476.8	1138.7	0.00087818	198.42	328.11	0.97128	0.95466	1.5424	1136.4	-0.028887	0.00018523	0.17617	supercritical
330.0	1480.0	1139.1	0.00087786	198.33	328.25	0.97085	0.95482	1.5422	1137.4	-0.028918	0.00018548	0.17633	supercritical
330.0	1483.2	1139.5	0.00087755	198.24	328.4	0.97043	0.95497	1.542	1138.3	-0.028948	0.00018572	0.1765	supercritical
330.0	1486.5	1139.9	0.00087724	198.14	328.54	0.97	0.95513	1.5418	1139.3	-0.028978	0.00018596	0.17666	supercritical
330.0	1489.8	1140.3	0.00087693	198.05	328.69	0.96958	0.95529	1.5416	1140.2	-0.029008	0.00018621	0.17682	supercritical
330.0	1493.0	1140.7	0.00087662	197.96	328.84	0.96916	0.95544	1.5414	1141.2	-0.029038	0.00018645	0.17698	supercritical
330.0	1496.2	1141.1	0.00087631	197.86	328.98	0.96873	0.9556	1.5412	1142.2	-0.029068	0.0001867	0.17715	supercritical
330.0	1499.5	1141.6	0.000876	197.77	329.13	0.96831	0.95576	1.541	1143.1	-0.029097	0.00018694	0.17731	supercritical
330.0	1502.8	1142.0	0.00087569	197.68	329.27	0.96789	0.95591	1.5408	1144.1	-0.029127	0.00018719	0.17747	supercritical
330.0	1506.0	1142.4	0.00087539	197.58	329.42	0.96747	0.95607	1.5406	1145.0	-0.029156	0.00018743	0.17764	supercritical
330.0	1509.2	1142.8	0.00087508	197.49	329.56	0.96705	0.95622	1.5404	1146.0	-0.029185	0.00018767	0.1778	supercritical
330.0	1512.5	1143.1	0.00087478	197.4	329.71	0.96663	0.95638	1.5402	1146.9	-0.029214	0.00018792	0.17796	supercritical
330.0	1515.8	1143.5	0.00087447	197.31	329.86	0.96621	0.95654	1.54	1147.8	-0.029243	0.00018816	0.17812	supercritical
330.0	1519.0	1143.9	0.00087417	197.22	330.0	0.9658	0.95669	1.5398	1148.8	-0.029272	0.00018841	0.17828	supercritical
330.0	1522.2	1144.3	0.00087387	197.13	330.15	0.96538	0.95685	1.5396	1149.7	-0.0293	0.00018865	0.17845	supercritical
330.0	1525.5	1144.7	0.00087357	197.03	330.3	0.96496	0.957	1.5394	1150.7	-0.029329	0.00018889	0.17861	supercritical
330.0	1528.8	1145.1	0.00087326	196.94	330.44	0.96455	0.95716	1.5392	1151.6	-0.029357	0.00018914	0.17877	supercritical
330.0	1532.0	1145.5	0.00087296	196.85	330.59	0.96413	0.95732	1.539	1152.5	-0.029385	0.00018938	0.17893	supercritical
330.0	1535.2	1145.9	0.00087266	196.76	330.74	0.96372	0.95747	1.5388	1153.5	-0.029413	0.00018963	0.17909	supercritical
330.0	1538.5	1146.3	0.00087237	196.67	330.88	0.96331	0.95763	1.5386	1154.4	-0.029441	0.00018987	0.17925	supercritical
330.0	1541.8	1146.7	0.00087207	196.58	331.03	0.96289	0.95778	1.5384	1155.3	-0.029469	0.00019011	0.17942	supercritical
330.0	1545.0	1147.1	0.00087177	196.49	331.18	0.96248	0.95794	1.5382	1156.3	-0.029496	0.00019036	0.17958	supercritical
330.0	1548.2	1147.5	0.00087148	196.4	331.33	0.96207	0.9581	1.538	1157.2	-0.029524	0.0001906	0.17974	supercritical
330.0	1551.5	1147.9	0.00087118	196.31	331.47	0.96166	0.95825	1.5378	1158.1	-0.029551	0.00019084	0.1799	supercritical
330.0	1554.8	1148.3	0.00087089	196.22	331.62	0.96125	0.95841	1.5376	1159.1	-0.029578	0.00019109	0.18006	supercritical
330.0	1558.0	1148.6	0.00087059	196.13	331.77	0.96084	0.95856	1.5374	1160.0	-0.029606	0.00019133	0.18022	supercritical
330.0	1561.2	1149.0	0.0008703	196.04	331.92	0.96043	0.95872	1.5372	1160.9	-0.029633	0.00019157	0.18038	supercritical
330.0	1564.5	1149.4	0.00087001	195.95	332.07	0.96002	0.95888	1.5371	1161.8	-0.029659	0.00019182	0.18054	supercritical
330.0	1567.8	1149.8	0.00086971	195.86	332.21	0.95962	0.95903	1.5369	1162.8	-0.029686	0.00019206	0.1807	supercritical
330.0	1571.0	1150.2	0.00086942	195.78	332.36	0.95921	0.95919	1.5367	1163.7	-0.029713	0.0001923	0.18086	supercritical
330.0	1574.2	1150.6	0.00086913	195.69	332.51	0.9588	0.95934	1.5365	1164.6	-0.029739	0.00019255	0.18102	supercritical
330.0	1577.5	1151.0	0.00086884	195.6	332.66	0.9584	0.9595	1.5363	1165.5	-0.029765	0.00019279	0.18118	supercritical
330.0	1580.8	1151.3	0.00086855	195.51	332.81	0.95799	0.95965	1.5361	1166.4	-0.029792	0.00019303	0.18134	supercritical
330.0	1584.0	1151.7	0.00086827	195.42	332.96	0.95759	0.95981	1.536	1167.3	-0.029818	0.00019327	0.1815	supercritical
330.0	1587.2	1152.1	0.00086798	195.34	333.11	0.95718	0.95997	1.5358	1168.3	-0.029844	0.00019352	0.18166	supercritical
330.0	1590.5	1152.5	0.00086769	195.25	333.25	0.95678	0.96012	1.5356	1169.2	-0.02987	0.00019376	0.18182	supercritical
330.0	1593.8	1152.9	0.00086741	195.16	333.4	0.95638	0.96028	1.5354	1170.1	-0.029895	0.000194	0.18198	supercritical
330.0	1597.0	1153.2	0.00086712	195.07	333.55	0.95598	0.96043	1.5352	1171.0	-0.029921	0.00019425	0.18214	supercritical
330.0	1600.2	1153.6	0.00086684	194.99	333.7	0.95558	0.96059	1.5351	1171.9	-0.029946	0.00019449	0.18229	supercritical
330.0	1603.5	1154.0	0.00086655	194.9	333.85	0.95517	0.96074	1.5349	1172.8	-0.029972	0.00019473	0.18245	supercritical
330.0	1606.8	1154.4	0.00086627	194.81	334.0	0.95477	0.9609	1.5347	1173.7	-0.029997	0.00019497	0.18261	supercritical
330.0	1610.0	1154.8	0.00086599	194.73	334.15	0.95438	0.96106	1.5345	1174.6	-0.030022	0.00019522	0.18277	supercritical
330.0	1613.2	1155.1	0.00086571	194.64	334.3	0.95398	0.96121	1.5344	1175.5	-0.030047	0.00019546	0.18293	supercritical
330.0	1616.5	1155.5	0.00086542	194.55	334.45	0.95358	0.96137	1.5342	1176.4	-0.030072	0.0001957	0.18309	supercritical
330.0	1619.8	1155.9	0.00086514	194.47	334.6	0.95318	0.96152	1.534	1177.3	-0.030097	0.00019594	0.18325	supercritical
330.0	1623.0	1156.3	0.00086486	194.38	334.75	0.95278	0.96168	1.5339	1178.2	-0.030121	0.00019618	0.1834	supercritical
330.0	1626.2	1156.6	0.00086459	194.3	334.9	0.95239	0.96183	1.5337	1179.1	-0.030146	0.00019643	0.18356	supercritical
330.0	1629.5	1157.0	0.00086431	194.21	335.05	0.95199	0.96199	1.5335	1180.0	-0.03017	0.00019667	0.18372	supercritical
330.0	1632.8	1157.4	0.00086403	194.13	335.2	0.9516	0.96214	1.5334	1180.9	-0.030195	0.00019691	0.18388	supercritical
330.0	1636.0	1157.7	0.00086375	194.04	335.35	0.9512	0.9623	1.5332	1181.8	-0.030219	0.00019715	0.18404	supercritical
330.0	1639.2	1158.1	0.00086348	193.96	335.5	0.95081	0.96245	1.533	1182.7	-0.030243	0.00019739	0.18419	supercritical
330.0	1642.5	1158.5	0.0008632	193.87	335.65	0.95041	0.96261	1.5329	1183.6	-0.030267	0.00019764	0.18435	supercritical
330.0	1645.8	1158.8	0.00086293	193.79	335.8	0.95002	0.96277	1.5327	1184.4	-0.030291	0.00019788	0.18451	supercritical
330.0	1649.0	1159.2	0.00086265	193.7	335.96	0.94963	0.96292	1.5325	1185.3	-0.030315	0.00019812	0.18467	supercritical
330.0	1652.2	1159.6	0.00086238	193.62	336.11	0.94924	0.96308	1.5324	1186.2	-0.030338	0.00019836	0.18482	supercritical
330.0	1655.5	1160.0	0.0008621	193.54	336.26	0.94885	0.96323	1.5322	1187.1	-0.030362	0.0001986	0.18498	supercritical
330.0	1658.8	1160.3	0.00086183	193.45	336.41	0.94845	0.96339	1.5321	1188.0	-0.030385	0.00019885	0.18514	supercritical
330.0	1662.0	1160.7	0.00086156	193.37	336.56	0.94806	0.96354	1.5319	1188.9	-0.030409	0.00019909	0.18529	supercritical
330.0	1665.2	1161.0	0.00086129	193.29	336.71	0.94768	0.9637	1.5317	1189.7	-0.030432	0.00019933	0.18545	supercritical
330.0	1668.5	1161.4	0.00086102	193.2	336.86	0.94729	0.96385	1.5316	1190.6	-0.030455	0.00019957	0.18561	supercritical
330.0	1671.8	1161.8	0.00086075	193.12	337.01	0.9469	0.96401	1.5314	1191.5	-0.030478	0.00019981	0.18576	supercritical
330.0	1675.0	1162.1	0.00086048	193.04	337.17	0.94651	0.96416	1.5313	1192.4	-0.030501	0.00020005	0.18592	supercritical
330.0	1678.2	1162.5	0.00086021	192.95	337.32	0.94612	0.96432	1.5311	1193.3	-0.030524	0.0002003	0.18608	supercritical
330.0	1681.5	1162.9	0.00085994	192.87	337.47	0.94574	0.96447	1.531	1194.1	-0.030547	0.00020054	0.18623	supercritical
330.0	1684.8	1163.2	0.00085968	192.79	337.62	0.94535	0.96463	1.5308	1195.0	-0.030569	0.00020078	0.18639	supercritical
330.0	1688.0	1163.6	0.00085941	192.71	337.77	0.94497	0.96478	1.5306	1195.9	-0.030592	0.00020102	0.18654	supercritical
330.0	1691.2	1163.9	0.00085914	192.62	337.93	0.94458	0.96494	1.5305	1196.7	-0.030614	0.00020126	0.1867	supercritical
330.0	1694.5	1164.3	0.00085888	192.54	338.08	0.9442	0.96509	1.5303	1197.6	-0.030637	0.0002015	0.18686	supercritical
330.0	1697.8	1164.7	0.00085861	192.46	338.23	0.94381	0.96525	1.5302	1198.5	-0.030659	0.00020174	0.18701	supercritical
330.0	1701.0	1165.0	0.00085835	192.38	338.38	0.94343	0.9654	1.53	1199.3	-0.030681	0.00020198	0.18717	supercritical
330.0	1704.2	1165.4	0.00085809	192.3	338.54	0.94305	0.96556	1.5299	1200.2	-0.030703	0.00020223	0.18732	supercritical
330.0	1707.5	1165.7	0.00085782	192.22	338.69	0.94266	0.96571	1.5297	1201.1	-0.030725	0.00020247	0.18748	supercritical
330.0	1710.8	1166.1	0.00085756	192.13	338.84	0.94228	0.96587	1.5296	1201.9	-0.030747	0.00020271	0.18763	supercritical
330.0	1714.0	1166.5	0.0008573	192.05	339.0	0.9419	0.96602	1.5294	1202.8	-0.030768	0.00020295	0.18779	supercritical
330.0	1717.2	1166.8	0.00085704	191.97	339.15	0.94152	0.96618	1.5293	1203.7	-0.03079	0.00020319	0.18794	supercritical
330.0	1720.5	1167.2	0.00085678	191.89	339.3	0.94114	0.96633	1.5292	1204.5	-0.030811	0.00020343	0.1881	supercritical
330.0	1723.8	1167.5	0.00085652	191.81	339.45	0.94076	0.96649	1.529	1205.4	-0.030833	0.00020367	0.18825	supercritical
330.0	1727.0	1167.9	0.00085626	191.73	339.61	0.94038	0.96664	1.5289	1206.2	-0.030854	0.00020391	0.18841	supercritical
330.0	1730.2	1168.2	0.000856	191.65	339.76	0.94	0.96679	1.5287	1207.1	-0.030876	0.00020415	0.18856	supercritical
330.0	1733.5	1168.6	0.00085574	191.57	339.91	0.93963	0.96695	1.5286	1207.9	-0.030897	0.00020439	0.18872	supercritical
330.0	1736.8	1168.9	0.00085548	191.49	340.07	0.93925	0.9671	1.5284	1208.8	-0.030918	0.00020464	0.18887	supercritical
330.0	1740.0	1169.3	0.00085523	191.41	340.22	0.93887	0.96726	1.5283	1209.6	-0.030939	0.00020488	0.18903	supercritical
330.0	1743.2	1169.6	0.00085497	191.33	340.38	0.93849	0.96741	1.5282	1210.5	-0.03096	0.00020512	0.18918	supercritical
330.0	1746.5	1170.0	0.00085471	191.25	340.53	0.93812	0.96757	1.528	1211.3	-0.03098	0.00020536	0.18933	supercritical
330.0	1749.8	1170.3	0.00085446	191.17	340.68	0.93774	0.96772	1.5279	1212.2	-0.031001	0.0002056	0.18949	supercritical
330.0	1753.0	1170.7	0.0008542	191.09	340.84	0.93737	0.96788	1.5277	1213.0	-0.031022	0.00020584	0.18964	supercritical
330.0	1756.2	1171.0	0.00085395	191.02	340.99	0.93699	0.96803	1.5276	1213.9	-0.031042	0.00020608	0.1898	supercritical
330.0	1759.5	1171.4	0.0008537	190.94	341.15	0.93662	0.96819	1.5275	1214.7	-0.031063	0.00020632	0.18995	supercritical
330.0	1762.8	1171.7	0.00085344	190.86	341.3	0.93625	0.96834	1.5273	1215.6	-0.031083	0.00020656	0.1901	supercritical
330.0	1766.0	1172.1	0.00085319	190.78	341.45	0.93587	0.96849	1.5272	1216.4	-0.031103	0.0002068	0.19026	supercritical
330.0	1769.2	1172.4	0.00085294	190.7	341.61	0.9355	0.96865	1.5271	1217.3	-0.031123	0.00020704	0.19041	supercritical
330.0	1772.5	1172.8	0.00085269	190.62	341.76	0.93513	0.9688	1.5269	1218.1	-0.031143	0.00020728	0.19056	supercritical
330.0	1775.8	1173.1	0.00085244	190.55	341.92	0.93476	0.96896	1.5268	1218.9	-0.031163	0.00020752	0.19072	supercritical
330.0	1779.0	1173.5	0.00085219	190.47	342.07	0.93439	0.96911	1.5267	1219.8	-0.031183	0.00020776	0.19087	supercritical
330.0	1782.2	1173.8	0.00085194	190.39	342.23	0.93402	0.96927	1.5265	1220.6	-0.031203	0.000208	0.19102	supercritical
330.0	1785.5	1174.1	0.00085169	190.31	342.38	0.93365	0.96942	1.5264	1221.4	-0.031223	0.00020824	0.19118	supercritical
330.0	1788.8	1174.5	0.00085144	190.23	342.54	0.93328	0.96957	1.5263	1222.3	-0.031242	0.00020848	0.19133	supercritical
330.0	1792.0	1174.8	0.00085119	190.16	342.69	0.93291	0.96973	1.5261	1223.1	-0.031262	0.00020872	0.19148	supercritical
330.0	1795.2	1175.2	0.00085095	190.08	342.85	0.93254	0.96988	1.526	1223.9	-0.031281	0.00020896	0.19164	supercritical
330.0	1798.5	1175.5	0.0008507	190.0	343.0	0.93218	0.97004	1.5259	1224.8	-0.031301	0.0002092	0.19179	supercritical
330.0	1801.8	1175.8	0.00085045	189.93	343.16	0.93181	0.97019	1.5257	1225.6	-0.03132	0.00020944	0.19194	supercritical
330.0	1805.0	1176.2	0.00085021	189.85	343.31	0.93144	0.97034	1.5256	1226.4	-0.031339	0.00020968	0.19209	supercritical
330.0	1808.2	1176.5	0.00084996	189.77	343.47	0.93108	0.9705	1.5255	1227.3	-0.031358	0.00020992	0.19225	supercritical
330.0	1811.5	1176.9	0.00084972	189.7	343.62	0.93071	0.97065	1.5254	1228.1	-0.031377	0.00021016	0.1924	supercritical
330.0	1814.8	1177.2	0.00084947	189.62	343.78	0.93034	0.97081	1.5252	1228.9	-0.031396	0.0002104	0.19255	supercritical
330.0	1818.0	1177.5	0.00084923	189.54	343.93	0.92998	0.97096	1.5251	1229.7	-0.031415	0.00021064	0.1927	supercritical
330.0	1821.2	1177.9	0.00084898	189.47	344.09	0.92962	0.97111	1.525	1230.5	-0.031434	0.00021088	0.19285	supercritical
330.0	1824.5	1178.2	0.00084874	189.39	344.25	0.92925	0.97127	1.5249	1231.4	-0.031453	0.00021112	0.19301	supercritical
330.0	1827.8	1178.6	0.0008485	189.32	344.4	0.92889	0.97142	1.5247	1232.2	-0.031471	0.00021136	0.19316	supercritical
330.0	1831.0	1178.9	0.00084826	189.24	344.56	0.92853	0.97157	1.5246	1233.0	-0.03149	0.0002116	0.19331	supercritical
330.0	1834.2	1179.2	0.00084802	189.17	344.71	0.92816	0.97173	1.5245	1233.8	-0.031509	0.00021184	0.19346	supercritical
330.0	1837.5	1179.6	0.00084778	189.09	344.87	0.9278	0.97188	1.5244	1234.6	-0.031527	0.00021208	0.19361	supercritical
330.0	1840.8	1179.9	0.00084754	189.02	345.03	0.92744	0.97204	1.5242	1235.5	-0.031545	0.00021232	0.19376	supercritical
330.0	1844.0	1180.2	0.0008473	188.94	345.18	0.92708	0.97219	1.5241	1236.3	-0.031563	0.00021256	0.19392	supercritical
330.0	1847.2	1180.6	0.00084706	188.87	345.34	0.92672	0.97234	1.524	1237.1	-0.031582	0.0002128	0.19407	supercritical
330.0	1850.5	1180.9	0.00084682	188.79	345.5	0.92636	0.9725	1.5239	1237.9	-0.0316	0.00021304	0.19422	supercritical
330.0	1853.8	1181.2	0.00084658	188.72	345.65	0.926	0.97265	1.5238	1238.7	-0.031618	0.00021328	0.19437	supercritical
330.0	1857.0	1181.6	0.00084634	188.64	345.81	0.92564	0.9728	1.5236	1239.5	-0.031636	0.00021352	0.19452	supercritical
330.0	1860.2	1181.9	0.00084611	188.57	345.97	0.92528	0.97296	1.5235	1240.3	-0.031654	0.00021376	0.19467	supercritical
330.0	1863.5	1182.2	0.00084587	188.49	346.12	0.92492	0.97311	1.5234	1241.1	-0.031671	0.000214	0.19482	supercritical
330.0	1866.8	1182.5	0.00084563	188.42	346.28	0.92457	0.97326	1.5233	1242.0	-0.031689	0.00021424	0.19497	supercritical
330.0	1870.0	1182.9	0.0008454	188.35	346.44	0.92421	0.97342	1.5232	1242.8	-0.031707	0.00021448	0.19512	supercritical
330.0	1873.2	1183.2	0.00084516	188.27	346.59	0.92385	0.97357	1.5231	1243.6	-0.031724	0.00021472	0.19527	supercritical
330.0	1876.5	1183.5	0.00084493	188.2	346.75	0.9235	0.97372	1.5229	1244.4	-0.031742	0.00021496	0.19542	supercritical
330.0	1879.8	1183.9	0.00084469	188.13	346.91	0.92314	0.97388	1.5228	1245.2	-0.031759	0.0002152	0.19557	supercritical
330.0	1883.0	1184.2	0.00084446	188.05	347.06	0.92278	0.97403	1.5227	1246.0	-0.031777	0.00021544	0.19572	supercritical
330.0	1886.2	1184.5	0.00084423	187.98	347.22	0.92243	0.97418	1.5226	1246.8	-0.031794	0.00021568	0.19588	supercritical
330.0	1889.5	1184.8	0.000844	187.91	347.38	0.92208	0.97434	1.5225	1247.6	-0.031811	0.00021592	0.19603	supercritical
330.0	1892.8	1185.2	0.00084376	187.83	347.54	0.92172	0.97449	1.5224	1248.4	-0.031828	0.00021615	0.19618	supercritical
330.0	1896.0	1185.5	0.00084353	187.76	347.69	0.92137	0.97464	1.5223	1249.2	-0.031845	0.00021639	0.19633	supercritical
330.0	1899.2	1185.8	0.0008433	187.69	347.85	0.92101	0.9748	1.5222	1250.0	-0.031862	0.00021663	0.19648	supercritical
330.0	1902.5	1186.1	0.00084307	187.62	348.01	0.92066	0.97495	1.5221	1250.8	-0.031879	0.00021687	0.19663	supercritical
330.0	1905.8	1186.5	0.00084284	187.54	348.17	0.92031	0.9751	1.5219	1251.6	-0.031896	0.00021711	0.19677	supercritical
330.0	1909.0	1186.8	0.00084261	187.47	348.32	0.91996	0.97525	1.5218	1252.4	-0.031913	0.00021735	0.19692	supercritical
330.0	1912.2	1187.1	0.00084238	187.4	348.48	0.91961	0.97541	1.5217	1253.1	-0.031929	0.00021759	0.19707	supercritical
330.0	1915.5	1187.4	0.00084215	187.33	348.64	0.91926	0.97556	1.5216	1253.9	-0.031946	0.00021783	0.19722	supercritical
330.0	1918.8	1187.8	0.00084192	187.25	348.8	0.91891	0.97571	1.5215	1254.7	-0.031963	0.00021807	0.19737	supercritical
330.0	1922.0	1188.1	0.00084169	187.18	348.96	0.91856	0.97587	1.5214	1255.5	-0.031979	0.00021831	0.19752	supercritical
330.0	1925.2	1188.4	0.00084147	187.11	349.11	0.91821	0.97602	1.5213	1256.3	-0.031996	0.00021855	0.19767	supercritical
330.0	1928.5	1188.7	0.00084124	187.04	349.27	0.91786	0.97617	1.5212	1257.1	-0.032012	0.00021879	0.19782	supercritical
330.0	1931.8	1189.0	0.00084101	186.97	349.43	0.91751	0.97632	1.5211	1257.9	-0.032028	0.00021902	0.19797	supercritical
330.0	1935.0	1189.4	0.00084079	186.9	349.59	0.91716	0.97648	1.521	1258.7	-0.032044	0.00021926	0.19812	supercritical
330.0	1938.2	1189.7	0.00084056	186.83	349.75	0.91681	0.97663	1.5209	1259.5	-0.032061	0.0002195	0.19827	supercritical
330.0	1941.5	1190.0	0.00084034	186.76	349.91	0.91646	0.97678	1.5208	1260.2	-0.032077	0.00021974	0.19842	supercritical
330.0	1944.8	1190.3	0.00084011	186.68	350.07	0.91612	0.97693	1.5207	1261.0	-0.032093	0.00021998	0.19857	supercritical
330.0	1948.0	1190.6	0.00083989	186.61	350.22	0.91577	0.97709	1.5206	1261.8	-0.032109	0.00022022	0.19871	supercritical
330.0	1951.2	1191.0	0.00083966	186.54	350.38	0.91542	0.97724	1.5205	1262.6	-0.032125	0.00022046	0.19886	supercritical
330.0	1954.5	1191.3	0.00083944	186.47	350.54	0.91508	0.97739	1.5204	1263.4	-0.03214	0.0002207	0.19901	supercritical
330.0	1957.8	1191.6	0.00083922	186.4	350.7	0.91473	0.97754	1.5203	1264.1	-0.032156	0.00022094	0.19916	supercritical
330.0	1961.0	1191.9	0.00083899	186.33	350.86	0.91439	0.9777	1.5202	1264.9	-0.032172	0.00022118	0.19931	supercritical
330.0	1964.2	1192.2	0.00083877	186.26	351.02	0.91404	0.97785	1.5201	1265.7	-0.032187	0.00022141	0.19946	supercritical
330.0	1967.5	1192.5	0.00083855	186.19	351.18	0.9137	0.978	1.52	1266.5	-0.032203	0.00022165	0.1996	supercritical
330.0	1970.8	1192.8	0.00083833	186.12	351.34	0.91336	0.97815	1.5199	1267.2	-0.032219	0.00022189	0.19975	supercritical
330.0	1974.0	1193.2	0.00083811	186.05	351.5	0.91301	0.97831	1.5198	1268.0	-0.032234	0.00022213	0.1999	supercritical
330.0	1977.2	1193.5	0.00083789	185.98	351.65	0.91267	0.97846	1.5197	1268.8	-0.032249	0.00022237	0.20005	supercritical
330.0	1980.5	1193.8	0.00083767	185.91	351.81	0.91233	0.97861	1.5196	1269.6	-0.032265	0.00022261	0.2002	supercritical
330.0	1983.8	1194.1	0.00083745	185.84	351.97	0.91199	0.97876	1.5195	1270.3	-0.03228	0.00022285	0.20034	supercritical
330.0	1987.0	1194.4	0.00083723	185.78	352.13	0.91165	0.97891	1.5194	1271.1	-0.032295	0.00022309	0.20049	supercritical
330.0	1990.2	1194.7	0.00083701	185.71	352.29	0.9113	0.97907	1.5193	1271.9	-0.03231	0.00022332	0.20064	supercritical
330.0	1993.5	1195.0	0.00083679	185.64	352.45	0.91096	0.97922	1.5192	1272.6	-0.032325	0.00022356	0.20079	supercritical
330.0	1996.8	1195.3	0.00083658	185.57	352.61	0.91062	0.97937	1.5191	1273.4	-0.03234	0.0002238	0.20094	supercritical
330.0	2000.0	1195.7	0.00083636	185.5	352.77	0.91028	0.97952	1.519	1274.2	-0.032355	0.00022404	0.20108	supercritical
