Temperature (K)	Pressure (bar)	Density (kg/m3)	Volume (m3/kg)	Internal Energy (kJ/kg)	Enthalpy (kJ/kg)	Entropy (J/g*K)	Cv (J/g*K)	Cp (J/g*K)	Sound Spd. (m/s)	Joule-Thomson (K/bar)	Viscosity (Pa*s)	Therm. Cond. (W/m*K)	Phase
714.0	56.5	41.847	0.023897	783.11	918.13	2.8305	0.94871	1.1605	406.89	0.11736	3.2601e-05	0.05151	vapor
714.0	59.75	44.248	0.0226	782.65	917.69	2.8193	0.94898	1.1621	407.21	0.11667	3.2638e-05	0.051595	vapor
714.0	63.0	46.647	0.021438	782.19	917.25	2.8086	0.94926	1.1636	407.53	0.11598	3.2674e-05	0.051681	vapor
714.0	66.25	49.045	0.020389	781.73	916.81	2.7985	0.94953	1.1652	407.85	0.1153	3.2712e-05	0.051765	vapor
714.0	69.5	51.442	0.019439	781.27	916.37	2.7888	0.9498	1.1668	408.18	0.11462	3.2749e-05	0.05185	vapor
714.0	72.75	53.838	0.018574	780.81	915.94	2.7796	0.95007	1.1684	408.51	0.11394	3.2787e-05	0.051934	vapor
714.0	76.0	56.232	0.017783	780.35	915.51	2.7707	0.95034	1.1699	408.85	0.11326	3.2825e-05	0.052017	vapor
714.0	76.0	56.232	0.017783	780.35	915.51	2.7707	0.95034	1.1699	408.85	0.11326	3.2825e-05	0.052017	supercritical
714.0	76.0	56.232	0.017783	780.35	915.51	2.7707	0.95034	1.1699	408.85	0.11326	3.2825e-05	0.052017	supercritical
714.0	79.25	58.625	0.017058	779.9	915.08	2.7622	0.95061	1.1715	409.2	0.11258	3.2864e-05	0.0521	supercritical
714.0	82.5	61.016	0.016389	779.44	914.65	2.754	0.95088	1.173	409.55	0.1119	3.2903e-05	0.052183	supercritical
714.0	85.75	63.406	0.015771	778.98	914.23	2.746	0.95115	1.1746	409.9	0.11123	3.2942e-05	0.052266	supercritical
714.0	89.0	65.793	0.015199	778.53	913.8	2.7384	0.95142	1.1761	410.26	0.11055	3.2982e-05	0.052348	supercritical
714.0	92.25	68.179	0.014667	778.08	913.38	2.731	0.95169	1.1777	410.63	0.10988	3.3022e-05	0.05243	supercritical
714.0	95.5	70.564	0.014172	777.62	912.96	2.7239	0.95195	1.1792	411.0	0.10921	3.3062e-05	0.052512	supercritical
714.0	98.75	72.946	0.013709	777.17	912.54	2.7169	0.95222	1.1808	411.37	0.10854	3.3103e-05	0.052594	supercritical
714.0	102.0	75.327	0.013276	776.72	912.13	2.7102	0.95248	1.1823	411.76	0.10787	3.3145e-05	0.052676	supercritical
714.0	105.25	77.705	0.012869	776.27	911.71	2.7037	0.95275	1.1838	412.14	0.1072	3.3186e-05	0.052758	supercritical
714.0	108.5	80.081	0.012487	775.82	911.3	2.6973	0.95301	1.1854	412.53	0.10653	3.3228e-05	0.05284	supercritical
714.0	111.75	82.456	0.012128	775.37	910.89	2.6912	0.95327	1.1869	412.93	0.10586	3.327e-05	0.052922	supercritical
714.0	115.0	84.828	0.011789	774.92	910.49	2.6851	0.95353	1.1884	413.33	0.1052	3.3313e-05	0.053003	supercritical
714.0	118.25	87.197	0.011468	774.47	910.08	2.6793	0.95379	1.1899	413.74	0.10453	3.3356e-05	0.053085	supercritical
714.0	121.5	89.565	0.011165	774.02	909.68	2.6736	0.95405	1.1914	414.15	0.10386	3.34e-05	0.053167	supercritical
714.0	124.75	91.93	0.010878	773.57	909.28	2.668	0.95431	1.1929	414.57	0.1032	3.3444e-05	0.053249	supercritical
714.0	128.0	94.292	0.010605	773.13	908.88	2.6625	0.95457	1.1944	415.0	0.10253	3.3488e-05	0.053331	supercritical
714.0	131.25	96.652	0.010346	772.68	908.48	2.6572	0.95483	1.1959	415.42	0.10187	3.3533e-05	0.053414	supercritical
714.0	134.5	99.01	0.0101	772.24	908.09	2.652	0.95508	1.1974	415.86	0.10121	3.3578e-05	0.053496	supercritical
714.0	137.75	101.36	0.0098654	771.8	907.69	2.6469	0.95534	1.1989	416.3	0.10054	3.3624e-05	0.053579	supercritical
714.0	141.0	103.72	0.0096417	771.35	907.3	2.6419	0.95559	1.2004	416.74	0.099881	3.367e-05	0.053662	supercritical
714.0	144.25	106.07	0.0094281	770.91	906.91	2.6371	0.95584	1.2019	417.19	0.099219	3.3716e-05	0.053746	supercritical
714.0	147.5	108.41	0.009224	770.47	906.53	2.6323	0.9561	1.2033	417.64	0.098557	3.3763e-05	0.053829	supercritical
714.0	150.75	110.76	0.0090289	770.03	906.14	2.6276	0.95635	1.2048	418.1	0.097896	3.381e-05	0.053913	supercritical
714.0	154.0	113.1	0.008842	769.59	905.76	2.623	0.9566	1.2062	418.57	0.097235	3.3858e-05	0.053997	supercritical
714.0	157.25	115.43	0.0086629	769.16	905.38	2.6185	0.95685	1.2077	419.04	0.096574	3.3906e-05	0.054082	supercritical
714.0	160.5	117.77	0.0084912	768.72	905.0	2.614	0.9571	1.2091	419.51	0.095914	3.3954e-05	0.054167	supercritical
714.0	163.75	120.1	0.0083264	768.28	904.63	2.6097	0.95734	1.2106	420.0	0.095254	3.4003e-05	0.054252	supercritical
714.0	167.0	122.43	0.008168	767.85	904.25	2.6054	0.95759	1.212	420.48	0.094594	3.4053e-05	0.054338	supercritical
714.0	170.25	124.75	0.0080158	767.41	903.88	2.6012	0.95784	1.2134	420.97	0.093935	3.4103e-05	0.054424	supercritical
714.0	173.5	127.07	0.0078694	766.98	903.51	2.5971	0.95808	1.2149	421.47	0.093276	3.4153e-05	0.05451	supercritical
714.0	176.75	129.39	0.0077284	766.54	903.14	2.593	0.95833	1.2163	421.97	0.092618	3.4204e-05	0.054597	supercritical
714.0	180.0	131.71	0.0075926	766.11	902.78	2.589	0.95857	1.2177	422.48	0.09196	3.4255e-05	0.054684	supercritical
714.0	183.25	134.02	0.0074616	765.68	902.42	2.5851	0.95881	1.2191	422.99	0.091302	3.4306e-05	0.054772	supercritical
714.0	186.5	136.33	0.0073353	765.25	902.06	2.5812	0.95905	1.2205	423.51	0.090645	3.4358e-05	0.054861	supercritical
714.0	189.75	138.63	0.0072134	764.82	901.7	2.5774	0.95929	1.2219	424.03	0.089988	3.4411e-05	0.054949	supercritical
714.0	193.0	140.93	0.0070957	764.4	901.34	2.5736	0.95953	1.2232	424.56	0.089332	3.4464e-05	0.055039	supercritical
714.0	196.25	143.23	0.0069819	763.97	900.99	2.5699	0.95977	1.2246	425.09	0.088676	3.4517e-05	0.055129	supercritical
714.0	199.5	145.52	0.0068719	763.54	900.64	2.5663	0.96001	1.226	425.63	0.088021	3.4571e-05	0.055219	supercritical
714.0	202.75	147.81	0.0067654	763.12	900.29	2.5627	0.96024	1.2273	426.18	0.087366	3.4625e-05	0.05531	supercritical
714.0	206.0	150.1	0.0066624	762.69	899.94	2.5591	0.96048	1.2287	426.73	0.086712	3.468e-05	0.055401	supercritical
714.0	209.25	152.38	0.0065627	762.27	899.59	2.5556	0.96071	1.23	427.28	0.086059	3.4735e-05	0.055493	supercritical
714.0	212.5	154.65	0.0064661	761.85	899.25	2.5522	0.96095	1.2314	427.84	0.085406	3.4791e-05	0.055585	supercritical
714.0	215.75	156.93	0.0063724	761.42	898.91	2.5488	0.96118	1.2327	428.41	0.084753	3.4847e-05	0.055678	supercritical
714.0	219.0	159.2	0.0062816	761.0	898.57	2.5454	0.96141	1.234	428.98	0.084102	3.4903e-05	0.055772	supercritical
714.0	222.25	161.46	0.0061935	760.59	898.23	2.5421	0.96164	1.2354	429.55	0.083451	3.496e-05	0.055866	supercritical
714.0	225.5	163.72	0.0061079	760.17	897.9	2.5389	0.96187	1.2367	430.13	0.082801	3.5017e-05	0.055961	supercritical
714.0	228.75	165.98	0.0060249	759.75	897.57	2.5356	0.9621	1.238	430.72	0.082152	3.5075e-05	0.056056	supercritical
714.0	232.0	168.23	0.0059443	759.33	897.24	2.5325	0.96233	1.2393	431.31	0.081503	3.5134e-05	0.056152	supercritical
714.0	235.25	170.48	0.0058659	758.92	896.91	2.5293	0.96255	1.2405	431.91	0.080856	3.5192e-05	0.056248	supercritical
714.0	238.5	172.72	0.0057897	758.5	896.59	2.5262	0.96278	1.2418	432.51	0.080209	3.5252e-05	0.056345	supercritical
714.0	241.75	174.96	0.0057156	758.09	896.27	2.5231	0.963	1.2431	433.12	0.079564	3.5311e-05	0.056443	supercritical
714.0	245.0	177.19	0.0056436	757.68	895.95	2.5201	0.96323	1.2443	433.73	0.078919	3.5371e-05	0.056541	supercritical
714.0	248.25	179.42	0.0055734	757.27	895.63	2.5171	0.96345	1.2456	434.35	0.078276	3.5432e-05	0.05664	supercritical
714.0	251.5	181.65	0.0055052	756.86	895.31	2.5141	0.96367	1.2468	434.97	0.077633	3.5493e-05	0.056739	supercritical
714.0	254.75	183.87	0.0054387	756.45	895.0	2.5112	0.96389	1.2481	435.6	0.076992	3.5554e-05	0.056839	supercritical
714.0	258.0	186.08	0.005374	756.04	894.69	2.5083	0.96411	1.2493	436.23	0.076352	3.5616e-05	0.056939	supercritical
714.0	261.25	188.29	0.0053109	755.63	894.38	2.5055	0.96433	1.2505	436.87	0.075713	3.5679e-05	0.057041	supercritical
714.0	264.5	190.5	0.0052494	755.23	894.07	2.5026	0.96455	1.2517	437.51	0.075075	3.5742e-05	0.057142	supercritical
714.0	267.75	192.7	0.0051894	754.82	893.77	2.4998	0.96477	1.2529	438.16	0.074439	3.5805e-05	0.057244	supercritical
714.0	271.0	194.9	0.0051309	754.42	893.47	2.497	0.96499	1.2541	438.81	0.073804	3.5869e-05	0.057347	supercritical
714.0	274.25	197.09	0.0050739	754.01	893.17	2.4943	0.9652	1.2553	439.47	0.073171	3.5933e-05	0.057451	supercritical
714.0	277.5	199.27	0.0050182	753.61	892.87	2.4916	0.96542	1.2565	440.14	0.072539	3.5997e-05	0.057555	supercritical
714.0	280.75	201.45	0.0049639	753.21	892.57	2.4889	0.96563	1.2577	440.8	0.071908	3.6062e-05	0.057659	supercritical
714.0	284.0	203.63	0.0049109	752.81	892.28	2.4862	0.96584	1.2588	441.48	0.07128	3.6128e-05	0.057764	supercritical
714.0	287.25	205.8	0.0048591	752.41	891.99	2.4836	0.96605	1.26	442.15	0.070652	3.6194e-05	0.05787	supercritical
714.0	290.5	207.97	0.0048085	752.02	891.7	2.481	0.96626	1.2611	442.84	0.070027	3.626e-05	0.057976	supercritical
714.0	293.75	210.13	0.004759	751.62	891.42	2.4784	0.96647	1.2622	443.53	0.069403	3.6327e-05	0.058083	supercritical
714.0	297.0	212.28	0.0047107	751.22	891.13	2.4759	0.96668	1.2634	444.22	0.068781	3.6394e-05	0.05819	supercritical
714.0	300.25	214.43	0.0046635	750.83	890.85	2.4734	0.96689	1.2645	444.91	0.06816	3.6462e-05	0.058298	supercritical
714.0	303.5	216.58	0.0046173	750.44	890.57	2.4709	0.9671	1.2656	445.62	0.067542	3.653e-05	0.058407	supercritical
714.0	306.75	218.71	0.0045722	750.04	890.3	2.4684	0.9673	1.2667	446.32	0.066925	3.6599e-05	0.058516	supercritical
714.0	310.0	220.85	0.004528	749.65	890.02	2.4659	0.96751	1.2678	447.03	0.06631	3.6668e-05	0.058625	supercritical
714.0	313.25	222.98	0.0044848	749.26	889.75	2.4635	0.96771	1.2689	447.75	0.065698	3.6737e-05	0.058735	supercritical
714.0	316.5	225.1	0.0044425	748.87	889.48	2.4611	0.96792	1.2699	448.47	0.065087	3.6807e-05	0.058846	supercritical
714.0	319.75	227.22	0.0044011	748.49	889.21	2.4587	0.96812	1.271	449.2	0.064479	3.6877e-05	0.058957	supercritical
714.0	323.0	229.33	0.0043605	748.1	888.95	2.4563	0.96832	1.2721	449.93	0.063872	3.6948e-05	0.059068	supercritical
714.0	326.25	231.44	0.0043209	747.72	888.68	2.454	0.96852	1.2731	450.66	0.063268	3.7019e-05	0.059181	supercritical
714.0	329.5	233.54	0.004282	747.33	888.42	2.4517	0.96872	1.2742	451.4	0.062666	3.7091e-05	0.059293	supercritical
714.0	332.75	235.63	0.0042439	746.95	888.16	2.4494	0.96892	1.2752	452.14	0.062066	3.7163e-05	0.059406	supercritical
714.0	336.0	237.72	0.0042066	746.57	887.91	2.4471	0.96912	1.2762	452.89	0.061468	3.7235e-05	0.05952	supercritical
714.0	339.25	239.8	0.0041701	746.19	887.65	2.4448	0.96932	1.2772	453.64	0.060873	3.7308e-05	0.059634	supercritical
714.0	342.5	241.88	0.0041342	745.81	887.4	2.4426	0.96951	1.2782	454.4	0.06028	3.7381e-05	0.059748	supercritical
714.0	345.75	243.95	0.0040991	745.43	887.15	2.4403	0.96971	1.2792	455.16	0.059689	3.7455e-05	0.059863	supercritical
714.0	349.0	246.02	0.0040647	745.05	886.91	2.4381	0.9699	1.2802	455.92	0.059101	3.7529e-05	0.059979	supercritical
714.0	352.25	248.08	0.0040309	744.67	886.66	2.436	0.9701	1.2812	456.69	0.058515	3.7603e-05	0.060094	supercritical
714.0	355.5	250.14	0.0039978	744.3	886.42	2.4338	0.97029	1.2822	457.46	0.057932	3.7678e-05	0.060211	supercritical
714.0	358.75	252.19	0.0039653	743.92	886.18	2.4316	0.97048	1.2831	458.24	0.057352	3.7753e-05	0.060327	supercritical
714.0	362.0	254.23	0.0039334	743.55	885.94	2.4295	0.97068	1.2841	459.02	0.056774	3.7829e-05	0.060444	supercritical
714.0	365.25	256.27	0.0039022	743.18	885.71	2.4274	0.97087	1.285	459.81	0.056198	3.7905e-05	0.060562	supercritical
714.0	368.5	258.3	0.0038715	742.81	885.47	2.4253	0.97106	1.286	460.59	0.055625	3.7982e-05	0.06068	supercritical
714.0	371.75	260.33	0.0038413	742.44	885.24	2.4232	0.97125	1.2869	461.39	0.055055	3.8058e-05	0.060798	supercritical
714.0	375.0	262.35	0.0038118	742.07	885.01	2.4212	0.97143	1.2878	462.18	0.054488	3.8136e-05	0.060917	supercritical
714.0	378.25	264.36	0.0037827	741.7	884.78	2.4191	0.97162	1.2888	462.98	0.053923	3.8213e-05	0.061036	supercritical
714.0	381.5	266.37	0.0037542	741.34	884.56	2.4171	0.97181	1.2897	463.79	0.053361	3.8291e-05	0.061156	supercritical
714.0	384.75	268.37	0.0037262	740.97	884.34	2.4151	0.97199	1.2906	464.6	0.052802	3.837e-05	0.061275	supercritical
714.0	388.0	270.37	0.0036987	740.61	884.12	2.4131	0.97218	1.2915	465.41	0.052245	3.8448e-05	0.061396	supercritical
714.0	391.25	272.36	0.0036717	740.24	883.9	2.4111	0.97236	1.2923	466.22	0.051692	3.8528e-05	0.061516	supercritical
714.0	394.5	274.34	0.0036451	739.88	883.68	2.4091	0.97255	1.2932	467.04	0.051141	3.8607e-05	0.061637	supercritical
714.0	397.75	276.32	0.003619	739.52	883.47	2.4072	0.97273	1.2941	467.86	0.050593	3.8687e-05	0.061758	supercritical
714.0	401.0	278.29	0.0035934	739.16	883.26	2.4052	0.97291	1.295	468.69	0.050048	3.8767e-05	0.06188	supercritical
714.0	404.25	280.26	0.0035682	738.8	883.05	2.4033	0.97309	1.2958	469.52	0.049506	3.8848e-05	0.062001	supercritical
714.0	407.5	282.22	0.0035434	738.45	882.84	2.4014	0.97327	1.2967	470.35	0.048967	3.8929e-05	0.062123	supercritical
714.0	410.75	284.17	0.003519	738.09	882.63	2.3995	0.97345	1.2975	471.18	0.048431	3.901e-05	0.062246	supercritical
714.0	414.0	286.12	0.003495	737.74	882.43	2.3976	0.97363	1.2983	472.02	0.047898	3.9092e-05	0.062369	supercritical
714.0	417.25	288.06	0.0034715	737.38	882.23	2.3958	0.97381	1.2992	472.87	0.047367	3.9174e-05	0.062492	supercritical
714.0	420.5	290.0	0.0034483	737.03	882.03	2.3939	0.97399	1.3	473.71	0.04684	3.9256e-05	0.062615	supercritical
714.0	423.75	291.93	0.0034255	736.68	881.83	2.3921	0.97417	1.3008	474.56	0.046316	3.9339e-05	0.062738	supercritical
714.0	427.0	293.85	0.0034031	736.33	881.64	2.3902	0.97434	1.3016	475.41	0.045795	3.9422e-05	0.062862	supercritical
714.0	430.25	295.77	0.003381	735.98	881.45	2.3884	0.97452	1.3024	476.26	0.045277	3.9505e-05	0.062986	supercritical
714.0	433.5	297.68	0.0033593	735.63	881.26	2.3866	0.97469	1.3032	477.12	0.044762	3.9589e-05	0.06311	supercritical
714.0	436.75	299.59	0.0033379	735.28	881.07	2.3848	0.97487	1.3039	477.98	0.04425	3.9673e-05	0.063235	supercritical
714.0	440.0	301.49	0.0033169	734.94	880.88	2.3831	0.97504	1.3047	478.84	0.043741	3.9758e-05	0.063359	supercritical
714.0	443.25	303.38	0.0032962	734.59	880.7	2.3813	0.97521	1.3055	479.71	0.043235	3.9842e-05	0.063484	supercritical
714.0	446.5	305.27	0.0032758	734.25	880.51	2.3795	0.97538	1.3062	480.58	0.042732	3.9928e-05	0.063609	supercritical
714.0	449.75	307.15	0.0032557	733.91	880.33	2.3778	0.97556	1.307	481.45	0.042233	4.0013e-05	0.063735	supercritical
714.0	453.0	309.02	0.003236	733.57	880.16	2.3761	0.97573	1.3077	482.32	0.041736	4.0099e-05	0.06386	supercritical
714.0	456.25	310.89	0.0032165	733.23	879.98	2.3744	0.9759	1.3085	483.2	0.041243	4.0185e-05	0.063986	supercritical
714.0	459.5	312.76	0.0031974	732.89	879.8	2.3727	0.97607	1.3092	484.08	0.040752	4.0271e-05	0.064111	supercritical
714.0	462.75	314.61	0.0031785	732.55	879.63	2.371	0.97624	1.3099	484.96	0.040265	4.0358e-05	0.064237	supercritical
714.0	466.0	316.47	0.0031599	732.21	879.46	2.3693	0.9764	1.3107	485.84	0.039781	4.0445e-05	0.064364	supercritical
714.0	469.25	318.31	0.0031416	731.87	879.29	2.3676	0.97657	1.3114	486.73	0.0393	4.0532e-05	0.06449	supercritical
714.0	472.5	320.15	0.0031235	731.54	879.13	2.3659	0.97674	1.3121	487.62	0.038822	4.062e-05	0.064616	supercritical
714.0	475.75	321.98	0.0031057	731.21	878.96	2.3643	0.9769	1.3128	488.51	0.038347	4.0708e-05	0.064743	supercritical
714.0	479.0	323.81	0.0030882	730.87	878.8	2.3627	0.97707	1.3135	489.4	0.037876	4.0796e-05	0.064869	supercritical
714.0	482.25	325.63	0.003071	730.54	878.64	2.361	0.97723	1.3142	490.3	0.037407	4.0884e-05	0.064996	supercritical
714.0	485.5	327.45	0.0030539	730.21	878.48	2.3594	0.9774	1.3148	491.2	0.036942	4.0973e-05	0.065123	supercritical
714.0	488.75	329.26	0.0030372	729.88	878.32	2.3578	0.97756	1.3155	492.1	0.036479	4.1062e-05	0.06525	supercritical
714.0	492.0	331.06	0.0030206	729.55	878.17	2.3562	0.97773	1.3162	493.0	0.03602	4.1152e-05	0.065377	supercritical
714.0	495.25	332.86	0.0030043	729.23	878.02	2.3546	0.97789	1.3169	493.9	0.035564	4.1241e-05	0.065504	supercritical
714.0	498.5	334.65	0.0029882	728.9	877.86	2.3531	0.97805	1.3175	494.81	0.035111	4.1331e-05	0.065632	supercritical
714.0	501.75	336.43	0.0029724	728.58	877.71	2.3515	0.97821	1.3182	495.72	0.034661	4.1421e-05	0.065759	supercritical
714.0	505.0	338.21	0.0029567	728.25	877.57	2.3499	0.97837	1.3188	496.62	0.034214	4.1512e-05	0.065887	supercritical
714.0	508.25	339.98	0.0029413	727.93	877.42	2.3484	0.97853	1.3195	497.54	0.033771	4.1603e-05	0.066014	supercritical
714.0	511.5	341.75	0.0029261	727.61	877.28	2.3469	0.97869	1.3201	498.45	0.03333	4.1694e-05	0.066142	supercritical
714.0	514.75	343.51	0.0029111	727.29	877.14	2.3453	0.97885	1.3207	499.37	0.032892	4.1785e-05	0.066269	supercritical
714.0	518.0	345.27	0.0028963	726.97	876.99	2.3438	0.97901	1.3213	500.28	0.032458	4.1877e-05	0.066397	supercritical
714.0	521.25	347.02	0.0028817	726.65	876.86	2.3423	0.97917	1.322	501.2	0.032026	4.1968e-05	0.066524	supercritical
714.0	524.5	348.76	0.0028673	726.33	876.72	2.3408	0.97932	1.3226	502.12	0.031598	4.206e-05	0.066652	supercritical
714.0	527.75	350.5	0.0028531	726.01	876.58	2.3393	0.97948	1.3232	503.04	0.031172	4.2153e-05	0.06678	supercritical
714.0	531.0	352.23	0.002839	725.7	876.45	2.3378	0.97964	1.3238	503.97	0.030749	4.2245e-05	0.066908	supercritical
714.0	534.25	353.96	0.0028252	725.38	876.32	2.3363	0.97979	1.3244	504.89	0.03033	4.2338e-05	0.067035	supercritical
714.0	537.5	355.68	0.0028115	725.07	876.19	2.3349	0.97995	1.325	505.82	0.029913	4.2431e-05	0.067163	supercritical
714.0	540.75	357.39	0.002798	724.76	876.06	2.3334	0.9801	1.3255	506.75	0.0295	4.2525e-05	0.067291	supercritical
714.0	544.0	359.1	0.0027847	724.45	875.94	2.332	0.98026	1.3261	507.68	0.029089	4.2618e-05	0.067419	supercritical
714.0	547.25	360.81	0.0027716	724.14	875.81	2.3305	0.98041	1.3267	508.61	0.028682	4.2712e-05	0.067547	supercritical
714.0	550.5	362.5	0.0027586	723.83	875.69	2.3291	0.98056	1.3273	509.54	0.028277	4.2806e-05	0.067674	supercritical
714.0	553.75	364.19	0.0027458	723.52	875.57	2.3277	0.98072	1.3278	510.47	0.027875	4.29e-05	0.067802	supercritical
714.0	557.0	365.88	0.0027331	723.21	875.45	2.3263	0.98087	1.3284	511.41	0.027476	4.2995e-05	0.06793	supercritical
714.0	560.25	367.56	0.0027206	722.91	875.33	2.3249	0.98102	1.329	512.34	0.02708	4.309e-05	0.068057	supercritical
714.0	563.5	369.23	0.0027083	722.6	875.21	2.3235	0.98117	1.3295	513.28	0.026687	4.3185e-05	0.068185	supercritical
714.0	566.75	370.9	0.0026961	722.3	875.1	2.3221	0.98132	1.33	514.22	0.026296	4.328e-05	0.068313	supercritical
714.0	570.0	372.57	0.0026841	721.99	874.99	2.3207	0.98147	1.3306	515.16	0.025909	4.3375e-05	0.06844	supercritical
714.0	573.25	374.22	0.0026722	721.69	874.88	2.3193	0.98162	1.3311	516.1	0.025524	4.3471e-05	0.068568	supercritical
714.0	576.5	375.88	0.0026605	721.39	874.77	2.318	0.98177	1.3317	517.04	0.025142	4.3567e-05	0.068695	supercritical
714.0	579.75	377.52	0.0026489	721.09	874.66	2.3166	0.98192	1.3322	517.98	0.024763	4.3663e-05	0.068823	supercritical
714.0	583.0	379.16	0.0026374	720.79	874.55	2.3152	0.98207	1.3327	518.93	0.024387	4.3759e-05	0.06895	supercritical
714.0	586.25	380.8	0.0026261	720.49	874.45	2.3139	0.98222	1.3332	519.87	0.024013	4.3856e-05	0.069077	supercritical
714.0	589.5	382.43	0.0026149	720.2	874.34	2.3126	0.98236	1.3337	520.82	0.023642	4.3952e-05	0.069205	supercritical
714.0	592.75	384.05	0.0026038	719.9	874.24	2.3112	0.98251	1.3342	521.76	0.023274	4.4049e-05	0.069332	supercritical
714.0	596.0	385.67	0.0025929	719.61	874.14	2.3099	0.98266	1.3347	522.71	0.022909	4.4146e-05	0.069459	supercritical
714.0	599.25	387.28	0.0025821	719.31	874.04	2.3086	0.9828	1.3352	523.66	0.022546	4.4244e-05	0.069586	supercritical
714.0	602.5	388.89	0.0025714	719.02	873.95	2.3073	0.98295	1.3357	524.61	0.022186	4.4341e-05	0.069713	supercritical
714.0	605.75	390.49	0.0025609	718.73	873.85	2.306	0.98309	1.3362	525.56	0.021828	4.4439e-05	0.06984	supercritical
714.0	609.0	392.09	0.0025504	718.43	873.76	2.3047	0.98324	1.3367	526.51	0.021473	4.4537e-05	0.069966	supercritical
714.0	612.25	393.68	0.0025401	718.14	873.66	2.3034	0.98338	1.3372	527.46	0.021121	4.4635e-05	0.070093	supercritical
714.0	615.5	395.27	0.0025299	717.85	873.57	2.3021	0.98353	1.3377	528.41	0.020771	4.4733e-05	0.070219	supercritical
714.0	618.75	396.85	0.0025199	717.57	873.48	2.3008	0.98367	1.3382	529.36	0.020424	4.4831e-05	0.070346	supercritical
714.0	622.0	398.42	0.0025099	717.28	873.4	2.2996	0.98381	1.3386	530.32	0.020079	4.493e-05	0.070472	supercritical
714.0	625.25	399.99	0.0025001	716.99	873.31	2.2983	0.98395	1.3391	531.27	0.019737	4.5029e-05	0.070598	supercritical
714.0	628.5	401.55	0.0024903	716.71	873.22	2.2971	0.9841	1.3395	532.23	0.019398	4.5128e-05	0.070724	supercritical
714.0	631.75	403.11	0.0024807	716.42	873.14	2.2958	0.98424	1.34	533.18	0.019061	4.5227e-05	0.07085	supercritical
714.0	635.0	404.67	0.0024712	716.14	873.06	2.2946	0.98438	1.3405	534.14	0.018726	4.5326e-05	0.070976	supercritical
714.0	638.25	406.22	0.0024617	715.86	872.98	2.2933	0.98452	1.3409	535.09	0.018394	4.5426e-05	0.071102	supercritical
714.0	641.5	407.76	0.0024524	715.57	872.9	2.2921	0.98466	1.3414	536.05	0.018064	4.5526e-05	0.071228	supercritical
714.0	644.75	409.3	0.0024432	715.29	872.82	2.2909	0.9848	1.3418	537.01	0.017736	4.5625e-05	0.071353	supercritical
714.0	648.0	410.83	0.0024341	715.01	872.74	2.2897	0.98494	1.3422	537.97	0.017412	4.5725e-05	0.071478	supercritical
714.0	651.25	412.36	0.0024251	714.73	872.67	2.2885	0.98508	1.3427	538.93	0.017089	4.5826e-05	0.071604	supercritical
714.0	654.5	413.88	0.0024162	714.46	872.59	2.2872	0.98522	1.3431	539.88	0.016769	4.5926e-05	0.071729	supercritical
714.0	657.75	415.4	0.0024073	714.18	872.52	2.286	0.98536	1.3435	540.84	0.016451	4.6026e-05	0.071854	supercritical
714.0	661.0	416.91	0.0023986	713.9	872.45	2.2849	0.9855	1.3439	541.8	0.016135	4.6127e-05	0.071979	supercritical
714.0	664.25	418.42	0.00239	713.63	872.38	2.2837	0.98563	1.3444	542.76	0.015822	4.6228e-05	0.072103	supercritical
714.0	667.5	419.92	0.0023814	713.35	872.31	2.2825	0.98577	1.3448	543.72	0.01551	4.6329e-05	0.072228	supercritical
714.0	670.75	421.42	0.0023729	713.08	872.24	2.2813	0.98591	1.3452	544.68	0.015202	4.643e-05	0.072352	supercritical
714.0	674.0	422.91	0.0023646	712.81	872.18	2.2801	0.98605	1.3456	545.64	0.014895	4.6531e-05	0.072476	supercritical
714.0	677.25	424.4	0.0023563	712.53	872.11	2.279	0.98618	1.346	546.61	0.014591	4.6632e-05	0.0726	supercritical
714.0	680.5	425.88	0.0023481	712.26	872.05	2.2778	0.98632	1.3464	547.57	0.014288	4.6734e-05	0.072724	supercritical
714.0	683.75	427.36	0.00234	711.99	871.99	2.2767	0.98646	1.3468	548.53	0.013988	4.6836e-05	0.072848	supercritical
714.0	687.0	428.83	0.0023319	711.72	871.93	2.2755	0.98659	1.3472	549.49	0.01369	4.6938e-05	0.072972	supercritical
714.0	690.25	430.3	0.002324	711.46	871.87	2.2744	0.98673	1.3476	550.45	0.013395	4.7039e-05	0.073095	supercritical
714.0	693.5	431.76	0.0023161	711.19	871.81	2.2732	0.98686	1.348	551.42	0.013101	4.7142e-05	0.073218	supercritical
714.0	696.75	433.22	0.0023083	710.92	871.75	2.2721	0.987	1.3484	552.38	0.012809	4.7244e-05	0.073341	supercritical
714.0	700.0	434.67	0.0023006	710.66	871.7	2.271	0.98713	1.3487	553.34	0.01252	4.7346e-05	0.073464	supercritical
714.0	703.25	436.12	0.002293	710.39	871.64	2.2699	0.98726	1.3491	554.3	0.012232	4.7449e-05	0.073587	supercritical
714.0	706.5	437.56	0.0022854	710.13	871.59	2.2687	0.9874	1.3495	555.27	0.011947	4.7551e-05	0.07371	supercritical
714.0	709.75	439.0	0.0022779	709.86	871.54	2.2676	0.98753	1.3499	556.23	0.011664	4.7654e-05	0.073832	supercritical
714.0	713.0	440.43	0.0022705	709.6	871.49	2.2665	0.98766	1.3502	557.19	0.011382	4.7757e-05	0.073954	supercritical
714.0	716.25	441.86	0.0022632	709.34	871.44	2.2654	0.9878	1.3506	558.16	0.011103	4.786e-05	0.074077	supercritical
714.0	719.5	443.28	0.0022559	709.08	871.39	2.2643	0.98793	1.351	559.12	0.010825	4.7963e-05	0.074198	supercritical
714.0	722.75	444.7	0.0022487	708.82	871.34	2.2632	0.98806	1.3513	560.08	0.01055	4.8066e-05	0.07432	supercritical
714.0	726.0	446.12	0.0022416	708.56	871.3	2.2621	0.98819	1.3517	561.05	0.010276	4.817e-05	0.074442	supercritical
714.0	729.25	447.53	0.0022345	708.3	871.25	2.2611	0.98832	1.352	562.01	0.010005	4.8273e-05	0.074563	supercritical
714.0	732.5	448.93	0.0022275	708.05	871.21	2.26	0.98845	1.3524	562.98	0.0097348	4.8377e-05	0.074684	supercritical
714.0	735.75	450.33	0.0022206	707.79	871.17	2.2589	0.98858	1.3527	563.94	0.0094669	4.848e-05	0.074805	supercritical
714.0	739.0	451.73	0.0022137	707.53	871.13	2.2578	0.98872	1.3531	564.9	0.0092009	4.8584e-05	0.074926	supercritical
714.0	742.25	453.12	0.0022069	707.28	871.09	2.2568	0.98885	1.3534	565.87	0.0089367	4.8688e-05	0.075047	supercritical
714.0	745.5	454.51	0.0022002	707.03	871.05	2.2557	0.98898	1.3537	566.83	0.0086744	4.8792e-05	0.075167	supercritical
714.0	748.75	455.89	0.0021935	706.77	871.01	2.2547	0.98911	1.3541	567.79	0.0084138	4.8896e-05	0.075288	supercritical
714.0	752.0	457.27	0.0021869	706.52	870.98	2.2536	0.98923	1.3544	568.76	0.008155	4.9e-05	0.075408	supercritical
714.0	755.25	458.64	0.0021804	706.27	870.94	2.2526	0.98936	1.3547	569.72	0.007898	4.9105e-05	0.075528	supercritical
714.0	758.5	460.01	0.0021739	706.02	870.91	2.2515	0.98949	1.3551	570.68	0.0076428	4.9209e-05	0.075647	supercritical
714.0	761.75	461.38	0.0021674	705.77	870.87	2.2505	0.98962	1.3554	571.65	0.0073893	4.9314e-05	0.075767	supercritical
714.0	765.0	462.74	0.0021611	705.52	870.84	2.2495	0.98975	1.3557	572.61	0.0071376	4.9418e-05	0.075886	supercritical
714.0	768.25	464.09	0.0021548	705.27	870.81	2.2485	0.98988	1.356	573.57	0.0068875	4.9523e-05	0.076006	supercritical
714.0	771.5	465.44	0.0021485	705.02	870.78	2.2474	0.99001	1.3563	574.54	0.0066392	4.9628e-05	0.076125	supercritical
714.0	774.75	466.79	0.0021423	704.78	870.75	2.2464	0.99013	1.3566	575.5	0.0063925	4.9733e-05	0.076243	supercritical
714.0	778.0	468.13	0.0021362	704.53	870.72	2.2454	0.99026	1.357	576.46	0.0061475	4.9838e-05	0.076362	supercritical
714.0	781.25	469.47	0.0021301	704.29	870.7	2.2444	0.99039	1.3573	577.43	0.0059041	4.9943e-05	0.07648	supercritical
714.0	784.5	470.8	0.002124	704.04	870.67	2.2434	0.99051	1.3576	578.39	0.0056624	5.0048e-05	0.076599	supercritical
714.0	787.75	472.13	0.0021181	703.8	870.65	2.2424	0.99064	1.3579	579.35	0.0054223	5.0153e-05	0.076717	supercritical
714.0	791.0	473.46	0.0021121	703.55	870.62	2.2414	0.99077	1.3582	580.31	0.0051838	5.0259e-05	0.076834	supercritical
714.0	794.25	474.78	0.0021062	703.31	870.6	2.2404	0.99089	1.3585	581.27	0.0049469	5.0364e-05	0.076952	supercritical
714.0	797.5	476.09	0.0021004	703.07	870.58	2.2394	0.99102	1.3587	582.24	0.0047115	5.047e-05	0.077069	supercritical
714.0	800.75	477.41	0.0020947	702.83	870.56	2.2384	0.99114	1.359	583.2	0.0044778	5.0575e-05	0.077187	supercritical
714.0	804.0	478.71	0.0020889	702.59	870.54	2.2375	0.99127	1.3593	584.16	0.0042455	5.0681e-05	0.077304	supercritical
714.0	807.25	480.02	0.0020833	702.35	870.52	2.2365	0.99139	1.3596	585.12	0.0040148	5.0787e-05	0.077421	supercritical
714.0	810.5	481.32	0.0020776	702.11	870.5	2.2355	0.99152	1.3599	586.08	0.0037857	5.0892e-05	0.077537	supercritical
714.0	813.75	482.61	0.0020721	701.88	870.49	2.2345	0.99164	1.3602	587.04	0.003558	5.0998e-05	0.077654	supercritical
714.0	817.0	483.91	0.0020665	701.64	870.47	2.2336	0.99177	1.3604	588.0	0.0033318	5.1104e-05	0.07777	supercritical
714.0	820.25	485.19	0.002061	701.4	870.46	2.2326	0.99189	1.3607	588.96	0.0031072	5.121e-05	0.077886	supercritical
714.0	823.5	486.48	0.0020556	701.17	870.45	2.2317	0.99202	1.361	589.92	0.0028839	5.1317e-05	0.078002	supercritical
714.0	826.75	487.76	0.0020502	700.93	870.43	2.2307	0.99214	1.3613	590.88	0.0026622	5.1423e-05	0.078118	supercritical
714.0	830.0	489.03	0.0020449	700.7	870.42	2.2298	0.99226	1.3615	591.84	0.0024418	5.1529e-05	0.078233	supercritical
714.0	833.25	490.3	0.0020396	700.47	870.41	2.2288	0.99239	1.3618	592.8	0.002223	5.1635e-05	0.078349	supercritical
714.0	836.5	491.57	0.0020343	700.23	870.4	2.2279	0.99251	1.362	593.76	0.0020055	5.1742e-05	0.078464	supercritical
714.0	839.75	492.83	0.0020291	700.0	870.39	2.2269	0.99263	1.3623	594.72	0.0017894	5.1848e-05	0.078579	supercritical
714.0	843.0	494.09	0.0020239	699.77	870.39	2.226	0.99275	1.3626	595.67	0.0015747	5.1955e-05	0.078693	supercritical
714.0	846.25	495.35	0.0020188	699.54	870.38	2.2251	0.99288	1.3628	596.63	0.0013614	5.2061e-05	0.078808	supercritical
714.0	849.5	496.6	0.0020137	699.31	870.37	2.2242	0.993	1.3631	597.59	0.0011495	5.2168e-05	0.078922	supercritical
714.0	852.75	497.84	0.0020087	699.08	870.37	2.2232	0.99312	1.3633	598.55	0.00093893	5.2275e-05	0.079036	supercritical
714.0	856.0	499.09	0.0020037	698.85	870.37	2.2223	0.99324	1.3636	599.5	0.00072971	5.2382e-05	0.07915	supercritical
714.0	859.25	500.33	0.0019987	698.63	870.36	2.2214	0.99336	1.3638	600.46	0.00052182	5.2488e-05	0.079264	supercritical
714.0	862.5	501.56	0.0019938	698.4	870.36	2.2205	0.99349	1.364	601.42	0.00031526	5.2595e-05	0.079377	supercritical
714.0	865.75	502.79	0.0019889	698.17	870.36	2.2196	0.99361	1.3643	602.37	0.00011	5.2702e-05	0.079491	supercritical
714.0	869.0	504.02	0.001984	697.95	870.36	2.2187	0.99373	1.3645	603.33	-9.3949e-05	5.2809e-05	0.079604	supercritical
714.0	872.25	505.25	0.0019792	697.72	870.36	2.2178	0.99385	1.3648	604.28	-0.00029661	5.2916e-05	0.079717	supercritical
714.0	875.5	506.47	0.0019745	697.5	870.36	2.2169	0.99397	1.365	605.24	-0.00049799	5.3023e-05	0.07983	supercritical
714.0	878.75	507.68	0.0019697	697.28	870.37	2.216	0.99409	1.3652	606.19	-0.0006981	5.3131e-05	0.079942	supercritical
714.0	882.0	508.9	0.001965	697.05	870.37	2.2151	0.99421	1.3655	607.14	-0.00089695	5.3238e-05	0.080055	supercritical
714.0	885.25	510.11	0.0019604	696.83	870.37	2.2142	0.99433	1.3657	608.1	-0.0010946	5.3345e-05	0.080167	supercritical
714.0	888.5	511.31	0.0019558	696.61	870.38	2.2133	0.99445	1.3659	609.05	-0.0012909	5.3452e-05	0.080279	supercritical
714.0	891.75	512.51	0.0019512	696.39	870.39	2.2124	0.99457	1.3661	610.0	-0.0014861	5.356e-05	0.080391	supercritical
714.0	895.0	513.71	0.0019466	696.17	870.39	2.2116	0.99469	1.3663	610.95	-0.00168	5.3667e-05	0.080502	supercritical
714.0	898.25	514.9	0.0019421	695.95	870.4	2.2107	0.99481	1.3666	611.91	-0.0018727	5.3775e-05	0.080614	supercritical
714.0	901.5	516.09	0.0019376	695.73	870.41	2.2098	0.99493	1.3668	612.86	-0.0020642	5.3882e-05	0.080725	supercritical
714.0	904.75	517.28	0.0019332	695.51	870.42	2.209	0.99505	1.367	613.81	-0.0022545	5.399e-05	0.080836	supercritical
714.0	908.0	518.46	0.0019288	695.3	870.43	2.2081	0.99517	1.3672	614.76	-0.0024436	5.4097e-05	0.080947	supercritical
714.0	911.25	519.64	0.0019244	695.08	870.44	2.2072	0.99528	1.3674	615.71	-0.0026316	5.4205e-05	0.081057	supercritical
714.0	914.5	520.82	0.00192	694.86	870.45	2.2064	0.9954	1.3676	616.66	-0.0028184	5.4312e-05	0.081168	supercritical
714.0	917.75	521.99	0.0019157	694.65	870.47	2.2055	0.99552	1.3678	617.6	-0.0030041	5.442e-05	0.081278	supercritical
714.0	921.0	523.16	0.0019115	694.43	870.48	2.2047	0.99564	1.368	618.55	-0.0031886	5.4528e-05	0.081388	supercritical
714.0	924.25	524.33	0.0019072	694.22	870.49	2.2038	0.99576	1.3682	619.5	-0.003372	5.4636e-05	0.081498	supercritical
714.0	927.5	525.49	0.001903	694.01	870.51	2.203	0.99587	1.3684	620.45	-0.0035542	5.4743e-05	0.081608	supercritical
714.0	930.75	526.65	0.0018988	693.79	870.53	2.2021	0.99599	1.3686	621.4	-0.0037353	5.4851e-05	0.081717	supercritical
714.0	934.0	527.8	0.0018946	693.58	870.54	2.2013	0.99611	1.3688	622.34	-0.0039154	5.4959e-05	0.081827	supercritical
714.0	937.25	528.95	0.0018905	693.37	870.56	2.2005	0.99623	1.369	623.29	-0.0040943	5.5067e-05	0.081936	supercritical
714.0	940.5	530.1	0.0018864	693.16	870.58	2.1996	0.99634	1.3692	624.23	-0.0042721	5.5175e-05	0.082045	supercritical
714.0	943.75	531.25	0.0018824	692.95	870.6	2.1988	0.99646	1.3694	625.18	-0.0044489	5.5283e-05	0.082153	supercritical
714.0	947.0	532.39	0.0018783	692.74	870.62	2.198	0.99658	1.3696	626.12	-0.0046245	5.5391e-05	0.082262	supercritical
714.0	950.25	533.52	0.0018743	692.53	870.64	2.1971	0.99669	1.3698	627.07	-0.0047992	5.5499e-05	0.08237	supercritical
714.0	953.5	534.66	0.0018704	692.32	870.66	2.1963	0.99681	1.37	628.01	-0.0049727	5.5607e-05	0.082479	supercritical
714.0	956.75	535.79	0.0018664	692.12	870.68	2.1955	0.99693	1.3702	628.95	-0.0051452	5.5715e-05	0.082587	supercritical
714.0	960.0	536.92	0.0018625	691.91	870.71	2.1947	0.99704	1.3703	629.89	-0.0053167	5.5823e-05	0.082695	supercritical
714.0	963.25	538.04	0.0018586	691.7	870.73	2.1939	0.99716	1.3705	630.83	-0.0054871	5.5931e-05	0.082802	supercritical
714.0	966.5	539.16	0.0018547	691.5	870.76	2.1931	0.99727	1.3707	631.78	-0.0056565	5.6039e-05	0.08291	supercritical
714.0	969.75	540.28	0.0018509	691.29	870.78	2.1922	0.99739	1.3709	632.72	-0.0058248	5.6148e-05	0.083017	supercritical
714.0	973.0	541.39	0.0018471	691.09	870.81	2.1914	0.99751	1.3711	633.66	-0.0059922	5.6256e-05	0.083124	supercritical
714.0	976.25	542.5	0.0018433	690.88	870.83	2.1906	0.99762	1.3712	634.59	-0.0061585	5.6364e-05	0.083231	supercritical
714.0	979.5	543.61	0.0018395	690.68	870.86	2.1898	0.99774	1.3714	635.53	-0.0063239	5.6472e-05	0.083338	supercritical
714.0	982.75	544.72	0.0018358	690.48	870.89	2.189	0.99785	1.3716	636.47	-0.0064883	5.658e-05	0.083445	supercritical
714.0	986.0	545.82	0.0018321	690.27	870.92	2.1883	0.99797	1.3717	637.41	-0.0066517	5.6689e-05	0.083551	supercritical
714.0	989.25	546.92	0.0018284	690.07	870.95	2.1875	0.99808	1.3719	638.35	-0.0068141	5.6797e-05	0.083657	supercritical
714.0	992.5	548.01	0.0018248	689.87	870.98	2.1867	0.9982	1.3721	639.28	-0.0069755	5.6905e-05	0.083763	supercritical
714.0	995.75	549.1	0.0018212	689.67	871.01	2.1859	0.99831	1.3722	640.22	-0.007136	5.7014e-05	0.083869	supercritical
714.0	999.0	550.19	0.0018176	689.47	871.05	2.1851	0.99842	1.3724	641.15	-0.0072955	5.7122e-05	0.083975	supercritical
714.0	1002.2	551.28	0.001814	689.27	871.08	2.1843	0.99854	1.3726	642.09	-0.0074541	5.723e-05	0.084081	supercritical
714.0	1005.5	552.36	0.0018104	689.07	871.11	2.1835	0.99865	1.3727	643.02	-0.0076117	5.7339e-05	0.084186	supercritical
714.0	1008.8	553.44	0.0018069	688.88	871.15	2.1828	0.99877	1.3729	643.96	-0.0077684	5.7447e-05	0.084291	supercritical
714.0	1012.0	554.51	0.0018034	688.68	871.18	2.182	0.99888	1.373	644.89	-0.0079242	5.7556e-05	0.084396	supercritical
714.0	1015.2	555.58	0.0017999	688.48	871.22	2.1812	0.99899	1.3732	645.82	-0.008079	5.7664e-05	0.084501	supercritical
714.0	1018.5	556.65	0.0017964	688.28	871.25	2.1805	0.99911	1.3733	646.75	-0.008233	5.7772e-05	0.084606	supercritical
714.0	1021.8	557.72	0.001793	688.09	871.29	2.1797	0.99922	1.3735	647.68	-0.008386	5.7881e-05	0.08471	supercritical
714.0	1025.0	558.78	0.0017896	687.89	871.33	2.1789	0.99934	1.3736	648.61	-0.0085381	5.7989e-05	0.084815	supercritical
714.0	1028.2	559.84	0.0017862	687.7	871.37	2.1782	0.99945	1.3738	649.54	-0.0086894	5.8098e-05	0.084919	supercritical
714.0	1031.5	560.9	0.0017828	687.51	871.41	2.1774	0.99956	1.3739	650.47	-0.0088397	5.8206e-05	0.085023	supercritical
714.0	1034.8	561.96	0.0017795	687.31	871.45	2.1767	0.99967	1.3741	651.4	-0.0089892	5.8315e-05	0.085127	supercritical
714.0	1038.0	563.01	0.0017762	687.12	871.49	2.1759	0.99979	1.3742	652.33	-0.0091378	5.8423e-05	0.085231	supercritical
714.0	1041.2	564.06	0.0017729	686.93	871.53	2.1752	0.9999	1.3744	653.25	-0.0092855	5.8532e-05	0.085334	supercritical
714.0	1044.5	565.1	0.0017696	686.73	871.57	2.1744	1.0	1.3745	654.18	-0.0094324	5.864e-05	0.085438	supercritical
714.0	1047.8	566.14	0.0017663	686.54	871.61	2.1737	1.0001	1.3747	655.11	-0.0095784	5.8749e-05	0.085541	supercritical
714.0	1051.0	567.18	0.0017631	686.35	871.65	2.1729	1.0002	1.3748	656.03	-0.0097235	5.8857e-05	0.085644	supercritical
714.0	1054.2	568.22	0.0017599	686.16	871.7	2.1722	1.0003	1.3749	656.96	-0.0098678	5.8966e-05	0.085747	supercritical
714.0	1057.5	569.25	0.0017567	685.97	871.74	2.1714	1.0005	1.3751	657.88	-0.010011	5.9075e-05	0.08585	supercritical
714.0	1060.8	570.28	0.0017535	685.78	871.79	2.1707	1.0006	1.3752	658.8	-0.010154	5.9183e-05	0.085952	supercritical
714.0	1064.0	571.31	0.0017504	685.59	871.83	2.17	1.0007	1.3753	659.73	-0.010296	5.9292e-05	0.086055	supercritical
714.0	1067.2	572.34	0.0017472	685.41	871.88	2.1692	1.0008	1.3755	660.65	-0.010437	5.94e-05	0.086157	supercritical
714.0	1070.5	573.36	0.0017441	685.22	871.93	2.1685	1.0009	1.3756	661.57	-0.010577	5.9509e-05	0.086259	supercritical
714.0	1073.8	574.38	0.001741	685.03	871.97	2.1678	1.001	1.3757	662.49	-0.010716	5.9617e-05	0.086361	supercritical
714.0	1077.0	575.39	0.0017379	684.85	872.02	2.1671	1.0011	1.3759	663.41	-0.010855	5.9726e-05	0.086463	supercritical
714.0	1080.2	576.41	0.0017349	684.66	872.07	2.1663	1.0012	1.376	664.33	-0.010993	5.9834e-05	0.086565	supercritical
714.0	1083.5	577.42	0.0017318	684.47	872.12	2.1656	1.0014	1.3761	665.25	-0.01113	5.9943e-05	0.086666	supercritical
714.0	1086.8	578.43	0.0017288	684.29	872.17	2.1649	1.0015	1.3763	666.16	-0.011266	6.0052e-05	0.086768	supercritical
714.0	1090.0	579.43	0.0017258	684.11	872.22	2.1642	1.0016	1.3764	667.08	-0.011401	6.016e-05	0.086869	supercritical
714.0	1093.2	580.43	0.0017229	683.92	872.27	2.1635	1.0017	1.3765	668.0	-0.011536	6.0269e-05	0.08697	supercritical
714.0	1096.5	581.43	0.0017199	683.74	872.32	2.1628	1.0018	1.3766	668.91	-0.01167	6.0377e-05	0.087071	supercritical
714.0	1099.8	582.43	0.0017169	683.56	872.38	2.1621	1.0019	1.3767	669.83	-0.011803	6.0486e-05	0.087172	supercritical
714.0	1103.0	583.42	0.001714	683.37	872.43	2.1614	1.002	1.3769	670.74	-0.011935	6.0594e-05	0.087272	supercritical
714.0	1106.2	584.41	0.0017111	683.19	872.48	2.1606	1.0021	1.377	671.65	-0.012067	6.0703e-05	0.087373	supercritical
714.0	1109.5	585.4	0.0017082	683.01	872.54	2.1599	1.0022	1.3771	672.57	-0.012197	6.0811e-05	0.087473	supercritical
714.0	1112.8	586.39	0.0017054	682.83	872.59	2.1592	1.0024	1.3772	673.48	-0.012328	6.092e-05	0.087573	supercritical
714.0	1116.0	587.37	0.0017025	682.65	872.65	2.1585	1.0025	1.3773	674.39	-0.012457	6.1029e-05	0.087673	supercritical
714.0	1119.2	588.35	0.0016997	682.47	872.7	2.1579	1.0026	1.3775	675.3	-0.012586	6.1137e-05	0.087773	supercritical
714.0	1122.5	589.33	0.0016968	682.29	872.76	2.1572	1.0027	1.3776	676.21	-0.012713	6.1246e-05	0.087873	supercritical
714.0	1125.8	590.31	0.001694	682.11	872.82	2.1565	1.0028	1.3777	677.12	-0.012841	6.1354e-05	0.087973	supercritical
714.0	1129.0	591.28	0.0016913	681.93	872.88	2.1558	1.0029	1.3778	678.03	-0.012967	6.1463e-05	0.088072	supercritical
714.0	1132.2	592.25	0.0016885	681.76	872.93	2.1551	1.003	1.3779	678.94	-0.013093	6.1571e-05	0.088171	supercritical
714.0	1135.5	593.21	0.0016857	681.58	872.99	2.1544	1.0031	1.378	679.84	-0.013218	6.168e-05	0.088271	supercritical
714.0	1138.8	594.18	0.001683	681.4	873.05	2.1537	1.0032	1.3781	680.75	-0.013342	6.1788e-05	0.08837	supercritical
714.0	1142.0	595.14	0.0016803	681.23	873.11	2.153	1.0033	1.3782	681.66	-0.013466	6.1897e-05	0.088469	supercritical
714.0	1145.2	596.1	0.0016776	681.05	873.17	2.1524	1.0034	1.3783	682.56	-0.013589	6.2005e-05	0.088567	supercritical
714.0	1148.5	597.06	0.0016749	680.87	873.23	2.1517	1.0036	1.3784	683.47	-0.013711	6.2114e-05	0.088666	supercritical
714.0	1151.8	598.01	0.0016722	680.7	873.3	2.151	1.0037	1.3785	684.37	-0.013832	6.2222e-05	0.088765	supercritical
714.0	1155.0	598.96	0.0016695	680.53	873.36	2.1503	1.0038	1.3786	685.27	-0.013953	6.2331e-05	0.088863	supercritical
714.0	1158.2	599.91	0.0016669	680.35	873.42	2.1497	1.0039	1.3787	686.17	-0.014074	6.2439e-05	0.088961	supercritical
714.0	1161.5	600.86	0.0016643	680.18	873.48	2.149	1.004	1.3789	687.08	-0.014193	6.2547e-05	0.089059	supercritical
714.0	1164.8	601.8	0.0016617	680.01	873.55	2.1483	1.0041	1.379	687.98	-0.014312	6.2656e-05	0.089157	supercritical
714.0	1168.0	602.75	0.0016591	679.83	873.61	2.1477	1.0042	1.3791	688.88	-0.01443	6.2764e-05	0.089255	supercritical
714.0	1171.2	603.69	0.0016565	679.66	873.68	2.147	1.0043	1.3792	689.78	-0.014548	6.2873e-05	0.089353	supercritical
714.0	1174.5	604.62	0.0016539	679.49	873.74	2.1463	1.0044	1.3792	690.67	-0.014665	6.2981e-05	0.089451	supercritical
714.0	1177.8	605.56	0.0016514	679.32	873.81	2.1457	1.0045	1.3793	691.57	-0.014781	6.3089e-05	0.089548	supercritical
714.0	1181.0	606.49	0.0016488	679.15	873.88	2.145	1.0046	1.3794	692.47	-0.014897	6.3198e-05	0.089645	supercritical
714.0	1184.2	607.42	0.0016463	678.98	873.94	2.1444	1.0048	1.3795	693.37	-0.015012	6.3306e-05	0.089743	supercritical
714.0	1187.5	608.34	0.0016438	678.81	874.01	2.1437	1.0049	1.3796	694.26	-0.015126	6.3414e-05	0.08984	supercritical
714.0	1190.8	609.27	0.0016413	678.64	874.08	2.1431	1.005	1.3797	695.16	-0.01524	6.3523e-05	0.089937	supercritical
714.0	1194.0	610.19	0.0016388	678.47	874.15	2.1424	1.0051	1.3798	696.05	-0.015353	6.3631e-05	0.090034	supercritical
714.0	1197.2	611.11	0.0016364	678.3	874.22	2.1418	1.0052	1.3799	696.94	-0.015465	6.3739e-05	0.09013	supercritical
714.0	1200.5	612.03	0.0016339	678.14	874.29	2.1411	1.0053	1.38	697.84	-0.015577	6.3848e-05	0.090227	supercritical
714.0	1203.8	612.94	0.0016315	677.97	874.36	2.1405	1.0054	1.3801	698.73	-0.015689	6.3956e-05	0.090324	supercritical
714.0	1207.0	613.86	0.001629	677.8	874.43	2.1398	1.0055	1.3802	699.62	-0.015799	6.4064e-05	0.09042	supercritical
714.0	1210.2	614.77	0.0016266	677.63	874.5	2.1392	1.0056	1.3803	700.51	-0.015909	6.4172e-05	0.090516	supercritical
714.0	1213.5	615.67	0.0016242	677.47	874.57	2.1385	1.0057	1.3804	701.4	-0.016019	6.4281e-05	0.090612	supercritical
714.0	1216.8	616.58	0.0016219	677.3	874.64	2.1379	1.0058	1.3804	702.29	-0.016128	6.4389e-05	0.090708	supercritical
714.0	1220.0	617.48	0.0016195	677.14	874.71	2.1373	1.0059	1.3805	703.18	-0.016236	6.4497e-05	0.090804	supercritical
714.0	1223.2	618.38	0.0016171	676.97	874.79	2.1366	1.006	1.3806	704.06	-0.016344	6.4605e-05	0.0909	supercritical
714.0	1226.5	619.28	0.0016148	676.81	874.86	2.136	1.0062	1.3807	704.95	-0.016451	6.4713e-05	0.090996	supercritical
714.0	1229.8	620.18	0.0016124	676.65	874.93	2.1354	1.0063	1.3808	705.84	-0.016558	6.4822e-05	0.091091	supercritical
714.0	1233.0	621.07	0.0016101	676.48	875.01	2.1347	1.0064	1.3809	706.72	-0.016664	6.493e-05	0.091187	supercritical
714.0	1236.2	621.96	0.0016078	676.32	875.08	2.1341	1.0065	1.381	707.61	-0.016769	6.5038e-05	0.091282	supercritical
714.0	1239.5	622.85	0.0016055	676.16	875.16	2.1335	1.0066	1.381	708.49	-0.016874	6.5146e-05	0.091377	supercritical
714.0	1242.8	623.74	0.0016032	675.99	875.24	2.1329	1.0067	1.3811	709.37	-0.016978	6.5254e-05	0.091472	supercritical
714.0	1246.0	624.63	0.001601	675.83	875.31	2.1322	1.0068	1.3812	710.26	-0.017082	6.5362e-05	0.091567	supercritical
714.0	1249.2	625.51	0.0015987	675.67	875.39	2.1316	1.0069	1.3813	711.14	-0.017185	6.547e-05	0.091662	supercritical
714.0	1252.5	626.39	0.0015965	675.51	875.47	2.131	1.007	1.3814	712.02	-0.017288	6.5578e-05	0.091757	supercritical
714.0	1255.8	627.27	0.0015942	675.35	875.54	2.1304	1.0071	1.3814	712.9	-0.01739	6.5686e-05	0.091852	supercritical
714.0	1259.0	628.14	0.001592	675.19	875.62	2.1298	1.0072	1.3815	713.78	-0.017491	6.5794e-05	0.091946	supercritical
714.0	1262.2	629.02	0.0015898	675.03	875.7	2.1292	1.0073	1.3816	714.66	-0.017592	6.5902e-05	0.092041	supercritical
714.0	1265.5	629.89	0.0015876	674.87	875.78	2.1285	1.0074	1.3817	715.53	-0.017693	6.601e-05	0.092135	supercritical
714.0	1268.8	630.76	0.0015854	674.71	875.86	2.1279	1.0075	1.3817	716.41	-0.017793	6.6118e-05	0.09223	supercritical
714.0	1272.0	631.63	0.0015832	674.56	875.94	2.1273	1.0076	1.3818	717.29	-0.017892	6.6226e-05	0.092324	supercritical
714.0	1275.2	632.49	0.0015811	674.4	876.02	2.1267	1.0078	1.3819	718.16	-0.017991	6.6333e-05	0.092418	supercritical
714.0	1278.5	633.35	0.0015789	674.24	876.1	2.1261	1.0079	1.382	719.04	-0.01809	6.6441e-05	0.092512	supercritical
714.0	1281.8	634.21	0.0015768	674.08	876.18	2.1255	1.008	1.382	719.91	-0.018188	6.6549e-05	0.092606	supercritical
714.0	1285.0	635.07	0.0015746	673.93	876.27	2.1249	1.0081	1.3821	720.79	-0.018285	6.6657e-05	0.092699	supercritical
714.0	1288.2	635.93	0.0015725	673.77	876.35	2.1243	1.0082	1.3822	721.66	-0.018382	6.6765e-05	0.092793	supercritical
714.0	1291.5	636.78	0.0015704	673.62	876.43	2.1237	1.0083	1.3822	722.53	-0.018478	6.6872e-05	0.092886	supercritical
714.0	1294.8	637.64	0.0015683	673.46	876.51	2.1231	1.0084	1.3823	723.4	-0.018574	6.698e-05	0.09298	supercritical
714.0	1298.0	638.49	0.0015662	673.3	876.6	2.1225	1.0085	1.3824	724.27	-0.01867	6.7088e-05	0.093073	supercritical
714.0	1301.2	639.34	0.0015641	673.15	876.68	2.1219	1.0086	1.3825	725.14	-0.018764	6.7196e-05	0.093167	supercritical
714.0	1304.5	640.18	0.0015621	673.0	876.77	2.1213	1.0087	1.3825	726.01	-0.018859	6.7303e-05	0.09326	supercritical
714.0	1307.8	641.03	0.00156	672.84	876.85	2.1207	1.0088	1.3826	726.88	-0.018953	6.7411e-05	0.093353	supercritical
714.0	1311.0	641.87	0.001558	672.69	876.94	2.1201	1.0089	1.3827	727.75	-0.019046	6.7518e-05	0.093446	supercritical
714.0	1314.2	642.71	0.0015559	672.54	877.02	2.1195	1.009	1.3827	728.62	-0.019139	6.7626e-05	0.093539	supercritical
714.0	1317.5	643.55	0.0015539	672.38	877.11	2.119	1.0091	1.3828	729.48	-0.019232	6.7734e-05	0.093631	supercritical
714.0	1320.8	644.38	0.0015519	672.23	877.2	2.1184	1.0092	1.3829	730.35	-0.019324	6.7841e-05	0.093724	supercritical
714.0	1324.0	645.22	0.0015499	672.08	877.28	2.1178	1.0093	1.3829	731.21	-0.019415	6.7949e-05	0.093817	supercritical
714.0	1327.2	646.05	0.0015479	671.93	877.37	2.1172	1.0094	1.383	732.08	-0.019506	6.8056e-05	0.093909	supercritical
714.0	1330.5	646.88	0.0015459	671.78	877.46	2.1166	1.0095	1.383	732.94	-0.019597	6.8164e-05	0.094002	supercritical
714.0	1333.8	647.7	0.0015439	671.63	877.55	2.116	1.0096	1.3831	733.8	-0.019687	6.8271e-05	0.094094	supercritical
714.0	1337.0	648.53	0.0015419	671.48	877.63	2.1155	1.0098	1.3832	734.66	-0.019777	6.8378e-05	0.094186	supercritical
714.0	1340.2	649.35	0.00154	671.33	877.72	2.1149	1.0099	1.3832	735.52	-0.019866	6.8486e-05	0.094278	supercritical
714.0	1343.5	650.18	0.001538	671.18	877.81	2.1143	1.01	1.3833	736.39	-0.019955	6.8593e-05	0.094371	supercritical
714.0	1346.8	651.0	0.0015361	671.03	877.9	2.1137	1.0101	1.3834	737.25	-0.020043	6.8701e-05	0.094462	supercritical
714.0	1350.0	651.81	0.0015342	670.88	877.99	2.1132	1.0102	1.3834	738.1	-0.020131	6.8808e-05	0.094554	supercritical
714.0	1353.2	652.63	0.0015323	670.73	878.08	2.1126	1.0103	1.3835	738.96	-0.020218	6.8915e-05	0.094646	supercritical
714.0	1356.5	653.44	0.0015304	670.58	878.18	2.112	1.0104	1.3835	739.82	-0.020306	6.9022e-05	0.094738	supercritical
714.0	1359.8	654.26	0.0015285	670.44	878.27	2.1115	1.0105	1.3836	740.68	-0.020392	6.913e-05	0.09483	supercritical
714.0	1363.0	655.07	0.0015266	670.29	878.36	2.1109	1.0106	1.3836	741.53	-0.020478	6.9237e-05	0.094921	supercritical
714.0	1366.2	655.87	0.0015247	670.14	878.45	2.1103	1.0107	1.3837	742.39	-0.020564	6.9344e-05	0.095013	supercritical
714.0	1369.5	656.68	0.0015228	669.99	878.54	2.1098	1.0108	1.3838	743.24	-0.020649	6.9451e-05	0.095104	supercritical
714.0	1372.8	657.49	0.0015209	669.85	878.64	2.1092	1.0109	1.3838	744.1	-0.020734	6.9558e-05	0.095195	supercritical
714.0	1376.0	658.29	0.0015191	669.7	878.73	2.1086	1.011	1.3839	744.95	-0.020819	6.9665e-05	0.095287	supercritical
714.0	1379.2	659.09	0.0015172	669.56	878.82	2.1081	1.0111	1.3839	745.8	-0.020903	6.9772e-05	0.095378	supercritical
714.0	1382.5	659.89	0.0015154	669.41	878.92	2.1075	1.0112	1.384	746.65	-0.020986	6.988e-05	0.095469	supercritical
714.0	1385.8	660.68	0.0015136	669.27	879.01	2.107	1.0113	1.384	747.5	-0.02107	6.9987e-05	0.09556	supercritical
714.0	1389.0	661.48	0.0015118	669.12	879.11	2.1064	1.0114	1.3841	748.36	-0.021152	7.0094e-05	0.095651	supercritical
714.0	1392.2	662.27	0.00151	668.98	879.2	2.1059	1.0115	1.3841	749.2	-0.021235	7.02e-05	0.095742	supercritical
714.0	1395.5	663.06	0.0015081	668.84	879.3	2.1053	1.0116	1.3842	750.05	-0.021317	7.0307e-05	0.095832	supercritical
714.0	1398.8	663.85	0.0015064	668.69	879.39	2.1048	1.0117	1.3842	750.9	-0.021398	7.0414e-05	0.095923	supercritical
714.0	1402.0	664.64	0.0015046	668.55	879.49	2.1042	1.0118	1.3843	751.75	-0.02148	7.0521e-05	0.096014	supercritical
714.0	1405.2	665.43	0.0015028	668.41	879.59	2.1037	1.0119	1.3844	752.6	-0.02156	7.0628e-05	0.096104	supercritical
714.0	1408.5	666.21	0.001501	668.27	879.69	2.1031	1.012	1.3844	753.44	-0.021641	7.0735e-05	0.096195	supercritical
714.0	1411.8	666.99	0.0014993	668.12	879.78	2.1026	1.0121	1.3845	754.29	-0.021721	7.0842e-05	0.096285	supercritical
714.0	1415.0	667.77	0.0014975	667.98	879.88	2.102	1.0123	1.3845	755.13	-0.0218	7.0948e-05	0.096375	supercritical
714.0	1418.2	668.55	0.0014958	667.84	879.98	2.1015	1.0124	1.3846	755.98	-0.02188	7.1055e-05	0.096466	supercritical
714.0	1421.5	669.33	0.001494	667.7	880.08	2.1009	1.0125	1.3846	756.82	-0.021958	7.1162e-05	0.096556	supercritical
714.0	1424.8	670.1	0.0014923	667.56	880.18	2.1004	1.0126	1.3846	757.66	-0.022037	7.1268e-05	0.096646	supercritical
714.0	1428.0	670.88	0.0014906	667.42	880.28	2.0999	1.0127	1.3847	758.5	-0.022115	7.1375e-05	0.096736	supercritical
714.0	1431.2	671.65	0.0014889	667.28	880.38	2.0993	1.0128	1.3847	759.34	-0.022193	7.1482e-05	0.096826	supercritical
714.0	1434.5	672.42	0.0014872	667.14	880.48	2.0988	1.0129	1.3848	760.18	-0.02227	7.1588e-05	0.096916	supercritical
714.0	1437.8	673.19	0.0014855	667.0	880.58	2.0982	1.013	1.3848	761.02	-0.022347	7.1695e-05	0.097006	supercritical
714.0	1441.0	673.95	0.0014838	666.86	880.68	2.0977	1.0131	1.3849	761.86	-0.022424	7.1801e-05	0.097096	supercritical
714.0	1444.2	674.72	0.0014821	666.73	880.78	2.0972	1.0132	1.3849	762.7	-0.0225	7.1908e-05	0.097185	supercritical
714.0	1447.5	675.48	0.0014804	666.59	880.88	2.0966	1.0133	1.385	763.54	-0.022576	7.2014e-05	0.097275	supercritical
714.0	1450.8	676.24	0.0014788	666.45	880.98	2.0961	1.0134	1.385	764.37	-0.022651	7.2121e-05	0.097364	supercritical
714.0	1454.0	677.0	0.0014771	666.31	881.08	2.0956	1.0135	1.3851	765.21	-0.022727	7.2227e-05	0.097454	supercritical
714.0	1457.2	677.76	0.0014755	666.18	881.19	2.0951	1.0136	1.3851	766.05	-0.022801	7.2334e-05	0.097543	supercritical
714.0	1460.5	678.52	0.0014738	666.04	881.29	2.0945	1.0137	1.3852	766.88	-0.022876	7.244e-05	0.097633	supercritical
714.0	1463.8	679.27	0.0014722	665.9	881.39	2.094	1.0138	1.3852	767.71	-0.02295	7.2546e-05	0.097722	supercritical
714.0	1467.0	680.02	0.0014705	665.77	881.5	2.0935	1.0139	1.3852	768.55	-0.023024	7.2652e-05	0.097811	supercritical
714.0	1470.2	680.77	0.0014689	665.63	881.6	2.093	1.014	1.3853	769.38	-0.023097	7.2759e-05	0.0979	supercritical
714.0	1473.5	681.52	0.0014673	665.5	881.7	2.0924	1.0141	1.3853	770.21	-0.02317	7.2865e-05	0.09799	supercritical
714.0	1476.8	682.27	0.0014657	665.36	881.81	2.0919	1.0142	1.3854	771.04	-0.023243	7.2971e-05	0.098079	supercritical
714.0	1480.0	683.02	0.0014641	665.23	881.91	2.0914	1.0143	1.3854	771.87	-0.023315	7.3077e-05	0.098168	supercritical
714.0	1483.2	683.76	0.0014625	665.09	882.02	2.0909	1.0144	1.3854	772.7	-0.023387	7.3183e-05	0.098257	supercritical
714.0	1486.5	684.5	0.0014609	664.96	882.12	2.0904	1.0145	1.3855	773.53	-0.023459	7.3289e-05	0.098346	supercritical
714.0	1489.8	685.24	0.0014593	664.82	882.23	2.0898	1.0146	1.3855	774.36	-0.02353	7.3396e-05	0.098434	supercritical
714.0	1493.0	685.98	0.0014578	664.69	882.34	2.0893	1.0147	1.3856	775.19	-0.023601	7.3502e-05	0.098523	supercritical
714.0	1496.2	686.72	0.0014562	664.56	882.44	2.0888	1.0148	1.3856	776.01	-0.023672	7.3608e-05	0.098612	supercritical
714.0	1499.5	687.46	0.0014546	664.43	882.55	2.0883	1.0149	1.3856	776.84	-0.023742	7.3713e-05	0.0987	supercritical
714.0	1502.8	688.19	0.0014531	664.29	882.66	2.0878	1.015	1.3857	777.66	-0.023812	7.3819e-05	0.098789	supercritical
714.0	1506.0	688.92	0.0014515	664.16	882.76	2.0873	1.0151	1.3857	778.49	-0.023882	7.3925e-05	0.098878	supercritical
714.0	1509.2	689.66	0.00145	664.03	882.87	2.0868	1.0152	1.3858	779.31	-0.023951	7.4031e-05	0.098966	supercritical
714.0	1512.5	690.38	0.0014485	663.9	882.98	2.0863	1.0153	1.3858	780.14	-0.02402	7.4137e-05	0.099055	supercritical
714.0	1515.8	691.11	0.0014469	663.77	883.09	2.0857	1.0154	1.3858	780.96	-0.024089	7.4243e-05	0.099143	supercritical
714.0	1519.0	691.84	0.0014454	663.64	883.2	2.0852	1.0155	1.3859	781.78	-0.024157	7.4349e-05	0.099231	supercritical
714.0	1522.2	692.56	0.0014439	663.51	883.3	2.0847	1.0156	1.3859	782.6	-0.024225	7.4454e-05	0.09932	supercritical
714.0	1525.5	693.29	0.0014424	663.38	883.41	2.0842	1.0157	1.3859	783.42	-0.024293	7.456e-05	0.099408	supercritical
714.0	1528.8	694.01	0.0014409	663.25	883.52	2.0837	1.0158	1.386	784.24	-0.024361	7.4666e-05	0.099496	supercritical
714.0	1532.0	694.73	0.0014394	663.12	883.63	2.0832	1.0159	1.386	785.06	-0.024428	7.4771e-05	0.099584	supercritical
714.0	1535.2	695.45	0.0014379	662.99	883.74	2.0827	1.016	1.3861	785.88	-0.024495	7.4877e-05	0.099672	supercritical
714.0	1538.5	696.17	0.0014364	662.86	883.85	2.0822	1.0161	1.3861	786.7	-0.024561	7.4982e-05	0.09976	supercritical
714.0	1541.8	696.88	0.001435	662.73	883.96	2.0817	1.0162	1.3861	787.51	-0.024627	7.5088e-05	0.099848	supercritical
714.0	1545.0	697.59	0.0014335	662.6	884.08	2.0812	1.0164	1.3862	788.33	-0.024693	7.5194e-05	0.099936	supercritical
714.0	1548.2	698.31	0.001432	662.47	884.19	2.0807	1.0165	1.3862	789.15	-0.024759	7.5299e-05	0.10002	supercritical
714.0	1551.5	699.02	0.0014306	662.34	884.3	2.0802	1.0166	1.3862	789.96	-0.024824	7.5404e-05	0.10011	supercritical
714.0	1554.8	699.73	0.0014291	662.22	884.41	2.0797	1.0167	1.3863	790.77	-0.024889	7.551e-05	0.1002	supercritical
714.0	1558.0	700.44	0.0014277	662.09	884.52	2.0793	1.0168	1.3863	791.59	-0.024954	7.5615e-05	0.10029	supercritical
714.0	1561.2	701.14	0.0014262	661.96	884.64	2.0788	1.0169	1.3863	792.4	-0.025018	7.5721e-05	0.10037	supercritical
714.0	1564.5	701.85	0.0014248	661.84	884.75	2.0783	1.017	1.3864	793.21	-0.025082	7.5826e-05	0.10046	supercritical
714.0	1567.8	702.55	0.0014234	661.71	884.86	2.0778	1.0171	1.3864	794.02	-0.025146	7.5931e-05	0.10055	supercritical
714.0	1571.0	703.25	0.001422	661.58	884.98	2.0773	1.0172	1.3864	794.83	-0.02521	7.6036e-05	0.10064	supercritical
714.0	1574.2	703.95	0.0014206	661.46	885.09	2.0768	1.0173	1.3865	795.64	-0.025273	7.6142e-05	0.10072	supercritical
714.0	1577.5	704.65	0.0014191	661.33	885.2	2.0763	1.0174	1.3865	796.45	-0.025336	7.6247e-05	0.10081	supercritical
714.0	1580.8	705.35	0.0014177	661.21	885.32	2.0758	1.0175	1.3865	797.26	-0.025399	7.6352e-05	0.1009	supercritical
714.0	1584.0	706.05	0.0014163	661.08	885.43	2.0753	1.0176	1.3865	798.07	-0.025461	7.6457e-05	0.10099	supercritical
714.0	1587.2	706.74	0.0014149	660.96	885.55	2.0749	1.0177	1.3866	798.88	-0.025523	7.6562e-05	0.10107	supercritical
714.0	1590.5	707.43	0.0014136	660.83	885.66	2.0744	1.0178	1.3866	799.68	-0.025585	7.6667e-05	0.10116	supercritical
714.0	1593.8	708.12	0.0014122	660.71	885.78	2.0739	1.0179	1.3866	800.49	-0.025647	7.6772e-05	0.10125	supercritical
714.0	1597.0	708.81	0.0014108	660.59	885.89	2.0734	1.018	1.3867	801.29	-0.025708	7.6877e-05	0.10134	supercritical
714.0	1600.2	709.5	0.0014094	660.46	886.01	2.0729	1.0181	1.3867	802.1	-0.025769	7.6982e-05	0.10142	supercritical
714.0	1603.5	710.19	0.0014081	660.34	886.13	2.0725	1.0182	1.3867	802.9	-0.02583	7.7087e-05	0.10151	supercritical
714.0	1606.8	710.88	0.0014067	660.22	886.24	2.072	1.0183	1.3868	803.7	-0.02589	7.7192e-05	0.1016	supercritical
714.0	1610.0	711.56	0.0014054	660.1	886.36	2.0715	1.0184	1.3868	804.51	-0.02595	7.7297e-05	0.10168	supercritical
714.0	1613.2	712.24	0.001404	659.97	886.48	2.071	1.0185	1.3868	805.31	-0.02601	7.7402e-05	0.10177	supercritical
714.0	1616.5	712.93	0.0014027	659.85	886.59	2.0706	1.0186	1.3868	806.11	-0.02607	7.7506e-05	0.10186	supercritical
714.0	1619.8	713.61	0.0014013	659.73	886.71	2.0701	1.0187	1.3869	806.91	-0.026129	7.7611e-05	0.10195	supercritical
714.0	1623.0	714.29	0.0014	659.61	886.83	2.0696	1.0188	1.3869	807.71	-0.026188	7.7716e-05	0.10203	supercritical
714.0	1626.2	714.96	0.0013987	659.49	886.95	2.0691	1.0189	1.3869	808.51	-0.026247	7.782e-05	0.10212	supercritical
714.0	1629.5	715.64	0.0013974	659.37	887.07	2.0687	1.019	1.3869	809.31	-0.026305	7.7925e-05	0.10221	supercritical
714.0	1632.8	716.31	0.001396	659.25	887.18	2.0682	1.0191	1.387	810.1	-0.026364	7.803e-05	0.10229	supercritical
714.0	1636.0	716.99	0.0013947	659.13	887.3	2.0677	1.0192	1.387	810.9	-0.026422	7.8134e-05	0.10238	supercritical
714.0	1639.2	717.66	0.0013934	659.01	887.42	2.0673	1.0193	1.387	811.69	-0.02648	7.8239e-05	0.10247	supercritical
714.0	1642.5	718.33	0.0013921	658.89	887.54	2.0668	1.0194	1.387	812.49	-0.026537	7.8343e-05	0.10255	supercritical
714.0	1645.8	719.0	0.0013908	658.77	887.66	2.0663	1.0195	1.3871	813.28	-0.026594	7.8448e-05	0.10264	supercritical
714.0	1649.0	719.67	0.0013895	658.65	887.78	2.0659	1.0196	1.3871	814.08	-0.026651	7.8552e-05	0.10273	supercritical
714.0	1652.2	720.33	0.0013882	658.53	887.9	2.0654	1.0197	1.3871	814.87	-0.026708	7.8657e-05	0.10281	supercritical
714.0	1655.5	721.0	0.001387	658.41	888.02	2.0649	1.0198	1.3872	815.66	-0.026765	7.8761e-05	0.1029	supercritical
714.0	1658.8	721.66	0.0013857	658.29	888.14	2.0645	1.0199	1.3872	816.46	-0.026821	7.8865e-05	0.10299	supercritical
714.0	1662.0	722.32	0.0013844	658.17	888.26	2.064	1.02	1.3872	817.25	-0.026877	7.897e-05	0.10307	supercritical
714.0	1665.2	722.99	0.0013832	658.06	888.39	2.0636	1.0201	1.3872	818.04	-0.026933	7.9074e-05	0.10316	supercritical
714.0	1668.5	723.65	0.0013819	657.94	888.51	2.0631	1.0202	1.3873	818.83	-0.026988	7.9178e-05	0.10324	supercritical
714.0	1671.8	724.3	0.0013806	657.82	888.63	2.0626	1.0203	1.3873	819.62	-0.027043	7.9282e-05	0.10333	supercritical
714.0	1675.0	724.96	0.0013794	657.7	888.75	2.0622	1.0204	1.3873	820.4	-0.027098	7.9387e-05	0.10342	supercritical
714.0	1678.2	725.62	0.0013781	657.59	888.87	2.0617	1.0205	1.3873	821.19	-0.027153	7.9491e-05	0.1035	supercritical
714.0	1681.5	726.27	0.0013769	657.47	889.0	2.0613	1.0206	1.3873	821.98	-0.027208	7.9595e-05	0.10359	supercritical
714.0	1684.8	726.92	0.0013757	657.35	889.12	2.0608	1.0207	1.3874	822.76	-0.027262	7.9699e-05	0.10368	supercritical
714.0	1688.0	727.58	0.0013744	657.24	889.24	2.0604	1.0208	1.3874	823.55	-0.027316	7.9803e-05	0.10376	supercritical
714.0	1691.2	728.23	0.0013732	657.12	889.36	2.0599	1.0209	1.3874	824.33	-0.02737	7.9907e-05	0.10385	supercritical
714.0	1694.5	728.88	0.001372	657.01	889.49	2.0595	1.021	1.3874	825.12	-0.027423	8.0011e-05	0.10393	supercritical
714.0	1697.8	729.52	0.0013708	656.89	889.61	2.059	1.0211	1.3875	825.9	-0.027477	8.0115e-05	0.10402	supercritical
714.0	1701.0	730.17	0.0013695	656.78	889.74	2.0586	1.0212	1.3875	826.68	-0.02753	8.0219e-05	0.10411	supercritical
714.0	1704.2	730.82	0.0013683	656.66	889.86	2.0581	1.0213	1.3875	827.47	-0.027582	8.0322e-05	0.10419	supercritical
714.0	1707.5	731.46	0.0013671	656.55	889.98	2.0577	1.0214	1.3875	828.25	-0.027635	8.0426e-05	0.10428	supercritical
714.0	1710.8	732.1	0.0013659	656.43	890.11	2.0572	1.0215	1.3875	829.03	-0.027687	8.053e-05	0.10436	supercritical
714.0	1714.0	732.75	0.0013647	656.32	890.23	2.0568	1.0216	1.3876	829.81	-0.02774	8.0634e-05	0.10445	supercritical
714.0	1717.2	733.39	0.0013635	656.21	890.36	2.0563	1.0217	1.3876	830.59	-0.027791	8.0738e-05	0.10454	supercritical
714.0	1720.5	734.03	0.0013624	656.09	890.49	2.0559	1.0218	1.3876	831.36	-0.027843	8.0841e-05	0.10462	supercritical
714.0	1723.8	734.66	0.0013612	655.98	890.61	2.0554	1.0219	1.3876	832.14	-0.027895	8.0945e-05	0.10471	supercritical
714.0	1727.0	735.3	0.00136	655.87	890.74	2.055	1.022	1.3877	832.92	-0.027946	8.1049e-05	0.10479	supercritical
714.0	1730.2	735.94	0.0013588	655.75	890.86	2.0545	1.0221	1.3877	833.7	-0.027997	8.1152e-05	0.10488	supercritical
714.0	1733.5	736.57	0.0013576	655.64	890.99	2.0541	1.0222	1.3877	834.47	-0.028048	8.1256e-05	0.10497	supercritical
714.0	1736.8	737.2	0.0013565	655.53	891.12	2.0537	1.0223	1.3877	835.25	-0.028098	8.1359e-05	0.10505	supercritical
714.0	1740.0	737.83	0.0013553	655.42	891.24	2.0532	1.0224	1.3877	836.02	-0.028149	8.1463e-05	0.10514	supercritical
714.0	1743.2	738.46	0.0013542	655.31	891.37	2.0528	1.0225	1.3878	836.79	-0.028199	8.1566e-05	0.10522	supercritical
714.0	1746.5	739.09	0.001353	655.19	891.5	2.0524	1.0226	1.3878	837.57	-0.028249	8.167e-05	0.10531	supercritical
714.0	1749.8	739.72	0.0013519	655.08	891.62	2.0519	1.0227	1.3878	838.34	-0.028298	8.1773e-05	0.10539	supercritical
714.0	1753.0	740.35	0.0013507	654.97	891.75	2.0515	1.0228	1.3878	839.11	-0.028348	8.1876e-05	0.10548	supercritical
714.0	1756.2	740.98	0.0013496	654.86	891.88	2.051	1.0229	1.3878	839.88	-0.028397	8.198e-05	0.10557	supercritical
714.0	1759.5	741.6	0.0013484	654.75	892.01	2.0506	1.023	1.3879	840.65	-0.028446	8.2083e-05	0.10565	supercritical
714.0	1762.8	742.22	0.0013473	654.64	892.14	2.0502	1.0231	1.3879	841.42	-0.028495	8.2186e-05	0.10574	supercritical
714.0	1766.0	742.85	0.0013462	654.53	892.27	2.0497	1.0232	1.3879	842.19	-0.028543	8.2289e-05	0.10582	supercritical
714.0	1769.2	743.47	0.0013451	654.42	892.39	2.0493	1.0233	1.3879	842.96	-0.028592	8.2393e-05	0.10591	supercritical
714.0	1772.5	744.09	0.0013439	654.31	892.52	2.0489	1.0234	1.3879	843.72	-0.02864	8.2496e-05	0.10599	supercritical
714.0	1775.8	744.7	0.0013428	654.2	892.65	2.0484	1.0235	1.388	844.49	-0.028688	8.2599e-05	0.10608	supercritical
714.0	1779.0	745.32	0.0013417	654.09	892.78	2.048	1.0236	1.388	845.26	-0.028736	8.2702e-05	0.10616	supercritical
714.0	1782.2	745.94	0.0013406	653.98	892.91	2.0476	1.0237	1.388	846.02	-0.028783	8.2805e-05	0.10625	supercritical
714.0	1785.5	746.55	0.0013395	653.88	893.04	2.0472	1.0238	1.388	846.79	-0.02883	8.2908e-05	0.10634	supercritical
714.0	1788.8	747.17	0.0013384	653.77	893.17	2.0467	1.0239	1.388	847.55	-0.028878	8.3011e-05	0.10642	supercritical
714.0	1792.0	747.78	0.0013373	653.66	893.3	2.0463	1.024	1.388	848.31	-0.028924	8.3114e-05	0.10651	supercritical
714.0	1795.2	748.39	0.0013362	653.55	893.43	2.0459	1.0241	1.3881	849.08	-0.028971	8.3217e-05	0.10659	supercritical
714.0	1798.5	749.0	0.0013351	653.44	893.56	2.0455	1.0241	1.3881	849.84	-0.029018	8.332e-05	0.10668	supercritical
714.0	1801.8	749.61	0.001334	653.34	893.7	2.045	1.0242	1.3881	850.6	-0.029064	8.3423e-05	0.10676	supercritical
714.0	1805.0	750.22	0.0013329	653.23	893.83	2.0446	1.0243	1.3881	851.36	-0.02911	8.3525e-05	0.10685	supercritical
714.0	1808.2	750.83	0.0013319	653.12	893.96	2.0442	1.0244	1.3881	852.12	-0.029156	8.3628e-05	0.10693	supercritical
714.0	1811.5	751.43	0.0013308	653.02	894.09	2.0438	1.0245	1.3882	852.88	-0.029202	8.3731e-05	0.10702	supercritical
714.0	1814.8	752.04	0.0013297	652.91	894.22	2.0433	1.0246	1.3882	853.63	-0.029247	8.3834e-05	0.1071	supercritical
714.0	1818.0	752.64	0.0013287	652.8	894.35	2.0429	1.0247	1.3882	854.39	-0.029292	8.3936e-05	0.10719	supercritical
714.0	1821.2	753.24	0.0013276	652.7	894.49	2.0425	1.0248	1.3882	855.15	-0.029338	8.4039e-05	0.10727	supercritical
714.0	1824.5	753.84	0.0013265	652.59	894.62	2.0421	1.0249	1.3882	855.91	-0.029382	8.4142e-05	0.10736	supercritical
714.0	1827.8	754.45	0.0013255	652.49	894.75	2.0417	1.025	1.3882	856.66	-0.029427	8.4244e-05	0.10745	supercritical
714.0	1831.0	755.04	0.0013244	652.38	894.88	2.0413	1.0251	1.3883	857.42	-0.029472	8.4347e-05	0.10753	supercritical
714.0	1834.2	755.64	0.0013234	652.28	895.02	2.0408	1.0252	1.3883	858.17	-0.029516	8.4449e-05	0.10762	supercritical
714.0	1837.5	756.24	0.0013223	652.17	895.15	2.0404	1.0253	1.3883	858.92	-0.02956	8.4552e-05	0.1077	supercritical
714.0	1840.8	756.84	0.0013213	652.07	895.28	2.04	1.0254	1.3883	859.68	-0.029604	8.4654e-05	0.10779	supercritical
714.0	1844.0	757.43	0.0013203	651.96	895.42	2.0396	1.0255	1.3883	860.43	-0.029648	8.4757e-05	0.10787	supercritical
714.0	1847.2	758.02	0.0013192	651.86	895.55	2.0392	1.0256	1.3883	861.18	-0.029691	8.4859e-05	0.10796	supercritical
714.0	1850.5	758.62	0.0013182	651.75	895.68	2.0388	1.0257	1.3884	861.93	-0.029735	8.4961e-05	0.10804	supercritical
714.0	1853.8	759.21	0.0013172	651.65	895.82	2.0384	1.0258	1.3884	862.68	-0.029778	8.5064e-05	0.10813	supercritical
714.0	1857.0	759.8	0.0013161	651.55	895.95	2.0379	1.0259	1.3884	863.43	-0.029821	8.5166e-05	0.10821	supercritical
714.0	1860.2	760.39	0.0013151	651.44	896.09	2.0375	1.026	1.3884	864.18	-0.029864	8.5268e-05	0.1083	supercritical
714.0	1863.5	760.98	0.0013141	651.34	896.22	2.0371	1.0261	1.3884	864.93	-0.029906	8.537e-05	0.10838	supercritical
714.0	1866.8	761.56	0.0013131	651.24	896.36	2.0367	1.0262	1.3884	865.67	-0.029949	8.5473e-05	0.10847	supercritical
714.0	1870.0	762.15	0.0013121	651.14	896.49	2.0363	1.0263	1.3885	866.42	-0.029991	8.5575e-05	0.10855	supercritical
714.0	1873.2	762.74	0.0013111	651.03	896.63	2.0359	1.0264	1.3885	867.16	-0.030033	8.5677e-05	0.10864	supercritical
714.0	1876.5	763.32	0.0013101	650.93	896.76	2.0355	1.0265	1.3885	867.91	-0.030075	8.5779e-05	0.10872	supercritical
714.0	1879.8	763.9	0.0013091	650.83	896.9	2.0351	1.0266	1.3885	868.65	-0.030117	8.5881e-05	0.10881	supercritical
714.0	1883.0	764.48	0.0013081	650.73	897.04	2.0347	1.0267	1.3885	869.4	-0.030158	8.5983e-05	0.10889	supercritical
714.0	1886.2	765.07	0.0013071	650.63	897.17	2.0343	1.0268	1.3885	870.14	-0.0302	8.6085e-05	0.10898	supercritical
714.0	1889.5	765.65	0.0013061	650.52	897.31	2.0339	1.0269	1.3885	870.88	-0.030241	8.6187e-05	0.10906	supercritical
714.0	1892.8	766.22	0.0013051	650.42	897.45	2.0335	1.027	1.3886	871.63	-0.030282	8.6289e-05	0.10915	supercritical
714.0	1896.0	766.8	0.0013041	650.32	897.58	2.0331	1.0271	1.3886	872.37	-0.030323	8.6391e-05	0.10923	supercritical
714.0	1899.2	767.38	0.0013031	650.22	897.72	2.0327	1.0272	1.3886	873.11	-0.030363	8.6493e-05	0.10932	supercritical
714.0	1902.5	767.96	0.0013022	650.12	897.86	2.0323	1.0273	1.3886	873.85	-0.030404	8.6595e-05	0.1094	supercritical
714.0	1905.8	768.53	0.0013012	650.02	897.99	2.0319	1.0274	1.3886	874.58	-0.030444	8.6696e-05	0.10949	supercritical
714.0	1909.0	769.1	0.0013002	649.92	898.13	2.0315	1.0275	1.3886	875.32	-0.030484	8.6798e-05	0.10957	supercritical
714.0	1912.2	769.68	0.0012992	649.82	898.27	2.0311	1.0276	1.3887	876.06	-0.030524	8.69e-05	0.10966	supercritical
714.0	1915.5	770.25	0.0012983	649.72	898.41	2.0307	1.0277	1.3887	876.8	-0.030564	8.7002e-05	0.10974	supercritical
714.0	1918.8	770.82	0.0012973	649.62	898.54	2.0303	1.0278	1.3887	877.53	-0.030604	8.7103e-05	0.10983	supercritical
714.0	1922.0	771.39	0.0012964	649.52	898.68	2.0299	1.0279	1.3887	878.27	-0.030643	8.7205e-05	0.10991	supercritical
714.0	1925.2	771.96	0.0012954	649.42	898.82	2.0295	1.028	1.3887	879.0	-0.030682	8.7307e-05	0.11	supercritical
714.0	1928.5	772.53	0.0012945	649.32	898.96	2.0291	1.0281	1.3887	879.74	-0.030721	8.7408e-05	0.11008	supercritical
714.0	1931.8	773.09	0.0012935	649.23	899.1	2.0287	1.0282	1.3887	880.47	-0.03076	8.751e-05	0.11017	supercritical
714.0	1935.0	773.66	0.0012926	649.13	899.24	2.0283	1.0283	1.3888	881.2	-0.030799	8.7611e-05	0.11025	supercritical
714.0	1938.2	774.22	0.0012916	649.03	899.38	2.0279	1.0284	1.3888	881.94	-0.030838	8.7713e-05	0.11034	supercritical
714.0	1941.5	774.79	0.0012907	648.93	899.52	2.0275	1.0285	1.3888	882.67	-0.030876	8.7814e-05	0.11042	supercritical
714.0	1944.8	775.35	0.0012897	648.83	899.66	2.0271	1.0286	1.3888	883.4	-0.030914	8.7915e-05	0.11051	supercritical
714.0	1948.0	775.91	0.0012888	648.74	899.79	2.0267	1.0286	1.3888	884.13	-0.030952	8.8017e-05	0.11059	supercritical
714.0	1951.2	776.47	0.0012879	648.64	899.93	2.0263	1.0287	1.3888	884.86	-0.03099	8.8118e-05	0.11068	supercritical
714.0	1954.5	777.03	0.0012869	648.54	900.07	2.0259	1.0288	1.3888	885.59	-0.031028	8.822e-05	0.11076	supercritical
714.0	1957.8	777.59	0.001286	648.44	900.21	2.0256	1.0289	1.3889	886.32	-0.031066	8.8321e-05	0.11085	supercritical
714.0	1961.0	778.15	0.0012851	648.35	900.36	2.0252	1.029	1.3889	887.04	-0.031103	8.8422e-05	0.11093	supercritical
714.0	1964.2	778.71	0.0012842	648.25	900.5	2.0248	1.0291	1.3889	887.77	-0.03114	8.8523e-05	0.11102	supercritical
714.0	1967.5	779.26	0.0012833	648.15	900.64	2.0244	1.0292	1.3889	888.5	-0.031178	8.8625e-05	0.1111	supercritical
714.0	1970.8	779.82	0.0012824	648.06	900.78	2.024	1.0293	1.3889	889.22	-0.031215	8.8726e-05	0.11119	supercritical
714.0	1974.0	780.37	0.0012814	647.96	900.92	2.0236	1.0294	1.3889	889.95	-0.031251	8.8827e-05	0.11127	supercritical
714.0	1977.2	780.92	0.0012805	647.87	901.06	2.0232	1.0295	1.3889	890.67	-0.031288	8.8928e-05	0.11136	supercritical
714.0	1980.5	781.48	0.0012796	647.77	901.2	2.0228	1.0296	1.389	891.39	-0.031324	8.9029e-05	0.11144	supercritical
714.0	1983.8	782.03	0.0012787	647.67	901.34	2.0225	1.0297	1.389	892.12	-0.031361	8.913e-05	0.11153	supercritical
714.0	1987.0	782.58	0.0012778	647.58	901.48	2.0221	1.0298	1.389	892.84	-0.031397	8.9231e-05	0.11161	supercritical
714.0	1990.2	783.13	0.0012769	647.48	901.63	2.0217	1.0299	1.389	893.56	-0.031433	8.9332e-05	0.1117	supercritical
714.0	1993.5	783.68	0.001276	647.39	901.77	2.0213	1.03	1.389	894.28	-0.031469	8.9433e-05	0.11178	supercritical
714.0	1996.8	784.22	0.0012751	647.29	901.91	2.0209	1.0301	1.389	895.0	-0.031505	8.9534e-05	0.11186	supercritical
714.0	2000.0	784.77	0.0012743	647.2	902.05	2.0206	1.0302	1.389	895.72	-0.03154	8.9635e-05	0.11195	supercritical
