Temperature (K)	Pressure (bar)	Density (kg/m3)	Volume (m3/kg)	Internal Energy (kJ/kg)	Enthalpy (kJ/kg)	Entropy (J/g*K)	Cv (J/g*K)	Cp (J/g*K)	Sound Spd. (m/s)	Joule-Thomson (K/bar)	Viscosity (Pa*s)	Therm. Cond. (W/m*K)	Phase
790.0	56.5	37.639	0.026568	857.2	1007.3	2.9491	0.97957	1.1862	427.81	0.087719	3.5113e-05	0.057171	vapor
790.0	59.75	39.789	0.025133	856.81	1007.0	2.9381	0.97977	1.1874	428.18	0.08717	3.5145e-05	0.057248	vapor
790.0	63.0	41.936	0.023846	856.41	1006.6	2.9276	0.97997	1.1886	428.55	0.086623	3.5176e-05	0.057325	vapor
790.0	66.25	44.081	0.022685	856.01	1006.3	2.9176	0.98017	1.1897	428.93	0.086079	3.5208e-05	0.057401	vapor
790.0	69.5	46.224	0.021634	855.62	1006.0	2.9081	0.98037	1.1909	429.31	0.085537	3.524e-05	0.057476	vapor
790.0	72.75	48.365	0.020676	855.23	1005.6	2.8989	0.98057	1.1921	429.69	0.084997	3.5272e-05	0.05755	vapor
790.0	76.0	50.504	0.0198	854.83	1005.3	2.8902	0.98077	1.1933	430.08	0.084459	3.5305e-05	0.057624	vapor
790.0	76.0	50.504	0.0198	854.83	1005.3	2.8902	0.98077	1.1933	430.08	0.084459	3.5305e-05	0.057624	supercritical
790.0	76.0	50.504	0.0198	854.83	1005.3	2.8902	0.98077	1.1933	430.08	0.084459	3.5305e-05	0.057624	supercritical
790.0	79.25	52.641	0.018997	854.44	1005.0	2.8818	0.98097	1.1945	430.47	0.083923	3.5337e-05	0.057697	supercritical
790.0	82.5	54.775	0.018256	854.05	1004.7	2.8737	0.98117	1.1956	430.87	0.083389	3.537e-05	0.05777	supercritical
790.0	85.75	56.908	0.017572	853.66	1004.3	2.866	0.98136	1.1968	431.27	0.082857	3.5403e-05	0.057843	supercritical
790.0	89.0	59.037	0.016938	853.27	1004.0	2.8585	0.98156	1.198	431.67	0.082327	3.5437e-05	0.057914	supercritical
790.0	92.25	61.165	0.016349	852.88	1003.7	2.8512	0.98176	1.1991	432.08	0.081798	3.5471e-05	0.057986	supercritical
790.0	95.5	63.29	0.0158	852.49	1003.4	2.8442	0.98195	1.2003	432.49	0.081272	3.5505e-05	0.058057	supercritical
790.0	98.75	65.413	0.015288	852.1	1003.1	2.8374	0.98215	1.2015	432.91	0.080746	3.5539e-05	0.058128	supercritical
790.0	102.0	67.533	0.014808	851.71	1002.8	2.8308	0.98235	1.2026	433.33	0.080223	3.5573e-05	0.058198	supercritical
790.0	105.25	69.651	0.014357	851.33	1002.4	2.8244	0.98254	1.2038	433.75	0.079701	3.5608e-05	0.058268	supercritical
790.0	108.5	71.766	0.013934	850.94	1002.1	2.8182	0.98273	1.2049	434.18	0.07918	3.5643e-05	0.058338	supercritical
790.0	111.75	73.878	0.013536	850.56	1001.8	2.8122	0.98293	1.2061	434.61	0.078661	3.5679e-05	0.058407	supercritical
790.0	115.0	75.988	0.01316	850.17	1001.5	2.8063	0.98312	1.2072	435.04	0.078143	3.5714e-05	0.058477	supercritical
790.0	118.25	78.095	0.012805	849.79	1001.2	2.8006	0.98331	1.2083	435.48	0.077626	3.575e-05	0.058546	supercritical
790.0	121.5	80.2	0.012469	849.4	1000.9	2.795	0.98351	1.2095	435.92	0.07711	3.5786e-05	0.058615	supercritical
790.0	124.75	82.302	0.01215	849.02	1000.6	2.7895	0.9837	1.2106	436.36	0.076596	3.5823e-05	0.058684	supercritical
790.0	128.0	84.401	0.011848	848.64	1000.3	2.7842	0.98389	1.2117	436.81	0.076083	3.586e-05	0.058753	supercritical
790.0	131.25	86.497	0.011561	848.26	1000.0	2.779	0.98408	1.2128	437.26	0.075571	3.5897e-05	0.058822	supercritical
790.0	134.5	88.591	0.011288	847.88	999.7	2.7739	0.98427	1.2139	437.72	0.07506	3.5934e-05	0.05889	supercritical
790.0	137.75	90.681	0.011028	847.5	999.41	2.769	0.98446	1.2151	438.18	0.074551	3.5972e-05	0.058959	supercritical
790.0	141.0	92.769	0.010779	847.12	999.11	2.7641	0.98465	1.2162	438.64	0.074042	3.601e-05	0.059028	supercritical
790.0	144.25	94.854	0.010543	846.75	998.82	2.7594	0.98484	1.2173	439.11	0.073534	3.6048e-05	0.059096	supercritical
790.0	147.5	96.936	0.010316	846.37	998.53	2.7547	0.98503	1.2184	439.58	0.073027	3.6086e-05	0.059165	supercritical
790.0	150.75	99.015	0.0101	845.99	998.24	2.7501	0.98522	1.2195	440.06	0.072521	3.6125e-05	0.059234	supercritical
790.0	154.0	101.09	0.0098921	845.62	997.96	2.7457	0.9854	1.2205	440.53	0.072016	3.6164e-05	0.059303	supercritical
790.0	157.25	103.16	0.0096934	845.24	997.67	2.7413	0.98559	1.2216	441.02	0.071512	3.6204e-05	0.059372	supercritical
790.0	160.5	105.23	0.0095028	844.87	997.39	2.737	0.98578	1.2227	441.5	0.071009	3.6243e-05	0.059441	supercritical
790.0	163.75	107.3	0.0093197	844.5	997.11	2.7327	0.98596	1.2238	441.99	0.070506	3.6283e-05	0.05951	supercritical
790.0	167.0	109.36	0.0091439	844.12	996.83	2.7286	0.98615	1.2249	442.49	0.070005	3.6324e-05	0.059579	supercritical
790.0	170.25	111.42	0.0089748	843.75	996.55	2.7245	0.98633	1.2259	442.98	0.069504	3.6365e-05	0.059649	supercritical
790.0	173.5	113.48	0.0088122	843.38	996.27	2.7205	0.98651	1.227	443.48	0.069004	3.6405e-05	0.059719	supercritical
790.0	176.75	115.53	0.0086555	843.01	996.0	2.7166	0.9867	1.228	443.99	0.068505	3.6447e-05	0.059789	supercritical
790.0	180.0	117.58	0.0085046	842.64	995.73	2.7127	0.98688	1.2291	444.49	0.068007	3.6488e-05	0.059859	supercritical
790.0	183.25	119.63	0.0083591	842.28	995.46	2.7089	0.98706	1.2301	445.01	0.067509	3.653e-05	0.059929	supercritical
790.0	186.5	121.67	0.0082187	841.91	995.19	2.7051	0.98724	1.2312	445.52	0.067012	3.6573e-05	0.06	supercritical
790.0	189.75	123.71	0.0080831	841.54	994.92	2.7014	0.98743	1.2322	446.04	0.066516	3.6615e-05	0.060071	supercritical
790.0	193.0	125.75	0.0079522	841.18	994.65	2.6978	0.98761	1.2333	446.56	0.066021	3.6658e-05	0.060142	supercritical
790.0	196.25	127.78	0.0078257	840.81	994.39	2.6942	0.98779	1.2343	447.09	0.065526	3.6701e-05	0.060214	supercritical
790.0	199.5	129.81	0.0077033	840.45	994.13	2.6907	0.98797	1.2353	447.62	0.065032	3.6745e-05	0.060286	supercritical
790.0	202.75	131.84	0.0075849	840.09	993.87	2.6872	0.98815	1.2363	448.15	0.064539	3.6789e-05	0.060358	supercritical
790.0	206.0	133.86	0.0074703	839.72	993.61	2.6838	0.98832	1.2374	448.69	0.064046	3.6833e-05	0.06043	supercritical
790.0	209.25	135.88	0.0073593	839.36	993.35	2.6804	0.9885	1.2384	449.23	0.063555	3.6877e-05	0.060503	supercritical
790.0	212.5	137.9	0.0072517	839.0	993.1	2.6771	0.98868	1.2394	449.78	0.063064	3.6922e-05	0.060576	supercritical
790.0	215.75	139.91	0.0071474	838.64	992.85	2.6738	0.98886	1.2404	450.32	0.062574	3.6968e-05	0.06065	supercritical
790.0	219.0	141.92	0.0070463	838.28	992.59	2.6706	0.98903	1.2414	450.88	0.062084	3.7013e-05	0.060724	supercritical
790.0	222.25	143.92	0.0069481	837.92	992.34	2.6674	0.98921	1.2423	451.43	0.061596	3.7059e-05	0.060798	supercritical
790.0	225.5	145.93	0.0068528	837.57	992.1	2.6642	0.98938	1.2433	451.99	0.061108	3.7105e-05	0.060873	supercritical
790.0	228.75	147.92	0.0067603	837.21	991.85	2.6611	0.98956	1.2443	452.56	0.060621	3.7152e-05	0.060948	supercritical
790.0	232.0	149.92	0.0066704	836.85	991.61	2.658	0.98973	1.2453	453.12	0.060135	3.7198e-05	0.061023	supercritical
790.0	235.25	151.91	0.006583	836.5	991.36	2.655	0.98991	1.2462	453.69	0.059649	3.7246e-05	0.061099	supercritical
790.0	238.5	153.89	0.0064981	836.14	991.12	2.652	0.99008	1.2472	454.27	0.059164	3.7293e-05	0.061175	supercritical
790.0	241.75	155.87	0.0064155	835.79	990.88	2.6491	0.99025	1.2482	454.84	0.058681	3.7341e-05	0.061252	supercritical
790.0	245.0	157.85	0.0063351	835.44	990.65	2.6461	0.99042	1.2491	455.43	0.058198	3.7389e-05	0.061329	supercritical
790.0	248.25	159.83	0.0062568	835.09	990.41	2.6433	0.9906	1.2501	456.01	0.057715	3.7438e-05	0.061407	supercritical
790.0	251.5	161.8	0.0061806	834.74	990.18	2.6404	0.99077	1.251	456.6	0.057234	3.7487e-05	0.061485	supercritical
790.0	254.75	163.76	0.0061064	834.39	989.95	2.6376	0.99094	1.2519	457.19	0.056754	3.7536e-05	0.061563	supercritical
790.0	258.0	165.72	0.0060341	834.04	989.72	2.6348	0.99111	1.2529	457.79	0.056274	3.7585e-05	0.061642	supercritical
790.0	261.25	167.68	0.0059636	833.69	989.49	2.632	0.99128	1.2538	458.39	0.055796	3.7635e-05	0.061721	supercritical
790.0	264.5	169.64	0.0058949	833.34	989.26	2.6293	0.99145	1.2547	458.99	0.055318	3.7685e-05	0.061801	supercritical
790.0	267.75	171.59	0.0058279	832.99	989.04	2.6266	0.99161	1.2556	459.6	0.054842	3.7736e-05	0.061881	supercritical
790.0	271.0	173.53	0.0057626	832.65	988.81	2.6239	0.99178	1.2565	460.21	0.054366	3.7787e-05	0.061962	supercritical
790.0	274.25	175.48	0.0056988	832.3	988.59	2.6213	0.99195	1.2574	460.82	0.053891	3.7838e-05	0.062043	supercritical
790.0	277.5	177.41	0.0056365	831.96	988.37	2.6187	0.99212	1.2583	461.44	0.053417	3.789e-05	0.062124	supercritical
790.0	280.75	179.35	0.0055758	831.62	988.16	2.6161	0.99228	1.2592	462.06	0.052945	3.7941e-05	0.062206	supercritical
790.0	284.0	181.28	0.0055164	831.27	987.94	2.6136	0.99245	1.2601	462.69	0.052473	3.7994e-05	0.062288	supercritical
790.0	287.25	183.2	0.0054584	830.93	987.73	2.611	0.99261	1.261	463.31	0.052003	3.8046e-05	0.062371	supercritical
790.0	290.5	185.12	0.0054018	830.59	987.51	2.6085	0.99278	1.2619	463.95	0.051533	3.8099e-05	0.062455	supercritical
790.0	293.75	187.04	0.0053464	830.25	987.3	2.6061	0.99294	1.2627	464.58	0.051065	3.8152e-05	0.062538	supercritical
790.0	297.0	188.95	0.0052923	829.91	987.1	2.6036	0.99311	1.2636	465.22	0.050598	3.8206e-05	0.062623	supercritical
790.0	300.25	190.86	0.0052394	829.58	986.89	2.6012	0.99327	1.2644	465.86	0.050132	3.826e-05	0.062707	supercritical
790.0	303.5	192.77	0.0051876	829.24	986.68	2.5988	0.99343	1.2653	466.51	0.049667	3.8314e-05	0.062793	supercritical
790.0	306.75	194.67	0.005137	828.9	986.48	2.5964	0.99359	1.2661	467.16	0.049203	3.8369e-05	0.062878	supercritical
790.0	310.0	196.56	0.0050875	828.57	986.28	2.594	0.99376	1.267	467.81	0.048741	3.8423e-05	0.062964	supercritical
790.0	313.25	198.45	0.005039	828.23	986.08	2.5917	0.99392	1.2678	468.47	0.04828	3.8479e-05	0.063051	supercritical
790.0	316.5	200.34	0.0049915	827.9	985.88	2.5894	0.99408	1.2687	469.12	0.04782	3.8534e-05	0.063138	supercritical
790.0	319.75	202.22	0.004945	827.57	985.68	2.5871	0.99424	1.2695	469.79	0.047361	3.859e-05	0.063225	supercritical
790.0	323.0	204.1	0.0048995	827.23	985.49	2.5848	0.9944	1.2703	470.45	0.046904	3.8646e-05	0.063313	supercritical
790.0	326.25	205.97	0.004855	826.9	985.3	2.5826	0.99456	1.2711	471.12	0.046448	3.8703e-05	0.063401	supercritical
790.0	329.5	207.84	0.0048113	826.57	985.11	2.5803	0.99472	1.2719	471.79	0.045994	3.876e-05	0.06349	supercritical
790.0	332.75	209.71	0.0047685	826.24	984.92	2.5781	0.99487	1.2727	472.47	0.04554	3.8817e-05	0.063579	supercritical
790.0	336.0	211.57	0.0047266	825.92	984.73	2.5759	0.99503	1.2735	473.15	0.045088	3.8875e-05	0.063669	supercritical
790.0	339.25	213.42	0.0046855	825.59	984.54	2.5738	0.99519	1.2743	473.83	0.044638	3.8932e-05	0.063759	supercritical
790.0	342.5	215.28	0.0046452	825.26	984.36	2.5716	0.99535	1.2751	474.52	0.044189	3.8991e-05	0.06385	supercritical
790.0	345.75	217.12	0.0046057	824.93	984.18	2.5695	0.9955	1.2759	475.21	0.043742	3.9049e-05	0.06394	supercritical
790.0	349.0	218.96	0.0045669	824.61	984.0	2.5674	0.99566	1.2766	475.9	0.043296	3.9108e-05	0.064032	supercritical
790.0	352.25	220.8	0.0045289	824.29	983.82	2.5653	0.99581	1.2774	476.59	0.042851	3.9167e-05	0.064124	supercritical
790.0	355.5	222.64	0.0044916	823.96	983.64	2.5632	0.99597	1.2782	477.29	0.042408	3.9227e-05	0.064216	supercritical
790.0	358.75	224.46	0.0044551	823.64	983.47	2.5611	0.99612	1.2789	477.99	0.041967	3.9286e-05	0.064308	supercritical
790.0	362.0	226.29	0.0044191	823.32	983.29	2.5591	0.99628	1.2797	478.7	0.041527	3.9346e-05	0.064401	supercritical
790.0	365.25	228.11	0.0043839	823.0	983.12	2.5571	0.99643	1.2804	479.4	0.041089	3.9407e-05	0.064495	supercritical
790.0	368.5	229.92	0.0043493	822.68	982.95	2.555	0.99658	1.2812	480.11	0.040652	3.9468e-05	0.064589	supercritical
790.0	371.75	231.73	0.0043153	822.36	982.78	2.553	0.99673	1.2819	480.83	0.040217	3.9529e-05	0.064683	supercritical
790.0	375.0	233.54	0.004282	822.04	982.61	2.5511	0.99689	1.2826	481.54	0.039784	3.959e-05	0.064778	supercritical
790.0	378.25	235.34	0.0042492	821.72	982.45	2.5491	0.99704	1.2834	482.26	0.039352	3.9652e-05	0.064873	supercritical
790.0	381.5	237.14	0.004217	821.41	982.29	2.5472	0.99719	1.2841	482.98	0.038922	3.9714e-05	0.064968	supercritical
790.0	384.75	238.93	0.0041854	821.09	982.12	2.5452	0.99734	1.2848	483.71	0.038494	3.9776e-05	0.065064	supercritical
790.0	388.0	240.71	0.0041543	820.78	981.96	2.5433	0.99749	1.2855	484.44	0.038067	3.9839e-05	0.06516	supercritical
790.0	391.25	242.5	0.0041238	820.46	981.81	2.5414	0.99764	1.2862	485.17	0.037642	3.9902e-05	0.065256	supercritical
790.0	394.5	244.27	0.0040938	820.15	981.65	2.5395	0.99779	1.2869	485.9	0.037219	3.9965e-05	0.065353	supercritical
790.0	397.75	246.05	0.0040643	819.84	981.5	2.5376	0.99794	1.2876	486.64	0.036798	4.0028e-05	0.06545	supercritical
790.0	401.0	247.82	0.0040353	819.53	981.34	2.5358	0.99809	1.2883	487.38	0.036378	4.0092e-05	0.065548	supercritical
790.0	404.25	249.58	0.0040067	819.22	981.19	2.5339	0.99823	1.289	488.12	0.03596	4.0156e-05	0.065646	supercritical
790.0	407.5	251.34	0.0039787	818.91	981.04	2.5321	0.99838	1.2896	488.86	0.035544	4.0221e-05	0.065744	supercritical
790.0	410.75	253.09	0.0039511	818.6	980.89	2.5303	0.99853	1.2903	489.61	0.03513	4.0286e-05	0.065843	supercritical
790.0	414.0	254.84	0.003924	818.29	980.75	2.5285	0.99867	1.291	490.36	0.034718	4.0351e-05	0.065942	supercritical
790.0	417.25	256.59	0.0038973	817.99	980.6	2.5267	0.99882	1.2916	491.11	0.034307	4.0416e-05	0.066041	supercritical
790.0	420.5	258.33	0.0038711	817.68	980.46	2.5249	0.99897	1.2923	491.86	0.033899	4.0482e-05	0.066141	supercritical
790.0	423.75	260.06	0.0038452	817.38	980.32	2.5231	0.99911	1.293	492.62	0.033492	4.0548e-05	0.06624	supercritical
790.0	427.0	261.79	0.0038198	817.07	980.18	2.5214	0.99926	1.2936	493.38	0.033087	4.0614e-05	0.066341	supercritical
790.0	430.25	263.52	0.0037948	816.77	980.04	2.5196	0.9994	1.2942	494.14	0.032685	4.068e-05	0.066441	supercritical
790.0	433.5	265.24	0.0037702	816.47	979.9	2.5179	0.99954	1.2949	494.91	0.032284	4.0747e-05	0.066542	supercritical
790.0	436.75	266.96	0.0037459	816.16	979.77	2.5162	0.99969	1.2955	495.67	0.031885	4.0814e-05	0.066643	supercritical
790.0	440.0	268.67	0.003722	815.86	979.63	2.5145	0.99983	1.2961	496.44	0.031488	4.0882e-05	0.066744	supercritical
790.0	443.25	270.38	0.0036985	815.56	979.5	2.5128	0.99997	1.2968	497.22	0.031093	4.0949e-05	0.066846	supercritical
790.0	446.5	272.08	0.0036754	815.26	979.37	2.5111	1.0001	1.2974	497.99	0.030699	4.1017e-05	0.066948	supercritical
790.0	449.75	273.78	0.0036526	814.97	979.24	2.5094	1.0003	1.298	498.77	0.030308	4.1085e-05	0.06705	supercritical
790.0	453.0	275.47	0.0036302	814.67	979.12	2.5078	1.0004	1.2986	499.54	0.029919	4.1154e-05	0.067153	supercritical
790.0	456.25	277.16	0.003608	814.37	978.99	2.5061	1.0005	1.2992	500.33	0.029532	4.1223e-05	0.067255	supercritical
790.0	459.5	278.84	0.0035863	814.08	978.87	2.5045	1.0007	1.2998	501.11	0.029147	4.1292e-05	0.067358	supercritical
790.0	462.75	280.52	0.0035648	813.78	978.74	2.5029	1.0008	1.3004	501.89	0.028764	4.1361e-05	0.067462	supercritical
790.0	466.0	282.19	0.0035437	813.49	978.62	2.5013	1.001	1.301	502.68	0.028382	4.1431e-05	0.067565	supercritical
790.0	469.25	283.86	0.0035228	813.2	978.5	2.4997	1.0011	1.3016	503.47	0.028003	4.1501e-05	0.067669	supercritical
790.0	472.5	285.53	0.0035023	812.9	978.39	2.4981	1.0012	1.3022	504.26	0.027626	4.1571e-05	0.067773	supercritical
790.0	475.75	287.19	0.003482	812.61	978.27	2.4965	1.0014	1.3028	505.05	0.027251	4.1641e-05	0.067877	supercritical
790.0	479.0	288.84	0.0034621	812.32	978.16	2.4949	1.0015	1.3033	505.85	0.026878	4.1712e-05	0.067981	supercritical
790.0	482.25	290.49	0.0034424	812.03	978.04	2.4933	1.0017	1.3039	506.65	0.026507	4.1783e-05	0.068086	supercritical
790.0	485.5	292.14	0.003423	811.74	977.93	2.4918	1.0018	1.3045	507.45	0.026138	4.1854e-05	0.068191	supercritical
790.0	488.75	293.78	0.0034039	811.46	977.82	2.4902	1.0019	1.305	508.25	0.025771	4.1925e-05	0.068296	supercritical
790.0	492.0	295.42	0.003385	811.17	977.71	2.4887	1.0021	1.3056	509.05	0.025406	4.1997e-05	0.068401	supercritical
790.0	495.25	297.05	0.0033664	810.88	977.61	2.4872	1.0022	1.3061	509.85	0.025043	4.2069e-05	0.068506	supercritical
790.0	498.5	298.68	0.0033481	810.6	977.5	2.4857	1.0023	1.3067	510.66	0.024683	4.2141e-05	0.068612	supercritical
790.0	501.75	300.3	0.00333	810.31	977.4	2.4842	1.0025	1.3072	511.47	0.024324	4.2214e-05	0.068717	supercritical
790.0	505.0	301.92	0.0033122	810.03	977.29	2.4827	1.0026	1.3078	512.28	0.023967	4.2286e-05	0.068823	supercritical
790.0	508.25	303.53	0.0032946	809.74	977.19	2.4812	1.0027	1.3083	513.09	0.023613	4.2359e-05	0.068929	supercritical
790.0	511.5	305.14	0.0032772	809.46	977.09	2.4797	1.0029	1.3088	513.9	0.02326	4.2433e-05	0.069036	supercritical
790.0	514.75	306.74	0.0032601	809.18	976.99	2.4782	1.003	1.3094	514.72	0.02291	4.2506e-05	0.069142	supercritical
790.0	518.0	308.34	0.0032432	808.9	976.9	2.4768	1.0032	1.3099	515.53	0.022561	4.258e-05	0.069249	supercritical
790.0	521.25	309.93	0.0032265	808.62	976.8	2.4753	1.0033	1.3104	516.35	0.022215	4.2654e-05	0.069355	supercritical
790.0	524.5	311.52	0.00321	808.34	976.71	2.4739	1.0034	1.3109	517.17	0.021871	4.2728e-05	0.069462	supercritical
790.0	527.75	313.11	0.0031938	808.06	976.62	2.4724	1.0036	1.3114	517.99	0.021529	4.2802e-05	0.069569	supercritical
790.0	531.0	314.69	0.0031777	807.79	976.52	2.471	1.0037	1.3119	518.82	0.021189	4.2877e-05	0.069676	supercritical
790.0	534.25	316.27	0.0031619	807.51	976.43	2.4696	1.0038	1.3125	519.64	0.02085	4.2952e-05	0.069783	supercritical
790.0	537.5	317.84	0.0031463	807.23	976.35	2.4682	1.0039	1.313	520.47	0.020514	4.3027e-05	0.069891	supercritical
790.0	540.75	319.4	0.0031308	806.96	976.26	2.4668	1.0041	1.3134	521.29	0.02018	4.3103e-05	0.069998	supercritical
790.0	544.0	320.97	0.0031156	806.69	976.17	2.4654	1.0042	1.3139	522.12	0.019849	4.3178e-05	0.070106	supercritical
790.0	547.25	322.52	0.0031005	806.41	976.09	2.464	1.0043	1.3144	522.95	0.019519	4.3254e-05	0.070213	supercritical
790.0	550.5	324.08	0.0030857	806.14	976.01	2.4626	1.0045	1.3149	523.78	0.019191	4.333e-05	0.070321	supercritical
790.0	553.75	325.63	0.003071	805.87	975.93	2.4613	1.0046	1.3154	524.61	0.018865	4.3406e-05	0.070429	supercritical
790.0	557.0	327.17	0.0030565	805.6	975.85	2.4599	1.0047	1.3159	525.45	0.018541	4.3483e-05	0.070537	supercritical
790.0	560.25	328.71	0.0030422	805.33	975.77	2.4586	1.0049	1.3164	526.28	0.01822	4.3559e-05	0.070645	supercritical
790.0	563.5	330.24	0.0030281	805.06	975.69	2.4572	1.005	1.3168	527.12	0.0179	4.3636e-05	0.070753	supercritical
790.0	566.75	331.77	0.0030141	804.79	975.61	2.4559	1.0051	1.3173	527.96	0.017582	4.3714e-05	0.070861	supercritical
790.0	570.0	333.3	0.0030003	804.52	975.54	2.4545	1.0052	1.3178	528.79	0.017266	4.3791e-05	0.070969	supercritical
790.0	573.25	334.82	0.0029867	804.26	975.47	2.4532	1.0054	1.3182	529.63	0.016953	4.3869e-05	0.071078	supercritical
790.0	576.5	336.34	0.0029732	803.99	975.39	2.4519	1.0055	1.3187	530.47	0.016641	4.3946e-05	0.071186	supercritical
790.0	579.75	337.85	0.0029599	803.72	975.32	2.4506	1.0056	1.3191	531.32	0.016331	4.4024e-05	0.071295	supercritical
790.0	583.0	339.36	0.0029467	803.46	975.25	2.4493	1.0058	1.3196	532.16	0.016024	4.4103e-05	0.071403	supercritical
790.0	586.25	340.86	0.0029337	803.2	975.19	2.448	1.0059	1.32	533.0	0.015718	4.4181e-05	0.071512	supercritical
790.0	589.5	342.36	0.0029209	802.93	975.12	2.4467	1.006	1.3205	533.85	0.015414	4.426e-05	0.07162	supercritical
790.0	592.75	343.86	0.0029082	802.67	975.05	2.4454	1.0061	1.3209	534.69	0.015113	4.4338e-05	0.071729	supercritical
790.0	596.0	345.35	0.0028956	802.41	974.99	2.4441	1.0063	1.3214	535.54	0.014813	4.4418e-05	0.071838	supercritical
790.0	599.25	346.83	0.0028832	802.15	974.93	2.4429	1.0064	1.3218	536.39	0.014515	4.4497e-05	0.071946	supercritical
790.0	602.5	348.31	0.002871	801.89	974.86	2.4416	1.0065	1.3222	537.23	0.014219	4.4576e-05	0.072055	supercritical
790.0	605.75	349.79	0.0028589	801.63	974.8	2.4404	1.0066	1.3227	538.08	0.013925	4.4656e-05	0.072164	supercritical
790.0	609.0	351.26	0.0028469	801.37	974.75	2.4391	1.0068	1.3231	538.93	0.013633	4.4736e-05	0.072273	supercritical
790.0	612.25	352.73	0.002835	801.11	974.69	2.4379	1.0069	1.3235	539.78	0.013343	4.4816e-05	0.072381	supercritical
790.0	615.5	354.2	0.0028233	800.86	974.63	2.4366	1.007	1.3239	540.64	0.013055	4.4896e-05	0.07249	supercritical
790.0	618.75	355.66	0.0028117	800.6	974.57	2.4354	1.0071	1.3244	541.49	0.012769	4.4976e-05	0.072599	supercritical
790.0	622.0	357.11	0.0028003	800.34	974.52	2.4342	1.0073	1.3248	542.34	0.012484	4.5057e-05	0.072708	supercritical
790.0	625.25	358.56	0.0027889	800.09	974.47	2.433	1.0074	1.3252	543.19	0.012202	4.5138e-05	0.072817	supercritical
790.0	628.5	360.01	0.0027777	799.84	974.42	2.4317	1.0075	1.3256	544.05	0.011921	4.5219e-05	0.072925	supercritical
790.0	631.75	361.45	0.0027666	799.58	974.36	2.4305	1.0076	1.326	544.9	0.011642	4.53e-05	0.073034	supercritical
790.0	635.0	362.89	0.0027557	799.33	974.32	2.4293	1.0078	1.3264	545.76	0.011366	4.5381e-05	0.073143	supercritical
790.0	638.25	364.32	0.0027448	799.08	974.27	2.4282	1.0079	1.3268	546.62	0.01109	4.5463e-05	0.073252	supercritical
790.0	641.5	365.75	0.0027341	798.83	974.22	2.427	1.008	1.3272	547.47	0.010817	4.5544e-05	0.073361	supercritical
790.0	644.75	367.18	0.0027235	798.58	974.17	2.4258	1.0081	1.3276	548.33	0.010546	4.5626e-05	0.073469	supercritical
790.0	648.0	368.6	0.002713	798.33	974.13	2.4246	1.0083	1.328	549.19	0.010276	4.5708e-05	0.073578	supercritical
790.0	651.25	370.02	0.0027026	798.08	974.08	2.4234	1.0084	1.3284	550.05	0.010009	4.5791e-05	0.073687	supercritical
790.0	654.5	371.43	0.0026923	797.83	974.04	2.4223	1.0085	1.3288	550.91	0.0097425	4.5873e-05	0.073795	supercritical
790.0	657.75	372.84	0.0026821	797.58	974.0	2.4211	1.0086	1.3292	551.77	0.0094783	4.5956e-05	0.073904	supercritical
790.0	661.0	374.24	0.0026721	797.34	973.96	2.42	1.0087	1.3296	552.63	0.0092159	4.6038e-05	0.074013	supercritical
790.0	664.25	375.64	0.0026621	797.09	973.92	2.4188	1.0089	1.3299	553.49	0.0089553	4.6121e-05	0.074121	supercritical
790.0	667.5	377.04	0.0026522	796.85	973.88	2.4177	1.009	1.3303	554.35	0.0086964	4.6204e-05	0.07423	supercritical
790.0	670.75	378.43	0.0026425	796.6	973.85	2.4165	1.0091	1.3307	555.21	0.0084392	4.6288e-05	0.074338	supercritical
790.0	674.0	379.82	0.0026328	796.36	973.81	2.4154	1.0092	1.3311	556.07	0.0081838	4.6371e-05	0.074447	supercritical
790.0	677.25	381.21	0.0026233	796.11	973.77	2.4143	1.0093	1.3314	556.94	0.0079301	4.6455e-05	0.074555	supercritical
790.0	680.5	382.59	0.0026138	795.87	973.74	2.4132	1.0095	1.3318	557.8	0.007678	4.6538e-05	0.074663	supercritical
790.0	683.75	383.96	0.0026044	795.63	973.71	2.4121	1.0096	1.3322	558.66	0.0074277	4.6622e-05	0.074772	supercritical
790.0	687.0	385.33	0.0025952	795.39	973.68	2.4109	1.0097	1.3325	559.53	0.0071791	4.6706e-05	0.07488	supercritical
790.0	690.25	386.7	0.002586	795.15	973.65	2.4098	1.0098	1.3329	560.39	0.0069322	4.679e-05	0.074988	supercritical
790.0	693.5	388.07	0.0025769	794.91	973.62	2.4087	1.0099	1.3332	561.26	0.0066869	4.6875e-05	0.075096	supercritical
790.0	696.75	389.43	0.0025679	794.67	973.59	2.4076	1.01	1.3336	562.12	0.0064432	4.6959e-05	0.075204	supercritical
790.0	700.0	390.78	0.002559	794.43	973.56	2.4066	1.0102	1.334	562.99	0.0062012	4.7044e-05	0.075312	supercritical
790.0	703.25	392.13	0.0025501	794.2	973.53	2.4055	1.0103	1.3343	563.85	0.0059609	4.7129e-05	0.07542	supercritical
790.0	706.5	393.48	0.0025414	793.96	973.51	2.4044	1.0104	1.3347	564.72	0.0057221	4.7214e-05	0.075528	supercritical
790.0	709.75	394.83	0.0025328	793.72	973.48	2.4033	1.0105	1.335	565.58	0.005485	4.7299e-05	0.075636	supercritical
790.0	713.0	396.17	0.0025242	793.49	973.46	2.4022	1.0106	1.3353	566.45	0.0052494	4.7384e-05	0.075743	supercritical
790.0	716.25	397.5	0.0025157	793.25	973.44	2.4012	1.0108	1.3357	567.31	0.0050154	4.747e-05	0.075851	supercritical
790.0	719.5	398.84	0.0025073	793.02	973.42	2.4001	1.0109	1.336	568.18	0.004783	4.7555e-05	0.075959	supercritical
790.0	722.75	400.16	0.002499	792.78	973.4	2.3991	1.011	1.3364	569.05	0.0045522	4.7641e-05	0.076066	supercritical
790.0	726.0	401.49	0.0024907	792.55	973.38	2.398	1.0111	1.3367	569.91	0.0043229	4.7727e-05	0.076173	supercritical
790.0	729.25	402.81	0.0024826	792.32	973.36	2.397	1.0112	1.337	570.78	0.0040951	4.7813e-05	0.076281	supercritical
790.0	732.5	404.13	0.0024745	792.09	973.34	2.3959	1.0113	1.3374	571.65	0.0038689	4.7899e-05	0.076388	supercritical
790.0	735.75	405.44	0.0024665	791.86	973.33	2.3949	1.0115	1.3377	572.51	0.0036442	4.7985e-05	0.076495	supercritical
790.0	739.0	406.75	0.0024585	791.63	973.31	2.3939	1.0116	1.338	573.38	0.0034209	4.8071e-05	0.076602	supercritical
790.0	742.25	408.06	0.0024506	791.4	973.3	2.3928	1.0117	1.3383	574.25	0.0031992	4.8158e-05	0.076709	supercritical
790.0	745.5	409.36	0.0024429	791.17	973.28	2.3918	1.0118	1.3387	575.12	0.002979	4.8245e-05	0.076816	supercritical
790.0	748.75	410.66	0.0024351	790.94	973.27	2.3908	1.0119	1.339	575.98	0.0027602	4.8331e-05	0.076922	supercritical
790.0	752.0	411.95	0.0024275	790.71	973.26	2.3898	1.012	1.3393	576.85	0.0025428	4.8418e-05	0.077029	supercritical
790.0	755.25	413.24	0.0024199	790.49	973.25	2.3888	1.0121	1.3396	577.72	0.0023269	4.8505e-05	0.077135	supercritical
790.0	758.5	414.53	0.0024124	790.26	973.24	2.3878	1.0123	1.3399	578.59	0.0021125	4.8593e-05	0.077242	supercritical
790.0	761.75	415.81	0.0024049	790.03	973.23	2.3868	1.0124	1.3402	579.45	0.0018994	4.868e-05	0.077348	supercritical
790.0	765.0	417.09	0.0023976	789.81	973.22	2.3858	1.0125	1.3406	580.32	0.0016878	4.8767e-05	0.077454	supercritical
790.0	768.25	418.37	0.0023902	789.58	973.22	2.3848	1.0126	1.3409	581.19	0.0014776	4.8855e-05	0.07756	supercritical
790.0	771.5	419.64	0.002383	789.36	973.21	2.3838	1.0127	1.3412	582.06	0.0012687	4.8943e-05	0.077666	supercritical
790.0	774.75	420.91	0.0023758	789.14	973.2	2.3828	1.0128	1.3415	582.92	0.0010612	4.903e-05	0.077772	supercritical
790.0	778.0	422.17	0.0023687	788.92	973.2	2.3818	1.0129	1.3418	583.79	0.00085513	4.9118e-05	0.077878	supercritical
790.0	781.25	423.43	0.0023616	788.69	973.2	2.3808	1.0131	1.3421	584.66	0.00065037	4.9206e-05	0.077983	supercritical
790.0	784.5	424.69	0.0023547	788.47	973.19	2.3799	1.0132	1.3424	585.53	0.00044695	4.9294e-05	0.078089	supercritical
790.0	787.75	425.95	0.0023477	788.25	973.19	2.3789	1.0133	1.3427	586.39	0.00024487	4.9383e-05	0.078194	supercritical
790.0	791.0	427.2	0.0023408	788.03	973.19	2.3779	1.0134	1.343	587.26	4.4099e-05	4.9471e-05	0.0783	supercritical
790.0	794.25	428.44	0.002334	787.81	973.19	2.377	1.0135	1.3433	588.13	-0.00015536	4.956e-05	0.078405	supercritical
790.0	797.5	429.69	0.0023273	787.59	973.19	2.376	1.0136	1.3436	589.0	-0.00035352	4.9648e-05	0.07851	supercritical
790.0	800.75	430.93	0.0023206	787.38	973.2	2.3751	1.0137	1.3438	589.86	-0.0005504	4.9737e-05	0.078615	supercritical
790.0	804.0	432.16	0.0023139	787.16	973.2	2.3741	1.0138	1.3441	590.73	-0.00074599	4.9826e-05	0.07872	supercritical
790.0	807.25	433.4	0.0023074	786.94	973.2	2.3732	1.0139	1.3444	591.6	-0.00094033	4.9915e-05	0.078824	supercritical
790.0	810.5	434.63	0.0023008	786.72	973.21	2.3722	1.0141	1.3447	592.46	-0.0011334	5.0004e-05	0.078929	supercritical
790.0	813.75	435.85	0.0022944	786.51	973.21	2.3713	1.0142	1.345	593.33	-0.0013252	5.0093e-05	0.079033	supercritical
790.0	817.0	437.07	0.0022879	786.29	973.22	2.3703	1.0143	1.3453	594.2	-0.0015158	5.0182e-05	0.079137	supercritical
790.0	820.25	438.29	0.0022816	786.08	973.23	2.3694	1.0144	1.3455	595.06	-0.0017052	5.0272e-05	0.079242	supercritical
790.0	823.5	439.51	0.0022753	785.87	973.23	2.3685	1.0145	1.3458	595.93	-0.0018934	5.0361e-05	0.079346	supercritical
790.0	826.75	440.72	0.002269	785.65	973.24	2.3676	1.0146	1.3461	596.8	-0.0020804	5.0451e-05	0.07945	supercritical
790.0	830.0	441.93	0.0022628	785.44	973.25	2.3666	1.0147	1.3464	597.66	-0.0022661	5.0541e-05	0.079553	supercritical
790.0	833.25	443.14	0.0022566	785.23	973.26	2.3657	1.0148	1.3466	598.53	-0.0024507	5.063e-05	0.079657	supercritical
790.0	836.5	444.34	0.0022505	785.02	973.27	2.3648	1.0149	1.3469	599.39	-0.0026341	5.072e-05	0.07976	supercritical
790.0	839.75	445.54	0.0022445	784.8	973.28	2.3639	1.0151	1.3472	600.26	-0.0028164	5.081e-05	0.079864	supercritical
790.0	843.0	446.73	0.0022385	784.59	973.3	2.363	1.0152	1.3474	601.12	-0.0029975	5.09e-05	0.079967	supercritical
790.0	846.25	447.92	0.0022325	784.38	973.31	2.3621	1.0153	1.3477	601.99	-0.0031775	5.0991e-05	0.08007	supercritical
790.0	849.5	449.11	0.0022266	784.18	973.33	2.3612	1.0154	1.348	602.85	-0.0033563	5.1081e-05	0.080173	supercritical
790.0	852.75	450.3	0.0022207	783.97	973.34	2.3603	1.0155	1.3482	603.72	-0.003534	5.1171e-05	0.080276	supercritical
790.0	856.0	451.48	0.0022149	783.76	973.36	2.3594	1.0156	1.3485	604.58	-0.0037106	5.1262e-05	0.080379	supercritical
790.0	859.25	452.66	0.0022092	783.55	973.37	2.3585	1.0157	1.3488	605.45	-0.0038861	5.1352e-05	0.080481	supercritical
790.0	862.5	453.84	0.0022034	783.34	973.39	2.3576	1.0158	1.349	606.31	-0.0040605	5.1443e-05	0.080584	supercritical
790.0	865.75	455.01	0.0021978	783.14	973.41	2.3567	1.0159	1.3493	607.17	-0.0042338	5.1534e-05	0.080686	supercritical
790.0	869.0	456.18	0.0021921	782.93	973.43	2.3559	1.016	1.3495	608.04	-0.004406	5.1625e-05	0.080788	supercritical
790.0	872.25	457.34	0.0021865	782.73	973.45	2.355	1.0161	1.3498	608.9	-0.0045772	5.1716e-05	0.08089	supercritical
790.0	875.5	458.51	0.002181	782.52	973.47	2.3541	1.0162	1.35	609.76	-0.0047473	5.1807e-05	0.080992	supercritical
790.0	878.75	459.67	0.0021755	782.32	973.49	2.3532	1.0164	1.3503	610.63	-0.0049164	5.1898e-05	0.081094	supercritical
790.0	882.0	460.82	0.00217	782.11	973.51	2.3524	1.0165	1.3505	611.49	-0.0050844	5.1989e-05	0.081195	supercritical
790.0	885.25	461.98	0.0021646	781.91	973.53	2.3515	1.0166	1.3508	612.35	-0.0052514	5.208e-05	0.081297	supercritical
790.0	888.5	463.13	0.0021592	781.71	973.56	2.3507	1.0167	1.351	613.21	-0.0054174	5.2172e-05	0.081398	supercritical
790.0	891.75	464.27	0.0021539	781.51	973.58	2.3498	1.0168	1.3512	614.07	-0.0055823	5.2263e-05	0.081499	supercritical
790.0	895.0	465.42	0.0021486	781.31	973.61	2.3489	1.0169	1.3515	614.94	-0.0057463	5.2355e-05	0.0816	supercritical
790.0	898.25	466.56	0.0021434	781.1	973.63	2.3481	1.017	1.3517	615.8	-0.0059093	5.2446e-05	0.081701	supercritical
790.0	901.5	467.69	0.0021381	780.9	973.66	2.3473	1.0171	1.352	616.66	-0.0060712	5.2538e-05	0.081802	supercritical
790.0	904.75	468.83	0.002133	780.7	973.69	2.3464	1.0172	1.3522	617.52	-0.0062322	5.263e-05	0.081902	supercritical
790.0	908.0	469.96	0.0021278	780.51	973.71	2.3456	1.0173	1.3524	618.38	-0.0063923	5.2722e-05	0.082003	supercritical
790.0	911.25	471.09	0.0021227	780.31	973.74	2.3447	1.0174	1.3527	619.24	-0.0065513	5.2814e-05	0.082103	supercritical
790.0	914.5	472.21	0.0021177	780.11	973.77	2.3439	1.0175	1.3529	620.1	-0.0067094	5.2906e-05	0.082203	supercritical
790.0	917.75	473.34	0.0021127	779.91	973.8	2.3431	1.0176	1.3531	620.96	-0.0068666	5.2998e-05	0.082303	supercritical
790.0	921.0	474.46	0.0021077	779.71	973.83	2.3422	1.0177	1.3534	621.81	-0.0070228	5.309e-05	0.082403	supercritical
790.0	924.25	475.57	0.0021027	779.52	973.86	2.3414	1.0179	1.3536	622.67	-0.0071781	5.3182e-05	0.082503	supercritical
790.0	927.5	476.69	0.0020978	779.32	973.89	2.3406	1.018	1.3538	623.53	-0.0073325	5.3275e-05	0.082602	supercritical
790.0	930.75	477.8	0.0020929	779.13	973.93	2.3398	1.0181	1.354	624.39	-0.007486	5.3367e-05	0.082702	supercritical
790.0	934.0	478.9	0.0020881	778.93	973.96	2.3389	1.0182	1.3543	625.25	-0.0076385	5.3459e-05	0.082801	supercritical
790.0	937.25	480.01	0.0020833	778.74	973.99	2.3381	1.0183	1.3545	626.1	-0.0077902	5.3552e-05	0.0829	supercritical
790.0	940.5	481.11	0.0020785	778.54	974.03	2.3373	1.0184	1.3547	626.96	-0.0079409	5.3645e-05	0.082999	supercritical
790.0	943.75	482.21	0.0020738	778.35	974.06	2.3365	1.0185	1.3549	627.82	-0.0080908	5.3737e-05	0.083098	supercritical
790.0	947.0	483.3	0.0020691	778.16	974.1	2.3357	1.0186	1.3551	628.67	-0.0082398	5.383e-05	0.083196	supercritical
790.0	950.25	484.39	0.0020644	777.96	974.14	2.3349	1.0187	1.3554	629.53	-0.008388	5.3923e-05	0.083295	supercritical
790.0	953.5	485.48	0.0020598	777.77	974.17	2.3341	1.0188	1.3556	630.38	-0.0085352	5.4016e-05	0.083393	supercritical
790.0	956.75	486.57	0.0020552	777.58	974.21	2.3333	1.0189	1.3558	631.24	-0.0086816	5.4109e-05	0.083491	supercritical
790.0	960.0	487.66	0.0020506	777.39	974.25	2.3325	1.019	1.356	632.09	-0.0088272	5.4202e-05	0.08359	supercritical
790.0	963.25	488.74	0.0020461	777.2	974.29	2.3317	1.0191	1.3562	632.95	-0.0089719	5.4295e-05	0.083688	supercritical
790.0	966.5	489.81	0.0020416	777.01	974.33	2.3309	1.0192	1.3564	633.8	-0.0091158	5.4388e-05	0.083785	supercritical
790.0	969.75	490.89	0.0020371	776.82	974.37	2.3301	1.0193	1.3566	634.65	-0.0092589	5.4481e-05	0.083883	supercritical
790.0	973.0	491.96	0.0020327	776.63	974.41	2.3293	1.0194	1.3568	635.51	-0.0094011	5.4574e-05	0.08398	supercritical
790.0	976.25	493.03	0.0020283	776.44	974.45	2.3286	1.0195	1.357	636.36	-0.0095425	5.4668e-05	0.084078	supercritical
790.0	979.5	494.1	0.0020239	776.26	974.49	2.3278	1.0196	1.3572	637.21	-0.0096832	5.4761e-05	0.084175	supercritical
790.0	982.75	495.16	0.0020195	776.07	974.54	2.327	1.0197	1.3574	638.06	-0.009823	5.4855e-05	0.084272	supercritical
790.0	986.0	496.22	0.0020152	775.88	974.58	2.3262	1.0198	1.3576	638.91	-0.009962	5.4948e-05	0.084369	supercritical
790.0	989.25	497.28	0.0020109	775.69	974.63	2.3255	1.0199	1.3578	639.76	-0.0101	5.5042e-05	0.084466	supercritical
790.0	992.5	498.34	0.0020067	775.51	974.67	2.3247	1.02	1.358	640.61	-0.010238	5.5135e-05	0.084562	supercritical
790.0	995.75	499.39	0.0020024	775.32	974.72	2.3239	1.0202	1.3582	641.46	-0.010374	5.5229e-05	0.084659	supercritical
790.0	999.0	500.44	0.0019982	775.14	974.76	2.3232	1.0203	1.3584	642.31	-0.01051	5.5323e-05	0.084755	supercritical
790.0	1002.2	501.49	0.0019941	774.95	974.81	2.3224	1.0204	1.3586	643.16	-0.010645	5.5416e-05	0.084851	supercritical
790.0	1005.5	502.53	0.0019899	774.77	974.86	2.3216	1.0205	1.3588	644.01	-0.01078	5.551e-05	0.084947	supercritical
790.0	1008.8	503.58	0.0019858	774.59	974.9	2.3209	1.0206	1.359	644.86	-0.010913	5.5604e-05	0.085043	supercritical
790.0	1012.0	504.61	0.0019817	774.4	974.95	2.3201	1.0207	1.3592	645.71	-0.011046	5.5698e-05	0.085139	supercritical
790.0	1015.2	505.65	0.0019776	774.22	975.0	2.3194	1.0208	1.3594	646.56	-0.011178	5.5792e-05	0.085235	supercritical
790.0	1018.5	506.69	0.0019736	774.04	975.05	2.3186	1.0209	1.3596	647.4	-0.01131	5.5886e-05	0.08533	supercritical
790.0	1021.8	507.72	0.0019696	773.86	975.1	2.3179	1.021	1.3598	648.25	-0.01144	5.598e-05	0.085425	supercritical
790.0	1025.0	508.75	0.0019656	773.68	975.15	2.3171	1.0211	1.36	649.1	-0.01157	5.6075e-05	0.085521	supercritical
790.0	1028.2	509.77	0.0019617	773.5	975.2	2.3164	1.0212	1.3601	649.94	-0.0117	5.6169e-05	0.085616	supercritical
790.0	1031.5	510.8	0.0019577	773.32	975.26	2.3156	1.0213	1.3603	650.79	-0.011828	5.6263e-05	0.085711	supercritical
790.0	1034.8	511.82	0.0019538	773.14	975.31	2.3149	1.0214	1.3605	651.63	-0.011956	5.6357e-05	0.085805	supercritical
790.0	1038.0	512.83	0.0019499	772.96	975.36	2.3142	1.0215	1.3607	652.48	-0.012083	5.6452e-05	0.0859	supercritical
790.0	1041.2	513.85	0.0019461	772.78	975.42	2.3134	1.0216	1.3609	653.32	-0.012209	5.6546e-05	0.085994	supercritical
790.0	1044.5	514.86	0.0019423	772.6	975.47	2.3127	1.0217	1.3611	654.16	-0.012335	5.6641e-05	0.086089	supercritical
790.0	1047.8	515.87	0.0019385	772.42	975.52	2.312	1.0218	1.3612	655.01	-0.01246	5.6735e-05	0.086183	supercritical
790.0	1051.0	516.88	0.0019347	772.25	975.58	2.3113	1.0219	1.3614	655.85	-0.012585	5.683e-05	0.086277	supercritical
790.0	1054.2	517.89	0.0019309	772.07	975.64	2.3105	1.022	1.3616	656.69	-0.012708	5.6924e-05	0.086371	supercritical
790.0	1057.5	518.89	0.0019272	771.89	975.69	2.3098	1.0221	1.3618	657.53	-0.012831	5.7019e-05	0.086464	supercritical
790.0	1060.8	519.89	0.0019235	771.72	975.75	2.3091	1.0222	1.3619	658.37	-0.012954	5.7113e-05	0.086558	supercritical
790.0	1064.0	520.89	0.0019198	771.54	975.81	2.3084	1.0223	1.3621	659.22	-0.013075	5.7208e-05	0.086652	supercritical
790.0	1067.2	521.88	0.0019161	771.37	975.87	2.3077	1.0224	1.3623	660.06	-0.013196	5.7303e-05	0.086745	supercritical
790.0	1070.5	522.88	0.0019125	771.19	975.92	2.3069	1.0225	1.3624	660.9	-0.013317	5.7398e-05	0.086838	supercritical
790.0	1073.8	523.87	0.0019089	771.02	975.98	2.3062	1.0226	1.3626	661.73	-0.013436	5.7493e-05	0.086931	supercritical
790.0	1077.0	524.85	0.0019053	770.84	976.04	2.3055	1.0227	1.3628	662.57	-0.013555	5.7587e-05	0.087024	supercritical
790.0	1080.2	525.84	0.0019017	770.67	976.1	2.3048	1.0228	1.3629	663.41	-0.013674	5.7682e-05	0.087117	supercritical
790.0	1083.5	526.82	0.0018982	770.5	976.16	2.3041	1.0229	1.3631	664.25	-0.013792	5.7777e-05	0.087209	supercritical
790.0	1086.8	527.8	0.0018947	770.32	976.23	2.3034	1.023	1.3633	665.09	-0.013909	5.7872e-05	0.087302	supercritical
790.0	1090.0	528.78	0.0018911	770.15	976.29	2.3027	1.0231	1.3634	665.92	-0.014025	5.7967e-05	0.087394	supercritical
790.0	1093.2	529.75	0.0018877	769.98	976.35	2.302	1.0232	1.3636	666.76	-0.014141	5.8062e-05	0.087486	supercritical
790.0	1096.5	530.73	0.0018842	769.81	976.41	2.3013	1.0233	1.3638	667.6	-0.014257	5.8158e-05	0.087578	supercritical
790.0	1099.8	531.7	0.0018808	769.64	976.48	2.3006	1.0234	1.3639	668.43	-0.014371	5.8253e-05	0.08767	supercritical
790.0	1103.0	532.67	0.0018773	769.47	976.54	2.2999	1.0235	1.3641	669.27	-0.014485	5.8348e-05	0.087762	supercritical
790.0	1106.2	533.63	0.0018739	769.3	976.6	2.2992	1.0236	1.3642	670.1	-0.014599	5.8443e-05	0.087854	supercritical
790.0	1109.5	534.6	0.0018706	769.13	976.67	2.2985	1.0237	1.3644	670.93	-0.014712	5.8538e-05	0.087945	supercritical
790.0	1112.8	535.56	0.0018672	768.96	976.74	2.2979	1.0238	1.3646	671.77	-0.014824	5.8634e-05	0.088037	supercritical
790.0	1116.0	536.52	0.0018639	768.79	976.8	2.2972	1.0239	1.3647	672.6	-0.014936	5.8729e-05	0.088128	supercritical
790.0	1119.2	537.47	0.0018606	768.62	976.87	2.2965	1.024	1.3649	673.43	-0.015047	5.8824e-05	0.088219	supercritical
790.0	1122.5	538.43	0.0018573	768.46	976.93	2.2958	1.0241	1.365	674.26	-0.015157	5.892e-05	0.08831	supercritical
790.0	1125.8	539.38	0.001854	768.29	977.0	2.2951	1.0242	1.3652	675.1	-0.015267	5.9015e-05	0.088401	supercritical
790.0	1129.0	540.33	0.0018507	768.12	977.07	2.2945	1.0243	1.3653	675.93	-0.015377	5.9111e-05	0.088492	supercritical
790.0	1132.2	541.27	0.0018475	767.96	977.14	2.2938	1.0244	1.3655	676.76	-0.015485	5.9206e-05	0.088582	supercritical
790.0	1135.5	542.22	0.0018443	767.79	977.21	2.2931	1.0245	1.3656	677.59	-0.015594	5.9302e-05	0.088673	supercritical
790.0	1138.8	543.16	0.0018411	767.62	977.28	2.2924	1.0246	1.3658	678.42	-0.015701	5.9397e-05	0.088763	supercritical
790.0	1142.0	544.1	0.0018379	767.46	977.35	2.2918	1.0247	1.3659	679.24	-0.015809	5.9493e-05	0.088853	supercritical
790.0	1145.2	545.04	0.0018347	767.29	977.42	2.2911	1.0248	1.3661	680.07	-0.015915	5.9588e-05	0.088943	supercritical
790.0	1148.5	545.97	0.0018316	767.13	977.49	2.2904	1.0249	1.3662	680.9	-0.016021	5.9684e-05	0.089033	supercritical
790.0	1151.8	546.91	0.0018285	766.97	977.56	2.2898	1.025	1.3664	681.73	-0.016127	5.978e-05	0.089123	supercritical
790.0	1155.0	547.84	0.0018254	766.8	977.63	2.2891	1.0251	1.3665	682.55	-0.016232	5.9875e-05	0.089213	supercritical
790.0	1158.2	548.77	0.0018223	766.64	977.7	2.2885	1.0252	1.3666	683.38	-0.016336	5.9971e-05	0.089302	supercritical
790.0	1161.5	549.69	0.0018192	766.48	977.78	2.2878	1.0253	1.3668	684.21	-0.01644	6.0067e-05	0.089392	supercritical
790.0	1164.8	550.62	0.0018161	766.32	977.85	2.2872	1.0254	1.3669	685.03	-0.016543	6.0163e-05	0.089481	supercritical
790.0	1168.0	551.54	0.0018131	766.15	977.92	2.2865	1.0255	1.3671	685.86	-0.016646	6.0258e-05	0.08957	supercritical
790.0	1171.2	552.46	0.0018101	765.99	978.0	2.2858	1.0256	1.3672	686.68	-0.016748	6.0354e-05	0.089659	supercritical
790.0	1174.5	553.38	0.0018071	765.83	978.07	2.2852	1.0257	1.3673	687.5	-0.01685	6.045e-05	0.089748	supercritical
790.0	1177.8	554.29	0.0018041	765.67	978.15	2.2845	1.0258	1.3675	688.33	-0.016951	6.0546e-05	0.089837	supercritical
790.0	1181.0	555.21	0.0018011	765.51	978.22	2.2839	1.0259	1.3676	689.15	-0.017052	6.0642e-05	0.089926	supercritical
790.0	1184.2	556.12	0.0017982	765.35	978.3	2.2833	1.026	1.3677	689.97	-0.017152	6.0738e-05	0.090014	supercritical
790.0	1187.5	557.03	0.0017952	765.19	978.38	2.2826	1.0261	1.3679	690.79	-0.017252	6.0834e-05	0.090103	supercritical
790.0	1190.8	557.93	0.0017923	765.03	978.45	2.282	1.0262	1.368	691.61	-0.017351	6.093e-05	0.090191	supercritical
790.0	1194.0	558.84	0.0017894	764.87	978.53	2.2813	1.0263	1.3681	692.43	-0.017449	6.1026e-05	0.090279	supercritical
790.0	1197.2	559.74	0.0017865	764.71	978.61	2.2807	1.0264	1.3683	693.25	-0.017548	6.1122e-05	0.090367	supercritical
790.0	1200.5	560.64	0.0017837	764.56	978.69	2.2801	1.0265	1.3684	694.07	-0.017645	6.1218e-05	0.090455	supercritical
790.0	1203.8	561.54	0.0017808	764.4	978.76	2.2794	1.0266	1.3685	694.89	-0.017742	6.1314e-05	0.090543	supercritical
790.0	1207.0	562.44	0.001778	764.24	978.84	2.2788	1.0267	1.3687	695.71	-0.017839	6.141e-05	0.090631	supercritical
790.0	1210.2	563.33	0.0017752	764.09	978.92	2.2782	1.0268	1.3688	696.52	-0.017935	6.1506e-05	0.090718	supercritical
790.0	1213.5	564.22	0.0017723	763.93	979.0	2.2775	1.0269	1.3689	697.34	-0.018031	6.1602e-05	0.090806	supercritical
790.0	1216.8	565.11	0.0017696	763.77	979.08	2.2769	1.0269	1.3691	698.16	-0.018126	6.1698e-05	0.090893	supercritical
790.0	1220.0	566.0	0.0017668	763.62	979.16	2.2763	1.027	1.3692	698.97	-0.018221	6.1794e-05	0.09098	supercritical
790.0	1223.2	566.89	0.001764	763.46	979.25	2.2757	1.0271	1.3693	699.79	-0.018315	6.189e-05	0.091067	supercritical
790.0	1226.5	567.77	0.0017613	763.31	979.33	2.275	1.0272	1.3694	700.6	-0.018409	6.1987e-05	0.091154	supercritical
790.0	1229.8	568.65	0.0017585	763.15	979.41	2.2744	1.0273	1.3696	701.42	-0.018503	6.2083e-05	0.091241	supercritical
790.0	1233.0	569.53	0.0017558	763.0	979.49	2.2738	1.0274	1.3697	702.23	-0.018595	6.2179e-05	0.091328	supercritical
790.0	1236.2	570.41	0.0017531	762.85	979.58	2.2732	1.0275	1.3698	703.04	-0.018688	6.2275e-05	0.091415	supercritical
790.0	1239.5	571.29	0.0017504	762.69	979.66	2.2726	1.0276	1.3699	703.86	-0.01878	6.2372e-05	0.091501	supercritical
790.0	1242.8	572.16	0.0017478	762.54	979.74	2.272	1.0277	1.37	704.67	-0.018871	6.2468e-05	0.091588	supercritical
790.0	1246.0	573.03	0.0017451	762.39	979.83	2.2713	1.0278	1.3702	705.48	-0.018962	6.2564e-05	0.091674	supercritical
790.0	1249.2	573.9	0.0017425	762.23	979.91	2.2707	1.0279	1.3703	706.29	-0.019053	6.266e-05	0.09176	supercritical
790.0	1252.5	574.77	0.0017398	762.08	980.0	2.2701	1.028	1.3704	707.1	-0.019143	6.2757e-05	0.091846	supercritical
790.0	1255.8	575.63	0.0017372	761.93	980.08	2.2695	1.0281	1.3705	707.91	-0.019233	6.2853e-05	0.091932	supercritical
790.0	1259.0	576.5	0.0017346	761.78	980.17	2.2689	1.0282	1.3706	708.72	-0.019322	6.2949e-05	0.092018	supercritical
790.0	1262.2	577.36	0.001732	761.63	980.25	2.2683	1.0283	1.3708	709.53	-0.019411	6.3046e-05	0.092104	supercritical
790.0	1265.5	578.22	0.0017295	761.48	980.34	2.2677	1.0284	1.3709	710.34	-0.019499	6.3142e-05	0.092189	supercritical
790.0	1268.8	579.07	0.0017269	761.33	980.43	2.2671	1.0285	1.371	711.14	-0.019587	6.3238e-05	0.092275	supercritical
790.0	1272.0	579.93	0.0017243	761.18	980.52	2.2665	1.0286	1.3711	711.95	-0.019675	6.3335e-05	0.09236	supercritical
790.0	1275.2	580.78	0.0017218	761.03	980.6	2.2659	1.0287	1.3712	712.76	-0.019762	6.3431e-05	0.092446	supercritical
790.0	1278.5	581.64	0.0017193	760.88	980.69	2.2653	1.0288	1.3713	713.56	-0.019849	6.3528e-05	0.092531	supercritical
790.0	1281.8	582.49	0.0017168	760.73	980.78	2.2647	1.0289	1.3714	714.37	-0.019935	6.3624e-05	0.092616	supercritical
790.0	1285.0	583.33	0.0017143	760.58	980.87	2.2641	1.029	1.3715	715.17	-0.020021	6.3721e-05	0.092701	supercritical
790.0	1288.2	584.18	0.0017118	760.44	980.96	2.2635	1.0291	1.3717	715.97	-0.020106	6.3817e-05	0.092786	supercritical
790.0	1291.5	585.02	0.0017093	760.29	981.05	2.2629	1.0292	1.3718	716.78	-0.020191	6.3913e-05	0.09287	supercritical
790.0	1294.8	585.87	0.0017069	760.14	981.14	2.2624	1.0293	1.3719	717.58	-0.020276	6.401e-05	0.092955	supercritical
790.0	1298.0	586.71	0.0017044	759.99	981.23	2.2618	1.0294	1.372	718.38	-0.02036	6.4106e-05	0.09304	supercritical
790.0	1301.2	587.54	0.001702	759.85	981.32	2.2612	1.0294	1.3721	719.18	-0.020443	6.4203e-05	0.093124	supercritical
790.0	1304.5	588.38	0.0016996	759.7	981.41	2.2606	1.0295	1.3722	719.99	-0.020527	6.4299e-05	0.093208	supercritical
790.0	1307.8	589.22	0.0016972	759.56	981.5	2.26	1.0296	1.3723	720.79	-0.02061	6.4396e-05	0.093293	supercritical
790.0	1311.0	590.05	0.0016948	759.41	981.6	2.2594	1.0297	1.3724	721.59	-0.020692	6.4492e-05	0.093377	supercritical
790.0	1314.2	590.88	0.0016924	759.27	981.69	2.2589	1.0298	1.3725	722.38	-0.020774	6.4589e-05	0.093461	supercritical
790.0	1317.5	591.71	0.00169	759.12	981.78	2.2583	1.0299	1.3726	723.18	-0.020856	6.4685e-05	0.093545	supercritical
790.0	1320.8	592.54	0.0016877	758.98	981.87	2.2577	1.03	1.3727	723.98	-0.020938	6.4782e-05	0.093629	supercritical
790.0	1324.0	593.36	0.0016853	758.83	981.97	2.2571	1.0301	1.3728	724.78	-0.021019	6.4879e-05	0.093713	supercritical
790.0	1327.2	594.19	0.001683	758.69	982.06	2.2566	1.0302	1.3729	725.58	-0.021099	6.4975e-05	0.093796	supercritical
790.0	1330.5	595.01	0.0016807	758.55	982.16	2.256	1.0303	1.373	726.37	-0.021179	6.5072e-05	0.09388	supercritical
790.0	1333.8	595.83	0.0016783	758.4	982.25	2.2554	1.0304	1.3731	727.17	-0.021259	6.5168e-05	0.093963	supercritical
790.0	1337.0	596.65	0.001676	758.26	982.35	2.2548	1.0305	1.3732	727.96	-0.021339	6.5265e-05	0.094047	supercritical
790.0	1340.2	597.46	0.0016737	758.12	982.44	2.2543	1.0306	1.3733	728.76	-0.021418	6.5361e-05	0.09413	supercritical
790.0	1343.5	598.28	0.0016715	757.98	982.54	2.2537	1.0307	1.3734	729.55	-0.021496	6.5458e-05	0.094213	supercritical
790.0	1346.8	599.09	0.0016692	757.83	982.63	2.2531	1.0308	1.3735	730.35	-0.021575	6.5555e-05	0.094296	supercritical
790.0	1350.0	599.9	0.0016669	757.69	982.73	2.2526	1.0309	1.3736	731.14	-0.021653	6.5651e-05	0.094379	supercritical
790.0	1353.2	600.71	0.0016647	757.55	982.83	2.252	1.031	1.3737	731.93	-0.02173	6.5748e-05	0.094462	supercritical
790.0	1356.5	601.52	0.0016625	757.41	982.92	2.2515	1.0311	1.3738	732.72	-0.021807	6.5844e-05	0.094545	supercritical
790.0	1359.8	602.32	0.0016602	757.27	983.02	2.2509	1.0312	1.3739	733.51	-0.021884	6.5941e-05	0.094627	supercritical
790.0	1363.0	603.13	0.001658	757.13	983.12	2.2503	1.0313	1.374	734.31	-0.021961	6.6038e-05	0.09471	supercritical
790.0	1366.2	603.93	0.0016558	756.99	983.22	2.2498	1.0313	1.3741	735.1	-0.022037	6.6134e-05	0.094793	supercritical
790.0	1369.5	604.73	0.0016536	756.85	983.32	2.2492	1.0314	1.3742	735.88	-0.022113	6.6231e-05	0.094875	supercritical
790.0	1372.8	605.53	0.0016515	756.71	983.41	2.2487	1.0315	1.3743	736.67	-0.022188	6.6328e-05	0.094957	supercritical
790.0	1376.0	606.32	0.0016493	756.57	983.51	2.2481	1.0316	1.3744	737.46	-0.022263	6.6424e-05	0.09504	supercritical
790.0	1379.2	607.12	0.0016471	756.43	983.61	2.2476	1.0317	1.3745	738.25	-0.022338	6.6521e-05	0.095122	supercritical
790.0	1382.5	607.91	0.001645	756.3	983.71	2.247	1.0318	1.3746	739.04	-0.022412	6.6617e-05	0.095204	supercritical
790.0	1385.8	608.71	0.0016428	756.16	983.81	2.2465	1.0319	1.3747	739.82	-0.022486	6.6714e-05	0.095286	supercritical
790.0	1389.0	609.5	0.0016407	756.02	983.91	2.2459	1.032	1.3748	740.61	-0.02256	6.6811e-05	0.095368	supercritical
790.0	1392.2	610.28	0.0016386	755.88	984.02	2.2454	1.0321	1.3749	741.4	-0.022633	6.6907e-05	0.09545	supercritical
790.0	1395.5	611.07	0.0016365	755.75	984.12	2.2448	1.0322	1.375	742.18	-0.022706	6.7004e-05	0.095531	supercritical
790.0	1398.8	611.86	0.0016344	755.61	984.22	2.2443	1.0323	1.375	742.96	-0.022779	6.7101e-05	0.095613	supercritical
790.0	1402.0	612.64	0.0016323	755.47	984.32	2.2437	1.0324	1.3751	743.75	-0.022851	6.7197e-05	0.095694	supercritical
790.0	1405.2	613.42	0.0016302	755.34	984.42	2.2432	1.0325	1.3752	744.53	-0.022923	6.7294e-05	0.095776	supercritical
790.0	1408.5	614.2	0.0016281	755.2	984.53	2.2427	1.0326	1.3753	745.31	-0.022994	6.7391e-05	0.095857	supercritical
790.0	1411.8	614.98	0.0016261	755.07	984.63	2.2421	1.0327	1.3754	746.1	-0.023066	6.7487e-05	0.095939	supercritical
790.0	1415.0	615.76	0.001624	754.93	984.73	2.2416	1.0328	1.3755	746.88	-0.023137	6.7584e-05	0.09602	supercritical
790.0	1418.2	616.53	0.001622	754.8	984.83	2.241	1.0328	1.3756	747.66	-0.023207	6.7681e-05	0.096101	supercritical
790.0	1421.5	617.31	0.0016199	754.66	984.94	2.2405	1.0329	1.3757	748.44	-0.023278	6.7777e-05	0.096182	supercritical
790.0	1424.8	618.08	0.0016179	754.53	985.04	2.24	1.033	1.3758	749.22	-0.023348	6.7874e-05	0.096263	supercritical
790.0	1428.0	618.85	0.0016159	754.4	985.15	2.2394	1.0331	1.3758	750.0	-0.023417	6.7971e-05	0.096344	supercritical
790.0	1431.2	619.62	0.0016139	754.26	985.25	2.2389	1.0332	1.3759	750.78	-0.023487	6.8067e-05	0.096425	supercritical
790.0	1434.5	620.38	0.0016119	754.13	985.36	2.2384	1.0333	1.376	751.55	-0.023556	6.8164e-05	0.096505	supercritical
790.0	1437.8	621.15	0.0016099	754.0	985.46	2.2378	1.0334	1.3761	752.33	-0.023624	6.8261e-05	0.096586	supercritical
790.0	1441.0	621.91	0.0016079	753.86	985.57	2.2373	1.0335	1.3762	753.11	-0.023693	6.8357e-05	0.096667	supercritical
790.0	1444.2	622.67	0.001606	753.73	985.68	2.2368	1.0336	1.3763	753.88	-0.023761	6.8454e-05	0.096747	supercritical
790.0	1447.5	623.44	0.001604	753.6	985.78	2.2363	1.0337	1.3763	754.66	-0.023829	6.855e-05	0.096827	supercritical
790.0	1450.8	624.19	0.0016021	753.47	985.89	2.2357	1.0338	1.3764	755.43	-0.023896	6.8647e-05	0.096908	supercritical
790.0	1454.0	624.95	0.0016001	753.34	986.0	2.2352	1.0339	1.3765	756.21	-0.023963	6.8744e-05	0.096988	supercritical
790.0	1457.2	625.71	0.0015982	753.21	986.1	2.2347	1.034	1.3766	756.98	-0.02403	6.884e-05	0.097068	supercritical
790.0	1460.5	626.46	0.0015963	753.08	986.21	2.2342	1.0341	1.3767	757.76	-0.024097	6.8937e-05	0.097148	supercritical
790.0	1463.8	627.21	0.0015943	752.95	986.32	2.2337	1.0341	1.3767	758.53	-0.024163	6.9034e-05	0.097228	supercritical
790.0	1467.0	627.97	0.0015924	752.82	986.43	2.2331	1.0342	1.3768	759.3	-0.024229	6.913e-05	0.097308	supercritical
790.0	1470.2	628.72	0.0015905	752.69	986.54	2.2326	1.0343	1.3769	760.07	-0.024295	6.9227e-05	0.097388	supercritical
790.0	1473.5	629.46	0.0015887	752.56	986.64	2.2321	1.0344	1.377	760.84	-0.02436	6.9323e-05	0.097468	supercritical
790.0	1476.8	630.21	0.0015868	752.43	986.75	2.2316	1.0345	1.3771	761.61	-0.024425	6.942e-05	0.097548	supercritical
790.0	1480.0	630.96	0.0015849	752.3	986.86	2.2311	1.0346	1.3771	762.38	-0.02449	6.9517e-05	0.097627	supercritical
790.0	1483.2	631.7	0.001583	752.17	986.97	2.2306	1.0347	1.3772	763.15	-0.024554	6.9613e-05	0.097707	supercritical
790.0	1486.5	632.44	0.0015812	752.04	987.08	2.2301	1.0348	1.3773	763.92	-0.024619	6.971e-05	0.097787	supercritical
790.0	1489.8	633.18	0.0015793	751.91	987.19	2.2295	1.0349	1.3774	764.69	-0.024683	6.9807e-05	0.097866	supercritical
790.0	1493.0	633.92	0.0015775	751.78	987.3	2.229	1.035	1.3774	765.46	-0.024746	6.9903e-05	0.097945	supercritical
790.0	1496.2	634.66	0.0015757	751.66	987.41	2.2285	1.0351	1.3775	766.22	-0.02481	7e-05	0.098025	supercritical
790.0	1499.5	635.39	0.0015738	751.53	987.53	2.228	1.0352	1.3776	766.99	-0.024873	7.0096e-05	0.098104	supercritical
790.0	1502.8	636.13	0.001572	751.4	987.64	2.2275	1.0353	1.3777	767.76	-0.024936	7.0193e-05	0.098183	supercritical
790.0	1506.0	636.86	0.0015702	751.28	987.75	2.227	1.0353	1.3777	768.52	-0.024998	7.0289e-05	0.098262	supercritical
790.0	1509.2	637.59	0.0015684	751.15	987.86	2.2265	1.0354	1.3778	769.29	-0.02506	7.0386e-05	0.098341	supercritical
790.0	1512.5	638.32	0.0015666	751.02	987.97	2.226	1.0355	1.3779	770.05	-0.025122	7.0483e-05	0.09842	supercritical
790.0	1515.8	639.05	0.0015648	750.9	988.09	2.2255	1.0356	1.378	770.81	-0.025184	7.0579e-05	0.098499	supercritical
790.0	1519.0	639.78	0.001563	750.77	988.2	2.225	1.0357	1.378	771.58	-0.025245	7.0676e-05	0.098578	supercritical
790.0	1522.2	640.5	0.0015613	750.65	988.31	2.2245	1.0358	1.3781	772.34	-0.025307	7.0772e-05	0.098657	supercritical
790.0	1525.5	641.23	0.0015595	750.52	988.43	2.224	1.0359	1.3782	773.1	-0.025368	7.0869e-05	0.098736	supercritical
790.0	1528.8	641.95	0.0015578	750.4	988.54	2.2235	1.036	1.3782	773.86	-0.025428	7.0965e-05	0.098814	supercritical
790.0	1532.0	642.67	0.001556	750.27	988.65	2.223	1.0361	1.3783	774.62	-0.025489	7.1062e-05	0.098893	supercritical
790.0	1535.2	643.39	0.0015543	750.15	988.77	2.2225	1.0362	1.3784	775.38	-0.025549	7.1158e-05	0.098971	supercritical
790.0	1538.5	644.11	0.0015525	750.03	988.88	2.222	1.0363	1.3785	776.14	-0.025609	7.1255e-05	0.09905	supercritical
790.0	1541.8	644.83	0.0015508	749.9	989.0	2.2215	1.0364	1.3785	776.9	-0.025668	7.1351e-05	0.099128	supercritical
790.0	1545.0	645.54	0.0015491	749.78	989.11	2.221	1.0364	1.3786	777.66	-0.025727	7.1448e-05	0.099207	supercritical
790.0	1548.2	646.26	0.0015474	749.66	989.23	2.2205	1.0365	1.3787	778.42	-0.025787	7.1544e-05	0.099285	supercritical
790.0	1551.5	646.97	0.0015457	749.53	989.34	2.2201	1.0366	1.3787	779.18	-0.025845	7.1641e-05	0.099363	supercritical
790.0	1554.8	647.68	0.001544	749.41	989.46	2.2196	1.0367	1.3788	779.93	-0.025904	7.1737e-05	0.099441	supercritical
790.0	1558.0	648.39	0.0015423	749.29	989.58	2.2191	1.0368	1.3789	780.69	-0.025962	7.1834e-05	0.099519	supercritical
790.0	1561.2	649.1	0.0015406	749.17	989.69	2.2186	1.0369	1.3789	781.45	-0.02602	7.193e-05	0.099597	supercritical
790.0	1564.5	649.81	0.0015389	749.04	989.81	2.2181	1.037	1.379	782.2	-0.026078	7.2027e-05	0.099675	supercritical
790.0	1567.8	650.51	0.0015373	748.92	989.93	2.2176	1.0371	1.3791	782.96	-0.026136	7.2123e-05	0.099753	supercritical
790.0	1571.0	651.22	0.0015356	748.8	990.04	2.2171	1.0372	1.3791	783.71	-0.026193	7.222e-05	0.099831	supercritical
790.0	1574.2	651.92	0.0015339	748.68	990.16	2.2167	1.0373	1.3792	784.46	-0.02625	7.2316e-05	0.099909	supercritical
790.0	1577.5	652.62	0.0015323	748.56	990.28	2.2162	1.0374	1.3793	785.22	-0.026307	7.2412e-05	0.099987	supercritical
790.0	1580.8	653.32	0.0015306	748.44	990.4	2.2157	1.0375	1.3793	785.97	-0.026363	7.2509e-05	0.10006	supercritical
790.0	1584.0	654.02	0.001529	748.32	990.51	2.2152	1.0375	1.3794	786.72	-0.02642	7.2605e-05	0.10014	supercritical
790.0	1587.2	654.72	0.0015274	748.2	990.63	2.2147	1.0376	1.3795	787.47	-0.026476	7.2702e-05	0.10022	supercritical
790.0	1590.5	655.41	0.0015258	748.08	990.75	2.2143	1.0377	1.3795	788.22	-0.026532	7.2798e-05	0.1003	supercritical
790.0	1593.8	656.11	0.0015241	747.96	990.87	2.2138	1.0378	1.3796	788.97	-0.026587	7.2894e-05	0.10037	supercritical
790.0	1597.0	656.8	0.0015225	747.84	990.99	2.2133	1.0379	1.3797	789.72	-0.026643	7.2991e-05	0.10045	supercritical
790.0	1600.2	657.49	0.0015209	747.72	991.11	2.2128	1.038	1.3797	790.47	-0.026698	7.3087e-05	0.10053	supercritical
790.0	1603.5	658.18	0.0015193	747.61	991.23	2.2124	1.0381	1.3798	791.22	-0.026753	7.3183e-05	0.10061	supercritical
790.0	1606.8	658.87	0.0015177	747.49	991.35	2.2119	1.0382	1.3798	791.97	-0.026807	7.328e-05	0.10068	supercritical
790.0	1610.0	659.56	0.0015162	747.37	991.47	2.2114	1.0383	1.3799	792.71	-0.026862	7.3376e-05	0.10076	supercritical
790.0	1613.2	660.25	0.0015146	747.25	991.59	2.2109	1.0384	1.38	793.46	-0.026916	7.3472e-05	0.10084	supercritical
790.0	1616.5	660.93	0.001513	747.13	991.71	2.2105	1.0385	1.38	794.21	-0.02697	7.3569e-05	0.10092	supercritical
790.0	1619.8	661.62	0.0015114	747.02	991.83	2.21	1.0385	1.3801	794.95	-0.027024	7.3665e-05	0.10099	supercritical
790.0	1623.0	662.3	0.0015099	746.9	991.95	2.2095	1.0386	1.3801	795.7	-0.027078	7.3761e-05	0.10107	supercritical
790.0	1626.2	662.98	0.0015083	746.78	992.08	2.2091	1.0387	1.3802	796.44	-0.027131	7.3857e-05	0.10115	supercritical
790.0	1629.5	663.66	0.0015068	746.67	992.2	2.2086	1.0388	1.3803	797.19	-0.027184	7.3954e-05	0.10122	supercritical
790.0	1632.8	664.34	0.0015053	746.55	992.32	2.2081	1.0389	1.3803	797.93	-0.027237	7.405e-05	0.1013	supercritical
790.0	1636.0	665.02	0.0015037	746.43	992.44	2.2077	1.039	1.3804	798.67	-0.027289	7.4146e-05	0.10138	supercritical
790.0	1639.2	665.69	0.0015022	746.32	992.56	2.2072	1.0391	1.3804	799.41	-0.027342	7.4242e-05	0.10145	supercritical
790.0	1642.5	666.37	0.0015007	746.2	992.69	2.2067	1.0392	1.3805	800.16	-0.027394	7.4339e-05	0.10153	supercritical
790.0	1645.8	667.04	0.0014992	746.09	992.81	2.2063	1.0393	1.3806	800.9	-0.027446	7.4435e-05	0.10161	supercritical
790.0	1649.0	667.72	0.0014976	745.97	992.93	2.2058	1.0394	1.3806	801.64	-0.027498	7.4531e-05	0.10168	supercritical
790.0	1652.2	668.39	0.0014961	745.86	993.06	2.2054	1.0394	1.3807	802.38	-0.02755	7.4627e-05	0.10176	supercritical
790.0	1655.5	669.06	0.0014946	745.74	993.18	2.2049	1.0395	1.3807	803.12	-0.027601	7.4723e-05	0.10184	supercritical
790.0	1658.8	669.73	0.0014931	745.63	993.3	2.2044	1.0396	1.3808	803.86	-0.027652	7.4819e-05	0.10191	supercritical
790.0	1662.0	670.39	0.0014917	745.51	993.43	2.204	1.0397	1.3808	804.6	-0.027703	7.4916e-05	0.10199	supercritical
790.0	1665.2	671.06	0.0014902	745.4	993.55	2.2035	1.0398	1.3809	805.33	-0.027754	7.5012e-05	0.10207	supercritical
790.0	1668.5	671.72	0.0014887	745.29	993.68	2.2031	1.0399	1.381	806.07	-0.027804	7.5108e-05	0.10214	supercritical
790.0	1671.8	672.39	0.0014872	745.17	993.8	2.2026	1.04	1.381	806.81	-0.027855	7.5204e-05	0.10222	supercritical
790.0	1675.0	673.05	0.0014858	745.06	993.93	2.2022	1.0401	1.3811	807.54	-0.027905	7.53e-05	0.1023	supercritical
790.0	1678.2	673.71	0.0014843	744.95	994.05	2.2017	1.0402	1.3811	808.28	-0.027955	7.5396e-05	0.10237	supercritical
790.0	1681.5	674.37	0.0014829	744.84	994.18	2.2013	1.0403	1.3812	809.02	-0.028004	7.5492e-05	0.10245	supercritical
790.0	1684.8	675.03	0.0014814	744.72	994.3	2.2008	1.0403	1.3812	809.75	-0.028054	7.5588e-05	0.10252	supercritical
790.0	1688.0	675.69	0.00148	744.61	994.43	2.2004	1.0404	1.3813	810.48	-0.028103	7.5684e-05	0.1026	supercritical
790.0	1691.2	676.34	0.0014785	744.5	994.56	2.1999	1.0405	1.3813	811.22	-0.028152	7.578e-05	0.10268	supercritical
790.0	1694.5	677.0	0.0014771	744.39	994.68	2.1995	1.0406	1.3814	811.95	-0.028201	7.5876e-05	0.10275	supercritical
790.0	1697.8	677.65	0.0014757	744.28	994.81	2.199	1.0407	1.3814	812.68	-0.02825	7.5972e-05	0.10283	supercritical
790.0	1701.0	678.3	0.0014743	744.17	994.94	2.1986	1.0408	1.3815	813.41	-0.028298	7.6068e-05	0.1029	supercritical
790.0	1704.2	678.96	0.0014728	744.05	995.06	2.1981	1.0409	1.3816	814.15	-0.028346	7.6164e-05	0.10298	supercritical
790.0	1707.5	679.61	0.0014714	743.94	995.19	2.1977	1.041	1.3816	814.88	-0.028395	7.626e-05	0.10306	supercritical
790.0	1710.8	680.26	0.00147	743.83	995.32	2.1972	1.0411	1.3817	815.61	-0.028442	7.6356e-05	0.10313	supercritical
790.0	1714.0	680.9	0.0014686	743.72	995.45	2.1968	1.0412	1.3817	816.34	-0.02849	7.6452e-05	0.10321	supercritical
790.0	1717.2	681.55	0.0014672	743.61	995.58	2.1964	1.0412	1.3818	817.07	-0.028538	7.6548e-05	0.10328	supercritical
790.0	1720.5	682.2	0.0014659	743.5	995.7	2.1959	1.0413	1.3818	817.79	-0.028585	7.6644e-05	0.10336	supercritical
790.0	1723.8	682.84	0.0014645	743.39	995.83	2.1955	1.0414	1.3819	818.52	-0.028632	7.674e-05	0.10343	supercritical
790.0	1727.0	683.48	0.0014631	743.28	995.96	2.195	1.0415	1.3819	819.25	-0.028679	7.6836e-05	0.10351	supercritical
790.0	1730.2	684.12	0.0014617	743.18	996.09	2.1946	1.0416	1.382	819.98	-0.028726	7.6932e-05	0.10359	supercritical
790.0	1733.5	684.77	0.0014604	743.07	996.22	2.1942	1.0417	1.382	820.7	-0.028772	7.7027e-05	0.10366	supercritical
790.0	1736.8	685.4	0.001459	742.96	996.35	2.1937	1.0418	1.3821	821.43	-0.028819	7.7123e-05	0.10374	supercritical
790.0	1740.0	686.04	0.0014576	742.85	996.48	2.1933	1.0419	1.3821	822.16	-0.028865	7.7219e-05	0.10381	supercritical
790.0	1743.2	686.68	0.0014563	742.74	996.61	2.1929	1.042	1.3822	822.88	-0.028911	7.7315e-05	0.10389	supercritical
790.0	1746.5	687.32	0.0014549	742.63	996.74	2.1924	1.042	1.3822	823.6	-0.028957	7.7411e-05	0.10396	supercritical
790.0	1749.8	687.95	0.0014536	742.53	996.87	2.192	1.0421	1.3823	824.33	-0.029002	7.7506e-05	0.10404	supercritical
790.0	1753.0	688.59	0.0014523	742.42	997.0	2.1916	1.0422	1.3823	825.05	-0.029048	7.7602e-05	0.10411	supercritical
790.0	1756.2	689.22	0.0014509	742.31	997.13	2.1911	1.0423	1.3824	825.77	-0.029093	7.7698e-05	0.10419	supercritical
790.0	1759.5	689.85	0.0014496	742.2	997.26	2.1907	1.0424	1.3824	826.5	-0.029138	7.7794e-05	0.10426	supercritical
790.0	1762.8	690.48	0.0014483	742.1	997.39	2.1903	1.0425	1.3825	827.22	-0.029183	7.7889e-05	0.10434	supercritical
790.0	1766.0	691.11	0.0014469	741.99	997.52	2.1898	1.0426	1.3825	827.94	-0.029228	7.7985e-05	0.10441	supercritical
790.0	1769.2	691.74	0.0014456	741.88	997.65	2.1894	1.0427	1.3825	828.66	-0.029272	7.8081e-05	0.10449	supercritical
790.0	1772.5	692.36	0.0014443	741.78	997.78	2.189	1.0428	1.3826	829.38	-0.029317	7.8176e-05	0.10457	supercritical
790.0	1775.8	692.99	0.001443	741.67	997.92	2.1885	1.0428	1.3826	830.1	-0.029361	7.8272e-05	0.10464	supercritical
790.0	1779.0	693.61	0.0014417	741.57	998.05	2.1881	1.0429	1.3827	830.82	-0.029405	7.8368e-05	0.10472	supercritical
790.0	1782.2	694.24	0.0014404	741.46	998.18	2.1877	1.043	1.3827	831.54	-0.029449	7.8463e-05	0.10479	supercritical
790.0	1785.5	694.86	0.0014391	741.36	998.31	2.1873	1.0431	1.3828	832.25	-0.029493	7.8559e-05	0.10487	supercritical
790.0	1788.8	695.48	0.0014379	741.25	998.45	2.1868	1.0432	1.3828	832.97	-0.029536	7.8655e-05	0.10494	supercritical
790.0	1792.0	696.1	0.0014366	741.15	998.58	2.1864	1.0433	1.3829	833.69	-0.029579	7.875e-05	0.10502	supercritical
790.0	1795.2	696.72	0.0014353	741.04	998.71	2.186	1.0434	1.3829	834.4	-0.029623	7.8846e-05	0.10509	supercritical
790.0	1798.5	697.34	0.001434	740.94	998.85	2.1856	1.0435	1.383	835.12	-0.029666	7.8941e-05	0.10517	supercritical
790.0	1801.8	697.96	0.0014328	740.83	998.98	2.1852	1.0436	1.383	835.84	-0.029708	7.9037e-05	0.10524	supercritical
790.0	1805.0	698.57	0.0014315	740.73	999.11	2.1847	1.0436	1.383	836.55	-0.029751	7.9132e-05	0.10532	supercritical
790.0	1808.2	699.19	0.0014302	740.62	999.25	2.1843	1.0437	1.3831	837.26	-0.029794	7.9228e-05	0.10539	supercritical
790.0	1811.5	699.8	0.001429	740.52	999.38	2.1839	1.0438	1.3831	837.98	-0.029836	7.9323e-05	0.10546	supercritical
790.0	1814.8	700.41	0.0014277	740.42	999.51	2.1835	1.0439	1.3832	838.69	-0.029878	7.9419e-05	0.10554	supercritical
790.0	1818.0	701.03	0.0014265	740.31	999.65	2.1831	1.044	1.3832	839.4	-0.02992	7.9514e-05	0.10561	supercritical
790.0	1821.2	701.64	0.0014252	740.21	999.78	2.1827	1.0441	1.3833	840.12	-0.029962	7.961e-05	0.10569	supercritical
790.0	1824.5	702.25	0.001424	740.11	999.92	2.1822	1.0442	1.3833	840.83	-0.030003	7.9705e-05	0.10576	supercritical
790.0	1827.8	702.85	0.0014228	740.01	1000.1	2.1818	1.0443	1.3834	841.54	-0.030045	7.98e-05	0.10584	supercritical
790.0	1831.0	703.46	0.0014215	739.9	1000.2	2.1814	1.0444	1.3834	842.25	-0.030086	7.9896e-05	0.10591	supercritical
790.0	1834.2	704.07	0.0014203	739.8	1000.3	2.181	1.0444	1.3834	842.96	-0.030127	7.9991e-05	0.10599	supercritical
790.0	1837.5	704.67	0.0014191	739.7	1000.5	2.1806	1.0445	1.3835	843.67	-0.030168	8.0087e-05	0.10606	supercritical
790.0	1840.8	705.28	0.0014179	739.6	1000.6	2.1802	1.0446	1.3835	844.38	-0.030209	8.0182e-05	0.10614	supercritical
790.0	1844.0	705.88	0.0014167	739.5	1000.7	2.1798	1.0447	1.3836	845.08	-0.03025	8.0277e-05	0.10621	supercritical
790.0	1847.2	706.48	0.0014155	739.4	1000.9	2.1793	1.0448	1.3836	845.79	-0.03029	8.0373e-05	0.10629	supercritical
790.0	1850.5	707.08	0.0014143	739.29	1001.0	2.1789	1.0449	1.3836	846.5	-0.030331	8.0468e-05	0.10636	supercritical
790.0	1853.8	707.68	0.0014131	739.19	1001.1	2.1785	1.045	1.3837	847.21	-0.030371	8.0563e-05	0.10644	supercritical
790.0	1857.0	708.28	0.0014119	739.09	1001.3	2.1781	1.0451	1.3837	847.91	-0.030411	8.0658e-05	0.10651	supercritical
790.0	1860.2	708.88	0.0014107	738.99	1001.4	2.1777	1.0451	1.3838	848.62	-0.030451	8.0754e-05	0.10658	supercritical
790.0	1863.5	709.48	0.0014095	738.89	1001.6	2.1773	1.0452	1.3838	849.32	-0.030491	8.0849e-05	0.10666	supercritical
790.0	1866.8	710.07	0.0014083	738.79	1001.7	2.1769	1.0453	1.3839	850.03	-0.03053	8.0944e-05	0.10673	supercritical
790.0	1870.0	710.67	0.0014071	738.69	1001.8	2.1765	1.0454	1.3839	850.73	-0.03057	8.1039e-05	0.10681	supercritical
790.0	1873.2	711.26	0.0014059	738.59	1002.0	2.1761	1.0455	1.3839	851.43	-0.030609	8.1134e-05	0.10688	supercritical
790.0	1876.5	711.86	0.0014048	738.49	1002.1	2.1757	1.0456	1.384	852.14	-0.030648	8.123e-05	0.10696	supercritical
790.0	1879.8	712.45	0.0014036	738.39	1002.2	2.1753	1.0457	1.384	852.84	-0.030687	8.1325e-05	0.10703	supercritical
790.0	1883.0	713.04	0.0014024	738.3	1002.4	2.1749	1.0458	1.3841	853.54	-0.030726	8.142e-05	0.1071	supercritical
790.0	1886.2	713.63	0.0014013	738.2	1002.5	2.1745	1.0459	1.3841	854.24	-0.030764	8.1515e-05	0.10718	supercritical
790.0	1889.5	714.22	0.0014001	738.1	1002.7	2.1741	1.0459	1.3841	854.94	-0.030803	8.161e-05	0.10725	supercritical
790.0	1892.8	714.81	0.001399	738.0	1002.8	2.1737	1.046	1.3842	855.64	-0.030841	8.1705e-05	0.10733	supercritical
790.0	1896.0	715.39	0.0013978	737.9	1002.9	2.1733	1.0461	1.3842	856.34	-0.03088	8.18e-05	0.1074	supercritical
790.0	1899.2	715.98	0.0013967	737.8	1003.1	2.1729	1.0462	1.3842	857.04	-0.030918	8.1895e-05	0.10748	supercritical
790.0	1902.5	716.56	0.0013955	737.71	1003.2	2.1725	1.0463	1.3843	857.74	-0.030956	8.199e-05	0.10755	supercritical
790.0	1905.8	717.15	0.0013944	737.61	1003.3	2.1721	1.0464	1.3843	858.44	-0.030993	8.2085e-05	0.10762	supercritical
790.0	1909.0	717.73	0.0013933	737.51	1003.5	2.1717	1.0465	1.3844	859.14	-0.031031	8.218e-05	0.1077	supercritical
790.0	1912.2	718.31	0.0013922	737.41	1003.6	2.1713	1.0466	1.3844	859.83	-0.031068	8.2275e-05	0.10777	supercritical
790.0	1915.5	718.89	0.001391	737.32	1003.8	2.1709	1.0466	1.3844	860.53	-0.031106	8.237e-05	0.10785	supercritical
790.0	1918.8	719.47	0.0013899	737.22	1003.9	2.1705	1.0467	1.3845	861.23	-0.031143	8.2465e-05	0.10792	supercritical
790.0	1922.0	720.05	0.0013888	737.12	1004.0	2.1701	1.0468	1.3845	861.92	-0.03118	8.256e-05	0.10799	supercritical
790.0	1925.2	720.63	0.0013877	737.03	1004.2	2.1697	1.0469	1.3845	862.62	-0.031217	8.2655e-05	0.10807	supercritical
790.0	1928.5	721.21	0.0013866	736.93	1004.3	2.1693	1.047	1.3846	863.31	-0.031254	8.275e-05	0.10814	supercritical
790.0	1931.8	721.78	0.0013855	736.83	1004.5	2.1689	1.0471	1.3846	864.0	-0.03129	8.2845e-05	0.10822	supercritical
790.0	1935.0	722.36	0.0013844	736.74	1004.6	2.1685	1.0472	1.3847	864.7	-0.031327	8.294e-05	0.10829	supercritical
790.0	1938.2	722.93	0.0013833	736.64	1004.8	2.1682	1.0473	1.3847	865.39	-0.031363	8.3034e-05	0.10837	supercritical
790.0	1941.5	723.51	0.0013822	736.55	1004.9	2.1678	1.0473	1.3847	866.08	-0.031399	8.3129e-05	0.10844	supercritical
790.0	1944.8	724.08	0.0013811	736.45	1005.0	2.1674	1.0474	1.3848	866.77	-0.031435	8.3224e-05	0.10851	supercritical
790.0	1948.0	724.65	0.00138	736.36	1005.2	2.167	1.0475	1.3848	867.46	-0.031471	8.3319e-05	0.10859	supercritical
790.0	1951.2	725.22	0.0013789	736.26	1005.3	2.1666	1.0476	1.3848	868.16	-0.031507	8.3414e-05	0.10866	supercritical
790.0	1954.5	725.79	0.0013778	736.17	1005.5	2.1662	1.0477	1.3849	868.85	-0.031543	8.3508e-05	0.10874	supercritical
790.0	1957.8	726.36	0.0013767	736.07	1005.6	2.1658	1.0478	1.3849	869.54	-0.031578	8.3603e-05	0.10881	supercritical
790.0	1961.0	726.93	0.0013757	735.98	1005.7	2.1654	1.0479	1.3849	870.22	-0.031613	8.3698e-05	0.10888	supercritical
790.0	1964.2	727.49	0.0013746	735.88	1005.9	2.165	1.048	1.385	870.91	-0.031649	8.3792e-05	0.10896	supercritical
790.0	1967.5	728.06	0.0013735	735.79	1006.0	2.1647	1.048	1.385	871.6	-0.031684	8.3887e-05	0.10903	supercritical
790.0	1970.8	728.63	0.0013724	735.7	1006.2	2.1643	1.0481	1.385	872.29	-0.031719	8.3982e-05	0.1091	supercritical
790.0	1974.0	729.19	0.0013714	735.6	1006.3	2.1639	1.0482	1.3851	872.98	-0.031754	8.4076e-05	0.10918	supercritical
790.0	1977.2	729.75	0.0013703	735.51	1006.5	2.1635	1.0483	1.3851	873.66	-0.031788	8.4171e-05	0.10925	supercritical
790.0	1980.5	730.31	0.0013693	735.42	1006.6	2.1631	1.0484	1.3852	874.35	-0.031823	8.4266e-05	0.10933	supercritical
790.0	1983.8	730.88	0.0013682	735.32	1006.7	2.1627	1.0485	1.3852	875.03	-0.031857	8.436e-05	0.1094	supercritical
790.0	1987.0	731.44	0.0013672	735.23	1006.9	2.1624	1.0486	1.3852	875.72	-0.031891	8.4455e-05	0.10947	supercritical
790.0	1990.2	732.0	0.0013661	735.14	1007.0	2.162	1.0486	1.3853	876.4	-0.031926	8.4549e-05	0.10955	supercritical
790.0	1993.5	732.55	0.0013651	735.04	1007.2	2.1616	1.0487	1.3853	877.09	-0.03196	8.4644e-05	0.10962	supercritical
790.0	1996.8	733.11	0.001364	734.95	1007.3	2.1612	1.0488	1.3853	877.77	-0.031994	8.4738e-05	0.1097	supercritical
790.0	2000.0	733.67	0.001363	734.86	1007.5	2.1608	1.0489	1.3854	878.45	-0.032027	8.4833e-05	0.10977	supercritical
