Temperature (K)	Pressure (bar)	Density (kg/m3)	Volume (m3/kg)	Internal Energy (kJ/kg)	Enthalpy (kJ/kg)	Entropy (J/g*K)	Cv (J/g*K)	Cp (J/g*K)	Sound Spd. (m/s)	Joule-Thomson (K/bar)	Viscosity (Pa*s)	Therm. Cond. (W/m*K)	Phase
255.0	56.5	1039.2	0.00096232	152.39	157.83	0.83215	0.9353	2.097	730.52	0.0053043	0.00014283	0.13502	liquid
255.0	59.75	1040.5	0.00096106	152.05	157.8	0.83079	0.9355	2.0902	733.68	0.0048517	0.00014347	0.1354	liquid
255.0	63.0	1041.9	0.00095983	151.72	157.77	0.82945	0.93569	2.0835	736.79	0.0044097	0.0001441	0.13578	liquid
255.0	66.25	1043.2	0.00095861	151.39	157.74	0.82811	0.93589	2.0771	739.87	0.0039779	0.00014472	0.13615	liquid
255.0	69.5	1044.5	0.00095741	151.06	157.71	0.82679	0.9361	2.0708	742.92	0.0035559	0.00014534	0.13652	liquid
255.0	72.75	1045.8	0.00095622	150.73	157.69	0.82548	0.9363	2.0647	745.93	0.0031433	0.00014596	0.13689	liquid
255.0	76.0	1047.1	0.00095505	150.41	157.67	0.82419	0.9365	2.0587	748.92	0.0027396	0.00014658	0.13725	liquid
255.0	79.25	1048.3	0.0009539	150.09	157.65	0.82291	0.93671	2.0529	751.87	0.0023447	0.00014719	0.13762	liquid
255.0	82.5	1049.6	0.00095276	149.78	157.64	0.82163	0.93691	2.0472	754.79	0.0019582	0.00014779	0.13798	liquid
255.0	85.75	1050.8	0.00095163	149.47	157.63	0.82038	0.93712	2.0417	757.68	0.0015797	0.0001484	0.13833	liquid
255.0	89.0	1052.1	0.00095052	149.16	157.62	0.81913	0.93733	2.0363	760.55	0.001209	0.000149	0.13869	liquid
255.0	92.25	1053.3	0.00094943	148.85	157.61	0.81789	0.93754	2.031	763.39	0.0008458	0.0001496	0.13904	liquid
255.0	95.5	1054.5	0.00094835	148.55	157.61	0.81666	0.93774	2.0258	766.2	0.00048989	0.00015019	0.13939	liquid
255.0	98.75	1055.7	0.00094728	148.25	157.6	0.81545	0.93795	2.0208	768.99	0.00014099	0.00015079	0.13974	liquid
255.0	102.0	1056.8	0.00094622	147.95	157.6	0.81424	0.93816	2.0159	771.75	-0.00020111	0.00015138	0.14008	liquid
255.0	105.25	1058.0	0.00094518	147.66	157.61	0.81304	0.93837	2.011	774.49	-0.00053664	0.00015196	0.14042	liquid
255.0	108.5	1059.2	0.00094415	147.37	157.61	0.81186	0.93858	2.0063	777.2	-0.00086582	0.00015255	0.14076	liquid
255.0	111.75	1060.3	0.00094313	147.08	157.62	0.81068	0.93878	2.0017	779.89	-0.0011888	0.00015313	0.1411	liquid
255.0	115.0	1061.4	0.00094212	146.79	157.63	0.80952	0.93899	1.9972	782.56	-0.0015059	0.00015371	0.14144	liquid
255.0	118.25	1062.6	0.00094112	146.51	157.64	0.80836	0.9392	1.9928	785.21	-0.0018171	0.00015429	0.14177	liquid
255.0	121.5	1063.7	0.00094014	146.23	157.65	0.80721	0.93941	1.9884	787.84	-0.0021228	0.00015486	0.1421	liquid
255.0	124.75	1064.8	0.00093916	145.95	157.67	0.80607	0.93962	1.9842	790.44	-0.002423	0.00015543	0.14243	liquid
255.0	128.0	1065.9	0.0009382	145.67	157.68	0.80494	0.93982	1.98	793.03	-0.0027179	0.000156	0.14276	liquid
255.0	131.25	1067.0	0.00093725	145.4	157.7	0.80381	0.94003	1.9759	795.6	-0.0030077	0.00015657	0.14309	liquid
255.0	134.5	1068.0	0.0009363	145.13	157.72	0.8027	0.94023	1.9719	798.14	-0.0032925	0.00015713	0.14341	liquid
255.0	137.75	1069.1	0.00093537	144.86	157.74	0.80159	0.94044	1.968	800.67	-0.0035724	0.0001577	0.14374	liquid
255.0	141.0	1070.2	0.00093445	144.59	157.77	0.80049	0.94065	1.9641	803.18	-0.0038477	0.00015826	0.14406	liquid
255.0	144.25	1071.2	0.00093353	144.33	157.79	0.7994	0.94085	1.9604	805.68	-0.0041183	0.00015881	0.14437	liquid
255.0	147.5	1072.2	0.00093263	144.06	157.82	0.79832	0.94105	1.9567	808.15	-0.0043845	0.00015937	0.14469	liquid
255.0	150.75	1073.3	0.00093173	143.8	157.85	0.79725	0.94126	1.953	810.61	-0.0046464	0.00015993	0.14501	liquid
255.0	154.0	1074.3	0.00093085	143.54	157.88	0.79618	0.94146	1.9495	813.05	-0.004904	0.00016048	0.14532	liquid
255.0	157.25	1075.3	0.00092997	143.29	157.91	0.79512	0.94166	1.9459	815.47	-0.0051575	0.00016103	0.14563	liquid
255.0	160.5	1076.3	0.0009291	143.03	157.94	0.79406	0.94186	1.9425	817.88	-0.005407	0.00016158	0.14594	liquid
255.0	163.75	1077.3	0.00092824	142.78	157.98	0.79302	0.94206	1.9391	820.28	-0.0056526	0.00016212	0.14625	liquid
255.0	167.0	1078.3	0.00092739	142.53	158.01	0.79198	0.94227	1.9358	822.65	-0.0058944	0.00016267	0.14656	liquid
255.0	170.25	1079.3	0.00092654	142.28	158.05	0.79094	0.94246	1.9325	825.02	-0.0061325	0.00016321	0.14687	liquid
255.0	173.5	1080.3	0.0009257	142.03	158.09	0.78992	0.94266	1.9293	827.36	-0.0063669	0.00016375	0.14717	liquid
255.0	176.75	1081.2	0.00092488	141.78	158.13	0.7889	0.94286	1.9261	829.69	-0.0065978	0.00016429	0.14747	liquid
255.0	180.0	1082.2	0.00092405	141.54	158.17	0.78788	0.94306	1.923	832.01	-0.0068253	0.00016483	0.14777	liquid
255.0	183.25	1083.1	0.00092324	141.3	158.22	0.78687	0.94326	1.92	834.32	-0.0070494	0.00016536	0.14807	liquid
255.0	186.5	1084.1	0.00092243	141.06	158.26	0.78587	0.94345	1.917	836.61	-0.0072702	0.0001659	0.14837	liquid
255.0	189.75	1085.0	0.00092164	140.82	158.31	0.78488	0.94365	1.914	838.88	-0.0074879	0.00016643	0.14867	liquid
255.0	193.0	1086.0	0.00092084	140.58	158.35	0.78389	0.94385	1.9111	841.15	-0.0077023	0.00016696	0.14897	liquid
255.0	196.25	1086.9	0.00092006	140.35	158.4	0.78291	0.94404	1.9082	843.4	-0.0079138	0.00016749	0.14926	liquid
255.0	199.5	1087.8	0.00091928	140.11	158.45	0.78193	0.94423	1.9054	845.63	-0.0081222	0.00016802	0.14955	liquid
255.0	202.75	1088.7	0.00091851	139.88	158.5	0.78096	0.94443	1.9026	847.86	-0.0083277	0.00016855	0.14985	liquid
255.0	206.0	1089.6	0.00091774	139.65	158.56	0.77999	0.94462	1.8999	850.07	-0.0085303	0.00016907	0.15014	liquid
255.0	209.25	1090.5	0.00091698	139.42	158.61	0.77903	0.94481	1.8972	852.27	-0.0087302	0.00016959	0.15043	liquid
255.0	212.5	1091.4	0.00091623	139.19	158.66	0.77808	0.945	1.8945	854.46	-0.0089273	0.00017012	0.15071	liquid
255.0	215.75	1092.3	0.00091549	138.97	158.72	0.77713	0.94519	1.8919	856.63	-0.0091217	0.00017064	0.151	liquid
255.0	219.0	1093.2	0.00091475	138.74	158.78	0.77618	0.94538	1.8894	858.79	-0.0093135	0.00017116	0.15129	liquid
255.0	222.25	1094.1	0.00091401	138.52	158.83	0.77524	0.94557	1.8868	860.95	-0.0095028	0.00017167	0.15157	liquid
255.0	225.5	1094.9	0.00091328	138.3	158.89	0.77431	0.94576	1.8843	863.09	-0.0096895	0.00017219	0.15185	liquid
255.0	228.75	1095.8	0.00091256	138.08	158.95	0.77338	0.94595	1.8819	865.22	-0.0098738	0.0001727	0.15214	liquid
255.0	232.0	1096.7	0.00091185	137.86	159.01	0.77246	0.94614	1.8794	867.34	-0.010056	0.00017322	0.15242	liquid
255.0	235.25	1097.5	0.00091113	137.64	159.07	0.77154	0.94633	1.877	869.44	-0.010235	0.00017373	0.1527	liquid
255.0	238.5	1098.4	0.00091043	137.42	159.14	0.77062	0.94651	1.8747	871.54	-0.010412	0.00017424	0.15297	liquid
255.0	241.75	1099.2	0.00090973	137.21	159.2	0.76972	0.9467	1.8724	873.63	-0.010587	0.00017475	0.15325	liquid
255.0	245.0	1100.1	0.00090904	137.0	159.27	0.76881	0.94689	1.8701	875.7	-0.01076	0.00017526	0.15353	liquid
255.0	248.25	1100.9	0.00090835	136.78	159.33	0.76791	0.94707	1.8678	877.77	-0.010931	0.00017577	0.1538	liquid
255.0	251.5	1101.7	0.00090766	136.57	159.4	0.76702	0.94725	1.8656	879.82	-0.011099	0.00017627	0.15408	liquid
255.0	254.75	1102.6	0.00090698	136.36	159.47	0.76613	0.94744	1.8634	881.87	-0.011266	0.00017678	0.15435	liquid
255.0	258.0	1103.4	0.00090631	136.15	159.54	0.76524	0.94762	1.8612	883.9	-0.01143	0.00017728	0.15462	liquid
255.0	261.25	1104.2	0.00090564	135.95	159.61	0.76436	0.9478	1.8591	885.93	-0.011592	0.00017779	0.1549	liquid
255.0	264.5	1105.0	0.00090498	135.74	159.68	0.76348	0.94799	1.8569	887.95	-0.011753	0.00017829	0.15517	liquid
255.0	267.75	1105.8	0.00090432	135.53	159.75	0.76261	0.94817	1.8549	889.95	-0.011911	0.00017879	0.15543	liquid
255.0	271.0	1106.6	0.00090367	135.33	159.82	0.76174	0.94835	1.8528	891.95	-0.012067	0.00017929	0.1557	liquid
255.0	274.25	1107.4	0.00090302	135.13	159.89	0.76087	0.94853	1.8508	893.94	-0.012222	0.00017978	0.15597	liquid
255.0	277.5	1108.2	0.00090237	134.93	159.97	0.76001	0.94871	1.8488	895.92	-0.012375	0.00018028	0.15624	liquid
255.0	280.75	1109.0	0.00090173	134.73	160.04	0.75916	0.94889	1.8468	897.89	-0.012526	0.00018078	0.1565	liquid
255.0	284.0	1109.8	0.00090109	134.53	160.12	0.7583	0.94907	1.8448	899.85	-0.012675	0.00018127	0.15677	liquid
255.0	287.25	1110.5	0.00090046	134.33	160.19	0.75746	0.94925	1.8429	901.8	-0.012823	0.00018177	0.15703	liquid
255.0	290.5	1111.3	0.00089984	134.13	160.27	0.75661	0.94943	1.841	903.74	-0.012969	0.00018226	0.15729	liquid
255.0	293.75	1112.1	0.00089921	133.93	160.35	0.75577	0.9496	1.8391	905.68	-0.013113	0.00018275	0.15755	liquid
255.0	297.0	1112.8	0.0008986	133.74	160.43	0.75493	0.94978	1.8372	907.6	-0.013255	0.00018324	0.15782	liquid
255.0	300.25	1113.6	0.00089798	133.54	160.51	0.7541	0.94996	1.8354	909.52	-0.013396	0.00018373	0.15808	liquid
255.0	303.5	1114.4	0.00089737	133.35	160.59	0.75327	0.95013	1.8336	911.43	-0.013536	0.00018422	0.15833	liquid
255.0	306.75	1115.1	0.00089677	133.16	160.67	0.75245	0.95031	1.8318	913.33	-0.013673	0.00018471	0.15859	liquid
255.0	310.0	1115.9	0.00089616	132.97	160.75	0.75162	0.95049	1.83	915.23	-0.01381	0.0001852	0.15885	liquid
255.0	313.25	1116.6	0.00089557	132.78	160.83	0.75081	0.95066	1.8283	917.11	-0.013945	0.00018568	0.15911	liquid
255.0	316.5	1117.4	0.00089497	132.59	160.92	0.74999	0.95084	1.8265	918.99	-0.014078	0.00018617	0.15936	liquid
255.0	319.75	1118.1	0.00089438	132.4	161.0	0.74918	0.95101	1.8248	920.86	-0.01421	0.00018665	0.15962	liquid
255.0	323.0	1118.8	0.0008938	132.21	161.08	0.74837	0.95118	1.8231	922.72	-0.01434	0.00018714	0.15987	liquid
255.0	326.25	1119.6	0.00089321	132.03	161.17	0.74757	0.95136	1.8215	924.58	-0.014469	0.00018762	0.16013	liquid
255.0	329.5	1120.3	0.00089263	131.84	161.26	0.74677	0.95153	1.8198	926.42	-0.014597	0.0001881	0.16038	liquid
255.0	332.75	1121.0	0.00089206	131.66	161.34	0.74597	0.9517	1.8182	928.26	-0.014723	0.00018858	0.16063	liquid
255.0	336.0	1121.7	0.00089149	131.48	161.43	0.74518	0.95188	1.8166	930.09	-0.014848	0.00018906	0.16088	liquid
255.0	339.25	1122.4	0.00089092	131.29	161.52	0.74438	0.95205	1.815	931.92	-0.014972	0.00018954	0.16113	liquid
255.0	342.5	1123.1	0.00089035	131.11	161.61	0.7436	0.95222	1.8134	933.73	-0.015094	0.00019002	0.16138	liquid
255.0	345.75	1123.9	0.00088979	130.93	161.7	0.74281	0.95239	1.8118	935.54	-0.015215	0.00019049	0.16163	liquid
255.0	349.0	1124.6	0.00088924	130.75	161.79	0.74203	0.95256	1.8103	937.35	-0.015335	0.00019097	0.16188	liquid
255.0	352.25	1125.3	0.00088868	130.57	161.88	0.74125	0.95273	1.8088	939.14	-0.015454	0.00019145	0.16212	liquid
255.0	355.5	1126.0	0.00088813	130.39	161.97	0.74048	0.9529	1.8072	940.93	-0.015571	0.00019192	0.16237	liquid
255.0	358.75	1126.7	0.00088758	130.22	162.06	0.73971	0.95307	1.8058	942.71	-0.015687	0.0001924	0.16262	liquid
255.0	362.0	1127.3	0.00088704	130.04	162.15	0.73894	0.95324	1.8043	944.49	-0.015802	0.00019287	0.16286	liquid
255.0	365.25	1128.0	0.0008865	129.86	162.24	0.73817	0.95341	1.8028	946.26	-0.015916	0.00019334	0.16311	liquid
255.0	368.5	1128.7	0.00088596	129.69	162.34	0.73741	0.95358	1.8014	948.02	-0.016029	0.00019381	0.16335	liquid
255.0	371.75	1129.4	0.00088543	129.52	162.43	0.73665	0.95375	1.7999	949.78	-0.016141	0.00019428	0.16359	liquid
255.0	375.0	1130.1	0.00088489	129.34	162.53	0.73589	0.95392	1.7985	951.52	-0.016251	0.00019475	0.16384	liquid
255.0	378.25	1130.8	0.00088437	129.17	162.62	0.73514	0.95408	1.7971	953.27	-0.016361	0.00019522	0.16408	liquid
255.0	381.5	1131.4	0.00088384	129.0	162.72	0.73439	0.95425	1.7957	955.0	-0.016469	0.00019569	0.16432	liquid
255.0	384.75	1132.1	0.00088332	128.83	162.81	0.73364	0.95442	1.7944	956.73	-0.016576	0.00019616	0.16456	liquid
255.0	388.0	1132.8	0.0008828	128.66	162.91	0.7329	0.95459	1.793	958.45	-0.016683	0.00019663	0.1648	liquid
255.0	391.25	1133.4	0.00088228	128.49	163.01	0.73215	0.95475	1.7917	960.17	-0.016788	0.0001971	0.16504	liquid
255.0	394.5	1134.1	0.00088177	128.32	163.11	0.73141	0.95492	1.7903	961.88	-0.016892	0.00019756	0.16528	liquid
255.0	397.75	1134.7	0.00088126	128.15	163.2	0.73068	0.95508	1.789	963.59	-0.016996	0.00019803	0.16551	liquid
255.0	401.0	1135.4	0.00088075	127.99	163.3	0.72994	0.95525	1.7877	965.29	-0.017098	0.00019849	0.16575	liquid
255.0	404.25	1136.0	0.00088025	127.82	163.4	0.72921	0.95542	1.7864	966.98	-0.017199	0.00019896	0.16599	liquid
255.0	407.5	1136.7	0.00087974	127.65	163.5	0.72848	0.95558	1.7851	968.66	-0.017299	0.00019942	0.16622	liquid
255.0	410.75	1137.3	0.00087924	127.49	163.6	0.72776	0.95575	1.7839	970.34	-0.017399	0.00019988	0.16646	liquid
255.0	414.0	1138.0	0.00087875	127.33	163.71	0.72703	0.95591	1.7826	972.02	-0.017497	0.00020034	0.16669	liquid
255.0	417.25	1138.6	0.00087825	127.16	163.81	0.72631	0.95608	1.7814	973.69	-0.017595	0.0002008	0.16693	liquid
255.0	420.5	1139.3	0.00087776	127.0	163.91	0.72559	0.95624	1.7802	975.35	-0.017692	0.00020127	0.16716	liquid
255.0	423.75	1139.9	0.00087727	126.84	164.01	0.72488	0.9564	1.7789	977.01	-0.017788	0.00020173	0.16739	liquid
255.0	427.0	1140.5	0.00087679	126.68	164.11	0.72416	0.95657	1.7777	978.66	-0.017882	0.00020218	0.16763	liquid
255.0	430.25	1141.2	0.0008763	126.52	164.22	0.72345	0.95673	1.7765	980.31	-0.017977	0.00020264	0.16786	liquid
255.0	433.5	1141.8	0.00087582	126.36	164.32	0.72274	0.9569	1.7754	981.95	-0.01807	0.0002031	0.16809	liquid
255.0	436.75	1142.4	0.00087534	126.2	164.43	0.72204	0.95706	1.7742	983.58	-0.018162	0.00020356	0.16832	liquid
255.0	440.0	1143.0	0.00087487	126.04	164.53	0.72133	0.95722	1.773	985.21	-0.018254	0.00020402	0.16855	liquid
255.0	443.25	1143.6	0.00087439	125.88	164.64	0.72063	0.95738	1.7719	986.84	-0.018345	0.00020447	0.16878	liquid
255.0	446.5	1144.3	0.00087392	125.72	164.74	0.71993	0.95755	1.7707	988.45	-0.018434	0.00020493	0.16901	liquid
255.0	449.75	1144.9	0.00087346	125.57	164.85	0.71924	0.95771	1.7696	990.07	-0.018524	0.00020538	0.16924	liquid
255.0	453.0	1145.5	0.00087299	125.41	164.96	0.71854	0.95787	1.7685	991.68	-0.018612	0.00020584	0.16947	liquid
255.0	456.25	1146.1	0.00087253	125.25	165.06	0.71785	0.95803	1.7674	993.28	-0.0187	0.00020629	0.16969	liquid
255.0	459.5	1146.7	0.00087206	125.1	165.17	0.71716	0.9582	1.7663	994.88	-0.018786	0.00020675	0.16992	liquid
255.0	462.75	1147.3	0.0008716	124.95	165.28	0.71647	0.95836	1.7652	996.47	-0.018872	0.0002072	0.17015	liquid
255.0	466.0	1147.9	0.00087115	124.79	165.39	0.71579	0.95852	1.7641	998.06	-0.018958	0.00020765	0.17037	liquid
255.0	469.25	1148.5	0.00087069	124.64	165.5	0.7151	0.95868	1.7631	999.64	-0.019042	0.0002081	0.1706	liquid
255.0	472.5	1149.1	0.00087024	124.49	165.61	0.71442	0.95884	1.762	1001.2	-0.019126	0.00020855	0.17082	liquid
255.0	475.75	1149.7	0.00086979	124.34	165.72	0.71375	0.959	1.761	1002.8	-0.019209	0.000209	0.17105	liquid
255.0	479.0	1150.3	0.00086934	124.18	165.83	0.71307	0.95916	1.7599	1004.4	-0.019292	0.00020945	0.17127	liquid
255.0	482.25	1150.9	0.0008689	124.03	165.94	0.71239	0.95932	1.7589	1005.9	-0.019374	0.0002099	0.17149	liquid
255.0	485.5	1151.5	0.00086845	123.88	166.05	0.71172	0.95948	1.7579	1007.5	-0.019455	0.00021035	0.17172	liquid
255.0	488.75	1152.1	0.00086801	123.73	166.16	0.71105	0.95964	1.7569	1009.0	-0.019535	0.0002108	0.17194	liquid
255.0	492.0	1152.6	0.00086757	123.59	166.27	0.71038	0.9598	1.7559	1010.6	-0.019615	0.00021125	0.17216	liquid
255.0	495.25	1153.2	0.00086714	123.44	166.38	0.70972	0.95996	1.7549	1012.1	-0.019694	0.0002117	0.17238	liquid
255.0	498.5	1153.8	0.0008667	123.29	166.49	0.70906	0.96012	1.7539	1013.7	-0.019772	0.00021214	0.1726	liquid
255.0	501.75	1154.4	0.00086627	123.14	166.61	0.70839	0.96028	1.7529	1015.2	-0.01985	0.00021259	0.17282	liquid
255.0	505.0	1155.0	0.00086584	123.0	166.72	0.70773	0.96044	1.7519	1016.7	-0.019927	0.00021304	0.17304	liquid
255.0	508.25	1155.5	0.00086541	122.85	166.83	0.70708	0.9606	1.751	1018.2	-0.020004	0.00021348	0.17326	liquid
255.0	511.5	1156.1	0.00086498	122.7	166.95	0.70642	0.96076	1.75	1019.8	-0.02008	0.00021393	0.17348	liquid
255.0	514.75	1156.7	0.00086456	122.56	167.06	0.70577	0.96092	1.7491	1021.3	-0.020155	0.00021437	0.1737	liquid
255.0	518.0	1157.2	0.00086413	122.42	167.18	0.70512	0.96108	1.7482	1022.8	-0.020229	0.00021482	0.17392	liquid
255.0	521.25	1157.8	0.00086371	122.27	167.29	0.70447	0.96123	1.7472	1024.3	-0.020304	0.00021526	0.17413	liquid
255.0	524.5	1158.4	0.00086329	122.13	167.41	0.70382	0.96139	1.7463	1025.8	-0.020377	0.0002157	0.17435	liquid
255.0	527.75	1158.9	0.00086288	121.99	167.52	0.70317	0.96155	1.7454	1027.3	-0.02045	0.00021615	0.17457	liquid
255.0	531.0	1159.5	0.00086246	121.84	167.64	0.70253	0.96171	1.7445	1028.8	-0.020522	0.00021659	0.17478	liquid
255.0	534.25	1160.0	0.00086205	121.7	167.76	0.70189	0.96187	1.7436	1030.3	-0.020594	0.00021703	0.175	liquid
255.0	537.5	1160.6	0.00086164	121.56	167.87	0.70125	0.96203	1.7427	1031.8	-0.020665	0.00021747	0.17521	liquid
255.0	540.75	1161.1	0.00086123	121.42	167.99	0.70061	0.96218	1.7418	1033.2	-0.020736	0.00021791	0.17543	liquid
255.0	544.0	1161.7	0.00086082	121.28	168.11	0.69997	0.96234	1.741	1034.7	-0.020806	0.00021835	0.17564	liquid
255.0	547.25	1162.2	0.00086041	121.14	168.23	0.69934	0.9625	1.7401	1036.2	-0.020875	0.00021879	0.17586	liquid
255.0	550.5	1162.8	0.00086001	121.0	168.34	0.6987	0.96266	1.7392	1037.7	-0.020944	0.00021923	0.17607	liquid
255.0	553.75	1163.3	0.00085961	120.86	168.46	0.69807	0.96281	1.7384	1039.1	-0.021013	0.00021967	0.17628	liquid
255.0	557.0	1163.9	0.0008592	120.72	168.58	0.69744	0.96297	1.7375	1040.6	-0.02108	0.00022011	0.1765	liquid
255.0	560.25	1164.4	0.00085881	120.59	168.7	0.69682	0.96313	1.7367	1042.0	-0.021148	0.00022055	0.17671	liquid
255.0	563.5	1164.9	0.00085841	120.45	168.82	0.69619	0.96328	1.7359	1043.5	-0.021215	0.00022099	0.17692	liquid
255.0	566.75	1165.5	0.00085801	120.31	168.94	0.69557	0.96344	1.735	1044.9	-0.021281	0.00022142	0.17713	liquid
255.0	570.0	1166.0	0.00085762	120.18	169.06	0.69495	0.9636	1.7342	1046.4	-0.021347	0.00022186	0.17734	liquid
255.0	573.25	1166.6	0.00085723	120.04	169.18	0.69433	0.96375	1.7334	1047.8	-0.021412	0.0002223	0.17755	liquid
255.0	576.5	1167.1	0.00085684	119.91	169.3	0.69371	0.96391	1.7326	1049.2	-0.021477	0.00022273	0.17776	liquid
255.0	579.75	1167.6	0.00085645	119.77	169.42	0.69309	0.96407	1.7318	1050.7	-0.021541	0.00022317	0.17797	liquid
255.0	583.0	1168.1	0.00085606	119.64	169.54	0.69247	0.96422	1.731	1052.1	-0.021605	0.0002236	0.17818	liquid
255.0	586.25	1168.7	0.00085568	119.5	169.67	0.69186	0.96438	1.7302	1053.5	-0.021669	0.00022404	0.17839	liquid
255.0	589.5	1169.2	0.00085529	119.37	169.79	0.69125	0.96454	1.7294	1054.9	-0.021732	0.00022447	0.1786	liquid
255.0	592.75	1169.7	0.00085491	119.24	169.91	0.69064	0.96469	1.7287	1056.4	-0.021794	0.00022491	0.17881	liquid
255.0	596.0	1170.2	0.00085453	119.1	170.03	0.69003	0.96485	1.7279	1057.8	-0.021856	0.00022534	0.17902	liquid
255.0	599.25	1170.8	0.00085415	118.97	170.16	0.68942	0.965	1.7271	1059.2	-0.021918	0.00022577	0.17923	liquid
255.0	602.5	1171.3	0.00085377	118.84	170.28	0.68882	0.96516	1.7264	1060.6	-0.021979	0.00022621	0.17944	liquid
255.0	605.75	1171.8	0.0008534	118.71	170.4	0.68821	0.96531	1.7256	1062.0	-0.022039	0.00022664	0.17965	liquid
255.0	609.0	1172.3	0.00085302	118.58	170.53	0.68761	0.96547	1.7249	1063.4	-0.0221	0.00022707	0.17985	liquid
255.0	612.25	1172.8	0.00085265	118.45	170.65	0.68701	0.96563	1.7241	1064.8	-0.022159	0.0002275	0.18006	liquid
255.0	615.5	1173.3	0.00085228	118.32	170.77	0.68641	0.96578	1.7234	1066.1	-0.022219	0.00022794	0.18027	liquid
255.0	618.75	1173.8	0.00085191	118.19	170.9	0.68582	0.96594	1.7227	1067.5	-0.022278	0.00022837	0.18047	liquid
255.0	622.0	1174.3	0.00085154	118.06	171.02	0.68522	0.96609	1.7219	1068.9	-0.022336	0.0002288	0.18068	liquid
255.0	625.25	1174.9	0.00085117	117.93	171.15	0.68462	0.96625	1.7212	1070.3	-0.022394	0.00022923	0.18088	liquid
255.0	628.5	1175.4	0.00085081	117.8	171.27	0.68403	0.9664	1.7205	1071.7	-0.022452	0.00022966	0.18109	liquid
255.0	631.75	1175.9	0.00085044	117.67	171.4	0.68344	0.96656	1.7198	1073.0	-0.022509	0.00023009	0.18129	liquid
255.0	635.0	1176.4	0.00085008	117.55	171.53	0.68285	0.96671	1.7191	1074.4	-0.022566	0.00023052	0.1815	liquid
255.0	638.25	1176.9	0.00084972	117.42	171.65	0.68226	0.96687	1.7184	1075.8	-0.022623	0.00023095	0.1817	liquid
255.0	641.5	1177.4	0.00084936	117.29	171.78	0.68168	0.96702	1.7177	1077.1	-0.022679	0.00023137	0.18191	liquid
255.0	644.75	1177.9	0.000849	117.17	171.91	0.68109	0.96718	1.717	1078.5	-0.022734	0.0002318	0.18211	liquid
255.0	648.0	1178.3	0.00084864	117.04	172.03	0.68051	0.96733	1.7163	1079.8	-0.02279	0.00023223	0.18231	liquid
255.0	651.25	1178.8	0.00084829	116.92	172.16	0.67992	0.96748	1.7156	1081.2	-0.022844	0.00023266	0.18252	liquid
255.0	654.5	1179.3	0.00084794	116.79	172.29	0.67934	0.96764	1.715	1082.5	-0.022899	0.00023309	0.18272	liquid
255.0	657.75	1179.8	0.00084758	116.67	172.42	0.67876	0.96779	1.7143	1083.9	-0.022953	0.00023351	0.18292	liquid
255.0	661.0	1180.3	0.00084723	116.54	172.54	0.67819	0.96795	1.7136	1085.2	-0.023007	0.00023394	0.18312	liquid
255.0	664.25	1180.8	0.00084688	116.42	172.67	0.67761	0.9681	1.713	1086.5	-0.02306	0.00023437	0.18332	liquid
255.0	667.5	1181.3	0.00084653	116.29	172.8	0.67703	0.96826	1.7123	1087.9	-0.023113	0.00023479	0.18352	liquid
255.0	670.75	1181.8	0.00084618	116.17	172.93	0.67646	0.96841	1.7117	1089.2	-0.023166	0.00023522	0.18372	liquid
255.0	674.0	1182.3	0.00084584	116.05	173.06	0.67589	0.96856	1.711	1090.5	-0.023218	0.00023564	0.18392	liquid
255.0	677.25	1182.7	0.00084549	115.93	173.19	0.67532	0.96872	1.7104	1091.9	-0.02327	0.00023607	0.18412	liquid
255.0	680.5	1183.2	0.00084515	115.8	173.32	0.67475	0.96887	1.7098	1093.2	-0.023322	0.00023649	0.18432	liquid
255.0	683.75	1183.7	0.00084481	115.68	173.45	0.67418	0.96903	1.7091	1094.5	-0.023373	0.00023692	0.18452	liquid
255.0	687.0	1184.2	0.00084447	115.56	173.58	0.67361	0.96918	1.7085	1095.8	-0.023424	0.00023734	0.18472	liquid
255.0	690.25	1184.7	0.00084413	115.44	173.71	0.67305	0.96933	1.7079	1097.1	-0.023474	0.00023776	0.18492	liquid
255.0	693.5	1185.1	0.00084379	115.32	173.84	0.67248	0.96949	1.7073	1098.4	-0.023525	0.00023819	0.18512	liquid
255.0	696.75	1185.6	0.00084345	115.2	173.97	0.67192	0.96964	1.7067	1099.7	-0.023574	0.00023861	0.18532	liquid
255.0	700.0	1186.1	0.00084312	115.08	174.1	0.67136	0.96979	1.706	1101.0	-0.023624	0.00023903	0.18551	liquid
255.0	703.25	1186.5	0.00084278	114.96	174.23	0.6708	0.96995	1.7054	1102.3	-0.023673	0.00023946	0.18571	liquid
255.0	706.5	1187.0	0.00084245	114.84	174.36	0.67024	0.9701	1.7048	1103.6	-0.023722	0.00023988	0.18591	liquid
255.0	709.75	1187.5	0.00084212	114.72	174.49	0.66968	0.97026	1.7042	1104.9	-0.023771	0.0002403	0.18611	liquid
255.0	713.0	1188.0	0.00084179	114.6	174.62	0.66913	0.97041	1.7036	1106.2	-0.023819	0.00024072	0.1863	liquid
255.0	716.25	1188.4	0.00084146	114.49	174.76	0.66857	0.97056	1.7031	1107.5	-0.023867	0.00024114	0.1865	liquid
255.0	719.5	1188.9	0.00084113	114.37	174.89	0.66802	0.97072	1.7025	1108.7	-0.023914	0.00024156	0.18669	liquid
255.0	722.75	1189.3	0.0008408	114.25	175.02	0.66746	0.97087	1.7019	1110.0	-0.023962	0.00024198	0.18689	liquid
255.0	726.0	1189.8	0.00084047	114.14	175.15	0.66691	0.97102	1.7013	1111.3	-0.024009	0.00024241	0.18709	liquid
255.0	729.25	1190.3	0.00084015	114.02	175.29	0.66636	0.97118	1.7007	1112.6	-0.024055	0.00024283	0.18728	liquid
255.0	732.5	1190.7	0.00083982	113.9	175.42	0.66581	0.97133	1.7002	1113.8	-0.024102	0.00024325	0.18748	liquid
255.0	735.75	1191.2	0.0008395	113.79	175.55	0.66527	0.97148	1.6996	1115.1	-0.024148	0.00024366	0.18767	liquid
255.0	739.0	1191.6	0.00083918	113.67	175.69	0.66472	0.97163	1.6991	1116.4	-0.024194	0.00024408	0.18786	liquid
255.0	742.25	1192.1	0.00083886	113.56	175.82	0.66418	0.97179	1.6985	1117.6	-0.024239	0.0002445	0.18806	liquid
255.0	745.5	1192.5	0.00083854	113.44	175.95	0.66363	0.97194	1.6979	1118.9	-0.024285	0.00024492	0.18825	liquid
255.0	748.75	1193.0	0.00083822	113.33	176.09	0.66309	0.97209	1.6974	1120.1	-0.024329	0.00024534	0.18844	liquid
255.0	752.0	1193.5	0.0008379	113.21	176.22	0.66255	0.97225	1.6968	1121.4	-0.024374	0.00024576	0.18864	liquid
255.0	755.25	1193.9	0.00083759	113.1	176.36	0.66201	0.9724	1.6963	1122.6	-0.024418	0.00024618	0.18883	liquid
255.0	758.5	1194.4	0.00083727	112.98	176.49	0.66147	0.97255	1.6958	1123.9	-0.024463	0.00024659	0.18902	liquid
255.0	761.75	1194.8	0.00083696	112.87	176.63	0.66093	0.9727	1.6952	1125.1	-0.024506	0.00024701	0.18922	liquid
255.0	765.0	1195.2	0.00083665	112.76	176.76	0.66039	0.97286	1.6947	1126.4	-0.02455	0.00024743	0.18941	liquid
255.0	768.25	1195.7	0.00083633	112.65	176.9	0.65986	0.97301	1.6942	1127.6	-0.024593	0.00024785	0.1896	liquid
255.0	771.5	1196.1	0.00083602	112.53	177.03	0.65932	0.97316	1.6936	1128.8	-0.024636	0.00024826	0.18979	liquid
255.0	774.75	1196.6	0.00083571	112.42	177.17	0.65879	0.97332	1.6931	1130.1	-0.024679	0.00024868	0.18998	liquid
255.0	778.0	1197.0	0.0008354	112.31	177.3	0.65826	0.97347	1.6926	1131.3	-0.024721	0.0002491	0.19017	liquid
255.0	781.25	1197.5	0.0008351	112.2	177.44	0.65773	0.97362	1.6921	1132.5	-0.024763	0.00024951	0.19036	liquid
255.0	784.5	1197.9	0.00083479	112.09	177.58	0.6572	0.97377	1.6916	1133.7	-0.024805	0.00024993	0.19055	liquid
255.0	787.75	1198.3	0.00083449	111.98	177.71	0.65667	0.97393	1.6911	1135.0	-0.024847	0.00025034	0.19074	liquid
255.0	791.0	1198.8	0.00083418	111.87	177.85	0.65614	0.97408	1.6906	1136.2	-0.024888	0.00025076	0.19093	liquid
255.0	794.25	1199.2	0.00083388	111.76	177.99	0.65562	0.97423	1.6901	1137.4	-0.02493	0.00025117	0.19112	liquid
255.0	797.5	1199.7	0.00083357	111.65	178.12	0.65509	0.97438	1.6896	1138.6	-0.024971	0.00025159	0.19131	liquid
255.0	800.75	1200.1	0.00083327	111.54	178.26	0.65457	0.97453	1.6891	1139.8	-0.025011	0.000252	0.1915	liquid
255.0	804.0	1200.5	0.00083297	111.43	178.4	0.65404	0.97469	1.6886	1141.0	-0.025052	0.00025242	0.19169	liquid
255.0	807.25	1201.0	0.00083267	111.32	178.54	0.65352	0.97484	1.6881	1142.2	-0.025092	0.00025283	0.19188	liquid
255.0	810.5	1201.4	0.00083237	111.21	178.67	0.653	0.97499	1.6876	1143.4	-0.025132	0.00025324	0.19207	liquid
255.0	813.75	1201.8	0.00083208	111.1	178.81	0.65248	0.97514	1.6871	1144.6	-0.025171	0.00025366	0.19225	liquid
255.0	817.0	1202.2	0.00083178	110.99	178.95	0.65196	0.9753	1.6866	1145.8	-0.025211	0.00025407	0.19244	liquid
255.0	820.25	1202.7	0.00083148	110.88	179.09	0.65144	0.97545	1.6861	1147.0	-0.02525	0.00025448	0.19263	liquid
255.0	823.5	1203.1	0.00083119	110.78	179.23	0.65093	0.9756	1.6857	1148.2	-0.025289	0.0002549	0.19282	liquid
255.0	826.75	1203.5	0.0008309	110.67	179.36	0.65041	0.97575	1.6852	1149.4	-0.025328	0.00025531	0.193	liquid
255.0	830.0	1203.9	0.0008306	110.56	179.5	0.6499	0.9759	1.6847	1150.6	-0.025366	0.00025572	0.19319	liquid
255.0	833.25	1204.4	0.00083031	110.46	179.64	0.64938	0.97606	1.6843	1151.8	-0.025405	0.00025613	0.19338	liquid
255.0	836.5	1204.8	0.00083002	110.35	179.78	0.64887	0.97621	1.6838	1153.0	-0.025443	0.00025655	0.19356	liquid
255.0	839.75	1205.2	0.00082973	110.24	179.92	0.64836	0.97636	1.6833	1154.1	-0.02548	0.00025696	0.19375	liquid
255.0	843.0	1205.6	0.00082944	110.14	180.06	0.64785	0.97651	1.6829	1155.3	-0.025518	0.00025737	0.19393	liquid
255.0	846.25	1206.1	0.00082915	110.03	180.2	0.64734	0.97666	1.6824	1156.5	-0.025555	0.00025778	0.19412	liquid
255.0	849.5	1206.5	0.00082887	109.93	180.34	0.64683	0.97682	1.682	1157.7	-0.025593	0.00025819	0.1943	liquid
255.0	852.75	1206.9	0.00082858	109.82	180.48	0.64633	0.97697	1.6815	1158.8	-0.02563	0.0002586	0.19449	liquid
255.0	856.0	1207.3	0.00082829	109.72	180.62	0.64582	0.97712	1.6811	1160.0	-0.025666	0.00025901	0.19467	liquid
255.0	859.25	1207.7	0.00082801	109.61	180.76	0.64531	0.97727	1.6806	1161.2	-0.025703	0.00025942	0.19486	liquid
255.0	862.5	1208.1	0.00082772	109.51	180.9	0.64481	0.97742	1.6802	1162.3	-0.025739	0.00025983	0.19504	liquid
255.0	865.75	1208.5	0.00082744	109.41	181.04	0.64431	0.97758	1.6798	1163.5	-0.025775	0.00026024	0.19523	liquid
255.0	869.0	1209.0	0.00082716	109.3	181.18	0.6438	0.97773	1.6793	1164.6	-0.025811	0.00026065	0.19541	liquid
255.0	872.25	1209.4	0.00082688	109.2	181.32	0.6433	0.97788	1.6789	1165.8	-0.025847	0.00026106	0.19559	liquid
255.0	875.5	1209.8	0.0008266	109.1	181.46	0.6428	0.97803	1.6785	1166.9	-0.025882	0.00026147	0.19578	liquid
255.0	878.75	1210.2	0.00082632	108.99	181.61	0.6423	0.97818	1.678	1168.1	-0.025917	0.00026188	0.19596	liquid
255.0	882.0	1210.6	0.00082604	108.89	181.75	0.6418	0.97833	1.6776	1169.2	-0.025953	0.00026229	0.19614	liquid
255.0	885.25	1211.0	0.00082576	108.79	181.89	0.64131	0.97849	1.6772	1170.4	-0.025987	0.0002627	0.19633	liquid
255.0	888.5	1211.4	0.00082549	108.69	182.03	0.64081	0.97864	1.6768	1171.5	-0.026022	0.00026311	0.19651	liquid
255.0	891.75	1211.8	0.00082521	108.58	182.17	0.64032	0.97879	1.6764	1172.7	-0.026057	0.00026352	0.19669	liquid
255.0	895.0	1212.2	0.00082493	108.48	182.31	0.63982	0.97894	1.6759	1173.8	-0.026091	0.00026393	0.19687	liquid
255.0	898.25	1212.6	0.00082466	108.38	182.46	0.63933	0.97909	1.6755	1174.9	-0.026125	0.00026433	0.19705	liquid
255.0	901.5	1213.0	0.00082439	108.28	182.6	0.63883	0.97924	1.6751	1176.1	-0.026159	0.00026474	0.19724	liquid
255.0	904.75	1213.4	0.00082411	108.18	182.74	0.63834	0.9794	1.6747	1177.2	-0.026192	0.00026515	0.19742	liquid
255.0	908.0	1213.8	0.00082384	108.08	182.88	0.63785	0.97955	1.6743	1178.3	-0.026226	0.00026556	0.1976	liquid
255.0	911.25	1214.2	0.00082357	107.98	183.03	0.63736	0.9797	1.6739	1179.5	-0.026259	0.00026596	0.19778	liquid
255.0	914.5	1214.6	0.0008233	107.88	183.17	0.63687	0.97985	1.6735	1180.6	-0.026292	0.00026637	0.19796	liquid
255.0	917.75	1215.0	0.00082303	107.78	183.31	0.63639	0.98	1.6731	1181.7	-0.026325	0.00026678	0.19814	liquid
255.0	921.0	1215.4	0.00082276	107.68	183.46	0.6359	0.98015	1.6727	1182.8	-0.026358	0.00026718	0.19832	liquid
255.0	924.25	1215.8	0.00082249	107.58	183.6	0.63541	0.9803	1.6723	1183.9	-0.026391	0.00026759	0.1985	liquid
255.0	927.5	1216.2	0.00082223	107.48	183.74	0.63493	0.98046	1.6719	1185.0	-0.026423	0.000268	0.19868	liquid
255.0	930.75	1216.6	0.00082196	107.38	183.89	0.63444	0.98061	1.6715	1186.2	-0.026455	0.0002684	0.19886	liquid
255.0	934.0	1217.0	0.00082169	107.28	184.03	0.63396	0.98076	1.6711	1187.3	-0.026487	0.00026881	0.19904	liquid
255.0	937.25	1217.4	0.00082143	107.19	184.17	0.63348	0.98091	1.6708	1188.4	-0.026519	0.00026922	0.19922	liquid
255.0	940.5	1217.8	0.00082117	107.09	184.32	0.63299	0.98106	1.6704	1189.5	-0.026551	0.00026962	0.1994	liquid
255.0	943.75	1218.2	0.0008209	106.99	184.46	0.63251	0.98121	1.67	1190.6	-0.026582	0.00027003	0.19958	liquid
255.0	947.0	1218.6	0.00082064	106.89	184.61	0.63203	0.98136	1.6696	1191.7	-0.026614	0.00027043	0.19976	liquid
255.0	950.25	1218.9	0.00082038	106.79	184.75	0.63155	0.98151	1.6692	1192.8	-0.026645	0.00027084	0.19993	liquid
255.0	953.5	1219.3	0.00082012	106.7	184.9	0.63108	0.98167	1.6689	1193.9	-0.026676	0.00027124	0.20011	liquid
255.0	956.75	1219.7	0.00081986	106.6	185.04	0.6306	0.98182	1.6685	1195.0	-0.026707	0.00027165	0.20029	liquid
255.0	960.0	1220.1	0.0008196	106.5	185.19	0.63012	0.98197	1.6681	1196.1	-0.026737	0.00027205	0.20047	liquid
255.0	963.25	1220.5	0.00081934	106.41	185.33	0.62965	0.98212	1.6678	1197.2	-0.026768	0.00027246	0.20065	liquid
255.0	966.5	1220.9	0.00081908	106.31	185.48	0.62917	0.98227	1.6674	1198.3	-0.026798	0.00027286	0.20082	liquid
255.0	969.75	1221.3	0.00081882	106.22	185.62	0.6287	0.98242	1.667	1199.3	-0.026828	0.00027326	0.201	liquid
255.0	973.0	1221.6	0.00081857	106.12	185.77	0.62822	0.98257	1.6667	1200.4	-0.026858	0.00027367	0.20118	liquid
255.0	976.25	1222.0	0.00081831	106.02	185.91	0.62775	0.98272	1.6663	1201.5	-0.026888	0.00027407	0.20136	liquid
255.0	979.5	1222.4	0.00081805	105.93	186.06	0.62728	0.98287	1.666	1202.6	-0.026918	0.00027447	0.20153	liquid
255.0	982.75	1222.8	0.0008178	105.83	186.2	0.62681	0.98303	1.6656	1203.7	-0.026947	0.00027488	0.20171	liquid
255.0	986.0	1223.2	0.00081755	105.74	186.35	0.62634	0.98318	1.6652	1204.7	-0.026977	0.00027528	0.20188	liquid
255.0	989.25	1223.6	0.00081729	105.64	186.5	0.62587	0.98333	1.6649	1205.8	-0.027006	0.00027568	0.20206	liquid
255.0	992.5	1223.9	0.00081704	105.55	186.64	0.6254	0.98348	1.6645	1206.9	-0.027035	0.00027609	0.20224	liquid
255.0	995.75	1224.3	0.00081679	105.46	186.79	0.62493	0.98363	1.6642	1208.0	-0.027064	0.00027649	0.20241	liquid
255.0	999.0	1224.7	0.00081654	105.36	186.93	0.62447	0.98378	1.6638	1209.0	-0.027093	0.00027689	0.20259	liquid
255.0	1002.2	1225.1	0.00081629	105.27	187.08	0.624	0.98393	1.6635	1210.1	-0.027121	0.00027729	0.20276	liquid
255.0	1005.5	1225.4	0.00081604	105.17	187.23	0.62354	0.98408	1.6632	1211.2	-0.02715	0.0002777	0.20294	liquid
255.0	1008.8	1225.8	0.00081579	105.08	187.37	0.62307	0.98423	1.6628	1212.2	-0.027178	0.0002781	0.20311	liquid
255.0	1012.0	1226.2	0.00081554	104.99	187.52	0.62261	0.98438	1.6625	1213.3	-0.027206	0.0002785	0.20329	liquid
255.0	1015.2	1226.6	0.00081529	104.9	187.67	0.62215	0.98454	1.6621	1214.3	-0.027234	0.0002789	0.20346	liquid
255.0	1018.5	1226.9	0.00081505	104.8	187.82	0.62169	0.98469	1.6618	1215.4	-0.027262	0.0002793	0.20364	liquid
255.0	1021.8	1227.3	0.0008148	104.71	187.96	0.62122	0.98484	1.6615	1216.5	-0.02729	0.00027971	0.20381	liquid
255.0	1025.0	1227.7	0.00081455	104.62	188.11	0.62076	0.98499	1.6612	1217.5	-0.027317	0.00028011	0.20399	liquid
255.0	1028.2	1228.0	0.00081431	104.53	188.26	0.62031	0.98514	1.6608	1218.6	-0.027345	0.00028051	0.20416	liquid
255.0	1031.5	1228.4	0.00081406	104.43	188.41	0.61985	0.98529	1.6605	1219.6	-0.027372	0.00028091	0.20433	liquid
255.0	1034.8	1228.8	0.00081382	104.34	188.55	0.61939	0.98544	1.6602	1220.7	-0.027399	0.00028131	0.20451	liquid
255.0	1038.0	1229.1	0.00081358	104.25	188.7	0.61893	0.98559	1.6598	1221.7	-0.027426	0.00028171	0.20468	liquid
255.0	1041.2	1229.5	0.00081334	104.16	188.85	0.61848	0.98574	1.6595	1222.7	-0.027453	0.00028211	0.20485	liquid
255.0	1044.5	1229.9	0.00081309	104.07	189.0	0.61802	0.98589	1.6592	1223.8	-0.02748	0.00028251	0.20503	liquid
255.0	1047.8	1230.2	0.00081285	103.98	189.15	0.61756	0.98604	1.6589	1224.8	-0.027506	0.00028291	0.2052	liquid
255.0	1051.0	1230.6	0.00081261	103.89	189.29	0.61711	0.98619	1.6586	1225.9	-0.027533	0.00028331	0.20537	liquid
255.0	1054.2	1231.0	0.00081237	103.8	189.44	0.61666	0.98635	1.6583	1226.9	-0.027559	0.00028371	0.20554	liquid
255.0	1057.5	1231.3	0.00081213	103.71	189.59	0.6162	0.9865	1.6579	1227.9	-0.027585	0.00028411	0.20572	liquid
255.0	1060.8	1231.7	0.00081189	103.62	189.74	0.61575	0.98665	1.6576	1229.0	-0.027611	0.00028451	0.20589	liquid
255.0	1064.0	1232.0	0.00081166	103.53	189.89	0.6153	0.9868	1.6573	1230.0	-0.027637	0.00028491	0.20606	liquid
255.0	1067.2	1232.4	0.00081142	103.44	190.04	0.61485	0.98695	1.657	1231.0	-0.027663	0.00028531	0.20623	liquid
255.0	1070.5	1232.8	0.00081118	103.35	190.19	0.6144	0.9871	1.6567	1232.0	-0.027688	0.00028571	0.2064	liquid
255.0	1073.8	1233.1	0.00081095	103.26	190.34	0.61395	0.98725	1.6564	1233.1	-0.027714	0.00028611	0.20658	liquid
255.0	1077.0	1233.5	0.00081071	103.17	190.48	0.61351	0.9874	1.6561	1234.1	-0.027739	0.00028651	0.20675	liquid
255.0	1080.2	1233.8	0.00081048	103.08	190.63	0.61306	0.98755	1.6558	1235.1	-0.027765	0.00028691	0.20692	liquid
255.0	1083.5	1234.2	0.00081024	102.99	190.78	0.61261	0.9877	1.6555	1236.1	-0.02779	0.00028731	0.20709	liquid
255.0	1086.8	1234.6	0.00081001	102.91	190.93	0.61217	0.98785	1.6552	1237.1	-0.027815	0.00028771	0.20726	liquid
255.0	1090.0	1234.9	0.00080977	102.82	191.08	0.61172	0.988	1.6549	1238.2	-0.02784	0.0002881	0.20743	liquid
255.0	1093.2	1235.3	0.00080954	102.73	191.23	0.61128	0.98815	1.6546	1239.2	-0.027864	0.0002885	0.2076	liquid
255.0	1096.5	1235.6	0.00080931	102.64	191.38	0.61083	0.9883	1.6543	1240.2	-0.027889	0.0002889	0.20777	liquid
255.0	1099.8	1236.0	0.00080908	102.55	191.53	0.61039	0.98845	1.654	1241.2	-0.027913	0.0002893	0.20794	liquid
255.0	1103.0	1236.3	0.00080885	102.47	191.68	0.60995	0.98861	1.6537	1242.2	-0.027938	0.0002897	0.20811	liquid
255.0	1106.2	1236.7	0.00080862	102.38	191.83	0.6095	0.98876	1.6534	1243.2	-0.027962	0.00029009	0.20828	liquid
255.0	1109.5	1237.0	0.00080839	102.29	191.98	0.60906	0.98891	1.6532	1244.2	-0.027986	0.00029049	0.20845	liquid
255.0	1112.8	1237.4	0.00080816	102.21	192.13	0.60862	0.98906	1.6529	1245.2	-0.02801	0.00029089	0.20862	liquid
255.0	1116.0	1237.7	0.00080793	102.12	192.28	0.60818	0.98921	1.6526	1246.2	-0.028034	0.00029129	0.20879	liquid
255.0	1119.2	1238.1	0.0008077	102.03	192.43	0.60774	0.98936	1.6523	1247.2	-0.028058	0.00029168	0.20896	liquid
255.0	1122.5	1238.4	0.00080747	101.95	192.59	0.60731	0.98951	1.652	1248.2	-0.028082	0.00029208	0.20913	liquid
255.0	1125.8	1238.8	0.00080725	101.86	192.74	0.60687	0.98966	1.6517	1249.2	-0.028105	0.00029248	0.2093	liquid
255.0	1129.0	1239.1	0.00080702	101.77	192.89	0.60643	0.98981	1.6515	1250.2	-0.028128	0.00029288	0.20947	liquid
255.0	1132.2	1239.5	0.0008068	101.69	193.04	0.606	0.98996	1.6512	1251.2	-0.028152	0.00029327	0.20963	liquid
255.0	1135.5	1239.8	0.00080657	101.6	193.19	0.60556	0.99011	1.6509	1252.2	-0.028175	0.00029367	0.2098	liquid
255.0	1138.8	1240.2	0.00080635	101.52	193.34	0.60513	0.99026	1.6506	1253.2	-0.028198	0.00029407	0.20997	liquid
255.0	1142.0	1240.5	0.00080612	101.43	193.49	0.60469	0.99041	1.6504	1254.2	-0.028221	0.00029446	0.21014	liquid
255.0	1145.2	1240.9	0.0008059	101.35	193.64	0.60426	0.99056	1.6501	1255.1	-0.028244	0.00029486	0.21031	liquid
255.0	1148.5	1241.2	0.00080568	101.26	193.79	0.60383	0.99071	1.6498	1256.1	-0.028267	0.00029525	0.21047	liquid
255.0	1151.8	1241.5	0.00080545	101.18	193.95	0.60339	0.99086	1.6496	1257.1	-0.028289	0.00029565	0.21064	liquid
255.0	1155.0	1241.9	0.00080523	101.09	194.1	0.60296	0.99101	1.6493	1258.1	-0.028312	0.00029605	0.21081	liquid
255.0	1158.2	1242.2	0.00080501	101.01	194.25	0.60253	0.99116	1.649	1259.1	-0.028334	0.00029644	0.21098	liquid
255.0	1161.5	1242.6	0.00080479	100.93	194.4	0.6021	0.99131	1.6488	1260.1	-0.028357	0.00029684	0.21114	liquid
255.0	1164.8	1242.9	0.00080457	100.84	194.55	0.60167	0.99146	1.6485	1261.0	-0.028379	0.00029723	0.21131	liquid
255.0	1168.0	1243.2	0.00080435	100.76	194.71	0.60124	0.99161	1.6482	1262.0	-0.028401	0.00029763	0.21148	liquid
255.0	1171.2	1243.6	0.00080413	100.67	194.86	0.60081	0.99176	1.648	1263.0	-0.028423	0.00029803	0.21164	liquid
255.0	1174.5	1243.9	0.00080391	100.59	195.01	0.60039	0.99191	1.6477	1263.9	-0.028445	0.00029842	0.21181	liquid
255.0	1177.8	1244.3	0.00080369	100.51	195.16	0.59996	0.99206	1.6474	1264.9	-0.028467	0.00029882	0.21198	liquid
255.0	1181.0	1244.6	0.00080348	100.42	195.31	0.59953	0.99221	1.6472	1265.9	-0.028488	0.00029921	0.21214	liquid
255.0	1184.2	1244.9	0.00080326	100.34	195.47	0.59911	0.99236	1.6469	1266.8	-0.02851	0.00029961	0.21231	liquid
255.0	1187.5	1245.3	0.00080304	100.26	195.62	0.59868	0.99251	1.6467	1267.8	-0.028531	0.0003	0.21248	liquid
255.0	1190.8	1245.6	0.00080283	100.18	195.77	0.59826	0.99266	1.6464	1268.8	-0.028553	0.0003004	0.21264	liquid
255.0	1194.0	1245.9	0.00080261	100.09	195.93	0.59783	0.99281	1.6462	1269.7	-0.028574	0.00030079	0.21281	liquid
255.0	1197.2	1246.3	0.0008024	100.01	196.08	0.59741	0.99297	1.6459	1270.7	-0.028595	0.00030118	0.21297	liquid
255.0	1200.5	1246.6	0.00080218	99.93	196.23	0.59699	0.99312	1.6457	1271.7	-0.028616	0.00030158	0.21314	liquid
255.0	1203.8	1246.9	0.00080197	99.848	196.38	0.59657	0.99327	1.6454	1272.6	-0.028637	0.00030197	0.2133	liquid
255.0	1207.0	1247.3	0.00080175	99.766	196.54	0.59615	0.99342	1.6452	1273.6	-0.028658	0.00030237	0.21347	liquid
255.0	1210.2	1247.6	0.00080154	99.685	196.69	0.59572	0.99357	1.6449	1274.5	-0.028679	0.00030276	0.21363	liquid
255.0	1213.5	1247.9	0.00080133	99.603	196.84	0.5953	0.99372	1.6447	1275.5	-0.028699	0.00030316	0.2138	liquid
255.0	1216.8	1248.3	0.00080112	99.522	197.0	0.59489	0.99387	1.6445	1276.4	-0.02872	0.00030355	0.21396	liquid
255.0	1220.0	1248.6	0.0008009	99.441	197.15	0.59447	0.99402	1.6442	1277.4	-0.02874	0.00030394	0.21413	liquid
255.0	1223.2	1248.9	0.00080069	99.36	197.31	0.59405	0.99417	1.644	1278.3	-0.028761	0.00030434	0.21429	liquid
255.0	1226.5	1249.2	0.00080048	99.28	197.46	0.59363	0.99432	1.6437	1279.3	-0.028781	0.00030473	0.21446	liquid
255.0	1229.8	1249.6	0.00080027	99.199	197.61	0.59321	0.99447	1.6435	1280.2	-0.028801	0.00030512	0.21462	liquid
255.0	1233.0	1249.9	0.00080006	99.119	197.77	0.5928	0.99462	1.6433	1281.1	-0.028821	0.00030552	0.21479	liquid
255.0	1236.2	1250.2	0.00079985	99.038	197.92	0.59238	0.99477	1.643	1282.1	-0.028841	0.00030591	0.21495	liquid
255.0	1239.5	1250.6	0.00079965	98.958	198.07	0.59197	0.99492	1.6428	1283.0	-0.028861	0.0003063	0.21511	liquid
255.0	1242.8	1250.9	0.00079944	98.879	198.23	0.59155	0.99507	1.6426	1284.0	-0.028881	0.0003067	0.21528	liquid
255.0	1246.0	1251.2	0.00079923	98.799	198.38	0.59114	0.99522	1.6423	1284.9	-0.028901	0.00030709	0.21544	liquid
255.0	1249.2	1251.5	0.00079902	98.719	198.54	0.59072	0.99537	1.6421	1285.8	-0.02892	0.00030748	0.2156	liquid
255.0	1252.5	1251.9	0.00079882	98.64	198.69	0.59031	0.99552	1.6419	1286.8	-0.02894	0.00030788	0.21577	liquid
255.0	1255.8	1252.2	0.00079861	98.561	198.85	0.5899	0.99567	1.6416	1287.7	-0.028959	0.00030827	0.21593	liquid
255.0	1259.0	1252.5	0.0007984	98.482	199.0	0.58949	0.99582	1.6414	1288.6	-0.028979	0.00030866	0.21609	liquid
255.0	1262.2	1252.8	0.0007982	98.403	199.16	0.58908	0.99597	1.6412	1289.6	-0.028998	0.00030905	0.21626	liquid
255.0	1265.5	1253.1	0.00079799	98.324	199.31	0.58867	0.99612	1.641	1290.5	-0.029017	0.00030945	0.21642	liquid
255.0	1268.8	1253.5	0.00079779	98.245	199.46	0.58826	0.99626	1.6407	1291.4	-0.029036	0.00030984	0.21658	liquid
255.0	1272.0	1253.8	0.00079758	98.167	199.62	0.58785	0.99641	1.6405	1292.3	-0.029055	0.00031023	0.21674	liquid
255.0	1275.2	1254.1	0.00079738	98.089	199.77	0.58744	0.99656	1.6403	1293.3	-0.029074	0.00031062	0.21691	liquid
255.0	1278.5	1254.4	0.00079718	98.01	199.93	0.58703	0.99671	1.6401	1294.2	-0.029093	0.00031101	0.21707	liquid
255.0	1281.8	1254.7	0.00079697	97.932	200.08	0.58662	0.99686	1.6398	1295.1	-0.029112	0.00031141	0.21723	liquid
255.0	1285.0	1255.1	0.00079677	97.855	200.24	0.58622	0.99701	1.6396	1296.0	-0.02913	0.0003118	0.21739	liquid
255.0	1288.2	1255.4	0.00079657	97.777	200.4	0.58581	0.99716	1.6394	1296.9	-0.029149	0.00031219	0.21755	liquid
255.0	1291.5	1255.7	0.00079637	97.699	200.55	0.5854	0.99731	1.6392	1297.9	-0.029167	0.00031258	0.21772	liquid
255.0	1294.8	1256.0	0.00079617	97.622	200.71	0.585	0.99746	1.639	1298.8	-0.029186	0.00031297	0.21788	liquid
255.0	1298.0	1256.3	0.00079597	97.545	200.86	0.58459	0.99761	1.6388	1299.7	-0.029204	0.00031337	0.21804	liquid
255.0	1301.2	1256.6	0.00079577	97.468	201.02	0.58419	0.99776	1.6385	1300.6	-0.029222	0.00031376	0.2182	liquid
255.0	1304.5	1257.0	0.00079557	97.391	201.17	0.58379	0.99791	1.6383	1301.5	-0.029241	0.00031415	0.21836	liquid
255.0	1307.8	1257.3	0.00079537	97.314	201.33	0.58338	0.99806	1.6381	1302.4	-0.029259	0.00031454	0.21852	liquid
255.0	1311.0	1257.6	0.00079517	97.237	201.48	0.58298	0.99821	1.6379	1303.3	-0.029277	0.00031493	0.21868	liquid
255.0	1314.2	1257.9	0.00079497	97.161	201.64	0.58258	0.99836	1.6377	1304.2	-0.029295	0.00031532	0.21884	liquid
255.0	1317.5	1258.2	0.00079477	97.084	201.8	0.58218	0.99851	1.6375	1305.1	-0.029312	0.00031571	0.219	liquid
255.0	1320.8	1258.5	0.00079458	97.008	201.95	0.58178	0.99866	1.6373	1306.0	-0.02933	0.0003161	0.21917	liquid
255.0	1324.0	1258.8	0.00079438	96.932	202.11	0.58137	0.99881	1.6371	1306.9	-0.029348	0.00031649	0.21933	liquid
255.0	1327.2	1259.2	0.00079418	96.856	202.26	0.58097	0.99896	1.6369	1307.8	-0.029365	0.00031688	0.21949	liquid
255.0	1330.5	1259.5	0.00079399	96.781	202.42	0.58058	0.99911	1.6367	1308.7	-0.029383	0.00031728	0.21965	liquid
255.0	1333.8	1259.8	0.00079379	96.705	202.58	0.58018	0.99926	1.6365	1309.6	-0.0294	0.00031767	0.21981	liquid
255.0	1337.0	1260.1	0.0007936	96.629	202.73	0.57978	0.99941	1.6363	1310.5	-0.029418	0.00031806	0.21997	liquid
255.0	1340.2	1260.4	0.0007934	96.554	202.89	0.57938	0.99956	1.6361	1311.4	-0.029435	0.00031845	0.22013	liquid
255.0	1343.5	1260.7	0.00079321	96.479	203.05	0.57898	0.99971	1.6359	1312.3	-0.029452	0.00031884	0.22029	liquid
255.0	1346.8	1261.0	0.00079301	96.404	203.2	0.57859	0.99986	1.6357	1313.2	-0.029469	0.00031923	0.22045	liquid
255.0	1350.0	1261.3	0.00079282	96.329	203.36	0.57819	1.0	1.6355	1314.1	-0.029486	0.00031962	0.2206	liquid
255.0	1353.2	1261.6	0.00079263	96.254	203.52	0.5778	1.0002	1.6353	1315.0	-0.029503	0.00032001	0.22076	liquid
255.0	1356.5	1261.9	0.00079243	96.18	203.67	0.5774	1.0003	1.6351	1315.9	-0.02952	0.0003204	0.22092	liquid
255.0	1359.8	1262.2	0.00079224	96.105	203.83	0.57701	1.0005	1.6349	1316.8	-0.029537	0.00032079	0.22108	liquid
255.0	1363.0	1262.5	0.00079205	96.031	203.99	0.57661	1.0006	1.6347	1317.7	-0.029554	0.00032118	0.22124	liquid
255.0	1366.2	1262.9	0.00079186	95.957	204.14	0.57622	1.0008	1.6345	1318.5	-0.02957	0.00032157	0.2214	liquid
255.0	1369.5	1263.2	0.00079167	95.883	204.3	0.57583	1.0009	1.6343	1319.4	-0.029587	0.00032196	0.22156	liquid
255.0	1372.8	1263.5	0.00079147	95.809	204.46	0.57543	1.0011	1.6341	1320.3	-0.029604	0.00032235	0.22172	liquid
255.0	1376.0	1263.8	0.00079128	95.735	204.62	0.57504	1.0012	1.6339	1321.2	-0.02962	0.00032274	0.22188	liquid
255.0	1379.2	1264.1	0.00079109	95.661	204.77	0.57465	1.0014	1.6337	1322.1	-0.029636	0.00032313	0.22203	liquid
255.0	1382.5	1264.4	0.0007909	95.588	204.93	0.57426	1.0015	1.6335	1322.9	-0.029653	0.00032351	0.22219	liquid
255.0	1385.8	1264.7	0.00079072	95.514	205.09	0.57387	1.0016	1.6333	1323.8	-0.029669	0.0003239	0.22235	liquid
255.0	1389.0	1265.0	0.00079053	95.441	205.25	0.57348	1.0018	1.6332	1324.7	-0.029685	0.00032429	0.22251	liquid
255.0	1392.2	1265.3	0.00079034	95.368	205.4	0.57309	1.0019	1.633	1325.6	-0.029701	0.00032468	0.22267	liquid
255.0	1395.5	1265.6	0.00079015	95.295	205.56	0.5727	1.0021	1.6328	1326.4	-0.029717	0.00032507	0.22283	liquid
255.0	1398.8	1265.9	0.00078996	95.222	205.72	0.57231	1.0022	1.6326	1327.3	-0.029733	0.00032546	0.22298	liquid
255.0	1402.0	1266.2	0.00078977	95.15	205.88	0.57192	1.0024	1.6324	1328.2	-0.029749	0.00032585	0.22314	liquid
255.0	1405.2	1266.5	0.00078959	95.077	206.03	0.57154	1.0025	1.6322	1329.1	-0.029765	0.00032624	0.2233	liquid
255.0	1408.5	1266.8	0.0007894	95.005	206.19	0.57115	1.0027	1.632	1329.9	-0.029781	0.00032663	0.22346	liquid
255.0	1411.8	1267.1	0.00078921	94.933	206.35	0.57076	1.0028	1.6319	1330.8	-0.029796	0.00032702	0.22361	liquid
255.0	1415.0	1267.4	0.00078903	94.86	206.51	0.57038	1.003	1.6317	1331.7	-0.029812	0.0003274	0.22377	liquid
255.0	1418.2	1267.7	0.00078884	94.788	206.67	0.56999	1.0031	1.6315	1332.5	-0.029827	0.00032779	0.22393	liquid
255.0	1421.5	1268.0	0.00078866	94.716	206.82	0.56961	1.0033	1.6313	1333.4	-0.029843	0.00032818	0.22408	liquid
255.0	1424.8	1268.3	0.00078847	94.645	206.98	0.56922	1.0034	1.6311	1334.2	-0.029858	0.00032857	0.22424	liquid
255.0	1428.0	1268.6	0.00078829	94.573	207.14	0.56884	1.0036	1.631	1335.1	-0.029874	0.00032896	0.2244	liquid
255.0	1431.2	1268.9	0.00078811	94.502	207.3	0.56846	1.0037	1.6308	1336.0	-0.029889	0.00032935	0.22455	liquid
255.0	1434.5	1269.2	0.00078792	94.43	207.46	0.56807	1.0039	1.6306	1336.8	-0.029904	0.00032973	0.22471	liquid
255.0	1437.8	1269.5	0.00078774	94.359	207.62	0.56769	1.004	1.6304	1337.7	-0.029919	0.00033012	0.22487	liquid
255.0	1441.0	1269.8	0.00078756	94.288	207.77	0.56731	1.0042	1.6303	1338.5	-0.029934	0.00033051	0.22502	liquid
255.0	1444.2	1270.0	0.00078737	94.217	207.93	0.56693	1.0043	1.6301	1339.4	-0.029949	0.0003309	0.22518	liquid
255.0	1447.5	1270.3	0.00078719	94.146	208.09	0.56655	1.0045	1.6299	1340.2	-0.029964	0.00033129	0.22534	liquid
255.0	1450.8	1270.6	0.00078701	94.075	208.25	0.56616	1.0046	1.6297	1341.1	-0.029979	0.00033167	0.22549	liquid
255.0	1454.0	1270.9	0.00078683	94.005	208.41	0.56578	1.0048	1.6296	1341.9	-0.029994	0.00033206	0.22565	liquid
255.0	1457.2	1271.2	0.00078665	93.934	208.57	0.5654	1.0049	1.6294	1342.8	-0.030009	0.00033245	0.2258	liquid
255.0	1460.5	1271.5	0.00078647	93.864	208.73	0.56503	1.0051	1.6292	1343.6	-0.030024	0.00033284	0.22596	liquid
255.0	1463.8	1271.8	0.00078629	93.794	208.89	0.56465	1.0052	1.6291	1344.5	-0.030038	0.00033323	0.22612	liquid
255.0	1467.0	1272.1	0.00078611	93.724	209.05	0.56427	1.0054	1.6289	1345.3	-0.030053	0.00033361	0.22627	liquid
255.0	1470.2	1272.4	0.00078593	93.654	209.2	0.56389	1.0055	1.6287	1346.2	-0.030067	0.000334	0.22643	liquid
255.0	1473.5	1272.7	0.00078575	93.584	209.36	0.56351	1.0057	1.6286	1347.0	-0.030082	0.00033439	0.22658	liquid
255.0	1476.8	1273.0	0.00078557	93.514	209.52	0.56314	1.0058	1.6284	1347.9	-0.030096	0.00033477	0.22674	liquid
255.0	1480.0	1273.3	0.00078539	93.445	209.68	0.56276	1.006	1.6282	1348.7	-0.030111	0.00033516	0.22689	liquid
255.0	1483.2	1273.5	0.00078521	93.375	209.84	0.56238	1.0061	1.6281	1349.5	-0.030125	0.00033555	0.22705	liquid
255.0	1486.5	1273.8	0.00078503	93.306	210.0	0.56201	1.0063	1.6279	1350.4	-0.030139	0.00033594	0.2272	liquid
255.0	1489.8	1274.1	0.00078486	93.237	210.16	0.56163	1.0064	1.6278	1351.2	-0.030153	0.00033632	0.22736	liquid
255.0	1493.0	1274.4	0.00078468	93.168	210.32	0.56126	1.0066	1.6276	1352.0	-0.030167	0.00033671	0.22751	liquid
255.0	1496.2	1274.7	0.0007845	93.099	210.48	0.56089	1.0067	1.6274	1352.9	-0.030181	0.0003371	0.22767	liquid
255.0	1499.5	1275.0	0.00078433	93.03	210.64	0.56051	1.0069	1.6273	1353.7	-0.030195	0.00033748	0.22782	liquid
255.0	1502.8	1275.3	0.00078415	92.961	210.8	0.56014	1.007	1.6271	1354.5	-0.030209	0.00033787	0.22798	liquid
255.0	1506.0	1275.6	0.00078397	92.893	210.96	0.55977	1.0072	1.6269	1355.4	-0.030223	0.00033826	0.22813	liquid
255.0	1509.2	1275.8	0.0007838	92.824	211.12	0.55939	1.0073	1.6268	1356.2	-0.030237	0.00033864	0.22828	liquid
255.0	1512.5	1276.1	0.00078362	92.756	211.28	0.55902	1.0075	1.6266	1357.0	-0.030251	0.00033903	0.22844	liquid
255.0	1515.8	1276.4	0.00078345	92.688	211.44	0.55865	1.0076	1.6265	1357.9	-0.030264	0.00033942	0.22859	liquid
255.0	1519.0	1276.7	0.00078327	92.619	211.6	0.55828	1.0078	1.6263	1358.7	-0.030278	0.0003398	0.22875	liquid
255.0	1522.2	1277.0	0.0007831	92.551	211.76	0.55791	1.0079	1.6262	1359.5	-0.030291	0.00034019	0.2289	liquid
255.0	1525.5	1277.3	0.00078293	92.484	211.92	0.55754	1.0081	1.626	1360.3	-0.030305	0.00034058	0.22905	liquid
255.0	1528.8	1277.5	0.00078275	92.416	212.08	0.55717	1.0082	1.6259	1361.2	-0.030318	0.00034096	0.22921	liquid
255.0	1532.0	1277.8	0.00078258	92.348	212.24	0.5568	1.0084	1.6257	1362.0	-0.030332	0.00034135	0.22936	liquid
255.0	1535.2	1278.1	0.00078241	92.281	212.4	0.55643	1.0085	1.6256	1362.8	-0.030345	0.00034174	0.22951	liquid
255.0	1538.5	1278.4	0.00078223	92.213	212.56	0.55606	1.0086	1.6254	1363.6	-0.030358	0.00034212	0.22967	liquid
255.0	1541.8	1278.7	0.00078206	92.146	212.72	0.5557	1.0088	1.6253	1364.4	-0.030372	0.00034251	0.22982	liquid
255.0	1545.0	1279.0	0.00078189	92.079	212.88	0.55533	1.0089	1.6251	1365.3	-0.030385	0.00034289	0.22997	liquid
255.0	1548.2	1279.2	0.00078172	92.012	213.04	0.55496	1.0091	1.625	1366.1	-0.030398	0.00034328	0.23013	liquid
255.0	1551.5	1279.5	0.00078155	91.945	213.2	0.55459	1.0092	1.6248	1366.9	-0.030411	0.00034367	0.23028	liquid
255.0	1554.8	1279.8	0.00078138	91.878	213.36	0.55423	1.0094	1.6247	1367.7	-0.030424	0.00034405	0.23043	liquid
255.0	1558.0	1280.1	0.00078121	91.811	213.52	0.55386	1.0095	1.6245	1368.5	-0.030437	0.00034444	0.23058	liquid
255.0	1561.2	1280.4	0.00078104	91.745	213.68	0.5535	1.0097	1.6244	1369.3	-0.03045	0.00034482	0.23074	liquid
255.0	1564.5	1280.6	0.00078087	91.678	213.84	0.55313	1.0098	1.6242	1370.2	-0.030463	0.00034521	0.23089	liquid
255.0	1567.8	1280.9	0.0007807	91.612	214.01	0.55277	1.01	1.6241	1371.0	-0.030476	0.0003456	0.23104	liquid
255.0	1571.0	1281.2	0.00078053	91.546	214.17	0.5524	1.0101	1.6239	1371.8	-0.030488	0.00034598	0.23119	liquid
255.0	1574.2	1281.5	0.00078036	91.48	214.33	0.55204	1.0103	1.6238	1372.6	-0.030501	0.00034637	0.23135	liquid
255.0	1577.5	1281.7	0.00078019	91.413	214.49	0.55168	1.0104	1.6236	1373.4	-0.030514	0.00034675	0.2315	liquid
255.0	1580.8	1282.0	0.00078002	91.348	214.65	0.55131	1.0106	1.6235	1374.2	-0.030526	0.00034714	0.23165	liquid
255.0	1584.0	1282.3	0.00077985	91.282	214.81	0.55095	1.0107	1.6234	1375.0	-0.030539	0.00034752	0.2318	liquid
255.0	1587.2	1282.6	0.00077968	91.216	214.97	0.55059	1.0109	1.6232	1375.8	-0.030551	0.00034791	0.23196	liquid
255.0	1590.5	1282.8	0.00077952	91.151	215.13	0.55023	1.011	1.6231	1376.6	-0.030564	0.00034829	0.23211	liquid
255.0	1593.8	1283.1	0.00077935	91.085	215.29	0.54987	1.0112	1.6229	1377.4	-0.030576	0.00034868	0.23226	liquid
255.0	1597.0	1283.4	0.00077918	91.02	215.46	0.54951	1.0113	1.6228	1378.2	-0.030588	0.00034907	0.23241	liquid
255.0	1600.2	1283.7	0.00077902	90.955	215.62	0.54915	1.0115	1.6227	1379.0	-0.030601	0.00034945	0.23256	liquid
255.0	1603.5	1283.9	0.00077885	90.889	215.78	0.54879	1.0116	1.6225	1379.8	-0.030613	0.00034984	0.23271	liquid
255.0	1606.8	1284.2	0.00077868	90.824	215.94	0.54843	1.0118	1.6224	1380.6	-0.030625	0.00035022	0.23287	liquid
255.0	1610.0	1284.5	0.00077852	90.759	216.1	0.54807	1.0119	1.6222	1381.4	-0.030637	0.00035061	0.23302	liquid
255.0	1613.2	1284.8	0.00077835	90.695	216.26	0.54771	1.0121	1.6221	1382.2	-0.030649	0.00035099	0.23317	liquid
255.0	1616.5	1285.0	0.00077819	90.63	216.42	0.54735	1.0122	1.622	1383.0	-0.030661	0.00035138	0.23332	liquid
255.0	1619.8	1285.3	0.00077802	90.565	216.59	0.54699	1.0124	1.6218	1383.8	-0.030673	0.00035176	0.23347	liquid
255.0	1623.0	1285.6	0.00077786	90.501	216.75	0.54664	1.0125	1.6217	1384.6	-0.030685	0.00035215	0.23362	liquid
255.0	1626.2	1285.9	0.0007777	90.437	216.91	0.54628	1.0126	1.6216	1385.4	-0.030697	0.00035253	0.23377	liquid
255.0	1629.5	1286.1	0.00077753	90.372	217.07	0.54592	1.0128	1.6214	1386.2	-0.030709	0.00035292	0.23392	liquid
255.0	1632.8	1286.4	0.00077737	90.308	217.23	0.54557	1.0129	1.6213	1386.9	-0.030721	0.0003533	0.23407	liquid
255.0	1636.0	1286.7	0.0007772	90.244	217.39	0.54521	1.0131	1.6212	1387.7	-0.030733	0.00035368	0.23422	liquid
255.0	1639.2	1286.9	0.00077704	90.18	217.56	0.54486	1.0132	1.621	1388.5	-0.030744	0.00035407	0.23437	liquid
255.0	1642.5	1287.2	0.00077688	90.116	217.72	0.5445	1.0134	1.6209	1389.3	-0.030756	0.00035445	0.23452	liquid
255.0	1645.8	1287.5	0.00077672	90.053	217.88	0.54415	1.0135	1.6208	1390.1	-0.030768	0.00035484	0.23467	liquid
255.0	1649.0	1287.7	0.00077655	89.989	218.04	0.54379	1.0137	1.6206	1390.9	-0.030779	0.00035522	0.23483	liquid
255.0	1652.2	1288.0	0.00077639	89.926	218.21	0.54344	1.0138	1.6205	1391.7	-0.030791	0.00035561	0.23498	liquid
255.0	1655.5	1288.3	0.00077623	89.862	218.37	0.54309	1.014	1.6204	1392.4	-0.030802	0.00035599	0.23513	liquid
255.0	1658.8	1288.5	0.00077607	89.799	218.53	0.54273	1.0141	1.6203	1393.2	-0.030814	0.00035638	0.23528	liquid
255.0	1662.0	1288.8	0.00077591	89.736	218.69	0.54238	1.0143	1.6201	1394.0	-0.030825	0.00035676	0.23543	liquid
255.0	1665.2	1289.1	0.00077575	89.673	218.85	0.54203	1.0144	1.62	1394.8	-0.030836	0.00035714	0.23558	liquid
255.0	1668.5	1289.3	0.00077559	89.61	219.02	0.54168	1.0146	1.6199	1395.6	-0.030848	0.00035753	0.23572	liquid
255.0	1671.8	1289.6	0.00077543	89.547	219.18	0.54132	1.0147	1.6198	1396.3	-0.030859	0.00035791	0.23587	liquid
255.0	1675.0	1289.9	0.00077527	89.484	219.34	0.54097	1.0149	1.6196	1397.1	-0.03087	0.0003583	0.23602	liquid
255.0	1678.2	1290.1	0.00077511	89.421	219.5	0.54062	1.015	1.6195	1397.9	-0.030881	0.00035868	0.23617	liquid
255.0	1681.5	1290.4	0.00077495	89.359	219.67	0.54027	1.0152	1.6194	1398.7	-0.030892	0.00035907	0.23632	liquid
255.0	1684.8	1290.7	0.00077479	89.296	219.83	0.53992	1.0153	1.6193	1399.4	-0.030903	0.00035945	0.23647	liquid
255.0	1688.0	1290.9	0.00077463	89.234	219.99	0.53957	1.0155	1.6191	1400.2	-0.030914	0.00035983	0.23662	liquid
255.0	1691.2	1291.2	0.00077447	89.172	220.15	0.53922	1.0156	1.619	1401.0	-0.030925	0.00036022	0.23677	liquid
255.0	1694.5	1291.5	0.00077431	89.11	220.32	0.53888	1.0158	1.6189	1401.7	-0.030936	0.0003606	0.23692	liquid
255.0	1697.8	1291.7	0.00077416	89.048	220.48	0.53853	1.0159	1.6188	1402.5	-0.030947	0.00036099	0.23707	liquid
255.0	1701.0	1292.0	0.000774	88.986	220.64	0.53818	1.016	1.6186	1403.3	-0.030958	0.00036137	0.23722	liquid
255.0	1704.2	1292.3	0.00077384	88.924	220.81	0.53783	1.0162	1.6185	1404.0	-0.030969	0.00036175	0.23737	liquid
255.0	1707.5	1292.5	0.00077368	88.862	220.97	0.53748	1.0163	1.6184	1404.8	-0.03098	0.00036214	0.23752	liquid
255.0	1710.8	1292.8	0.00077353	88.8	221.13	0.53714	1.0165	1.6183	1405.6	-0.03099	0.00036252	0.23766	liquid
255.0	1714.0	1293.0	0.00077337	88.739	221.29	0.53679	1.0166	1.6182	1406.3	-0.031001	0.0003629	0.23781	liquid
255.0	1717.2	1293.3	0.00077321	88.677	221.46	0.53644	1.0168	1.618	1407.1	-0.031012	0.00036329	0.23796	liquid
255.0	1720.5	1293.6	0.00077306	88.616	221.62	0.5361	1.0169	1.6179	1407.9	-0.031022	0.00036367	0.23811	liquid
255.0	1723.8	1293.8	0.0007729	88.555	221.78	0.53575	1.0171	1.6178	1408.6	-0.031033	0.00036405	0.23826	liquid
255.0	1727.0	1294.1	0.00077275	88.494	221.95	0.53541	1.0172	1.6177	1409.4	-0.031043	0.00036444	0.23841	liquid
255.0	1730.2	1294.3	0.00077259	88.433	222.11	0.53506	1.0174	1.6176	1410.1	-0.031054	0.00036482	0.23855	liquid
255.0	1733.5	1294.6	0.00077244	88.372	222.27	0.53472	1.0175	1.6175	1410.9	-0.031064	0.0003652	0.2387	liquid
255.0	1736.8	1294.9	0.00077228	88.311	222.44	0.53438	1.0177	1.6173	1411.7	-0.031075	0.00036559	0.23885	liquid
255.0	1740.0	1295.1	0.00077213	88.25	222.6	0.53403	1.0178	1.6172	1412.4	-0.031085	0.00036597	0.239	liquid
255.0	1743.2	1295.4	0.00077197	88.189	222.76	0.53369	1.018	1.6171	1413.2	-0.031095	0.00036636	0.23915	liquid
255.0	1746.5	1295.6	0.00077182	88.129	222.93	0.53335	1.0181	1.617	1413.9	-0.031106	0.00036674	0.23929	liquid
255.0	1749.8	1295.9	0.00077167	88.068	223.09	0.533	1.0183	1.6169	1414.7	-0.031116	0.00036712	0.23944	liquid
255.0	1753.0	1296.2	0.00077151	88.008	223.25	0.53266	1.0184	1.6168	1415.4	-0.031126	0.0003675	0.23959	liquid
255.0	1756.2	1296.4	0.00077136	87.948	223.42	0.53232	1.0185	1.6167	1416.2	-0.031136	0.00036789	0.23974	liquid
255.0	1759.5	1296.7	0.00077121	87.888	223.58	0.53198	1.0187	1.6166	1416.9	-0.031146	0.00036827	0.23988	liquid
255.0	1762.8	1296.9	0.00077105	87.827	223.75	0.53164	1.0188	1.6164	1417.7	-0.031156	0.00036865	0.24003	liquid
255.0	1766.0	1297.2	0.0007709	87.767	223.91	0.5313	1.019	1.6163	1418.4	-0.031166	0.00036904	0.24018	liquid
255.0	1769.2	1297.4	0.00077075	87.708	224.07	0.53096	1.0191	1.6162	1419.2	-0.031176	0.00036942	0.24033	liquid
255.0	1772.5	1297.7	0.0007706	87.648	224.24	0.53062	1.0193	1.6161	1419.9	-0.031186	0.0003698	0.24047	liquid
255.0	1775.8	1297.9	0.00077045	87.588	224.4	0.53028	1.0194	1.616	1420.7	-0.031196	0.00037019	0.24062	liquid
255.0	1779.0	1298.2	0.00077029	87.529	224.56	0.52994	1.0196	1.6159	1421.4	-0.031206	0.00037057	0.24077	liquid
255.0	1782.2	1298.5	0.00077014	87.469	224.73	0.5296	1.0197	1.6158	1422.2	-0.031216	0.00037095	0.24091	liquid
255.0	1785.5	1298.7	0.00076999	87.41	224.89	0.52926	1.0199	1.6157	1422.9	-0.031226	0.00037134	0.24106	liquid
255.0	1788.8	1299.0	0.00076984	87.35	225.06	0.52892	1.02	1.6156	1423.7	-0.031235	0.00037172	0.24121	liquid
255.0	1792.0	1299.2	0.00076969	87.291	225.22	0.52858	1.0202	1.6155	1424.4	-0.031245	0.0003721	0.24136	liquid
255.0	1795.2	1299.5	0.00076954	87.232	225.38	0.52825	1.0203	1.6154	1425.1	-0.031255	0.00037248	0.2415	liquid
255.0	1798.5	1299.7	0.00076939	87.173	225.55	0.52791	1.0205	1.6153	1425.9	-0.031264	0.00037287	0.24165	liquid
255.0	1801.8	1300.0	0.00076924	87.114	225.71	0.52757	1.0206	1.6152	1426.6	-0.031274	0.00037325	0.2418	liquid
255.0	1805.0	1300.2	0.00076909	87.055	225.88	0.52724	1.0208	1.615	1427.4	-0.031284	0.00037363	0.24194	liquid
255.0	1808.2	1300.5	0.00076894	86.996	226.04	0.5269	1.0209	1.6149	1428.1	-0.031293	0.00037401	0.24209	liquid
255.0	1811.5	1300.7	0.00076879	86.938	226.2	0.52656	1.021	1.6148	1428.8	-0.031303	0.0003744	0.24223	liquid
255.0	1814.8	1301.0	0.00076865	86.879	226.37	0.52623	1.0212	1.6147	1429.6	-0.031312	0.00037478	0.24238	liquid
255.0	1818.0	1301.2	0.0007685	86.821	226.53	0.52589	1.0213	1.6146	1430.3	-0.031322	0.00037516	0.24253	liquid
255.0	1821.2	1301.5	0.00076835	86.762	226.7	0.52556	1.0215	1.6145	1431.0	-0.031331	0.00037554	0.24267	liquid
255.0	1824.5	1301.7	0.0007682	86.704	226.86	0.52522	1.0216	1.6144	1431.8	-0.03134	0.00037593	0.24282	liquid
255.0	1827.8	1302.0	0.00076805	86.646	227.03	0.52489	1.0218	1.6143	1432.5	-0.03135	0.00037631	0.24296	liquid
255.0	1831.0	1302.2	0.00076791	86.588	227.19	0.52456	1.0219	1.6142	1433.2	-0.031359	0.00037669	0.24311	liquid
255.0	1834.2	1302.5	0.00076776	86.53	227.36	0.52422	1.0221	1.6141	1434.0	-0.031368	0.00037707	0.24326	liquid
255.0	1837.5	1302.7	0.00076761	86.472	227.52	0.52389	1.0222	1.614	1434.7	-0.031377	0.00037746	0.2434	liquid
255.0	1840.8	1303.0	0.00076746	86.414	227.68	0.52356	1.0224	1.6139	1435.4	-0.031387	0.00037784	0.24355	liquid
255.0	1844.0	1303.2	0.00076732	86.356	227.85	0.52323	1.0225	1.6138	1436.2	-0.031396	0.00037822	0.24369	liquid
255.0	1847.2	1303.5	0.00076717	86.298	228.01	0.52289	1.0227	1.6137	1436.9	-0.031405	0.0003786	0.24384	liquid
255.0	1850.5	1303.7	0.00076703	86.241	228.18	0.52256	1.0228	1.6136	1437.6	-0.031414	0.00037899	0.24398	liquid
255.0	1853.8	1304.0	0.00076688	86.183	228.34	0.52223	1.0229	1.6135	1438.3	-0.031423	0.00037937	0.24413	liquid
255.0	1857.0	1304.2	0.00076673	86.126	228.51	0.5219	1.0231	1.6134	1439.1	-0.031432	0.00037975	0.24427	liquid
255.0	1860.2	1304.5	0.00076659	86.069	228.67	0.52157	1.0232	1.6133	1439.8	-0.031441	0.00038013	0.24442	liquid
255.0	1863.5	1304.7	0.00076644	86.011	228.84	0.52124	1.0234	1.6132	1440.5	-0.03145	0.00038051	0.24457	liquid
255.0	1866.8	1305.0	0.0007663	85.954	229.0	0.52091	1.0235	1.6131	1441.2	-0.031459	0.0003809	0.24471	liquid
255.0	1870.0	1305.2	0.00076615	85.897	229.17	0.52058	1.0237	1.6131	1442.0	-0.031468	0.00038128	0.24486	liquid
255.0	1873.2	1305.5	0.00076601	85.84	229.33	0.52025	1.0238	1.613	1442.7	-0.031476	0.00038166	0.245	liquid
255.0	1876.5	1305.7	0.00076587	85.783	229.5	0.51992	1.024	1.6129	1443.4	-0.031485	0.00038204	0.24515	liquid
255.0	1879.8	1306.0	0.00076572	85.727	229.66	0.51959	1.0241	1.6128	1444.1	-0.031494	0.00038242	0.24529	liquid
255.0	1883.0	1306.2	0.00076558	85.67	229.83	0.51926	1.0243	1.6127	1444.8	-0.031503	0.00038281	0.24543	liquid
255.0	1886.2	1306.4	0.00076543	85.613	229.99	0.51893	1.0244	1.6126	1445.5	-0.031511	0.00038319	0.24558	liquid
255.0	1889.5	1306.7	0.00076529	85.557	230.16	0.51861	1.0246	1.6125	1446.3	-0.03152	0.00038357	0.24572	liquid
255.0	1892.8	1306.9	0.00076515	85.5	230.32	0.51828	1.0247	1.6124	1447.0	-0.031529	0.00038395	0.24587	liquid
255.0	1896.0	1307.2	0.000765	85.444	230.49	0.51795	1.0248	1.6123	1447.7	-0.031537	0.00038433	0.24601	liquid
255.0	1899.2	1307.4	0.00076486	85.388	230.65	0.51763	1.025	1.6122	1448.4	-0.031546	0.00038472	0.24616	liquid
255.0	1902.5	1307.7	0.00076472	85.332	230.82	0.5173	1.0251	1.6121	1449.1	-0.031554	0.0003851	0.2463	liquid
255.0	1905.8	1307.9	0.00076458	85.276	230.98	0.51697	1.0253	1.612	1449.8	-0.031563	0.00038548	0.24645	liquid
255.0	1909.0	1308.2	0.00076444	85.22	231.15	0.51665	1.0254	1.6119	1450.5	-0.031571	0.00038586	0.24659	liquid
255.0	1912.2	1308.4	0.00076429	85.164	231.32	0.51632	1.0256	1.6118	1451.3	-0.03158	0.00038624	0.24673	liquid
255.0	1915.5	1308.6	0.00076415	85.108	231.48	0.516	1.0257	1.6118	1452.0	-0.031588	0.00038663	0.24688	liquid
255.0	1918.8	1308.9	0.00076401	85.052	231.65	0.51567	1.0259	1.6117	1452.7	-0.031596	0.00038701	0.24702	liquid
255.0	1922.0	1309.1	0.00076387	84.996	231.81	0.51535	1.026	1.6116	1453.4	-0.031605	0.00038739	0.24717	liquid
255.0	1925.2	1309.4	0.00076373	84.941	231.98	0.51502	1.0262	1.6115	1454.1	-0.031613	0.00038777	0.24731	liquid
255.0	1928.5	1309.6	0.00076359	84.885	232.14	0.5147	1.0263	1.6114	1454.8	-0.031621	0.00038815	0.24745	liquid
255.0	1931.8	1309.8	0.00076345	84.83	232.31	0.51438	1.0265	1.6113	1455.5	-0.03163	0.00038853	0.2476	liquid
255.0	1935.0	1310.1	0.00076331	84.775	232.47	0.51405	1.0266	1.6112	1456.2	-0.031638	0.00038892	0.24774	liquid
255.0	1938.2	1310.3	0.00076317	84.719	232.64	0.51373	1.0267	1.6111	1456.9	-0.031646	0.0003893	0.24789	liquid
255.0	1941.5	1310.6	0.00076303	84.664	232.81	0.51341	1.0269	1.6111	1457.6	-0.031654	0.00038968	0.24803	liquid
255.0	1944.8	1310.8	0.00076289	84.609	232.97	0.51308	1.027	1.611	1458.3	-0.031662	0.00039006	0.24817	liquid
255.0	1948.0	1311.0	0.00076275	84.554	233.14	0.51276	1.0272	1.6109	1459.0	-0.03167	0.00039044	0.24832	liquid
255.0	1951.2	1311.3	0.00076261	84.499	233.3	0.51244	1.0273	1.6108	1459.7	-0.031678	0.00039082	0.24846	liquid
255.0	1954.5	1311.5	0.00076247	84.444	233.47	0.51212	1.0275	1.6107	1460.4	-0.031687	0.0003912	0.2486	liquid
255.0	1957.8	1311.8	0.00076233	84.39	233.64	0.5118	1.0276	1.6106	1461.1	-0.031695	0.00039159	0.24875	liquid
255.0	1961.0	1312.0	0.00076219	84.335	233.8	0.51148	1.0278	1.6105	1461.8	-0.031702	0.00039197	0.24889	liquid
255.0	1964.2	1312.2	0.00076205	84.28	233.97	0.51116	1.0279	1.6105	1462.5	-0.03171	0.00039235	0.24903	liquid
255.0	1967.5	1312.5	0.00076192	84.226	234.13	0.51084	1.0281	1.6104	1463.2	-0.031718	0.00039273	0.24917	liquid
255.0	1970.8	1312.7	0.00076178	84.171	234.3	0.51052	1.0282	1.6103	1463.9	-0.031726	0.00039311	0.24932	liquid
255.0	1974.0	1313.0	0.00076164	84.117	234.47	0.5102	1.0283	1.6102	1464.6	-0.031734	0.00039349	0.24946	liquid
255.0	1977.2	1313.2	0.0007615	84.063	234.63	0.50988	1.0285	1.6101	1465.3	-0.031742	0.00039387	0.2496	liquid
255.0	1980.5	1313.4	0.00076137	84.009	234.8	0.50956	1.0286	1.61	1466.0	-0.03175	0.00039426	0.24975	liquid
255.0	1983.8	1313.7	0.00076123	83.955	234.96	0.50924	1.0288	1.61	1466.7	-0.031757	0.00039464	0.24989	liquid
255.0	1987.0	1313.9	0.00076109	83.901	235.13	0.50892	1.0289	1.6099	1467.4	-0.031765	0.00039502	0.25003	liquid
255.0	1990.2	1314.1	0.00076096	83.847	235.3	0.5086	1.0291	1.6098	1468.1	-0.031773	0.0003954	0.25017	liquid
255.0	1993.5	1314.4	0.00076082	83.793	235.46	0.50829	1.0292	1.6097	1468.8	-0.031781	0.00039578	0.25032	liquid
255.0	1996.8	1314.6	0.00076068	83.739	235.63	0.50797	1.0294	1.6096	1469.4	-0.031788	0.00039616	0.25046	liquid
255.0	2000.0	1314.8	0.00076055	83.685	235.79	0.50765	1.0295	1.6096	1470.1	-0.031796	0.00039654	0.2506	liquid
