Temperature (K)	Pressure (bar)	Density (kg/m3)	Volume (m3/kg)	Internal Energy (kJ/kg)	Enthalpy (kJ/kg)	Entropy (J/g*K)	Cv (J/g*K)	Cp (J/g*K)	Sound Spd. (m/s)	Joule-Thomson (K/bar)	Viscosity (Pa*s)	Therm. Cond. (W/m*K)	Phase
254.0	56.5	1043.7	0.00095815	150.33	155.74	0.82393	0.93605	2.0878	738.11	0.0043323	0.00014512	0.13621	liquid
254.0	59.75	1045.0	0.00095694	149.99	155.71	0.8226	0.93626	2.0813	741.2	0.003901	0.00014575	0.13659	liquid
254.0	63.0	1046.3	0.00095574	149.67	155.69	0.82128	0.93647	2.075	744.25	0.0034795	0.00014638	0.13696	liquid
254.0	66.25	1047.6	0.00095456	149.34	155.66	0.81997	0.93668	2.0688	747.26	0.0030674	0.000147	0.13733	liquid
254.0	69.5	1048.9	0.0009534	149.02	155.65	0.81867	0.9369	2.0628	750.25	0.0026643	0.00014762	0.13769	liquid
254.0	72.75	1050.1	0.00095225	148.7	155.63	0.81739	0.93711	2.0569	753.2	0.00227	0.00014824	0.13805	liquid
254.0	76.0	1051.4	0.00095112	148.39	155.61	0.81611	0.93733	2.0512	756.13	0.001884	0.00014885	0.13841	liquid
254.0	79.25	1052.6	0.00095	148.07	155.6	0.81485	0.93754	2.0456	759.03	0.0015062	0.00014946	0.13877	liquid
254.0	82.5	1053.9	0.0009489	147.77	155.59	0.8136	0.93776	2.0402	761.89	0.0011361	0.00015007	0.13913	liquid
254.0	85.75	1055.1	0.00094781	147.46	155.59	0.81237	0.93797	2.0348	764.74	0.00077357	0.00015067	0.13948	liquid
254.0	89.0	1056.3	0.00094673	147.16	155.58	0.81114	0.93819	2.0296	767.55	0.00041831	0.00015127	0.13983	liquid
254.0	92.25	1057.5	0.00094567	146.86	155.58	0.80992	0.9384	2.0246	770.34	7.0074e-05	0.00015187	0.14018	liquid
254.0	95.5	1058.6	0.00094462	146.56	155.58	0.80872	0.93862	2.0196	773.1	-0.00027137	0.00015247	0.14052	liquid
254.0	98.75	1059.8	0.00094358	146.27	155.59	0.80752	0.93883	2.0147	775.84	-0.00060623	0.00015306	0.14087	liquid
254.0	102.0	1060.9	0.00094255	145.98	155.59	0.80633	0.93905	2.01	778.56	-0.00093473	0.00015365	0.14121	liquid
254.0	105.25	1062.1	0.00094154	145.69	155.6	0.80515	0.93926	2.0053	781.25	-0.0012571	0.00015423	0.14155	liquid
254.0	108.5	1063.2	0.00094054	145.4	155.61	0.80399	0.93948	2.0008	783.93	-0.0015734	0.00015482	0.14188	liquid
254.0	111.75	1064.3	0.00093955	145.12	155.62	0.80283	0.93969	1.9963	786.57	-0.001884	0.0001554	0.14222	liquid
254.0	115.0	1065.5	0.00093857	144.84	155.63	0.80168	0.93991	1.9919	789.2	-0.002189	0.00015598	0.14255	liquid
254.0	118.25	1066.6	0.0009376	144.56	155.65	0.80054	0.94012	1.9877	791.81	-0.0024885	0.00015656	0.14288	liquid
254.0	121.5	1067.6	0.00093664	144.28	155.66	0.79941	0.94033	1.9835	794.4	-0.0027827	0.00015713	0.14321	liquid
254.0	124.75	1068.7	0.00093569	144.01	155.68	0.79828	0.94055	1.9794	796.97	-0.0030719	0.0001577	0.14354	liquid
254.0	128.0	1069.8	0.00093476	143.74	155.7	0.79717	0.94076	1.9753	799.52	-0.003356	0.00015827	0.14386	liquid
254.0	131.25	1070.9	0.00093383	143.47	155.73	0.79606	0.94097	1.9714	802.05	-0.0036352	0.00015884	0.14418	liquid
254.0	134.5	1071.9	0.00093291	143.2	155.75	0.79496	0.94118	1.9675	804.56	-0.0039098	0.0001594	0.1445	liquid
254.0	137.75	1073.0	0.000932	142.94	155.78	0.79387	0.94139	1.9637	807.05	-0.0041798	0.00015997	0.14482	liquid
254.0	141.0	1074.0	0.0009311	142.68	155.8	0.79279	0.9416	1.96	809.53	-0.0044453	0.00016053	0.14514	liquid
254.0	144.25	1075.0	0.00093021	142.41	155.83	0.79171	0.94181	1.9563	811.99	-0.0047065	0.00016109	0.14546	liquid
254.0	147.5	1076.0	0.00092933	142.16	155.86	0.79064	0.94202	1.9527	814.43	-0.0049635	0.00016164	0.14577	liquid
254.0	150.75	1077.1	0.00092846	141.9	155.9	0.78958	0.94222	1.9492	816.86	-0.0052163	0.0001622	0.14608	liquid
254.0	154.0	1078.1	0.00092759	141.65	155.93	0.78852	0.94243	1.9457	819.27	-0.0054651	0.00016275	0.14639	liquid
254.0	157.25	1079.1	0.00092674	141.39	155.97	0.78748	0.94264	1.9423	821.66	-0.0057101	0.0001633	0.1467	liquid
254.0	160.5	1080.0	0.00092589	141.14	156.0	0.78644	0.94284	1.939	824.04	-0.0059512	0.00016385	0.14701	liquid
254.0	163.75	1081.0	0.00092505	140.89	156.04	0.7854	0.94305	1.9357	826.4	-0.0061887	0.0001644	0.14732	liquid
254.0	167.0	1082.0	0.00092422	140.65	156.08	0.78438	0.94325	1.9324	828.75	-0.0064225	0.00016494	0.14762	liquid
254.0	170.25	1083.0	0.00092339	140.4	156.12	0.78336	0.94345	1.9293	831.08	-0.0066528	0.00016549	0.14793	liquid
254.0	173.5	1083.9	0.00092258	140.16	156.16	0.78234	0.94366	1.9261	833.4	-0.0068796	0.00016603	0.14823	liquid
254.0	176.75	1084.9	0.00092177	139.91	156.21	0.78133	0.94386	1.9231	835.71	-0.0071031	0.00016657	0.14853	liquid
254.0	180.0	1085.8	0.00092096	139.67	156.25	0.78033	0.94406	1.92	838.0	-0.0073233	0.00016711	0.14883	liquid
254.0	183.25	1086.8	0.00092017	139.44	156.3	0.77934	0.94426	1.9171	840.27	-0.0075403	0.00016765	0.14912	liquid
254.0	186.5	1087.7	0.00091938	139.2	156.35	0.77835	0.94446	1.9141	842.54	-0.0077542	0.00016818	0.14942	liquid
254.0	189.75	1088.6	0.0009186	138.96	156.39	0.77736	0.94466	1.9112	844.79	-0.007965	0.00016871	0.14971	liquid
254.0	193.0	1089.5	0.00091783	138.73	156.44	0.77639	0.94486	1.9084	847.03	-0.0081728	0.00016925	0.15001	liquid
254.0	196.25	1090.4	0.00091706	138.5	156.5	0.77541	0.94505	1.9056	849.25	-0.0083777	0.00016978	0.1503	liquid
254.0	199.5	1091.3	0.0009163	138.27	156.55	0.77445	0.94525	1.9029	851.46	-0.0085798	0.00017031	0.15059	liquid
254.0	202.75	1092.2	0.00091554	138.04	156.6	0.77349	0.94545	1.9002	853.66	-0.008779	0.00017083	0.15088	liquid
254.0	206.0	1093.1	0.0009148	137.81	156.66	0.77253	0.94564	1.8975	855.85	-0.0089755	0.00017136	0.15117	liquid
254.0	209.25	1094.0	0.00091405	137.59	156.71	0.77158	0.94584	1.8949	858.03	-0.0091694	0.00017189	0.15146	liquid
254.0	212.5	1094.9	0.00091332	137.36	156.77	0.77064	0.94603	1.8923	860.19	-0.0093606	0.00017241	0.15174	liquid
254.0	215.75	1095.8	0.00091259	137.14	156.83	0.7697	0.94622	1.8897	862.34	-0.0095493	0.00017293	0.15203	liquid
254.0	219.0	1096.7	0.00091186	136.92	156.89	0.76876	0.94642	1.8872	864.49	-0.0097355	0.00017345	0.15231	liquid
254.0	222.25	1097.5	0.00091115	136.7	156.95	0.76783	0.94661	1.8847	866.62	-0.0099192	0.00017397	0.15259	liquid
254.0	225.5	1098.4	0.00091043	136.48	157.01	0.76691	0.9468	1.8823	868.73	-0.010101	0.00017449	0.15287	liquid
254.0	228.75	1099.2	0.00090973	136.26	157.07	0.76599	0.94699	1.8799	870.84	-0.01028	0.00017501	0.15315	liquid
254.0	232.0	1100.1	0.00090903	136.05	157.13	0.76508	0.94718	1.8775	872.94	-0.010456	0.00017552	0.15343	liquid
254.0	235.25	1100.9	0.00090833	135.83	157.2	0.76417	0.94737	1.8752	875.03	-0.010631	0.00017603	0.15371	liquid
254.0	238.5	1101.8	0.00090764	135.62	157.26	0.76326	0.94756	1.8729	877.1	-0.010803	0.00017655	0.15399	liquid
254.0	241.75	1102.6	0.00090695	135.4	157.33	0.76236	0.94775	1.8706	879.17	-0.010973	0.00017706	0.15426	liquid
254.0	245.0	1103.4	0.00090627	135.19	157.4	0.76147	0.94793	1.8684	881.22	-0.011141	0.00017757	0.15454	liquid
254.0	248.25	1104.2	0.0009056	134.98	157.47	0.76058	0.94812	1.8662	883.27	-0.011307	0.00017808	0.15481	liquid
254.0	251.5	1105.1	0.00090493	134.78	157.53	0.75969	0.94831	1.864	885.31	-0.01147	0.00017859	0.15508	liquid
254.0	254.75	1105.9	0.00090426	134.57	157.6	0.75881	0.94849	1.8618	887.33	-0.011632	0.00017909	0.15535	liquid
254.0	258.0	1106.7	0.0009036	134.36	157.68	0.75793	0.94868	1.8597	889.35	-0.011792	0.0001796	0.15563	liquid
254.0	261.25	1107.5	0.00090295	134.16	157.75	0.75706	0.94886	1.8576	891.36	-0.01195	0.0001801	0.15589	liquid
254.0	264.5	1108.3	0.0009023	133.95	157.82	0.75619	0.94905	1.8555	893.35	-0.012106	0.00018061	0.15616	liquid
254.0	267.75	1109.1	0.00090165	133.75	157.89	0.75532	0.94923	1.8535	895.34	-0.01226	0.00018111	0.15643	liquid
254.0	271.0	1109.9	0.00090101	133.55	157.97	0.75446	0.94941	1.8515	897.32	-0.012412	0.00018161	0.1567	liquid
254.0	274.25	1110.7	0.00090037	133.35	158.04	0.7536	0.9496	1.8495	899.29	-0.012563	0.00018211	0.15696	liquid
254.0	277.5	1111.4	0.00089974	133.15	158.12	0.75275	0.94978	1.8475	901.25	-0.012712	0.00018261	0.15723	liquid
254.0	280.75	1112.2	0.00089911	132.95	158.2	0.7519	0.94996	1.8456	903.21	-0.012859	0.00018311	0.15749	liquid
254.0	284.0	1113.0	0.00089849	132.76	158.27	0.75106	0.95014	1.8437	905.15	-0.013004	0.0001836	0.15775	liquid
254.0	287.25	1113.7	0.00089787	132.56	158.35	0.75022	0.95032	1.8418	907.09	-0.013148	0.0001841	0.15802	liquid
254.0	290.5	1114.5	0.00089726	132.36	158.43	0.74938	0.9505	1.8399	909.01	-0.01329	0.00018459	0.15828	liquid
254.0	293.75	1115.3	0.00089664	132.17	158.51	0.74855	0.95068	1.8381	910.93	-0.013431	0.00018509	0.15854	liquid
254.0	297.0	1116.0	0.00089604	131.98	158.59	0.74772	0.95086	1.8362	912.84	-0.013569	0.00018558	0.1588	liquid
254.0	300.25	1116.8	0.00089544	131.79	158.67	0.74689	0.95104	1.8344	914.74	-0.013707	0.00018607	0.15906	liquid
254.0	303.5	1117.5	0.00089484	131.6	158.75	0.74607	0.95122	1.8327	916.64	-0.013843	0.00018656	0.15931	liquid
254.0	306.75	1118.3	0.00089424	131.41	158.84	0.74525	0.95139	1.8309	918.52	-0.013977	0.00018705	0.15957	liquid
254.0	310.0	1119.0	0.00089365	131.22	158.92	0.74444	0.95157	1.8292	920.4	-0.01411	0.00018754	0.15983	liquid
254.0	313.25	1119.7	0.00089306	131.03	159.0	0.74362	0.95175	1.8274	922.27	-0.014241	0.00018803	0.16008	liquid
254.0	316.5	1120.5	0.00089248	130.84	159.09	0.74282	0.95192	1.8257	924.13	-0.014371	0.00018852	0.16034	liquid
254.0	319.75	1121.2	0.0008919	130.66	159.18	0.74201	0.9521	1.8241	925.99	-0.0145	0.000189	0.16059	liquid
254.0	323.0	1121.9	0.00089133	130.47	159.26	0.74121	0.95227	1.8224	927.83	-0.014627	0.00018949	0.16084	liquid
254.0	326.25	1122.6	0.00089075	130.29	159.35	0.74041	0.95245	1.8208	929.67	-0.014753	0.00018997	0.16109	liquid
254.0	329.5	1123.4	0.00089018	130.1	159.44	0.73962	0.95262	1.8191	931.51	-0.014878	0.00019046	0.16135	liquid
254.0	332.75	1124.1	0.00088962	129.92	159.52	0.73883	0.9528	1.8175	933.33	-0.015001	0.00019094	0.1616	liquid
254.0	336.0	1124.8	0.00088906	129.74	159.61	0.73804	0.95297	1.8159	935.15	-0.015123	0.00019142	0.16185	liquid
254.0	339.25	1125.5	0.0008885	129.56	159.7	0.73725	0.95315	1.8144	936.96	-0.015243	0.0001919	0.16209	liquid
254.0	342.5	1126.2	0.00088795	129.38	159.79	0.73647	0.95332	1.8128	938.76	-0.015363	0.00019238	0.16234	liquid
254.0	345.75	1126.9	0.00088739	129.2	159.88	0.73569	0.95349	1.8113	940.56	-0.015481	0.00019286	0.16259	liquid
254.0	349.0	1127.6	0.00088685	129.02	159.98	0.73492	0.95366	1.8098	942.35	-0.015598	0.00019334	0.16284	liquid
254.0	352.25	1128.3	0.0008863	128.85	160.07	0.73415	0.95383	1.8083	944.13	-0.015714	0.00019382	0.16308	liquid
254.0	355.5	1129.0	0.00088576	128.67	160.16	0.73338	0.95401	1.8068	945.91	-0.015829	0.0001943	0.16333	liquid
254.0	358.75	1129.7	0.00088522	128.5	160.25	0.73261	0.95418	1.8053	947.68	-0.015942	0.00019477	0.16357	liquid
254.0	362.0	1130.3	0.00088469	128.32	160.35	0.73185	0.95435	1.8039	949.44	-0.016054	0.00019525	0.16382	liquid
254.0	365.25	1131.0	0.00088416	128.15	160.44	0.73109	0.95452	1.8024	951.19	-0.016166	0.00019573	0.16406	liquid
254.0	368.5	1131.7	0.00088363	127.97	160.54	0.73033	0.95469	1.801	952.94	-0.016276	0.0001962	0.1643	liquid
254.0	371.75	1132.4	0.0008831	127.8	160.63	0.72958	0.95486	1.7996	954.69	-0.016385	0.00019667	0.16455	liquid
254.0	375.0	1133.0	0.00088258	127.63	160.73	0.72883	0.95503	1.7982	956.42	-0.016493	0.00019715	0.16479	liquid
254.0	378.25	1133.7	0.00088206	127.46	160.82	0.72808	0.9552	1.7968	958.15	-0.0166	0.00019762	0.16503	liquid
254.0	381.5	1134.4	0.00088154	127.29	160.92	0.72733	0.95537	1.7955	959.88	-0.016706	0.00019809	0.16527	liquid
254.0	384.75	1135.0	0.00088103	127.12	161.02	0.72659	0.95553	1.7941	961.59	-0.016811	0.00019856	0.16551	liquid
254.0	388.0	1135.7	0.00088052	126.95	161.12	0.72585	0.9557	1.7928	963.3	-0.016915	0.00019903	0.16574	liquid
254.0	391.25	1136.4	0.00088001	126.79	161.22	0.72511	0.95587	1.7915	965.01	-0.017018	0.0001995	0.16598	liquid
254.0	394.5	1137.0	0.0008795	126.62	161.32	0.72438	0.95604	1.7902	966.71	-0.017119	0.00019997	0.16622	liquid
254.0	397.75	1137.7	0.000879	126.45	161.42	0.72365	0.9562	1.7889	968.4	-0.01722	0.00020043	0.16646	liquid
254.0	401.0	1138.3	0.0008785	126.29	161.52	0.72292	0.95637	1.7876	970.09	-0.01732	0.0002009	0.16669	liquid
254.0	404.25	1138.9	0.00087801	126.12	161.62	0.72219	0.95654	1.7863	971.77	-0.01742	0.00020137	0.16693	liquid
254.0	407.5	1139.6	0.00087751	125.96	161.72	0.72147	0.9567	1.7851	973.44	-0.017518	0.00020183	0.16716	liquid
254.0	410.75	1140.2	0.00087702	125.8	161.82	0.72075	0.95687	1.7838	975.11	-0.017615	0.0002023	0.1674	liquid
254.0	414.0	1140.9	0.00087653	125.63	161.92	0.72003	0.95704	1.7826	976.78	-0.017711	0.00020276	0.16763	liquid
254.0	417.25	1141.5	0.00087605	125.47	162.03	0.71931	0.9572	1.7814	978.43	-0.017807	0.00020323	0.16786	liquid
254.0	420.5	1142.1	0.00087556	125.31	162.13	0.7186	0.95737	1.7801	980.09	-0.017901	0.00020369	0.1681	liquid
254.0	423.75	1142.8	0.00087508	125.15	162.23	0.71789	0.95753	1.7789	981.73	-0.017995	0.00020415	0.16833	liquid
254.0	427.0	1143.4	0.0008746	124.99	162.34	0.71718	0.9577	1.7778	983.37	-0.018088	0.00020461	0.16856	liquid
254.0	430.25	1144.0	0.00087413	124.83	162.44	0.71647	0.95786	1.7766	985.01	-0.01818	0.00020507	0.16879	liquid
254.0	433.5	1144.6	0.00087365	124.67	162.55	0.71577	0.95803	1.7754	986.64	-0.018271	0.00020553	0.16902	liquid
254.0	436.75	1145.2	0.00087318	124.52	162.65	0.71506	0.95819	1.7743	988.26	-0.018362	0.00020599	0.16925	liquid
254.0	440.0	1145.9	0.00087271	124.36	162.76	0.71437	0.95835	1.7731	989.88	-0.018451	0.00020645	0.16948	liquid
254.0	443.25	1146.5	0.00087225	124.2	162.87	0.71367	0.95852	1.772	991.5	-0.01854	0.00020691	0.16971	liquid
254.0	446.5	1147.1	0.00087178	124.05	162.97	0.71297	0.95868	1.7709	993.1	-0.018628	0.00020737	0.16994	liquid
254.0	449.75	1147.7	0.00087132	123.89	163.08	0.71228	0.95884	1.7698	994.71	-0.018716	0.00020783	0.17016	liquid
254.0	453.0	1148.3	0.00087086	123.74	163.19	0.71159	0.95901	1.7687	996.31	-0.018802	0.00020829	0.17039	liquid
254.0	456.25	1148.9	0.00087041	123.58	163.3	0.7109	0.95917	1.7676	997.9	-0.018888	0.00020874	0.17062	liquid
254.0	459.5	1149.5	0.00086995	123.43	163.4	0.71022	0.95933	1.7665	999.49	-0.018973	0.0002092	0.17084	liquid
254.0	462.75	1150.1	0.0008695	123.28	163.51	0.70954	0.9595	1.7654	1001.1	-0.019057	0.00020965	0.17107	liquid
254.0	466.0	1150.7	0.00086905	123.13	163.62	0.70885	0.95966	1.7644	1002.6	-0.019141	0.00021011	0.17129	liquid
254.0	469.25	1151.3	0.0008686	122.97	163.73	0.70818	0.95982	1.7633	1004.2	-0.019224	0.00021056	0.17152	liquid
254.0	472.5	1151.9	0.00086816	122.82	163.84	0.7075	0.95998	1.7623	1005.8	-0.019306	0.00021102	0.17174	liquid
254.0	475.75	1152.5	0.00086771	122.67	163.95	0.70683	0.96014	1.7612	1007.3	-0.019387	0.00021147	0.17196	liquid
254.0	479.0	1153.0	0.00086727	122.52	164.07	0.70615	0.9603	1.7602	1008.9	-0.019468	0.00021192	0.17219	liquid
254.0	482.25	1153.6	0.00086683	122.37	164.18	0.70548	0.96047	1.7592	1010.5	-0.019548	0.00021237	0.17241	liquid
254.0	485.5	1154.2	0.0008664	122.23	164.29	0.70481	0.96063	1.7582	1012.0	-0.019628	0.00021283	0.17263	liquid
254.0	488.75	1154.8	0.00086596	122.08	164.4	0.70415	0.96079	1.7572	1013.6	-0.019706	0.00021328	0.17285	liquid
254.0	492.0	1155.4	0.00086553	121.93	164.51	0.70348	0.96095	1.7562	1015.1	-0.019785	0.00021373	0.17307	liquid
254.0	495.25	1155.9	0.0008651	121.78	164.63	0.70282	0.96111	1.7552	1016.6	-0.019862	0.00021418	0.17329	liquid
254.0	498.5	1156.5	0.00086467	121.64	164.74	0.70216	0.96127	1.7543	1018.2	-0.019939	0.00021463	0.17351	liquid
254.0	501.75	1157.1	0.00086424	121.49	164.85	0.70151	0.96143	1.7533	1019.7	-0.020015	0.00021508	0.17373	liquid
254.0	505.0	1157.7	0.00086382	121.35	164.97	0.70085	0.96159	1.7523	1021.2	-0.020091	0.00021553	0.17395	liquid
254.0	508.25	1158.2	0.00086339	121.2	165.08	0.7002	0.96175	1.7514	1022.7	-0.020166	0.00021597	0.17417	liquid
254.0	511.5	1158.8	0.00086297	121.06	165.2	0.69954	0.96191	1.7505	1024.2	-0.02024	0.00021642	0.17439	liquid
254.0	514.75	1159.3	0.00086255	120.91	165.31	0.69889	0.96207	1.7495	1025.7	-0.020314	0.00021687	0.17461	liquid
254.0	518.0	1159.9	0.00086214	120.77	165.43	0.69825	0.96223	1.7486	1027.2	-0.020387	0.00021731	0.17482	liquid
254.0	521.25	1160.5	0.00086172	120.63	165.55	0.6976	0.96239	1.7477	1028.7	-0.02046	0.00021776	0.17504	liquid
254.0	524.5	1161.0	0.00086131	120.49	165.66	0.69696	0.96255	1.7468	1030.2	-0.020532	0.00021821	0.17526	liquid
254.0	527.75	1161.6	0.0008609	120.34	165.78	0.69631	0.9627	1.7459	1031.7	-0.020603	0.00021865	0.17547	liquid
254.0	531.0	1162.1	0.00086049	120.2	165.9	0.69567	0.96286	1.745	1033.2	-0.020674	0.0002191	0.17569	liquid
254.0	534.25	1162.7	0.00086008	120.06	166.01	0.69503	0.96302	1.7441	1034.7	-0.020744	0.00021954	0.1759	liquid
254.0	537.5	1163.2	0.00085967	119.92	166.13	0.6944	0.96318	1.7432	1036.2	-0.020814	0.00021999	0.17612	liquid
254.0	540.75	1163.8	0.00085927	119.78	166.25	0.69376	0.96334	1.7424	1037.6	-0.020883	0.00022043	0.17633	liquid
254.0	544.0	1164.3	0.00085887	119.64	166.37	0.69313	0.9635	1.7415	1039.1	-0.020952	0.00022087	0.17655	liquid
254.0	547.25	1164.9	0.00085847	119.51	166.49	0.6925	0.96365	1.7406	1040.6	-0.02102	0.00022131	0.17676	liquid
254.0	550.5	1165.4	0.00085807	119.37	166.61	0.69187	0.96381	1.7398	1042.0	-0.021088	0.00022176	0.17697	liquid
254.0	553.75	1165.9	0.00085767	119.23	166.72	0.69124	0.96397	1.739	1043.5	-0.021155	0.0002222	0.17718	liquid
254.0	557.0	1166.5	0.00085728	119.09	166.84	0.69062	0.96413	1.7381	1044.9	-0.021222	0.00022264	0.1774	liquid
254.0	560.25	1167.0	0.00085688	118.96	166.96	0.68999	0.96429	1.7373	1046.4	-0.021288	0.00022308	0.17761	liquid
254.0	563.5	1167.6	0.00085649	118.82	167.08	0.68937	0.96444	1.7365	1047.8	-0.021353	0.00022352	0.17782	liquid
254.0	566.75	1168.1	0.0008561	118.69	167.21	0.68875	0.9646	1.7356	1049.2	-0.021418	0.00022396	0.17803	liquid
254.0	570.0	1168.6	0.00085571	118.55	167.33	0.68813	0.96476	1.7348	1050.7	-0.021483	0.0002244	0.17824	liquid
254.0	573.25	1169.1	0.00085533	118.42	167.45	0.68751	0.96492	1.734	1052.1	-0.021547	0.00022484	0.17845	liquid
254.0	576.5	1169.7	0.00085494	118.28	167.57	0.6869	0.96507	1.7332	1053.5	-0.021611	0.00022528	0.17866	liquid
254.0	579.75	1170.2	0.00085456	118.15	167.69	0.68628	0.96523	1.7324	1055.0	-0.021674	0.00022572	0.17887	liquid
254.0	583.0	1170.7	0.00085418	118.01	167.81	0.68567	0.96539	1.7317	1056.4	-0.021737	0.00022615	0.17908	liquid
254.0	586.25	1171.2	0.00085379	117.88	167.94	0.68506	0.96554	1.7309	1057.8	-0.021799	0.00022659	0.17929	liquid
254.0	589.5	1171.8	0.00085342	117.75	168.06	0.68445	0.9657	1.7301	1059.2	-0.021861	0.00022703	0.1795	liquid
254.0	592.75	1172.3	0.00085304	117.62	168.18	0.68385	0.96586	1.7293	1060.6	-0.021922	0.00022747	0.17971	liquid
254.0	596.0	1172.8	0.00085266	117.49	168.3	0.68324	0.96601	1.7286	1062.0	-0.021983	0.0002279	0.17992	liquid
254.0	599.25	1173.3	0.00085229	117.36	168.43	0.68264	0.96617	1.7278	1063.4	-0.022043	0.00022834	0.18012	liquid
254.0	602.5	1173.8	0.00085192	117.22	168.55	0.68203	0.96632	1.7271	1064.8	-0.022103	0.00022877	0.18033	liquid
254.0	605.75	1174.3	0.00085155	117.09	168.68	0.68143	0.96648	1.7263	1066.2	-0.022163	0.00022921	0.18054	liquid
254.0	609.0	1174.8	0.00085118	116.96	168.8	0.68083	0.96664	1.7256	1067.6	-0.022222	0.00022964	0.18074	liquid
254.0	612.25	1175.4	0.00085081	116.84	168.93	0.68024	0.96679	1.7249	1069.0	-0.022281	0.00023008	0.18095	liquid
254.0	615.5	1175.9	0.00085044	116.71	169.05	0.67964	0.96695	1.7241	1070.4	-0.022339	0.00023051	0.18116	liquid
254.0	618.75	1176.4	0.00085008	116.58	169.18	0.67904	0.9671	1.7234	1071.7	-0.022397	0.00023095	0.18136	liquid
254.0	622.0	1176.9	0.00084971	116.45	169.3	0.67845	0.96726	1.7227	1073.1	-0.022454	0.00023138	0.18157	liquid
254.0	625.25	1177.4	0.00084935	116.32	169.43	0.67786	0.96742	1.722	1074.5	-0.022511	0.00023181	0.18177	liquid
254.0	628.5	1177.9	0.00084899	116.19	169.55	0.67727	0.96757	1.7213	1075.9	-0.022568	0.00023225	0.18198	liquid
254.0	631.75	1178.4	0.00084863	116.07	169.68	0.67668	0.96773	1.7206	1077.2	-0.022624	0.00023268	0.18218	liquid
254.0	635.0	1178.9	0.00084827	115.94	169.81	0.67609	0.96788	1.7199	1078.6	-0.02268	0.00023311	0.18238	liquid
254.0	638.25	1179.4	0.00084792	115.82	169.93	0.67551	0.96804	1.7192	1079.9	-0.022736	0.00023354	0.18259	liquid
254.0	641.5	1179.9	0.00084756	115.69	170.06	0.67493	0.96819	1.7185	1081.3	-0.022791	0.00023397	0.18279	liquid
254.0	644.75	1180.3	0.00084721	115.56	170.19	0.67434	0.96835	1.7178	1082.6	-0.022845	0.0002344	0.18299	liquid
254.0	648.0	1180.8	0.00084685	115.44	170.32	0.67376	0.9685	1.7172	1084.0	-0.0229	0.00023483	0.1832	liquid
254.0	651.25	1181.3	0.0008465	115.32	170.44	0.67318	0.96866	1.7165	1085.3	-0.022954	0.00023527	0.1834	liquid
254.0	654.5	1181.8	0.00084615	115.19	170.57	0.6726	0.96881	1.7158	1086.7	-0.023007	0.0002357	0.1836	liquid
254.0	657.75	1182.3	0.00084581	115.07	170.7	0.67203	0.96897	1.7152	1088.0	-0.02306	0.00023612	0.1838	liquid
254.0	661.0	1182.8	0.00084546	114.94	170.83	0.67145	0.96912	1.7145	1089.3	-0.023113	0.00023655	0.184	liquid
254.0	664.25	1183.3	0.00084511	114.82	170.96	0.67088	0.96928	1.7139	1090.7	-0.023166	0.00023698	0.1842	liquid
254.0	667.5	1183.8	0.00084477	114.7	171.09	0.6703	0.96943	1.7132	1092.0	-0.023218	0.00023741	0.1844	liquid
254.0	670.75	1184.2	0.00084443	114.58	171.22	0.66973	0.96959	1.7126	1093.3	-0.023269	0.00023784	0.1846	liquid
254.0	674.0	1184.7	0.00084408	114.46	171.35	0.66916	0.96974	1.7119	1094.6	-0.023321	0.00023827	0.1848	liquid
254.0	677.25	1185.2	0.00084374	114.33	171.48	0.66859	0.96989	1.7113	1095.9	-0.023372	0.0002387	0.185	liquid
254.0	680.5	1185.7	0.0008434	114.21	171.61	0.66803	0.97005	1.7107	1097.3	-0.023423	0.00023912	0.1852	liquid
254.0	683.75	1186.1	0.00084307	114.09	171.74	0.66746	0.9702	1.71	1098.6	-0.023473	0.00023955	0.1854	liquid
254.0	687.0	1186.6	0.00084273	113.97	171.87	0.6669	0.97036	1.7094	1099.9	-0.023523	0.00023998	0.1856	liquid
254.0	690.25	1187.1	0.00084239	113.85	172.0	0.66633	0.97051	1.7088	1101.2	-0.023573	0.0002404	0.1858	liquid
254.0	693.5	1187.6	0.00084206	113.73	172.13	0.66577	0.97067	1.7082	1102.5	-0.023622	0.00024083	0.186	liquid
254.0	696.75	1188.0	0.00084173	113.61	172.26	0.66521	0.97082	1.7076	1103.8	-0.023671	0.00024126	0.18619	liquid
254.0	700.0	1188.5	0.00084139	113.49	172.39	0.66465	0.97097	1.707	1105.1	-0.02372	0.00024168	0.18639	liquid
254.0	703.25	1189.0	0.00084106	113.38	172.52	0.66409	0.97113	1.7064	1106.4	-0.023768	0.00024211	0.18659	liquid
254.0	706.5	1189.4	0.00084073	113.26	172.66	0.66354	0.97128	1.7058	1107.6	-0.023816	0.00024253	0.18678	liquid
254.0	709.75	1189.9	0.00084041	113.14	172.79	0.66298	0.97143	1.7052	1108.9	-0.023864	0.00024296	0.18698	liquid
254.0	713.0	1190.4	0.00084008	113.02	172.92	0.66243	0.97159	1.7046	1110.2	-0.023911	0.00024338	0.18718	liquid
254.0	716.25	1190.8	0.00083975	112.91	173.05	0.66188	0.97174	1.704	1111.5	-0.023958	0.0002438	0.18737	liquid
254.0	719.5	1191.3	0.00083943	112.79	173.19	0.66132	0.9719	1.7035	1112.8	-0.024005	0.00024423	0.18757	liquid
254.0	722.75	1191.7	0.0008391	112.67	173.32	0.66077	0.97205	1.7029	1114.0	-0.024052	0.00024465	0.18776	liquid
254.0	726.0	1192.2	0.00083878	112.56	173.45	0.66023	0.9722	1.7023	1115.3	-0.024098	0.00024507	0.18796	liquid
254.0	729.25	1192.7	0.00083846	112.44	173.58	0.65968	0.97236	1.7017	1116.6	-0.024144	0.0002455	0.18815	liquid
254.0	732.5	1193.1	0.00083814	112.32	173.72	0.65913	0.97251	1.7012	1117.8	-0.02419	0.00024592	0.18835	liquid
254.0	735.75	1193.6	0.00083782	112.21	173.85	0.65859	0.97266	1.7006	1119.1	-0.024235	0.00024634	0.18854	liquid
254.0	739.0	1194.0	0.0008375	112.09	173.99	0.65804	0.97282	1.7001	1120.4	-0.02428	0.00024676	0.18873	liquid
254.0	742.25	1194.5	0.00083719	111.98	174.12	0.6575	0.97297	1.6995	1121.6	-0.024325	0.00024719	0.18893	liquid
254.0	745.5	1194.9	0.00083687	111.87	174.26	0.65696	0.97312	1.699	1122.9	-0.024369	0.00024761	0.18912	liquid
254.0	748.75	1195.4	0.00083656	111.75	174.39	0.65642	0.97328	1.6984	1124.1	-0.024413	0.00024803	0.18931	liquid
254.0	752.0	1195.8	0.00083624	111.64	174.52	0.65588	0.97343	1.6979	1125.4	-0.024457	0.00024845	0.1895	liquid
254.0	755.25	1196.3	0.00083593	111.53	174.66	0.65534	0.97358	1.6973	1126.6	-0.024501	0.00024887	0.1897	liquid
254.0	758.5	1196.7	0.00083562	111.41	174.8	0.6548	0.97374	1.6968	1127.8	-0.024544	0.00024929	0.18989	liquid
254.0	761.75	1197.2	0.00083531	111.3	174.93	0.65427	0.97389	1.6963	1129.1	-0.024587	0.00024971	0.19008	liquid
254.0	765.0	1197.6	0.000835	111.19	175.07	0.65373	0.97404	1.6958	1130.3	-0.02463	0.00025013	0.19027	liquid
254.0	768.25	1198.0	0.00083469	111.08	175.2	0.6532	0.97419	1.6952	1131.5	-0.024673	0.00025055	0.19046	liquid
254.0	771.5	1198.5	0.00083438	110.97	175.34	0.65267	0.97435	1.6947	1132.8	-0.024715	0.00025097	0.19065	liquid
254.0	774.75	1198.9	0.00083408	110.85	175.47	0.65214	0.9745	1.6942	1134.0	-0.024757	0.00025139	0.19084	liquid
254.0	778.0	1199.4	0.00083377	110.74	175.61	0.65161	0.97465	1.6937	1135.2	-0.024799	0.00025181	0.19103	liquid
254.0	781.25	1199.8	0.00083347	110.63	175.75	0.65108	0.97481	1.6932	1136.4	-0.02484	0.00025223	0.19123	liquid
254.0	784.5	1200.2	0.00083317	110.52	175.88	0.65055	0.97496	1.6927	1137.7	-0.024882	0.00025265	0.19141	liquid
254.0	787.75	1200.7	0.00083286	110.41	176.02	0.65002	0.97511	1.6922	1138.9	-0.024923	0.00025307	0.1916	liquid
254.0	791.0	1201.1	0.00083256	110.3	176.16	0.6495	0.97526	1.6917	1140.1	-0.024963	0.00025348	0.19179	liquid
254.0	794.25	1201.5	0.00083226	110.19	176.3	0.64897	0.97542	1.6912	1141.3	-0.025004	0.0002539	0.19198	liquid
254.0	797.5	1202.0	0.00083196	110.08	176.43	0.64845	0.97557	1.6907	1142.5	-0.025044	0.00025432	0.19217	liquid
254.0	800.75	1202.4	0.00083166	109.98	176.57	0.64793	0.97572	1.6902	1143.7	-0.025084	0.00025474	0.19236	liquid
254.0	804.0	1202.8	0.00083137	109.87	176.71	0.64741	0.97587	1.6897	1144.9	-0.025124	0.00025515	0.19255	liquid
254.0	807.25	1203.3	0.00083107	109.76	176.85	0.64689	0.97603	1.6892	1146.1	-0.025164	0.00025557	0.19274	liquid
254.0	810.5	1203.7	0.00083078	109.65	176.98	0.64637	0.97618	1.6887	1147.3	-0.025203	0.00025599	0.19292	liquid
254.0	813.75	1204.1	0.00083048	109.54	177.12	0.64585	0.97633	1.6882	1148.5	-0.025242	0.0002564	0.19311	liquid
254.0	817.0	1204.5	0.00083019	109.44	177.26	0.64533	0.97648	1.6878	1149.7	-0.025281	0.00025682	0.1933	liquid
254.0	820.25	1205.0	0.0008299	109.33	177.4	0.64482	0.97664	1.6873	1150.9	-0.025319	0.00025723	0.19349	liquid
254.0	823.5	1205.4	0.0008296	109.22	177.54	0.6443	0.97679	1.6868	1152.1	-0.025358	0.00025765	0.19367	liquid
254.0	826.75	1205.8	0.00082931	109.12	177.68	0.64379	0.97694	1.6864	1153.3	-0.025396	0.00025807	0.19386	liquid
254.0	830.0	1206.2	0.00082902	109.01	177.82	0.64328	0.97709	1.6859	1154.4	-0.025434	0.00025848	0.19405	liquid
254.0	833.25	1206.7	0.00082874	108.9	177.96	0.64276	0.97724	1.6854	1155.6	-0.025471	0.0002589	0.19423	liquid
254.0	836.5	1207.1	0.00082845	108.8	178.1	0.64225	0.9774	1.685	1156.8	-0.025509	0.00025931	0.19442	liquid
254.0	839.75	1207.5	0.00082816	108.69	178.24	0.64174	0.97755	1.6845	1158.0	-0.025546	0.00025972	0.1946	liquid
254.0	843.0	1207.9	0.00082787	108.59	178.38	0.64124	0.9777	1.6841	1159.1	-0.025583	0.00026014	0.19479	liquid
254.0	846.25	1208.3	0.00082759	108.48	178.52	0.64073	0.97785	1.6836	1160.3	-0.02562	0.00026055	0.19497	liquid
254.0	849.5	1208.7	0.00082731	108.38	178.66	0.64022	0.97801	1.6832	1161.5	-0.025657	0.00026097	0.19516	liquid
254.0	852.75	1209.2	0.00082702	108.27	178.8	0.63972	0.97816	1.6827	1162.6	-0.025693	0.00026138	0.19534	liquid
254.0	856.0	1209.6	0.00082674	108.17	178.94	0.63921	0.97831	1.6823	1163.8	-0.025729	0.00026179	0.19553	liquid
254.0	859.25	1210.0	0.00082646	108.07	179.08	0.63871	0.97846	1.6818	1165.0	-0.025765	0.00026221	0.19571	liquid
254.0	862.5	1210.4	0.00082618	107.96	179.22	0.63821	0.97861	1.6814	1166.1	-0.025801	0.00026262	0.19589	liquid
254.0	865.75	1210.8	0.0008259	107.86	179.36	0.6377	0.97877	1.681	1167.3	-0.025836	0.00026303	0.19608	liquid
254.0	869.0	1211.2	0.00082562	107.76	179.5	0.6372	0.97892	1.6805	1168.4	-0.025872	0.00026345	0.19626	liquid
254.0	872.25	1211.6	0.00082534	107.65	179.64	0.6367	0.97907	1.6801	1169.6	-0.025907	0.00026386	0.19645	liquid
254.0	875.5	1212.0	0.00082506	107.55	179.78	0.6362	0.97922	1.6797	1170.7	-0.025942	0.00026427	0.19663	liquid
254.0	878.75	1212.4	0.00082479	107.45	179.93	0.63571	0.97937	1.6793	1171.9	-0.025976	0.00026468	0.19681	liquid
254.0	882.0	1212.8	0.00082451	107.35	180.07	0.63521	0.97952	1.6788	1173.0	-0.026011	0.00026509	0.19699	liquid
254.0	885.25	1213.2	0.00082424	107.24	180.21	0.63471	0.97968	1.6784	1174.1	-0.026045	0.00026551	0.19718	liquid
254.0	888.5	1213.6	0.00082396	107.14	180.35	0.63422	0.97983	1.678	1175.3	-0.026079	0.00026592	0.19736	liquid
254.0	891.75	1214.1	0.00082369	107.04	180.49	0.63373	0.97998	1.6776	1176.4	-0.026113	0.00026633	0.19754	liquid
254.0	895.0	1214.5	0.00082342	106.94	180.64	0.63323	0.98013	1.6772	1177.6	-0.026147	0.00026674	0.19772	liquid
254.0	898.25	1214.9	0.00082315	106.84	180.78	0.63274	0.98028	1.6768	1178.7	-0.026181	0.00026715	0.1979	liquid
254.0	901.5	1215.3	0.00082287	106.74	180.92	0.63225	0.98043	1.6764	1179.8	-0.026214	0.00026756	0.19808	liquid
254.0	904.75	1215.7	0.0008226	106.64	181.07	0.63176	0.98059	1.6759	1180.9	-0.026247	0.00026797	0.19827	liquid
254.0	908.0	1216.0	0.00082234	106.54	181.21	0.63127	0.98074	1.6755	1182.1	-0.02628	0.00026838	0.19845	liquid
254.0	911.25	1216.4	0.00082207	106.44	181.35	0.63078	0.98089	1.6751	1183.2	-0.026313	0.00026879	0.19863	liquid
254.0	914.5	1216.8	0.0008218	106.34	181.5	0.6303	0.98104	1.6748	1184.3	-0.026346	0.0002692	0.19881	liquid
254.0	917.75	1217.2	0.00082153	106.24	181.64	0.62981	0.98119	1.6744	1185.4	-0.026378	0.00026961	0.19899	liquid
254.0	921.0	1217.6	0.00082127	106.14	181.78	0.62932	0.98134	1.674	1186.5	-0.026411	0.00027002	0.19917	liquid
254.0	924.25	1218.0	0.000821	106.04	181.93	0.62884	0.9815	1.6736	1187.7	-0.026443	0.00027043	0.19935	liquid
254.0	927.5	1218.4	0.00082074	105.95	182.07	0.62835	0.98165	1.6732	1188.8	-0.026475	0.00027084	0.19953	liquid
254.0	930.75	1218.8	0.00082047	105.85	182.21	0.62787	0.9818	1.6728	1189.9	-0.026506	0.00027125	0.19971	liquid
254.0	934.0	1219.2	0.00082021	105.75	182.36	0.62739	0.98195	1.6724	1191.0	-0.026538	0.00027166	0.19988	liquid
254.0	937.25	1219.6	0.00081995	105.65	182.5	0.62691	0.9821	1.672	1192.1	-0.026569	0.00027206	0.20006	liquid
254.0	940.5	1220.0	0.00081969	105.56	182.65	0.62643	0.98225	1.6717	1193.2	-0.0266	0.00027247	0.20024	liquid
254.0	943.75	1220.4	0.00081943	105.46	182.79	0.62595	0.9824	1.6713	1194.3	-0.026631	0.00027288	0.20042	liquid
254.0	947.0	1220.8	0.00081917	105.36	182.94	0.62547	0.98256	1.6709	1195.4	-0.026662	0.00027329	0.2006	liquid
254.0	950.25	1221.1	0.00081891	105.26	183.08	0.62499	0.98271	1.6705	1196.5	-0.026693	0.0002737	0.20078	liquid
254.0	953.5	1221.5	0.00081865	105.17	183.23	0.62452	0.98286	1.6702	1197.6	-0.026724	0.00027411	0.20096	liquid
254.0	956.75	1221.9	0.00081839	105.07	183.37	0.62404	0.98301	1.6698	1198.7	-0.026754	0.00027451	0.20113	liquid
254.0	960.0	1222.3	0.00081813	104.98	183.52	0.62356	0.98316	1.6694	1199.8	-0.026784	0.00027492	0.20131	liquid
254.0	963.25	1222.7	0.00081788	104.88	183.66	0.62309	0.98331	1.6691	1200.8	-0.026814	0.00027533	0.20149	liquid
254.0	966.5	1223.1	0.00081762	104.78	183.81	0.62262	0.98346	1.6687	1201.9	-0.026844	0.00027573	0.20166	liquid
254.0	969.75	1223.4	0.00081737	104.69	183.95	0.62214	0.98361	1.6683	1203.0	-0.026874	0.00027614	0.20184	liquid
254.0	973.0	1223.8	0.00081711	104.59	184.1	0.62167	0.98377	1.668	1204.1	-0.026903	0.00027655	0.20202	liquid
254.0	976.25	1224.2	0.00081686	104.5	184.24	0.6212	0.98392	1.6676	1205.2	-0.026933	0.00027695	0.2022	liquid
254.0	979.5	1224.6	0.00081661	104.4	184.39	0.62073	0.98407	1.6673	1206.2	-0.026962	0.00027736	0.20237	liquid
254.0	982.75	1225.0	0.00081636	104.31	184.54	0.62026	0.98422	1.6669	1207.3	-0.026991	0.00027777	0.20255	liquid
254.0	986.0	1225.3	0.0008161	104.22	184.68	0.61979	0.98437	1.6666	1208.4	-0.02702	0.00027817	0.20272	liquid
254.0	989.25	1225.7	0.00081585	104.12	184.83	0.61933	0.98452	1.6662	1209.5	-0.027049	0.00027858	0.2029	liquid
254.0	992.5	1226.1	0.0008156	104.03	184.98	0.61886	0.98467	1.6659	1210.5	-0.027078	0.00027898	0.20308	liquid
254.0	995.75	1226.5	0.00081535	103.93	185.12	0.61839	0.98482	1.6655	1211.6	-0.027106	0.00027939	0.20325	liquid
254.0	999.0	1226.8	0.00081511	103.84	185.27	0.61793	0.98497	1.6652	1212.7	-0.027134	0.0002798	0.20343	liquid
254.0	1002.2	1227.2	0.00081486	103.75	185.42	0.61746	0.98513	1.6648	1213.7	-0.027163	0.0002802	0.2036	liquid
254.0	1005.5	1227.6	0.00081461	103.65	185.56	0.617	0.98528	1.6645	1214.8	-0.027191	0.00028061	0.20378	liquid
254.0	1008.8	1228.0	0.00081436	103.56	185.71	0.61654	0.98543	1.6642	1215.8	-0.027219	0.00028101	0.20395	liquid
254.0	1012.0	1228.3	0.00081412	103.47	185.86	0.61608	0.98558	1.6638	1216.9	-0.027246	0.00028141	0.20412	liquid
254.0	1015.2	1228.7	0.00081387	103.38	186.01	0.61561	0.98573	1.6635	1218.0	-0.027274	0.00028182	0.2043	liquid
254.0	1018.5	1229.1	0.00081363	103.28	186.15	0.61515	0.98588	1.6632	1219.0	-0.027301	0.00028222	0.20447	liquid
254.0	1021.8	1229.4	0.00081338	103.19	186.3	0.61469	0.98603	1.6628	1220.1	-0.027329	0.00028263	0.20465	liquid
254.0	1025.0	1229.8	0.00081314	103.1	186.45	0.61423	0.98618	1.6625	1221.1	-0.027356	0.00028303	0.20482	liquid
254.0	1028.2	1230.2	0.0008129	103.01	186.6	0.61378	0.98633	1.6622	1222.2	-0.027383	0.00028344	0.20499	liquid
254.0	1031.5	1230.5	0.00081266	102.92	186.74	0.61332	0.98648	1.6619	1223.2	-0.02741	0.00028384	0.20517	liquid
254.0	1034.8	1230.9	0.00081242	102.83	186.89	0.61286	0.98663	1.6615	1224.2	-0.027436	0.00028424	0.20534	liquid
254.0	1038.0	1231.3	0.00081217	102.74	187.04	0.61241	0.98679	1.6612	1225.3	-0.027463	0.00028465	0.20551	liquid
254.0	1041.2	1231.6	0.00081193	102.65	187.19	0.61195	0.98694	1.6609	1226.3	-0.02749	0.00028505	0.20569	liquid
254.0	1044.5	1232.0	0.0008117	102.56	187.34	0.6115	0.98709	1.6606	1227.4	-0.027516	0.00028545	0.20586	liquid
254.0	1047.8	1232.4	0.00081146	102.47	187.49	0.61104	0.98724	1.6603	1228.4	-0.027542	0.00028586	0.20603	liquid
254.0	1051.0	1232.7	0.00081122	102.38	187.63	0.61059	0.98739	1.6599	1229.4	-0.027568	0.00028626	0.2062	liquid
254.0	1054.2	1233.1	0.00081098	102.29	187.78	0.61014	0.98754	1.6596	1230.5	-0.027594	0.00028666	0.20638	liquid
254.0	1057.5	1233.4	0.00081074	102.2	187.93	0.60969	0.98769	1.6593	1231.5	-0.02762	0.00028707	0.20655	liquid
254.0	1060.8	1233.8	0.00081051	102.11	188.08	0.60924	0.98784	1.659	1232.5	-0.027646	0.00028747	0.20672	liquid
254.0	1064.0	1234.2	0.00081027	102.02	188.23	0.60879	0.98799	1.6587	1233.6	-0.027671	0.00028787	0.20689	liquid
254.0	1067.2	1234.5	0.00081004	101.93	188.38	0.60834	0.98814	1.6584	1234.6	-0.027697	0.00028827	0.20706	liquid
254.0	1070.5	1234.9	0.0008098	101.84	188.53	0.60789	0.98829	1.6581	1235.6	-0.027722	0.00028867	0.20724	liquid
254.0	1073.8	1235.2	0.00080957	101.75	188.68	0.60744	0.98844	1.6578	1236.6	-0.027747	0.00028908	0.20741	liquid
254.0	1077.0	1235.6	0.00080933	101.66	188.83	0.607	0.98859	1.6575	1237.6	-0.027772	0.00028948	0.20758	liquid
254.0	1080.2	1235.9	0.0008091	101.57	188.98	0.60655	0.98875	1.6572	1238.7	-0.027797	0.00028988	0.20775	liquid
254.0	1083.5	1236.3	0.00080887	101.49	189.13	0.6061	0.9889	1.6569	1239.7	-0.027822	0.00029028	0.20792	liquid
254.0	1086.8	1236.6	0.00080864	101.4	189.28	0.60566	0.98905	1.6566	1240.7	-0.027846	0.00029068	0.20809	liquid
254.0	1090.0	1237.0	0.00080841	101.31	189.43	0.60521	0.9892	1.6563	1241.7	-0.027871	0.00029108	0.20826	liquid
254.0	1093.2	1237.4	0.00080818	101.22	189.58	0.60477	0.98935	1.656	1242.7	-0.027895	0.00029149	0.20843	liquid
254.0	1096.5	1237.7	0.00080795	101.14	189.73	0.60433	0.9895	1.6557	1243.7	-0.02792	0.00029189	0.2086	liquid
254.0	1099.8	1238.1	0.00080772	101.05	189.88	0.60389	0.98965	1.6554	1244.7	-0.027944	0.00029229	0.20877	liquid
254.0	1103.0	1238.4	0.00080749	100.96	190.03	0.60345	0.9898	1.6551	1245.7	-0.027968	0.00029269	0.20894	liquid
254.0	1106.2	1238.8	0.00080726	100.88	190.18	0.603	0.98995	1.6549	1246.7	-0.027992	0.00029309	0.20911	liquid
254.0	1109.5	1239.1	0.00080703	100.79	190.33	0.60256	0.9901	1.6546	1247.7	-0.028015	0.00029349	0.20928	liquid
254.0	1112.8	1239.5	0.00080681	100.7	190.48	0.60213	0.99025	1.6543	1248.7	-0.028039	0.00029389	0.20945	liquid
254.0	1116.0	1239.8	0.00080658	100.62	190.63	0.60169	0.9904	1.654	1249.7	-0.028063	0.00029429	0.20962	liquid
254.0	1119.2	1240.1	0.00080635	100.53	190.78	0.60125	0.99055	1.6537	1250.7	-0.028086	0.00029469	0.20979	liquid
254.0	1122.5	1240.5	0.00080613	100.44	190.93	0.60081	0.9907	1.6534	1251.7	-0.02811	0.00029509	0.20995	liquid
254.0	1125.8	1240.8	0.0008059	100.36	191.08	0.60038	0.99085	1.6532	1252.7	-0.028133	0.00029549	0.21012	liquid
254.0	1129.0	1241.2	0.00080568	100.27	191.23	0.59994	0.991	1.6529	1253.7	-0.028156	0.00029589	0.21029	liquid
254.0	1132.2	1241.5	0.00080546	100.19	191.39	0.59951	0.99115	1.6526	1254.7	-0.028179	0.00029629	0.21046	liquid
254.0	1135.5	1241.9	0.00080523	100.1	191.54	0.59907	0.9913	1.6523	1255.7	-0.028202	0.00029669	0.21063	liquid
254.0	1138.8	1242.2	0.00080501	100.02	191.69	0.59864	0.99145	1.6521	1256.7	-0.028225	0.00029709	0.2108	liquid
254.0	1142.0	1242.6	0.00080479	99.933	191.84	0.5982	0.9916	1.6518	1257.7	-0.028247	0.00029749	0.21096	liquid
254.0	1145.2	1242.9	0.00080457	99.849	191.99	0.59777	0.99175	1.6515	1258.6	-0.02827	0.00029789	0.21113	liquid
254.0	1148.5	1243.2	0.00080435	99.765	192.14	0.59734	0.9919	1.6513	1259.6	-0.028292	0.00029829	0.2113	liquid
254.0	1151.8	1243.6	0.00080413	99.68	192.3	0.59691	0.99206	1.651	1260.6	-0.028315	0.00029869	0.21147	liquid
254.0	1155.0	1243.9	0.00080391	99.597	192.45	0.59648	0.99221	1.6507	1261.6	-0.028337	0.00029908	0.21163	liquid
254.0	1158.2	1244.3	0.00080369	99.513	192.6	0.59605	0.99236	1.6505	1262.5	-0.028359	0.00029948	0.2118	liquid
254.0	1161.5	1244.6	0.00080347	99.429	192.75	0.59562	0.99251	1.6502	1263.5	-0.028381	0.00029988	0.21197	liquid
254.0	1164.8	1244.9	0.00080325	99.346	192.9	0.59519	0.99266	1.6499	1264.5	-0.028403	0.00030028	0.21213	liquid
254.0	1168.0	1245.3	0.00080303	99.262	193.06	0.59476	0.99281	1.6497	1265.5	-0.028425	0.00030068	0.2123	liquid
254.0	1171.2	1245.6	0.00080282	99.179	193.21	0.59434	0.99296	1.6494	1266.4	-0.028446	0.00030108	0.21247	liquid
254.0	1174.5	1246.0	0.0008026	99.096	193.36	0.59391	0.99311	1.6492	1267.4	-0.028468	0.00030147	0.21263	liquid
254.0	1177.8	1246.3	0.00080238	99.014	193.51	0.59348	0.99326	1.6489	1268.4	-0.028489	0.00030187	0.2128	liquid
254.0	1181.0	1246.6	0.00080217	98.931	193.67	0.59306	0.99341	1.6486	1269.3	-0.028511	0.00030227	0.21297	liquid
254.0	1184.2	1247.0	0.00080195	98.849	193.82	0.59263	0.99356	1.6484	1270.3	-0.028532	0.00030267	0.21313	liquid
254.0	1187.5	1247.3	0.00080174	98.766	193.97	0.59221	0.99371	1.6481	1271.3	-0.028553	0.00030307	0.2133	liquid
254.0	1190.8	1247.6	0.00080152	98.684	194.13	0.59179	0.99386	1.6479	1272.2	-0.028574	0.00030346	0.21346	liquid
254.0	1194.0	1248.0	0.00080131	98.602	194.28	0.59136	0.99401	1.6476	1273.2	-0.028595	0.00030386	0.21363	liquid
254.0	1197.2	1248.3	0.0008011	98.521	194.43	0.59094	0.99416	1.6474	1274.1	-0.028616	0.00030426	0.21379	liquid
254.0	1200.5	1248.6	0.00080088	98.439	194.59	0.59052	0.99431	1.6471	1275.1	-0.028637	0.00030466	0.21396	liquid
254.0	1203.8	1249.0	0.00080067	98.358	194.74	0.5901	0.99446	1.6469	1276.0	-0.028658	0.00030505	0.21412	liquid
254.0	1207.0	1249.3	0.00080046	98.276	194.89	0.58968	0.99461	1.6466	1277.0	-0.028678	0.00030545	0.21429	liquid
254.0	1210.2	1249.6	0.00080025	98.195	195.05	0.58926	0.99476	1.6464	1277.9	-0.028699	0.00030585	0.21445	liquid
254.0	1213.5	1249.9	0.00080004	98.114	195.2	0.58884	0.99491	1.6462	1278.9	-0.028719	0.00030624	0.21462	liquid
254.0	1216.8	1250.3	0.00079983	98.034	195.35	0.58842	0.99506	1.6459	1279.8	-0.028739	0.00030664	0.21478	liquid
254.0	1220.0	1250.6	0.00079962	97.953	195.51	0.588	0.99521	1.6457	1280.8	-0.02876	0.00030704	0.21495	liquid
254.0	1223.2	1250.9	0.00079941	97.873	195.66	0.58759	0.99536	1.6454	1281.7	-0.02878	0.00030743	0.21511	liquid
254.0	1226.5	1251.3	0.0007992	97.792	195.81	0.58717	0.99551	1.6452	1282.7	-0.0288	0.00030783	0.21528	liquid
254.0	1229.8	1251.6	0.00079899	97.712	195.97	0.58675	0.99566	1.645	1283.6	-0.02882	0.00030823	0.21544	liquid
254.0	1233.0	1251.9	0.00079878	97.632	196.12	0.58634	0.99581	1.6447	1284.6	-0.028839	0.00030862	0.2156	liquid
254.0	1236.2	1252.2	0.00079858	97.553	196.28	0.58592	0.99596	1.6445	1285.5	-0.028859	0.00030902	0.21577	liquid
254.0	1239.5	1252.6	0.00079837	97.473	196.43	0.58551	0.99611	1.6443	1286.4	-0.028879	0.00030941	0.21593	liquid
254.0	1242.8	1252.9	0.00079816	97.394	196.59	0.5851	0.99626	1.644	1287.4	-0.028898	0.00030981	0.21609	liquid
254.0	1246.0	1253.2	0.00079796	97.314	196.74	0.58468	0.99641	1.6438	1288.3	-0.028918	0.00031021	0.21626	liquid
254.0	1249.2	1253.5	0.00079775	97.235	196.89	0.58427	0.99656	1.6436	1289.2	-0.028937	0.0003106	0.21642	liquid
254.0	1252.5	1253.8	0.00079755	97.156	197.05	0.58386	0.99671	1.6433	1290.2	-0.028957	0.000311	0.21658	liquid
254.0	1255.8	1254.2	0.00079734	97.077	197.2	0.58345	0.99686	1.6431	1291.1	-0.028976	0.00031139	0.21675	liquid
254.0	1259.0	1254.5	0.00079714	96.999	197.36	0.58304	0.99701	1.6429	1292.0	-0.028995	0.00031179	0.21691	liquid
254.0	1262.2	1254.8	0.00079694	96.92	197.51	0.58263	0.99716	1.6427	1292.9	-0.029014	0.00031218	0.21707	liquid
254.0	1265.5	1255.1	0.00079673	96.842	197.67	0.58222	0.99731	1.6424	1293.9	-0.029033	0.00031258	0.21723	liquid
254.0	1268.8	1255.4	0.00079653	96.764	197.82	0.58181	0.99746	1.6422	1294.8	-0.029052	0.00031297	0.2174	liquid
254.0	1272.0	1255.8	0.00079633	96.685	197.98	0.5814	0.99761	1.642	1295.7	-0.02907	0.00031337	0.21756	liquid
254.0	1275.2	1256.1	0.00079613	96.608	198.13	0.58099	0.99776	1.6418	1296.6	-0.029089	0.00031376	0.21772	liquid
254.0	1278.5	1256.4	0.00079592	96.53	198.29	0.58058	0.99791	1.6416	1297.6	-0.029108	0.00031416	0.21788	liquid
254.0	1281.8	1256.7	0.00079572	96.452	198.44	0.58018	0.99806	1.6413	1298.5	-0.029126	0.00031455	0.21805	liquid
254.0	1285.0	1257.0	0.00079552	96.375	198.6	0.57977	0.9982	1.6411	1299.4	-0.029145	0.00031495	0.21821	liquid
254.0	1288.2	1257.4	0.00079532	96.298	198.75	0.57936	0.99835	1.6409	1300.3	-0.029163	0.00031534	0.21837	liquid
254.0	1291.5	1257.7	0.00079512	96.22	198.91	0.57896	0.9985	1.6407	1301.2	-0.029181	0.00031574	0.21853	liquid
254.0	1294.8	1258.0	0.00079492	96.143	199.07	0.57856	0.99865	1.6405	1302.1	-0.029199	0.00031613	0.21869	liquid
254.0	1298.0	1258.3	0.00079472	96.067	199.22	0.57815	0.9988	1.6403	1303.0	-0.029217	0.00031653	0.21885	liquid
254.0	1301.2	1258.6	0.00079453	95.99	199.38	0.57775	0.99895	1.6401	1304.0	-0.029235	0.00031692	0.21901	liquid
254.0	1304.5	1258.9	0.00079433	95.913	199.53	0.57734	0.9991	1.6398	1304.9	-0.029253	0.00031731	0.21917	liquid
254.0	1307.8	1259.2	0.00079413	95.837	199.69	0.57694	0.99925	1.6396	1305.8	-0.029271	0.00031771	0.21934	liquid
254.0	1311.0	1259.6	0.00079393	95.761	199.85	0.57654	0.9994	1.6394	1306.7	-0.029289	0.0003181	0.2195	liquid
254.0	1314.2	1259.9	0.00079374	95.685	200.0	0.57614	0.99955	1.6392	1307.6	-0.029307	0.0003185	0.21966	liquid
254.0	1317.5	1260.2	0.00079354	95.609	200.16	0.57574	0.9997	1.639	1308.5	-0.029324	0.00031889	0.21982	liquid
254.0	1320.8	1260.5	0.00079335	95.533	200.31	0.57534	0.99985	1.6388	1309.4	-0.029342	0.00031928	0.21998	liquid
254.0	1324.0	1260.8	0.00079315	95.457	200.47	0.57494	1.0	1.6386	1310.3	-0.029359	0.00031968	0.22014	liquid
254.0	1327.2	1261.1	0.00079296	95.382	200.63	0.57454	1.0001	1.6384	1311.2	-0.029377	0.00032007	0.2203	liquid
254.0	1330.5	1261.4	0.00079276	95.306	200.78	0.57414	1.0003	1.6382	1312.1	-0.029394	0.00032046	0.22046	liquid
254.0	1333.8	1261.7	0.00079257	95.231	200.94	0.57374	1.0004	1.638	1313.0	-0.029411	0.00032086	0.22062	liquid
254.0	1337.0	1262.0	0.00079237	95.156	201.1	0.57335	1.0006	1.6378	1313.9	-0.029428	0.00032125	0.22078	liquid
254.0	1340.2	1262.3	0.00079218	95.081	201.25	0.57295	1.0007	1.6376	1314.8	-0.029445	0.00032164	0.22094	liquid
254.0	1343.5	1262.6	0.00079199	95.006	201.41	0.57255	1.0009	1.6374	1315.6	-0.029462	0.00032204	0.2211	liquid
254.0	1346.8	1263.0	0.00079179	94.932	201.57	0.57216	1.001	1.6372	1316.5	-0.029479	0.00032243	0.22126	liquid
254.0	1350.0	1263.3	0.0007916	94.857	201.72	0.57176	1.0012	1.637	1317.4	-0.029496	0.00032282	0.22142	liquid
254.0	1353.2	1263.6	0.00079141	94.783	201.88	0.57137	1.0013	1.6368	1318.3	-0.029513	0.00032322	0.22158	liquid
254.0	1356.5	1263.9	0.00079122	94.708	202.04	0.57097	1.0015	1.6366	1319.2	-0.029529	0.00032361	0.22173	liquid
254.0	1359.8	1264.2	0.00079103	94.634	202.19	0.57058	1.0016	1.6364	1320.1	-0.029546	0.000324	0.22189	liquid
254.0	1363.0	1264.5	0.00079084	94.56	202.35	0.57019	1.0018	1.6362	1321.0	-0.029563	0.00032439	0.22205	liquid
254.0	1366.2	1264.8	0.00079065	94.487	202.51	0.56979	1.0019	1.636	1321.9	-0.029579	0.00032479	0.22221	liquid
254.0	1369.5	1265.1	0.00079046	94.413	202.67	0.5694	1.0021	1.6358	1322.7	-0.029595	0.00032518	0.22237	liquid
254.0	1372.8	1265.4	0.00079027	94.339	202.82	0.56901	1.0022	1.6356	1323.6	-0.029612	0.00032557	0.22253	liquid
254.0	1376.0	1265.7	0.00079008	94.266	202.98	0.56862	1.0024	1.6354	1324.5	-0.029628	0.00032596	0.22269	liquid
254.0	1379.2	1266.0	0.00078989	94.193	203.14	0.56823	1.0025	1.6352	1325.4	-0.029644	0.00032636	0.22284	liquid
254.0	1382.5	1266.3	0.0007897	94.12	203.3	0.56784	1.0027	1.6351	1326.2	-0.02966	0.00032675	0.223	liquid
254.0	1385.8	1266.6	0.00078952	94.047	203.45	0.56745	1.0028	1.6349	1327.1	-0.029676	0.00032714	0.22316	liquid
254.0	1389.0	1266.9	0.00078933	93.974	203.61	0.56706	1.003	1.6347	1328.0	-0.029692	0.00032753	0.22332	liquid
254.0	1392.2	1267.2	0.00078914	93.901	203.77	0.56667	1.0031	1.6345	1328.9	-0.029708	0.00032792	0.22348	liquid
254.0	1395.5	1267.5	0.00078895	93.828	203.93	0.56628	1.0033	1.6343	1329.7	-0.029724	0.00032832	0.22363	liquid
254.0	1398.8	1267.8	0.00078877	93.756	204.08	0.56589	1.0034	1.6341	1330.6	-0.02974	0.00032871	0.22379	liquid
254.0	1402.0	1268.1	0.00078858	93.684	204.24	0.56551	1.0036	1.6339	1331.5	-0.029756	0.0003291	0.22395	liquid
254.0	1405.2	1268.4	0.0007884	93.611	204.4	0.56512	1.0037	1.6338	1332.3	-0.029771	0.00032949	0.22411	liquid
254.0	1408.5	1268.7	0.00078821	93.539	204.56	0.56473	1.0039	1.6336	1333.2	-0.029787	0.00032988	0.22426	liquid
254.0	1411.8	1269.0	0.00078803	93.467	204.72	0.56435	1.004	1.6334	1334.1	-0.029802	0.00033027	0.22442	liquid
254.0	1415.0	1269.3	0.00078784	93.396	204.88	0.56396	1.0042	1.6332	1334.9	-0.029818	0.00033067	0.22458	liquid
254.0	1418.2	1269.6	0.00078766	93.324	205.03	0.56358	1.0043	1.633	1335.8	-0.029833	0.00033106	0.22473	liquid
254.0	1421.5	1269.9	0.00078748	93.252	205.19	0.56319	1.0045	1.6329	1336.7	-0.029848	0.00033145	0.22489	liquid
254.0	1424.8	1270.2	0.00078729	93.181	205.35	0.56281	1.0046	1.6327	1337.5	-0.029863	0.00033184	0.22505	liquid
254.0	1428.0	1270.5	0.00078711	93.11	205.51	0.56243	1.0048	1.6325	1338.4	-0.029879	0.00033223	0.2252	liquid
254.0	1431.2	1270.8	0.00078693	93.039	205.67	0.56204	1.0049	1.6323	1339.2	-0.029894	0.00033262	0.22536	liquid
254.0	1434.5	1271.1	0.00078675	92.968	205.83	0.56166	1.0051	1.6322	1340.1	-0.029909	0.00033301	0.22552	liquid
254.0	1437.8	1271.4	0.00078656	92.897	205.98	0.56128	1.0052	1.632	1340.9	-0.029924	0.0003334	0.22567	liquid
254.0	1441.0	1271.6	0.00078638	92.826	206.14	0.5609	1.0054	1.6318	1341.8	-0.029939	0.00033379	0.22583	liquid
254.0	1444.2	1271.9	0.0007862	92.755	206.3	0.56052	1.0055	1.6316	1342.6	-0.029953	0.00033418	0.22599	liquid
254.0	1447.5	1272.2	0.00078602	92.685	206.46	0.56014	1.0057	1.6315	1343.5	-0.029968	0.00033458	0.22614	liquid
254.0	1450.8	1272.5	0.00078584	92.615	206.62	0.55976	1.0058	1.6313	1344.3	-0.029983	0.00033497	0.2263	liquid
254.0	1454.0	1272.8	0.00078566	92.544	206.78	0.55938	1.006	1.6311	1345.2	-0.029998	0.00033536	0.22645	liquid
254.0	1457.2	1273.1	0.00078548	92.474	206.94	0.559	1.0061	1.631	1346.0	-0.030012	0.00033575	0.22661	liquid
254.0	1460.5	1273.4	0.0007853	92.404	207.1	0.55862	1.0063	1.6308	1346.9	-0.030027	0.00033614	0.22676	liquid
254.0	1463.8	1273.7	0.00078512	92.334	207.26	0.55824	1.0064	1.6306	1347.7	-0.030041	0.00033653	0.22692	liquid
254.0	1467.0	1274.0	0.00078494	92.265	207.42	0.55787	1.0066	1.6305	1348.6	-0.030056	0.00033692	0.22708	liquid
254.0	1470.2	1274.3	0.00078477	92.195	207.58	0.55749	1.0067	1.6303	1349.4	-0.03007	0.00033731	0.22723	liquid
254.0	1473.5	1274.6	0.00078459	92.125	207.73	0.55711	1.0069	1.6301	1350.3	-0.030084	0.0003377	0.22739	liquid
254.0	1476.8	1274.8	0.00078441	92.056	207.89	0.55674	1.007	1.63	1351.1	-0.030098	0.00033809	0.22754	liquid
254.0	1480.0	1275.1	0.00078423	91.987	208.05	0.55636	1.0072	1.6298	1351.9	-0.030113	0.00033848	0.2277	liquid
254.0	1483.2	1275.4	0.00078406	91.918	208.21	0.55598	1.0073	1.6296	1352.8	-0.030127	0.00033887	0.22785	liquid
254.0	1486.5	1275.7	0.00078388	91.849	208.37	0.55561	1.0075	1.6295	1353.6	-0.030141	0.00033926	0.22801	liquid
254.0	1489.8	1276.0	0.0007837	91.78	208.53	0.55524	1.0076	1.6293	1354.4	-0.030155	0.00033965	0.22816	liquid
254.0	1493.0	1276.3	0.00078353	91.711	208.69	0.55486	1.0078	1.6292	1355.3	-0.030169	0.00034004	0.22831	liquid
254.0	1496.2	1276.6	0.00078335	91.642	208.85	0.55449	1.0079	1.629	1356.1	-0.030182	0.00034043	0.22847	liquid
254.0	1499.5	1276.8	0.00078318	91.574	209.01	0.55411	1.008	1.6288	1356.9	-0.030196	0.00034082	0.22862	liquid
254.0	1502.8	1277.1	0.000783	91.506	209.17	0.55374	1.0082	1.6287	1357.8	-0.03021	0.00034121	0.22878	liquid
254.0	1506.0	1277.4	0.00078283	91.437	209.33	0.55337	1.0083	1.6285	1358.6	-0.030224	0.0003416	0.22893	liquid
254.0	1509.2	1277.7	0.00078265	91.369	209.49	0.553	1.0085	1.6284	1359.4	-0.030237	0.00034199	0.22909	liquid
254.0	1512.5	1278.0	0.00078248	91.301	209.65	0.55263	1.0086	1.6282	1360.3	-0.030251	0.00034238	0.22924	liquid
254.0	1515.8	1278.3	0.00078231	91.233	209.81	0.55226	1.0088	1.628	1361.1	-0.030264	0.00034277	0.22939	liquid
254.0	1519.0	1278.6	0.00078213	91.165	209.97	0.55189	1.0089	1.6279	1361.9	-0.030278	0.00034316	0.22955	liquid
254.0	1522.2	1278.8	0.00078196	91.098	210.13	0.55152	1.0091	1.6277	1362.7	-0.030291	0.00034354	0.2297	liquid
254.0	1525.5	1279.1	0.00078179	91.03	210.29	0.55115	1.0092	1.6276	1363.6	-0.030305	0.00034393	0.22985	liquid
254.0	1528.8	1279.4	0.00078162	90.963	210.45	0.55078	1.0094	1.6274	1364.4	-0.030318	0.00034432	0.23001	liquid
254.0	1532.0	1279.7	0.00078145	90.895	210.61	0.55041	1.0095	1.6273	1365.2	-0.030331	0.00034471	0.23016	liquid
254.0	1535.2	1280.0	0.00078127	90.828	210.77	0.55004	1.0097	1.6271	1366.0	-0.030344	0.0003451	0.23031	liquid
254.0	1538.5	1280.2	0.0007811	90.761	210.93	0.54967	1.0098	1.627	1366.8	-0.030358	0.00034549	0.23047	liquid
254.0	1541.8	1280.5	0.00078093	90.694	211.09	0.54931	1.01	1.6268	1367.6	-0.030371	0.00034588	0.23062	liquid
254.0	1545.0	1280.8	0.00078076	90.627	211.25	0.54894	1.0101	1.6267	1368.5	-0.030384	0.00034627	0.23077	liquid
254.0	1548.2	1281.1	0.00078059	90.561	211.42	0.54857	1.0103	1.6265	1369.3	-0.030397	0.00034666	0.23093	liquid
254.0	1551.5	1281.4	0.00078042	90.494	211.58	0.54821	1.0104	1.6264	1370.1	-0.03041	0.00034705	0.23108	liquid
254.0	1554.8	1281.6	0.00078025	90.427	211.74	0.54784	1.0106	1.6262	1370.9	-0.030422	0.00034743	0.23123	liquid
254.0	1558.0	1281.9	0.00078008	90.361	211.9	0.54748	1.0107	1.6261	1371.7	-0.030435	0.00034782	0.23138	liquid
254.0	1561.2	1282.2	0.00077991	90.295	212.06	0.54711	1.0109	1.6259	1372.5	-0.030448	0.00034821	0.23154	liquid
254.0	1564.5	1282.5	0.00077974	90.229	212.22	0.54675	1.011	1.6258	1373.3	-0.030461	0.0003486	0.23169	liquid
254.0	1567.8	1282.7	0.00077958	90.163	212.38	0.54638	1.0112	1.6257	1374.1	-0.030473	0.00034899	0.23184	liquid
254.0	1571.0	1283.0	0.00077941	90.097	212.54	0.54602	1.0113	1.6255	1375.0	-0.030486	0.00034938	0.23199	liquid
254.0	1574.2	1283.3	0.00077924	90.031	212.7	0.54566	1.0115	1.6254	1375.8	-0.030498	0.00034977	0.23215	liquid
254.0	1577.5	1283.6	0.00077907	89.965	212.86	0.54529	1.0116	1.6252	1376.6	-0.030511	0.00035015	0.2323	liquid
254.0	1580.8	1283.9	0.00077891	89.899	213.03	0.54493	1.0118	1.6251	1377.4	-0.030523	0.00035054	0.23245	liquid
254.0	1584.0	1284.1	0.00077874	89.834	213.19	0.54457	1.0119	1.6249	1378.2	-0.030536	0.00035093	0.2326	liquid
254.0	1587.2	1284.4	0.00077857	89.769	213.35	0.54421	1.0121	1.6248	1379.0	-0.030548	0.00035132	0.23275	liquid
254.0	1590.5	1284.7	0.00077841	89.703	213.51	0.54385	1.0122	1.6247	1379.8	-0.03056	0.00035171	0.23291	liquid
254.0	1593.8	1284.9	0.00077824	89.638	213.67	0.54349	1.0123	1.6245	1380.6	-0.030573	0.00035209	0.23306	liquid
254.0	1597.0	1285.2	0.00077808	89.573	213.83	0.54313	1.0125	1.6244	1381.4	-0.030585	0.00035248	0.23321	liquid
254.0	1600.2	1285.5	0.00077791	89.508	213.99	0.54277	1.0126	1.6242	1382.2	-0.030597	0.00035287	0.23336	liquid
254.0	1603.5	1285.8	0.00077774	89.443	214.15	0.54241	1.0128	1.6241	1383.0	-0.030609	0.00035326	0.23351	liquid
254.0	1606.8	1286.0	0.00077758	89.379	214.32	0.54205	1.0129	1.624	1383.8	-0.030621	0.00035365	0.23366	liquid
254.0	1610.0	1286.3	0.00077742	89.314	214.48	0.54169	1.0131	1.6238	1384.6	-0.030633	0.00035403	0.23381	liquid
254.0	1613.2	1286.6	0.00077725	89.25	214.64	0.54133	1.0132	1.6237	1385.3	-0.030645	0.00035442	0.23397	liquid
254.0	1616.5	1286.9	0.00077709	89.185	214.8	0.54098	1.0134	1.6236	1386.1	-0.030657	0.00035481	0.23412	liquid
254.0	1619.8	1287.1	0.00077692	89.121	214.96	0.54062	1.0135	1.6234	1386.9	-0.030669	0.0003552	0.23427	liquid
254.0	1623.0	1287.4	0.00077676	89.057	215.13	0.54026	1.0137	1.6233	1387.7	-0.030681	0.00035559	0.23442	liquid
254.0	1626.2	1287.7	0.0007766	88.993	215.29	0.53991	1.0138	1.6232	1388.5	-0.030692	0.00035597	0.23457	liquid
254.0	1629.5	1287.9	0.00077644	88.929	215.45	0.53955	1.014	1.623	1389.3	-0.030704	0.00035636	0.23472	liquid
254.0	1632.8	1288.2	0.00077627	88.865	215.61	0.53919	1.0141	1.6229	1390.1	-0.030716	0.00035675	0.23487	liquid
254.0	1636.0	1288.5	0.00077611	88.801	215.77	0.53884	1.0143	1.6228	1390.9	-0.030727	0.00035714	0.23502	liquid
254.0	1639.2	1288.7	0.00077595	88.737	215.93	0.53848	1.0144	1.6226	1391.7	-0.030739	0.00035752	0.23517	liquid
254.0	1642.5	1289.0	0.00077579	88.674	216.1	0.53813	1.0146	1.6225	1392.4	-0.030751	0.00035791	0.23532	liquid
254.0	1645.8	1289.3	0.00077563	88.61	216.26	0.53778	1.0147	1.6224	1393.2	-0.030762	0.0003583	0.23547	liquid
254.0	1649.0	1289.5	0.00077547	88.547	216.42	0.53742	1.0149	1.6222	1394.0	-0.030773	0.00035869	0.23562	liquid
254.0	1652.2	1289.8	0.00077531	88.484	216.58	0.53707	1.015	1.6221	1394.8	-0.030785	0.00035907	0.23577	liquid
254.0	1655.5	1290.1	0.00077515	88.421	216.75	0.53672	1.0152	1.622	1395.6	-0.030796	0.00035946	0.23592	liquid
254.0	1658.8	1290.3	0.00077499	88.358	216.91	0.53636	1.0153	1.6219	1396.4	-0.030807	0.00035985	0.23607	liquid
254.0	1662.0	1290.6	0.00077483	88.295	217.07	0.53601	1.0155	1.6217	1397.1	-0.030819	0.00036023	0.23622	liquid
254.0	1665.2	1290.9	0.00077467	88.232	217.23	0.53566	1.0156	1.6216	1397.9	-0.03083	0.00036062	0.23637	liquid
254.0	1668.5	1291.1	0.00077451	88.169	217.4	0.53531	1.0157	1.6215	1398.7	-0.030841	0.00036101	0.23652	liquid
254.0	1671.8	1291.4	0.00077435	88.107	217.56	0.53496	1.0159	1.6214	1399.5	-0.030852	0.00036139	0.23667	liquid
254.0	1675.0	1291.7	0.00077419	88.044	217.72	0.53461	1.016	1.6212	1400.2	-0.030863	0.00036178	0.23682	liquid
254.0	1678.2	1291.9	0.00077403	87.982	217.88	0.53426	1.0162	1.6211	1401.0	-0.030874	0.00036217	0.23697	liquid
254.0	1681.5	1292.2	0.00077387	87.92	218.05	0.53391	1.0163	1.621	1401.8	-0.030885	0.00036256	0.23712	liquid
254.0	1684.8	1292.5	0.00077371	87.857	218.21	0.53356	1.0165	1.6209	1402.5	-0.030896	0.00036294	0.23727	liquid
254.0	1688.0	1292.7	0.00077356	87.795	218.37	0.53321	1.0166	1.6207	1403.3	-0.030907	0.00036333	0.23742	liquid
254.0	1691.2	1293.0	0.0007734	87.733	218.53	0.53286	1.0168	1.6206	1404.1	-0.030918	0.00036372	0.23756	liquid
254.0	1694.5	1293.3	0.00077324	87.672	218.7	0.53251	1.0169	1.6205	1404.9	-0.030929	0.0003641	0.23771	liquid
254.0	1697.8	1293.5	0.00077309	87.61	218.86	0.53216	1.0171	1.6204	1405.6	-0.03094	0.00036449	0.23786	liquid
254.0	1701.0	1293.8	0.00077293	87.548	219.02	0.53182	1.0172	1.6202	1406.4	-0.03095	0.00036488	0.23801	liquid
254.0	1704.2	1294.0	0.00077277	87.486	219.19	0.53147	1.0174	1.6201	1407.2	-0.030961	0.00036526	0.23816	liquid
254.0	1707.5	1294.3	0.00077262	87.425	219.35	0.53112	1.0175	1.62	1407.9	-0.030972	0.00036565	0.23831	liquid
254.0	1710.8	1294.6	0.00077246	87.364	219.51	0.53078	1.0177	1.6199	1408.7	-0.030982	0.00036604	0.23846	liquid
254.0	1714.0	1294.8	0.00077231	87.302	219.68	0.53043	1.0178	1.6198	1409.4	-0.030993	0.00036642	0.23861	liquid
254.0	1717.2	1295.1	0.00077215	87.241	219.84	0.53008	1.018	1.6197	1410.2	-0.031003	0.00036681	0.23875	liquid
254.0	1720.5	1295.3	0.000772	87.18	220.0	0.52974	1.0181	1.6195	1411.0	-0.031014	0.00036719	0.2389	liquid
254.0	1723.8	1295.6	0.00077184	87.119	220.17	0.52939	1.0183	1.6194	1411.7	-0.031024	0.00036758	0.23905	liquid
254.0	1727.0	1295.9	0.00077169	87.058	220.33	0.52905	1.0184	1.6193	1412.5	-0.031035	0.00036797	0.2392	liquid
254.0	1730.2	1296.1	0.00077153	86.997	220.49	0.5287	1.0185	1.6192	1413.2	-0.031045	0.00036835	0.23935	liquid
254.0	1733.5	1296.4	0.00077138	86.937	220.66	0.52836	1.0187	1.6191	1414.0	-0.031055	0.00036874	0.23949	liquid
254.0	1736.8	1296.6	0.00077123	86.876	220.82	0.52802	1.0188	1.619	1414.8	-0.031066	0.00036913	0.23964	liquid
254.0	1740.0	1296.9	0.00077107	86.816	220.98	0.52767	1.019	1.6188	1415.5	-0.031076	0.00036951	0.23979	liquid
254.0	1743.2	1297.2	0.00077092	86.755	221.15	0.52733	1.0191	1.6187	1416.3	-0.031086	0.0003699	0.23994	liquid
254.0	1746.5	1297.4	0.00077077	86.695	221.31	0.52699	1.0193	1.6186	1417.0	-0.031096	0.00037028	0.24009	liquid
254.0	1749.8	1297.7	0.00077061	86.635	221.47	0.52665	1.0194	1.6185	1417.8	-0.031106	0.00037067	0.24023	liquid
254.0	1753.0	1297.9	0.00077046	86.575	221.64	0.52631	1.0196	1.6184	1418.5	-0.031116	0.00037106	0.24038	liquid
254.0	1756.2	1298.2	0.00077031	86.515	221.8	0.52596	1.0197	1.6183	1419.3	-0.031126	0.00037144	0.24053	liquid
254.0	1759.5	1298.4	0.00077016	86.455	221.96	0.52562	1.0199	1.6182	1420.0	-0.031136	0.00037183	0.24068	liquid
254.0	1762.8	1298.7	0.00077001	86.395	222.13	0.52528	1.02	1.6181	1420.8	-0.031146	0.00037221	0.24082	liquid
254.0	1766.0	1298.9	0.00076985	86.335	222.29	0.52494	1.0202	1.618	1421.5	-0.031156	0.0003726	0.24097	liquid
254.0	1769.2	1299.2	0.0007697	86.276	222.46	0.5246	1.0203	1.6178	1422.3	-0.031166	0.00037299	0.24112	liquid
254.0	1772.5	1299.5	0.00076955	86.216	222.62	0.52426	1.0205	1.6177	1423.0	-0.031176	0.00037337	0.24126	liquid
254.0	1775.8	1299.7	0.0007694	86.157	222.78	0.52392	1.0206	1.6176	1423.8	-0.031186	0.00037376	0.24141	liquid
254.0	1779.0	1300.0	0.00076925	86.097	222.95	0.52359	1.0207	1.6175	1424.5	-0.031195	0.00037414	0.24156	liquid
254.0	1782.2	1300.2	0.0007691	86.038	223.11	0.52325	1.0209	1.6174	1425.2	-0.031205	0.00037453	0.24171	liquid
254.0	1785.5	1300.5	0.00076895	85.979	223.28	0.52291	1.021	1.6173	1426.0	-0.031215	0.00037491	0.24185	liquid
254.0	1788.8	1300.7	0.0007688	85.92	223.44	0.52257	1.0212	1.6172	1426.7	-0.031224	0.0003753	0.242	liquid
254.0	1792.0	1301.0	0.00076865	85.861	223.6	0.52223	1.0213	1.6171	1427.5	-0.031234	0.00037569	0.24215	liquid
254.0	1795.2	1301.2	0.0007685	85.802	223.77	0.5219	1.0215	1.617	1428.2	-0.031244	0.00037607	0.24229	liquid
254.0	1798.5	1301.5	0.00076836	85.743	223.93	0.52156	1.0216	1.6169	1429.0	-0.031253	0.00037646	0.24244	liquid
254.0	1801.8	1301.7	0.00076821	85.684	224.1	0.52122	1.0218	1.6168	1429.7	-0.031263	0.00037684	0.24259	liquid
254.0	1805.0	1302.0	0.00076806	85.626	224.26	0.52089	1.0219	1.6167	1430.4	-0.031272	0.00037723	0.24273	liquid
254.0	1808.2	1302.2	0.00076791	85.567	224.42	0.52055	1.0221	1.6166	1431.2	-0.031282	0.00037761	0.24288	liquid
254.0	1811.5	1302.5	0.00076776	85.509	224.59	0.52022	1.0222	1.6165	1431.9	-0.031291	0.000378	0.24302	liquid
254.0	1814.8	1302.7	0.00076761	85.451	224.75	0.51988	1.0224	1.6164	1432.6	-0.0313	0.00037838	0.24317	liquid
254.0	1818.0	1303.0	0.00076747	85.392	224.92	0.51955	1.0225	1.6163	1433.4	-0.03131	0.00037877	0.24332	liquid
254.0	1821.2	1303.2	0.00076732	85.334	225.08	0.51921	1.0227	1.6162	1434.1	-0.031319	0.00037915	0.24346	liquid
254.0	1824.5	1303.5	0.00076717	85.276	225.25	0.51888	1.0228	1.6161	1434.8	-0.031328	0.00037954	0.24361	liquid
254.0	1827.8	1303.7	0.00076703	85.218	225.41	0.51854	1.0229	1.616	1435.6	-0.031337	0.00037992	0.24375	liquid
254.0	1831.0	1304.0	0.00076688	85.16	225.58	0.51821	1.0231	1.6159	1436.3	-0.031347	0.00038031	0.2439	liquid
254.0	1834.2	1304.2	0.00076673	85.103	225.74	0.51788	1.0232	1.6158	1437.0	-0.031356	0.0003807	0.24405	liquid
254.0	1837.5	1304.5	0.00076659	85.045	225.91	0.51755	1.0234	1.6157	1437.7	-0.031365	0.00038108	0.24419	liquid
254.0	1840.8	1304.7	0.00076644	84.987	226.07	0.51721	1.0235	1.6156	1438.5	-0.031374	0.00038147	0.24434	liquid
254.0	1844.0	1305.0	0.0007663	84.93	226.23	0.51688	1.0237	1.6155	1439.2	-0.031383	0.00038185	0.24448	liquid
254.0	1847.2	1305.2	0.00076615	84.872	226.4	0.51655	1.0238	1.6154	1439.9	-0.031392	0.00038224	0.24463	liquid
254.0	1850.5	1305.5	0.00076601	84.815	226.56	0.51622	1.024	1.6153	1440.7	-0.031401	0.00038262	0.24477	liquid
254.0	1853.8	1305.7	0.00076586	84.758	226.73	0.51589	1.0241	1.6152	1441.4	-0.03141	0.00038301	0.24492	liquid
254.0	1857.0	1306.0	0.00076572	84.701	226.89	0.51556	1.0243	1.6151	1442.1	-0.031419	0.00038339	0.24506	liquid
254.0	1860.2	1306.2	0.00076557	84.644	227.06	0.51523	1.0244	1.615	1442.8	-0.031428	0.00038378	0.24521	liquid
254.0	1863.5	1306.5	0.00076543	84.587	227.22	0.5149	1.0246	1.6149	1443.5	-0.031436	0.00038416	0.24535	liquid
254.0	1866.8	1306.7	0.00076528	84.53	227.39	0.51457	1.0247	1.6148	1444.3	-0.031445	0.00038455	0.2455	liquid
254.0	1870.0	1306.9	0.00076514	84.473	227.55	0.51424	1.0248	1.6147	1445.0	-0.031454	0.00038493	0.24564	liquid
254.0	1873.2	1307.2	0.000765	84.416	227.72	0.51391	1.025	1.6146	1445.7	-0.031463	0.00038532	0.24579	liquid
254.0	1876.5	1307.4	0.00076485	84.36	227.88	0.51358	1.0251	1.6145	1446.4	-0.031471	0.0003857	0.24593	liquid
254.0	1879.8	1307.7	0.00076471	84.303	228.05	0.51325	1.0253	1.6144	1447.1	-0.03148	0.00038608	0.24608	liquid
254.0	1883.0	1307.9	0.00076457	84.247	228.21	0.51292	1.0254	1.6143	1447.9	-0.031489	0.00038647	0.24622	liquid
254.0	1886.2	1308.2	0.00076443	84.19	228.38	0.5126	1.0256	1.6142	1448.6	-0.031497	0.00038685	0.24637	liquid
254.0	1889.5	1308.4	0.00076428	84.134	228.55	0.51227	1.0257	1.6141	1449.3	-0.031506	0.00038724	0.24651	liquid
254.0	1892.8	1308.7	0.00076414	84.078	228.71	0.51194	1.0259	1.614	1450.0	-0.031514	0.00038762	0.24666	liquid
254.0	1896.0	1308.9	0.000764	84.022	228.88	0.51161	1.026	1.6139	1450.7	-0.031523	0.00038801	0.2468	liquid
254.0	1899.2	1309.1	0.00076386	83.966	229.04	0.51129	1.0262	1.6138	1451.4	-0.031531	0.00038839	0.24694	liquid
254.0	1902.5	1309.4	0.00076372	83.91	229.21	0.51096	1.0263	1.6137	1452.1	-0.03154	0.00038878	0.24709	liquid
254.0	1905.8	1309.6	0.00076358	83.854	229.37	0.51064	1.0265	1.6137	1452.8	-0.031548	0.00038916	0.24723	liquid
254.0	1909.0	1309.9	0.00076343	83.798	229.54	0.51031	1.0266	1.6136	1453.6	-0.031557	0.00038955	0.24738	liquid
254.0	1912.2	1310.1	0.00076329	83.742	229.7	0.50999	1.0267	1.6135	1454.3	-0.031565	0.00038993	0.24752	liquid
254.0	1915.5	1310.4	0.00076315	83.687	229.87	0.50966	1.0269	1.6134	1455.0	-0.031573	0.00039032	0.24766	liquid
254.0	1918.8	1310.6	0.00076301	83.631	230.03	0.50934	1.027	1.6133	1455.7	-0.031582	0.0003907	0.24781	liquid
254.0	1922.0	1310.8	0.00076287	83.576	230.2	0.50901	1.0272	1.6132	1456.4	-0.03159	0.00039108	0.24795	liquid
254.0	1925.2	1311.1	0.00076273	83.52	230.37	0.50869	1.0273	1.6131	1457.1	-0.031598	0.00039147	0.2481	liquid
254.0	1928.5	1311.3	0.00076259	83.465	230.53	0.50836	1.0275	1.613	1457.8	-0.031606	0.00039185	0.24824	liquid
254.0	1931.8	1311.6	0.00076245	83.41	230.7	0.50804	1.0276	1.6129	1458.5	-0.031614	0.00039224	0.24838	liquid
254.0	1935.0	1311.8	0.00076231	83.355	230.86	0.50772	1.0278	1.6129	1459.2	-0.031623	0.00039262	0.24853	liquid
254.0	1938.2	1312.0	0.00076217	83.3	231.03	0.5074	1.0279	1.6128	1459.9	-0.031631	0.00039301	0.24867	liquid
254.0	1941.5	1312.3	0.00076204	83.245	231.19	0.50707	1.0281	1.6127	1460.6	-0.031639	0.00039339	0.24881	liquid
254.0	1944.8	1312.5	0.0007619	83.19	231.36	0.50675	1.0282	1.6126	1461.3	-0.031647	0.00039378	0.24896	liquid
254.0	1948.0	1312.8	0.00076176	83.135	231.53	0.50643	1.0283	1.6125	1462.0	-0.031655	0.00039416	0.2491	liquid
254.0	1951.2	1313.0	0.00076162	83.081	231.69	0.50611	1.0285	1.6124	1462.7	-0.031663	0.00039454	0.24924	liquid
254.0	1954.5	1313.2	0.00076148	83.026	231.86	0.50579	1.0286	1.6123	1463.4	-0.031671	0.00039493	0.24939	liquid
254.0	1957.8	1313.5	0.00076134	82.971	232.02	0.50547	1.0288	1.6123	1464.1	-0.031679	0.00039531	0.24953	liquid
254.0	1961.0	1313.7	0.00076121	82.917	232.19	0.50515	1.0289	1.6122	1464.8	-0.031686	0.0003957	0.24967	liquid
254.0	1964.2	1313.9	0.00076107	82.863	232.36	0.50483	1.0291	1.6121	1465.5	-0.031694	0.00039608	0.24982	liquid
254.0	1967.5	1314.2	0.00076093	82.808	232.52	0.50451	1.0292	1.612	1466.2	-0.031702	0.00039646	0.24996	liquid
254.0	1970.8	1314.4	0.0007608	82.754	232.69	0.50419	1.0294	1.6119	1466.9	-0.03171	0.00039685	0.2501	liquid
254.0	1974.0	1314.7	0.00076066	82.7	232.85	0.50387	1.0295	1.6118	1467.6	-0.031718	0.00039723	0.25024	liquid
254.0	1977.2	1314.9	0.00076052	82.646	233.02	0.50355	1.0297	1.6118	1468.3	-0.031725	0.00039762	0.25039	liquid
254.0	1980.5	1315.1	0.00076039	82.592	233.19	0.50323	1.0298	1.6117	1469.0	-0.031733	0.000398	0.25053	liquid
254.0	1983.8	1315.4	0.00076025	82.538	233.35	0.50291	1.0299	1.6116	1469.7	-0.031741	0.00039839	0.25067	liquid
254.0	1987.0	1315.6	0.00076011	82.484	233.52	0.50259	1.0301	1.6115	1470.4	-0.031748	0.00039877	0.25082	liquid
254.0	1990.2	1315.8	0.00075998	82.431	233.69	0.50227	1.0302	1.6114	1471.0	-0.031756	0.00039915	0.25096	liquid
254.0	1993.5	1316.1	0.00075984	82.377	233.85	0.50196	1.0304	1.6113	1471.7	-0.031764	0.00039954	0.2511	liquid
254.0	1996.8	1316.3	0.00075971	82.323	234.02	0.50164	1.0305	1.6113	1472.4	-0.031771	0.00039992	0.25124	liquid
254.0	2000.0	1316.5	0.00075957	82.27	234.18	0.50132	1.0307	1.6112	1473.1	-0.031779	0.0004003	0.25138	liquid
