Temperature (K)	Pressure (bar)	Density (kg/m3)	Volume (m3/kg)	Internal Energy (kJ/kg)	Enthalpy (kJ/kg)	Entropy (J/g*K)	Cv (J/g*K)	Cp (J/g*K)	Sound Spd. (m/s)	Joule-Thomson (K/bar)	Viscosity (Pa*s)	Therm. Cond. (W/m*K)	Phase
747.0	56.5	39.903	0.025061	815.02	956.61	2.8831	0.96257	1.1719	416.15	0.10337	3.3706e-05	0.053984	vapor
747.0	59.75	42.187	0.023704	814.59	956.22	2.872	0.96281	1.1732	416.49	0.10275	3.374e-05	0.054066	vapor
747.0	63.0	44.47	0.022487	814.16	955.83	2.8614	0.96305	1.1746	416.83	0.10213	3.3775e-05	0.054147	vapor
747.0	66.25	46.75	0.02139	813.73	955.44	2.8514	0.96328	1.176	417.18	0.10151	3.3809e-05	0.054227	vapor
747.0	69.5	49.029	0.020396	813.3	955.05	2.8418	0.96352	1.1774	417.54	0.1009	3.3844e-05	0.054307	vapor
747.0	72.75	51.306	0.019491	812.87	954.67	2.8326	0.96376	1.1788	417.89	0.10028	3.388e-05	0.054387	vapor
747.0	76.0	53.582	0.018663	812.44	954.28	2.8238	0.96399	1.1802	418.26	0.099669	3.3915e-05	0.054465	vapor
747.0	76.0	53.582	0.018663	812.44	954.28	2.8238	0.96399	1.1802	418.26	0.099669	3.3915e-05	0.054465	supercritical
747.0	76.0	53.582	0.018663	812.44	954.28	2.8238	0.96399	1.1802	418.26	0.099669	3.3915e-05	0.054465	supercritical
747.0	79.25	55.855	0.017903	812.02	953.9	2.8153	0.96423	1.1815	418.62	0.099059	3.3951e-05	0.054544	supercritical
747.0	82.5	58.127	0.017204	811.59	953.52	2.8072	0.96446	1.1829	419.0	0.09845	3.3987e-05	0.054622	supercritical
747.0	85.75	60.396	0.016557	811.17	953.15	2.7993	0.9647	1.1843	419.37	0.097843	3.4024e-05	0.0547	supercritical
747.0	89.0	62.664	0.015958	810.74	952.77	2.7918	0.96493	1.1856	419.76	0.097238	3.406e-05	0.054777	supercritical
747.0	92.25	64.929	0.015401	810.32	952.4	2.7844	0.96516	1.187	420.14	0.096634	3.4098e-05	0.054854	supercritical
747.0	95.5	67.192	0.014883	809.9	952.02	2.7773	0.96539	1.1883	420.53	0.096031	3.4135e-05	0.054931	supercritical
747.0	98.75	69.453	0.014398	809.47	951.65	2.7705	0.96562	1.1897	420.93	0.09543	3.4173e-05	0.055007	supercritical
747.0	102.0	71.712	0.013945	809.05	951.29	2.7638	0.96585	1.191	421.33	0.09483	3.4211e-05	0.055084	supercritical
747.0	105.25	73.969	0.013519	808.63	950.92	2.7574	0.96608	1.1924	421.73	0.094231	3.4249e-05	0.05516	supercritical
747.0	108.5	76.223	0.013119	808.21	950.56	2.7511	0.96631	1.1937	422.14	0.093634	3.4288e-05	0.055236	supercritical
747.0	111.75	78.475	0.012743	807.79	950.19	2.745	0.96654	1.1951	422.55	0.093038	3.4327e-05	0.055312	supercritical
747.0	115.0	80.724	0.012388	807.37	949.83	2.739	0.96677	1.1964	422.97	0.092442	3.4366e-05	0.055388	supercritical
747.0	118.25	82.971	0.012052	806.96	949.48	2.7332	0.967	1.1977	423.39	0.091848	3.4406e-05	0.055463	supercritical
747.0	121.5	85.215	0.011735	806.54	949.12	2.7276	0.96722	1.199	423.82	0.091255	3.4446e-05	0.055539	supercritical
747.0	124.75	87.457	0.011434	806.12	948.76	2.7221	0.96745	1.2004	424.25	0.090662	3.4487e-05	0.055615	supercritical
747.0	128.0	89.696	0.011149	805.71	948.41	2.7167	0.96767	1.2017	424.68	0.090071	3.4527e-05	0.055691	supercritical
747.0	131.25	91.932	0.010878	805.29	948.06	2.7114	0.9679	1.203	425.12	0.08948	3.4568e-05	0.055767	supercritical
747.0	134.5	94.166	0.01062	804.88	947.71	2.7063	0.96812	1.2043	425.57	0.08889	3.461e-05	0.055842	supercritical
747.0	137.75	96.397	0.010374	804.47	947.36	2.7012	0.96834	1.2056	426.02	0.088302	3.4652e-05	0.055918	supercritical
747.0	141.0	98.625	0.010139	804.05	947.02	2.6963	0.96857	1.2069	426.47	0.087713	3.4694e-05	0.055995	supercritical
747.0	144.25	100.85	0.0099157	803.64	946.68	2.6915	0.96879	1.2082	426.93	0.087126	3.4736e-05	0.056071	supercritical
747.0	147.5	103.07	0.0097019	803.23	946.34	2.6868	0.96901	1.2095	427.39	0.086539	3.4779e-05	0.056147	supercritical
747.0	150.75	105.29	0.0094974	802.82	946.0	2.6821	0.96923	1.2108	427.86	0.085953	3.4823e-05	0.056224	supercritical
747.0	154.0	107.51	0.0093017	802.41	945.66	2.6776	0.96945	1.212	428.33	0.085368	3.4866e-05	0.056301	supercritical
747.0	157.25	109.72	0.009114	802.01	945.32	2.6731	0.96967	1.2133	428.81	0.084783	3.491e-05	0.056378	supercritical
747.0	160.5	111.93	0.0089341	801.6	944.99	2.6688	0.96988	1.2146	429.29	0.084199	3.4954e-05	0.056455	supercritical
747.0	163.75	114.14	0.0087613	801.19	944.66	2.6645	0.9701	1.2158	429.77	0.083616	3.4999e-05	0.056533	supercritical
747.0	167.0	116.34	0.0085954	800.79	944.33	2.6603	0.97032	1.2171	430.26	0.083033	3.5044e-05	0.056611	supercritical
747.0	170.25	118.54	0.0084358	800.38	944.0	2.6561	0.97053	1.2183	430.75	0.082451	3.509e-05	0.056689	supercritical
747.0	173.5	120.74	0.0082823	799.98	943.68	2.652	0.97075	1.2196	431.25	0.081869	3.5136e-05	0.056767	supercritical
747.0	176.75	122.93	0.0081345	799.58	943.35	2.648	0.97096	1.2208	431.76	0.081288	3.5182e-05	0.056846	supercritical
747.0	180.0	125.12	0.0079921	799.17	943.03	2.6441	0.97118	1.2221	432.26	0.080708	3.5228e-05	0.056925	supercritical
747.0	183.25	127.31	0.0078548	798.77	942.71	2.6402	0.97139	1.2233	432.77	0.080128	3.5275e-05	0.057005	supercritical
747.0	186.5	129.49	0.0077224	798.37	942.39	2.6364	0.9716	1.2245	433.29	0.079549	3.5323e-05	0.057085	supercritical
747.0	189.75	131.67	0.0075945	797.97	942.08	2.6327	0.97181	1.2257	433.81	0.078971	3.537e-05	0.057165	supercritical
747.0	193.0	133.85	0.0074711	797.57	941.77	2.629	0.97202	1.2269	434.34	0.078393	3.5419e-05	0.057245	supercritical
747.0	196.25	136.02	0.0073517	797.18	941.45	2.6253	0.97223	1.2281	434.87	0.077816	3.5467e-05	0.057327	supercritical
747.0	199.5	138.19	0.0072363	796.78	941.14	2.6217	0.97244	1.2293	435.4	0.077239	3.5516e-05	0.057408	supercritical
747.0	202.75	140.36	0.0071247	796.38	940.84	2.6182	0.97265	1.2305	435.94	0.076664	3.5565e-05	0.05749	supercritical
747.0	206.0	142.52	0.0070166	795.99	940.53	2.6147	0.97286	1.2317	436.48	0.076088	3.5615e-05	0.057572	supercritical
747.0	209.25	144.68	0.006912	795.59	940.23	2.6113	0.97306	1.2329	437.03	0.075514	3.5665e-05	0.057655	supercritical
747.0	212.5	146.83	0.0068106	795.2	939.93	2.6079	0.97327	1.2341	437.58	0.07494	3.5715e-05	0.057738	supercritical
747.0	215.75	148.98	0.0067123	794.81	939.63	2.6045	0.97348	1.2352	438.14	0.074367	3.5766e-05	0.057822	supercritical
747.0	219.0	151.13	0.0066169	794.42	939.33	2.6013	0.97368	1.2364	438.7	0.073795	3.5817e-05	0.057906	supercritical
747.0	222.25	153.27	0.0065245	794.03	939.03	2.598	0.97389	1.2375	439.27	0.073223	3.5869e-05	0.057991	supercritical
747.0	225.5	155.41	0.0064347	793.64	938.74	2.5948	0.97409	1.2387	439.84	0.072652	3.5921e-05	0.058076	supercritical
747.0	228.75	157.54	0.0063475	793.25	938.45	2.5916	0.97429	1.2398	440.41	0.072082	3.5973e-05	0.058161	supercritical
747.0	232.0	159.67	0.0062628	792.86	938.16	2.5885	0.97449	1.241	440.99	0.071513	3.6026e-05	0.058247	supercritical
747.0	235.25	161.8	0.0061805	792.47	937.87	2.5854	0.97469	1.2421	441.58	0.070945	3.6079e-05	0.058334	supercritical
747.0	238.5	163.92	0.0061005	792.09	937.59	2.5823	0.97489	1.2432	442.16	0.070377	3.6133e-05	0.058421	supercritical
747.0	241.75	166.04	0.0060227	791.7	937.3	2.5793	0.97509	1.2443	442.76	0.069811	3.6187e-05	0.058509	supercritical
747.0	245.0	168.15	0.005947	791.32	937.02	2.5763	0.97529	1.2454	443.35	0.069245	3.6241e-05	0.058597	supercritical
747.0	248.25	170.26	0.0058733	790.94	936.74	2.5734	0.97549	1.2465	443.96	0.06868	3.6296e-05	0.058685	supercritical
747.0	251.5	172.37	0.0058016	790.55	936.46	2.5705	0.97569	1.2476	444.56	0.068117	3.6351e-05	0.058774	supercritical
747.0	254.75	174.47	0.0057318	790.17	936.19	2.5676	0.97588	1.2487	445.17	0.067554	3.6407e-05	0.058864	supercritical
747.0	258.0	176.56	0.0056637	789.79	935.92	2.5648	0.97608	1.2498	445.79	0.066992	3.6463e-05	0.058954	supercritical
747.0	261.25	178.65	0.0055974	789.41	935.65	2.562	0.97627	1.2509	446.41	0.066432	3.6519e-05	0.059045	supercritical
747.0	264.5	180.74	0.0055328	789.04	935.38	2.5592	0.97647	1.252	447.03	0.065872	3.6576e-05	0.059136	supercritical
747.0	267.75	182.82	0.0054697	788.66	935.11	2.5564	0.97666	1.253	447.66	0.065314	3.6633e-05	0.059228	supercritical
747.0	271.0	184.9	0.0054082	788.28	934.84	2.5537	0.97686	1.2541	448.29	0.064757	3.6691e-05	0.05932	supercritical
747.0	274.25	186.98	0.0053482	787.91	934.58	2.551	0.97705	1.2551	448.92	0.064201	3.6748e-05	0.059413	supercritical
747.0	277.5	189.05	0.0052897	787.53	934.32	2.5483	0.97724	1.2562	449.57	0.063646	3.6807e-05	0.059506	supercritical
747.0	280.75	191.11	0.0052326	787.16	934.06	2.5457	0.97743	1.2572	450.21	0.063093	3.6865e-05	0.0596	supercritical
747.0	284.0	193.17	0.0051768	786.79	933.81	2.5431	0.97762	1.2582	450.86	0.06254	3.6925e-05	0.059694	supercritical
747.0	287.25	195.23	0.0051223	786.41	933.55	2.5405	0.97781	1.2592	451.51	0.06199	3.6984e-05	0.059789	supercritical
747.0	290.5	197.28	0.005069	786.04	933.3	2.538	0.978	1.2603	452.17	0.06144	3.7044e-05	0.059884	supercritical
747.0	293.75	199.32	0.005017	785.67	933.05	2.5354	0.97819	1.2613	452.83	0.060892	3.7104e-05	0.05998	supercritical
747.0	297.0	201.36	0.0049661	785.3	932.8	2.5329	0.97837	1.2623	453.5	0.060345	3.7165e-05	0.060076	supercritical
747.0	300.25	203.4	0.0049164	784.94	932.55	2.5305	0.97856	1.2632	454.17	0.0598	3.7226e-05	0.060173	supercritical
747.0	303.5	205.43	0.0048678	784.57	932.31	2.528	0.97875	1.2642	454.84	0.059256	3.7287e-05	0.060271	supercritical
747.0	306.75	207.46	0.0048202	784.2	932.07	2.5256	0.97893	1.2652	455.52	0.058714	3.7349e-05	0.060369	supercritical
747.0	310.0	209.48	0.0047737	783.84	931.82	2.5232	0.97912	1.2662	456.2	0.058174	3.7411e-05	0.060467	supercritical
747.0	313.25	211.5	0.0047282	783.48	931.59	2.5208	0.9793	1.2671	456.89	0.057635	3.7474e-05	0.060566	supercritical
747.0	316.5	213.51	0.0046836	783.11	931.35	2.5184	0.97948	1.2681	457.58	0.057097	3.7537e-05	0.060665	supercritical
747.0	319.75	215.52	0.00464	782.75	931.12	2.5161	0.97966	1.269	458.27	0.056562	3.76e-05	0.060765	supercritical
747.0	323.0	217.52	0.0045973	782.39	930.88	2.5137	0.97985	1.27	458.97	0.056028	3.7664e-05	0.060865	supercritical
747.0	326.25	219.52	0.0045555	782.03	930.65	2.5114	0.98003	1.2709	459.68	0.055495	3.7728e-05	0.060966	supercritical
747.0	329.5	221.51	0.0045145	781.67	930.43	2.5092	0.98021	1.2718	460.38	0.054965	3.7792e-05	0.061068	supercritical
747.0	332.75	223.5	0.0044744	781.31	930.2	2.5069	0.98039	1.2728	461.09	0.054436	3.7857e-05	0.061169	supercritical
747.0	336.0	225.48	0.004435	780.96	929.97	2.5047	0.98057	1.2737	461.81	0.053909	3.7922e-05	0.061272	supercritical
747.0	339.25	227.45	0.0043965	780.6	929.75	2.5024	0.98074	1.2746	462.52	0.053384	3.7988e-05	0.061374	supercritical
747.0	342.5	229.43	0.0043587	780.25	929.53	2.5002	0.98092	1.2755	463.24	0.052861	3.8054e-05	0.061477	supercritical
747.0	345.75	231.39	0.0043217	779.89	929.31	2.4981	0.9811	1.2764	463.97	0.05234	3.812e-05	0.061581	supercritical
747.0	349.0	233.35	0.0042853	779.54	929.1	2.4959	0.98128	1.2773	464.7	0.05182	3.8187e-05	0.061685	supercritical
747.0	352.25	235.31	0.0042497	779.19	928.88	2.4938	0.98145	1.2781	465.43	0.051303	3.8254e-05	0.061789	supercritical
747.0	355.5	237.26	0.0042147	778.84	928.67	2.4916	0.98163	1.279	466.17	0.050787	3.8322e-05	0.061894	supercritical
747.0	358.75	239.21	0.0041805	778.49	928.46	2.4895	0.9818	1.2799	466.91	0.050274	3.8389e-05	0.062	supercritical
747.0	362.0	241.15	0.0041468	778.14	928.25	2.4874	0.98197	1.2807	467.65	0.049763	3.8457e-05	0.062105	supercritical
747.0	365.25	243.08	0.0041138	777.79	928.05	2.4854	0.98215	1.2816	468.4	0.049254	3.8526e-05	0.062212	supercritical
747.0	368.5	245.01	0.0040814	777.44	927.84	2.4833	0.98232	1.2824	469.15	0.048746	3.8595e-05	0.062318	supercritical
747.0	371.75	246.94	0.0040496	777.1	927.64	2.4813	0.98249	1.2833	469.9	0.048242	3.8664e-05	0.062425	supercritical
747.0	375.0	248.86	0.0040183	776.75	927.44	2.4793	0.98266	1.2841	470.66	0.047739	3.8734e-05	0.062533	supercritical
747.0	378.25	250.77	0.0039876	776.41	927.24	2.4772	0.98283	1.2849	471.42	0.047238	3.8804e-05	0.06264	supercritical
747.0	381.5	252.68	0.0039575	776.07	927.05	2.4753	0.983	1.2858	472.19	0.04674	3.8874e-05	0.062749	supercritical
747.0	384.75	254.59	0.0039279	775.73	926.85	2.4733	0.98317	1.2866	472.95	0.046243	3.8944e-05	0.062857	supercritical
747.0	388.0	256.49	0.0038988	775.38	926.66	2.4713	0.98334	1.2874	473.72	0.045749	3.9015e-05	0.062966	supercritical
747.0	391.25	258.38	0.0038703	775.04	926.47	2.4694	0.98351	1.2882	474.5	0.045258	3.9087e-05	0.063075	supercritical
747.0	394.5	260.27	0.0038422	774.71	926.28	2.4674	0.98368	1.289	475.27	0.044768	3.9158e-05	0.063185	supercritical
747.0	397.75	262.15	0.0038146	774.37	926.09	2.4655	0.98384	1.2898	476.05	0.044281	3.923e-05	0.063295	supercritical
747.0	401.0	264.03	0.0037875	774.03	925.91	2.4636	0.98401	1.2905	476.84	0.043796	3.9303e-05	0.063405	supercritical
747.0	404.25	265.9	0.0037608	773.7	925.73	2.4617	0.98418	1.2913	477.62	0.043314	3.9375e-05	0.063516	supercritical
747.0	407.5	267.77	0.0037346	773.36	925.55	2.4599	0.98434	1.2921	478.41	0.042834	3.9448e-05	0.063627	supercritical
747.0	410.75	269.63	0.0037088	773.03	925.37	2.458	0.98451	1.2928	479.21	0.042356	3.9522e-05	0.063738	supercritical
747.0	414.0	271.48	0.0036835	772.69	925.19	2.4562	0.98467	1.2936	480.0	0.041881	3.9595e-05	0.063849	supercritical
747.0	417.25	273.33	0.0036585	772.36	925.01	2.4543	0.98483	1.2943	480.8	0.041408	3.9669e-05	0.063961	supercritical
747.0	420.5	275.18	0.003634	772.03	924.84	2.4525	0.985	1.2951	481.6	0.040938	3.9744e-05	0.064073	supercritical
747.0	423.75	277.02	0.0036099	771.7	924.67	2.4507	0.98516	1.2958	482.41	0.04047	3.9818e-05	0.064186	supercritical
747.0	427.0	278.85	0.0035861	771.37	924.5	2.4489	0.98532	1.2965	483.21	0.040004	3.9893e-05	0.064299	supercritical
747.0	430.25	280.68	0.0035628	771.05	924.33	2.4471	0.98548	1.2973	484.02	0.039541	3.9969e-05	0.064412	supercritical
747.0	433.5	282.5	0.0035398	770.72	924.17	2.4454	0.98564	1.298	484.84	0.039081	4.0044e-05	0.064525	supercritical
747.0	436.75	284.32	0.0035171	770.39	924.0	2.4436	0.9858	1.2987	485.65	0.038623	4.012e-05	0.064639	supercritical
747.0	440.0	286.14	0.0034948	770.07	923.84	2.4419	0.98596	1.2994	486.47	0.038167	4.0196e-05	0.064752	supercritical
747.0	443.25	287.94	0.0034729	769.74	923.68	2.4401	0.98612	1.3001	487.29	0.037714	4.0273e-05	0.064866	supercritical
747.0	446.5	289.74	0.0034513	769.42	923.52	2.4384	0.98628	1.3008	488.11	0.037263	4.035e-05	0.064981	supercritical
747.0	449.75	291.54	0.0034301	769.1	923.37	2.4367	0.98644	1.3015	488.94	0.036815	4.0427e-05	0.065095	supercritical
747.0	453.0	293.33	0.0034091	768.78	923.21	2.435	0.98659	1.3022	489.76	0.03637	4.0504e-05	0.06521	supercritical
747.0	456.25	295.12	0.0033885	768.46	923.06	2.4333	0.98675	1.3029	490.59	0.035927	4.0582e-05	0.065325	supercritical
747.0	459.5	296.9	0.0033682	768.14	922.91	2.4317	0.98691	1.3035	491.43	0.035487	4.066e-05	0.06544	supercritical
747.0	462.75	298.67	0.0033481	767.82	922.76	2.43	0.98706	1.3042	492.26	0.035049	4.0738e-05	0.065556	supercritical
747.0	466.0	300.44	0.0033284	767.5	922.61	2.4284	0.98722	1.3048	493.1	0.034614	4.0817e-05	0.065671	supercritical
747.0	469.25	302.21	0.003309	767.19	922.46	2.4267	0.98737	1.3055	493.94	0.034181	4.0896e-05	0.065787	supercritical
747.0	472.5	303.96	0.0032899	766.87	922.32	2.4251	0.98752	1.3062	494.78	0.033751	4.0975e-05	0.065903	supercritical
747.0	475.75	305.72	0.003271	766.56	922.18	2.4235	0.98768	1.3068	495.63	0.033324	4.1055e-05	0.066019	supercritical
747.0	479.0	307.47	0.0032524	766.25	922.04	2.4219	0.98783	1.3074	496.47	0.032899	4.1135e-05	0.066136	supercritical
747.0	482.25	309.21	0.0032341	765.93	921.9	2.4203	0.98798	1.3081	497.32	0.032476	4.1215e-05	0.066252	supercritical
747.0	485.5	310.95	0.003216	765.62	921.76	2.4187	0.98814	1.3087	498.17	0.032057	4.1295e-05	0.066369	supercritical
747.0	488.75	312.68	0.0031982	765.31	921.63	2.4171	0.98829	1.3093	499.02	0.03164	4.1376e-05	0.066486	supercritical
747.0	492.0	314.4	0.0031806	765.0	921.49	2.4155	0.98844	1.3099	499.88	0.031225	4.1456e-05	0.066603	supercritical
747.0	495.25	316.12	0.0031633	764.7	921.36	2.414	0.98859	1.3106	500.73	0.030813	4.1538e-05	0.06672	supercritical
747.0	498.5	317.84	0.0031462	764.39	921.23	2.4124	0.98874	1.3112	501.59	0.030404	4.1619e-05	0.066837	supercritical
747.0	501.75	319.55	0.0031294	764.08	921.1	2.4109	0.98889	1.3118	502.45	0.029997	4.1701e-05	0.066954	supercritical
747.0	505.0	321.26	0.0031128	763.78	920.97	2.4094	0.98904	1.3124	503.31	0.029593	4.1783e-05	0.067072	supercritical
747.0	508.25	322.95	0.0030964	763.47	920.85	2.4078	0.98919	1.313	504.18	0.029191	4.1865e-05	0.067189	supercritical
747.0	511.5	324.65	0.0030802	763.17	920.72	2.4063	0.98934	1.3135	505.04	0.028792	4.1948e-05	0.067307	supercritical
747.0	514.75	326.34	0.0030643	762.87	920.6	2.4048	0.98948	1.3141	505.91	0.028395	4.203e-05	0.067425	supercritical
747.0	518.0	328.02	0.0030486	762.57	920.48	2.4033	0.98963	1.3147	506.78	0.028001	4.2113e-05	0.067543	supercritical
747.0	521.25	329.7	0.0030331	762.26	920.36	2.4019	0.98978	1.3153	507.65	0.02761	4.2197e-05	0.067661	supercritical
747.0	524.5	331.37	0.0030177	761.96	920.25	2.4004	0.98992	1.3158	508.52	0.027221	4.228e-05	0.067779	supercritical
747.0	527.75	333.04	0.0030026	761.67	920.13	2.3989	0.99007	1.3164	509.4	0.026835	4.2364e-05	0.067897	supercritical
747.0	531.0	334.7	0.0029877	761.37	920.02	2.3975	0.99022	1.317	510.27	0.026451	4.2448e-05	0.068015	supercritical
747.0	534.25	336.36	0.002973	761.07	919.9	2.396	0.99036	1.3175	511.15	0.02607	4.2532e-05	0.068134	supercritical
747.0	537.5	338.01	0.0029585	760.78	919.79	2.3946	0.99051	1.3181	512.03	0.025692	4.2617e-05	0.068252	supercritical
747.0	540.75	339.66	0.0029441	760.48	919.68	2.3932	0.99065	1.3186	512.91	0.025315	4.2701e-05	0.068371	supercritical
747.0	544.0	341.3	0.0029299	760.19	919.58	2.3917	0.99079	1.3192	513.79	0.024942	4.2786e-05	0.068489	supercritical
747.0	547.25	342.94	0.002916	759.89	919.47	2.3903	0.99094	1.3197	514.67	0.024571	4.2872e-05	0.068608	supercritical
747.0	550.5	344.57	0.0029022	759.6	919.36	2.3889	0.99108	1.3202	515.55	0.024202	4.2957e-05	0.068726	supercritical
747.0	553.75	346.2	0.0028885	759.31	919.26	2.3875	0.99122	1.3208	516.44	0.023836	4.3043e-05	0.068845	supercritical
747.0	557.0	347.82	0.0028751	759.02	919.16	2.3861	0.99137	1.3213	517.32	0.023473	4.3129e-05	0.068963	supercritical
747.0	560.25	349.43	0.0028618	758.73	919.06	2.3847	0.99151	1.3218	518.21	0.023111	4.3215e-05	0.069082	supercritical
747.0	563.5	351.05	0.0028486	758.44	918.96	2.3834	0.99165	1.3223	519.1	0.022753	4.3301e-05	0.069201	supercritical
747.0	566.75	352.65	0.0028357	758.15	918.86	2.382	0.99179	1.3228	519.99	0.022397	4.3388e-05	0.069319	supercritical
747.0	570.0	354.25	0.0028229	757.87	918.77	2.3806	0.99193	1.3234	520.88	0.022043	4.3475e-05	0.069438	supercritical
747.0	573.25	355.85	0.0028102	757.58	918.67	2.3793	0.99207	1.3239	521.77	0.021691	4.3562e-05	0.069557	supercritical
747.0	576.5	357.44	0.0027977	757.3	918.58	2.3779	0.99221	1.3244	522.67	0.021343	4.3649e-05	0.069676	supercritical
747.0	579.75	359.02	0.0027853	757.01	918.49	2.3766	0.99235	1.3249	523.56	0.020996	4.3736e-05	0.069794	supercritical
747.0	583.0	360.6	0.0027731	756.73	918.4	2.3753	0.99249	1.3253	524.46	0.020652	4.3824e-05	0.069913	supercritical
747.0	586.25	362.18	0.0027611	756.45	918.31	2.374	0.99263	1.3258	525.35	0.02031	4.3912e-05	0.070032	supercritical
747.0	589.5	363.75	0.0027491	756.16	918.23	2.3726	0.99276	1.3263	526.25	0.019971	4.4e-05	0.070151	supercritical
747.0	592.75	365.31	0.0027374	755.88	918.14	2.3713	0.9929	1.3268	527.15	0.019634	4.4088e-05	0.070269	supercritical
747.0	596.0	366.87	0.0027257	755.6	918.06	2.37	0.99304	1.3273	528.05	0.019299	4.4177e-05	0.070388	supercritical
747.0	599.25	368.43	0.0027142	755.32	917.97	2.3687	0.99318	1.3277	528.95	0.018967	4.4266e-05	0.070507	supercritical
747.0	602.5	369.98	0.0027028	755.05	917.89	2.3675	0.99331	1.3282	529.85	0.018637	4.4354e-05	0.070625	supercritical
747.0	605.75	371.53	0.0026916	754.77	917.81	2.3662	0.99345	1.3287	530.75	0.018309	4.4444e-05	0.070744	supercritical
747.0	609.0	373.07	0.0026805	754.49	917.74	2.3649	0.99359	1.3291	531.66	0.017984	4.4533e-05	0.070862	supercritical
747.0	612.25	374.6	0.0026695	754.22	917.66	2.3636	0.99372	1.3296	532.56	0.017661	4.4622e-05	0.070981	supercritical
747.0	615.5	376.13	0.0026586	753.94	917.58	2.3624	0.99386	1.3301	533.46	0.01734	4.4712e-05	0.071099	supercritical
747.0	618.75	377.66	0.0026479	753.67	917.51	2.3611	0.99399	1.3305	534.37	0.017021	4.4802e-05	0.071218	supercritical
747.0	622.0	379.18	0.0026373	753.4	917.44	2.3599	0.99413	1.331	535.27	0.016705	4.4892e-05	0.071336	supercritical
747.0	625.25	380.7	0.0026268	753.13	917.36	2.3586	0.99426	1.3314	536.18	0.016391	4.4982e-05	0.071454	supercritical
747.0	628.5	382.21	0.0026164	752.85	917.29	2.3574	0.9944	1.3318	537.09	0.016079	4.5073e-05	0.071573	supercritical
747.0	631.75	383.71	0.0026061	752.58	917.22	2.3562	0.99453	1.3323	538.0	0.015769	4.5163e-05	0.071691	supercritical
747.0	635.0	385.22	0.0025959	752.31	917.16	2.3549	0.99466	1.3327	538.9	0.015462	4.5254e-05	0.071809	supercritical
747.0	638.25	386.71	0.0025859	752.05	917.09	2.3537	0.9948	1.3331	539.81	0.015157	4.5345e-05	0.071927	supercritical
747.0	641.5	388.21	0.002576	751.78	917.03	2.3525	0.99493	1.3336	540.72	0.014853	4.5436e-05	0.072045	supercritical
747.0	644.75	389.69	0.0025661	751.51	916.96	2.3513	0.99506	1.334	541.63	0.014552	4.5528e-05	0.072163	supercritical
747.0	648.0	391.18	0.0025564	751.24	916.9	2.3501	0.99519	1.3344	542.54	0.014253	4.5619e-05	0.07228	supercritical
747.0	651.25	392.65	0.0025468	750.98	916.84	2.3489	0.99532	1.3348	543.45	0.013956	4.5711e-05	0.072398	supercritical
747.0	654.5	394.13	0.0025373	750.72	916.78	2.3477	0.99545	1.3353	544.37	0.013662	4.5803e-05	0.072516	supercritical
747.0	657.75	395.6	0.0025278	750.45	916.72	2.3466	0.99559	1.3357	545.28	0.013369	4.5895e-05	0.072633	supercritical
747.0	661.0	397.06	0.0025185	750.19	916.66	2.3454	0.99572	1.3361	546.19	0.013078	4.5987e-05	0.072751	supercritical
747.0	664.25	398.52	0.0025093	749.93	916.61	2.3442	0.99585	1.3365	547.1	0.01279	4.6079e-05	0.072868	supercritical
747.0	667.5	399.97	0.0025002	749.67	916.55	2.3431	0.99598	1.3369	548.02	0.012503	4.6172e-05	0.072985	supercritical
747.0	670.75	401.42	0.0024911	749.41	916.5	2.3419	0.99611	1.3373	548.93	0.012219	4.6264e-05	0.073102	supercritical
747.0	674.0	402.87	0.0024822	749.15	916.44	2.3407	0.99624	1.3377	549.84	0.011936	4.6357e-05	0.07322	supercritical
747.0	677.25	404.31	0.0024733	748.89	916.39	2.3396	0.99637	1.3381	550.76	0.011656	4.645e-05	0.073336	supercritical
747.0	680.5	405.75	0.0024646	748.63	916.34	2.3385	0.99649	1.3385	551.67	0.011377	4.6543e-05	0.073453	supercritical
747.0	683.75	407.18	0.0024559	748.37	916.29	2.3373	0.99662	1.3388	552.59	0.0111	4.6636e-05	0.07357	supercritical
747.0	687.0	408.61	0.0024473	748.12	916.25	2.3362	0.99675	1.3392	553.5	0.010826	4.673e-05	0.073687	supercritical
747.0	690.25	410.03	0.0024388	747.86	916.2	2.3351	0.99688	1.3396	554.42	0.010553	4.6823e-05	0.073803	supercritical
747.0	693.5	411.45	0.0024304	747.6	916.16	2.3339	0.99701	1.34	555.33	0.010282	4.6917e-05	0.07392	supercritical
747.0	696.75	412.86	0.0024221	747.35	916.11	2.3328	0.99713	1.3404	556.25	0.010013	4.7011e-05	0.074036	supercritical
747.0	700.0	414.27	0.0024139	747.1	916.07	2.3317	0.99726	1.3407	557.17	0.0097459	4.7105e-05	0.074152	supercritical
747.0	703.25	415.68	0.0024057	746.84	916.03	2.3306	0.99739	1.3411	558.08	0.0094806	4.7199e-05	0.074268	supercritical
747.0	706.5	417.08	0.0023976	746.59	915.99	2.3295	0.99751	1.3415	559.0	0.0092172	4.7294e-05	0.074384	supercritical
747.0	709.75	418.48	0.0023896	746.34	915.95	2.3284	0.99764	1.3418	559.92	0.0089556	4.7388e-05	0.0745	supercritical
747.0	713.0	419.87	0.0023817	746.09	915.91	2.3273	0.99777	1.3422	560.83	0.0086958	4.7483e-05	0.074615	supercritical
747.0	716.25	421.26	0.0023739	745.84	915.87	2.3262	0.99789	1.3426	561.75	0.0084378	4.7577e-05	0.074731	supercritical
747.0	719.5	422.64	0.0023661	745.59	915.83	2.3252	0.99802	1.3429	562.67	0.0081816	4.7672e-05	0.074846	supercritical
747.0	722.75	424.02	0.0023584	745.35	915.8	2.3241	0.99814	1.3433	563.58	0.0079272	4.7767e-05	0.074961	supercritical
747.0	726.0	425.39	0.0023508	745.1	915.76	2.323	0.99827	1.3436	564.5	0.0076745	4.7862e-05	0.075077	supercritical
747.0	729.25	426.76	0.0023432	744.85	915.73	2.322	0.99839	1.344	565.42	0.0074235	4.7957e-05	0.075192	supercritical
747.0	732.5	428.13	0.0023357	744.61	915.7	2.3209	0.99852	1.3443	566.34	0.0071743	4.8053e-05	0.075306	supercritical
747.0	735.75	429.49	0.0023283	744.36	915.67	2.3198	0.99864	1.3447	567.25	0.0069268	4.8148e-05	0.075421	supercritical
747.0	739.0	430.85	0.002321	744.12	915.64	2.3188	0.99877	1.345	568.17	0.0066809	4.8244e-05	0.075536	supercritical
747.0	742.25	432.2	0.0023137	743.87	915.61	2.3177	0.99889	1.3453	569.09	0.0064368	4.834e-05	0.07565	supercritical
747.0	745.5	433.55	0.0023065	743.63	915.58	2.3167	0.99901	1.3457	570.01	0.0061943	4.8436e-05	0.075764	supercritical
747.0	748.75	434.9	0.0022994	743.39	915.56	2.3157	0.99914	1.346	570.93	0.0059535	4.8531e-05	0.075878	supercritical
747.0	752.0	436.24	0.0022923	743.15	915.53	2.3146	0.99926	1.3463	571.84	0.0057143	4.8628e-05	0.075992	supercritical
747.0	755.25	437.58	0.0022853	742.91	915.51	2.3136	0.99938	1.3467	572.76	0.0054767	4.8724e-05	0.076106	supercritical
747.0	758.5	438.91	0.0022784	742.67	915.48	2.3126	0.99951	1.347	573.68	0.0052407	4.882e-05	0.07622	supercritical
747.0	761.75	440.24	0.0022715	742.43	915.46	2.3116	0.99963	1.3473	574.6	0.0050063	4.8917e-05	0.076333	supercritical
747.0	765.0	441.56	0.0022647	742.19	915.44	2.3105	0.99975	1.3476	575.51	0.0047735	4.9013e-05	0.076447	supercritical
747.0	768.25	442.88	0.0022579	741.95	915.42	2.3095	0.99987	1.348	576.43	0.0045422	4.911e-05	0.07656	supercritical
747.0	771.5	444.2	0.0022512	741.72	915.4	2.3085	0.99999	1.3483	577.35	0.0043125	4.9207e-05	0.076673	supercritical
747.0	774.75	445.51	0.0022446	741.48	915.38	2.3075	1.0001	1.3486	578.27	0.0040843	4.9304e-05	0.076786	supercritical
747.0	778.0	446.82	0.002238	741.24	915.36	2.3065	1.0002	1.3489	579.18	0.0038577	4.9401e-05	0.076899	supercritical
747.0	781.25	448.13	0.0022315	741.01	915.35	2.3055	1.0004	1.3492	580.1	0.0036325	4.9498e-05	0.077011	supercritical
747.0	784.5	449.43	0.0022251	740.78	915.33	2.3045	1.0005	1.3495	581.02	0.0034089	4.9595e-05	0.077124	supercritical
747.0	787.75	450.72	0.0022187	740.54	915.32	2.3036	1.0006	1.3498	581.94	0.0031867	4.9692e-05	0.077236	supercritical
747.0	791.0	452.02	0.0022123	740.31	915.3	2.3026	1.0007	1.3501	582.85	0.002966	4.979e-05	0.077348	supercritical
747.0	794.25	453.31	0.002206	740.08	915.29	2.3016	1.0008	1.3504	583.77	0.0027468	4.9887e-05	0.07746	supercritical
747.0	797.5	454.59	0.0021998	739.85	915.28	2.3006	1.001	1.3507	584.69	0.002529	4.9985e-05	0.077572	supercritical
747.0	800.75	455.87	0.0021936	739.62	915.27	2.2997	1.0011	1.351	585.6	0.0023126	5.0083e-05	0.077684	supercritical
747.0	804.0	457.15	0.0021875	739.39	915.26	2.2987	1.0012	1.3513	586.52	0.0020977	5.018e-05	0.077795	supercritical
747.0	807.25	458.42	0.0021814	739.16	915.25	2.2977	1.0013	1.3516	587.44	0.0018841	5.0278e-05	0.077906	supercritical
747.0	810.5	459.69	0.0021754	738.93	915.24	2.2968	1.0014	1.3519	588.35	0.001672	5.0376e-05	0.078018	supercritical
747.0	813.75	460.96	0.0021694	738.7	915.24	2.2958	1.0016	1.3522	589.27	0.0014612	5.0474e-05	0.078128	supercritical
747.0	817.0	462.22	0.0021635	738.47	915.23	2.2949	1.0017	1.3524	590.18	0.0012518	5.0573e-05	0.078239	supercritical
747.0	820.25	463.48	0.0021576	738.25	915.22	2.2939	1.0018	1.3527	591.1	0.0010437	5.0671e-05	0.07835	supercritical
747.0	823.5	464.73	0.0021518	738.02	915.22	2.293	1.0019	1.353	592.01	0.00083699	5.0769e-05	0.07846	supercritical
747.0	826.75	465.98	0.002146	737.8	915.22	2.292	1.002	1.3533	592.93	0.00063161	5.0868e-05	0.078571	supercritical
747.0	830.0	467.23	0.0021403	737.57	915.21	2.2911	1.0021	1.3536	593.84	0.00042754	5.0966e-05	0.078681	supercritical
747.0	833.25	468.47	0.0021346	737.35	915.21	2.2902	1.0023	1.3538	594.76	0.00022478	5.1065e-05	0.078791	supercritical
747.0	836.5	469.71	0.002129	737.12	915.21	2.2892	1.0024	1.3541	595.67	2.332e-05	5.1164e-05	0.078901	supercritical
747.0	839.75	470.94	0.0021234	736.9	915.21	2.2883	1.0025	1.3544	596.59	-0.00017686	5.1262e-05	0.07901	supercritical
747.0	843.0	472.18	0.0021179	736.68	915.21	2.2874	1.0026	1.3546	597.5	-0.00037576	5.1361e-05	0.07912	supercritical
747.0	846.25	473.4	0.0021124	736.46	915.22	2.2865	1.0027	1.3549	598.41	-0.00057341	5.146e-05	0.079229	supercritical
747.0	849.5	474.63	0.0021069	736.24	915.22	2.2856	1.0028	1.3552	599.33	-0.0007698	5.1559e-05	0.079338	supercritical
747.0	852.75	475.85	0.0021015	736.02	915.22	2.2846	1.003	1.3554	600.24	-0.00096495	5.1658e-05	0.079447	supercritical
747.0	856.0	477.07	0.0020961	735.8	915.23	2.2837	1.0031	1.3557	601.15	-0.0011589	5.1758e-05	0.079556	supercritical
747.0	859.25	478.28	0.0020908	735.58	915.23	2.2828	1.0032	1.3559	602.07	-0.0013516	5.1857e-05	0.079665	supercritical
747.0	862.5	479.49	0.0020855	735.36	915.24	2.2819	1.0033	1.3562	602.98	-0.0015431	5.1956e-05	0.079773	supercritical
747.0	865.75	480.7	0.0020803	735.14	915.25	2.281	1.0034	1.3565	603.89	-0.0017334	5.2056e-05	0.079881	supercritical
747.0	869.0	481.9	0.0020751	734.93	915.25	2.2801	1.0035	1.3567	604.8	-0.0019225	5.2155e-05	0.079989	supercritical
747.0	872.25	483.1	0.00207	734.71	915.26	2.2793	1.0037	1.357	605.71	-0.0021104	5.2255e-05	0.080097	supercritical
747.0	875.5	484.3	0.0020649	734.5	915.27	2.2784	1.0038	1.3572	606.62	-0.0022972	5.2355e-05	0.080205	supercritical
747.0	878.75	485.49	0.0020598	734.28	915.28	2.2775	1.0039	1.3574	607.53	-0.0024828	5.2454e-05	0.080313	supercritical
747.0	882.0	486.68	0.0020548	734.07	915.3	2.2766	1.004	1.3577	608.45	-0.0026673	5.2554e-05	0.08042	supercritical
747.0	885.25	487.86	0.0020498	733.85	915.31	2.2757	1.0041	1.3579	609.36	-0.0028506	5.2654e-05	0.080527	supercritical
747.0	888.5	489.04	0.0020448	733.64	915.32	2.2749	1.0042	1.3582	610.26	-0.0030328	5.2754e-05	0.080635	supercritical
747.0	891.75	490.22	0.0020399	733.43	915.33	2.274	1.0043	1.3584	611.17	-0.0032139	5.2854e-05	0.080741	supercritical
747.0	895.0	491.4	0.002035	733.22	915.35	2.2731	1.0045	1.3586	612.08	-0.0033938	5.2954e-05	0.080848	supercritical
747.0	898.25	492.57	0.0020302	733.0	915.36	2.2723	1.0046	1.3589	612.99	-0.0035727	5.3054e-05	0.080955	supercritical
747.0	901.5	493.74	0.0020254	732.79	915.38	2.2714	1.0047	1.3591	613.9	-0.0037505	5.3154e-05	0.081061	supercritical
747.0	904.75	494.9	0.0020206	732.58	915.4	2.2705	1.0048	1.3593	614.81	-0.0039272	5.3254e-05	0.081167	supercritical
747.0	908.0	496.06	0.0020159	732.37	915.42	2.2697	1.0049	1.3596	615.72	-0.0041028	5.3355e-05	0.081273	supercritical
747.0	911.25	497.22	0.0020112	732.17	915.43	2.2688	1.005	1.3598	616.62	-0.0042774	5.3455e-05	0.081379	supercritical
747.0	914.5	498.38	0.0020065	731.96	915.45	2.268	1.0051	1.36	617.53	-0.0044509	5.3556e-05	0.081485	supercritical
747.0	917.75	499.53	0.0020019	731.75	915.47	2.2671	1.0053	1.3602	618.44	-0.0046233	5.3656e-05	0.081591	supercritical
747.0	921.0	500.68	0.0019973	731.54	915.49	2.2663	1.0054	1.3605	619.34	-0.0047948	5.3757e-05	0.081696	supercritical
747.0	924.25	501.82	0.0019927	731.34	915.52	2.2655	1.0055	1.3607	620.25	-0.0049651	5.3857e-05	0.081801	supercritical
747.0	927.5	502.96	0.0019882	731.13	915.54	2.2646	1.0056	1.3609	621.15	-0.0051345	5.3958e-05	0.081906	supercritical
747.0	930.75	504.1	0.0019837	730.93	915.56	2.2638	1.0057	1.3611	622.06	-0.0053029	5.4058e-05	0.082011	supercritical
747.0	934.0	505.24	0.0019793	730.72	915.58	2.263	1.0058	1.3613	622.96	-0.0054702	5.4159e-05	0.082116	supercritical
747.0	937.25	506.37	0.0019748	730.52	915.61	2.2621	1.0059	1.3615	623.86	-0.0056366	5.426e-05	0.08222	supercritical
747.0	940.5	507.5	0.0019705	730.31	915.63	2.2613	1.006	1.3618	624.77	-0.005802	5.4361e-05	0.082325	supercritical
747.0	943.75	508.62	0.0019661	730.11	915.66	2.2605	1.0062	1.362	625.67	-0.0059664	5.4462e-05	0.082429	supercritical
747.0	947.0	509.74	0.0019618	729.91	915.69	2.2597	1.0063	1.3622	626.57	-0.0061298	5.4563e-05	0.082533	supercritical
747.0	950.25	510.86	0.0019575	729.71	915.71	2.2589	1.0064	1.3624	627.48	-0.0062922	5.4664e-05	0.082637	supercritical
747.0	953.5	511.98	0.0019532	729.51	915.74	2.258	1.0065	1.3626	628.38	-0.0064537	5.4765e-05	0.08274	supercritical
747.0	956.75	513.09	0.001949	729.3	915.77	2.2572	1.0066	1.3628	629.28	-0.0066143	5.4866e-05	0.082844	supercritical
747.0	960.0	514.2	0.0019448	729.1	915.8	2.2564	1.0067	1.363	630.18	-0.0067739	5.4967e-05	0.082947	supercritical
747.0	963.25	515.31	0.0019406	728.91	915.83	2.2556	1.0068	1.3632	631.08	-0.0069325	5.5068e-05	0.08305	supercritical
747.0	966.5	516.41	0.0019364	728.71	915.86	2.2548	1.0069	1.3634	631.98	-0.0070903	5.517e-05	0.083153	supercritical
747.0	969.75	517.51	0.0019323	728.51	915.89	2.254	1.007	1.3636	632.88	-0.0072471	5.5271e-05	0.083256	supercritical
747.0	973.0	518.61	0.0019282	728.31	915.93	2.2532	1.0072	1.3638	633.78	-0.007403	5.5372e-05	0.083359	supercritical
747.0	976.25	519.7	0.0019242	728.11	915.96	2.2524	1.0073	1.364	634.68	-0.007558	5.5474e-05	0.083461	supercritical
747.0	979.5	520.79	0.0019201	727.92	915.99	2.2516	1.0074	1.3642	635.57	-0.0077121	5.5575e-05	0.083564	supercritical
747.0	982.75	521.88	0.0019161	727.72	916.03	2.2508	1.0075	1.3643	636.47	-0.0078653	5.5676e-05	0.083666	supercritical
747.0	986.0	522.97	0.0019122	727.52	916.06	2.2501	1.0076	1.3645	637.37	-0.0080176	5.5778e-05	0.083768	supercritical
747.0	989.25	524.05	0.0019082	727.33	916.1	2.2493	1.0077	1.3647	638.27	-0.0081691	5.5879e-05	0.08387	supercritical
747.0	992.5	525.13	0.0019043	727.13	916.14	2.2485	1.0078	1.3649	639.16	-0.0083196	5.5981e-05	0.083972	supercritical
747.0	995.75	526.2	0.0019004	726.94	916.17	2.2477	1.0079	1.3651	640.06	-0.0084693	5.6083e-05	0.084073	supercritical
747.0	999.0	527.28	0.0018965	726.75	916.21	2.2469	1.008	1.3653	640.95	-0.0086182	5.6184e-05	0.084174	supercritical
747.0	1002.2	528.35	0.0018927	726.55	916.25	2.2462	1.0081	1.3655	641.85	-0.0087662	5.6286e-05	0.084276	supercritical
747.0	1005.5	529.41	0.0018889	726.36	916.29	2.2454	1.0083	1.3656	642.74	-0.0089133	5.6388e-05	0.084377	supercritical
747.0	1008.8	530.48	0.0018851	726.17	916.33	2.2446	1.0084	1.3658	643.63	-0.0090596	5.6489e-05	0.084478	supercritical
747.0	1012.0	531.54	0.0018813	725.98	916.37	2.2439	1.0085	1.366	644.53	-0.009205	5.6591e-05	0.084578	supercritical
747.0	1015.2	532.6	0.0018776	725.79	916.41	2.2431	1.0086	1.3662	645.42	-0.0093497	5.6693e-05	0.084679	supercritical
747.0	1018.5	533.65	0.0018739	725.6	916.45	2.2423	1.0087	1.3663	646.31	-0.0094935	5.6795e-05	0.084779	supercritical
747.0	1021.8	534.7	0.0018702	725.41	916.5	2.2416	1.0088	1.3665	647.2	-0.0096365	5.6897e-05	0.08488	supercritical
747.0	1025.0	535.75	0.0018665	725.22	916.54	2.2408	1.0089	1.3667	648.09	-0.0097787	5.6999e-05	0.08498	supercritical
747.0	1028.2	536.8	0.0018629	725.03	916.58	2.2401	1.009	1.3669	648.98	-0.00992	5.7101e-05	0.08508	supercritical
747.0	1031.5	537.84	0.0018593	724.84	916.63	2.2393	1.0091	1.367	649.87	-0.010061	5.7203e-05	0.085179	supercritical
747.0	1034.8	538.89	0.0018557	724.66	916.67	2.2386	1.0092	1.3672	650.76	-0.0102	5.7305e-05	0.085279	supercritical
747.0	1038.0	539.92	0.0018521	724.47	916.72	2.2378	1.0093	1.3674	651.65	-0.010339	5.7407e-05	0.085378	supercritical
747.0	1041.2	540.96	0.0018486	724.28	916.76	2.2371	1.0095	1.3675	652.54	-0.010478	5.7509e-05	0.085478	supercritical
747.0	1044.5	541.99	0.001845	724.1	916.81	2.2364	1.0096	1.3677	653.43	-0.010615	5.7611e-05	0.085577	supercritical
747.0	1047.8	543.02	0.0018415	723.91	916.86	2.2356	1.0097	1.3678	654.32	-0.010752	5.7713e-05	0.085676	supercritical
747.0	1051.0	544.05	0.0018381	723.72	916.91	2.2349	1.0098	1.368	655.2	-0.010888	5.7815e-05	0.085775	supercritical
747.0	1054.2	545.07	0.0018346	723.54	916.95	2.2341	1.0099	1.3682	656.09	-0.011023	5.7917e-05	0.085873	supercritical
747.0	1057.5	546.09	0.0018312	723.36	917.0	2.2334	1.01	1.3683	656.97	-0.011157	5.8019e-05	0.085972	supercritical
747.0	1060.8	547.11	0.0018278	723.17	917.05	2.2327	1.0101	1.3685	657.86	-0.011291	5.8122e-05	0.08607	supercritical
747.0	1064.0	548.13	0.0018244	722.99	917.1	2.232	1.0102	1.3686	658.74	-0.011424	5.8224e-05	0.086168	supercritical
747.0	1067.2	549.14	0.001821	722.81	917.16	2.2312	1.0103	1.3688	659.63	-0.011556	5.8326e-05	0.086267	supercritical
747.0	1070.5	550.15	0.0018177	722.63	917.21	2.2305	1.0104	1.3689	660.51	-0.011687	5.8428e-05	0.086364	supercritical
747.0	1073.8	551.16	0.0018144	722.44	917.26	2.2298	1.0105	1.3691	661.39	-0.011818	5.8531e-05	0.086462	supercritical
747.0	1077.0	552.17	0.001811	722.26	917.31	2.2291	1.0106	1.3692	662.28	-0.011948	5.8633e-05	0.08656	supercritical
747.0	1080.2	553.17	0.0018078	722.08	917.37	2.2284	1.0107	1.3694	663.16	-0.012077	5.8735e-05	0.086657	supercritical
747.0	1083.5	554.17	0.0018045	721.9	917.42	2.2276	1.0108	1.3695	664.04	-0.012206	5.8838e-05	0.086755	supercritical
747.0	1086.8	555.17	0.0018013	721.72	917.47	2.2269	1.011	1.3697	664.92	-0.012333	5.894e-05	0.086852	supercritical
747.0	1090.0	556.16	0.001798	721.54	917.53	2.2262	1.0111	1.3698	665.8	-0.012461	5.9043e-05	0.086949	supercritical
747.0	1093.2	557.15	0.0017948	721.36	917.59	2.2255	1.0112	1.37	666.68	-0.012587	5.9145e-05	0.087046	supercritical
747.0	1096.5	558.14	0.0017917	721.19	917.64	2.2248	1.0113	1.3701	667.56	-0.012713	5.9247e-05	0.087143	supercritical
747.0	1099.8	559.13	0.0017885	721.01	917.7	2.2241	1.0114	1.3703	668.43	-0.012838	5.935e-05	0.087239	supercritical
747.0	1103.0	560.11	0.0017854	720.83	917.76	2.2234	1.0115	1.3704	669.31	-0.012962	5.9452e-05	0.087336	supercritical
747.0	1106.2	561.1	0.0017822	720.66	917.81	2.2227	1.0116	1.3706	670.19	-0.013086	5.9555e-05	0.087432	supercritical
747.0	1109.5	562.07	0.0017791	720.48	917.87	2.222	1.0117	1.3707	671.06	-0.013209	5.9657e-05	0.087528	supercritical
747.0	1112.8	563.05	0.001776	720.3	917.93	2.2213	1.0118	1.3708	671.94	-0.013331	5.976e-05	0.087624	supercritical
747.0	1116.0	564.02	0.001773	720.13	917.99	2.2206	1.0119	1.371	672.81	-0.013453	5.9862e-05	0.08772	supercritical
747.0	1119.2	565.0	0.0017699	719.95	918.05	2.2199	1.012	1.3711	673.69	-0.013574	5.9965e-05	0.087816	supercritical
747.0	1122.5	565.96	0.0017669	719.78	918.11	2.2193	1.0121	1.3712	674.56	-0.013694	6.0068e-05	0.087911	supercritical
747.0	1125.8	566.93	0.0017639	719.6	918.17	2.2186	1.0122	1.3714	675.44	-0.013814	6.017e-05	0.088007	supercritical
747.0	1129.0	567.9	0.0017609	719.43	918.24	2.2179	1.0123	1.3715	676.31	-0.013933	6.0273e-05	0.088102	supercritical
747.0	1132.2	568.86	0.0017579	719.26	918.3	2.2172	1.0124	1.3716	677.18	-0.014051	6.0375e-05	0.088197	supercritical
747.0	1135.5	569.82	0.001755	719.09	918.36	2.2165	1.0125	1.3718	678.05	-0.014169	6.0478e-05	0.088292	supercritical
747.0	1138.8	570.77	0.001752	718.91	918.42	2.2158	1.0126	1.3719	678.92	-0.014286	6.058e-05	0.088387	supercritical
747.0	1142.0	571.73	0.0017491	718.74	918.49	2.2152	1.0127	1.372	679.79	-0.014402	6.0683e-05	0.088482	supercritical
747.0	1145.2	572.68	0.0017462	718.57	918.55	2.2145	1.0129	1.3722	680.66	-0.014518	6.0786e-05	0.088577	supercritical
747.0	1148.5	573.63	0.0017433	718.4	918.62	2.2138	1.013	1.3723	681.53	-0.014634	6.0888e-05	0.088671	supercritical
747.0	1151.8	574.57	0.0017404	718.23	918.68	2.2131	1.0131	1.3724	682.4	-0.014748	6.0991e-05	0.088766	supercritical
747.0	1155.0	575.52	0.0017376	718.06	918.75	2.2125	1.0132	1.3725	683.27	-0.014862	6.1094e-05	0.08886	supercritical
747.0	1158.2	576.46	0.0017347	717.89	918.82	2.2118	1.0133	1.3727	684.13	-0.014976	6.1196e-05	0.088954	supercritical
747.0	1161.5	577.4	0.0017319	717.72	918.88	2.2111	1.0134	1.3728	685.0	-0.015088	6.1299e-05	0.089048	supercritical
747.0	1164.8	578.34	0.0017291	717.55	918.95	2.2105	1.0135	1.3729	685.87	-0.0152	6.1402e-05	0.089142	supercritical
747.0	1168.0	579.27	0.0017263	717.39	919.02	2.2098	1.0136	1.373	686.73	-0.015312	6.1504e-05	0.089236	supercritical
747.0	1171.2	580.2	0.0017235	717.22	919.09	2.2092	1.0137	1.3731	687.6	-0.015423	6.1607e-05	0.089329	supercritical
747.0	1174.5	581.13	0.0017208	717.05	919.16	2.2085	1.0138	1.3733	688.46	-0.015533	6.171e-05	0.089423	supercritical
747.0	1177.8	582.06	0.001718	716.88	919.23	2.2079	1.0139	1.3734	689.32	-0.015643	6.1813e-05	0.089516	supercritical
747.0	1181.0	582.99	0.0017153	716.72	919.3	2.2072	1.014	1.3735	690.19	-0.015752	6.1915e-05	0.089609	supercritical
747.0	1184.2	583.91	0.0017126	716.55	919.37	2.2066	1.0141	1.3736	691.05	-0.015861	6.2018e-05	0.089702	supercritical
747.0	1187.5	584.83	0.0017099	716.39	919.44	2.2059	1.0142	1.3737	691.91	-0.015969	6.2121e-05	0.089795	supercritical
747.0	1190.8	585.75	0.0017072	716.22	919.51	2.2053	1.0143	1.3739	692.77	-0.016077	6.2223e-05	0.089888	supercritical
747.0	1194.0	586.66	0.0017046	716.06	919.58	2.2046	1.0144	1.374	693.63	-0.016184	6.2326e-05	0.089981	supercritical
747.0	1197.2	587.58	0.0017019	715.89	919.65	2.204	1.0145	1.3741	694.49	-0.01629	6.2429e-05	0.090074	supercritical
747.0	1200.5	588.49	0.0016993	715.73	919.73	2.2033	1.0146	1.3742	695.35	-0.016396	6.2532e-05	0.090166	supercritical
747.0	1203.8	589.4	0.0016966	715.57	919.8	2.2027	1.0147	1.3743	696.21	-0.016501	6.2634e-05	0.090258	supercritical
747.0	1207.0	590.31	0.001694	715.4	919.87	2.202	1.0148	1.3744	697.06	-0.016606	6.2737e-05	0.090351	supercritical
747.0	1210.2	591.21	0.0016914	715.24	919.95	2.2014	1.0149	1.3745	697.92	-0.01671	6.284e-05	0.090443	supercritical
747.0	1213.5	592.11	0.0016889	715.08	920.02	2.2008	1.015	1.3746	698.78	-0.016813	6.2943e-05	0.090535	supercritical
747.0	1216.8	593.01	0.0016863	714.92	920.1	2.2001	1.0151	1.3747	699.63	-0.016917	6.3045e-05	0.090627	supercritical
747.0	1220.0	593.91	0.0016838	714.76	920.17	2.1995	1.0152	1.3748	700.49	-0.017019	6.3148e-05	0.090718	supercritical
747.0	1223.2	594.81	0.0016812	714.6	920.25	2.1989	1.0153	1.375	701.34	-0.017121	6.3251e-05	0.09081	supercritical
747.0	1226.5	595.7	0.0016787	714.44	920.33	2.1982	1.0154	1.3751	702.19	-0.017222	6.3354e-05	0.090902	supercritical
747.0	1229.8	596.59	0.0016762	714.28	920.4	2.1976	1.0155	1.3752	703.05	-0.017323	6.3456e-05	0.090993	supercritical
747.0	1233.0	597.48	0.0016737	714.12	920.48	2.197	1.0156	1.3753	703.9	-0.017424	6.3559e-05	0.091084	supercritical
747.0	1236.2	598.37	0.0016712	713.96	920.56	2.1964	1.0157	1.3754	704.75	-0.017524	6.3662e-05	0.091176	supercritical
747.0	1239.5	599.25	0.0016687	713.8	920.64	2.1958	1.0159	1.3755	705.6	-0.017623	6.3765e-05	0.091267	supercritical
747.0	1242.8	600.14	0.0016663	713.64	920.72	2.1951	1.016	1.3756	706.45	-0.017722	6.3867e-05	0.091358	supercritical
747.0	1246.0	601.02	0.0016638	713.48	920.8	2.1945	1.0161	1.3757	707.3	-0.01782	6.397e-05	0.091448	supercritical
747.0	1249.2	601.9	0.0016614	713.32	920.88	2.1939	1.0162	1.3758	708.15	-0.017918	6.4073e-05	0.091539	supercritical
747.0	1252.5	602.77	0.001659	713.17	920.96	2.1933	1.0163	1.3759	709.0	-0.018015	6.4175e-05	0.09163	supercritical
747.0	1255.8	603.65	0.0016566	713.01	921.04	2.1927	1.0164	1.376	709.85	-0.018112	6.4278e-05	0.09172	supercritical
747.0	1259.0	604.52	0.0016542	712.85	921.12	2.1921	1.0165	1.3761	710.69	-0.018209	6.4381e-05	0.091811	supercritical
747.0	1262.2	605.39	0.0016518	712.7	921.2	2.1915	1.0166	1.3762	711.54	-0.018304	6.4484e-05	0.091901	supercritical
747.0	1265.5	606.26	0.0016495	712.54	921.28	2.1908	1.0167	1.3763	712.39	-0.0184	6.4586e-05	0.091991	supercritical
747.0	1268.8	607.12	0.0016471	712.39	921.37	2.1902	1.0168	1.3764	713.23	-0.018495	6.4689e-05	0.092081	supercritical
747.0	1272.0	607.99	0.0016448	712.23	921.45	2.1896	1.0169	1.3765	714.08	-0.018589	6.4792e-05	0.092171	supercritical
747.0	1275.2	608.85	0.0016424	712.08	921.53	2.189	1.017	1.3766	714.92	-0.018683	6.4894e-05	0.092261	supercritical
747.0	1278.5	609.71	0.0016401	711.93	921.62	2.1884	1.0171	1.3766	715.76	-0.018776	6.4997e-05	0.092351	supercritical
747.0	1281.8	610.57	0.0016378	711.77	921.7	2.1878	1.0172	1.3767	716.61	-0.018869	6.51e-05	0.09244	supercritical
747.0	1285.0	611.42	0.0016355	711.62	921.79	2.1872	1.0173	1.3768	717.45	-0.018962	6.5202e-05	0.09253	supercritical
747.0	1288.2	612.27	0.0016333	711.47	921.87	2.1866	1.0174	1.3769	718.29	-0.019054	6.5305e-05	0.092619	supercritical
747.0	1291.5	613.13	0.001631	711.31	921.96	2.186	1.0175	1.377	719.13	-0.019145	6.5408e-05	0.092709	supercritical
747.0	1294.8	613.98	0.0016287	711.16	922.04	2.1854	1.0176	1.3771	719.97	-0.019237	6.551e-05	0.092798	supercritical
747.0	1298.0	614.82	0.0016265	711.01	922.13	2.1848	1.0177	1.3772	720.81	-0.019327	6.5613e-05	0.092887	supercritical
747.0	1301.2	615.67	0.0016243	710.86	922.21	2.1843	1.0178	1.3773	721.65	-0.019417	6.5716e-05	0.092976	supercritical
747.0	1304.5	616.51	0.001622	710.71	922.3	2.1837	1.0179	1.3774	722.48	-0.019507	6.5818e-05	0.093065	supercritical
747.0	1307.8	617.35	0.0016198	710.56	922.39	2.1831	1.018	1.3775	723.32	-0.019596	6.5921e-05	0.093154	supercritical
747.0	1311.0	618.19	0.0016176	710.41	922.48	2.1825	1.0181	1.3775	724.16	-0.019685	6.6024e-05	0.093243	supercritical
747.0	1314.2	619.03	0.0016154	710.26	922.57	2.1819	1.0182	1.3776	724.99	-0.019774	6.6126e-05	0.093331	supercritical
747.0	1317.5	619.87	0.0016133	710.11	922.65	2.1813	1.0183	1.3777	725.83	-0.019862	6.6229e-05	0.09342	supercritical
747.0	1320.8	620.7	0.0016111	709.96	922.74	2.1807	1.0184	1.3778	726.66	-0.019949	6.6331e-05	0.093508	supercritical
747.0	1324.0	621.53	0.0016089	709.81	922.83	2.1802	1.0185	1.3779	727.5	-0.020036	6.6434e-05	0.093597	supercritical
747.0	1327.2	622.36	0.0016068	709.66	922.92	2.1796	1.0186	1.378	728.33	-0.020123	6.6537e-05	0.093685	supercritical
747.0	1330.5	623.19	0.0016046	709.51	923.01	2.179	1.0187	1.3781	729.16	-0.020209	6.6639e-05	0.093773	supercritical
747.0	1333.8	624.02	0.0016025	709.37	923.1	2.1784	1.0188	1.3781	730.0	-0.020295	6.6742e-05	0.093861	supercritical
747.0	1337.0	624.84	0.0016004	709.22	923.19	2.1779	1.0189	1.3782	730.83	-0.02038	6.6844e-05	0.093949	supercritical
747.0	1340.2	625.66	0.0015983	709.07	923.29	2.1773	1.019	1.3783	731.66	-0.020465	6.6947e-05	0.094037	supercritical
747.0	1343.5	626.48	0.0015962	708.93	923.38	2.1767	1.0191	1.3784	732.49	-0.02055	6.7049e-05	0.094125	supercritical
747.0	1346.8	627.3	0.0015941	708.78	923.47	2.1761	1.0192	1.3785	733.32	-0.020634	6.7152e-05	0.094213	supercritical
747.0	1350.0	628.12	0.0015921	708.63	923.56	2.1756	1.0193	1.3785	734.14	-0.020717	6.7254e-05	0.0943	supercritical
747.0	1353.2	628.93	0.00159	708.49	923.66	2.175	1.0194	1.3786	734.97	-0.020801	6.7357e-05	0.094388	supercritical
747.0	1356.5	629.74	0.0015879	708.34	923.75	2.1744	1.0195	1.3787	735.8	-0.020884	6.7459e-05	0.094475	supercritical
747.0	1359.8	630.55	0.0015859	708.2	923.84	2.1739	1.0196	1.3788	736.63	-0.020966	6.7562e-05	0.094562	supercritical
747.0	1363.0	631.36	0.0015839	708.06	923.94	2.1733	1.0197	1.3789	737.45	-0.021048	6.7664e-05	0.09465	supercritical
747.0	1366.2	632.17	0.0015819	707.91	924.03	2.1727	1.0198	1.3789	738.28	-0.02113	6.7767e-05	0.094737	supercritical
747.0	1369.5	632.98	0.0015798	707.77	924.13	2.1722	1.0199	1.379	739.1	-0.021211	6.7869e-05	0.094824	supercritical
747.0	1372.8	633.78	0.0015778	707.62	924.22	2.1716	1.02	1.3791	739.93	-0.021292	6.7972e-05	0.094911	supercritical
747.0	1376.0	634.58	0.0015758	707.48	924.32	2.1711	1.0201	1.3792	740.75	-0.021372	6.8074e-05	0.094998	supercritical
747.0	1379.2	635.38	0.0015739	707.34	924.41	2.1705	1.0202	1.3792	741.57	-0.021453	6.8176e-05	0.095085	supercritical
747.0	1382.5	636.18	0.0015719	707.2	924.51	2.17	1.0203	1.3793	742.4	-0.021532	6.8279e-05	0.095171	supercritical
747.0	1385.8	636.98	0.0015699	707.06	924.61	2.1694	1.0204	1.3794	743.22	-0.021612	6.8381e-05	0.095258	supercritical
747.0	1389.0	637.77	0.001568	706.91	924.7	2.1688	1.0205	1.3795	744.04	-0.021691	6.8483e-05	0.095345	supercritical
747.0	1392.2	638.56	0.001566	706.77	924.8	2.1683	1.0206	1.3795	744.86	-0.021769	6.8586e-05	0.095431	supercritical
747.0	1395.5	639.35	0.0015641	706.63	924.9	2.1677	1.0207	1.3796	745.68	-0.021847	6.8688e-05	0.095518	supercritical
747.0	1398.8	640.14	0.0015622	706.49	925.0	2.1672	1.0208	1.3797	746.5	-0.021925	6.879e-05	0.095604	supercritical
747.0	1402.0	640.93	0.0015602	706.35	925.1	2.1666	1.0209	1.3797	747.31	-0.022003	6.8893e-05	0.09569	supercritical
747.0	1405.2	641.72	0.0015583	706.21	925.19	2.1661	1.021	1.3798	748.13	-0.02208	6.8995e-05	0.095776	supercritical
747.0	1408.5	642.5	0.0015564	706.07	925.29	2.1656	1.0211	1.3799	748.95	-0.022156	6.9097e-05	0.095863	supercritical
747.0	1411.8	643.28	0.0015545	705.93	925.39	2.165	1.0212	1.38	749.77	-0.022233	6.9199e-05	0.095949	supercritical
747.0	1415.0	644.06	0.0015526	705.79	925.49	2.1645	1.0213	1.38	750.58	-0.022309	6.9302e-05	0.096034	supercritical
747.0	1418.2	644.84	0.0015508	705.66	925.59	2.1639	1.0214	1.3801	751.4	-0.022384	6.9404e-05	0.09612	supercritical
747.0	1421.5	645.62	0.0015489	705.52	925.69	2.1634	1.0215	1.3802	752.21	-0.02246	6.9506e-05	0.096206	supercritical
747.0	1424.8	646.39	0.001547	705.38	925.79	2.1629	1.0216	1.3802	753.02	-0.022535	6.9608e-05	0.096292	supercritical
747.0	1428.0	647.17	0.0015452	705.24	925.9	2.1623	1.0217	1.3803	753.84	-0.022609	6.971e-05	0.096378	supercritical
747.0	1431.2	647.94	0.0015434	705.1	926.0	2.1618	1.0218	1.3804	754.65	-0.022683	6.9813e-05	0.096463	supercritical
747.0	1434.5	648.71	0.0015415	704.97	926.1	2.1612	1.0219	1.3804	755.46	-0.022757	6.9915e-05	0.096549	supercritical
747.0	1437.8	649.48	0.0015397	704.83	926.2	2.1607	1.022	1.3805	756.27	-0.022831	7.0017e-05	0.096634	supercritical
747.0	1441.0	650.24	0.0015379	704.69	926.3	2.1602	1.0221	1.3806	757.08	-0.022904	7.0119e-05	0.096719	supercritical
747.0	1444.2	651.01	0.0015361	704.56	926.41	2.1596	1.0222	1.3806	757.89	-0.022977	7.0221e-05	0.096805	supercritical
747.0	1447.5	651.77	0.0015343	704.42	926.51	2.1591	1.0223	1.3807	758.7	-0.023049	7.0323e-05	0.09689	supercritical
747.0	1450.8	652.53	0.0015325	704.29	926.61	2.1586	1.0224	1.3807	759.51	-0.023121	7.0425e-05	0.096975	supercritical
747.0	1454.0	653.29	0.0015307	704.15	926.72	2.1581	1.0225	1.3808	760.32	-0.023193	7.0527e-05	0.09706	supercritical
747.0	1457.2	654.05	0.0015289	704.02	926.82	2.1575	1.0226	1.3809	761.12	-0.023265	7.0629e-05	0.097145	supercritical
747.0	1460.5	654.81	0.0015272	703.88	926.93	2.157	1.0227	1.3809	761.93	-0.023336	7.0731e-05	0.09723	supercritical
747.0	1463.8	655.56	0.0015254	703.75	927.03	2.1565	1.0228	1.381	762.74	-0.023407	7.0833e-05	0.097315	supercritical
747.0	1467.0	656.32	0.0015237	703.62	927.14	2.156	1.0229	1.3811	763.54	-0.023477	7.0935e-05	0.0974	supercritical
747.0	1470.2	657.07	0.0015219	703.48	927.24	2.1554	1.023	1.3811	764.35	-0.023547	7.1037e-05	0.097484	supercritical
747.0	1473.5	657.82	0.0015202	703.35	927.35	2.1549	1.0231	1.3812	765.15	-0.023617	7.1139e-05	0.097569	supercritical
747.0	1476.8	658.57	0.0015184	703.22	927.45	2.1544	1.0232	1.3812	765.95	-0.023687	7.1241e-05	0.097654	supercritical
747.0	1480.0	659.32	0.0015167	703.09	927.56	2.1539	1.0233	1.3813	766.76	-0.023756	7.1343e-05	0.097738	supercritical
747.0	1483.2	660.06	0.001515	702.95	927.67	2.1534	1.0234	1.3814	767.56	-0.023825	7.1445e-05	0.097823	supercritical
747.0	1486.5	660.8	0.0015133	702.82	927.77	2.1529	1.0234	1.3814	768.36	-0.023894	7.1546e-05	0.097907	supercritical
747.0	1489.8	661.55	0.0015116	702.69	927.88	2.1523	1.0235	1.3815	769.16	-0.023962	7.1648e-05	0.097991	supercritical
747.0	1493.0	662.29	0.0015099	702.56	927.99	2.1518	1.0236	1.3815	769.96	-0.02403	7.175e-05	0.098076	supercritical
747.0	1496.2	663.03	0.0015082	702.43	928.1	2.1513	1.0237	1.3816	770.76	-0.024097	7.1852e-05	0.09816	supercritical
747.0	1499.5	663.76	0.0015066	702.3	928.21	2.1508	1.0238	1.3816	771.56	-0.024165	7.1954e-05	0.098244	supercritical
747.0	1502.8	664.5	0.0015049	702.17	928.32	2.1503	1.0239	1.3817	772.36	-0.024232	7.2055e-05	0.098328	supercritical
747.0	1506.0	665.23	0.0015032	702.04	928.42	2.1498	1.024	1.3818	773.16	-0.024298	7.2157e-05	0.098412	supercritical
747.0	1509.2	665.97	0.0015016	701.91	928.53	2.1493	1.0241	1.3818	773.95	-0.024365	7.2259e-05	0.098496	supercritical
747.0	1512.5	666.7	0.0014999	701.78	928.64	2.1488	1.0242	1.3819	774.75	-0.024431	7.2361e-05	0.09858	supercritical
747.0	1515.8	667.43	0.0014983	701.65	928.75	2.1483	1.0243	1.3819	775.55	-0.024497	7.2462e-05	0.098664	supercritical
747.0	1519.0	668.16	0.0014967	701.52	928.86	2.1478	1.0244	1.382	776.34	-0.024562	7.2564e-05	0.098747	supercritical
747.0	1522.2	668.88	0.001495	701.39	928.97	2.1473	1.0245	1.382	777.13	-0.024628	7.2666e-05	0.098831	supercritical
747.0	1525.5	669.61	0.0014934	701.26	929.08	2.1468	1.0246	1.3821	777.93	-0.024693	7.2767e-05	0.098915	supercritical
747.0	1528.8	670.33	0.0014918	701.14	929.2	2.1463	1.0247	1.3821	778.72	-0.024757	7.2869e-05	0.098998	supercritical
747.0	1532.0	671.05	0.0014902	701.01	929.31	2.1458	1.0248	1.3822	779.51	-0.024822	7.297e-05	0.099082	supercritical
747.0	1535.2	671.77	0.0014886	700.88	929.42	2.1453	1.0249	1.3822	780.31	-0.024886	7.3072e-05	0.099166	supercritical
747.0	1538.5	672.49	0.001487	700.75	929.53	2.1448	1.025	1.3823	781.1	-0.024949	7.3173e-05	0.099249	supercritical
747.0	1541.8	673.21	0.0014854	700.63	929.64	2.1443	1.0251	1.3824	781.89	-0.025013	7.3275e-05	0.099332	supercritical
747.0	1545.0	673.93	0.0014838	700.5	929.75	2.1438	1.0252	1.3824	782.68	-0.025076	7.3376e-05	0.099416	supercritical
747.0	1548.2	674.64	0.0014823	700.38	929.87	2.1433	1.0253	1.3825	783.47	-0.025139	7.3478e-05	0.099499	supercritical
747.0	1551.5	675.36	0.0014807	700.25	929.98	2.1428	1.0254	1.3825	784.26	-0.025202	7.3579e-05	0.099582	supercritical
747.0	1554.8	676.07	0.0014791	700.12	930.09	2.1423	1.0255	1.3826	785.04	-0.025264	7.3681e-05	0.099665	supercritical
747.0	1558.0	676.78	0.0014776	700.0	930.21	2.1418	1.0256	1.3826	785.83	-0.025326	7.3782e-05	0.099748	supercritical
747.0	1561.2	677.49	0.001476	699.87	930.32	2.1413	1.0257	1.3827	786.62	-0.025388	7.3883e-05	0.099832	supercritical
747.0	1564.5	678.19	0.0014745	699.75	930.44	2.1408	1.0258	1.3827	787.4	-0.02545	7.3985e-05	0.099915	supercritical
747.0	1567.8	678.9	0.001473	699.63	930.55	2.1403	1.0259	1.3828	788.19	-0.025511	7.4086e-05	0.099997	supercritical
747.0	1571.0	679.6	0.0014714	699.5	930.67	2.1398	1.026	1.3828	788.98	-0.025572	7.4187e-05	0.10008	supercritical
747.0	1574.2	680.31	0.0014699	699.38	930.78	2.1394	1.0261	1.3829	789.76	-0.025633	7.4289e-05	0.10016	supercritical
747.0	1577.5	681.01	0.0014684	699.25	930.9	2.1389	1.0262	1.3829	790.54	-0.025693	7.439e-05	0.10025	supercritical
747.0	1580.8	681.71	0.0014669	699.13	931.01	2.1384	1.0263	1.3829	791.33	-0.025753	7.4491e-05	0.10033	supercritical
747.0	1584.0	682.41	0.0014654	699.01	931.13	2.1379	1.0264	1.383	792.11	-0.025813	7.4592e-05	0.10041	supercritical
747.0	1587.2	683.1	0.0014639	698.88	931.24	2.1374	1.0265	1.383	792.89	-0.025873	7.4694e-05	0.10049	supercritical
747.0	1590.5	683.8	0.0014624	698.76	931.36	2.1369	1.0266	1.3831	793.67	-0.025932	7.4795e-05	0.10058	supercritical
747.0	1593.8	684.49	0.0014609	698.64	931.48	2.1365	1.0267	1.3831	794.45	-0.025991	7.4896e-05	0.10066	supercritical
747.0	1597.0	685.19	0.0014595	698.52	931.59	2.136	1.0268	1.3832	795.23	-0.02605	7.4997e-05	0.10074	supercritical
747.0	1600.2	685.88	0.001458	698.4	931.71	2.1355	1.0268	1.3832	796.01	-0.026109	7.5098e-05	0.10082	supercritical
747.0	1603.5	686.57	0.0014565	698.28	931.83	2.135	1.0269	1.3833	796.79	-0.026167	7.5199e-05	0.10091	supercritical
747.0	1606.8	687.26	0.0014551	698.15	931.95	2.1346	1.027	1.3833	797.57	-0.026226	7.53e-05	0.10099	supercritical
747.0	1610.0	687.95	0.0014536	698.03	932.06	2.1341	1.0271	1.3834	798.35	-0.026283	7.5401e-05	0.10107	supercritical
747.0	1613.2	688.63	0.0014522	697.91	932.18	2.1336	1.0272	1.3834	799.12	-0.026341	7.5502e-05	0.10115	supercritical
747.0	1616.5	689.32	0.0014507	697.79	932.3	2.1331	1.0273	1.3834	799.9	-0.026398	7.5603e-05	0.10124	supercritical
747.0	1619.8	690.0	0.0014493	697.67	932.42	2.1327	1.0274	1.3835	800.67	-0.026456	7.5704e-05	0.10132	supercritical
747.0	1623.0	690.68	0.0014478	697.55	932.54	2.1322	1.0275	1.3835	801.45	-0.026512	7.5805e-05	0.1014	supercritical
747.0	1626.2	691.36	0.0014464	697.43	932.66	2.1317	1.0276	1.3836	802.22	-0.026569	7.5906e-05	0.10148	supercritical
747.0	1629.5	692.04	0.001445	697.32	932.78	2.1313	1.0277	1.3836	803.0	-0.026625	7.6007e-05	0.10156	supercritical
747.0	1632.8	692.72	0.0014436	697.2	932.9	2.1308	1.0278	1.3837	803.77	-0.026682	7.6108e-05	0.10165	supercritical
747.0	1636.0	693.4	0.0014422	697.08	933.02	2.1303	1.0279	1.3837	804.54	-0.026738	7.6209e-05	0.10173	supercritical
747.0	1639.2	694.07	0.0014408	696.96	933.14	2.1299	1.028	1.3837	805.32	-0.026793	7.631e-05	0.10181	supercritical
747.0	1642.5	694.75	0.0014394	696.84	933.26	2.1294	1.0281	1.3838	806.09	-0.026849	7.6411e-05	0.10189	supercritical
747.0	1645.8	695.42	0.001438	696.72	933.38	2.1289	1.0282	1.3838	806.86	-0.026904	7.6511e-05	0.10197	supercritical
747.0	1649.0	696.09	0.0014366	696.61	933.5	2.1285	1.0283	1.3839	807.63	-0.026959	7.6612e-05	0.10206	supercritical
747.0	1652.2	696.76	0.0014352	696.49	933.62	2.128	1.0284	1.3839	808.4	-0.027013	7.6713e-05	0.10214	supercritical
747.0	1655.5	697.43	0.0014338	696.37	933.74	2.1275	1.0285	1.384	809.17	-0.027068	7.6814e-05	0.10222	supercritical
747.0	1658.8	698.09	0.0014325	696.25	933.87	2.1271	1.0286	1.384	809.93	-0.027122	7.6914e-05	0.1023	supercritical
747.0	1662.0	698.76	0.0014311	696.14	933.99	2.1266	1.0287	1.384	810.7	-0.027176	7.7015e-05	0.10238	supercritical
747.0	1665.2	699.43	0.0014297	696.02	934.11	2.1262	1.0288	1.3841	811.47	-0.02723	7.7116e-05	0.10246	supercritical
747.0	1668.5	700.09	0.0014284	695.91	934.23	2.1257	1.0289	1.3841	812.23	-0.027284	7.7216e-05	0.10255	supercritical
747.0	1671.8	700.75	0.001427	695.79	934.36	2.1252	1.029	1.3842	813.0	-0.027337	7.7317e-05	0.10263	supercritical
747.0	1675.0	701.41	0.0014257	695.67	934.48	2.1248	1.0291	1.3842	813.76	-0.02739	7.7417e-05	0.10271	supercritical
747.0	1678.2	702.07	0.0014244	695.56	934.6	2.1243	1.0291	1.3842	814.53	-0.027443	7.7518e-05	0.10279	supercritical
747.0	1681.5	702.73	0.001423	695.44	934.73	2.1239	1.0292	1.3843	815.29	-0.027495	7.7618e-05	0.10287	supercritical
747.0	1684.8	703.39	0.0014217	695.33	934.85	2.1234	1.0293	1.3843	816.06	-0.027548	7.7719e-05	0.10295	supercritical
747.0	1688.0	704.04	0.0014204	695.21	934.97	2.123	1.0294	1.3843	816.82	-0.0276	7.7819e-05	0.10304	supercritical
747.0	1691.2	704.7	0.0014191	695.1	935.1	2.1225	1.0295	1.3844	817.58	-0.027652	7.792e-05	0.10312	supercritical
747.0	1694.5	705.35	0.0014177	694.99	935.22	2.1221	1.0296	1.3844	818.34	-0.027704	7.802e-05	0.1032	supercritical
747.0	1697.8	706.0	0.0014164	694.87	935.35	2.1216	1.0297	1.3845	819.1	-0.027755	7.8121e-05	0.10328	supercritical
747.0	1701.0	706.65	0.0014151	694.76	935.47	2.1212	1.0298	1.3845	819.86	-0.027807	7.8221e-05	0.10336	supercritical
747.0	1704.2	707.3	0.0014138	694.65	935.6	2.1207	1.0299	1.3845	820.62	-0.027858	7.8321e-05	0.10344	supercritical
747.0	1707.5	707.95	0.0014125	694.53	935.72	2.1203	1.03	1.3846	821.38	-0.027909	7.8422e-05	0.10352	supercritical
747.0	1710.8	708.6	0.0014112	694.42	935.85	2.1198	1.0301	1.3846	822.14	-0.027959	7.8522e-05	0.1036	supercritical
747.0	1714.0	709.24	0.00141	694.31	935.97	2.1194	1.0302	1.3846	822.9	-0.02801	7.8622e-05	0.10369	supercritical
747.0	1717.2	709.89	0.0014087	694.2	936.1	2.1189	1.0303	1.3847	823.65	-0.02806	7.8722e-05	0.10377	supercritical
747.0	1720.5	710.53	0.0014074	694.08	936.23	2.1185	1.0304	1.3847	824.41	-0.02811	7.8823e-05	0.10385	supercritical
747.0	1723.8	711.17	0.0014061	693.97	936.35	2.1181	1.0305	1.3847	825.17	-0.02816	7.8923e-05	0.10393	supercritical
747.0	1727.0	711.81	0.0014049	693.86	936.48	2.1176	1.0306	1.3848	825.92	-0.028209	7.9023e-05	0.10401	supercritical
747.0	1730.2	712.45	0.0014036	693.75	936.61	2.1172	1.0307	1.3848	826.68	-0.028259	7.9123e-05	0.10409	supercritical
747.0	1733.5	713.09	0.0014023	693.64	936.73	2.1167	1.0308	1.3849	827.43	-0.028308	7.9223e-05	0.10417	supercritical
747.0	1736.8	713.73	0.0014011	693.53	936.86	2.1163	1.0309	1.3849	828.18	-0.028357	7.9323e-05	0.10425	supercritical
747.0	1740.0	714.36	0.0013998	693.42	936.99	2.1159	1.031	1.3849	828.94	-0.028406	7.9423e-05	0.10433	supercritical
747.0	1743.2	715.0	0.0013986	693.31	937.12	2.1154	1.031	1.385	829.69	-0.028454	7.9523e-05	0.10441	supercritical
747.0	1746.5	715.63	0.0013974	693.2	937.25	2.115	1.0311	1.385	830.44	-0.028503	7.9623e-05	0.10449	supercritical
747.0	1749.8	716.26	0.0013961	693.09	937.37	2.1146	1.0312	1.385	831.19	-0.028551	7.9723e-05	0.10458	supercritical
747.0	1753.0	716.9	0.0013949	692.98	937.5	2.1141	1.0313	1.3851	831.94	-0.028599	7.9823e-05	0.10466	supercritical
747.0	1756.2	717.53	0.0013937	692.87	937.63	2.1137	1.0314	1.3851	832.69	-0.028647	7.9923e-05	0.10474	supercritical
747.0	1759.5	718.15	0.0013925	692.76	937.76	2.1132	1.0315	1.3851	833.44	-0.028694	8.0023e-05	0.10482	supercritical
747.0	1762.8	718.78	0.0013912	692.65	937.89	2.1128	1.0316	1.3852	834.19	-0.028742	8.0123e-05	0.1049	supercritical
747.0	1766.0	719.41	0.00139	692.54	938.02	2.1124	1.0317	1.3852	834.93	-0.028789	8.0223e-05	0.10498	supercritical
747.0	1769.2	720.03	0.0013888	692.43	938.15	2.112	1.0318	1.3852	835.68	-0.028836	8.0323e-05	0.10506	supercritical
747.0	1772.5	720.66	0.0013876	692.32	938.28	2.1115	1.0319	1.3852	836.43	-0.028882	8.0423e-05	0.10514	supercritical
747.0	1775.8	721.28	0.0013864	692.22	938.41	2.1111	1.032	1.3853	837.17	-0.028929	8.0523e-05	0.10522	supercritical
747.0	1779.0	721.9	0.0013852	692.11	938.54	2.1107	1.0321	1.3853	837.92	-0.028975	8.0622e-05	0.1053	supercritical
747.0	1782.2	722.52	0.001384	692.0	938.67	2.1102	1.0322	1.3853	838.66	-0.029022	8.0722e-05	0.10538	supercritical
747.0	1785.5	723.14	0.0013829	691.89	938.8	2.1098	1.0323	1.3854	839.41	-0.029068	8.0822e-05	0.10546	supercritical
747.0	1788.8	723.76	0.0013817	691.79	938.93	2.1094	1.0324	1.3854	840.15	-0.029113	8.0921e-05	0.10554	supercritical
747.0	1792.0	724.38	0.0013805	691.68	939.06	2.109	1.0325	1.3854	840.89	-0.029159	8.1021e-05	0.10562	supercritical
747.0	1795.2	725.0	0.0013793	691.57	939.19	2.1085	1.0326	1.3855	841.64	-0.029204	8.1121e-05	0.1057	supercritical
747.0	1798.5	725.61	0.0013781	691.47	939.33	2.1081	1.0327	1.3855	842.38	-0.02925	8.122e-05	0.10578	supercritical
747.0	1801.8	726.22	0.001377	691.36	939.46	2.1077	1.0327	1.3855	843.12	-0.029295	8.132e-05	0.10587	supercritical
747.0	1805.0	726.84	0.0013758	691.25	939.59	2.1073	1.0328	1.3856	843.86	-0.02934	8.1419e-05	0.10595	supercritical
747.0	1808.2	727.45	0.0013747	691.15	939.72	2.1068	1.0329	1.3856	844.6	-0.029384	8.1519e-05	0.10603	supercritical
747.0	1811.5	728.06	0.0013735	691.04	939.85	2.1064	1.033	1.3856	845.34	-0.029429	8.1619e-05	0.10611	supercritical
747.0	1814.8	728.67	0.0013724	690.94	939.99	2.106	1.0331	1.3856	846.08	-0.029473	8.1718e-05	0.10619	supercritical
747.0	1818.0	729.28	0.0013712	690.83	940.12	2.1056	1.0332	1.3857	846.81	-0.029517	8.1817e-05	0.10627	supercritical
747.0	1821.2	729.89	0.0013701	690.73	940.25	2.1052	1.0333	1.3857	847.55	-0.029561	8.1917e-05	0.10635	supercritical
747.0	1824.5	730.49	0.0013689	690.62	940.39	2.1048	1.0334	1.3857	848.29	-0.029605	8.2016e-05	0.10643	supercritical
747.0	1827.8	731.1	0.0013678	690.52	940.52	2.1043	1.0335	1.3858	849.02	-0.029648	8.2116e-05	0.10651	supercritical
747.0	1831.0	731.7	0.0013667	690.41	940.65	2.1039	1.0336	1.3858	849.76	-0.029692	8.2215e-05	0.10659	supercritical
747.0	1834.2	732.3	0.0013656	690.31	940.79	2.1035	1.0337	1.3858	850.49	-0.029735	8.2314e-05	0.10667	supercritical
747.0	1837.5	732.9	0.0013644	690.21	940.92	2.1031	1.0338	1.3859	851.23	-0.029778	8.2414e-05	0.10675	supercritical
747.0	1840.8	733.51	0.0013633	690.1	941.06	2.1027	1.0339	1.3859	851.96	-0.029821	8.2513e-05	0.10683	supercritical
747.0	1844.0	734.11	0.0013622	690.0	941.19	2.1023	1.034	1.3859	852.69	-0.029864	8.2612e-05	0.10691	supercritical
747.0	1847.2	734.7	0.0013611	689.9	941.32	2.1019	1.0341	1.3859	853.43	-0.029906	8.2711e-05	0.10699	supercritical
747.0	1850.5	735.3	0.00136	689.79	941.46	2.1014	1.0342	1.386	854.16	-0.029948	8.2811e-05	0.10707	supercritical
747.0	1853.8	735.9	0.0013589	689.69	941.59	2.101	1.0342	1.386	854.89	-0.029991	8.291e-05	0.10715	supercritical
747.0	1857.0	736.49	0.0013578	689.59	941.73	2.1006	1.0343	1.386	855.62	-0.030033	8.3009e-05	0.10723	supercritical
747.0	1860.2	737.09	0.0013567	689.49	941.87	2.1002	1.0344	1.386	856.35	-0.030074	8.3108e-05	0.10731	supercritical
747.0	1863.5	737.68	0.0013556	689.38	942.0	2.0998	1.0345	1.3861	857.08	-0.030116	8.3207e-05	0.10739	supercritical
747.0	1866.8	738.27	0.0013545	689.28	942.14	2.0994	1.0346	1.3861	857.81	-0.030157	8.3306e-05	0.10747	supercritical
747.0	1870.0	738.86	0.0013534	689.18	942.27	2.099	1.0347	1.3861	858.54	-0.030199	8.3405e-05	0.10755	supercritical
747.0	1873.2	739.45	0.0013523	689.08	942.41	2.0986	1.0348	1.3862	859.26	-0.03024	8.3504e-05	0.10763	supercritical
747.0	1876.5	740.04	0.0013513	688.98	942.54	2.0982	1.0349	1.3862	859.99	-0.030281	8.3603e-05	0.10771	supercritical
747.0	1879.8	740.63	0.0013502	688.88	942.68	2.0978	1.035	1.3862	860.72	-0.030322	8.3702e-05	0.10779	supercritical
747.0	1883.0	741.22	0.0013491	688.78	942.82	2.0974	1.0351	1.3862	861.44	-0.030362	8.3801e-05	0.10787	supercritical
747.0	1886.2	741.8	0.0013481	688.68	942.95	2.097	1.0352	1.3863	862.17	-0.030403	8.39e-05	0.10795	supercritical
747.0	1889.5	742.39	0.001347	688.58	943.09	2.0966	1.0353	1.3863	862.89	-0.030443	8.3999e-05	0.10803	supercritical
747.0	1892.8	742.97	0.0013459	688.48	943.23	2.0962	1.0354	1.3863	863.62	-0.030483	8.4098e-05	0.10811	supercritical
747.0	1896.0	743.56	0.0013449	688.38	943.37	2.0958	1.0355	1.3863	864.34	-0.030523	8.4197e-05	0.10819	supercritical
747.0	1899.2	744.14	0.0013438	688.28	943.5	2.0954	1.0356	1.3864	865.06	-0.030563	8.4295e-05	0.10827	supercritical
747.0	1902.5	744.72	0.0013428	688.18	943.64	2.095	1.0356	1.3864	865.78	-0.030602	8.4394e-05	0.10835	supercritical
747.0	1905.8	745.3	0.0013417	688.08	943.78	2.0946	1.0357	1.3864	866.5	-0.030642	8.4493e-05	0.10843	supercritical
747.0	1909.0	745.88	0.0013407	687.98	943.92	2.0942	1.0358	1.3864	867.23	-0.030681	8.4592e-05	0.10851	supercritical
747.0	1912.2	746.46	0.0013397	687.88	944.06	2.0938	1.0359	1.3865	867.95	-0.03072	8.469e-05	0.10859	supercritical
747.0	1915.5	747.03	0.0013386	687.78	944.2	2.0934	1.036	1.3865	868.66	-0.030759	8.4789e-05	0.10867	supercritical
747.0	1918.8	747.61	0.0013376	687.68	944.33	2.093	1.0361	1.3865	869.38	-0.030798	8.4888e-05	0.10875	supercritical
747.0	1922.0	748.18	0.0013366	687.58	944.47	2.0926	1.0362	1.3865	870.1	-0.030837	8.4986e-05	0.10883	supercritical
747.0	1925.2	748.76	0.0013355	687.49	944.61	2.0922	1.0363	1.3866	870.82	-0.030875	8.5085e-05	0.10891	supercritical
747.0	1928.5	749.33	0.0013345	687.39	944.75	2.0918	1.0364	1.3866	871.54	-0.030913	8.5184e-05	0.10899	supercritical
747.0	1931.8	749.9	0.0013335	687.29	944.89	2.0914	1.0365	1.3866	872.25	-0.030952	8.5282e-05	0.10907	supercritical
747.0	1935.0	750.47	0.0013325	687.19	945.03	2.091	1.0366	1.3866	872.97	-0.03099	8.5381e-05	0.10915	supercritical
747.0	1938.2	751.04	0.0013315	687.1	945.17	2.0906	1.0367	1.3867	873.68	-0.031028	8.5479e-05	0.10923	supercritical
747.0	1941.5	751.61	0.0013305	687.0	945.31	2.0902	1.0368	1.3867	874.4	-0.031065	8.5578e-05	0.10931	supercritical
747.0	1944.8	752.18	0.0013295	686.9	945.45	2.0898	1.0369	1.3867	875.11	-0.031103	8.5676e-05	0.10939	supercritical
747.0	1948.0	752.75	0.0013285	686.8	945.59	2.0894	1.0369	1.3867	875.83	-0.03114	8.5774e-05	0.10947	supercritical
747.0	1951.2	753.31	0.0013275	686.71	945.73	2.089	1.037	1.3868	876.54	-0.031177	8.5873e-05	0.10955	supercritical
747.0	1954.5	753.88	0.0013265	686.61	945.87	2.0886	1.0371	1.3868	877.25	-0.031215	8.5971e-05	0.10963	supercritical
747.0	1957.8	754.44	0.0013255	686.52	946.01	2.0883	1.0372	1.3868	877.96	-0.031251	8.607e-05	0.10971	supercritical
747.0	1961.0	755.01	0.0013245	686.42	946.15	2.0879	1.0373	1.3868	878.67	-0.031288	8.6168e-05	0.10979	supercritical
747.0	1964.2	755.57	0.0013235	686.32	946.29	2.0875	1.0374	1.3869	879.38	-0.031325	8.6266e-05	0.10987	supercritical
747.0	1967.5	756.13	0.0013225	686.23	946.44	2.0871	1.0375	1.3869	880.09	-0.031361	8.6365e-05	0.10995	supercritical
747.0	1970.8	756.69	0.0013215	686.13	946.58	2.0867	1.0376	1.3869	880.8	-0.031398	8.6463e-05	0.11003	supercritical
747.0	1974.0	757.25	0.0013206	686.04	946.72	2.0863	1.0377	1.3869	881.51	-0.031434	8.6561e-05	0.11011	supercritical
747.0	1977.2	757.81	0.0013196	685.94	946.86	2.0859	1.0378	1.387	882.22	-0.03147	8.6659e-05	0.11018	supercritical
747.0	1980.5	758.37	0.0013186	685.85	947.0	2.0856	1.0379	1.387	882.93	-0.031506	8.6757e-05	0.11026	supercritical
747.0	1983.8	758.92	0.0013177	685.75	947.14	2.0852	1.038	1.387	883.63	-0.031542	8.6855e-05	0.11034	supercritical
747.0	1987.0	759.48	0.0013167	685.66	947.29	2.0848	1.0381	1.387	884.34	-0.031577	8.6954e-05	0.11042	supercritical
747.0	1990.2	760.03	0.0013157	685.57	947.43	2.0844	1.0382	1.387	885.04	-0.031613	8.7052e-05	0.1105	supercritical
747.0	1993.5	760.59	0.0013148	685.47	947.57	2.084	1.0382	1.3871	885.75	-0.031648	8.715e-05	0.11058	supercritical
747.0	1996.8	761.14	0.0013138	685.38	947.71	2.0836	1.0383	1.3871	886.45	-0.031683	8.7248e-05	0.11066	supercritical
747.0	2000.0	761.69	0.0013129	685.28	947.86	2.0833	1.0384	1.3871	887.16	-0.031718	8.7346e-05	0.11074	supercritical
