Temperature (K)	Pressure (bar)	Density (kg/m3)	Volume (m3/kg)	Internal Energy (kJ/kg)	Enthalpy (kJ/kg)	Entropy (J/g*K)	Cv (J/g*K)	Cp (J/g*K)	Sound Spd. (m/s)	Joule-Thomson (K/bar)	Viscosity (Pa*s)	Therm. Cond. (W/m*K)	Phase
531.0	56.5	57.961	0.017253	614.07	711.54	2.4966	0.85908	1.0999	348.78	0.25123	2.6013e-05	0.037496	vapor
531.0	59.75	61.386	0.01629	613.31	710.65	2.4847	0.85985	1.1039	348.8	0.24993	2.607e-05	0.037624	vapor
531.0	63.0	64.82	0.015427	612.56	709.75	2.4733	0.86062	1.1079	348.83	0.24861	2.6128e-05	0.037752	vapor
531.0	66.25	68.262	0.014649	611.81	708.86	2.4624	0.86139	1.1119	348.87	0.24729	2.6187e-05	0.037881	vapor
531.0	69.5	71.713	0.013944	611.05	707.96	2.452	0.86216	1.1159	348.93	0.24595	2.6248e-05	0.038011	vapor
531.0	72.75	75.172	0.013303	610.3	707.07	2.442	0.86292	1.1199	349.0	0.2446	2.6309e-05	0.038142	vapor
531.0	76.0	78.64	0.012716	609.54	706.18	2.4323	0.86368	1.124	349.08	0.24323	2.6372e-05	0.038275	vapor
531.0	76.0	78.64	0.012716	609.54	706.18	2.4323	0.86368	1.124	349.08	0.24323	2.6372e-05	0.038275	supercritical
531.0	76.0	78.64	0.012716	609.54	706.18	2.4323	0.86368	1.124	349.08	0.24323	2.6372e-05	0.038275	supercritical
531.0	79.25	82.114	0.012178	608.78	705.3	2.423	0.86444	1.1281	349.17	0.24186	2.6436e-05	0.038408	supercritical
531.0	82.5	85.597	0.011683	608.03	704.41	2.4141	0.8652	1.1321	349.28	0.24047	2.6501e-05	0.038542	supercritical
531.0	85.75	89.086	0.011225	607.27	703.53	2.4054	0.86595	1.1362	349.4	0.23907	2.6567e-05	0.038678	supercritical
531.0	89.0	92.583	0.010801	606.51	702.64	2.397	0.8667	1.1403	349.53	0.23765	2.6634e-05	0.038815	supercritical
531.0	92.25	96.086	0.010407	605.76	701.77	2.3888	0.86745	1.1444	349.68	0.23622	2.6702e-05	0.038953	supercritical
531.0	95.5	99.596	0.010041	605.0	700.89	2.3809	0.86819	1.1486	349.84	0.23478	2.6772e-05	0.039092	supercritical
531.0	98.75	103.11	0.0096982	604.24	700.01	2.3733	0.86893	1.1527	350.01	0.23333	2.6843e-05	0.039233	supercritical
531.0	102.0	106.63	0.0093778	603.49	699.14	2.3658	0.86967	1.1568	350.2	0.23186	2.6915e-05	0.039375	supercritical
531.0	105.25	110.16	0.0090775	602.73	698.27	2.3585	0.8704	1.161	350.4	0.23038	2.6988e-05	0.039518	supercritical
531.0	108.5	113.7	0.0087954	601.97	697.4	2.3514	0.87113	1.1651	350.61	0.22889	2.7063e-05	0.039663	supercritical
531.0	111.75	117.23	0.0085299	601.21	696.54	2.3444	0.87185	1.1693	350.84	0.22739	2.7139e-05	0.039809	supercritical
531.0	115.0	120.78	0.0082797	600.46	695.67	2.3377	0.87258	1.1734	351.09	0.22587	2.7216e-05	0.039957	supercritical
531.0	118.25	124.33	0.0080434	599.7	694.81	2.3311	0.87329	1.1775	351.35	0.22434	2.7294e-05	0.040107	supercritical
531.0	121.5	127.88	0.00782	598.94	693.96	2.3246	0.87401	1.1817	351.62	0.2228	2.7374e-05	0.040257	supercritical
531.0	124.75	131.43	0.0076084	598.19	693.1	2.3183	0.87471	1.1858	351.9	0.22125	2.7455e-05	0.04041	supercritical
531.0	128.0	134.99	0.0074078	597.43	692.25	2.3121	0.87542	1.19	352.21	0.21969	2.7538e-05	0.040564	supercritical
531.0	131.25	138.56	0.0072173	596.68	691.4	2.306	0.87612	1.1941	352.52	0.21812	2.7622e-05	0.040719	supercritical
531.0	134.5	142.12	0.0070362	595.92	690.56	2.3	0.87681	1.1983	352.85	0.21653	2.7707e-05	0.040877	supercritical
531.0	137.75	145.69	0.0068639	595.17	689.72	2.2942	0.8775	1.2024	353.2	0.21494	2.7793e-05	0.041036	supercritical
531.0	141.0	149.26	0.0066997	594.41	688.88	2.2885	0.87819	1.2065	353.56	0.21333	2.7881e-05	0.041196	supercritical
531.0	144.25	152.83	0.006543	593.66	688.04	2.2829	0.87887	1.2106	353.94	0.21172	2.797e-05	0.041358	supercritical
531.0	147.5	156.41	0.0063935	592.91	687.21	2.2773	0.87954	1.2147	354.33	0.21009	2.8061e-05	0.041522	supercritical
531.0	150.75	159.98	0.0062506	592.16	686.38	2.2719	0.88021	1.2188	354.74	0.20846	2.8153e-05	0.041687	supercritical
531.0	154.0	163.56	0.006114	591.41	685.56	2.2666	0.88088	1.2229	355.17	0.20682	2.8246e-05	0.041855	supercritical
531.0	157.25	167.14	0.0059831	590.66	684.74	2.2613	0.88154	1.2269	355.61	0.20517	2.8341e-05	0.042023	supercritical
531.0	160.5	170.71	0.0058578	589.91	683.92	2.2562	0.88219	1.231	356.06	0.20351	2.8437e-05	0.042194	supercritical
531.0	163.75	174.29	0.0057375	589.16	683.11	2.2511	0.88284	1.235	356.53	0.20184	2.8535e-05	0.042366	supercritical
531.0	167.0	177.87	0.0056222	588.41	682.3	2.2461	0.88349	1.239	357.02	0.20017	2.8634e-05	0.04254	supercritical
531.0	170.25	181.44	0.0055114	587.67	681.5	2.2412	0.88413	1.243	357.52	0.19849	2.8734e-05	0.042715	supercritical
531.0	173.5	185.02	0.0054049	586.92	680.7	2.2363	0.88476	1.2469	358.04	0.19681	2.8836e-05	0.042893	supercritical
531.0	176.75	188.59	0.0053026	586.18	679.9	2.2315	0.88539	1.2509	358.58	0.19512	2.8939e-05	0.043071	supercritical
531.0	180.0	192.16	0.0052041	585.44	679.11	2.2268	0.88601	1.2548	359.13	0.19342	2.9044e-05	0.043252	supercritical
531.0	183.25	195.73	0.0051092	584.7	678.33	2.2222	0.88662	1.2587	359.7	0.19172	2.915e-05	0.043434	supercritical
531.0	186.5	199.29	0.0050178	583.96	677.55	2.2176	0.88723	1.2625	360.28	0.19002	2.9257e-05	0.043618	supercritical
531.0	189.75	202.85	0.0049297	583.23	676.77	2.2131	0.88784	1.2664	360.88	0.18831	2.9366e-05	0.043803	supercritical
531.0	193.0	206.41	0.0048448	582.49	676.0	2.2087	0.88844	1.2702	361.5	0.1866	2.9477e-05	0.04399	supercritical
531.0	196.25	209.96	0.0047628	581.76	675.23	2.2043	0.88903	1.274	362.13	0.18488	2.9588e-05	0.044179	supercritical
531.0	199.5	213.51	0.0046836	581.03	674.46	2.2	0.88962	1.2777	362.78	0.18317	2.9701e-05	0.044369	supercritical
531.0	202.75	217.06	0.0046071	580.3	673.71	2.1957	0.8902	1.2815	363.44	0.18145	2.9816e-05	0.04456	supercritical
531.0	206.0	220.59	0.0045332	579.57	672.95	2.1915	0.89077	1.2851	364.13	0.17973	2.9932e-05	0.044753	supercritical
531.0	209.25	224.13	0.0044617	578.84	672.2	2.1873	0.89134	1.2888	364.82	0.17801	3.0049e-05	0.044948	supercritical
531.0	212.5	227.66	0.0043926	578.12	671.46	2.1832	0.8919	1.2924	365.54	0.1763	3.0168e-05	0.045144	supercritical
531.0	215.75	231.18	0.0043257	577.4	670.72	2.1791	0.89246	1.296	366.26	0.17458	3.0288e-05	0.045341	supercritical
531.0	219.0	234.69	0.0042609	576.68	669.99	2.1751	0.89301	1.2996	367.01	0.17286	3.0409e-05	0.04554	supercritical
531.0	222.25	238.2	0.0041982	575.96	669.26	2.1712	0.89356	1.3031	367.77	0.17114	3.0532e-05	0.045741	supercritical
531.0	225.5	241.7	0.0041374	575.24	668.54	2.1673	0.8941	1.3066	368.54	0.16943	3.0656e-05	0.045942	supercritical
531.0	228.75	245.19	0.0040784	574.53	667.82	2.1634	0.89463	1.31	369.34	0.16772	3.0782e-05	0.046145	supercritical
531.0	232.0	248.68	0.0040213	573.82	667.11	2.1596	0.89516	1.3134	370.14	0.16601	3.0909e-05	0.046349	supercritical
531.0	235.25	252.15	0.0039658	573.11	666.41	2.1558	0.89568	1.3168	370.97	0.1643	3.1037e-05	0.046555	supercritical
531.0	238.5	255.62	0.003912	572.4	665.71	2.1521	0.89619	1.3201	371.8	0.1626	3.1166e-05	0.046761	supercritical
531.0	241.75	259.08	0.0038598	571.7	665.01	2.1484	0.8967	1.3234	372.66	0.16091	3.1297e-05	0.046969	supercritical
531.0	245.0	262.53	0.0038091	571.0	664.32	2.1448	0.89721	1.3266	373.52	0.15921	3.1429e-05	0.047178	supercritical
531.0	248.25	265.97	0.0037598	570.3	663.64	2.1411	0.89771	1.3298	374.41	0.15753	3.1563e-05	0.047389	supercritical
531.0	251.5	269.4	0.003712	569.6	662.96	2.1376	0.8982	1.333	375.3	0.15585	3.1697e-05	0.0476	supercritical
531.0	254.75	272.82	0.0036655	568.91	662.29	2.1341	0.89868	1.3361	376.22	0.15417	3.1833e-05	0.047812	supercritical
531.0	258.0	276.23	0.0036202	568.22	661.62	2.1306	0.89916	1.3392	377.14	0.1525	3.197e-05	0.048025	supercritical
531.0	261.25	279.62	0.0035762	567.53	660.96	2.1271	0.89964	1.3422	378.08	0.15084	3.2108e-05	0.04824	supercritical
531.0	264.5	283.01	0.0035335	566.85	660.31	2.1237	0.90011	1.3452	379.04	0.14919	3.2248e-05	0.048455	supercritical
531.0	267.75	286.38	0.0034918	566.16	659.66	2.1203	0.90057	1.3481	380.0	0.14754	3.2389e-05	0.048671	supercritical
531.0	271.0	289.75	0.0034513	565.48	659.01	2.117	0.90103	1.351	380.98	0.1459	3.253e-05	0.048888	supercritical
531.0	274.25	293.1	0.0034118	564.81	658.38	2.1137	0.90148	1.3539	381.98	0.14427	3.2673e-05	0.049106	supercritical
531.0	277.5	296.44	0.0033734	564.13	657.74	2.1104	0.90192	1.3567	382.99	0.14265	3.2817e-05	0.049324	supercritical
531.0	280.75	299.76	0.0033359	563.46	657.12	2.1072	0.90236	1.3595	384.01	0.14104	3.2963e-05	0.049543	supercritical
531.0	284.0	303.08	0.0032995	562.79	656.5	2.104	0.9028	1.3622	385.04	0.13944	3.3109e-05	0.049763	supercritical
531.0	287.25	306.38	0.0032639	562.13	655.88	2.1008	0.90323	1.3649	386.09	0.13784	3.3257e-05	0.049984	supercritical
531.0	290.5	309.67	0.0032293	561.46	655.27	2.0977	0.90365	1.3675	387.15	0.13626	3.3405e-05	0.050205	supercritical
531.0	293.75	312.94	0.0031955	560.8	654.67	2.0946	0.90407	1.3701	388.22	0.13469	3.3555e-05	0.050427	supercritical
531.0	297.0	316.2	0.0031625	560.15	654.08	2.0915	0.90449	1.3727	389.3	0.13312	3.3705e-05	0.05065	supercritical
531.0	300.25	319.45	0.0031304	559.49	653.48	2.0885	0.90489	1.3752	390.4	0.13157	3.3857e-05	0.050873	supercritical
531.0	303.5	322.69	0.003099	558.84	652.9	2.0855	0.9053	1.3777	391.5	0.13003	3.4009e-05	0.051096	supercritical
531.0	306.75	325.91	0.0030684	558.2	652.32	2.0825	0.9057	1.3801	392.62	0.1285	3.4163e-05	0.05132	supercritical
531.0	310.0	329.11	0.0030385	557.55	651.75	2.0796	0.90609	1.3824	393.75	0.12698	3.4317e-05	0.051544	supercritical
531.0	313.25	332.3	0.0030093	556.91	651.18	2.0767	0.90648	1.3848	394.89	0.12547	3.4473e-05	0.051769	supercritical
531.0	316.5	335.48	0.0029808	556.27	650.62	2.0738	0.90686	1.3871	396.04	0.12398	3.4629e-05	0.051994	supercritical
531.0	319.75	338.64	0.002953	555.64	650.06	2.0709	0.90724	1.3893	397.2	0.12249	3.4786e-05	0.05222	supercritical
531.0	323.0	341.79	0.0029258	555.01	649.51	2.0681	0.90761	1.3915	398.37	0.12102	3.4945e-05	0.052445	supercritical
531.0	326.25	344.92	0.0028992	554.38	648.97	2.0653	0.90798	1.3937	399.55	0.11956	3.5104e-05	0.052671	supercritical
531.0	329.5	348.04	0.0028733	553.75	648.43	2.0625	0.90834	1.3958	400.74	0.11811	3.5263e-05	0.052898	supercritical
531.0	332.75	351.14	0.0028479	553.13	647.89	2.0597	0.9087	1.3979	401.94	0.11668	3.5424e-05	0.053124	supercritical
531.0	336.0	354.23	0.0028231	552.51	647.37	2.057	0.90906	1.3999	403.15	0.11525	3.5586e-05	0.05335	supercritical
531.0	339.25	357.3	0.0027988	551.9	646.85	2.0543	0.90941	1.4019	404.37	0.11384	3.5748e-05	0.053577	supercritical
531.0	342.5	360.35	0.002775	551.28	646.33	2.0516	0.90975	1.4039	405.6	0.11244	3.5911e-05	0.053804	supercritical
531.0	345.75	363.4	0.0027518	550.68	645.82	2.049	0.91009	1.4058	406.84	0.11106	3.6075e-05	0.054031	supercritical
531.0	349.0	366.42	0.0027291	550.07	645.32	2.0463	0.91043	1.4077	408.08	0.10969	3.6239e-05	0.054257	supercritical
531.0	352.25	369.43	0.0027069	549.47	644.82	2.0437	0.91076	1.4095	409.33	0.10832	3.6405e-05	0.054484	supercritical
531.0	355.5	372.42	0.0026851	548.87	644.32	2.0411	0.91109	1.4113	410.59	0.10698	3.657e-05	0.054711	supercritical
531.0	358.75	375.4	0.0026638	548.27	643.83	2.0386	0.91142	1.4131	411.86	0.10564	3.6737e-05	0.054938	supercritical
531.0	362.0	378.37	0.0026429	547.68	643.35	2.0361	0.91174	1.4148	413.14	0.10432	3.6904e-05	0.055165	supercritical
531.0	365.25	381.31	0.0026225	547.09	642.88	2.0335	0.91205	1.4165	414.42	0.10301	3.7072e-05	0.055391	supercritical
531.0	368.5	384.24	0.0026025	546.5	642.4	2.0311	0.91237	1.4182	415.71	0.10171	3.7241e-05	0.055618	supercritical
531.0	371.75	387.16	0.0025829	545.92	641.94	2.0286	0.91268	1.4198	417.01	0.10043	3.741e-05	0.055844	supercritical
531.0	375.0	390.06	0.0025637	545.34	641.48	2.0262	0.91298	1.4214	418.32	0.099156	3.758e-05	0.056071	supercritical
531.0	378.25	392.94	0.0025449	544.76	641.02	2.0237	0.91328	1.4229	419.63	0.097897	3.775e-05	0.056297	supercritical
531.0	381.5	395.81	0.0025265	544.19	640.57	2.0213	0.91358	1.4244	420.95	0.09665	3.7921e-05	0.056523	supercritical
531.0	384.75	398.66	0.0025084	543.62	640.13	2.019	0.91387	1.4259	422.27	0.095416	3.8092e-05	0.056748	supercritical
531.0	388.0	401.5	0.0024907	543.05	639.69	2.0166	0.91416	1.4273	423.6	0.094195	3.8264e-05	0.056974	supercritical
531.0	391.25	404.32	0.0024733	542.48	639.25	2.0143	0.91445	1.4287	424.94	0.092985	3.8436e-05	0.057199	supercritical
531.0	394.5	407.12	0.0024563	541.92	638.82	2.0119	0.91473	1.4301	426.28	0.091788	3.8609e-05	0.057424	supercritical
531.0	397.75	409.91	0.0024396	541.37	638.4	2.0096	0.91501	1.4314	427.63	0.090604	3.8782e-05	0.057648	supercritical
531.0	401.0	412.68	0.0024232	540.81	637.98	2.0074	0.91529	1.4327	428.98	0.089431	3.8956e-05	0.057872	supercritical
531.0	404.25	415.44	0.0024071	540.26	637.57	2.0051	0.91556	1.434	430.34	0.088271	3.913e-05	0.058096	supercritical
531.0	407.5	418.18	0.0023913	539.71	637.16	2.0029	0.91583	1.4352	431.7	0.087122	3.9305e-05	0.05832	supercritical
531.0	410.75	420.9	0.0023758	539.17	636.75	2.0007	0.9161	1.4364	433.07	0.085986	3.948e-05	0.058543	supercritical
531.0	414.0	423.61	0.0023606	538.62	636.36	1.9985	0.91636	1.4376	434.44	0.084861	3.9656e-05	0.058766	supercritical
531.0	417.25	426.31	0.0023457	538.09	635.96	1.9963	0.91663	1.4388	435.82	0.083749	3.9831e-05	0.058989	supercritical
531.0	420.5	428.98	0.0023311	537.55	635.57	1.9941	0.91688	1.4399	437.2	0.082647	4.0008e-05	0.059211	supercritical
531.0	423.75	431.65	0.0023167	537.02	635.19	1.992	0.91714	1.441	438.59	0.081558	4.0184e-05	0.059432	supercritical
531.0	427.0	434.29	0.0023026	536.49	634.81	1.9898	0.91739	1.442	439.98	0.08048	4.0361e-05	0.059654	supercritical
531.0	430.25	436.92	0.0022887	535.96	634.43	1.9877	0.91764	1.4431	441.38	0.079413	4.0538e-05	0.059874	supercritical
531.0	433.5	439.54	0.0022751	535.44	634.06	1.9856	0.91789	1.4441	442.78	0.078357	4.0716e-05	0.060095	supercritical
531.0	436.75	442.14	0.0022617	534.92	633.7	1.9836	0.91813	1.445	444.18	0.077313	4.0893e-05	0.060315	supercritical
531.0	440.0	444.73	0.0022486	534.4	633.34	1.9815	0.91838	1.446	445.59	0.07628	4.1071e-05	0.060534	supercritical
531.0	443.25	447.3	0.0022357	533.89	632.98	1.9795	0.91861	1.4469	447.0	0.075257	4.125e-05	0.060753	supercritical
531.0	446.5	449.85	0.002223	533.37	632.63	1.9774	0.91885	1.4478	448.41	0.074246	4.1428e-05	0.060971	supercritical
531.0	449.75	452.39	0.0022105	532.87	632.28	1.9754	0.91909	1.4487	449.83	0.073245	4.1607e-05	0.061189	supercritical
531.0	453.0	454.91	0.0021982	532.36	631.94	1.9734	0.91932	1.4495	451.25	0.072255	4.1786e-05	0.061407	supercritical
531.0	456.25	457.42	0.0021862	531.86	631.6	1.9714	0.91955	1.4503	452.67	0.071275	4.1965e-05	0.061623	supercritical
531.0	459.5	459.92	0.0021743	531.36	631.27	1.9695	0.91978	1.4511	454.1	0.070306	4.2145e-05	0.06184	supercritical
531.0	462.75	462.4	0.0021627	530.86	630.94	1.9675	0.92	1.4519	455.53	0.069347	4.2324e-05	0.062056	supercritical
531.0	466.0	464.86	0.0021512	530.37	630.61	1.9656	0.92022	1.4526	456.96	0.068398	4.2504e-05	0.062271	supercritical
531.0	469.25	467.31	0.0021399	529.88	630.29	1.9637	0.92044	1.4533	458.39	0.067459	4.2684e-05	0.062486	supercritical
531.0	472.5	469.74	0.0021288	529.39	629.98	1.9618	0.92066	1.454	459.83	0.06653	4.2864e-05	0.0627	supercritical
531.0	475.75	472.16	0.0021179	528.9	629.66	1.9599	0.92088	1.4547	461.27	0.065612	4.3044e-05	0.062913	supercritical
531.0	479.0	474.57	0.0021072	528.42	629.36	1.958	0.92109	1.4553	462.71	0.064703	4.3225e-05	0.063127	supercritical
531.0	482.25	476.96	0.0020966	527.94	629.05	1.9562	0.92131	1.4559	464.15	0.063803	4.3405e-05	0.063339	supercritical
531.0	485.5	479.34	0.0020862	527.47	628.75	1.9543	0.92152	1.4566	465.6	0.062913	4.3586e-05	0.063551	supercritical
531.0	488.75	481.7	0.002076	526.99	628.46	1.9525	0.92173	1.4571	467.05	0.062033	4.3766e-05	0.063762	supercritical
531.0	492.0	484.05	0.0020659	526.52	628.16	1.9507	0.92193	1.4577	468.5	0.061162	4.3947e-05	0.063973	supercritical
531.0	495.25	486.38	0.002056	526.05	627.88	1.9489	0.92214	1.4582	469.95	0.060301	4.4128e-05	0.064183	supercritical
531.0	498.5	488.7	0.0020462	525.59	627.59	1.9471	0.92234	1.4588	471.4	0.059448	4.4309e-05	0.064393	supercritical
531.0	501.75	491.01	0.0020366	525.12	627.31	1.9453	0.92255	1.4593	472.86	0.058605	4.449e-05	0.064602	supercritical
531.0	505.0	493.3	0.0020272	524.66	627.04	1.9435	0.92275	1.4597	474.31	0.05777	4.4671e-05	0.06481	supercritical
531.0	508.25	495.58	0.0020178	524.21	626.76	1.9418	0.92294	1.4602	475.77	0.056945	4.4852e-05	0.065018	supercritical
531.0	511.5	497.84	0.0020087	523.75	626.5	1.94	0.92314	1.4606	477.23	0.056128	4.5033e-05	0.065225	supercritical
531.0	514.75	500.09	0.0019996	523.3	626.23	1.9383	0.92334	1.4611	478.69	0.05532	4.5214e-05	0.065432	supercritical
531.0	518.0	502.33	0.0019907	522.85	625.97	1.9366	0.92353	1.4615	480.15	0.054521	4.5396e-05	0.065638	supercritical
531.0	521.25	504.56	0.0019819	522.4	625.71	1.9349	0.92372	1.4619	481.61	0.05373	4.5577e-05	0.065844	supercritical
531.0	524.5	506.77	0.0019733	521.96	625.46	1.9332	0.92392	1.4622	483.08	0.052948	4.5758e-05	0.066048	supercritical
531.0	527.75	508.96	0.0019648	521.52	625.21	1.9315	0.9241	1.4626	484.54	0.052174	4.5939e-05	0.066253	supercritical
531.0	531.0	511.15	0.0019564	521.08	624.96	1.9299	0.92429	1.4629	486.01	0.051408	4.612e-05	0.066456	supercritical
531.0	534.25	513.32	0.0019481	520.64	624.72	1.9282	0.92448	1.4633	487.47	0.050651	4.6301e-05	0.066659	supercritical
531.0	537.5	515.48	0.0019399	520.21	624.48	1.9266	0.92467	1.4636	488.94	0.049901	4.6483e-05	0.066862	supercritical
531.0	540.75	517.62	0.0019319	519.78	624.25	1.925	0.92485	1.4639	490.41	0.04916	4.6664e-05	0.067064	supercritical
531.0	544.0	519.76	0.001924	519.35	624.01	1.9233	0.92503	1.4642	491.87	0.048426	4.6845e-05	0.067265	supercritical
531.0	547.25	521.88	0.0019162	518.92	623.79	1.9217	0.92522	1.4644	493.34	0.0477	4.7026e-05	0.067466	supercritical
531.0	550.5	523.98	0.0019085	518.5	623.56	1.9201	0.9254	1.4647	494.81	0.046983	4.7207e-05	0.067666	supercritical
531.0	553.75	526.08	0.0019009	518.08	623.34	1.9186	0.92558	1.4649	496.28	0.046272	4.7388e-05	0.067865	supercritical
531.0	557.0	528.16	0.0018934	517.66	623.12	1.917	0.92575	1.4651	497.74	0.04557	4.7568e-05	0.068064	supercritical
531.0	560.25	530.23	0.001886	517.24	622.9	1.9154	0.92593	1.4653	499.21	0.044875	4.7749e-05	0.068262	supercritical
531.0	563.5	532.29	0.0018787	516.83	622.69	1.9139	0.92611	1.4655	500.68	0.044187	4.793e-05	0.06846	supercritical
531.0	566.75	534.33	0.0018715	516.42	622.48	1.9123	0.92628	1.4657	502.15	0.043507	4.811e-05	0.068657	supercritical
531.0	570.0	536.37	0.0018644	516.01	622.28	1.9108	0.92646	1.4659	503.62	0.042834	4.8291e-05	0.068853	supercritical
531.0	573.25	538.39	0.0018574	515.6	622.08	1.9093	0.92663	1.4661	505.09	0.042168	4.8471e-05	0.069049	supercritical
531.0	576.5	540.4	0.0018505	515.2	621.88	1.9078	0.9268	1.4662	506.55	0.041509	4.8652e-05	0.069244	supercritical
531.0	579.75	542.4	0.0018437	514.79	621.68	1.9063	0.92697	1.4664	508.02	0.040858	4.8832e-05	0.069439	supercritical
531.0	583.0	544.38	0.0018369	514.39	621.49	1.9048	0.92714	1.4665	509.49	0.040213	4.9012e-05	0.069633	supercritical
531.0	586.25	546.36	0.0018303	513.99	621.3	1.9033	0.92731	1.4666	510.95	0.039575	4.9192e-05	0.069827	supercritical
531.0	589.5	548.32	0.0018238	513.6	621.11	1.9018	0.92748	1.4667	512.42	0.038944	4.9372e-05	0.07002	supercritical
531.0	592.75	550.27	0.0018173	513.21	620.93	1.9004	0.92765	1.4668	513.88	0.03832	4.9551e-05	0.070212	supercritical
531.0	596.0	552.21	0.0018109	512.81	620.74	1.8989	0.92782	1.4669	515.35	0.037703	4.9731e-05	0.070404	supercritical
531.0	599.25	554.14	0.0018046	512.43	620.57	1.8975	0.92798	1.467	516.81	0.037092	4.9911e-05	0.070595	supercritical
531.0	602.5	556.06	0.0017984	512.04	620.39	1.896	0.92815	1.4671	518.28	0.036487	5.009e-05	0.070786	supercritical
531.0	605.75	557.97	0.0017922	511.65	620.22	1.8946	0.92831	1.4671	519.74	0.03589	5.0269e-05	0.070976	supercritical
531.0	609.0	559.86	0.0017862	511.27	620.05	1.8932	0.92848	1.4672	521.2	0.035298	5.0448e-05	0.071165	supercritical
531.0	612.25	561.75	0.0017802	510.89	619.88	1.8918	0.92864	1.4672	522.66	0.034713	5.0627e-05	0.071354	supercritical
531.0	615.5	563.62	0.0017742	510.51	619.72	1.8904	0.9288	1.4673	524.12	0.034134	5.0806e-05	0.071543	supercritical
531.0	618.75	565.49	0.0017684	510.14	619.56	1.889	0.92896	1.4673	525.58	0.033561	5.0985e-05	0.071731	supercritical
531.0	622.0	567.34	0.0017626	509.76	619.4	1.8876	0.92913	1.4673	527.03	0.032995	5.1163e-05	0.071918	supercritical
531.0	625.25	569.18	0.0017569	509.39	619.24	1.8863	0.92929	1.4673	528.49	0.032434	5.1341e-05	0.072105	supercritical
531.0	628.5	571.01	0.0017513	509.02	619.09	1.8849	0.92944	1.4673	529.95	0.031879	5.152e-05	0.072291	supercritical
531.0	631.75	572.84	0.0017457	508.65	618.94	1.8835	0.9296	1.4673	531.4	0.031331	5.1698e-05	0.072477	supercritical
531.0	635.0	574.65	0.0017402	508.29	618.79	1.8822	0.92976	1.4673	532.85	0.030788	5.1875e-05	0.072662	supercritical
531.0	638.25	576.45	0.0017348	507.92	618.64	1.8809	0.92992	1.4673	534.3	0.030251	5.2053e-05	0.072847	supercritical
531.0	641.5	578.24	0.0017294	507.56	618.5	1.8795	0.93008	1.4673	535.75	0.029719	5.2231e-05	0.073031	supercritical
531.0	644.75	580.02	0.0017241	507.2	618.36	1.8782	0.93023	1.4673	537.2	0.029193	5.2408e-05	0.073214	supercritical
531.0	648.0	581.79	0.0017188	506.84	618.22	1.8769	0.93039	1.4672	538.65	0.028673	5.2585e-05	0.073397	supercritical
531.0	651.25	583.55	0.0017136	506.49	618.09	1.8756	0.93054	1.4672	540.1	0.028158	5.2762e-05	0.07358	supercritical
531.0	654.5	585.31	0.0017085	506.13	617.95	1.8743	0.9307	1.4672	541.54	0.027649	5.2939e-05	0.073762	supercritical
531.0	657.75	587.05	0.0017034	505.78	617.82	1.873	0.93085	1.4671	542.98	0.027145	5.3115e-05	0.073943	supercritical
531.0	661.0	588.78	0.0016984	505.43	617.69	1.8717	0.93101	1.4671	544.42	0.026646	5.3292e-05	0.074124	supercritical
531.0	664.25	590.5	0.0016935	505.08	617.57	1.8704	0.93116	1.467	545.86	0.026152	5.3468e-05	0.074305	supercritical
531.0	667.5	592.22	0.0016886	504.73	617.44	1.8692	0.93131	1.4669	547.3	0.025664	5.3644e-05	0.074485	supercritical
531.0	670.75	593.92	0.0016837	504.39	617.32	1.8679	0.93147	1.4669	548.74	0.025181	5.382e-05	0.074664	supercritical
531.0	674.0	595.62	0.0016789	504.04	617.2	1.8667	0.93162	1.4668	550.17	0.024702	5.3996e-05	0.074843	supercritical
531.0	677.25	597.3	0.0016742	503.7	617.09	1.8654	0.93177	1.4667	551.61	0.024229	5.4171e-05	0.075022	supercritical
531.0	680.5	598.98	0.0016695	503.36	616.97	1.8642	0.93192	1.4667	553.04	0.023761	5.4347e-05	0.0752	supercritical
531.0	683.75	600.65	0.0016649	503.03	616.86	1.8629	0.93207	1.4666	554.47	0.023297	5.4522e-05	0.075378	supercritical
531.0	687.0	602.31	0.0016603	502.69	616.75	1.8617	0.93222	1.4665	555.9	0.022838	5.4697e-05	0.075555	supercritical
531.0	690.25	603.96	0.0016557	502.36	616.64	1.8605	0.93237	1.4664	557.33	0.022384	5.4872e-05	0.075731	supercritical
531.0	693.5	605.6	0.0016513	502.02	616.54	1.8593	0.93252	1.4663	558.75	0.021935	5.5046e-05	0.075908	supercritical
531.0	696.75	607.23	0.0016468	501.69	616.43	1.8581	0.93267	1.4662	560.17	0.02149	5.522e-05	0.076083	supercritical
531.0	700.0	608.85	0.0016424	501.36	616.33	1.8569	0.93282	1.4661	561.59	0.02105	5.5395e-05	0.076258	supercritical
531.0	703.25	610.47	0.0016381	501.04	616.23	1.8557	0.93297	1.466	563.01	0.020614	5.5568e-05	0.076433	supercritical
531.0	706.5	612.08	0.0016338	500.71	616.14	1.8545	0.93311	1.4659	564.43	0.020183	5.5742e-05	0.076608	supercritical
531.0	709.75	613.67	0.0016295	500.39	616.04	1.8533	0.93326	1.4658	565.85	0.019756	5.5916e-05	0.076781	supercritical
531.0	713.0	615.26	0.0016253	500.06	615.95	1.8522	0.93341	1.4656	567.26	0.019333	5.6089e-05	0.076955	supercritical
531.0	716.25	616.85	0.0016211	499.74	615.86	1.851	0.93356	1.4655	568.68	0.018915	5.6262e-05	0.077128	supercritical
531.0	719.5	618.42	0.001617	499.42	615.77	1.8498	0.9337	1.4654	570.09	0.018501	5.6435e-05	0.0773	supercritical
531.0	722.75	619.99	0.0016129	499.11	615.68	1.8487	0.93385	1.4653	571.49	0.01809	5.6608e-05	0.077472	supercritical
531.0	726.0	621.54	0.0016089	498.79	615.6	1.8475	0.93399	1.4652	572.9	0.017684	5.678e-05	0.077644	supercritical
531.0	729.25	623.09	0.0016049	498.48	615.51	1.8464	0.93414	1.465	574.31	0.017283	5.6953e-05	0.077815	supercritical
531.0	732.5	624.63	0.0016009	498.16	615.43	1.8453	0.93429	1.4649	575.71	0.016885	5.7125e-05	0.077986	supercritical
531.0	735.75	626.17	0.001597	497.85	615.35	1.8441	0.93443	1.4648	577.11	0.01649	5.7297e-05	0.078157	supercritical
531.0	739.0	627.69	0.0015931	497.54	615.27	1.843	0.93458	1.4646	578.51	0.0161	5.7468e-05	0.078327	supercritical
531.0	742.25	629.21	0.0015893	497.23	615.2	1.8419	0.93472	1.4645	579.91	0.015714	5.764e-05	0.078496	supercritical
531.0	745.5	630.72	0.0015855	496.93	615.13	1.8408	0.93486	1.4643	581.3	0.015331	5.7811e-05	0.078665	supercritical
531.0	748.75	632.22	0.0015817	496.62	615.05	1.8397	0.93501	1.4642	582.7	0.014953	5.7982e-05	0.078834	supercritical
531.0	752.0	633.72	0.001578	496.32	614.98	1.8386	0.93515	1.464	584.09	0.014577	5.8153e-05	0.079002	supercritical
531.0	755.25	635.21	0.0015743	496.02	614.91	1.8375	0.93529	1.4639	585.48	0.014206	5.8324e-05	0.07917	supercritical
531.0	758.5	636.69	0.0015706	495.72	614.85	1.8364	0.93544	1.4637	586.87	0.013838	5.8494e-05	0.079338	supercritical
531.0	761.75	638.16	0.001567	495.42	614.78	1.8353	0.93558	1.4636	588.25	0.013473	5.8664e-05	0.079505	supercritical
531.0	765.0	639.63	0.0015634	495.12	614.72	1.8342	0.93572	1.4634	589.64	0.013112	5.8834e-05	0.079672	supercritical
531.0	768.25	641.08	0.0015599	494.82	614.66	1.8332	0.93587	1.4633	591.02	0.012755	5.9004e-05	0.079838	supercritical
531.0	771.5	642.53	0.0015563	494.53	614.6	1.8321	0.93601	1.4631	592.4	0.012401	5.9174e-05	0.080004	supercritical
531.0	774.75	643.98	0.0015528	494.23	614.54	1.8311	0.93615	1.463	593.78	0.01205	5.9343e-05	0.08017	supercritical
531.0	778.0	645.42	0.0015494	493.94	614.48	1.83	0.93629	1.4628	595.15	0.011703	5.9512e-05	0.080335	supercritical
531.0	781.25	646.85	0.001546	493.65	614.43	1.8289	0.93643	1.4626	596.53	0.011358	5.9681e-05	0.0805	supercritical
531.0	784.5	648.27	0.0015426	493.36	614.38	1.8279	0.93658	1.4625	597.9	0.011017	5.985e-05	0.080665	supercritical
531.0	787.75	649.69	0.0015392	493.07	614.32	1.8269	0.93672	1.4623	599.27	0.01068	6.0019e-05	0.080829	supercritical
531.0	791.0	651.09	0.0015359	492.79	614.27	1.8258	0.93686	1.4621	600.64	0.010345	6.0187e-05	0.080993	supercritical
531.0	794.25	652.5	0.0015326	492.5	614.23	1.8248	0.937	1.462	602.0	0.010013	6.0355e-05	0.081156	supercritical
531.0	797.5	653.89	0.0015293	492.22	614.18	1.8238	0.93714	1.4618	603.37	0.0096848	6.0523e-05	0.081319	supercritical
531.0	800.75	655.28	0.0015261	491.93	614.13	1.8227	0.93728	1.4616	604.73	0.0093593	6.0691e-05	0.081482	supercritical
531.0	804.0	656.66	0.0015228	491.65	614.09	1.8217	0.93742	1.4615	606.09	0.0090368	6.0858e-05	0.081644	supercritical
531.0	807.25	658.04	0.0015197	491.37	614.05	1.8207	0.93756	1.4613	607.45	0.0087172	6.1025e-05	0.081806	supercritical
531.0	810.5	659.41	0.0015165	491.09	614.01	1.8197	0.9377	1.4611	608.81	0.0084005	6.1192e-05	0.081968	supercritical
531.0	813.75	660.77	0.0015134	490.82	613.97	1.8187	0.93784	1.4609	610.16	0.0080867	6.1359e-05	0.082129	supercritical
531.0	817.0	662.13	0.0015103	490.54	613.93	1.8177	0.93798	1.4608	611.52	0.0077757	6.1526e-05	0.08229	supercritical
531.0	820.25	663.48	0.0015072	490.27	613.89	1.8167	0.93812	1.4606	612.87	0.0074676	6.1692e-05	0.082451	supercritical
531.0	823.5	664.82	0.0015042	489.99	613.86	1.8157	0.93826	1.4604	614.22	0.0071621	6.1859e-05	0.082611	supercritical
531.0	826.75	666.16	0.0015011	489.72	613.83	1.8148	0.9384	1.4602	615.56	0.0068595	6.2025e-05	0.082771	supercritical
531.0	830.0	667.49	0.0014981	489.45	613.79	1.8138	0.93854	1.46	616.91	0.0065595	6.219e-05	0.082931	supercritical
531.0	833.25	668.82	0.0014952	489.18	613.76	1.8128	0.93867	1.4599	618.25	0.0062621	6.2356e-05	0.08309	supercritical
531.0	836.5	670.14	0.0014922	488.91	613.73	1.8118	0.93881	1.4597	619.59	0.0059674	6.2521e-05	0.083249	supercritical
531.0	839.75	671.45	0.0014893	488.64	613.71	1.8109	0.93895	1.4595	620.93	0.0056753	6.2686e-05	0.083408	supercritical
531.0	843.0	672.76	0.0014864	488.38	613.68	1.8099	0.93909	1.4593	622.27	0.0053857	6.2851e-05	0.083566	supercritical
531.0	846.25	674.06	0.0014835	488.11	613.66	1.809	0.93923	1.4591	623.6	0.0050987	6.3016e-05	0.083724	supercritical
531.0	849.5	675.36	0.0014807	487.85	613.63	1.808	0.93937	1.4589	624.94	0.0048142	6.3181e-05	0.083882	supercritical
531.0	852.75	676.65	0.0014779	487.58	613.61	1.8071	0.9395	1.4587	626.27	0.0045321	6.3345e-05	0.08404	supercritical
531.0	856.0	677.93	0.0014751	487.32	613.59	1.8061	0.93964	1.4585	627.6	0.0042525	6.3509e-05	0.084197	supercritical
531.0	859.25	679.21	0.0014723	487.06	613.57	1.8052	0.93978	1.4584	628.93	0.0039753	6.3673e-05	0.084354	supercritical
531.0	862.5	680.48	0.0014696	486.8	613.55	1.8042	0.93992	1.4582	630.25	0.0037005	6.3837e-05	0.08451	supercritical
531.0	865.75	681.75	0.0014668	486.55	613.54	1.8033	0.94006	1.458	631.58	0.003428	6.4e-05	0.084666	supercritical
531.0	869.0	683.01	0.0014641	486.29	613.52	1.8024	0.94019	1.4578	632.9	0.0031579	6.4163e-05	0.084822	supercritical
531.0	872.25	684.26	0.0014614	486.03	613.51	1.8015	0.94033	1.4576	634.22	0.00289	6.4326e-05	0.084978	supercritical
531.0	875.5	685.51	0.0014588	485.78	613.49	1.8005	0.94047	1.4574	635.54	0.0026245	6.4489e-05	0.085133	supercritical
531.0	878.75	686.76	0.0014561	485.52	613.48	1.7996	0.9406	1.4572	636.85	0.0023611	6.4652e-05	0.085289	supercritical
531.0	882.0	687.99	0.0014535	485.27	613.47	1.7987	0.94074	1.457	638.17	0.0021	6.4814e-05	0.085443	supercritical
531.0	885.25	689.23	0.0014509	485.02	613.46	1.7978	0.94088	1.4568	639.48	0.0018411	6.4977e-05	0.085598	supercritical
531.0	888.5	690.46	0.0014483	484.77	613.45	1.7969	0.94101	1.4566	640.79	0.0015844	6.5139e-05	0.085752	supercritical
531.0	891.75	691.68	0.0014458	484.52	613.45	1.796	0.94115	1.4564	642.1	0.0013298	6.53e-05	0.085906	supercritical
531.0	895.0	692.89	0.0014432	484.27	613.44	1.7951	0.94129	1.4562	643.4	0.0010774	6.5462e-05	0.08606	supercritical
531.0	898.25	694.11	0.0014407	484.02	613.44	1.7942	0.94142	1.456	644.71	0.00082703	6.5624e-05	0.086213	supercritical
531.0	901.5	695.31	0.0014382	483.78	613.43	1.7933	0.94156	1.4558	646.01	0.00057875	6.5785e-05	0.086366	supercritical
531.0	904.75	696.52	0.0014357	483.53	613.43	1.7925	0.9417	1.4556	647.31	0.00033252	6.5946e-05	0.086519	supercritical
531.0	908.0	697.71	0.0014333	483.29	613.43	1.7916	0.94183	1.4554	648.61	8.8327e-05	6.6107e-05	0.086672	supercritical
531.0	911.25	698.9	0.0014308	483.05	613.43	1.7907	0.94197	1.4552	649.91	-0.00015386	6.6267e-05	0.086824	supercritical
531.0	914.5	700.09	0.0014284	482.8	613.43	1.7898	0.94211	1.455	651.2	-0.00039406	6.6428e-05	0.086976	supercritical
531.0	917.75	701.27	0.001426	482.56	613.43	1.789	0.94224	1.4548	652.49	-0.0006323	6.6588e-05	0.087128	supercritical
531.0	921.0	702.45	0.0014236	482.32	613.44	1.7881	0.94238	1.4546	653.78	-0.00086859	6.6748e-05	0.08728	supercritical
531.0	924.25	703.62	0.0014212	482.08	613.44	1.7872	0.94251	1.4544	655.07	-0.001103	6.6908e-05	0.087431	supercritical
531.0	927.5	704.78	0.0014189	481.85	613.45	1.7864	0.94265	1.4542	656.36	-0.0013354	6.7067e-05	0.087582	supercritical
531.0	930.75	705.95	0.0014165	481.61	613.45	1.7855	0.94279	1.454	657.64	-0.001566	6.7227e-05	0.087733	supercritical
531.0	934.0	707.1	0.0014142	481.37	613.46	1.7847	0.94292	1.4538	658.93	-0.0017947	6.7386e-05	0.087884	supercritical
531.0	937.25	708.25	0.0014119	481.14	613.47	1.7838	0.94306	1.4537	660.21	-0.0020216	6.7545e-05	0.088034	supercritical
531.0	940.5	709.4	0.0014096	480.9	613.48	1.783	0.94319	1.4535	661.49	-0.0022467	6.7704e-05	0.088184	supercritical
531.0	943.75	710.54	0.0014074	480.67	613.49	1.7821	0.94333	1.4533	662.76	-0.0024699	6.7862e-05	0.088334	supercritical
531.0	947.0	711.68	0.0014051	480.44	613.5	1.7813	0.94346	1.4531	664.04	-0.0026914	6.8021e-05	0.088483	supercritical
531.0	950.25	712.81	0.0014029	480.21	613.52	1.7805	0.9436	1.4529	665.31	-0.0029111	6.8179e-05	0.088633	supercritical
531.0	953.5	713.94	0.0014007	479.98	613.53	1.7796	0.94373	1.4527	666.58	-0.003129	6.8337e-05	0.088782	supercritical
531.0	956.75	715.06	0.0013985	479.75	613.55	1.7788	0.94387	1.4525	667.85	-0.0033452	6.8495e-05	0.088931	supercritical
531.0	960.0	716.18	0.0013963	479.52	613.56	1.778	0.944	1.4523	669.12	-0.0035597	6.8652e-05	0.089079	supercritical
531.0	963.25	717.3	0.0013941	479.29	613.58	1.7772	0.94414	1.4521	670.39	-0.0037725	6.881e-05	0.089228	supercritical
531.0	966.5	718.41	0.001392	479.07	613.6	1.7763	0.94427	1.4519	671.65	-0.0039837	6.8967e-05	0.089376	supercritical
531.0	969.75	719.51	0.0013898	478.84	613.62	1.7755	0.94441	1.4517	672.91	-0.0041931	6.9124e-05	0.089524	supercritical
531.0	973.0	720.61	0.0013877	478.61	613.64	1.7747	0.94454	1.4515	674.17	-0.0044009	6.9281e-05	0.089672	supercritical
531.0	976.25	721.71	0.0013856	478.39	613.66	1.7739	0.94468	1.4513	675.43	-0.0046071	6.9438e-05	0.089819	supercritical
531.0	979.5	722.8	0.0013835	478.17	613.68	1.7731	0.94481	1.4511	676.68	-0.0048117	6.9594e-05	0.089967	supercritical
531.0	982.75	723.89	0.0013814	477.95	613.7	1.7723	0.94495	1.4509	677.94	-0.0050147	6.975e-05	0.090114	supercritical
531.0	986.0	724.97	0.0013794	477.72	613.73	1.7715	0.94508	1.4507	679.19	-0.0052161	6.9906e-05	0.090261	supercritical
531.0	989.25	726.05	0.0013773	477.5	613.75	1.7707	0.94522	1.4505	680.44	-0.0054159	7.0062e-05	0.090407	supercritical
531.0	992.5	727.13	0.0013753	477.28	613.78	1.7699	0.94535	1.4503	681.69	-0.0056142	7.0218e-05	0.090554	supercritical
531.0	995.75	728.2	0.0013732	477.07	613.81	1.7691	0.94549	1.4501	682.93	-0.0058109	7.0374e-05	0.0907	supercritical
531.0	999.0	729.27	0.0013712	476.85	613.83	1.7683	0.94562	1.4499	684.18	-0.0060061	7.0529e-05	0.090846	supercritical
531.0	1002.2	730.33	0.0013692	476.63	613.86	1.7675	0.94575	1.4497	685.42	-0.0061998	7.0684e-05	0.090992	supercritical
531.0	1005.5	731.39	0.0013673	476.41	613.89	1.7668	0.94589	1.4495	686.66	-0.006392	7.0839e-05	0.091137	supercritical
531.0	1008.8	732.44	0.0013653	476.2	613.92	1.766	0.94602	1.4493	687.9	-0.0065828	7.0994e-05	0.091283	supercritical
531.0	1012.0	733.49	0.0013633	475.98	613.96	1.7652	0.94616	1.4491	689.13	-0.006772	7.1149e-05	0.091428	supercritical
531.0	1015.2	734.54	0.0013614	475.77	613.99	1.7644	0.94629	1.4489	690.37	-0.0069599	7.1303e-05	0.091573	supercritical
531.0	1018.5	735.58	0.0013595	475.56	614.02	1.7637	0.94643	1.4487	691.6	-0.0071463	7.1457e-05	0.091718	supercritical
531.0	1021.8	736.62	0.0013576	475.35	614.05	1.7629	0.94656	1.4485	692.83	-0.0073312	7.1611e-05	0.091863	supercritical
531.0	1025.0	737.65	0.0013557	475.14	614.09	1.7621	0.94669	1.4483	694.06	-0.0075148	7.1765e-05	0.092007	supercritical
531.0	1028.2	738.68	0.0013538	474.92	614.13	1.7614	0.94683	1.4481	695.28	-0.0076969	7.1919e-05	0.092151	supercritical
531.0	1031.5	739.71	0.0013519	474.72	614.16	1.7606	0.94696	1.4479	696.51	-0.0078777	7.2072e-05	0.092295	supercritical
531.0	1034.8	740.73	0.00135	474.51	614.2	1.7599	0.9471	1.4477	697.73	-0.0080571	7.2226e-05	0.092439	supercritical
531.0	1038.0	741.75	0.0013482	474.3	614.24	1.7591	0.94723	1.4475	698.95	-0.0082352	7.2379e-05	0.092583	supercritical
531.0	1041.2	742.76	0.0013463	474.09	614.28	1.7584	0.94736	1.4473	700.17	-0.0084119	7.2532e-05	0.092726	supercritical
531.0	1044.5	743.78	0.0013445	473.88	614.32	1.7576	0.9475	1.4471	701.39	-0.0085872	7.2685e-05	0.092869	supercritical
531.0	1047.8	744.78	0.0013427	473.68	614.36	1.7569	0.94763	1.4469	702.6	-0.0087613	7.2837e-05	0.093013	supercritical
531.0	1051.0	745.79	0.0013409	473.47	614.4	1.7561	0.94776	1.4467	703.81	-0.008934	7.299e-05	0.093155	supercritical
531.0	1054.2	746.79	0.0013391	473.27	614.44	1.7554	0.9479	1.4466	705.02	-0.0091055	7.3142e-05	0.093298	supercritical
531.0	1057.5	747.78	0.0013373	473.07	614.49	1.7546	0.94803	1.4464	706.23	-0.0092757	7.3294e-05	0.093441	supercritical
531.0	1060.8	748.77	0.0013355	472.86	614.53	1.7539	0.94817	1.4462	707.44	-0.0094446	7.3446e-05	0.093583	supercritical
531.0	1064.0	749.76	0.0013338	472.66	614.57	1.7532	0.9483	1.446	708.64	-0.0096122	7.3598e-05	0.093725	supercritical
531.0	1067.2	750.75	0.001332	472.46	614.62	1.7524	0.94843	1.4458	709.85	-0.0097786	7.3749e-05	0.093867	supercritical
531.0	1070.5	751.73	0.0013303	472.26	614.67	1.7517	0.94857	1.4456	711.05	-0.0099437	7.3901e-05	0.094009	supercritical
531.0	1073.8	752.71	0.0013285	472.06	614.71	1.751	0.9487	1.4454	712.25	-0.010108	7.4052e-05	0.094151	supercritical
531.0	1077.0	753.68	0.0013268	471.86	614.76	1.7503	0.94883	1.4452	713.44	-0.01027	7.4203e-05	0.094292	supercritical
531.0	1080.2	754.65	0.0013251	471.66	614.81	1.7495	0.94897	1.445	714.64	-0.010432	7.4354e-05	0.094434	supercritical
531.0	1083.5	755.62	0.0013234	471.47	614.86	1.7488	0.9491	1.4449	715.83	-0.010592	7.4505e-05	0.094575	supercritical
531.0	1086.8	756.58	0.0013217	471.27	614.91	1.7481	0.94923	1.4447	717.02	-0.010751	7.4655e-05	0.094716	supercritical
531.0	1090.0	757.54	0.0013201	471.07	614.96	1.7474	0.94937	1.4445	718.21	-0.010909	7.4806e-05	0.094857	supercritical
531.0	1093.2	758.5	0.0013184	470.88	615.01	1.7467	0.9495	1.4443	719.4	-0.011066	7.4956e-05	0.094997	supercritical
531.0	1096.5	759.45	0.0013167	470.68	615.06	1.746	0.94963	1.4441	720.58	-0.011222	7.5106e-05	0.095138	supercritical
531.0	1099.8	760.4	0.0013151	470.49	615.12	1.7453	0.94977	1.4439	721.77	-0.011376	7.5256e-05	0.095278	supercritical
531.0	1103.0	761.35	0.0013135	470.3	615.17	1.7446	0.9499	1.4438	722.95	-0.01153	7.5406e-05	0.095418	supercritical
531.0	1106.2	762.29	0.0013118	470.1	615.22	1.7439	0.95003	1.4436	724.13	-0.011682	7.5555e-05	0.095558	supercritical
531.0	1109.5	763.23	0.0013102	469.91	615.28	1.7432	0.95016	1.4434	725.31	-0.011833	7.5705e-05	0.095698	supercritical
531.0	1112.8	764.17	0.0013086	469.72	615.34	1.7425	0.9503	1.4432	726.48	-0.011983	7.5854e-05	0.095838	supercritical
531.0	1116.0	765.1	0.001307	469.53	615.39	1.7418	0.95043	1.443	727.66	-0.012132	7.6003e-05	0.095977	supercritical
531.0	1119.2	766.03	0.0013054	469.34	615.45	1.7411	0.95056	1.4428	728.83	-0.01228	7.6152e-05	0.096117	supercritical
531.0	1122.5	766.96	0.0013038	469.15	615.51	1.7404	0.9507	1.4427	730.0	-0.012427	7.6301e-05	0.096256	supercritical
531.0	1125.8	767.89	0.0013023	468.96	615.57	1.7397	0.95083	1.4425	731.16	-0.012573	7.6449e-05	0.096395	supercritical
531.0	1129.0	768.81	0.0013007	468.77	615.63	1.739	0.95096	1.4423	732.33	-0.012717	7.6598e-05	0.096534	supercritical
531.0	1132.2	769.72	0.0012992	468.59	615.69	1.7383	0.9511	1.4421	733.49	-0.012861	7.6746e-05	0.096673	supercritical
531.0	1135.5	770.64	0.0012976	468.4	615.75	1.7377	0.95123	1.442	734.66	-0.013004	7.6894e-05	0.096812	supercritical
531.0	1138.8	771.55	0.0012961	468.21	615.81	1.737	0.95136	1.4418	735.82	-0.013145	7.7042e-05	0.09695	supercritical
531.0	1142.0	772.46	0.0012946	468.03	615.87	1.7363	0.95149	1.4416	736.98	-0.013286	7.719e-05	0.097088	supercritical
531.0	1145.2	773.36	0.0012931	467.84	615.93	1.7356	0.95163	1.4414	738.13	-0.013425	7.7338e-05	0.097227	supercritical
531.0	1148.5	774.26	0.0012915	467.66	615.99	1.735	0.95176	1.4413	739.29	-0.013564	7.7485e-05	0.097365	supercritical
531.0	1151.8	775.16	0.00129	467.48	616.06	1.7343	0.95189	1.4411	740.44	-0.013702	7.7633e-05	0.097503	supercritical
531.0	1155.0	776.06	0.0012886	467.29	616.12	1.7336	0.95203	1.4409	741.59	-0.013838	7.778e-05	0.09764	supercritical
531.0	1158.2	776.95	0.0012871	467.11	616.19	1.733	0.95216	1.4408	742.74	-0.013974	7.7927e-05	0.097778	supercritical
531.0	1161.5	777.84	0.0012856	466.93	616.25	1.7323	0.95229	1.4406	743.88	-0.014109	7.8074e-05	0.097916	supercritical
531.0	1164.8	778.73	0.0012841	466.75	616.32	1.7316	0.95242	1.4404	745.03	-0.014242	7.822e-05	0.098053	supercritical
531.0	1168.0	779.61	0.0012827	466.57	616.39	1.731	0.95256	1.4402	746.17	-0.014375	7.8367e-05	0.09819	supercritical
531.0	1171.2	780.49	0.0012812	466.39	616.46	1.7303	0.95269	1.4401	747.31	-0.014507	7.8514e-05	0.098327	supercritical
531.0	1174.5	781.37	0.0012798	466.21	616.52	1.7297	0.95282	1.4399	748.45	-0.014638	7.866e-05	0.098464	supercritical
531.0	1177.8	782.25	0.0012784	466.03	616.59	1.729	0.95295	1.4397	749.59	-0.014768	7.8806e-05	0.098601	supercritical
531.0	1181.0	783.12	0.0012769	465.85	616.66	1.7284	0.95309	1.4396	750.73	-0.014897	7.8952e-05	0.098738	supercritical
531.0	1184.2	783.99	0.0012755	465.68	616.73	1.7277	0.95322	1.4394	751.86	-0.015025	7.9098e-05	0.098874	supercritical
531.0	1187.5	784.86	0.0012741	465.5	616.8	1.7271	0.95335	1.4392	752.99	-0.015152	7.9244e-05	0.099011	supercritical
531.0	1190.8	785.72	0.0012727	465.32	616.87	1.7264	0.95348	1.4391	754.12	-0.015279	7.9389e-05	0.099147	supercritical
531.0	1194.0	786.58	0.0012713	465.15	616.94	1.7258	0.95362	1.4389	755.25	-0.015404	7.9535e-05	0.099283	supercritical
531.0	1197.2	787.44	0.0012699	464.97	617.02	1.7251	0.95375	1.4388	756.38	-0.015529	7.968e-05	0.09942	supercritical
531.0	1200.5	788.3	0.0012686	464.8	617.09	1.7245	0.95388	1.4386	757.5	-0.015653	7.9825e-05	0.099555	supercritical
531.0	1203.8	789.15	0.0012672	464.63	617.16	1.7239	0.95401	1.4384	758.62	-0.015776	7.997e-05	0.099691	supercritical
531.0	1207.0	790.0	0.0012658	464.45	617.24	1.7232	0.95415	1.4383	759.74	-0.015898	8.0115e-05	0.099827	supercritical
531.0	1210.2	790.85	0.0012645	464.28	617.31	1.7226	0.95428	1.4381	760.86	-0.016019	8.026e-05	0.099963	supercritical
531.0	1213.5	791.69	0.0012631	464.11	617.39	1.722	0.95441	1.438	761.98	-0.01614	8.0404e-05	0.1001	supercritical
531.0	1216.8	792.53	0.0012618	463.94	617.46	1.7213	0.95454	1.4378	763.09	-0.016259	8.0549e-05	0.10023	supercritical
531.0	1220.0	793.37	0.0012604	463.77	617.54	1.7207	0.95468	1.4376	764.21	-0.016378	8.0693e-05	0.10037	supercritical
531.0	1223.2	794.21	0.0012591	463.6	617.62	1.7201	0.95481	1.4375	765.32	-0.016496	8.0837e-05	0.1005	supercritical
531.0	1226.5	795.04	0.0012578	463.43	617.69	1.7194	0.95494	1.4373	766.43	-0.016613	8.0981e-05	0.10064	supercritical
531.0	1229.8	795.87	0.0012565	463.26	617.77	1.7188	0.95507	1.4372	767.53	-0.016729	8.1125e-05	0.10077	supercritical
531.0	1233.0	796.7	0.0012552	463.09	617.85	1.7182	0.9552	1.437	768.64	-0.016845	8.1269e-05	0.10091	supercritical
531.0	1236.2	797.53	0.0012539	462.92	617.93	1.7176	0.95534	1.4369	769.74	-0.01696	8.1412e-05	0.10104	supercritical
531.0	1239.5	798.35	0.0012526	462.75	618.01	1.717	0.95547	1.4367	770.85	-0.017074	8.1556e-05	0.10118	supercritical
531.0	1242.8	799.17	0.0012513	462.58	618.09	1.7164	0.9556	1.4366	771.95	-0.017187	8.1699e-05	0.10131	supercritical
531.0	1246.0	799.99	0.00125	462.42	618.17	1.7157	0.95573	1.4364	773.04	-0.017299	8.1842e-05	0.10145	supercritical
531.0	1249.2	800.81	0.0012487	462.25	618.25	1.7151	0.95586	1.4363	774.14	-0.017411	8.1985e-05	0.10158	supercritical
531.0	1252.5	801.62	0.0012475	462.09	618.33	1.7145	0.956	1.4361	775.24	-0.017522	8.2128e-05	0.10171	supercritical
531.0	1255.8	802.43	0.0012462	461.92	618.41	1.7139	0.95613	1.436	776.33	-0.017632	8.2271e-05	0.10185	supercritical
531.0	1259.0	803.24	0.001245	461.76	618.5	1.7133	0.95626	1.4358	777.42	-0.017742	8.2414e-05	0.10198	supercritical
531.0	1262.2	804.05	0.0012437	461.59	618.58	1.7127	0.95639	1.4357	778.51	-0.01785	8.2556e-05	0.10212	supercritical
531.0	1265.5	804.85	0.0012425	461.43	618.66	1.7121	0.95652	1.4355	779.6	-0.017958	8.2699e-05	0.10225	supercritical
531.0	1268.8	805.65	0.0012412	461.27	618.75	1.7115	0.95666	1.4354	780.68	-0.018066	8.2841e-05	0.10238	supercritical
531.0	1272.0	806.45	0.00124	461.1	618.83	1.7109	0.95679	1.4352	781.77	-0.018172	8.2983e-05	0.10252	supercritical
531.0	1275.2	807.25	0.0012388	460.94	618.92	1.7103	0.95692	1.4351	782.85	-0.018278	8.3125e-05	0.10265	supercritical
531.0	1278.5	808.04	0.0012376	460.78	619.0	1.7097	0.95705	1.435	783.93	-0.018383	8.3267e-05	0.10278	supercritical
531.0	1281.8	808.84	0.0012363	460.62	619.09	1.7091	0.95718	1.4348	785.01	-0.018488	8.3409e-05	0.10292	supercritical
531.0	1285.0	809.62	0.0012351	460.46	619.17	1.7085	0.95732	1.4347	786.09	-0.018591	8.3551e-05	0.10305	supercritical
531.0	1288.2	810.41	0.0012339	460.3	619.26	1.7079	0.95745	1.4345	787.16	-0.018694	8.3692e-05	0.10318	supercritical
531.0	1291.5	811.2	0.0012327	460.14	619.35	1.7073	0.95758	1.4344	788.24	-0.018797	8.3834e-05	0.10332	supercritical
531.0	1294.8	811.98	0.0012316	459.98	619.44	1.7067	0.95771	1.4343	789.31	-0.018898	8.3975e-05	0.10345	supercritical
531.0	1298.0	812.76	0.0012304	459.82	619.52	1.7061	0.95784	1.4341	790.38	-0.019	8.4116e-05	0.10358	supercritical
531.0	1301.2	813.54	0.0012292	459.66	619.61	1.7056	0.95797	1.434	791.45	-0.0191	8.4257e-05	0.10371	supercritical
531.0	1304.5	814.31	0.001228	459.51	619.7	1.705	0.95811	1.4338	792.51	-0.0192	8.4398e-05	0.10385	supercritical
531.0	1307.8	815.09	0.0012269	459.35	619.79	1.7044	0.95824	1.4337	793.58	-0.019299	8.4539e-05	0.10398	supercritical
531.0	1311.0	815.86	0.0012257	459.19	619.88	1.7038	0.95837	1.4336	794.64	-0.019397	8.4679e-05	0.10411	supercritical
531.0	1314.2	816.63	0.0012246	459.04	619.97	1.7032	0.9585	1.4334	795.7	-0.019495	8.482e-05	0.10424	supercritical
531.0	1317.5	817.39	0.0012234	458.88	620.06	1.7027	0.95863	1.4333	796.76	-0.019592	8.496e-05	0.10437	supercritical
531.0	1320.8	818.16	0.0012223	458.73	620.16	1.7021	0.95876	1.4332	797.82	-0.019689	8.5101e-05	0.10451	supercritical
531.0	1324.0	818.92	0.0012211	458.57	620.25	1.7015	0.9589	1.433	798.88	-0.019785	8.5241e-05	0.10464	supercritical
531.0	1327.2	819.68	0.00122	458.42	620.34	1.7009	0.95903	1.4329	799.93	-0.01988	8.5381e-05	0.10477	supercritical
531.0	1330.5	820.44	0.0012189	458.26	620.43	1.7004	0.95916	1.4328	800.98	-0.019975	8.5521e-05	0.1049	supercritical
531.0	1333.8	821.19	0.0012177	458.11	620.53	1.6998	0.95929	1.4326	802.03	-0.020069	8.5661e-05	0.10503	supercritical
531.0	1337.0	821.95	0.0012166	457.96	620.62	1.6992	0.95942	1.4325	803.08	-0.020162	8.58e-05	0.10516	supercritical
531.0	1340.2	822.7	0.0012155	457.8	620.71	1.6987	0.95955	1.4324	804.13	-0.020255	8.594e-05	0.1053	supercritical
531.0	1343.5	823.45	0.0012144	457.65	620.81	1.6981	0.95969	1.4322	805.18	-0.020347	8.608e-05	0.10543	supercritical
531.0	1346.8	824.19	0.0012133	457.5	620.9	1.6975	0.95982	1.4321	806.22	-0.020439	8.6219e-05	0.10556	supercritical
531.0	1350.0	824.94	0.0012122	457.35	621.0	1.697	0.95995	1.432	807.26	-0.02053	8.6358e-05	0.10569	supercritical
531.0	1353.2	825.68	0.0012111	457.2	621.09	1.6964	0.96008	1.4319	808.31	-0.020621	8.6497e-05	0.10582	supercritical
531.0	1356.5	826.42	0.00121	457.05	621.19	1.6958	0.96021	1.4317	809.35	-0.020711	8.6636e-05	0.10595	supercritical
531.0	1359.8	827.16	0.001209	456.9	621.29	1.6953	0.96034	1.4316	810.38	-0.0208	8.6775e-05	0.10608	supercritical
531.0	1363.0	827.9	0.0012079	456.75	621.38	1.6947	0.96047	1.4315	811.42	-0.020889	8.6914e-05	0.10621	supercritical
531.0	1366.2	828.63	0.0012068	456.6	621.48	1.6942	0.9606	1.4314	812.45	-0.020977	8.7053e-05	0.10634	supercritical
531.0	1369.5	829.36	0.0012057	456.45	621.58	1.6936	0.96074	1.4312	813.49	-0.021065	8.7191e-05	0.10648	supercritical
531.0	1372.8	830.09	0.0012047	456.3	621.68	1.6931	0.96087	1.4311	814.52	-0.021152	8.733e-05	0.10661	supercritical
531.0	1376.0	830.82	0.0012036	456.16	621.78	1.6925	0.961	1.431	815.55	-0.021239	8.7468e-05	0.10674	supercritical
531.0	1379.2	831.55	0.0012026	456.01	621.87	1.692	0.96113	1.4309	816.57	-0.021325	8.7607e-05	0.10687	supercritical
531.0	1382.5	832.27	0.0012015	455.86	621.97	1.6914	0.96126	1.4308	817.6	-0.02141	8.7745e-05	0.107	supercritical
531.0	1385.8	833.0	0.0012005	455.72	622.07	1.6909	0.96139	1.4306	818.63	-0.021495	8.7883e-05	0.10713	supercritical
531.0	1389.0	833.72	0.0011994	455.57	622.17	1.6903	0.96152	1.4305	819.65	-0.02158	8.8021e-05	0.10726	supercritical
531.0	1392.2	834.44	0.0011984	455.43	622.27	1.6898	0.96165	1.4304	820.67	-0.021664	8.8159e-05	0.10739	supercritical
531.0	1395.5	835.15	0.0011974	455.28	622.38	1.6892	0.96179	1.4303	821.69	-0.021747	8.8296e-05	0.10752	supercritical
531.0	1398.8	835.87	0.0011964	455.14	622.48	1.6887	0.96192	1.4302	822.71	-0.02183	8.8434e-05	0.10765	supercritical
531.0	1402.0	836.58	0.0011953	454.99	622.58	1.6882	0.96205	1.4301	823.72	-0.021912	8.8571e-05	0.10778	supercritical
531.0	1405.2	837.29	0.0011943	454.85	622.68	1.6876	0.96218	1.4299	824.74	-0.021994	8.8709e-05	0.10791	supercritical
531.0	1408.5	838.0	0.0011933	454.7	622.78	1.6871	0.96231	1.4298	825.75	-0.022076	8.8846e-05	0.10804	supercritical
531.0	1411.8	838.71	0.0011923	454.56	622.89	1.6865	0.96244	1.4297	826.76	-0.022157	8.8983e-05	0.10817	supercritical
531.0	1415.0	839.41	0.0011913	454.42	622.99	1.686	0.96257	1.4296	827.77	-0.022237	8.9121e-05	0.1083	supercritical
531.0	1418.2	840.12	0.0011903	454.28	623.09	1.6855	0.9627	1.4295	828.78	-0.022317	8.9258e-05	0.10843	supercritical
531.0	1421.5	840.82	0.0011893	454.13	623.2	1.6849	0.96283	1.4294	829.79	-0.022396	8.9394e-05	0.10856	supercritical
531.0	1424.8	841.52	0.0011883	453.99	623.3	1.6844	0.96297	1.4293	830.8	-0.022475	8.9531e-05	0.10869	supercritical
531.0	1428.0	842.22	0.0011873	453.85	623.4	1.6839	0.9631	1.4291	831.8	-0.022554	8.9668e-05	0.10881	supercritical
531.0	1431.2	842.91	0.0011864	453.71	623.51	1.6833	0.96323	1.429	832.8	-0.022632	8.9805e-05	0.10894	supercritical
531.0	1434.5	843.61	0.0011854	453.57	623.61	1.6828	0.96336	1.4289	833.8	-0.022709	8.9941e-05	0.10907	supercritical
531.0	1437.8	844.3	0.0011844	453.43	623.72	1.6823	0.96349	1.4288	834.8	-0.022786	9.0077e-05	0.1092	supercritical
531.0	1441.0	844.99	0.0011834	453.29	623.83	1.6818	0.96362	1.4287	835.8	-0.022863	9.0214e-05	0.10933	supercritical
531.0	1444.2	845.68	0.0011825	453.15	623.93	1.6812	0.96375	1.4286	836.8	-0.022939	9.035e-05	0.10946	supercritical
531.0	1447.5	846.37	0.0011815	453.01	624.04	1.6807	0.96388	1.4285	837.79	-0.023015	9.0486e-05	0.10959	supercritical
531.0	1450.8	847.05	0.0011806	452.88	624.15	1.6802	0.96401	1.4284	838.78	-0.02309	9.0622e-05	0.10972	supercritical
531.0	1454.0	847.74	0.0011796	452.74	624.25	1.6797	0.96414	1.4283	839.78	-0.023165	9.0758e-05	0.10985	supercritical
531.0	1457.2	848.42	0.0011787	452.6	624.36	1.6792	0.96427	1.4282	840.77	-0.023239	9.0894e-05	0.10997	supercritical
531.0	1460.5	849.1	0.0011777	452.46	624.47	1.6786	0.9644	1.4281	841.75	-0.023313	9.103e-05	0.1101	supercritical
531.0	1463.8	849.78	0.0011768	452.33	624.58	1.6781	0.96453	1.428	842.74	-0.023386	9.1165e-05	0.11023	supercritical
531.0	1467.0	850.45	0.0011758	452.19	624.69	1.6776	0.96467	1.4279	843.73	-0.023459	9.1301e-05	0.11036	supercritical
531.0	1470.2	851.13	0.0011749	452.05	624.8	1.6771	0.9648	1.4278	844.71	-0.023532	9.1436e-05	0.11049	supercritical
531.0	1473.5	851.8	0.001174	451.92	624.91	1.6766	0.96493	1.4277	845.69	-0.023604	9.1572e-05	0.11062	supercritical
531.0	1476.8	852.47	0.0011731	451.78	625.01	1.6761	0.96506	1.4276	846.67	-0.023676	9.1707e-05	0.11075	supercritical
531.0	1480.0	853.14	0.0011721	451.65	625.12	1.6756	0.96519	1.4275	847.65	-0.023747	9.1842e-05	0.11087	supercritical
531.0	1483.2	853.81	0.0011712	451.51	625.24	1.6751	0.96532	1.4274	848.63	-0.023818	9.1977e-05	0.111	supercritical
531.0	1486.5	854.48	0.0011703	451.38	625.35	1.6745	0.96545	1.4272	849.61	-0.023889	9.2112e-05	0.11113	supercritical
531.0	1489.8	855.14	0.0011694	451.25	625.46	1.674	0.96558	1.4272	850.58	-0.023959	9.2247e-05	0.11126	supercritical
531.0	1493.0	855.8	0.0011685	451.11	625.57	1.6735	0.96571	1.4271	851.56	-0.024028	9.2382e-05	0.11139	supercritical
531.0	1496.2	856.47	0.0011676	450.98	625.68	1.673	0.96584	1.427	852.53	-0.024098	9.2516e-05	0.11151	supercritical
531.0	1499.5	857.13	0.0011667	450.85	625.79	1.6725	0.96597	1.4269	853.5	-0.024166	9.2651e-05	0.11164	supercritical
531.0	1502.8	857.78	0.0011658	450.71	625.9	1.672	0.9661	1.4268	854.47	-0.024235	9.2786e-05	0.11177	supercritical
531.0	1506.0	858.44	0.0011649	450.58	626.02	1.6715	0.96623	1.4267	855.44	-0.024303	9.292e-05	0.1119	supercritical
531.0	1509.2	859.1	0.001164	450.45	626.13	1.671	0.96636	1.4266	856.4	-0.024371	9.3054e-05	0.11203	supercritical
531.0	1512.5	859.75	0.0011631	450.32	626.24	1.6705	0.96649	1.4265	857.37	-0.024438	9.3189e-05	0.11215	supercritical
531.0	1515.8	860.4	0.0011622	450.19	626.36	1.67	0.96662	1.4264	858.33	-0.024505	9.3323e-05	0.11228	supercritical
531.0	1519.0	861.05	0.0011614	450.06	626.47	1.6695	0.96675	1.4263	859.29	-0.024571	9.3457e-05	0.11241	supercritical
531.0	1522.2	861.7	0.0011605	449.93	626.58	1.669	0.96688	1.4262	860.25	-0.024638	9.3591e-05	0.11254	supercritical
531.0	1525.5	862.35	0.0011596	449.8	626.7	1.6685	0.96701	1.4261	861.21	-0.024703	9.3725e-05	0.11266	supercritical
531.0	1528.8	862.99	0.0011588	449.67	626.81	1.668	0.96714	1.426	862.17	-0.024769	9.3859e-05	0.11279	supercritical
531.0	1532.0	863.64	0.0011579	449.54	626.93	1.6675	0.96727	1.4259	863.13	-0.024834	9.3992e-05	0.11292	supercritical
531.0	1535.2	864.28	0.001157	449.41	627.04	1.6671	0.9674	1.4258	864.08	-0.024898	9.4126e-05	0.11304	supercritical
531.0	1538.5	864.92	0.0011562	449.28	627.16	1.6666	0.96753	1.4257	865.03	-0.024963	9.426e-05	0.11317	supercritical
531.0	1541.8	865.56	0.0011553	449.15	627.27	1.6661	0.96767	1.4256	865.99	-0.025026	9.4393e-05	0.1133	supercritical
531.0	1545.0	866.2	0.0011545	449.02	627.39	1.6656	0.9678	1.4255	866.94	-0.02509	9.4526e-05	0.11343	supercritical
531.0	1548.2	866.83	0.0011536	448.9	627.51	1.6651	0.96793	1.4254	867.89	-0.025153	9.466e-05	0.11355	supercritical
531.0	1551.5	867.47	0.0011528	448.77	627.62	1.6646	0.96806	1.4254	868.83	-0.025216	9.4793e-05	0.11368	supercritical
531.0	1554.8	868.1	0.0011519	448.64	627.74	1.6641	0.96819	1.4253	869.78	-0.025278	9.4926e-05	0.11381	supercritical
531.0	1558.0	868.73	0.0011511	448.52	627.86	1.6636	0.96832	1.4252	870.73	-0.025341	9.5059e-05	0.11393	supercritical
531.0	1561.2	869.36	0.0011503	448.39	627.97	1.6632	0.96845	1.4251	871.67	-0.025402	9.5192e-05	0.11406	supercritical
531.0	1564.5	869.99	0.0011494	448.26	628.09	1.6627	0.96858	1.425	872.61	-0.025464	9.5325e-05	0.11419	supercritical
531.0	1567.8	870.62	0.0011486	448.14	628.21	1.6622	0.96871	1.4249	873.55	-0.025525	9.5458e-05	0.11431	supercritical
531.0	1571.0	871.24	0.0011478	448.01	628.33	1.6617	0.96884	1.4248	874.49	-0.025586	9.5591e-05	0.11444	supercritical
531.0	1574.2	871.87	0.001147	447.89	628.45	1.6612	0.96897	1.4247	875.43	-0.025646	9.5723e-05	0.11457	supercritical
531.0	1577.5	872.49	0.0011461	447.76	628.57	1.6608	0.9691	1.4247	876.37	-0.025706	9.5856e-05	0.11469	supercritical
531.0	1580.8	873.11	0.0011453	447.64	628.69	1.6603	0.96923	1.4246	877.3	-0.025766	9.5988e-05	0.11482	supercritical
531.0	1584.0	873.73	0.0011445	447.51	628.81	1.6598	0.96935	1.4245	878.24	-0.025825	9.6121e-05	0.11495	supercritical
531.0	1587.2	874.35	0.0011437	447.39	628.92	1.6593	0.96948	1.4244	879.17	-0.025884	9.6253e-05	0.11507	supercritical
531.0	1590.5	874.97	0.0011429	447.27	629.04	1.6589	0.96961	1.4243	880.1	-0.025943	9.6386e-05	0.1152	supercritical
531.0	1593.8	875.58	0.0011421	447.14	629.16	1.6584	0.96974	1.4242	881.03	-0.026002	9.6518e-05	0.11533	supercritical
531.0	1597.0	876.2	0.0011413	447.02	629.29	1.6579	0.96987	1.4242	881.96	-0.02606	9.665e-05	0.11545	supercritical
531.0	1600.2	876.81	0.0011405	446.9	629.41	1.6574	0.97	1.4241	882.89	-0.026118	9.6782e-05	0.11558	supercritical
531.0	1603.5	877.42	0.0011397	446.78	629.53	1.657	0.97013	1.424	883.81	-0.026175	9.6914e-05	0.1157	supercritical
531.0	1606.8	878.03	0.0011389	446.65	629.65	1.6565	0.97026	1.4239	884.74	-0.026232	9.7046e-05	0.11583	supercritical
531.0	1610.0	878.64	0.0011381	446.53	629.77	1.656	0.97039	1.4238	885.66	-0.026289	9.7178e-05	0.11596	supercritical
531.0	1613.2	879.25	0.0011373	446.41	629.89	1.6556	0.97052	1.4238	886.58	-0.026346	9.7309e-05	0.11608	supercritical
531.0	1616.5	879.85	0.0011366	446.29	630.01	1.6551	0.97065	1.4237	887.5	-0.026402	9.7441e-05	0.11621	supercritical
531.0	1619.8	880.46	0.0011358	446.17	630.14	1.6546	0.97078	1.4236	888.42	-0.026458	9.7573e-05	0.11633	supercritical
531.0	1623.0	881.06	0.001135	446.05	630.26	1.6542	0.97091	1.4235	889.34	-0.026514	9.7704e-05	0.11646	supercritical
531.0	1626.2	881.66	0.0011342	445.93	630.38	1.6537	0.97104	1.4234	890.26	-0.026569	9.7836e-05	0.11659	supercritical
531.0	1629.5	882.26	0.0011334	445.81	630.5	1.6533	0.97117	1.4234	891.17	-0.026624	9.7967e-05	0.11671	supercritical
531.0	1632.8	882.86	0.0011327	445.69	630.63	1.6528	0.9713	1.4233	892.09	-0.026679	9.8098e-05	0.11684	supercritical
531.0	1636.0	883.46	0.0011319	445.57	630.75	1.6523	0.97143	1.4232	893.0	-0.026733	9.8229e-05	0.11696	supercritical
531.0	1639.2	884.06	0.0011311	445.45	630.88	1.6519	0.97156	1.4231	893.91	-0.026787	9.8361e-05	0.11709	supercritical
531.0	1642.5	884.65	0.0011304	445.33	631.0	1.6514	0.97169	1.423	894.82	-0.026841	9.8492e-05	0.11721	supercritical
531.0	1645.8	885.24	0.0011296	445.21	631.12	1.651	0.97182	1.423	895.73	-0.026895	9.8623e-05	0.11734	supercritical
531.0	1649.0	885.84	0.0011289	445.1	631.25	1.6505	0.97195	1.4229	896.64	-0.026948	9.8754e-05	0.11747	supercritical
531.0	1652.2	886.43	0.0011281	444.98	631.37	1.65	0.97208	1.4228	897.55	-0.027001	9.8884e-05	0.11759	supercritical
531.0	1655.5	887.02	0.0011274	444.86	631.5	1.6496	0.97221	1.4227	898.45	-0.027054	9.9015e-05	0.11772	supercritical
531.0	1658.8	887.61	0.0011266	444.74	631.62	1.6491	0.97233	1.4227	899.35	-0.027106	9.9146e-05	0.11784	supercritical
531.0	1662.0	888.19	0.0011259	444.63	631.75	1.6487	0.97246	1.4226	900.26	-0.027159	9.9277e-05	0.11797	supercritical
531.0	1665.2	888.78	0.0011251	444.51	631.87	1.6482	0.97259	1.4225	901.16	-0.027211	9.9407e-05	0.11809	supercritical
531.0	1668.5	889.36	0.0011244	444.39	632.0	1.6478	0.97272	1.4225	902.06	-0.027262	9.9538e-05	0.11822	supercritical
531.0	1671.8	889.95	0.0011237	444.28	632.13	1.6473	0.97285	1.4224	902.96	-0.027314	9.9668e-05	0.11834	supercritical
531.0	1675.0	890.53	0.0011229	444.16	632.25	1.6469	0.97298	1.4223	903.86	-0.027365	9.9799e-05	0.11847	supercritical
531.0	1678.2	891.11	0.0011222	444.05	632.38	1.6464	0.97311	1.4222	904.75	-0.027416	9.9929e-05	0.11859	supercritical
531.0	1681.5	891.69	0.0011215	443.93	632.51	1.646	0.97324	1.4222	905.65	-0.027466	0.00010006	0.11872	supercritical
531.0	1684.8	892.27	0.0011207	443.82	632.63	1.6455	0.97337	1.4221	906.54	-0.027516	0.00010019	0.11884	supercritical
531.0	1688.0	892.85	0.00112	443.7	632.76	1.6451	0.9735	1.422	907.43	-0.027566	0.00010032	0.11897	supercritical
531.0	1691.2	893.42	0.0011193	443.59	632.89	1.6446	0.97363	1.422	908.33	-0.027616	0.00010045	0.11909	supercritical
531.0	1694.5	894.0	0.0011186	443.47	633.02	1.6442	0.97375	1.4219	909.22	-0.027666	0.00010058	0.11922	supercritical
531.0	1697.8	894.57	0.0011179	443.36	633.14	1.6438	0.97388	1.4218	910.11	-0.027715	0.00010071	0.11934	supercritical
531.0	1701.0	895.14	0.0011171	443.25	633.27	1.6433	0.97401	1.4217	910.99	-0.027764	0.00010084	0.11947	supercritical
531.0	1704.2	895.71	0.0011164	443.13	633.4	1.6429	0.97414	1.4217	911.88	-0.027813	0.00010097	0.11959	supercritical
531.0	1707.5	896.28	0.0011157	443.02	633.53	1.6424	0.97427	1.4216	912.77	-0.027861	0.0001011	0.11972	supercritical
531.0	1710.8	896.85	0.001115	442.91	633.66	1.642	0.9744	1.4215	913.65	-0.02791	0.00010123	0.11984	supercritical
531.0	1714.0	897.42	0.0011143	442.79	633.79	1.6416	0.97453	1.4215	914.53	-0.027958	0.00010136	0.11997	supercritical
531.0	1717.2	897.99	0.0011136	442.68	633.92	1.6411	0.97466	1.4214	915.41	-0.028005	0.00010149	0.12009	supercritical
531.0	1720.5	898.55	0.0011129	442.57	634.05	1.6407	0.97479	1.4213	916.3	-0.028053	0.00010162	0.12022	supercritical
531.0	1723.8	899.11	0.0011122	442.46	634.17	1.6402	0.97491	1.4213	917.17	-0.0281	0.00010175	0.12034	supercritical
531.0	1727.0	899.68	0.0011115	442.35	634.3	1.6398	0.97504	1.4212	918.05	-0.028147	0.00010188	0.12047	supercritical
531.0	1730.2	900.24	0.0011108	442.24	634.43	1.6394	0.97517	1.4211	918.93	-0.028194	0.000102	0.12059	supercritical
531.0	1733.5	900.8	0.0011101	442.12	634.57	1.6389	0.9753	1.4211	919.81	-0.028241	0.00010213	0.12072	supercritical
531.0	1736.8	901.36	0.0011094	442.01	634.7	1.6385	0.97543	1.421	920.68	-0.028287	0.00010226	0.12084	supercritical
531.0	1740.0	901.92	0.0011088	441.9	634.83	1.6381	0.97556	1.421	921.55	-0.028333	0.00010239	0.12096	supercritical
531.0	1743.2	902.47	0.0011081	441.79	634.96	1.6376	0.97569	1.4209	922.43	-0.028379	0.00010252	0.12109	supercritical
531.0	1746.5	903.03	0.0011074	441.68	635.09	1.6372	0.97581	1.4208	923.3	-0.028425	0.00010265	0.12121	supercritical
531.0	1749.8	903.58	0.0011067	441.57	635.22	1.6368	0.97594	1.4208	924.17	-0.02847	0.00010278	0.12134	supercritical
531.0	1753.0	904.14	0.001106	441.46	635.35	1.6363	0.97607	1.4207	925.04	-0.028515	0.00010291	0.12146	supercritical
531.0	1756.2	904.69	0.0011054	441.36	635.48	1.6359	0.9762	1.4206	925.9	-0.02856	0.00010304	0.12159	supercritical
531.0	1759.5	905.24	0.0011047	441.25	635.62	1.6355	0.97633	1.4206	926.77	-0.028605	0.00010317	0.12171	supercritical
531.0	1762.8	905.79	0.001104	441.14	635.75	1.6351	0.97646	1.4205	927.64	-0.028649	0.00010329	0.12183	supercritical
531.0	1766.0	906.34	0.0011033	441.03	635.88	1.6346	0.97659	1.4205	928.5	-0.028694	0.00010342	0.12196	supercritical
531.0	1769.2	906.89	0.0011027	440.92	636.01	1.6342	0.97671	1.4204	929.36	-0.028738	0.00010355	0.12208	supercritical
531.0	1772.5	907.43	0.001102	440.81	636.15	1.6338	0.97684	1.4203	930.23	-0.028782	0.00010368	0.12221	supercritical
531.0	1775.8	907.98	0.0011013	440.71	636.28	1.6334	0.97697	1.4203	931.09	-0.028825	0.00010381	0.12233	supercritical
531.0	1779.0	908.52	0.0011007	440.6	636.41	1.6329	0.9771	1.4202	931.95	-0.028869	0.00010394	0.12246	supercritical
531.0	1782.2	909.07	0.0011	440.49	636.54	1.6325	0.97723	1.4202	932.81	-0.028912	0.00010406	0.12258	supercritical
531.0	1785.5	909.61	0.0010994	440.38	636.68	1.6321	0.97736	1.4201	933.66	-0.028955	0.00010419	0.1227	supercritical
531.0	1788.8	910.15	0.0010987	440.28	636.81	1.6317	0.97748	1.42	934.52	-0.028998	0.00010432	0.12283	supercritical
531.0	1792.0	910.69	0.0010981	440.17	636.95	1.6313	0.97761	1.42	935.37	-0.02904	0.00010445	0.12295	supercritical
531.0	1795.2	911.23	0.0010974	440.07	637.08	1.6308	0.97774	1.4199	936.23	-0.029083	0.00010458	0.12308	supercritical
531.0	1798.5	911.77	0.0010968	439.96	637.21	1.6304	0.97787	1.4199	937.08	-0.029125	0.00010471	0.1232	supercritical
531.0	1801.8	912.3	0.0010961	439.85	637.35	1.63	0.978	1.4198	937.93	-0.029167	0.00010483	0.12332	supercritical
531.0	1805.0	912.84	0.0010955	439.75	637.48	1.6296	0.97812	1.4197	938.78	-0.029208	0.00010496	0.12345	supercritical
531.0	1808.2	913.37	0.0010948	439.64	637.62	1.6292	0.97825	1.4197	939.63	-0.02925	0.00010509	0.12357	supercritical
531.0	1811.5	913.91	0.0010942	439.54	637.75	1.6287	0.97838	1.4196	940.48	-0.029291	0.00010522	0.12369	supercritical
531.0	1814.8	914.44	0.0010936	439.43	637.89	1.6283	0.97851	1.4196	941.33	-0.029332	0.00010534	0.12382	supercritical
531.0	1818.0	914.97	0.0010929	439.33	638.02	1.6279	0.97864	1.4195	942.18	-0.029373	0.00010547	0.12394	supercritical
531.0	1821.2	915.5	0.0010923	439.23	638.16	1.6275	0.97876	1.4195	943.02	-0.029414	0.0001056	0.12407	supercritical
531.0	1824.5	916.03	0.0010917	439.12	638.3	1.6271	0.97889	1.4194	943.87	-0.029455	0.00010573	0.12419	supercritical
531.0	1827.8	916.56	0.001091	439.02	638.43	1.6267	0.97902	1.4194	944.71	-0.029495	0.00010585	0.12431	supercritical
531.0	1831.0	917.09	0.0010904	438.91	638.57	1.6263	0.97915	1.4193	945.55	-0.029535	0.00010598	0.12444	supercritical
531.0	1834.2	917.61	0.0010898	438.81	638.7	1.6259	0.97928	1.4192	946.39	-0.029575	0.00010611	0.12456	supercritical
531.0	1837.5	918.14	0.0010892	438.71	638.84	1.6255	0.9794	1.4192	947.23	-0.029615	0.00010624	0.12468	supercritical
531.0	1840.8	918.66	0.0010885	438.6	638.98	1.625	0.97953	1.4191	948.07	-0.029654	0.00010636	0.12481	supercritical
531.0	1844.0	919.19	0.0010879	438.5	639.11	1.6246	0.97966	1.4191	948.91	-0.029694	0.00010649	0.12493	supercritical
531.0	1847.2	919.71	0.0010873	438.4	639.25	1.6242	0.97979	1.419	949.75	-0.029733	0.00010662	0.12505	supercritical
531.0	1850.5	920.23	0.0010867	438.3	639.39	1.6238	0.97991	1.419	950.58	-0.029772	0.00010675	0.12518	supercritical
531.0	1853.8	920.75	0.0010861	438.2	639.53	1.6234	0.98004	1.4189	951.42	-0.029811	0.00010687	0.1253	supercritical
531.0	1857.0	921.27	0.0010855	438.09	639.66	1.623	0.98017	1.4189	952.25	-0.029849	0.000107	0.12542	supercritical
531.0	1860.2	921.79	0.0010848	437.99	639.8	1.6226	0.9803	1.4188	953.08	-0.029888	0.00010713	0.12555	supercritical
531.0	1863.5	922.31	0.0010842	437.89	639.94	1.6222	0.98042	1.4188	953.91	-0.029926	0.00010725	0.12567	supercritical
531.0	1866.8	922.82	0.0010836	437.79	640.08	1.6218	0.98055	1.4187	954.74	-0.029964	0.00010738	0.12579	supercritical
531.0	1870.0	923.34	0.001083	437.69	640.21	1.6214	0.98068	1.4187	955.57	-0.030002	0.00010751	0.12592	supercritical
531.0	1873.2	923.85	0.0010824	437.59	640.35	1.621	0.98081	1.4186	956.4	-0.03004	0.00010763	0.12604	supercritical
531.0	1876.5	924.37	0.0010818	437.49	640.49	1.6206	0.98093	1.4186	957.23	-0.030077	0.00010776	0.12616	supercritical
531.0	1879.8	924.88	0.0010812	437.39	640.63	1.6202	0.98106	1.4185	958.05	-0.030115	0.00010789	0.12629	supercritical
531.0	1883.0	925.39	0.0010806	437.29	640.77	1.6198	0.98119	1.4185	958.88	-0.030152	0.00010801	0.12641	supercritical
531.0	1886.2	925.9	0.00108	437.19	640.91	1.6194	0.98132	1.4184	959.7	-0.030189	0.00010814	0.12653	supercritical
531.0	1889.5	926.41	0.0010794	437.09	641.05	1.619	0.98144	1.4184	960.53	-0.030226	0.00010827	0.12666	supercritical
531.0	1892.8	926.92	0.0010788	436.99	641.19	1.6186	0.98157	1.4183	961.35	-0.030263	0.00010839	0.12678	supercritical
531.0	1896.0	927.43	0.0010783	436.89	641.33	1.6182	0.9817	1.4183	962.17	-0.030299	0.00010852	0.1269	supercritical
531.0	1899.2	927.93	0.0010777	436.79	641.47	1.6178	0.98182	1.4182	962.99	-0.030335	0.00010865	0.12702	supercritical
531.0	1902.5	928.44	0.0010771	436.69	641.61	1.6174	0.98195	1.4182	963.81	-0.030372	0.00010877	0.12715	supercritical
531.0	1905.8	928.94	0.0010765	436.59	641.75	1.617	0.98208	1.4181	964.63	-0.030408	0.0001089	0.12727	supercritical
531.0	1909.0	929.45	0.0010759	436.5	641.89	1.6166	0.98221	1.4181	965.44	-0.030443	0.00010903	0.12739	supercritical
531.0	1912.2	929.95	0.0010753	436.4	642.03	1.6162	0.98233	1.418	966.26	-0.030479	0.00010915	0.12752	supercritical
531.0	1915.5	930.45	0.0010747	436.3	642.17	1.6158	0.98246	1.418	967.07	-0.030515	0.00010928	0.12764	supercritical
531.0	1918.8	930.95	0.0010742	436.2	642.31	1.6154	0.98259	1.4179	967.89	-0.03055	0.0001094	0.12776	supercritical
531.0	1922.0	931.45	0.0010736	436.11	642.45	1.615	0.98271	1.4179	968.7	-0.030585	0.00010953	0.12788	supercritical
531.0	1925.2	931.95	0.001073	436.01	642.59	1.6146	0.98284	1.4178	969.51	-0.03062	0.00010966	0.12801	supercritical
531.0	1928.5	932.45	0.0010724	435.91	642.73	1.6143	0.98297	1.4178	970.32	-0.030655	0.00010978	0.12813	supercritical
531.0	1931.8	932.95	0.0010719	435.81	642.87	1.6139	0.98309	1.4177	971.13	-0.03069	0.00010991	0.12825	supercritical
531.0	1935.0	933.45	0.0010713	435.72	643.01	1.6135	0.98322	1.4177	971.94	-0.030724	0.00011003	0.12838	supercritical
531.0	1938.2	933.94	0.0010707	435.62	643.16	1.6131	0.98335	1.4177	972.75	-0.030759	0.00011016	0.1285	supercritical
531.0	1941.5	934.44	0.0010702	435.53	643.3	1.6127	0.98347	1.4176	973.56	-0.030793	0.00011029	0.12862	supercritical
531.0	1944.8	934.93	0.0010696	435.43	643.44	1.6123	0.9836	1.4176	974.36	-0.030827	0.00011041	0.12874	supercritical
531.0	1948.0	935.42	0.001069	435.33	643.58	1.6119	0.98373	1.4175	975.17	-0.030861	0.00011054	0.12887	supercritical
531.0	1951.2	935.91	0.0010685	435.24	643.72	1.6115	0.98385	1.4175	975.97	-0.030894	0.00011066	0.12899	supercritical
531.0	1954.5	936.41	0.0010679	435.14	643.87	1.6112	0.98398	1.4174	976.78	-0.030928	0.00011079	0.12911	supercritical
531.0	1957.8	936.9	0.0010674	435.05	644.01	1.6108	0.98411	1.4174	977.58	-0.030962	0.00011091	0.12923	supercritical
531.0	1961.0	937.39	0.0010668	434.95	644.15	1.6104	0.98423	1.4173	978.38	-0.030995	0.00011104	0.12936	supercritical
531.0	1964.2	937.87	0.0010662	434.86	644.29	1.61	0.98436	1.4173	979.18	-0.031028	0.00011117	0.12948	supercritical
531.0	1967.5	938.36	0.0010657	434.76	644.44	1.6096	0.98449	1.4173	979.98	-0.031061	0.00011129	0.1296	supercritical
531.0	1970.8	938.85	0.0010651	434.67	644.58	1.6092	0.98461	1.4172	980.78	-0.031094	0.00011142	0.12972	supercritical
531.0	1974.0	939.33	0.0010646	434.58	644.72	1.6089	0.98474	1.4172	981.57	-0.031127	0.00011154	0.12985	supercritical
531.0	1977.2	939.82	0.001064	434.48	644.87	1.6085	0.98487	1.4171	982.37	-0.031159	0.00011167	0.12997	supercritical
531.0	1980.5	940.3	0.0010635	434.39	645.01	1.6081	0.98499	1.4171	983.17	-0.031191	0.00011179	0.13009	supercritical
531.0	1983.8	940.79	0.0010629	434.29	645.15	1.6077	0.98512	1.417	983.96	-0.031224	0.00011192	0.13021	supercritical
531.0	1987.0	941.27	0.0010624	434.2	645.3	1.6073	0.98525	1.417	984.75	-0.031256	0.00011204	0.13034	supercritical
531.0	1990.2	941.75	0.0010619	434.11	645.44	1.607	0.98537	1.417	985.55	-0.031288	0.00011217	0.13046	supercritical
531.0	1993.5	942.23	0.0010613	434.01	645.59	1.6066	0.9855	1.4169	986.34	-0.03132	0.00011229	0.13058	supercritical
531.0	1996.8	942.71	0.0010608	433.92	645.73	1.6062	0.98562	1.4169	987.13	-0.031351	0.00011242	0.1307	supercritical
531.0	2000.0	943.19	0.0010602	433.83	645.88	1.6058	0.98575	1.4168	987.92	-0.031383	0.00011254	0.13083	supercritical
