Temperature (K)	Pressure (bar)	Density (kg/m3)	Volume (m3/kg)	Internal Energy (kJ/kg)	Enthalpy (kJ/kg)	Entropy (J/g*K)	Cv (J/g*K)	Cp (J/g*K)	Sound Spd. (m/s)	Joule-Thomson (K/bar)	Viscosity (Pa*s)	Therm. Cond. (W/m*K)	Phase
264.0	56.5	995.92	0.0010041	171.47	177.14	0.90656	0.93086	2.2017	659.28	0.016014	0.00012353	0.12423	liquid
264.0	59.75	997.68	0.0010023	171.04	177.03	0.90491	0.93079	2.1909	663.26	0.015287	0.0001242	0.12467	liquid
264.0	63.0	999.4	0.0010006	170.62	176.92	0.90327	0.93075	2.1805	667.16	0.014584	0.00012486	0.1251	liquid
264.0	66.25	1001.1	0.0009989	170.21	176.82	0.90166	0.93072	2.1705	670.99	0.013902	0.00012552	0.12553	liquid
264.0	69.5	1002.8	0.00099724	169.8	176.73	0.90007	0.93072	2.1609	674.75	0.013241	0.00012617	0.12596	liquid
264.0	72.75	1004.4	0.00099561	169.39	176.64	0.8985	0.93073	2.1516	678.45	0.012599	0.00012681	0.12638	liquid
264.0	76.0	1006.0	0.000994	169.0	176.55	0.89695	0.93076	2.1426	682.09	0.011976	0.00012745	0.12679	liquid
264.0	79.25	1007.6	0.00099243	168.61	176.47	0.89542	0.9308	2.1339	685.67	0.011371	0.00012808	0.12721	liquid
264.0	82.5	1009.2	0.00099088	168.22	176.39	0.89391	0.93085	2.1254	689.19	0.010782	0.00012871	0.12761	liquid
264.0	85.75	1010.8	0.00098936	167.84	176.32	0.89242	0.93092	2.1173	692.67	0.010209	0.00012934	0.12802	liquid
264.0	89.0	1012.3	0.00098786	167.46	176.25	0.89094	0.931	2.1094	696.1	0.0096511	0.00012996	0.12842	liquid
264.0	92.25	1013.8	0.00098639	167.09	176.19	0.88948	0.93108	2.1017	699.48	0.0091077	0.00013057	0.12881	liquid
264.0	95.5	1015.3	0.00098495	166.72	176.13	0.88804	0.93117	2.0942	702.81	0.0085781	0.00013118	0.12921	liquid
264.0	98.75	1016.8	0.00098352	166.36	176.07	0.88662	0.93127	2.087	706.1	0.0080618	0.00013179	0.1296	liquid
264.0	102.0	1018.2	0.00098212	166.0	176.02	0.8852	0.93138	2.08	709.36	0.0075581	0.00013239	0.12998	liquid
264.0	105.25	1019.6	0.00098074	165.65	175.97	0.88381	0.93149	2.0731	712.57	0.0070665	0.00013299	0.13036	liquid
264.0	108.5	1021.1	0.00097938	165.3	175.92	0.88243	0.93161	2.0665	715.74	0.0065865	0.00013358	0.13074	liquid
264.0	111.75	1022.5	0.00097804	164.95	175.88	0.88106	0.93173	2.06	718.88	0.0061177	0.00013417	0.13112	liquid
264.0	115.0	1023.8	0.00097672	164.61	175.84	0.87971	0.93186	2.0537	721.98	0.0056596	0.00013476	0.13149	liquid
264.0	118.25	1025.2	0.00097542	164.27	175.81	0.87837	0.93199	2.0475	725.05	0.0052119	0.00013534	0.13186	liquid
264.0	121.5	1026.6	0.00097413	163.94	175.77	0.87705	0.93212	2.0416	728.09	0.004774	0.00013592	0.13223	liquid
264.0	124.75	1027.9	0.00097287	163.61	175.74	0.87573	0.93226	2.0357	731.09	0.0043457	0.0001365	0.1326	liquid
264.0	128.0	1029.2	0.00097162	163.28	175.72	0.87443	0.9324	2.03	734.07	0.0039266	0.00013707	0.13296	liquid
264.0	131.25	1030.5	0.00097039	162.95	175.69	0.87314	0.93254	2.0245	737.01	0.0035164	0.00013764	0.13332	liquid
264.0	134.5	1031.8	0.00096917	162.63	175.67	0.87187	0.93269	2.019	739.93	0.0031148	0.00013821	0.13368	liquid
264.0	137.75	1033.1	0.00096797	162.32	175.65	0.8706	0.93284	2.0137	742.81	0.0027214	0.00013878	0.13403	liquid
264.0	141.0	1034.4	0.00096679	162.0	175.63	0.86935	0.93299	2.0086	745.67	0.002336	0.00013934	0.13438	liquid
264.0	144.25	1035.6	0.00096562	161.69	175.62	0.86811	0.93314	2.0035	748.51	0.0019583	0.0001399	0.13473	liquid
264.0	147.5	1036.8	0.00096447	161.38	175.61	0.86688	0.93329	1.9986	751.32	0.001588	0.00014045	0.13508	liquid
264.0	150.75	1038.1	0.00096333	161.08	175.6	0.86565	0.93344	1.9937	754.1	0.001225	0.00014101	0.13542	liquid
264.0	154.0	1039.3	0.0009622	160.77	175.59	0.86444	0.9336	1.989	756.86	0.000869	0.00014156	0.13577	liquid
264.0	157.25	1040.5	0.00096109	160.47	175.59	0.86324	0.93376	1.9844	759.6	0.00051973	0.0001421	0.13611	liquid
264.0	160.5	1041.7	0.00095999	160.18	175.59	0.86205	0.93391	1.9798	762.31	0.00017702	0.00014265	0.13644	liquid
264.0	163.75	1042.9	0.0009589	159.88	175.59	0.86087	0.93407	1.9754	765.0	-0.00015933	0.00014319	0.13678	liquid
264.0	167.0	1044.0	0.00095783	159.59	175.59	0.8597	0.93423	1.9711	767.67	-0.00048953	0.00014373	0.13711	liquid
264.0	170.25	1045.2	0.00095677	159.3	175.59	0.85854	0.93439	1.9668	770.32	-0.00081375	0.00014427	0.13745	liquid
264.0	173.5	1046.3	0.00095572	159.02	175.6	0.85738	0.93455	1.9626	772.94	-0.0011322	0.00014481	0.13778	liquid
264.0	176.75	1047.5	0.00095468	158.73	175.61	0.85624	0.93472	1.9585	775.55	-0.001445	0.00014534	0.1381	liquid
264.0	180.0	1048.6	0.00095366	158.45	175.62	0.8551	0.93488	1.9545	778.14	-0.0017523	0.00014587	0.13843	liquid
264.0	183.25	1049.7	0.00095264	158.17	175.63	0.85397	0.93504	1.9506	780.71	-0.0020543	0.0001464	0.13875	liquid
264.0	186.5	1050.8	0.00095164	157.89	175.64	0.85285	0.9352	1.9467	783.25	-0.0023511	0.00014693	0.13908	liquid
264.0	189.75	1051.9	0.00095064	157.62	175.66	0.85174	0.93537	1.943	785.78	-0.002643	0.00014746	0.1394	liquid
264.0	193.0	1053.0	0.00094966	157.35	175.68	0.85064	0.93553	1.9393	788.3	-0.0029299	0.00014798	0.13972	liquid
264.0	196.25	1054.1	0.00094869	157.08	175.69	0.84955	0.93569	1.9356	790.79	-0.0032121	0.0001485	0.14003	liquid
264.0	199.5	1055.2	0.00094773	156.81	175.72	0.84846	0.93586	1.932	793.27	-0.0034896	0.00014902	0.14035	liquid
264.0	202.75	1056.2	0.00094677	156.54	175.74	0.84738	0.93602	1.9285	795.73	-0.0037627	0.00014954	0.14066	liquid
264.0	206.0	1057.3	0.00094583	156.28	175.76	0.84631	0.93619	1.9251	798.17	-0.0040314	0.00015006	0.14097	liquid
264.0	209.25	1058.3	0.0009449	156.02	175.79	0.84524	0.93635	1.9217	800.6	-0.0042958	0.00015057	0.14128	liquid
264.0	212.5	1059.4	0.00094397	155.76	175.82	0.84418	0.93652	1.9183	803.01	-0.004556	0.00015108	0.14159	liquid
264.0	215.75	1060.4	0.00094306	155.5	175.85	0.84313	0.93668	1.9151	805.41	-0.0048122	0.00015159	0.1419	liquid
264.0	219.0	1061.4	0.00094215	155.24	175.88	0.84209	0.93685	1.9119	807.79	-0.0050644	0.0001521	0.14221	liquid
264.0	222.25	1062.4	0.00094125	154.99	175.91	0.84105	0.93701	1.9087	810.15	-0.0053128	0.00015261	0.14251	liquid
264.0	225.5	1063.4	0.00094036	154.74	175.94	0.84002	0.93718	1.9056	812.5	-0.0055574	0.00015311	0.14281	liquid
264.0	228.75	1064.4	0.00093948	154.49	175.98	0.839	0.93734	1.9025	814.84	-0.0057983	0.00015362	0.14311	liquid
264.0	232.0	1065.4	0.00093861	154.24	176.01	0.83798	0.93751	1.8995	817.16	-0.0060356	0.00015412	0.14341	liquid
264.0	235.25	1066.4	0.00093774	153.99	176.05	0.83697	0.93767	1.8966	819.46	-0.0062694	0.00015462	0.14371	liquid
264.0	238.5	1067.4	0.00093689	153.75	176.09	0.83596	0.93784	1.8937	821.76	-0.0064999	0.00015512	0.14401	liquid
264.0	241.75	1068.3	0.00093604	153.5	176.13	0.83496	0.938	1.8908	824.04	-0.0067269	0.00015562	0.1443	liquid
264.0	245.0	1069.3	0.0009352	153.26	176.17	0.83397	0.93816	1.888	826.3	-0.0069507	0.00015611	0.1446	liquid
264.0	248.25	1070.2	0.00093436	153.02	176.22	0.83298	0.93833	1.8852	828.56	-0.0071714	0.00015661	0.14489	liquid
264.0	251.5	1071.2	0.00093354	152.78	176.26	0.832	0.93849	1.8825	830.8	-0.0073889	0.0001571	0.14518	liquid
264.0	254.75	1072.1	0.00093272	152.55	176.31	0.83103	0.93866	1.8798	833.03	-0.0076034	0.00015759	0.14547	liquid
264.0	258.0	1073.1	0.0009319	152.31	176.35	0.83006	0.93882	1.8771	835.24	-0.0078148	0.00015808	0.14576	liquid
264.0	261.25	1074.0	0.0009311	152.08	176.4	0.82909	0.93898	1.8745	837.44	-0.0080234	0.00015857	0.14605	liquid
264.0	264.5	1074.9	0.0009303	151.85	176.45	0.82814	0.93915	1.8719	839.63	-0.0082291	0.00015906	0.14634	liquid
264.0	267.75	1075.8	0.00092951	151.62	176.5	0.82718	0.93931	1.8694	841.81	-0.0084321	0.00015954	0.14662	liquid
264.0	271.0	1076.7	0.00092872	151.39	176.56	0.82624	0.93947	1.8669	843.98	-0.0086323	0.00016003	0.14691	liquid
264.0	274.25	1077.7	0.00092794	151.16	176.61	0.82529	0.93964	1.8644	846.13	-0.0088298	0.00016051	0.14719	liquid
264.0	277.5	1078.6	0.00092717	150.93	176.66	0.82436	0.9398	1.862	848.28	-0.0090247	0.00016099	0.14747	liquid
264.0	280.75	1079.4	0.0009264	150.71	176.72	0.82342	0.93996	1.8596	850.41	-0.0092171	0.00016147	0.14775	liquid
264.0	284.0	1080.3	0.00092564	150.49	176.77	0.8225	0.94013	1.8573	852.53	-0.0094069	0.00016195	0.14803	liquid
264.0	287.25	1081.2	0.00092489	150.26	176.83	0.82157	0.94029	1.855	854.64	-0.0095943	0.00016243	0.14831	liquid
264.0	290.5	1082.1	0.00092414	150.04	176.89	0.82066	0.94045	1.8527	856.74	-0.0097793	0.00016291	0.14859	liquid
264.0	293.75	1083.0	0.0009234	149.82	176.95	0.81975	0.94061	1.8504	858.83	-0.009962	0.00016339	0.14886	liquid
264.0	297.0	1083.8	0.00092266	149.61	177.01	0.81884	0.94077	1.8482	860.91	-0.010142	0.00016386	0.14914	liquid
264.0	300.25	1084.7	0.00092193	149.39	177.07	0.81794	0.94094	1.846	862.98	-0.01032	0.00016434	0.14941	liquid
264.0	303.5	1085.5	0.00092121	149.17	177.13	0.81704	0.9411	1.8438	865.04	-0.010496	0.00016481	0.14969	liquid
264.0	306.75	1086.4	0.00092049	148.96	177.2	0.81614	0.94126	1.8417	867.09	-0.01067	0.00016528	0.14996	liquid
264.0	310.0	1087.2	0.00091978	148.75	177.26	0.81525	0.94142	1.8396	869.13	-0.010841	0.00016575	0.15023	liquid
264.0	313.25	1088.1	0.00091907	148.54	177.33	0.81437	0.94158	1.8375	871.16	-0.011011	0.00016622	0.1505	liquid
264.0	316.5	1088.9	0.00091836	148.33	177.39	0.81349	0.94174	1.8354	873.17	-0.011178	0.00016669	0.15077	liquid
264.0	319.75	1089.7	0.00091767	148.12	177.46	0.81261	0.9419	1.8334	875.18	-0.011344	0.00016716	0.15104	liquid
264.0	323.0	1090.5	0.00091697	147.91	177.53	0.81174	0.94206	1.8314	877.18	-0.011507	0.00016762	0.1513	liquid
264.0	326.25	1091.4	0.00091628	147.7	177.6	0.81088	0.94222	1.8294	879.18	-0.011668	0.00016809	0.15157	liquid
264.0	329.5	1092.2	0.0009156	147.5	177.67	0.81001	0.94238	1.8275	881.16	-0.011828	0.00016855	0.15184	liquid
264.0	332.75	1093.0	0.00091492	147.29	177.74	0.80915	0.94254	1.8255	883.13	-0.011986	0.00016901	0.1521	liquid
264.0	336.0	1093.8	0.00091425	147.09	177.81	0.8083	0.9427	1.8236	885.09	-0.012141	0.00016948	0.15236	liquid
264.0	339.25	1094.6	0.00091358	146.89	177.88	0.80745	0.94286	1.8218	887.05	-0.012295	0.00016994	0.15263	liquid
264.0	342.5	1095.4	0.00091292	146.69	177.95	0.8066	0.94302	1.8199	888.99	-0.012448	0.0001704	0.15289	liquid
264.0	345.75	1096.2	0.00091226	146.49	178.03	0.80576	0.94318	1.8181	890.93	-0.012598	0.00017086	0.15315	liquid
264.0	349.0	1097.0	0.0009116	146.29	178.1	0.80492	0.94334	1.8163	892.86	-0.012747	0.00017132	0.15341	liquid
264.0	352.25	1097.7	0.00091095	146.09	178.18	0.80408	0.9435	1.8145	894.78	-0.012894	0.00017177	0.15367	liquid
264.0	355.5	1098.5	0.00091031	145.89	178.25	0.80325	0.94366	1.8127	896.69	-0.01304	0.00017223	0.15392	liquid
264.0	358.75	1099.3	0.00090967	145.7	178.33	0.80242	0.94381	1.8109	898.6	-0.013183	0.00017269	0.15418	liquid
264.0	362.0	1100.1	0.00090903	145.5	178.41	0.8016	0.94397	1.8092	900.49	-0.013326	0.00017314	0.15444	liquid
264.0	365.25	1100.8	0.0009084	145.31	178.49	0.80078	0.94413	1.8075	902.38	-0.013466	0.00017359	0.15469	liquid
264.0	368.5	1101.6	0.00090777	145.12	178.57	0.79996	0.94429	1.8058	904.26	-0.013606	0.00017405	0.15495	liquid
264.0	371.75	1102.4	0.00090715	144.93	178.65	0.79915	0.94445	1.8042	906.13	-0.013743	0.0001745	0.1552	liquid
264.0	375.0	1103.1	0.00090653	144.73	178.73	0.79834	0.9446	1.8025	908.0	-0.013879	0.00017495	0.15546	liquid
264.0	378.25	1103.9	0.00090591	144.55	178.81	0.79753	0.94476	1.8009	909.85	-0.014014	0.0001754	0.15571	liquid
264.0	381.5	1104.6	0.0009053	144.36	178.89	0.79673	0.94492	1.7993	911.7	-0.014147	0.00017585	0.15596	liquid
264.0	384.75	1105.4	0.00090469	144.17	178.98	0.79593	0.94508	1.7977	913.54	-0.014279	0.0001763	0.15621	liquid
264.0	388.0	1106.1	0.00090408	143.98	179.06	0.79513	0.94523	1.7961	915.38	-0.01441	0.00017675	0.15646	liquid
264.0	391.25	1106.8	0.00090348	143.8	179.14	0.79434	0.94539	1.7946	917.21	-0.014539	0.0001772	0.15671	liquid
264.0	394.5	1107.6	0.00090289	143.61	179.23	0.79355	0.94555	1.793	919.02	-0.014666	0.00017764	0.15696	liquid
264.0	397.75	1108.3	0.00090229	143.43	179.32	0.79277	0.9457	1.7915	920.84	-0.014793	0.00017809	0.15721	liquid
264.0	401.0	1109.0	0.00090171	143.24	179.4	0.79198	0.94586	1.79	922.64	-0.014918	0.00017853	0.15745	liquid
264.0	404.25	1109.7	0.00090112	143.06	179.49	0.7912	0.94602	1.7885	924.44	-0.015042	0.00017898	0.1577	liquid
264.0	407.5	1110.4	0.00090054	142.88	179.58	0.79043	0.94617	1.787	926.23	-0.015164	0.00017942	0.15795	liquid
264.0	410.75	1111.2	0.00089996	142.7	179.67	0.78965	0.94633	1.7856	928.01	-0.015286	0.00017986	0.15819	liquid
264.0	414.0	1111.9	0.00089938	142.52	179.75	0.78888	0.94649	1.7841	929.79	-0.015406	0.00018031	0.15843	liquid
264.0	417.25	1112.6	0.00089881	142.34	179.84	0.78812	0.94664	1.7827	931.56	-0.015525	0.00018075	0.15868	liquid
264.0	420.5	1113.3	0.00089824	142.16	179.93	0.78735	0.9468	1.7813	933.32	-0.015642	0.00018119	0.15892	liquid
264.0	423.75	1114.0	0.00089768	141.99	180.03	0.78659	0.94695	1.7799	935.08	-0.015759	0.00018163	0.15916	liquid
264.0	427.0	1114.7	0.00089712	141.81	180.12	0.78583	0.94711	1.7785	936.83	-0.015874	0.00018207	0.1594	liquid
264.0	430.25	1115.4	0.00089656	141.63	180.21	0.78508	0.94726	1.7772	938.58	-0.015989	0.00018251	0.15965	liquid
264.0	433.5	1116.1	0.00089601	141.46	180.3	0.78432	0.94742	1.7758	940.31	-0.016102	0.00018294	0.15989	liquid
264.0	436.75	1116.8	0.00089545	141.29	180.39	0.78357	0.94757	1.7745	942.04	-0.016214	0.00018338	0.16013	liquid
264.0	440.0	1117.4	0.00089491	141.11	180.49	0.78283	0.94773	1.7731	943.77	-0.016325	0.00018382	0.16036	liquid
264.0	443.25	1118.1	0.00089436	140.94	180.58	0.78208	0.94788	1.7718	945.49	-0.016434	0.00018425	0.1606	liquid
264.0	446.5	1118.8	0.00089382	140.77	180.68	0.78134	0.94804	1.7705	947.2	-0.016543	0.00018469	0.16084	liquid
264.0	449.75	1119.5	0.00089328	140.6	180.77	0.7806	0.94819	1.7692	948.9	-0.016651	0.00018512	0.16108	liquid
264.0	453.0	1120.1	0.00089274	140.43	180.87	0.77987	0.94835	1.768	950.6	-0.016758	0.00018556	0.16131	liquid
264.0	456.25	1120.8	0.00089221	140.26	180.97	0.77914	0.9485	1.7667	952.3	-0.016864	0.00018599	0.16155	liquid
264.0	459.5	1121.5	0.00089168	140.09	181.06	0.77841	0.94866	1.7655	953.98	-0.016968	0.00018642	0.16178	liquid
264.0	462.75	1122.1	0.00089115	139.92	181.16	0.77768	0.94881	1.7642	955.67	-0.017072	0.00018685	0.16202	liquid
264.0	466.0	1122.8	0.00089063	139.76	181.26	0.77695	0.94897	1.763	957.34	-0.017175	0.00018729	0.16225	liquid
264.0	469.25	1123.5	0.00089011	139.59	181.36	0.77623	0.94912	1.7618	959.01	-0.017277	0.00018772	0.16249	liquid
264.0	472.5	1124.1	0.00088959	139.42	181.46	0.77551	0.94927	1.7606	960.68	-0.017378	0.00018815	0.16272	liquid
264.0	475.75	1124.8	0.00088908	139.26	181.56	0.77479	0.94943	1.7594	962.33	-0.017478	0.00018858	0.16295	liquid
264.0	479.0	1125.4	0.00088856	139.09	181.66	0.77408	0.94958	1.7582	963.99	-0.017577	0.00018901	0.16318	liquid
264.0	482.25	1126.1	0.00088805	138.93	181.76	0.77337	0.94974	1.7571	965.63	-0.017675	0.00018943	0.16341	liquid
264.0	485.5	1126.7	0.00088755	138.77	181.86	0.77266	0.94989	1.7559	967.28	-0.017772	0.00018986	0.16364	liquid
264.0	488.75	1127.3	0.00088704	138.61	181.96	0.77195	0.95004	1.7548	968.91	-0.017869	0.00019029	0.16387	liquid
264.0	492.0	1128.0	0.00088654	138.44	182.06	0.77125	0.9502	1.7536	970.54	-0.017964	0.00019072	0.1641	liquid
264.0	495.25	1128.6	0.00088604	138.28	182.16	0.77054	0.95035	1.7525	972.17	-0.018059	0.00019114	0.16433	liquid
264.0	498.5	1129.2	0.00088554	138.12	182.27	0.76984	0.9505	1.7514	973.79	-0.018153	0.00019157	0.16456	liquid
264.0	501.75	1129.9	0.00088505	137.96	182.37	0.76915	0.95066	1.7503	975.4	-0.018246	0.00019199	0.16479	liquid
264.0	505.0	1130.5	0.00088456	137.8	182.48	0.76845	0.95081	1.7492	977.01	-0.018338	0.00019242	0.16501	liquid
264.0	508.25	1131.1	0.00088407	137.65	182.58	0.76776	0.95096	1.7481	978.61	-0.018429	0.00019284	0.16524	liquid
264.0	511.5	1131.8	0.00088358	137.49	182.68	0.76707	0.95112	1.7471	980.21	-0.01852	0.00019327	0.16547	liquid
264.0	514.75	1132.4	0.0008831	137.33	182.79	0.76638	0.95127	1.746	981.8	-0.01861	0.00019369	0.16569	liquid
264.0	518.0	1133.0	0.00088262	137.18	182.9	0.76569	0.95142	1.7449	983.39	-0.018699	0.00019411	0.16592	liquid
264.0	521.25	1133.6	0.00088214	137.02	183.0	0.76501	0.95157	1.7439	984.97	-0.018787	0.00019453	0.16614	liquid
264.0	524.5	1134.2	0.00088166	136.87	183.11	0.76433	0.95173	1.7429	986.55	-0.018875	0.00019495	0.16637	liquid
264.0	527.75	1134.8	0.00088119	136.71	183.22	0.76365	0.95188	1.7419	988.12	-0.018961	0.00019537	0.16659	liquid
264.0	531.0	1135.4	0.00088072	136.56	183.32	0.76297	0.95203	1.7408	989.69	-0.019047	0.0001958	0.16681	liquid
264.0	534.25	1136.0	0.00088025	136.4	183.43	0.7623	0.95219	1.7398	991.25	-0.019133	0.00019622	0.16703	liquid
264.0	537.5	1136.6	0.00087978	136.25	183.54	0.76162	0.95234	1.7388	992.81	-0.019217	0.00019663	0.16726	liquid
264.0	540.75	1137.2	0.00087932	136.1	183.65	0.76095	0.95249	1.7378	994.36	-0.019301	0.00019705	0.16748	liquid
264.0	544.0	1137.8	0.00087885	135.95	183.76	0.76028	0.95264	1.7369	995.91	-0.019384	0.00019747	0.1677	liquid
264.0	547.25	1138.4	0.00087839	135.8	183.87	0.75962	0.9528	1.7359	997.46	-0.019467	0.00019789	0.16792	liquid
264.0	550.5	1139.0	0.00087793	135.65	183.98	0.75895	0.95295	1.7349	998.99	-0.019549	0.00019831	0.16814	liquid
264.0	553.75	1139.6	0.00087748	135.5	184.09	0.75829	0.9531	1.734	1000.5	-0.01963	0.00019872	0.16836	liquid
264.0	557.0	1140.2	0.00087702	135.35	184.2	0.75763	0.95325	1.733	1002.1	-0.01971	0.00019914	0.16858	liquid
264.0	560.25	1140.8	0.00087657	135.2	184.31	0.75697	0.9534	1.7321	1003.6	-0.01979	0.00019956	0.1688	liquid
264.0	563.5	1141.4	0.00087612	135.05	184.42	0.75632	0.95356	1.7312	1005.1	-0.019869	0.00019997	0.16902	liquid
264.0	566.75	1142.0	0.00087568	134.9	184.53	0.75566	0.95371	1.7302	1006.6	-0.019948	0.00020039	0.16923	liquid
264.0	570.0	1142.6	0.00087523	134.76	184.65	0.75501	0.95386	1.7293	1008.1	-0.020026	0.0002008	0.16945	liquid
264.0	573.25	1143.1	0.00087479	134.61	184.76	0.75436	0.95401	1.7284	1009.6	-0.020103	0.00020122	0.16967	liquid
264.0	576.5	1143.7	0.00087435	134.47	184.87	0.75371	0.95417	1.7275	1011.1	-0.02018	0.00020163	0.16988	liquid
264.0	579.75	1144.3	0.00087391	134.32	184.99	0.75307	0.95432	1.7266	1012.6	-0.020256	0.00020204	0.1701	liquid
264.0	583.0	1144.9	0.00087347	134.18	185.1	0.75242	0.95447	1.7258	1014.1	-0.020331	0.00020246	0.17032	liquid
264.0	586.25	1145.4	0.00087304	134.03	185.21	0.75178	0.95462	1.7249	1015.6	-0.020406	0.00020287	0.17053	liquid
264.0	589.5	1146.0	0.0008726	133.89	185.33	0.75114	0.95477	1.724	1017.1	-0.02048	0.00020328	0.17074	liquid
264.0	592.75	1146.6	0.00087217	133.74	185.44	0.7505	0.95492	1.7231	1018.6	-0.020554	0.00020369	0.17096	liquid
264.0	596.0	1147.1	0.00087174	133.6	185.56	0.74986	0.95508	1.7223	1020.1	-0.020627	0.0002041	0.17117	liquid
264.0	599.25	1147.7	0.00087132	133.46	185.67	0.74923	0.95523	1.7214	1021.5	-0.020699	0.00020452	0.17139	liquid
264.0	602.5	1148.2	0.00087089	133.32	185.79	0.74859	0.95538	1.7206	1023.0	-0.020771	0.00020493	0.1716	liquid
264.0	605.75	1148.8	0.00087047	133.18	185.91	0.74796	0.95553	1.7198	1024.5	-0.020843	0.00020534	0.17181	liquid
264.0	609.0	1149.4	0.00087005	133.04	186.02	0.74733	0.95568	1.7189	1025.9	-0.020913	0.00020575	0.17202	liquid
264.0	612.25	1149.9	0.00086963	132.9	186.14	0.74671	0.95583	1.7181	1027.4	-0.020984	0.00020616	0.17224	liquid
264.0	615.5	1150.5	0.00086921	132.76	186.26	0.74608	0.95599	1.7173	1028.8	-0.021053	0.00020656	0.17245	liquid
264.0	618.75	1151.0	0.00086879	132.62	186.37	0.74546	0.95614	1.7165	1030.3	-0.021123	0.00020697	0.17266	liquid
264.0	622.0	1151.6	0.00086838	132.48	186.49	0.74483	0.95629	1.7157	1031.7	-0.021191	0.00020738	0.17287	liquid
264.0	625.25	1152.1	0.00086797	132.34	186.61	0.74421	0.95644	1.7149	1033.1	-0.021259	0.00020779	0.17308	liquid
264.0	628.5	1152.7	0.00086756	132.2	186.73	0.74359	0.95659	1.7141	1034.6	-0.021327	0.0002082	0.17329	liquid
264.0	631.75	1153.2	0.00086715	132.07	186.85	0.74298	0.95674	1.7133	1036.0	-0.021394	0.0002086	0.1735	liquid
264.0	635.0	1153.7	0.00086674	131.93	186.97	0.74236	0.9569	1.7126	1037.4	-0.021461	0.00020901	0.17371	liquid
264.0	638.25	1154.3	0.00086634	131.79	187.09	0.74175	0.95705	1.7118	1038.9	-0.021527	0.00020942	0.17391	liquid
264.0	641.5	1154.8	0.00086593	131.66	187.21	0.74114	0.9572	1.711	1040.3	-0.021593	0.00020982	0.17412	liquid
264.0	644.75	1155.4	0.00086553	131.52	187.33	0.74053	0.95735	1.7103	1041.7	-0.021658	0.00021023	0.17433	liquid
264.0	648.0	1155.9	0.00086513	131.39	187.45	0.73992	0.9575	1.7095	1043.1	-0.021723	0.00021063	0.17454	liquid
264.0	651.25	1156.4	0.00086473	131.25	187.57	0.73931	0.95765	1.7088	1044.5	-0.021787	0.00021104	0.17474	liquid
264.0	654.5	1157.0	0.00086434	131.12	187.69	0.73871	0.9578	1.708	1045.9	-0.02185	0.00021144	0.17495	liquid
264.0	657.75	1157.5	0.00086394	130.99	187.81	0.7381	0.95795	1.7073	1047.3	-0.021914	0.00021185	0.17516	liquid
264.0	661.0	1158.0	0.00086355	130.85	187.93	0.7375	0.95811	1.7066	1048.7	-0.021976	0.00021225	0.17537	liquid
264.0	664.25	1158.5	0.00086316	130.72	188.06	0.7369	0.95826	1.7058	1050.1	-0.022039	0.00021265	0.17557	liquid
264.0	667.5	1159.1	0.00086277	130.59	188.18	0.7363	0.95841	1.7051	1051.5	-0.022101	0.00021306	0.17578	liquid
264.0	670.75	1159.6	0.00086238	130.46	188.3	0.7357	0.95856	1.7044	1052.9	-0.022162	0.00021346	0.17598	liquid
264.0	674.0	1160.1	0.00086199	130.33	188.42	0.73511	0.95871	1.7037	1054.2	-0.022223	0.00021386	0.17619	liquid
264.0	677.25	1160.6	0.00086161	130.19	188.55	0.73451	0.95886	1.703	1055.6	-0.022284	0.00021426	0.17639	liquid
264.0	680.5	1161.1	0.00086122	130.06	188.67	0.73392	0.95901	1.7023	1057.0	-0.022344	0.00021466	0.1766	liquid
264.0	683.75	1161.7	0.00086084	129.93	188.79	0.73333	0.95916	1.7016	1058.4	-0.022404	0.00021507	0.1768	liquid
264.0	687.0	1162.2	0.00086046	129.8	188.92	0.73274	0.95931	1.7009	1059.7	-0.022463	0.00021547	0.17701	liquid
264.0	690.25	1162.7	0.00086008	129.67	189.04	0.73215	0.95947	1.7002	1061.1	-0.022522	0.00021587	0.17721	liquid
264.0	693.5	1163.2	0.0008597	129.55	189.17	0.73156	0.95962	1.6995	1062.4	-0.02258	0.00021627	0.17741	liquid
264.0	696.75	1163.7	0.00085933	129.42	189.29	0.73098	0.95977	1.6989	1063.8	-0.022638	0.00021667	0.17762	liquid
264.0	700.0	1164.2	0.00085895	129.29	189.42	0.73039	0.95992	1.6982	1065.2	-0.022696	0.00021707	0.17782	liquid
264.0	703.25	1164.7	0.00085858	129.16	189.54	0.72981	0.96007	1.6975	1066.5	-0.022753	0.00021747	0.17802	liquid
264.0	706.5	1165.2	0.00085821	129.04	189.67	0.72923	0.96022	1.6969	1067.8	-0.02281	0.00021787	0.17822	liquid
264.0	709.75	1165.7	0.00085784	128.91	189.79	0.72865	0.96037	1.6962	1069.2	-0.022866	0.00021827	0.17842	liquid
264.0	713.0	1166.2	0.00085747	128.78	189.92	0.72807	0.96052	1.6956	1070.5	-0.022922	0.00021866	0.17863	liquid
264.0	716.25	1166.7	0.0008571	128.66	190.05	0.7275	0.96067	1.6949	1071.9	-0.022978	0.00021906	0.17883	liquid
264.0	719.5	1167.2	0.00085673	128.53	190.17	0.72692	0.96083	1.6943	1073.2	-0.023033	0.00021946	0.17903	liquid
264.0	722.75	1167.7	0.00085637	128.41	190.3	0.72635	0.96098	1.6937	1074.5	-0.023088	0.00021986	0.17923	liquid
264.0	726.0	1168.2	0.00085601	128.28	190.43	0.72578	0.96113	1.693	1075.8	-0.023143	0.00022025	0.17943	liquid
264.0	729.25	1168.7	0.00085564	128.16	190.55	0.72521	0.96128	1.6924	1077.2	-0.023197	0.00022065	0.17963	liquid
264.0	732.5	1169.2	0.00085528	128.03	190.68	0.72464	0.96143	1.6918	1078.5	-0.023251	0.00022105	0.17983	liquid
264.0	735.75	1169.7	0.00085493	127.91	190.81	0.72407	0.96158	1.6912	1079.8	-0.023304	0.00022145	0.18002	liquid
264.0	739.0	1170.2	0.00085457	127.79	190.94	0.7235	0.96173	1.6906	1081.1	-0.023357	0.00022184	0.18022	liquid
264.0	742.25	1170.7	0.00085421	127.66	191.07	0.72294	0.96188	1.6899	1082.4	-0.02341	0.00022224	0.18042	liquid
264.0	745.5	1171.2	0.00085386	127.54	191.2	0.72237	0.96203	1.6893	1083.7	-0.023462	0.00022263	0.18062	liquid
264.0	748.75	1171.6	0.0008535	127.42	191.32	0.72181	0.96218	1.6887	1085.0	-0.023514	0.00022303	0.18082	liquid
264.0	752.0	1172.1	0.00085315	127.3	191.45	0.72125	0.96233	1.6881	1086.3	-0.023566	0.00022342	0.18101	liquid
264.0	755.25	1172.6	0.0008528	127.18	191.58	0.72069	0.96249	1.6875	1087.6	-0.023617	0.00022382	0.18121	liquid
264.0	758.5	1173.1	0.00085245	127.05	191.71	0.72013	0.96264	1.687	1088.9	-0.023668	0.00022421	0.18141	liquid
264.0	761.75	1173.6	0.0008521	126.93	191.84	0.71957	0.96279	1.6864	1090.2	-0.023719	0.00022461	0.1816	liquid
264.0	765.0	1174.0	0.00085175	126.81	191.97	0.71902	0.96294	1.6858	1091.5	-0.023769	0.000225	0.1818	liquid
264.0	768.25	1174.5	0.00085141	126.69	192.1	0.71846	0.96309	1.6852	1092.8	-0.023819	0.00022539	0.182	liquid
264.0	771.5	1175.0	0.00085106	126.57	192.23	0.71791	0.96324	1.6846	1094.0	-0.023869	0.00022579	0.18219	liquid
264.0	774.75	1175.5	0.00085072	126.45	192.36	0.71736	0.96339	1.6841	1095.3	-0.023918	0.00022618	0.18239	liquid
264.0	778.0	1175.9	0.00085038	126.34	192.5	0.71681	0.96354	1.6835	1096.6	-0.023967	0.00022657	0.18258	liquid
264.0	781.25	1176.4	0.00085004	126.22	192.63	0.71626	0.96369	1.683	1097.9	-0.024016	0.00022697	0.18278	liquid
264.0	784.5	1176.9	0.0008497	126.1	192.76	0.71571	0.96384	1.6824	1099.1	-0.024064	0.00022736	0.18297	liquid
264.0	787.75	1177.4	0.00084936	125.98	192.89	0.71516	0.96399	1.6818	1100.4	-0.024112	0.00022775	0.18316	liquid
264.0	791.0	1177.8	0.00084902	125.86	193.02	0.71462	0.96415	1.6813	1101.7	-0.02416	0.00022814	0.18336	liquid
264.0	794.25	1178.3	0.00084869	125.75	193.15	0.71407	0.9643	1.6808	1102.9	-0.024207	0.00022853	0.18355	liquid
264.0	797.5	1178.8	0.00084835	125.63	193.29	0.71353	0.96445	1.6802	1104.2	-0.024254	0.00022892	0.18374	liquid
264.0	800.75	1179.2	0.00084802	125.51	193.42	0.71299	0.9646	1.6797	1105.4	-0.024301	0.00022932	0.18394	liquid
264.0	804.0	1179.7	0.00084769	125.4	193.55	0.71245	0.96475	1.6791	1106.7	-0.024348	0.00022971	0.18413	liquid
264.0	807.25	1180.1	0.00084735	125.28	193.68	0.71191	0.9649	1.6786	1107.9	-0.024394	0.0002301	0.18432	liquid
264.0	810.5	1180.6	0.00084702	125.17	193.82	0.71137	0.96505	1.6781	1109.2	-0.02444	0.00023049	0.18451	liquid
264.0	813.75	1181.1	0.0008467	125.05	193.95	0.71083	0.9652	1.6776	1110.4	-0.024486	0.00023088	0.18471	liquid
264.0	817.0	1181.5	0.00084637	124.94	194.08	0.71029	0.96535	1.677	1111.6	-0.024531	0.00023127	0.1849	liquid
264.0	820.25	1182.0	0.00084604	124.82	194.22	0.70976	0.9655	1.6765	1112.9	-0.024576	0.00023166	0.18509	liquid
264.0	823.5	1182.4	0.00084571	124.71	194.35	0.70923	0.96565	1.676	1114.1	-0.024621	0.00023205	0.18528	liquid
264.0	826.75	1182.9	0.00084539	124.59	194.49	0.70869	0.9658	1.6755	1115.3	-0.024665	0.00023244	0.18547	liquid
264.0	830.0	1183.3	0.00084507	124.48	194.62	0.70816	0.96596	1.675	1116.6	-0.02471	0.00023282	0.18566	liquid
264.0	833.25	1183.8	0.00084474	124.37	194.76	0.70763	0.96611	1.6745	1117.8	-0.024754	0.00023321	0.18585	liquid
264.0	836.5	1184.2	0.00084442	124.25	194.89	0.7071	0.96626	1.674	1119.0	-0.024797	0.0002336	0.18604	liquid
264.0	839.75	1184.7	0.0008441	124.14	195.03	0.70657	0.96641	1.6735	1120.2	-0.024841	0.00023399	0.18623	liquid
264.0	843.0	1185.1	0.00084378	124.03	195.16	0.70605	0.96656	1.673	1121.5	-0.024884	0.00023438	0.18642	liquid
264.0	846.25	1185.6	0.00084347	123.92	195.3	0.70552	0.96671	1.6725	1122.7	-0.024927	0.00023477	0.18661	liquid
264.0	849.5	1186.0	0.00084315	123.81	195.43	0.705	0.96686	1.672	1123.9	-0.024969	0.00023515	0.1868	liquid
264.0	852.75	1186.5	0.00084283	123.69	195.57	0.70447	0.96701	1.6715	1125.1	-0.025012	0.00023554	0.18699	liquid
264.0	856.0	1186.9	0.00084252	123.58	195.7	0.70395	0.96716	1.671	1126.3	-0.025054	0.00023593	0.18717	liquid
264.0	859.25	1187.4	0.00084221	123.47	195.84	0.70343	0.96731	1.6706	1127.5	-0.025096	0.00023631	0.18736	liquid
264.0	862.5	1187.8	0.00084189	123.36	195.98	0.70291	0.96746	1.6701	1128.7	-0.025137	0.0002367	0.18755	liquid
264.0	865.75	1188.2	0.00084158	123.25	196.11	0.70239	0.96761	1.6696	1129.9	-0.025179	0.00023709	0.18774	liquid
264.0	869.0	1188.7	0.00084127	123.14	196.25	0.70187	0.96777	1.6691	1131.1	-0.02522	0.00023747	0.18792	liquid
264.0	872.25	1189.1	0.00084096	123.03	196.39	0.70136	0.96792	1.6687	1132.3	-0.025261	0.00023786	0.18811	liquid
264.0	875.5	1189.6	0.00084065	122.92	196.52	0.70084	0.96807	1.6682	1133.5	-0.025301	0.00023825	0.1883	liquid
264.0	878.75	1190.0	0.00084035	122.82	196.66	0.70033	0.96822	1.6677	1134.7	-0.025342	0.00023863	0.18848	liquid
264.0	882.0	1190.4	0.00084004	122.71	196.8	0.69981	0.96837	1.6673	1135.8	-0.025382	0.00023902	0.18867	liquid
264.0	885.25	1190.9	0.00083973	122.6	196.94	0.6993	0.96852	1.6668	1137.0	-0.025422	0.0002394	0.18886	liquid
264.0	888.5	1191.3	0.00083943	122.49	197.07	0.69879	0.96867	1.6664	1138.2	-0.025461	0.00023979	0.18904	liquid
264.0	891.75	1191.7	0.00083912	122.38	197.21	0.69828	0.96882	1.6659	1139.4	-0.025501	0.00024017	0.18923	liquid
264.0	895.0	1192.1	0.00083882	122.27	197.35	0.69777	0.96897	1.6655	1140.6	-0.02554	0.00024056	0.18941	liquid
264.0	898.25	1192.6	0.00083852	122.17	197.49	0.69726	0.96912	1.665	1141.7	-0.025579	0.00024094	0.1896	liquid
264.0	901.5	1193.0	0.00083822	122.06	197.63	0.69675	0.96927	1.6646	1142.9	-0.025618	0.00024132	0.18978	liquid
264.0	904.75	1193.4	0.00083792	121.95	197.76	0.69625	0.96942	1.6642	1144.1	-0.025656	0.00024171	0.18997	liquid
264.0	908.0	1193.9	0.00083762	121.85	197.9	0.69574	0.96958	1.6637	1145.2	-0.025694	0.00024209	0.19015	liquid
264.0	911.25	1194.3	0.00083732	121.74	198.04	0.69524	0.96973	1.6633	1146.4	-0.025732	0.00024248	0.19034	liquid
264.0	914.5	1194.7	0.00083703	121.64	198.18	0.69473	0.96988	1.6629	1147.6	-0.02577	0.00024286	0.19052	liquid
264.0	917.75	1195.1	0.00083673	121.53	198.32	0.69423	0.97003	1.6624	1148.7	-0.025808	0.00024324	0.1907	liquid
264.0	921.0	1195.5	0.00083644	121.43	198.46	0.69373	0.97018	1.662	1149.9	-0.025845	0.00024363	0.19089	liquid
264.0	924.25	1196.0	0.00083614	121.32	198.6	0.69323	0.97033	1.6616	1151.0	-0.025882	0.00024401	0.19107	liquid
264.0	927.5	1196.4	0.00083585	121.22	198.74	0.69273	0.97048	1.6612	1152.2	-0.025919	0.00024439	0.19125	liquid
264.0	930.75	1196.8	0.00083556	121.11	198.88	0.69223	0.97063	1.6607	1153.3	-0.025956	0.00024477	0.19144	liquid
264.0	934.0	1197.2	0.00083526	121.01	199.02	0.69173	0.97078	1.6603	1154.5	-0.025993	0.00024516	0.19162	liquid
264.0	937.25	1197.6	0.00083497	120.9	199.16	0.69124	0.97093	1.6599	1155.6	-0.026029	0.00024554	0.1918	liquid
264.0	940.5	1198.1	0.00083468	120.8	199.3	0.69074	0.97108	1.6595	1156.7	-0.026065	0.00024592	0.19198	liquid
264.0	943.75	1198.5	0.0008344	120.7	199.44	0.69025	0.97123	1.6591	1157.9	-0.026101	0.0002463	0.19217	liquid
264.0	947.0	1198.9	0.00083411	120.59	199.58	0.68975	0.97139	1.6587	1159.0	-0.026137	0.00024668	0.19235	liquid
264.0	950.25	1199.3	0.00083382	120.49	199.72	0.68926	0.97154	1.6583	1160.2	-0.026172	0.00024706	0.19253	liquid
264.0	953.5	1199.7	0.00083353	120.39	199.87	0.68877	0.97169	1.6579	1161.3	-0.026207	0.00024745	0.19271	liquid
264.0	956.75	1200.1	0.00083325	120.29	200.01	0.68828	0.97184	1.6575	1162.4	-0.026242	0.00024783	0.19289	liquid
264.0	960.0	1200.5	0.00083296	120.18	200.15	0.68779	0.97199	1.6571	1163.5	-0.026277	0.00024821	0.19307	liquid
264.0	963.25	1200.9	0.00083268	120.08	200.29	0.6873	0.97214	1.6567	1164.7	-0.026312	0.00024859	0.19325	liquid
264.0	966.5	1201.3	0.0008324	119.98	200.43	0.68681	0.97229	1.6563	1165.8	-0.026347	0.00024897	0.19343	liquid
264.0	969.75	1201.8	0.00083212	119.88	200.57	0.68632	0.97244	1.6559	1166.9	-0.026381	0.00024935	0.19361	liquid
264.0	973.0	1202.2	0.00083184	119.78	200.72	0.68584	0.97259	1.6555	1168.0	-0.026415	0.00024973	0.19379	liquid
264.0	976.25	1202.6	0.00083156	119.68	200.86	0.68535	0.97274	1.6551	1169.1	-0.026449	0.00025011	0.19397	liquid
264.0	979.5	1203.0	0.00083128	119.58	201.0	0.68487	0.97289	1.6548	1170.3	-0.026483	0.00025049	0.19415	liquid
264.0	982.75	1203.4	0.000831	119.48	201.14	0.68438	0.97305	1.6544	1171.4	-0.026516	0.00025087	0.19433	liquid
264.0	986.0	1203.8	0.00083072	119.38	201.28	0.6839	0.9732	1.654	1172.5	-0.02655	0.00025125	0.19451	liquid
264.0	989.25	1204.2	0.00083044	119.28	201.43	0.68342	0.97335	1.6536	1173.6	-0.026583	0.00025163	0.19469	liquid
264.0	992.5	1204.6	0.00083017	119.18	201.57	0.68294	0.9735	1.6532	1174.7	-0.026616	0.00025201	0.19487	liquid
264.0	995.75	1205.0	0.00082989	119.08	201.71	0.68246	0.97365	1.6529	1175.8	-0.026649	0.00025239	0.19505	liquid
264.0	999.0	1205.4	0.00082962	118.98	201.86	0.68198	0.9738	1.6525	1176.9	-0.026681	0.00025276	0.19523	liquid
264.0	1002.2	1205.8	0.00082934	118.88	202.0	0.6815	0.97395	1.6521	1178.0	-0.026714	0.00025314	0.1954	liquid
264.0	1005.5	1206.2	0.00082907	118.78	202.14	0.68103	0.9741	1.6518	1179.1	-0.026746	0.00025352	0.19558	liquid
264.0	1008.8	1206.6	0.0008288	118.68	202.29	0.68055	0.97425	1.6514	1180.2	-0.026778	0.0002539	0.19576	liquid
264.0	1012.0	1207.0	0.00082853	118.58	202.43	0.68007	0.9744	1.6511	1181.3	-0.02681	0.00025428	0.19594	liquid
264.0	1015.2	1207.4	0.00082826	118.49	202.58	0.6796	0.97455	1.6507	1182.4	-0.026842	0.00025466	0.19611	liquid
264.0	1018.5	1207.7	0.00082799	118.39	202.72	0.67913	0.9747	1.6503	1183.4	-0.026873	0.00025503	0.19629	liquid
264.0	1021.8	1208.1	0.00082772	118.29	202.86	0.67865	0.97486	1.65	1184.5	-0.026905	0.00025541	0.19647	liquid
264.0	1025.0	1208.5	0.00082745	118.19	203.01	0.67818	0.97501	1.6496	1185.6	-0.026936	0.00025579	0.19664	liquid
264.0	1028.2	1208.9	0.00082718	118.1	203.15	0.67771	0.97516	1.6493	1186.7	-0.026967	0.00025617	0.19682	liquid
264.0	1031.5	1209.3	0.00082692	118.0	203.3	0.67724	0.97531	1.6489	1187.8	-0.026998	0.00025654	0.197	liquid
264.0	1034.8	1209.7	0.00082665	117.9	203.44	0.67677	0.97546	1.6486	1188.8	-0.027029	0.00025692	0.19717	liquid
264.0	1038.0	1210.1	0.00082638	117.81	203.59	0.6763	0.97561	1.6482	1189.9	-0.027059	0.0002573	0.19735	liquid
264.0	1041.2	1210.5	0.00082612	117.71	203.73	0.67583	0.97576	1.6479	1191.0	-0.02709	0.00025767	0.19753	liquid
264.0	1044.5	1210.9	0.00082586	117.62	203.88	0.67537	0.97591	1.6475	1192.1	-0.02712	0.00025805	0.1977	liquid
264.0	1047.8	1211.2	0.00082559	117.52	204.02	0.6749	0.97606	1.6472	1193.1	-0.02715	0.00025843	0.19788	liquid
264.0	1051.0	1211.6	0.00082533	117.42	204.17	0.67443	0.97621	1.6469	1194.2	-0.02718	0.0002588	0.19805	liquid
264.0	1054.2	1212.0	0.00082507	117.33	204.31	0.67397	0.97636	1.6465	1195.3	-0.02721	0.00025918	0.19823	liquid
264.0	1057.5	1212.4	0.00082481	117.23	204.46	0.67351	0.97652	1.6462	1196.3	-0.027239	0.00025956	0.1984	liquid
264.0	1060.8	1212.8	0.00082455	117.14	204.6	0.67304	0.97667	1.6459	1197.4	-0.027269	0.00025993	0.19858	liquid
264.0	1064.0	1213.2	0.00082429	117.05	204.75	0.67258	0.97682	1.6455	1198.4	-0.027298	0.00026031	0.19875	liquid
264.0	1067.2	1213.5	0.00082403	116.95	204.9	0.67212	0.97697	1.6452	1199.5	-0.027327	0.00026068	0.19893	liquid
264.0	1070.5	1213.9	0.00082377	116.86	205.04	0.67166	0.97712	1.6449	1200.6	-0.027356	0.00026106	0.1991	liquid
264.0	1073.8	1214.3	0.00082352	116.76	205.19	0.6712	0.97727	1.6446	1201.6	-0.027385	0.00026143	0.19927	liquid
264.0	1077.0	1214.7	0.00082326	116.67	205.34	0.67074	0.97742	1.6442	1202.7	-0.027414	0.00026181	0.19945	liquid
264.0	1080.2	1215.1	0.000823	116.58	205.48	0.67028	0.97757	1.6439	1203.7	-0.027442	0.00026218	0.19962	liquid
264.0	1083.5	1215.4	0.00082275	116.48	205.63	0.66982	0.97772	1.6436	1204.8	-0.027471	0.00026256	0.19979	liquid
264.0	1086.8	1215.8	0.00082249	116.39	205.78	0.66937	0.97787	1.6433	1205.8	-0.027499	0.00026293	0.19997	liquid
264.0	1090.0	1216.2	0.00082224	116.3	205.92	0.66891	0.97802	1.643	1206.8	-0.027527	0.00026331	0.20014	liquid
264.0	1093.2	1216.6	0.00082199	116.21	206.07	0.66846	0.97818	1.6427	1207.9	-0.027555	0.00026368	0.20031	liquid
264.0	1096.5	1216.9	0.00082173	116.11	206.22	0.668	0.97833	1.6423	1208.9	-0.027583	0.00026406	0.20049	liquid
264.0	1099.8	1217.3	0.00082148	116.02	206.36	0.66755	0.97848	1.642	1210.0	-0.02761	0.00026443	0.20066	liquid
264.0	1103.0	1217.7	0.00082123	115.93	206.51	0.6671	0.97863	1.6417	1211.0	-0.027638	0.00026481	0.20083	liquid
264.0	1106.2	1218.1	0.00082098	115.84	206.66	0.66664	0.97878	1.6414	1212.0	-0.027665	0.00026518	0.201	liquid
264.0	1109.5	1218.4	0.00082073	115.75	206.81	0.66619	0.97893	1.6411	1213.1	-0.027693	0.00026555	0.20117	liquid
264.0	1112.8	1218.8	0.00082048	115.65	206.95	0.66574	0.97908	1.6408	1214.1	-0.02772	0.00026593	0.20135	liquid
264.0	1116.0	1219.2	0.00082023	115.56	207.1	0.66529	0.97923	1.6405	1215.1	-0.027747	0.0002663	0.20152	liquid
264.0	1119.2	1219.5	0.00081999	115.47	207.25	0.66484	0.97938	1.6402	1216.1	-0.027773	0.00026668	0.20169	liquid
264.0	1122.5	1219.9	0.00081974	115.38	207.4	0.6644	0.97953	1.6399	1217.2	-0.0278	0.00026705	0.20186	liquid
264.0	1125.8	1220.3	0.00081949	115.29	207.55	0.66395	0.97968	1.6396	1218.2	-0.027827	0.00026742	0.20203	liquid
264.0	1129.0	1220.6	0.00081925	115.2	207.69	0.6635	0.97983	1.6393	1219.2	-0.027853	0.00026779	0.2022	liquid
264.0	1132.2	1221.0	0.000819	115.11	207.84	0.66305	0.97999	1.639	1220.2	-0.027879	0.00026817	0.20237	liquid
264.0	1135.5	1221.4	0.00081876	115.02	207.99	0.66261	0.98014	1.6387	1221.2	-0.027905	0.00026854	0.20254	liquid
264.0	1138.8	1221.7	0.00081851	114.93	208.14	0.66216	0.98029	1.6384	1222.3	-0.027931	0.00026891	0.20272	liquid
264.0	1142.0	1222.1	0.00081827	114.84	208.29	0.66172	0.98044	1.6381	1223.3	-0.027957	0.00026929	0.20289	liquid
264.0	1145.2	1222.5	0.00081803	114.75	208.44	0.66128	0.98059	1.6378	1224.3	-0.027983	0.00026966	0.20306	liquid
264.0	1148.5	1222.8	0.00081779	114.66	208.59	0.66084	0.98074	1.6376	1225.3	-0.028009	0.00027003	0.20323	liquid
264.0	1151.8	1223.2	0.00081754	114.58	208.74	0.66039	0.98089	1.6373	1226.3	-0.028034	0.0002704	0.2034	liquid
264.0	1155.0	1223.5	0.0008173	114.49	208.89	0.65995	0.98104	1.637	1227.3	-0.02806	0.00027078	0.20357	liquid
264.0	1158.2	1223.9	0.00081706	114.4	209.03	0.65951	0.98119	1.6367	1228.3	-0.028085	0.00027115	0.20373	liquid
264.0	1161.5	1224.3	0.00081682	114.31	209.18	0.65907	0.98134	1.6364	1229.3	-0.02811	0.00027152	0.2039	liquid
264.0	1164.8	1224.6	0.00081658	114.22	209.33	0.65863	0.98149	1.6362	1230.3	-0.028135	0.00027189	0.20407	liquid
264.0	1168.0	1225.0	0.00081635	114.13	209.48	0.6582	0.98164	1.6359	1231.3	-0.02816	0.00027226	0.20424	liquid
264.0	1171.2	1225.3	0.00081611	114.05	209.63	0.65776	0.9818	1.6356	1232.3	-0.028185	0.00027263	0.20441	liquid
264.0	1174.5	1225.7	0.00081587	113.96	209.78	0.65732	0.98195	1.6353	1233.3	-0.028209	0.00027301	0.20458	liquid
264.0	1177.8	1226.0	0.00081563	113.87	209.93	0.65689	0.9821	1.6351	1234.3	-0.028234	0.00027338	0.20475	liquid
264.0	1181.0	1226.4	0.0008154	113.78	210.08	0.65645	0.98225	1.6348	1235.3	-0.028258	0.00027375	0.20492	liquid
264.0	1184.2	1226.7	0.00081516	113.7	210.23	0.65601	0.9824	1.6345	1236.3	-0.028282	0.00027412	0.20509	liquid
264.0	1187.5	1227.1	0.00081493	113.61	210.38	0.65558	0.98255	1.6342	1237.3	-0.028306	0.00027449	0.20525	liquid
264.0	1190.8	1227.5	0.00081469	113.52	210.53	0.65515	0.9827	1.634	1238.3	-0.02833	0.00027486	0.20542	liquid
264.0	1194.0	1227.8	0.00081446	113.44	210.68	0.65471	0.98285	1.6337	1239.3	-0.028354	0.00027523	0.20559	liquid
264.0	1197.2	1228.2	0.00081423	113.35	210.83	0.65428	0.983	1.6334	1240.2	-0.028378	0.0002756	0.20576	liquid
264.0	1200.5	1228.5	0.00081399	113.27	210.99	0.65385	0.98315	1.6332	1241.2	-0.028402	0.00027597	0.20592	liquid
264.0	1203.8	1228.9	0.00081376	113.18	211.14	0.65342	0.9833	1.6329	1242.2	-0.028425	0.00027634	0.20609	liquid
264.0	1207.0	1229.2	0.00081353	113.09	211.29	0.65299	0.98345	1.6327	1243.2	-0.028449	0.00027671	0.20626	liquid
264.0	1210.2	1229.6	0.0008133	113.01	211.44	0.65256	0.98361	1.6324	1244.2	-0.028472	0.00027708	0.20643	liquid
264.0	1213.5	1229.9	0.00081307	112.92	211.59	0.65213	0.98376	1.6321	1245.1	-0.028495	0.00027745	0.20659	liquid
264.0	1216.8	1230.3	0.00081284	112.84	211.74	0.6517	0.98391	1.6319	1246.1	-0.028518	0.00027783	0.20676	liquid
264.0	1220.0	1230.6	0.00081261	112.75	211.89	0.65128	0.98406	1.6316	1247.1	-0.028541	0.00027819	0.20693	liquid
264.0	1223.2	1230.9	0.00081238	112.67	212.04	0.65085	0.98421	1.6314	1248.0	-0.028564	0.00027856	0.20709	liquid
264.0	1226.5	1231.3	0.00081216	112.58	212.19	0.65042	0.98436	1.6311	1249.0	-0.028587	0.00027893	0.20726	liquid
264.0	1229.8	1231.6	0.00081193	112.5	212.35	0.65	0.98451	1.6309	1250.0	-0.02861	0.0002793	0.20743	liquid
264.0	1233.0	1232.0	0.0008117	112.42	212.5	0.64957	0.98466	1.6306	1250.9	-0.028632	0.00027967	0.20759	liquid
264.0	1236.2	1232.3	0.00081147	112.33	212.65	0.64915	0.98481	1.6304	1251.9	-0.028655	0.00028004	0.20776	liquid
264.0	1239.5	1232.7	0.00081125	112.25	212.8	0.64873	0.98496	1.6301	1252.9	-0.028677	0.00028041	0.20792	liquid
264.0	1242.8	1233.0	0.00081102	112.16	212.95	0.6483	0.98511	1.6299	1253.8	-0.028699	0.00028078	0.20809	liquid
264.0	1246.0	1233.4	0.0008108	112.08	213.11	0.64788	0.98526	1.6296	1254.8	-0.028721	0.00028115	0.20825	liquid
264.0	1249.2	1233.7	0.00081057	112.0	213.26	0.64746	0.98541	1.6294	1255.8	-0.028743	0.00028152	0.20842	liquid
264.0	1252.5	1234.0	0.00081035	111.91	213.41	0.64704	0.98556	1.6291	1256.7	-0.028765	0.00028189	0.20858	liquid
264.0	1255.8	1234.4	0.00081013	111.83	213.56	0.64662	0.98572	1.6289	1257.7	-0.028787	0.00028226	0.20875	liquid
264.0	1259.0	1234.7	0.00080991	111.75	213.71	0.6462	0.98587	1.6287	1258.6	-0.028809	0.00028263	0.20891	liquid
264.0	1262.2	1235.1	0.00080968	111.67	213.87	0.64578	0.98602	1.6284	1259.6	-0.02883	0.000283	0.20908	liquid
264.0	1265.5	1235.4	0.00080946	111.58	214.02	0.64536	0.98617	1.6282	1260.5	-0.028852	0.00028336	0.20924	liquid
264.0	1268.8	1235.7	0.00080924	111.5	214.17	0.64494	0.98632	1.6279	1261.5	-0.028873	0.00028373	0.20941	liquid
264.0	1272.0	1236.1	0.00080902	111.42	214.33	0.64453	0.98647	1.6277	1262.4	-0.028894	0.0002841	0.20957	liquid
264.0	1275.2	1236.4	0.0008088	111.34	214.48	0.64411	0.98662	1.6275	1263.4	-0.028916	0.00028447	0.20974	liquid
264.0	1278.5	1236.7	0.00080858	111.25	214.63	0.64369	0.98677	1.6272	1264.3	-0.028937	0.00028484	0.2099	liquid
264.0	1281.8	1237.1	0.00080836	111.17	214.78	0.64328	0.98692	1.627	1265.2	-0.028958	0.00028521	0.21006	liquid
264.0	1285.0	1237.4	0.00080814	111.09	214.94	0.64286	0.98707	1.6268	1266.2	-0.028979	0.00028557	0.21023	liquid
264.0	1288.2	1237.7	0.00080793	111.01	215.09	0.64245	0.98722	1.6266	1267.1	-0.028999	0.00028594	0.21039	liquid
264.0	1291.5	1238.1	0.00080771	110.93	215.24	0.64203	0.98737	1.6263	1268.1	-0.02902	0.00028631	0.21056	liquid
264.0	1294.8	1238.4	0.00080749	110.85	215.4	0.64162	0.98752	1.6261	1269.0	-0.029041	0.00028668	0.21072	liquid
264.0	1298.0	1238.7	0.00080727	110.77	215.55	0.64121	0.98767	1.6259	1269.9	-0.029061	0.00028704	0.21088	liquid
264.0	1301.2	1239.1	0.00080706	110.69	215.7	0.6408	0.98782	1.6256	1270.9	-0.029082	0.00028741	0.21105	liquid
264.0	1304.5	1239.4	0.00080684	110.61	215.86	0.64039	0.98798	1.6254	1271.8	-0.029102	0.00028778	0.21121	liquid
264.0	1307.8	1239.7	0.00080663	110.53	216.01	0.63998	0.98813	1.6252	1272.7	-0.029122	0.00028815	0.21137	liquid
264.0	1311.0	1240.1	0.00080641	110.45	216.17	0.63957	0.98828	1.625	1273.7	-0.029142	0.00028851	0.21153	liquid
264.0	1314.2	1240.4	0.0008062	110.37	216.32	0.63916	0.98843	1.6248	1274.6	-0.029162	0.00028888	0.2117	liquid
264.0	1317.5	1240.7	0.00080599	110.29	216.47	0.63875	0.98858	1.6245	1275.5	-0.029182	0.00028925	0.21186	liquid
264.0	1320.8	1241.0	0.00080577	110.21	216.63	0.63834	0.98873	1.6243	1276.4	-0.029202	0.00028962	0.21202	liquid
264.0	1324.0	1241.4	0.00080556	110.13	216.78	0.63793	0.98888	1.6241	1277.4	-0.029222	0.00028998	0.21218	liquid
264.0	1327.2	1241.7	0.00080535	110.05	216.94	0.63752	0.98903	1.6239	1278.3	-0.029242	0.00029035	0.21235	liquid
264.0	1330.5	1242.0	0.00080514	109.97	217.09	0.63712	0.98918	1.6237	1279.2	-0.029261	0.00029072	0.21251	liquid
264.0	1333.8	1242.3	0.00080493	109.89	217.25	0.63671	0.98933	1.6235	1280.1	-0.029281	0.00029108	0.21267	liquid
264.0	1337.0	1242.7	0.00080472	109.81	217.4	0.63631	0.98948	1.6232	1281.0	-0.0293	0.00029145	0.21283	liquid
264.0	1340.2	1243.0	0.00080451	109.73	217.55	0.6359	0.98963	1.623	1282.0	-0.029319	0.00029182	0.21299	liquid
264.0	1343.5	1243.3	0.0008043	109.65	217.71	0.6355	0.98978	1.6228	1282.9	-0.029339	0.00029218	0.21315	liquid
264.0	1346.8	1243.6	0.00080409	109.57	217.86	0.63509	0.98993	1.6226	1283.8	-0.029358	0.00029255	0.21332	liquid
264.0	1350.0	1244.0	0.00080388	109.5	218.02	0.63469	0.99008	1.6224	1284.7	-0.029377	0.00029291	0.21348	liquid
264.0	1353.2	1244.3	0.00080367	109.42	218.17	0.63429	0.99023	1.6222	1285.6	-0.029396	0.00029328	0.21364	liquid
264.0	1356.5	1244.6	0.00080346	109.34	218.33	0.63388	0.99038	1.622	1286.5	-0.029415	0.00029365	0.2138	liquid
264.0	1359.8	1244.9	0.00080325	109.26	218.48	0.63348	0.99053	1.6218	1287.4	-0.029433	0.00029401	0.21396	liquid
264.0	1363.0	1245.3	0.00080305	109.18	218.64	0.63308	0.99068	1.6216	1288.3	-0.029452	0.00029438	0.21412	liquid
264.0	1366.2	1245.6	0.00080284	109.11	218.79	0.63268	0.99083	1.6214	1289.2	-0.029471	0.00029475	0.21428	liquid
264.0	1369.5	1245.9	0.00080264	109.03	218.95	0.63228	0.99098	1.6212	1290.1	-0.029489	0.00029511	0.21444	liquid
264.0	1372.8	1246.2	0.00080243	108.95	219.11	0.63188	0.99114	1.621	1291.0	-0.029508	0.00029548	0.2146	liquid
264.0	1376.0	1246.5	0.00080222	108.87	219.26	0.63148	0.99129	1.6208	1291.9	-0.029526	0.00029584	0.21476	liquid
264.0	1379.2	1246.9	0.00080202	108.8	219.42	0.63109	0.99144	1.6206	1292.8	-0.029544	0.00029621	0.21492	liquid
264.0	1382.5	1247.2	0.00080182	108.72	219.57	0.63069	0.99159	1.6204	1293.7	-0.029562	0.00029657	0.21508	liquid
264.0	1385.8	1247.5	0.00080161	108.64	219.73	0.63029	0.99174	1.6202	1294.6	-0.029581	0.00029694	0.21524	liquid
264.0	1389.0	1247.8	0.00080141	108.57	219.88	0.62989	0.99189	1.62	1295.5	-0.029599	0.0002973	0.2154	liquid
264.0	1392.2	1248.1	0.00080121	108.49	220.04	0.6295	0.99204	1.6198	1296.4	-0.029617	0.00029767	0.21556	liquid
264.0	1395.5	1248.4	0.000801	108.42	220.2	0.6291	0.99219	1.6196	1297.3	-0.029634	0.00029803	0.21572	liquid
264.0	1398.8	1248.7	0.0008008	108.34	220.35	0.62871	0.99234	1.6194	1298.2	-0.029652	0.0002984	0.21588	liquid
264.0	1402.0	1249.1	0.0008006	108.26	220.51	0.62831	0.99249	1.6192	1299.1	-0.02967	0.00029876	0.21604	liquid
264.0	1405.2	1249.4	0.0008004	108.19	220.66	0.62792	0.99264	1.619	1300.0	-0.029688	0.00029913	0.2162	liquid
264.0	1408.5	1249.7	0.0008002	108.11	220.82	0.62753	0.99279	1.6188	1300.9	-0.029705	0.00029949	0.21636	liquid
264.0	1411.8	1250.0	0.0008	108.04	220.98	0.62713	0.99294	1.6186	1301.7	-0.029723	0.00029986	0.21652	liquid
264.0	1415.0	1250.3	0.0007998	107.96	221.13	0.62674	0.99309	1.6184	1302.6	-0.02974	0.00030022	0.21667	liquid
264.0	1418.2	1250.6	0.0007996	107.89	221.29	0.62635	0.99324	1.6182	1303.5	-0.029757	0.00030059	0.21683	liquid
264.0	1421.5	1250.9	0.0007994	107.81	221.45	0.62596	0.99339	1.6181	1304.4	-0.029775	0.00030095	0.21699	liquid
264.0	1424.8	1251.3	0.0007992	107.74	221.6	0.62557	0.99354	1.6179	1305.3	-0.029792	0.00030132	0.21715	liquid
264.0	1428.0	1251.6	0.000799	107.66	221.76	0.62518	0.99369	1.6177	1306.2	-0.029809	0.00030168	0.21731	liquid
264.0	1431.2	1251.9	0.0007988	107.59	221.92	0.62479	0.99384	1.6175	1307.0	-0.029826	0.00030205	0.21747	liquid
264.0	1434.5	1252.2	0.00079861	107.51	222.07	0.6244	0.99399	1.6173	1307.9	-0.029843	0.00030241	0.21763	liquid
264.0	1437.8	1252.5	0.00079841	107.44	222.23	0.62401	0.99414	1.6171	1308.8	-0.02986	0.00030278	0.21778	liquid
264.0	1441.0	1252.8	0.00079821	107.36	222.39	0.62362	0.99429	1.617	1309.7	-0.029877	0.00030314	0.21794	liquid
264.0	1444.2	1253.1	0.00079802	107.29	222.54	0.62323	0.99444	1.6168	1310.5	-0.029893	0.0003035	0.2181	liquid
264.0	1447.5	1253.4	0.00079782	107.22	222.7	0.62285	0.99459	1.6166	1311.4	-0.02991	0.00030387	0.21826	liquid
264.0	1450.8	1253.7	0.00079763	107.14	222.86	0.62246	0.99474	1.6164	1312.3	-0.029927	0.00030423	0.21841	liquid
264.0	1454.0	1254.0	0.00079743	107.07	223.01	0.62207	0.99489	1.6162	1313.1	-0.029943	0.0003046	0.21857	liquid
264.0	1457.2	1254.3	0.00079724	106.99	223.17	0.62169	0.99504	1.6161	1314.0	-0.029959	0.00030496	0.21873	liquid
264.0	1460.5	1254.6	0.00079704	106.92	223.33	0.6213	0.99519	1.6159	1314.9	-0.029976	0.00030532	0.21889	liquid
264.0	1463.8	1254.9	0.00079685	106.85	223.49	0.62092	0.99534	1.6157	1315.7	-0.029992	0.00030569	0.21904	liquid
264.0	1467.0	1255.2	0.00079666	106.78	223.64	0.62053	0.99549	1.6155	1316.6	-0.030008	0.00030605	0.2192	liquid
264.0	1470.2	1255.6	0.00079646	106.7	223.8	0.62015	0.99564	1.6153	1317.5	-0.030025	0.00030642	0.21936	liquid
264.0	1473.5	1255.9	0.00079627	106.63	223.96	0.61977	0.99579	1.6152	1318.3	-0.030041	0.00030678	0.21951	liquid
264.0	1476.8	1256.2	0.00079608	106.56	224.12	0.61938	0.99594	1.615	1319.2	-0.030057	0.00030714	0.21967	liquid
264.0	1480.0	1256.5	0.00079589	106.48	224.28	0.619	0.99609	1.6148	1320.0	-0.030073	0.00030751	0.21983	liquid
264.0	1483.2	1256.8	0.0007957	106.41	224.43	0.61862	0.99624	1.6147	1320.9	-0.030088	0.00030787	0.21998	liquid
264.0	1486.5	1257.1	0.0007955	106.34	224.59	0.61824	0.99639	1.6145	1321.8	-0.030104	0.00030823	0.22014	liquid
264.0	1489.8	1257.4	0.00079531	106.27	224.75	0.61786	0.99654	1.6143	1322.6	-0.03012	0.0003086	0.2203	liquid
264.0	1493.0	1257.7	0.00079512	106.2	224.91	0.61748	0.99669	1.6142	1323.5	-0.030136	0.00030896	0.22045	liquid
264.0	1496.2	1258.0	0.00079493	106.12	225.07	0.6171	0.99684	1.614	1324.3	-0.030151	0.00030932	0.22061	liquid
264.0	1499.5	1258.3	0.00079474	106.05	225.22	0.61672	0.99699	1.6138	1325.2	-0.030167	0.00030969	0.22076	liquid
264.0	1502.8	1258.6	0.00079456	105.98	225.38	0.61634	0.99714	1.6136	1326.0	-0.030182	0.00031005	0.22092	liquid
264.0	1506.0	1258.9	0.00079437	105.91	225.54	0.61596	0.99729	1.6135	1326.9	-0.030198	0.00031041	0.22108	liquid
264.0	1509.2	1259.2	0.00079418	105.84	225.7	0.61558	0.99744	1.6133	1327.7	-0.030213	0.00031077	0.22123	liquid
264.0	1512.5	1259.5	0.00079399	105.77	225.86	0.61521	0.99759	1.6132	1328.6	-0.030228	0.00031114	0.22139	liquid
264.0	1515.8	1259.8	0.0007938	105.69	226.02	0.61483	0.99774	1.613	1329.4	-0.030243	0.0003115	0.22154	liquid
264.0	1519.0	1260.1	0.00079362	105.62	226.17	0.61445	0.99789	1.6128	1330.2	-0.030259	0.00031186	0.2217	liquid
264.0	1522.2	1260.4	0.00079343	105.55	226.33	0.61408	0.99804	1.6127	1331.1	-0.030274	0.00031223	0.22185	liquid
264.0	1525.5	1260.6	0.00079324	105.48	226.49	0.6137	0.99819	1.6125	1331.9	-0.030289	0.00031259	0.22201	liquid
264.0	1528.8	1260.9	0.00079306	105.41	226.65	0.61333	0.99834	1.6123	1332.8	-0.030304	0.00031295	0.22216	liquid
264.0	1532.0	1261.2	0.00079287	105.34	226.81	0.61295	0.99849	1.6122	1333.6	-0.030318	0.00031331	0.22232	liquid
264.0	1535.2	1261.5	0.00079269	105.27	226.97	0.61258	0.99864	1.612	1334.4	-0.030333	0.00031368	0.22247	liquid
264.0	1538.5	1261.8	0.0007925	105.2	227.13	0.6122	0.99879	1.6119	1335.3	-0.030348	0.00031404	0.22263	liquid
264.0	1541.8	1262.1	0.00079232	105.13	227.29	0.61183	0.99894	1.6117	1336.1	-0.030363	0.0003144	0.22278	liquid
264.0	1545.0	1262.4	0.00079213	105.06	227.44	0.61146	0.99909	1.6116	1337.0	-0.030377	0.00031476	0.22294	liquid
264.0	1548.2	1262.7	0.00079195	104.99	227.6	0.61109	0.99924	1.6114	1337.8	-0.030392	0.00031513	0.22309	liquid
264.0	1551.5	1263.0	0.00079176	104.92	227.76	0.61071	0.99939	1.6112	1338.6	-0.030406	0.00031549	0.22324	liquid
264.0	1554.8	1263.3	0.00079158	104.85	227.92	0.61034	0.99954	1.6111	1339.5	-0.030421	0.00031585	0.2234	liquid
264.0	1558.0	1263.6	0.0007914	104.78	228.08	0.60997	0.99969	1.6109	1340.3	-0.030435	0.00031621	0.22355	liquid
264.0	1561.2	1263.9	0.00079122	104.71	228.24	0.6096	0.99984	1.6108	1341.1	-0.03045	0.00031657	0.22371	liquid
264.0	1564.5	1264.2	0.00079103	104.64	228.4	0.60923	0.99999	1.6106	1341.9	-0.030464	0.00031694	0.22386	liquid
264.0	1567.8	1264.5	0.00079085	104.57	228.56	0.60886	1.0001	1.6105	1342.8	-0.030478	0.0003173	0.22401	liquid
264.0	1571.0	1264.7	0.00079067	104.51	228.72	0.60849	1.0003	1.6103	1343.6	-0.030492	0.00031766	0.22417	liquid
264.0	1574.2	1265.0	0.00079049	104.44	228.88	0.60812	1.0004	1.6102	1344.4	-0.030506	0.00031802	0.22432	liquid
264.0	1577.5	1265.3	0.00079031	104.37	229.04	0.60776	1.0006	1.61	1345.2	-0.03052	0.00031838	0.22448	liquid
264.0	1580.8	1265.6	0.00079013	104.3	229.2	0.60739	1.0007	1.6099	1346.1	-0.030534	0.00031874	0.22463	liquid
264.0	1584.0	1265.9	0.00078995	104.23	229.36	0.60702	1.0009	1.6097	1346.9	-0.030548	0.00031911	0.22478	liquid
264.0	1587.2	1266.2	0.00078977	104.16	229.52	0.60665	1.001	1.6096	1347.7	-0.030562	0.00031947	0.22494	liquid
264.0	1590.5	1266.5	0.00078959	104.09	229.68	0.60629	1.0012	1.6094	1348.5	-0.030576	0.00031983	0.22509	liquid
264.0	1593.8	1266.8	0.00078941	104.03	229.84	0.60592	1.0013	1.6093	1349.3	-0.03059	0.00032019	0.22524	liquid
264.0	1597.0	1267.1	0.00078923	103.96	230.0	0.60556	1.0015	1.6091	1350.2	-0.030603	0.00032055	0.22539	liquid
264.0	1600.2	1267.3	0.00078905	103.89	230.16	0.60519	1.0016	1.609	1351.0	-0.030617	0.00032091	0.22555	liquid
264.0	1603.5	1267.6	0.00078888	103.82	230.32	0.60483	1.0018	1.6089	1351.8	-0.030631	0.00032128	0.2257	liquid
264.0	1606.8	1267.9	0.0007887	103.75	230.48	0.60446	1.0019	1.6087	1352.6	-0.030644	0.00032164	0.22585	liquid
264.0	1610.0	1268.2	0.00078852	103.69	230.64	0.6041	1.0021	1.6086	1353.4	-0.030657	0.000322	0.22601	liquid
264.0	1613.2	1268.5	0.00078834	103.62	230.8	0.60374	1.0022	1.6084	1354.2	-0.030671	0.00032236	0.22616	liquid
264.0	1616.5	1268.8	0.00078817	103.55	230.96	0.60337	1.0024	1.6083	1355.0	-0.030684	0.00032272	0.22631	liquid
264.0	1619.8	1269.0	0.00078799	103.48	231.12	0.60301	1.0025	1.6081	1355.8	-0.030698	0.00032308	0.22646	liquid
264.0	1623.0	1269.3	0.00078782	103.42	231.28	0.60265	1.0027	1.608	1356.6	-0.030711	0.00032344	0.22661	liquid
264.0	1626.2	1269.6	0.00078764	103.35	231.44	0.60229	1.0028	1.6079	1357.4	-0.030724	0.0003238	0.22677	liquid
264.0	1629.5	1269.9	0.00078746	103.28	231.6	0.60192	1.003	1.6077	1358.3	-0.030737	0.00032416	0.22692	liquid
264.0	1632.8	1270.2	0.00078729	103.22	231.76	0.60156	1.0031	1.6076	1359.1	-0.03075	0.00032453	0.22707	liquid
264.0	1636.0	1270.5	0.00078712	103.15	231.92	0.6012	1.0033	1.6075	1359.9	-0.030763	0.00032489	0.22722	liquid
264.0	1639.2	1270.7	0.00078694	103.08	232.08	0.60084	1.0034	1.6073	1360.7	-0.030776	0.00032525	0.22737	liquid
264.0	1642.5	1271.0	0.00078677	103.02	232.24	0.60048	1.0036	1.6072	1361.5	-0.030789	0.00032561	0.22753	liquid
264.0	1645.8	1271.3	0.00078659	102.95	232.41	0.60012	1.0037	1.607	1362.3	-0.030802	0.00032597	0.22768	liquid
264.0	1649.0	1271.6	0.00078642	102.89	232.57	0.59977	1.0039	1.6069	1363.1	-0.030815	0.00032633	0.22783	liquid
264.0	1652.2	1271.9	0.00078625	102.82	232.73	0.59941	1.004	1.6068	1363.9	-0.030827	0.00032669	0.22798	liquid
264.0	1655.5	1272.1	0.00078607	102.75	232.89	0.59905	1.0042	1.6066	1364.7	-0.03084	0.00032705	0.22813	liquid
264.0	1658.8	1272.4	0.0007859	102.69	233.05	0.59869	1.0043	1.6065	1365.5	-0.030853	0.00032741	0.22828	liquid
264.0	1662.0	1272.7	0.00078573	102.62	233.21	0.59833	1.0045	1.6064	1366.2	-0.030865	0.00032777	0.22843	liquid
264.0	1665.2	1273.0	0.00078556	102.56	233.37	0.59798	1.0046	1.6062	1367.0	-0.030878	0.00032813	0.22858	liquid
264.0	1668.5	1273.3	0.00078539	102.49	233.53	0.59762	1.0048	1.6061	1367.8	-0.03089	0.00032849	0.22874	liquid
264.0	1671.8	1273.5	0.00078522	102.43	233.69	0.59727	1.0049	1.606	1368.6	-0.030903	0.00032885	0.22889	liquid
264.0	1675.0	1273.8	0.00078504	102.36	233.86	0.59691	1.0051	1.6059	1369.4	-0.030915	0.00032921	0.22904	liquid
264.0	1678.2	1274.1	0.00078487	102.3	234.02	0.59656	1.0052	1.6057	1370.2	-0.030928	0.00032957	0.22919	liquid
264.0	1681.5	1274.4	0.0007847	102.23	234.18	0.5962	1.0054	1.6056	1371.0	-0.03094	0.00032994	0.22934	liquid
264.0	1684.8	1274.6	0.00078453	102.17	234.34	0.59585	1.0055	1.6055	1371.8	-0.030952	0.0003303	0.22949	liquid
264.0	1688.0	1274.9	0.00078436	102.1	234.5	0.59549	1.0057	1.6053	1372.6	-0.030964	0.00033066	0.22964	liquid
264.0	1691.2	1275.2	0.0007842	102.04	234.66	0.59514	1.0058	1.6052	1373.4	-0.030976	0.00033102	0.22979	liquid
264.0	1694.5	1275.5	0.00078403	101.97	234.82	0.59479	1.006	1.6051	1374.1	-0.030989	0.00033138	0.22994	liquid
264.0	1697.8	1275.7	0.00078386	101.91	234.99	0.59443	1.0061	1.605	1374.9	-0.031001	0.00033174	0.23009	liquid
264.0	1701.0	1276.0	0.00078369	101.84	235.15	0.59408	1.0063	1.6048	1375.7	-0.031013	0.0003321	0.23024	liquid
264.0	1704.2	1276.3	0.00078352	101.78	235.31	0.59373	1.0064	1.6047	1376.5	-0.031025	0.00033246	0.23039	liquid
264.0	1707.5	1276.6	0.00078335	101.71	235.47	0.59338	1.0065	1.6046	1377.3	-0.031036	0.00033282	0.23054	liquid
264.0	1710.8	1276.8	0.00078319	101.65	235.63	0.59303	1.0067	1.6045	1378.0	-0.031048	0.00033318	0.23069	liquid
264.0	1714.0	1277.1	0.00078302	101.59	235.8	0.59268	1.0068	1.6043	1378.8	-0.03106	0.00033354	0.23084	liquid
264.0	1717.2	1277.4	0.00078285	101.52	235.96	0.59233	1.007	1.6042	1379.6	-0.031072	0.0003339	0.23099	liquid
264.0	1720.5	1277.7	0.00078269	101.46	236.12	0.59198	1.0071	1.6041	1380.4	-0.031084	0.00033426	0.23114	liquid
264.0	1723.8	1277.9	0.00078252	101.39	236.28	0.59163	1.0073	1.604	1381.2	-0.031095	0.00033462	0.23129	liquid
264.0	1727.0	1278.2	0.00078235	101.33	236.44	0.59128	1.0074	1.6039	1381.9	-0.031107	0.00033498	0.23144	liquid
264.0	1730.2	1278.5	0.00078219	101.27	236.61	0.59093	1.0076	1.6037	1382.7	-0.031118	0.00033534	0.23159	liquid
264.0	1733.5	1278.7	0.00078202	101.2	236.77	0.59058	1.0077	1.6036	1383.5	-0.03113	0.00033569	0.23174	liquid
264.0	1736.8	1279.0	0.00078186	101.14	236.93	0.59023	1.0079	1.6035	1384.2	-0.031141	0.00033605	0.23189	liquid
264.0	1740.0	1279.3	0.00078169	101.08	237.09	0.58988	1.008	1.6034	1385.0	-0.031153	0.00033641	0.23203	liquid
264.0	1743.2	1279.5	0.00078153	101.01	237.25	0.58954	1.0082	1.6033	1385.8	-0.031164	0.00033677	0.23218	liquid
264.0	1746.5	1279.8	0.00078136	100.95	237.42	0.58919	1.0083	1.6031	1386.6	-0.031176	0.00033713	0.23233	liquid
264.0	1749.8	1280.1	0.0007812	100.89	237.58	0.58884	1.0085	1.603	1387.3	-0.031187	0.00033749	0.23248	liquid
264.0	1753.0	1280.4	0.00078104	100.83	237.74	0.5885	1.0086	1.6029	1388.1	-0.031198	0.00033785	0.23263	liquid
264.0	1756.2	1280.6	0.00078087	100.76	237.9	0.58815	1.0088	1.6028	1388.9	-0.031209	0.00033821	0.23278	liquid
264.0	1759.5	1280.9	0.00078071	100.7	238.07	0.58781	1.0089	1.6027	1389.6	-0.031221	0.00033857	0.23293	liquid
264.0	1762.8	1281.2	0.00078055	100.64	238.23	0.58746	1.0091	1.6026	1390.4	-0.031232	0.00033893	0.23308	liquid
264.0	1766.0	1281.4	0.00078038	100.58	238.39	0.58712	1.0092	1.6025	1391.2	-0.031243	0.00033929	0.23322	liquid
264.0	1769.2	1281.7	0.00078022	100.51	238.56	0.58677	1.0094	1.6023	1391.9	-0.031254	0.00033965	0.23337	liquid
264.0	1772.5	1282.0	0.00078006	100.45	238.72	0.58643	1.0095	1.6022	1392.7	-0.031265	0.00034001	0.23352	liquid
264.0	1775.8	1282.2	0.0007799	100.39	238.88	0.58609	1.0097	1.6021	1393.4	-0.031276	0.00034037	0.23367	liquid
264.0	1779.0	1282.5	0.00077974	100.33	239.04	0.58574	1.0098	1.602	1394.2	-0.031287	0.00034073	0.23382	liquid
264.0	1782.2	1282.7	0.00077958	100.27	239.21	0.5854	1.01	1.6019	1395.0	-0.031297	0.00034109	0.23397	liquid
264.0	1785.5	1283.0	0.00077941	100.2	239.37	0.58506	1.0101	1.6018	1395.7	-0.031308	0.00034145	0.23411	liquid
264.0	1788.8	1283.3	0.00077925	100.14	239.53	0.58472	1.0103	1.6017	1396.5	-0.031319	0.0003418	0.23426	liquid
264.0	1792.0	1283.5	0.00077909	100.08	239.7	0.58437	1.0104	1.6016	1397.2	-0.03133	0.00034216	0.23441	liquid
264.0	1795.2	1283.8	0.00077893	100.02	239.86	0.58403	1.0106	1.6014	1398.0	-0.03134	0.00034252	0.23456	liquid
264.0	1798.5	1284.1	0.00077877	99.959	240.02	0.58369	1.0107	1.6013	1398.7	-0.031351	0.00034288	0.2347	liquid
264.0	1801.8	1284.3	0.00077861	99.898	240.18	0.58335	1.0109	1.6012	1399.5	-0.031362	0.00034324	0.23485	liquid
264.0	1805.0	1284.6	0.00077846	99.837	240.35	0.58301	1.011	1.6011	1400.2	-0.031372	0.0003436	0.235	liquid
264.0	1808.2	1284.9	0.0007783	99.776	240.51	0.58267	1.0111	1.601	1401.0	-0.031383	0.00034396	0.23515	liquid
264.0	1811.5	1285.1	0.00077814	99.715	240.67	0.58233	1.0113	1.6009	1401.7	-0.031393	0.00034432	0.23529	liquid
264.0	1814.8	1285.4	0.00077798	99.654	240.84	0.58199	1.0114	1.6008	1402.5	-0.031404	0.00034468	0.23544	liquid
264.0	1818.0	1285.6	0.00077782	99.594	241.0	0.58165	1.0116	1.6007	1403.2	-0.031414	0.00034504	0.23559	liquid
264.0	1821.2	1285.9	0.00077766	99.533	241.16	0.58132	1.0117	1.6006	1404.0	-0.031424	0.00034539	0.23574	liquid
264.0	1824.5	1286.2	0.00077751	99.473	241.33	0.58098	1.0119	1.6005	1404.7	-0.031435	0.00034575	0.23588	liquid
264.0	1827.8	1286.4	0.00077735	99.412	241.49	0.58064	1.012	1.6004	1405.5	-0.031445	0.00034611	0.23603	liquid
264.0	1831.0	1286.7	0.00077719	99.352	241.66	0.5803	1.0122	1.6003	1406.2	-0.031455	0.00034647	0.23618	liquid
264.0	1834.2	1286.9	0.00077703	99.292	241.82	0.57997	1.0123	1.6002	1407.0	-0.031465	0.00034683	0.23632	liquid
264.0	1837.5	1287.2	0.00077688	99.232	241.98	0.57963	1.0125	1.6001	1407.7	-0.031476	0.00034719	0.23647	liquid
264.0	1840.8	1287.5	0.00077672	99.171	242.15	0.57929	1.0126	1.6	1408.4	-0.031486	0.00034755	0.23662	liquid
264.0	1844.0	1287.7	0.00077657	99.112	242.31	0.57896	1.0128	1.5999	1409.2	-0.031496	0.00034791	0.23676	liquid
264.0	1847.2	1288.0	0.00077641	99.052	242.47	0.57862	1.0129	1.5998	1409.9	-0.031506	0.00034826	0.23691	liquid
264.0	1850.5	1288.2	0.00077625	98.992	242.64	0.57829	1.0131	1.5997	1410.7	-0.031516	0.00034862	0.23706	liquid
264.0	1853.8	1288.5	0.0007761	98.932	242.8	0.57795	1.0132	1.5996	1411.4	-0.031526	0.00034898	0.2372	liquid
264.0	1857.0	1288.8	0.00077594	98.873	242.97	0.57762	1.0134	1.5995	1412.1	-0.031536	0.00034934	0.23735	liquid
264.0	1860.2	1289.0	0.00077579	98.813	243.13	0.57728	1.0135	1.5994	1412.9	-0.031546	0.0003497	0.23749	liquid
264.0	1863.5	1289.3	0.00077563	98.754	243.29	0.57695	1.0137	1.5993	1413.6	-0.031555	0.00035006	0.23764	liquid
264.0	1866.8	1289.5	0.00077548	98.695	243.46	0.57662	1.0138	1.5992	1414.3	-0.031565	0.00035042	0.23779	liquid
264.0	1870.0	1289.8	0.00077533	98.636	243.62	0.57628	1.014	1.5991	1415.1	-0.031575	0.00035077	0.23793	liquid
264.0	1873.2	1290.0	0.00077517	98.577	243.79	0.57595	1.0141	1.599	1415.8	-0.031585	0.00035113	0.23808	liquid
264.0	1876.5	1290.3	0.00077502	98.518	243.95	0.57562	1.0143	1.5989	1416.5	-0.031594	0.00035149	0.23822	liquid
264.0	1879.8	1290.5	0.00077487	98.459	244.11	0.57529	1.0144	1.5988	1417.3	-0.031604	0.00035185	0.23837	liquid
264.0	1883.0	1290.8	0.00077471	98.4	244.28	0.57495	1.0145	1.5987	1418.0	-0.031614	0.00035221	0.23852	liquid
264.0	1886.2	1291.1	0.00077456	98.341	244.44	0.57462	1.0147	1.5986	1418.7	-0.031623	0.00035257	0.23866	liquid
264.0	1889.5	1291.3	0.00077441	98.283	244.61	0.57429	1.0148	1.5985	1419.5	-0.031633	0.00035292	0.23881	liquid
264.0	1892.8	1291.6	0.00077426	98.224	244.77	0.57396	1.015	1.5984	1420.2	-0.031642	0.00035328	0.23895	liquid
264.0	1896.0	1291.8	0.0007741	98.166	244.94	0.57363	1.0151	1.5983	1420.9	-0.031652	0.00035364	0.2391	liquid
264.0	1899.2	1292.1	0.00077395	98.107	245.1	0.5733	1.0153	1.5982	1421.6	-0.031661	0.000354	0.23924	liquid
264.0	1902.5	1292.3	0.0007738	98.049	245.26	0.57297	1.0154	1.5981	1422.4	-0.031671	0.00035436	0.23939	liquid
264.0	1905.8	1292.6	0.00077365	97.991	245.43	0.57264	1.0156	1.598	1423.1	-0.03168	0.00035471	0.23953	liquid
264.0	1909.0	1292.8	0.0007735	97.933	245.59	0.57231	1.0157	1.5979	1423.8	-0.031689	0.00035507	0.23968	liquid
264.0	1912.2	1293.1	0.00077335	97.875	245.76	0.57198	1.0159	1.5978	1424.5	-0.031699	0.00035543	0.23982	liquid
264.0	1915.5	1293.3	0.0007732	97.817	245.92	0.57166	1.016	1.5977	1425.3	-0.031708	0.00035579	0.23997	liquid
264.0	1918.8	1293.6	0.00077305	97.759	246.09	0.57133	1.0162	1.5976	1426.0	-0.031717	0.00035615	0.24011	liquid
264.0	1922.0	1293.8	0.0007729	97.702	246.25	0.571	1.0163	1.5975	1426.7	-0.031726	0.0003565	0.24026	liquid
264.0	1925.2	1294.1	0.00077275	97.644	246.42	0.57067	1.0165	1.5974	1427.4	-0.031735	0.00035686	0.2404	liquid
264.0	1928.5	1294.3	0.0007726	97.586	246.58	0.57035	1.0166	1.5974	1428.1	-0.031744	0.00035722	0.24055	liquid
264.0	1931.8	1294.6	0.00077245	97.529	246.75	0.57002	1.0168	1.5973	1428.9	-0.031754	0.00035758	0.24069	liquid
264.0	1935.0	1294.8	0.0007723	97.472	246.91	0.56969	1.0169	1.5972	1429.6	-0.031763	0.00035794	0.24084	liquid
264.0	1938.2	1295.1	0.00077215	97.414	247.08	0.56937	1.0171	1.5971	1430.3	-0.031772	0.00035829	0.24098	liquid
264.0	1941.5	1295.3	0.000772	97.357	247.24	0.56904	1.0172	1.597	1431.0	-0.031781	0.00035865	0.24113	liquid
264.0	1944.8	1295.6	0.00077185	97.3	247.41	0.56872	1.0173	1.5969	1431.7	-0.031789	0.00035901	0.24127	liquid
264.0	1948.0	1295.8	0.0007717	97.243	247.57	0.56839	1.0175	1.5968	1432.4	-0.031798	0.00035937	0.24142	liquid
264.0	1951.2	1296.1	0.00077156	97.186	247.74	0.56807	1.0176	1.5967	1433.1	-0.031807	0.00035973	0.24156	liquid
264.0	1954.5	1296.3	0.00077141	97.129	247.9	0.56774	1.0178	1.5966	1433.9	-0.031816	0.00036008	0.2417	liquid
264.0	1957.8	1296.6	0.00077126	97.073	248.07	0.56742	1.0179	1.5966	1434.6	-0.031825	0.00036044	0.24185	liquid
264.0	1961.0	1296.8	0.00077111	97.016	248.23	0.56709	1.0181	1.5965	1435.3	-0.031834	0.0003608	0.24199	liquid
264.0	1964.2	1297.1	0.00077097	96.96	248.4	0.56677	1.0182	1.5964	1436.0	-0.031842	0.00036116	0.24214	liquid
264.0	1967.5	1297.3	0.00077082	96.903	248.56	0.56645	1.0184	1.5963	1436.7	-0.031851	0.00036152	0.24228	liquid
264.0	1970.8	1297.6	0.00077067	96.847	248.73	0.56612	1.0185	1.5962	1437.4	-0.03186	0.00036187	0.24242	liquid
264.0	1974.0	1297.8	0.00077053	96.79	248.89	0.5658	1.0187	1.5961	1438.1	-0.031868	0.00036223	0.24257	liquid
264.0	1977.2	1298.1	0.00077038	96.734	249.06	0.56548	1.0188	1.596	1438.8	-0.031877	0.00036259	0.24271	liquid
264.0	1980.5	1298.3	0.00077024	96.678	249.22	0.56516	1.019	1.596	1439.5	-0.031886	0.00036295	0.24285	liquid
264.0	1983.8	1298.5	0.00077009	96.622	249.39	0.56484	1.0191	1.5959	1440.2	-0.031894	0.0003633	0.243	liquid
264.0	1987.0	1298.8	0.00076994	96.566	249.55	0.56451	1.0193	1.5958	1440.9	-0.031903	0.00036366	0.24314	liquid
264.0	1990.2	1299.0	0.0007698	96.51	249.72	0.56419	1.0194	1.5957	1441.6	-0.031911	0.00036402	0.24329	liquid
264.0	1993.5	1299.3	0.00076965	96.454	249.89	0.56387	1.0195	1.5956	1442.3	-0.03192	0.00036438	0.24343	liquid
264.0	1996.8	1299.5	0.00076951	96.399	250.05	0.56355	1.0197	1.5955	1443.0	-0.031928	0.00036473	0.24357	liquid
264.0	2000.0	1299.8	0.00076937	96.343	250.22	0.56323	1.0198	1.5955	1443.7	-0.031936	0.00036509	0.24372	liquid
