Temperature (K)	Pressure (bar)	Density (kg/m3)	Volume (m3/kg)	Internal Energy (kJ/kg)	Enthalpy (kJ/kg)	Entropy (J/g*K)	Cv (J/g*K)	Cp (J/g*K)	Sound Spd. (m/s)	Joule-Thomson (K/bar)	Viscosity (Pa*s)	Therm. Cond. (W/m*K)	Phase
387.0	56.5	87.613	0.011414	488.54	553.03	2.1481	0.78945	1.14	286.31	0.54668	2.024e-05	0.027068	vapor
387.0	59.75	93.384	0.010708	487.01	550.99	2.1336	0.79254	1.1563	285.51	0.54383	2.0345e-05	0.027337	vapor
387.0	63.0	99.248	0.010076	485.46	548.94	2.1196	0.79566	1.173	284.73	0.54081	2.0455e-05	0.027618	vapor
387.0	66.25	105.2	0.0095053	483.9	546.87	2.106	0.79879	1.1903	283.99	0.53762	2.057e-05	0.027908	vapor
387.0	69.5	111.26	0.0089881	482.31	544.78	2.0928	0.80193	1.2082	283.27	0.53425	2.0691e-05	0.02821	vapor
387.0	72.75	117.41	0.0085172	480.71	542.67	2.08	0.80508	1.2266	282.58	0.53069	2.0818e-05	0.028523	vapor
387.0	76.0	123.66	0.0080866	479.09	540.55	2.0676	0.80824	1.2456	281.93	0.52695	2.0952e-05	0.028848	vapor
387.0	76.0	123.66	0.0080866	479.09	540.55	2.0676	0.80824	1.2456	281.93	0.52695	2.0952e-05	0.028848	supercritical
387.0	76.0	123.66	0.0080866	479.09	540.55	2.0676	0.80824	1.2456	281.93	0.52695	2.0952e-05	0.028848	supercritical
387.0	79.25	130.01	0.0076915	477.45	538.41	2.0554	0.8114	1.2653	281.31	0.52302	2.1091e-05	0.029186	supercritical
387.0	82.5	136.47	0.0073276	475.79	536.25	2.0435	0.81457	1.2855	280.73	0.5189	2.1238e-05	0.029537	supercritical
387.0	85.75	143.03	0.0069915	474.12	534.07	2.0319	0.81774	1.3063	280.19	0.51457	2.1392e-05	0.0299	supercritical
387.0	89.0	149.7	0.0066802	472.42	531.88	2.0205	0.8209	1.3277	279.69	0.51004	2.1553e-05	0.030278	supercritical
387.0	92.25	156.47	0.006391	470.71	529.67	2.0093	0.82406	1.3497	279.24	0.50531	2.1722e-05	0.030669	supercritical
387.0	95.5	163.35	0.0061218	468.98	527.45	1.9983	0.82721	1.3724	278.84	0.50037	2.1899e-05	0.031075	supercritical
387.0	98.75	170.34	0.0058707	467.23	525.21	1.9875	0.83035	1.3956	278.49	0.49522	2.2085e-05	0.031496	supercritical
387.0	102.0	177.44	0.0056358	465.47	522.95	1.9768	0.83347	1.4194	278.2	0.48986	2.228e-05	0.031932	supercritical
387.0	105.25	184.64	0.0054159	463.68	520.69	1.9663	0.83656	1.4438	277.96	0.4843	2.2483e-05	0.032383	supercritical
387.0	108.5	191.95	0.0052096	461.88	518.41	1.956	0.83963	1.4686	277.79	0.47852	2.2697e-05	0.032849	supercritical
387.0	111.75	199.37	0.0050157	460.07	516.12	1.9458	0.84267	1.494	277.68	0.47254	2.292e-05	0.033332	supercritical
387.0	115.0	206.9	0.0048332	458.24	513.82	1.9357	0.84568	1.5199	277.64	0.46636	2.3154e-05	0.033829	supercritical
387.0	118.25	214.53	0.0046614	456.39	511.51	1.9258	0.84864	1.5462	277.67	0.45997	2.3398e-05	0.034343	supercritical
387.0	121.5	222.26	0.0044992	454.53	509.2	1.9159	0.85156	1.5728	277.77	0.45339	2.3653e-05	0.034872	supercritical
387.0	124.75	230.09	0.0043462	452.66	506.88	1.9062	0.85442	1.5998	277.96	0.44662	2.3919e-05	0.035416	supercritical
387.0	128.0	238.01	0.0042015	450.78	504.55	1.8966	0.85723	1.627	278.22	0.43967	2.4197e-05	0.035975	supercritical
387.0	131.25	246.02	0.0040646	448.88	502.23	1.8871	0.85998	1.6543	278.58	0.43255	2.4487e-05	0.036548	supercritical
387.0	134.5	254.12	0.0039351	446.98	499.9	1.8778	0.86266	1.6818	279.02	0.42526	2.4788e-05	0.037135	supercritical
387.0	137.75	262.3	0.0038124	445.06	497.58	1.8685	0.86526	1.7092	279.56	0.41781	2.5102e-05	0.037736	supercritical
387.0	141.0	270.55	0.0036962	443.15	495.26	1.8594	0.86779	1.7364	280.19	0.41022	2.5428e-05	0.038349	supercritical
387.0	144.25	278.86	0.003586	441.22	492.95	1.8504	0.87023	1.7635	280.92	0.4025	2.5766e-05	0.038973	supercritical
387.0	147.5	287.24	0.0034814	439.3	490.65	1.8414	0.87259	1.7902	281.75	0.39467	2.6117e-05	0.039609	supercritical
387.0	150.75	295.66	0.0033823	437.37	488.36	1.8326	0.87485	1.8164	282.69	0.38672	2.648e-05	0.040253	supercritical
387.0	154.0	304.12	0.0032882	435.45	486.08	1.824	0.87702	1.842	283.73	0.3787	2.6856e-05	0.040907	supercritical
387.0	157.25	312.61	0.0031988	433.52	483.83	1.8154	0.87909	1.867	284.88	0.3706	2.7244e-05	0.041567	supercritical
387.0	160.5	321.13	0.003114	431.61	481.59	1.807	0.88106	1.8911	286.14	0.36244	2.7643e-05	0.042234	supercritical
387.0	163.75	329.65	0.0030335	429.7	479.37	1.7987	0.88292	1.9142	287.51	0.35426	2.8055e-05	0.042906	supercritical
387.0	167.0	338.17	0.0029571	427.8	477.18	1.7905	0.88468	1.9363	288.98	0.34605	2.8477e-05	0.043582	supercritical
387.0	170.25	346.68	0.0028845	425.91	475.02	1.7824	0.88634	1.9573	290.57	0.33785	2.891e-05	0.04426	supercritical
387.0	173.5	355.17	0.0028156	424.03	472.88	1.7745	0.88789	1.9771	292.26	0.32966	2.9354e-05	0.044939	supercritical
387.0	176.75	363.62	0.0027501	422.17	470.78	1.7668	0.88933	1.9956	294.06	0.32152	2.9808e-05	0.045619	supercritical
387.0	180.0	372.03	0.0026879	420.33	468.71	1.7591	0.89067	2.0127	295.97	0.31343	3.0271e-05	0.046298	supercritical
387.0	183.25	380.39	0.0026289	418.51	466.68	1.7517	0.89192	2.0285	297.97	0.30541	3.0743e-05	0.046976	supercritical
387.0	186.5	388.68	0.0025728	416.7	464.69	1.7443	0.89306	2.0428	300.08	0.29749	3.1222e-05	0.047651	supercritical
387.0	189.75	396.9	0.0025195	414.92	462.73	1.7371	0.89411	2.0558	302.28	0.28966	3.1709e-05	0.048322	supercritical
387.0	193.0	405.03	0.0024689	413.17	460.82	1.7301	0.89507	2.0673	304.57	0.28195	3.2203e-05	0.04899	supercritical
387.0	196.25	413.08	0.0024208	411.43	458.94	1.7232	0.89594	2.0774	306.95	0.27437	3.2703e-05	0.049652	supercritical
387.0	199.5	421.03	0.0023751	409.73	457.11	1.7164	0.89673	2.0861	309.41	0.26692	3.3208e-05	0.05031	supercritical
387.0	202.75	428.87	0.0023317	408.05	455.32	1.7099	0.89744	2.0935	311.95	0.25962	3.3717e-05	0.050962	supercritical
387.0	206.0	436.61	0.0022904	406.4	453.58	1.7034	0.89807	2.0996	314.57	0.25247	3.423e-05	0.051607	supercritical
387.0	209.25	444.23	0.0022511	404.77	451.88	1.6971	0.89864	2.1044	317.26	0.24548	3.4747e-05	0.052246	supercritical
387.0	212.5	451.73	0.0022137	403.18	450.22	1.6909	0.89915	2.1081	320.02	0.23866	3.5266e-05	0.052879	supercritical
387.0	215.75	459.11	0.0021781	401.62	448.61	1.6849	0.89959	2.1107	322.84	0.232	3.5787e-05	0.053504	supercritical
387.0	219.0	466.36	0.0021443	400.08	447.04	1.6791	0.89998	2.1122	325.72	0.22552	3.6309e-05	0.054122	supercritical
387.0	222.25	473.48	0.002112	398.57	445.51	1.6733	0.90032	2.1127	328.65	0.2192	3.6832e-05	0.054733	supercritical
387.0	225.5	480.48	0.0020812	397.1	444.03	1.6677	0.90061	2.1124	331.63	0.21306	3.7355e-05	0.055336	supercritical
387.0	228.75	487.35	0.0020519	395.65	442.59	1.6623	0.90086	2.1112	334.66	0.20709	3.7878e-05	0.055932	supercritical
387.0	232.0	494.08	0.002024	394.23	441.19	1.6569	0.90107	2.1093	337.73	0.20129	3.84e-05	0.056521	supercritical
387.0	235.25	500.69	0.0019973	392.84	439.83	1.6517	0.90124	2.1067	340.83	0.19566	3.8921e-05	0.057102	supercritical
387.0	238.5	507.16	0.0019718	391.48	438.51	1.6467	0.90139	2.1035	343.97	0.1902	3.9441e-05	0.057676	supercritical
387.0	241.75	513.51	0.0019474	390.15	437.23	1.6417	0.9015	2.0997	347.14	0.18491	3.9958e-05	0.058243	supercritical
387.0	245.0	519.73	0.0019241	388.84	435.98	1.6369	0.90159	2.0955	350.33	0.17978	4.0474e-05	0.058802	supercritical
387.0	248.25	525.82	0.0019018	387.56	434.78	1.6321	0.90166	2.0908	353.55	0.17481	4.0987e-05	0.059354	supercritical
387.0	251.5	531.78	0.0018805	386.31	433.61	1.6275	0.90171	2.0858	356.78	0.17	4.1497e-05	0.0599	supercritical
387.0	254.75	537.63	0.00186	385.09	432.47	1.623	0.90174	2.0804	360.04	0.16534	4.2005e-05	0.060438	supercritical
387.0	258.0	543.35	0.0018404	383.89	431.37	1.6186	0.90176	2.0748	363.3	0.16083	4.2509e-05	0.060969	supercritical
387.0	261.25	548.96	0.0018216	382.71	430.3	1.6143	0.90176	2.069	366.58	0.15647	4.301e-05	0.061494	supercritical
387.0	264.5	554.45	0.0018036	381.56	429.27	1.6101	0.90176	2.063	369.86	0.15224	4.3508e-05	0.062012	supercritical
387.0	267.75	559.83	0.0017863	380.43	428.26	1.606	0.90174	2.0568	373.15	0.14816	4.4002e-05	0.062524	supercritical
387.0	271.0	565.1	0.0017696	379.33	427.29	1.602	0.90172	2.0505	376.45	0.1442	4.4492e-05	0.063029	supercritical
387.0	274.25	570.26	0.0017536	378.25	426.34	1.5981	0.90169	2.0441	379.74	0.14038	4.4979e-05	0.063529	supercritical
387.0	277.5	575.32	0.0017382	377.19	425.42	1.5943	0.90165	2.0377	383.03	0.13668	4.5462e-05	0.064022	supercritical
387.0	280.75	580.28	0.0017233	376.15	424.53	1.5905	0.90161	2.0312	386.32	0.1331	4.5942e-05	0.064509	supercritical
387.0	284.0	585.13	0.001709	375.13	423.66	1.5868	0.90157	2.0246	389.61	0.12963	4.6417e-05	0.064991	supercritical
387.0	287.25	589.89	0.0016952	374.13	422.82	1.5832	0.90153	2.0181	392.89	0.12628	4.6889e-05	0.065467	supercritical
387.0	290.5	594.56	0.0016819	373.15	422.01	1.5797	0.90148	2.0116	396.16	0.12303	4.7357e-05	0.065938	supercritical
387.0	293.75	599.14	0.0016691	372.18	421.21	1.5762	0.90144	2.0051	399.42	0.11989	4.7821e-05	0.066403	supercritical
387.0	297.0	603.62	0.0016567	371.24	420.44	1.5728	0.90139	1.9986	402.68	0.11685	4.8281e-05	0.066863	supercritical
387.0	300.25	608.03	0.0016447	370.31	419.69	1.5695	0.90135	1.9922	405.92	0.1139	4.8738e-05	0.067318	supercritical
387.0	303.5	612.34	0.0016331	369.4	418.97	1.5663	0.9013	1.9858	409.15	0.11105	4.919e-05	0.067768	supercritical
387.0	306.75	616.58	0.0016218	368.51	418.26	1.5631	0.90126	1.9795	412.37	0.10828	4.964e-05	0.068213	supercritical
387.0	310.0	620.74	0.001611	367.63	417.57	1.5599	0.90122	1.9732	415.57	0.1056	5.0085e-05	0.068653	supercritical
387.0	313.25	624.82	0.0016005	366.77	416.91	1.5569	0.90118	1.967	418.76	0.103	5.0527e-05	0.069089	supercritical
387.0	316.5	628.83	0.0015903	365.93	416.26	1.5539	0.90114	1.9609	421.94	0.10048	5.0965e-05	0.06952	supercritical
387.0	319.75	632.77	0.0015804	365.09	415.63	1.5509	0.9011	1.9548	425.1	0.09803	5.1399e-05	0.069947	supercritical
387.0	323.0	636.64	0.0015708	364.28	415.01	1.548	0.90107	1.9489	428.25	0.095656	5.183e-05	0.07037	supercritical
387.0	326.25	640.43	0.0015614	363.47	414.41	1.5451	0.90104	1.943	431.38	0.093351	5.2257e-05	0.070788	supercritical
387.0	329.5	644.17	0.0015524	362.68	413.83	1.5423	0.90101	1.9371	434.5	0.091113	5.2681e-05	0.071202	supercritical
387.0	332.75	647.84	0.0015436	361.9	413.27	1.5395	0.90098	1.9314	437.6	0.088939	5.3102e-05	0.071613	supercritical
387.0	336.0	651.45	0.001535	361.14	412.72	1.5368	0.90096	1.9257	440.68	0.086827	5.3519e-05	0.072019	supercritical
387.0	339.25	654.99	0.0015267	360.38	412.18	1.5342	0.90094	1.9202	443.75	0.084773	5.3933e-05	0.072421	supercritical
387.0	342.5	658.48	0.0015186	359.64	411.66	1.5315	0.90092	1.9146	446.8	0.082776	5.4344e-05	0.07282	supercritical
387.0	345.75	661.91	0.0015108	358.91	411.15	1.5289	0.90091	1.9092	449.84	0.080834	5.4752e-05	0.073215	supercritical
387.0	349.0	665.29	0.0015031	358.2	410.65	1.5264	0.9009	1.9039	452.86	0.078944	5.5156e-05	0.073607	supercritical
387.0	352.25	668.61	0.0014956	357.49	410.17	1.5239	0.90089	1.8986	455.87	0.077105	5.5557e-05	0.073995	supercritical
387.0	355.5	671.88	0.0014884	356.79	409.7	1.5214	0.90088	1.8934	458.86	0.075314	5.5956e-05	0.07438	supercritical
387.0	358.75	675.1	0.0014813	356.1	409.24	1.519	0.90088	1.8883	461.83	0.07357	5.6351e-05	0.074761	supercritical
387.0	362.0	678.27	0.0014743	355.43	408.8	1.5166	0.90088	1.8833	464.79	0.071871	5.6743e-05	0.075139	supercritical
387.0	365.25	681.39	0.0014676	354.76	408.36	1.5143	0.90088	1.8783	467.73	0.070215	5.7133e-05	0.075514	supercritical
387.0	368.5	684.46	0.001461	354.1	407.94	1.5119	0.90089	1.8734	470.66	0.068601	5.7519e-05	0.075885	supercritical
387.0	371.75	687.49	0.0014546	353.46	407.53	1.5096	0.9009	1.8686	473.57	0.067027	5.7903e-05	0.076254	supercritical
387.0	375.0	690.48	0.0014483	352.82	407.13	1.5074	0.90091	1.8638	476.46	0.065492	5.8284e-05	0.07662	supercritical
387.0	378.25	693.42	0.0014421	352.19	406.74	1.5052	0.90092	1.8592	479.34	0.063995	5.8663e-05	0.076982	supercritical
387.0	381.5	696.31	0.0014361	351.57	406.35	1.503	0.90094	1.8546	482.2	0.062534	5.9038e-05	0.077342	supercritical
387.0	384.75	699.17	0.0014303	350.95	405.98	1.5008	0.90096	1.85	485.05	0.061107	5.9411e-05	0.077699	supercritical
387.0	388.0	701.99	0.0014245	350.35	405.62	1.4987	0.90098	1.8456	487.88	0.059715	5.9782e-05	0.078053	supercritical
387.0	391.25	704.76	0.0014189	349.75	405.27	1.4966	0.90101	1.8412	490.7	0.058355	6.015e-05	0.078405	supercritical
387.0	394.5	707.5	0.0014134	349.16	404.92	1.4945	0.90103	1.8368	493.51	0.057027	6.0515e-05	0.078754	supercritical
387.0	397.75	710.21	0.001408	348.58	404.58	1.4924	0.90106	1.8326	496.29	0.055729	6.0879e-05	0.0791	supercritical
387.0	401.0	712.87	0.0014028	348.01	404.26	1.4904	0.90109	1.8284	499.07	0.054461	6.1239e-05	0.079444	supercritical
387.0	404.25	715.5	0.0013976	347.44	403.94	1.4884	0.90113	1.8243	501.82	0.053221	6.1598e-05	0.079785	supercritical
387.0	407.5	718.1	0.0013926	346.88	403.63	1.4864	0.90116	1.8202	504.57	0.05201	6.1954e-05	0.080124	supercritical
387.0	410.75	720.66	0.0013876	346.33	403.32	1.4845	0.9012	1.8162	507.29	0.050825	6.2307e-05	0.080461	supercritical
387.0	414.0	723.19	0.0013828	345.78	403.03	1.4825	0.90124	1.8122	510.01	0.049666	6.2659e-05	0.080795	supercritical
387.0	417.25	725.68	0.001378	345.24	402.74	1.4806	0.90129	1.8084	512.71	0.048532	6.3008e-05	0.081126	supercritical
387.0	420.5	728.15	0.0013733	344.71	402.45	1.4787	0.90133	1.8045	515.39	0.047423	6.3355e-05	0.081456	supercritical
387.0	423.75	730.58	0.0013688	344.18	402.18	1.4769	0.90138	1.8008	518.06	0.046338	6.37e-05	0.081783	supercritical
387.0	427.0	732.99	0.0013643	343.66	401.91	1.475	0.90143	1.7971	520.72	0.045276	6.4043e-05	0.082108	supercritical
387.0	430.25	735.36	0.0013599	343.14	401.65	1.4732	0.90148	1.7934	523.36	0.044236	6.4384e-05	0.082431	supercritical
387.0	433.5	737.71	0.0013555	342.63	401.4	1.4714	0.90153	1.7898	525.99	0.043218	6.4723e-05	0.082752	supercritical
387.0	436.75	740.03	0.0013513	342.13	401.15	1.4696	0.90159	1.7863	528.6	0.042221	6.506e-05	0.083071	supercritical
387.0	440.0	742.32	0.0013471	341.63	400.91	1.4679	0.90164	1.7828	531.2	0.041245	6.5395e-05	0.083388	supercritical
387.0	443.25	744.58	0.001343	341.14	400.67	1.4662	0.9017	1.7794	533.79	0.040289	6.5728e-05	0.083703	supercritical
387.0	446.5	746.82	0.001339	340.65	400.44	1.4644	0.90176	1.776	536.36	0.039352	6.6059e-05	0.084016	supercritical
387.0	449.75	749.03	0.0013351	340.17	400.22	1.4627	0.90182	1.7727	538.92	0.038433	6.6388e-05	0.084327	supercritical
387.0	453.0	751.22	0.0013312	339.7	400.0	1.461	0.90189	1.7694	541.46	0.037534	6.6716e-05	0.084636	supercritical
387.0	456.25	753.38	0.0013273	339.22	399.78	1.4594	0.90195	1.7662	544.0	0.036652	6.7041e-05	0.084943	supercritical
387.0	459.5	755.52	0.0013236	338.76	399.58	1.4577	0.90202	1.7631	546.51	0.035787	6.7365e-05	0.085249	supercritical
387.0	462.75	757.64	0.0013199	338.3	399.37	1.4561	0.90209	1.7599	549.02	0.034939	6.7687e-05	0.085553	supercritical
387.0	466.0	759.73	0.0013163	337.84	399.18	1.4545	0.90216	1.7569	551.51	0.034108	6.8008e-05	0.085855	supercritical
387.0	469.25	761.8	0.0013127	337.39	398.98	1.4529	0.90223	1.7538	553.99	0.033292	6.8326e-05	0.086155	supercritical
387.0	472.5	763.85	0.0013092	336.94	398.8	1.4513	0.9023	1.7509	556.46	0.032492	6.8644e-05	0.086454	supercritical
387.0	475.75	765.87	0.0013057	336.5	398.61	1.4497	0.90238	1.7479	558.91	0.031708	6.8959e-05	0.086751	supercritical
387.0	479.0	767.88	0.0013023	336.06	398.44	1.4482	0.90245	1.7451	561.35	0.030938	6.9273e-05	0.087046	supercritical
387.0	482.25	769.86	0.0012989	335.62	398.26	1.4466	0.90253	1.7422	563.78	0.030182	6.9586e-05	0.08734	supercritical
387.0	485.5	771.82	0.0012956	335.19	398.1	1.4451	0.90261	1.7394	566.2	0.02944	6.9896e-05	0.087632	supercritical
387.0	488.75	773.77	0.0012924	334.77	397.93	1.4436	0.90269	1.7367	568.6	0.028713	7.0206e-05	0.087923	supercritical
387.0	492.0	775.69	0.0012892	334.34	397.77	1.4421	0.90277	1.7339	570.99	0.027998	7.0514e-05	0.088212	supercritical
387.0	495.25	777.6	0.001286	333.93	397.62	1.4406	0.90286	1.7313	573.37	0.027296	7.082e-05	0.0885	supercritical
387.0	498.5	779.48	0.0012829	333.51	397.46	1.4391	0.90294	1.7286	575.74	0.026607	7.1125e-05	0.088786	supercritical
387.0	501.75	781.35	0.0012798	333.1	397.32	1.4377	0.90302	1.726	578.09	0.02593	7.1428e-05	0.089071	supercritical
387.0	505.0	783.2	0.0012768	332.69	397.17	1.4362	0.90311	1.7235	580.44	0.025265	7.173e-05	0.089354	supercritical
387.0	508.25	785.03	0.0012738	332.29	397.03	1.4348	0.9032	1.721	582.77	0.024612	7.2031e-05	0.089636	supercritical
387.0	511.5	786.85	0.0012709	331.89	396.9	1.4334	0.90329	1.7185	585.09	0.02397	7.2331e-05	0.089917	supercritical
387.0	514.75	788.65	0.001268	331.5	396.77	1.432	0.90338	1.7161	587.4	0.02334	7.2629e-05	0.090196	supercritical
387.0	518.0	790.43	0.0012651	331.1	396.64	1.4306	0.90347	1.7137	589.7	0.02272	7.2926e-05	0.090474	supercritical
387.0	521.25	792.19	0.0012623	330.71	396.51	1.4292	0.90356	1.7113	591.98	0.022111	7.3221e-05	0.09075	supercritical
387.0	524.5	793.94	0.0012595	330.33	396.39	1.4278	0.90365	1.7089	594.26	0.021512	7.3515e-05	0.091026	supercritical
387.0	527.75	795.67	0.0012568	329.95	396.27	1.4265	0.90375	1.7066	596.52	0.020923	7.3808e-05	0.0913	supercritical
387.0	531.0	797.39	0.0012541	329.57	396.16	1.4251	0.90384	1.7044	598.77	0.020345	7.41e-05	0.091573	supercritical
387.0	534.25	799.09	0.0012514	329.19	396.05	1.4238	0.90394	1.7021	601.02	0.019775	7.439e-05	0.091844	supercritical
387.0	537.5	800.78	0.0012488	328.82	395.94	1.4225	0.90404	1.6999	603.25	0.019215	7.468e-05	0.092115	supercritical
387.0	540.75	802.45	0.0012462	328.45	395.84	1.4211	0.90413	1.6978	605.47	0.018665	7.4968e-05	0.092384	supercritical
387.0	544.0	804.11	0.0012436	328.08	395.73	1.4198	0.90423	1.6956	607.68	0.018123	7.5255e-05	0.092652	supercritical
387.0	547.25	805.75	0.0012411	327.72	395.64	1.4185	0.90433	1.6935	609.88	0.01759	7.5541e-05	0.092919	supercritical
387.0	550.5	807.38	0.0012386	327.36	395.54	1.4172	0.90443	1.6914	612.07	0.017066	7.5826e-05	0.093185	supercritical
387.0	553.75	809.0	0.0012361	327.0	395.45	1.416	0.90454	1.6894	614.25	0.01655	7.6109e-05	0.093449	supercritical
387.0	557.0	810.6	0.0012337	326.64	395.36	1.4147	0.90464	1.6874	616.42	0.016042	7.6392e-05	0.093713	supercritical
387.0	560.25	812.19	0.0012312	326.29	395.27	1.4134	0.90474	1.6854	618.58	0.015542	7.6673e-05	0.093975	supercritical
387.0	563.5	813.76	0.0012289	325.94	395.19	1.4122	0.90485	1.6834	620.72	0.01505	7.6954e-05	0.094237	supercritical
387.0	566.75	815.33	0.0012265	325.6	395.11	1.4109	0.90495	1.6815	622.86	0.014565	7.7233e-05	0.094497	supercritical
387.0	570.0	816.88	0.0012242	325.25	395.03	1.4097	0.90506	1.6795	624.99	0.014088	7.7512e-05	0.094756	supercritical
387.0	573.25	818.41	0.0012219	324.91	394.95	1.4085	0.90517	1.6777	627.11	0.013618	7.7789e-05	0.095014	supercritical
387.0	576.5	819.94	0.0012196	324.57	394.88	1.4073	0.90527	1.6758	629.22	0.013155	7.8066e-05	0.095272	supercritical
387.0	579.75	821.45	0.0012174	324.23	394.81	1.4061	0.90538	1.674	631.32	0.0127	7.8341e-05	0.095528	supercritical
387.0	583.0	822.95	0.0012151	323.9	394.74	1.4049	0.90549	1.6721	633.41	0.012251	7.8615e-05	0.095783	supercritical
387.0	586.25	824.44	0.0012129	323.57	394.68	1.4037	0.9056	1.6703	635.5	0.011809	7.8889e-05	0.096038	supercritical
387.0	589.5	825.92	0.0012108	323.24	394.61	1.4025	0.90571	1.6686	637.57	0.011373	7.9161e-05	0.096291	supercritical
387.0	592.75	827.39	0.0012086	322.91	394.55	1.4013	0.90582	1.6668	639.63	0.010944	7.9433e-05	0.096543	supercritical
387.0	596.0	828.85	0.0012065	322.59	394.5	1.4002	0.90593	1.6651	641.69	0.010521	7.9704e-05	0.096795	supercritical
387.0	599.25	830.29	0.0012044	322.27	394.44	1.399	0.90605	1.6634	643.73	0.010104	7.9974e-05	0.097045	supercritical
387.0	602.5	831.73	0.0012023	321.95	394.39	1.3979	0.90616	1.6618	645.77	0.009693	8.0243e-05	0.097295	supercritical
387.0	605.75	833.15	0.0012003	321.63	394.34	1.3967	0.90627	1.6601	647.8	0.009288	8.0511e-05	0.097544	supercritical
387.0	609.0	834.56	0.0011982	321.31	394.29	1.3956	0.90639	1.6585	649.82	0.0088887	8.0778e-05	0.097791	supercritical
387.0	612.25	835.97	0.0011962	321.0	394.24	1.3945	0.9065	1.6569	651.83	0.008495	8.1044e-05	0.098038	supercritical
387.0	615.5	837.36	0.0011942	320.69	394.19	1.3933	0.90662	1.6553	653.83	0.0081069	8.131e-05	0.098285	supercritical
387.0	618.75	838.74	0.0011923	320.38	394.15	1.3922	0.90674	1.6537	655.82	0.0077241	8.1574e-05	0.09853	supercritical
387.0	622.0	840.12	0.0011903	320.07	394.11	1.3911	0.90685	1.6521	657.81	0.0073466	8.1838e-05	0.098774	supercritical
387.0	625.25	841.48	0.0011884	319.77	394.07	1.39	0.90697	1.6506	659.79	0.0069744	8.2101e-05	0.099018	supercritical
387.0	628.5	842.83	0.0011865	319.47	394.04	1.3889	0.90709	1.6491	661.76	0.0066072	8.2364e-05	0.099261	supercritical
387.0	631.75	844.18	0.0011846	319.17	394.0	1.3879	0.90721	1.6476	663.72	0.006245	8.2625e-05	0.099503	supercritical
387.0	635.0	845.51	0.0011827	318.87	393.97	1.3868	0.90733	1.6461	665.67	0.0058876	8.2886e-05	0.099744	supercritical
387.0	638.25	846.84	0.0011809	318.57	393.94	1.3857	0.90745	1.6447	667.61	0.0055351	8.3146e-05	0.099984	supercritical
387.0	641.5	848.16	0.001179	318.28	393.91	1.3846	0.90757	1.6432	669.55	0.0051872	8.3405e-05	0.10022	supercritical
387.0	644.75	849.46	0.0011772	317.98	393.88	1.3836	0.90769	1.6418	671.48	0.0048439	8.3664e-05	0.10046	supercritical
387.0	648.0	850.76	0.0011754	317.69	393.86	1.3825	0.90781	1.6404	673.4	0.0045052	8.3921e-05	0.1007	supercritical
387.0	651.25	852.05	0.0011736	317.4	393.84	1.3815	0.90793	1.639	675.32	0.0041709	8.4178e-05	0.10094	supercritical
387.0	654.5	853.34	0.0011719	317.12	393.81	1.3804	0.90806	1.6376	677.22	0.0038409	8.4435e-05	0.10117	supercritical
387.0	657.75	854.61	0.0011701	316.83	393.8	1.3794	0.90818	1.6363	679.12	0.0035151	8.469e-05	0.10141	supercritical
387.0	661.0	855.88	0.0011684	316.55	393.78	1.3784	0.9083	1.6349	681.01	0.0031936	8.4945e-05	0.10165	supercritical
387.0	664.25	857.13	0.0011667	316.26	393.76	1.3774	0.90843	1.6336	682.9	0.0028761	8.5199e-05	0.10188	supercritical
387.0	667.5	858.38	0.001165	315.98	393.75	1.3763	0.90855	1.6323	684.77	0.0025627	8.5453e-05	0.10211	supercritical
387.0	670.75	859.62	0.0011633	315.71	393.73	1.3753	0.90868	1.631	686.64	0.0022532	8.5706e-05	0.10235	supercritical
387.0	674.0	860.86	0.0011616	315.43	393.72	1.3743	0.9088	1.6297	688.5	0.0019475	8.5958e-05	0.10258	supercritical
387.0	677.25	862.08	0.00116	315.15	393.71	1.3733	0.90893	1.6284	690.36	0.0016457	8.6209e-05	0.10281	supercritical
387.0	680.5	863.3	0.0011583	314.88	393.71	1.3723	0.90905	1.6272	692.21	0.0013476	8.646e-05	0.10304	supercritical
387.0	683.75	864.51	0.0011567	314.61	393.7	1.3713	0.90918	1.6259	694.05	0.0010532	8.671e-05	0.10327	supercritical
387.0	687.0	865.71	0.0011551	314.34	393.69	1.3704	0.90931	1.6247	695.88	0.00076236	8.696e-05	0.1035	supercritical
387.0	690.25	866.91	0.0011535	314.07	393.69	1.3694	0.90944	1.6235	697.71	0.00047506	8.7209e-05	0.10373	supercritical
387.0	693.5	868.1	0.0011519	313.8	393.69	1.3684	0.90956	1.6223	699.53	0.00019124	8.7457e-05	0.10396	supercritical
387.0	696.75	869.28	0.0011504	313.54	393.69	1.3674	0.90969	1.6211	701.34	-8.9179e-05	8.7705e-05	0.10419	supercritical
387.0	700.0	870.45	0.0011488	313.27	393.69	1.3665	0.90982	1.62	703.15	-0.00036625	8.7952e-05	0.10441	supercritical
387.0	703.25	871.62	0.0011473	313.01	393.69	1.3655	0.90995	1.6188	704.95	-0.00064003	8.8199e-05	0.10464	supercritical
387.0	706.5	872.78	0.0011458	312.75	393.7	1.3646	0.91008	1.6176	706.74	-0.00091058	8.8445e-05	0.10487	supercritical
387.0	709.75	873.93	0.0011443	312.49	393.7	1.3636	0.91021	1.6165	708.53	-0.0011779	8.869e-05	0.10509	supercritical
387.0	713.0	875.08	0.0011428	312.23	393.71	1.3627	0.91034	1.6154	710.31	-0.0014422	8.8935e-05	0.10532	supercritical
387.0	716.25	876.22	0.0011413	311.97	393.72	1.3617	0.91047	1.6143	712.08	-0.0017034	8.9179e-05	0.10554	supercritical
387.0	719.5	877.35	0.0011398	311.72	393.73	1.3608	0.9106	1.6132	713.85	-0.0019615	8.9423e-05	0.10576	supercritical
387.0	722.75	878.48	0.0011383	311.47	393.74	1.3599	0.91073	1.6121	715.61	-0.0022167	8.9666e-05	0.10599	supercritical
387.0	726.0	879.6	0.0011369	311.21	393.75	1.359	0.91087	1.611	717.37	-0.002469	8.9909e-05	0.10621	supercritical
387.0	729.25	880.71	0.0011354	310.96	393.76	1.358	0.911	1.61	719.11	-0.0027185	9.0151e-05	0.10643	supercritical
387.0	732.5	881.82	0.001134	310.71	393.78	1.3571	0.91113	1.6089	720.86	-0.0029651	9.0392e-05	0.10665	supercritical
387.0	735.75	882.92	0.0011326	310.46	393.8	1.3562	0.91126	1.6079	722.59	-0.0032089	9.0633e-05	0.10687	supercritical
387.0	739.0	884.02	0.0011312	310.22	393.81	1.3553	0.9114	1.6068	724.32	-0.00345	9.0874e-05	0.10709	supercritical
387.0	742.25	885.11	0.0011298	309.97	393.83	1.3544	0.91153	1.6058	726.05	-0.0036885	9.1114e-05	0.10731	supercritical
387.0	745.5	886.19	0.0011284	309.73	393.85	1.3535	0.91166	1.6048	727.77	-0.0039242	9.1353e-05	0.10753	supercritical
387.0	748.75	887.27	0.0011271	309.48	393.87	1.3526	0.9118	1.6038	729.48	-0.0041575	9.1592e-05	0.10775	supercritical
387.0	752.0	888.34	0.0011257	309.24	393.89	1.3517	0.91193	1.6028	731.19	-0.0043881	9.183e-05	0.10797	supercritical
387.0	755.25	889.4	0.0011244	309.0	393.92	1.3509	0.91207	1.6018	732.89	-0.0046162	9.2068e-05	0.10818	supercritical
387.0	758.5	890.46	0.001123	308.76	393.94	1.35	0.9122	1.6008	734.58	-0.0048419	9.2306e-05	0.1084	supercritical
387.0	761.75	891.52	0.0011217	308.52	393.97	1.3491	0.91234	1.5999	736.27	-0.0050652	9.2543e-05	0.10862	supercritical
387.0	765.0	892.57	0.0011204	308.29	394.0	1.3482	0.91248	1.5989	737.96	-0.005286	9.2779e-05	0.10883	supercritical
387.0	768.25	893.61	0.0011191	308.05	394.02	1.3474	0.91261	1.598	739.63	-0.0055045	9.3015e-05	0.10905	supercritical
387.0	771.5	894.65	0.0011178	307.82	394.05	1.3465	0.91275	1.5971	741.31	-0.0057207	9.3251e-05	0.10926	supercritical
387.0	774.75	895.68	0.0011165	307.58	394.08	1.3456	0.91288	1.5961	742.97	-0.0059346	9.3486e-05	0.10948	supercritical
387.0	778.0	896.7	0.0011152	307.35	394.11	1.3448	0.91302	1.5952	744.63	-0.0061462	9.372e-05	0.10969	supercritical
387.0	781.25	897.73	0.0011139	307.12	394.15	1.3439	0.91316	1.5943	746.29	-0.0063557	9.3954e-05	0.1099	supercritical
387.0	784.5	898.74	0.0011127	306.89	394.18	1.3431	0.9133	1.5934	747.94	-0.0065629	9.4188e-05	0.11012	supercritical
387.0	787.75	899.75	0.0011114	306.66	394.21	1.3422	0.91343	1.5925	749.59	-0.0067681	9.4421e-05	0.11033	supercritical
387.0	791.0	900.76	0.0011102	306.43	394.25	1.3414	0.91357	1.5916	751.23	-0.0069711	9.4654e-05	0.11054	supercritical
387.0	794.25	901.76	0.0011089	306.21	394.29	1.3406	0.91371	1.5908	752.86	-0.007172	9.4887e-05	0.11075	supercritical
387.0	797.5	902.76	0.0011077	305.98	394.32	1.3397	0.91385	1.5899	754.49	-0.0073709	9.5119e-05	0.11096	supercritical
387.0	800.75	903.75	0.0011065	305.76	394.36	1.3389	0.91399	1.589	756.11	-0.0075678	9.535e-05	0.11117	supercritical
387.0	804.0	904.73	0.0011053	305.54	394.4	1.3381	0.91413	1.5882	757.73	-0.0077626	9.5581e-05	0.11138	supercritical
387.0	807.25	905.71	0.0011041	305.31	394.44	1.3372	0.91427	1.5873	759.35	-0.0079556	9.5812e-05	0.11159	supercritical
387.0	810.5	906.69	0.0011029	305.09	394.48	1.3364	0.91441	1.5865	760.96	-0.0081465	9.6042e-05	0.1118	supercritical
387.0	813.75	907.66	0.0011017	304.87	394.53	1.3356	0.91455	1.5857	762.56	-0.0083356	9.6272e-05	0.11201	supercritical
387.0	817.0	908.63	0.0011006	304.65	394.57	1.3348	0.91469	1.5849	764.16	-0.0085228	9.6502e-05	0.11222	supercritical
387.0	820.25	909.59	0.0010994	304.44	394.61	1.334	0.91483	1.5841	765.75	-0.0087082	9.6731e-05	0.11243	supercritical
387.0	823.5	910.55	0.0010982	304.22	394.66	1.3332	0.91497	1.5833	767.34	-0.0088918	9.6959e-05	0.11263	supercritical
387.0	826.75	911.5	0.0010971	304.0	394.71	1.3324	0.91511	1.5825	768.92	-0.0090735	9.7188e-05	0.11284	supercritical
387.0	830.0	912.45	0.001096	303.79	394.75	1.3316	0.91525	1.5817	770.5	-0.0092535	9.7416e-05	0.11305	supercritical
387.0	833.25	913.39	0.0010948	303.58	394.8	1.3308	0.91539	1.5809	772.08	-0.0094318	9.7643e-05	0.11325	supercritical
387.0	836.5	914.33	0.0010937	303.36	394.85	1.33	0.91553	1.5801	773.65	-0.0096083	9.787e-05	0.11346	supercritical
387.0	839.75	915.27	0.0010926	303.15	394.9	1.3292	0.91567	1.5793	775.21	-0.0097832	9.8097e-05	0.11366	supercritical
387.0	843.0	916.2	0.0010915	302.94	394.95	1.3284	0.91581	1.5786	776.77	-0.0099563	9.8323e-05	0.11387	supercritical
387.0	846.25	917.12	0.0010904	302.73	395.0	1.3276	0.91596	1.5778	778.32	-0.010128	9.8549e-05	0.11407	supercritical
387.0	849.5	918.05	0.0010893	302.52	395.05	1.3268	0.9161	1.5771	779.88	-0.010298	9.8775e-05	0.11428	supercritical
387.0	852.75	918.96	0.0010882	302.31	395.11	1.3261	0.91624	1.5763	781.42	-0.010466	9.9e-05	0.11448	supercritical
387.0	856.0	919.88	0.0010871	302.11	395.16	1.3253	0.91638	1.5756	782.96	-0.010633	9.9225e-05	0.11468	supercritical
387.0	859.25	920.79	0.001086	301.9	395.22	1.3245	0.91653	1.5749	784.5	-0.010798	9.945e-05	0.11489	supercritical
387.0	862.5	921.69	0.001085	301.69	395.27	1.3238	0.91667	1.5742	786.03	-0.010962	9.9674e-05	0.11509	supercritical
387.0	865.75	922.59	0.0010839	301.49	395.33	1.323	0.91681	1.5734	787.56	-0.011124	9.9898e-05	0.11529	supercritical
387.0	869.0	923.49	0.0010828	301.29	395.39	1.3222	0.91696	1.5727	789.08	-0.011284	0.00010012	0.11549	supercritical
387.0	872.25	924.38	0.0010818	301.08	395.44	1.3215	0.9171	1.572	790.6	-0.011443	0.00010034	0.11569	supercritical
387.0	875.5	925.27	0.0010808	300.88	395.5	1.3207	0.91724	1.5713	792.11	-0.011601	0.00010057	0.11589	supercritical
387.0	878.75	926.16	0.0010797	300.68	395.56	1.32	0.91739	1.5706	793.62	-0.011757	0.00010079	0.1161	supercritical
387.0	882.0	927.04	0.0010787	300.48	395.62	1.3192	0.91753	1.5699	795.13	-0.011912	0.00010101	0.1163	supercritical
387.0	885.25	927.92	0.0010777	300.28	395.68	1.3185	0.91768	1.5693	796.63	-0.012066	0.00010123	0.1165	supercritical
387.0	888.5	928.79	0.0010767	300.08	395.75	1.3177	0.91782	1.5686	798.13	-0.012218	0.00010146	0.11669	supercritical
387.0	891.75	929.66	0.0010757	299.89	395.81	1.317	0.91797	1.5679	799.62	-0.012369	0.00010168	0.11689	supercritical
387.0	895.0	930.53	0.0010747	299.69	395.87	1.3162	0.91811	1.5673	801.11	-0.012518	0.0001019	0.11709	supercritical
387.0	898.25	931.39	0.0010737	299.49	395.94	1.3155	0.91825	1.5666	802.59	-0.012666	0.00010212	0.11729	supercritical
387.0	901.5	932.25	0.0010727	299.3	396.0	1.3148	0.9184	1.5659	804.07	-0.012813	0.00010234	0.11749	supercritical
387.0	904.75	933.1	0.0010717	299.11	396.07	1.314	0.91855	1.5653	805.55	-0.012958	0.00010256	0.11769	supercritical
387.0	908.0	933.96	0.0010707	298.91	396.13	1.3133	0.91869	1.5646	807.02	-0.013102	0.00010278	0.11788	supercritical
387.0	911.25	934.8	0.0010697	298.72	396.2	1.3126	0.91884	1.564	808.49	-0.013245	0.000103	0.11808	supercritical
387.0	914.5	935.65	0.0010688	298.53	396.27	1.3119	0.91898	1.5634	809.95	-0.013387	0.00010322	0.11828	supercritical
387.0	917.75	936.49	0.0010678	298.34	396.34	1.3111	0.91913	1.5628	811.41	-0.013527	0.00010344	0.11847	supercritical
387.0	921.0	937.33	0.0010669	298.15	396.4	1.3104	0.91927	1.5621	812.86	-0.013667	0.00010365	0.11867	supercritical
387.0	924.25	938.16	0.0010659	297.96	396.47	1.3097	0.91942	1.5615	814.31	-0.013805	0.00010387	0.11886	supercritical
387.0	927.5	938.99	0.001065	297.77	396.54	1.309	0.91957	1.5609	815.76	-0.013941	0.00010409	0.11906	supercritical
387.0	930.75	939.82	0.001064	297.58	396.62	1.3083	0.91971	1.5603	817.21	-0.014077	0.00010431	0.11925	supercritical
387.0	934.0	940.64	0.0010631	297.39	396.69	1.3076	0.91986	1.5597	818.64	-0.014212	0.00010452	0.11945	supercritical
387.0	937.25	941.46	0.0010622	297.21	396.76	1.3069	0.92001	1.5591	820.08	-0.014345	0.00010474	0.11964	supercritical
387.0	940.5	942.28	0.0010613	297.02	396.83	1.3062	0.92015	1.5585	821.51	-0.014477	0.00010496	0.11984	supercritical
387.0	943.75	943.1	0.0010603	296.84	396.91	1.3055	0.9203	1.5579	822.94	-0.014609	0.00010517	0.12003	supercritical
387.0	947.0	943.91	0.0010594	296.65	396.98	1.3048	0.92045	1.5573	824.36	-0.014739	0.00010539	0.12022	supercritical
387.0	950.25	944.71	0.0010585	296.47	397.06	1.3041	0.9206	1.5567	825.78	-0.014868	0.00010561	0.12042	supercritical
387.0	953.5	945.52	0.0010576	296.29	397.13	1.3034	0.92074	1.5562	827.2	-0.014996	0.00010582	0.12061	supercritical
387.0	956.75	946.32	0.0010567	296.11	397.21	1.3027	0.92089	1.5556	828.61	-0.015122	0.00010604	0.1208	supercritical
387.0	960.0	947.12	0.0010558	295.92	397.28	1.302	0.92104	1.555	830.02	-0.015248	0.00010625	0.121	supercritical
387.0	963.25	947.91	0.001055	295.74	397.36	1.3013	0.92119	1.5545	831.43	-0.015373	0.00010647	0.12119	supercritical
387.0	966.5	948.7	0.0010541	295.56	397.44	1.3006	0.92133	1.5539	832.83	-0.015497	0.00010668	0.12138	supercritical
387.0	969.75	949.49	0.0010532	295.38	397.52	1.2999	0.92148	1.5534	834.23	-0.01562	0.0001069	0.12157	supercritical
387.0	973.0	950.28	0.0010523	295.21	397.6	1.2993	0.92163	1.5528	835.62	-0.015741	0.00010711	0.12177	supercritical
387.0	976.25	951.06	0.0010515	295.03	397.68	1.2986	0.92178	1.5523	837.01	-0.015862	0.00010732	0.12196	supercritical
387.0	979.5	951.84	0.0010506	294.85	397.76	1.2979	0.92193	1.5517	838.4	-0.015982	0.00010754	0.12215	supercritical
387.0	982.75	952.62	0.0010497	294.67	397.84	1.2972	0.92208	1.5512	839.78	-0.016101	0.00010775	0.12234	supercritical
387.0	986.0	953.39	0.0010489	294.5	397.92	1.2966	0.92222	1.5507	841.16	-0.016219	0.00010796	0.12253	supercritical
387.0	989.25	954.16	0.001048	294.32	398.0	1.2959	0.92237	1.5501	842.54	-0.016336	0.00010818	0.12272	supercritical
387.0	992.5	954.93	0.0010472	294.15	398.08	1.2952	0.92252	1.5496	843.91	-0.016452	0.00010839	0.12291	supercritical
387.0	995.75	955.7	0.0010464	293.98	398.17	1.2946	0.92267	1.5491	845.28	-0.016567	0.0001086	0.1231	supercritical
387.0	999.0	956.46	0.0010455	293.8	398.25	1.2939	0.92282	1.5486	846.64	-0.016681	0.00010881	0.12329	supercritical
387.0	1002.2	957.22	0.0010447	293.63	398.34	1.2933	0.92297	1.548	848.01	-0.016794	0.00010903	0.12348	supercritical
387.0	1005.5	957.97	0.0010439	293.46	398.42	1.2926	0.92312	1.5475	849.37	-0.016907	0.00010924	0.12367	supercritical
387.0	1008.8	958.73	0.001043	293.29	398.51	1.2919	0.92327	1.547	850.72	-0.017018	0.00010945	0.12386	supercritical
387.0	1012.0	959.48	0.0010422	293.12	398.59	1.2913	0.92342	1.5465	852.07	-0.017129	0.00010966	0.12405	supercritical
387.0	1015.2	960.23	0.0010414	292.95	398.68	1.2906	0.92357	1.546	853.42	-0.017239	0.00010987	0.12424	supercritical
387.0	1018.5	960.97	0.0010406	292.78	398.76	1.29	0.92372	1.5455	854.77	-0.017348	0.00011008	0.12443	supercritical
387.0	1021.8	961.72	0.0010398	292.61	398.85	1.2893	0.92387	1.545	856.11	-0.017456	0.00011029	0.12461	supercritical
387.0	1025.0	962.46	0.001039	292.44	398.94	1.2887	0.92402	1.5446	857.45	-0.017563	0.0001105	0.1248	supercritical
387.0	1028.2	963.19	0.0010382	292.27	399.03	1.288	0.92417	1.5441	858.78	-0.01767	0.00011071	0.12499	supercritical
387.0	1031.5	963.93	0.0010374	292.11	399.12	1.2874	0.92432	1.5436	860.12	-0.017776	0.00011092	0.12518	supercritical
387.0	1034.8	964.66	0.0010366	291.94	399.21	1.2868	0.92447	1.5431	861.44	-0.01788	0.00011113	0.12536	supercritical
387.0	1038.0	965.39	0.0010359	291.78	399.3	1.2861	0.92462	1.5426	862.77	-0.017985	0.00011134	0.12555	supercritical
387.0	1041.2	966.12	0.0010351	291.61	399.39	1.2855	0.92477	1.5422	864.09	-0.018088	0.00011155	0.12574	supercritical
387.0	1044.5	966.84	0.0010343	291.45	399.48	1.2849	0.92492	1.5417	865.41	-0.01819	0.00011176	0.12592	supercritical
387.0	1047.8	967.56	0.0010335	291.28	399.57	1.2842	0.92507	1.5412	866.73	-0.018292	0.00011197	0.12611	supercritical
387.0	1051.0	968.28	0.0010328	291.12	399.66	1.2836	0.92522	1.5408	868.04	-0.018393	0.00011218	0.12629	supercritical
387.0	1054.2	969.0	0.001032	290.96	399.75	1.283	0.92537	1.5403	869.35	-0.018493	0.00011238	0.12648	supercritical
387.0	1057.5	969.71	0.0010312	290.79	399.85	1.2823	0.92552	1.5399	870.66	-0.018593	0.00011259	0.12666	supercritical
387.0	1060.8	970.43	0.0010305	290.63	399.94	1.2817	0.92567	1.5394	871.96	-0.018692	0.0001128	0.12685	supercritical
387.0	1064.0	971.14	0.0010297	290.47	400.03	1.2811	0.92582	1.539	873.26	-0.01879	0.00011301	0.12703	supercritical
387.0	1067.2	971.84	0.001029	290.31	400.13	1.2805	0.92597	1.5385	874.56	-0.018887	0.00011321	0.12722	supercritical
387.0	1070.5	972.55	0.0010282	290.15	400.22	1.2799	0.92612	1.5381	875.85	-0.018984	0.00011342	0.1274	supercritical
387.0	1073.8	973.25	0.0010275	289.99	400.32	1.2792	0.92628	1.5376	877.14	-0.01908	0.00011363	0.12758	supercritical
387.0	1077.0	973.95	0.0010267	289.83	400.41	1.2786	0.92643	1.5372	878.43	-0.019175	0.00011384	0.12777	supercritical
387.0	1080.2	974.65	0.001026	289.67	400.51	1.278	0.92658	1.5368	879.72	-0.01927	0.00011404	0.12795	supercritical
387.0	1083.5	975.34	0.0010253	289.52	400.61	1.2774	0.92673	1.5363	881.0	-0.019363	0.00011425	0.12813	supercritical
387.0	1086.8	976.04	0.0010246	289.36	400.7	1.2768	0.92688	1.5359	882.28	-0.019457	0.00011446	0.12832	supercritical
387.0	1090.0	976.73	0.0010238	289.2	400.8	1.2762	0.92703	1.5355	883.55	-0.019549	0.00011466	0.1285	supercritical
387.0	1093.2	977.42	0.0010231	289.05	400.9	1.2756	0.92718	1.5351	884.83	-0.019641	0.00011487	0.12868	supercritical
387.0	1096.5	978.1	0.0010224	288.89	401.0	1.275	0.92734	1.5346	886.1	-0.019732	0.00011507	0.12886	supercritical
387.0	1099.8	978.79	0.0010217	288.74	401.09	1.2744	0.92749	1.5342	887.37	-0.019823	0.00011528	0.12904	supercritical
387.0	1103.0	979.47	0.001021	288.58	401.19	1.2738	0.92764	1.5338	888.63	-0.019913	0.00011548	0.12923	supercritical
387.0	1106.2	980.15	0.0010203	288.43	401.29	1.2732	0.92779	1.5334	889.89	-0.020002	0.00011569	0.12941	supercritical
387.0	1109.5	980.82	0.0010196	288.27	401.39	1.2726	0.92794	1.533	891.15	-0.020091	0.00011589	0.12959	supercritical
387.0	1112.8	981.5	0.0010188	288.12	401.49	1.272	0.9281	1.5326	892.41	-0.020179	0.0001161	0.12977	supercritical
387.0	1116.0	982.17	0.0010182	287.97	401.59	1.2714	0.92825	1.5322	893.66	-0.020266	0.0001163	0.12995	supercritical
387.0	1119.2	982.84	0.0010175	287.82	401.69	1.2708	0.9284	1.5318	894.91	-0.020353	0.00011651	0.13013	supercritical
387.0	1122.5	983.51	0.0010168	287.66	401.8	1.2702	0.92855	1.5314	896.16	-0.020439	0.00011671	0.13031	supercritical
387.0	1125.8	984.18	0.0010161	287.51	401.9	1.2696	0.9287	1.531	897.4	-0.020525	0.00011692	0.13049	supercritical
387.0	1129.0	984.84	0.0010154	287.36	402.0	1.269	0.92886	1.5306	898.64	-0.02061	0.00011712	0.13067	supercritical
387.0	1132.2	985.5	0.0010147	287.21	402.1	1.2684	0.92901	1.5302	899.88	-0.020694	0.00011732	0.13085	supercritical
387.0	1135.5	986.16	0.001014	287.06	402.21	1.2678	0.92916	1.5298	901.12	-0.020778	0.00011753	0.13103	supercritical
387.0	1138.8	986.82	0.0010134	286.91	402.31	1.2672	0.92931	1.5294	902.35	-0.020861	0.00011773	0.13121	supercritical
387.0	1142.0	987.48	0.0010127	286.77	402.41	1.2667	0.92947	1.5291	903.58	-0.020944	0.00011793	0.13138	supercritical
387.0	1145.2	988.13	0.001012	286.62	402.52	1.2661	0.92962	1.5287	904.81	-0.021026	0.00011814	0.13156	supercritical
387.0	1148.5	988.78	0.0010113	286.47	402.62	1.2655	0.92977	1.5283	906.04	-0.021108	0.00011834	0.13174	supercritical
387.0	1151.8	989.43	0.0010107	286.32	402.73	1.2649	0.92992	1.5279	907.26	-0.021189	0.00011854	0.13192	supercritical
387.0	1155.0	990.08	0.00101	286.18	402.83	1.2643	0.93008	1.5275	908.48	-0.021269	0.00011875	0.1321	supercritical
387.0	1158.2	990.73	0.0010094	286.03	402.94	1.2638	0.93023	1.5272	909.7	-0.021349	0.00011895	0.13227	supercritical
387.0	1161.5	991.37	0.0010087	285.88	403.04	1.2632	0.93038	1.5268	910.91	-0.021429	0.00011915	0.13245	supercritical
387.0	1164.8	992.01	0.0010081	285.74	403.15	1.2626	0.93053	1.5264	912.12	-0.021508	0.00011935	0.13263	supercritical
387.0	1168.0	992.65	0.0010074	285.59	403.26	1.2621	0.93069	1.5261	913.33	-0.021586	0.00011955	0.13281	supercritical
387.0	1171.2	993.29	0.0010068	285.45	403.37	1.2615	0.93084	1.5257	914.54	-0.021664	0.00011976	0.13298	supercritical
387.0	1174.5	993.93	0.0010061	285.31	403.47	1.2609	0.93099	1.5254	915.74	-0.021741	0.00011996	0.13316	supercritical
387.0	1177.8	994.56	0.0010055	285.16	403.58	1.2604	0.93115	1.525	916.95	-0.021818	0.00012016	0.13334	supercritical
387.0	1181.0	995.19	0.0010048	285.02	403.69	1.2598	0.9313	1.5247	918.14	-0.021894	0.00012036	0.13351	supercritical
387.0	1184.2	995.82	0.0010042	284.88	403.8	1.2592	0.93145	1.5243	919.34	-0.02197	0.00012056	0.13369	supercritical
387.0	1187.5	996.45	0.0010036	284.73	403.91	1.2587	0.9316	1.524	920.54	-0.022045	0.00012076	0.13386	supercritical
387.0	1190.8	997.08	0.0010029	284.59	404.02	1.2581	0.93176	1.5236	921.73	-0.02212	0.00012096	0.13404	supercritical
387.0	1194.0	997.7	0.0010023	284.45	404.13	1.2576	0.93191	1.5233	922.92	-0.022194	0.00012116	0.13421	supercritical
387.0	1197.2	998.32	0.0010017	284.31	404.24	1.257	0.93206	1.5229	924.1	-0.022268	0.00012136	0.13439	supercritical
387.0	1200.5	998.95	0.0010011	284.17	404.35	1.2564	0.93222	1.5226	925.29	-0.022342	0.00012157	0.13456	supercritical
387.0	1203.8	999.56	0.0010004	284.03	404.46	1.2559	0.93237	1.5222	926.47	-0.022414	0.00012177	0.13474	supercritical
387.0	1207.0	1000.2	0.00099982	283.89	404.57	1.2553	0.93252	1.5219	927.65	-0.022487	0.00012197	0.13491	supercritical
387.0	1210.2	1000.8	0.0009992	283.75	404.68	1.2548	0.93268	1.5216	928.82	-0.022559	0.00012217	0.13509	supercritical
387.0	1213.5	1001.4	0.00099859	283.61	404.79	1.2542	0.93283	1.5212	930.0	-0.02263	0.00012237	0.13526	supercritical
387.0	1216.8	1002.0	0.00099798	283.47	404.9	1.2537	0.93298	1.5209	931.17	-0.022701	0.00012257	0.13544	supercritical
387.0	1220.0	1002.6	0.00099737	283.34	405.02	1.2531	0.93314	1.5206	932.34	-0.022772	0.00012276	0.13561	supercritical
387.0	1223.2	1003.2	0.00099677	283.2	405.13	1.2526	0.93329	1.5203	933.51	-0.022842	0.00012296	0.13578	supercritical
387.0	1226.5	1003.8	0.00099617	283.06	405.24	1.252	0.93344	1.5199	934.67	-0.022912	0.00012316	0.13596	supercritical
387.0	1229.8	1004.5	0.00099557	282.92	405.35	1.2515	0.9336	1.5196	935.83	-0.022981	0.00012336	0.13613	supercritical
387.0	1233.0	1005.1	0.00099497	282.79	405.47	1.251	0.93375	1.5193	936.99	-0.02305	0.00012356	0.1363	supercritical
387.0	1236.2	1005.7	0.00099437	282.65	405.58	1.2504	0.9339	1.519	938.15	-0.023118	0.00012376	0.13648	supercritical
387.0	1239.5	1006.3	0.00099378	282.52	405.7	1.2499	0.93406	1.5187	939.3	-0.023186	0.00012396	0.13665	supercritical
387.0	1242.8	1006.9	0.00099319	282.38	405.81	1.2493	0.93421	1.5183	940.46	-0.023254	0.00012416	0.13682	supercritical
387.0	1246.0	1007.5	0.0009926	282.25	405.93	1.2488	0.93437	1.518	941.61	-0.023321	0.00012436	0.13699	supercritical
387.0	1249.2	1008.0	0.00099202	282.11	406.04	1.2483	0.93452	1.5177	942.75	-0.023387	0.00012455	0.13716	supercritical
387.0	1252.5	1008.6	0.00099143	281.98	406.16	1.2477	0.93467	1.5174	943.9	-0.023454	0.00012475	0.13734	supercritical
387.0	1255.8	1009.2	0.00099085	281.85	406.27	1.2472	0.93483	1.5171	945.04	-0.023519	0.00012495	0.13751	supercritical
387.0	1259.0	1009.8	0.00099028	281.71	406.39	1.2467	0.93498	1.5168	946.18	-0.023585	0.00012515	0.13768	supercritical
387.0	1262.2	1010.4	0.0009897	281.58	406.51	1.2461	0.93513	1.5165	947.32	-0.02365	0.00012535	0.13785	supercritical
387.0	1265.5	1011.0	0.00098912	281.45	406.62	1.2456	0.93529	1.5162	948.46	-0.023715	0.00012554	0.13802	supercritical
387.0	1268.8	1011.6	0.00098855	281.32	406.74	1.2451	0.93544	1.5159	949.59	-0.023779	0.00012574	0.13819	supercritical
387.0	1272.0	1012.2	0.00098798	281.18	406.86	1.2446	0.9356	1.5156	950.73	-0.023843	0.00012594	0.13836	supercritical
387.0	1275.2	1012.7	0.00098742	281.05	406.97	1.244	0.93575	1.5153	951.86	-0.023906	0.00012614	0.13853	supercritical
387.0	1278.5	1013.3	0.00098685	280.92	407.09	1.2435	0.9359	1.515	952.98	-0.023969	0.00012633	0.13871	supercritical
387.0	1281.8	1013.9	0.00098629	280.79	407.21	1.243	0.93606	1.5147	954.11	-0.024032	0.00012653	0.13888	supercritical
387.0	1285.0	1014.5	0.00098573	280.66	407.33	1.2425	0.93621	1.5144	955.23	-0.024094	0.00012673	0.13905	supercritical
387.0	1288.2	1015.1	0.00098517	280.53	407.45	1.2419	0.93637	1.5141	956.35	-0.024156	0.00012693	0.13922	supercritical
387.0	1291.5	1015.6	0.00098461	280.4	407.57	1.2414	0.93652	1.5138	957.47	-0.024218	0.00012712	0.13939	supercritical
387.0	1294.8	1016.2	0.00098406	280.27	407.69	1.2409	0.93667	1.5136	958.59	-0.024279	0.00012732	0.13955	supercritical
387.0	1298.0	1016.8	0.0009835	280.15	407.8	1.2404	0.93683	1.5133	959.7	-0.02434	0.00012752	0.13972	supercritical
387.0	1301.2	1017.3	0.00098295	280.02	407.92	1.2399	0.93698	1.513	960.82	-0.0244	0.00012771	0.13989	supercritical
387.0	1304.5	1017.9	0.00098241	279.89	408.04	1.2393	0.93713	1.5127	961.93	-0.02446	0.00012791	0.14006	supercritical
387.0	1307.8	1018.5	0.00098186	279.76	408.17	1.2388	0.93729	1.5124	963.03	-0.02452	0.0001281	0.14023	supercritical
387.0	1311.0	1019.0	0.00098132	279.64	408.29	1.2383	0.93744	1.5121	964.14	-0.024579	0.0001283	0.1404	supercritical
387.0	1314.2	1019.6	0.00098077	279.51	408.41	1.2378	0.9376	1.5119	965.24	-0.024638	0.0001285	0.14057	supercritical
387.0	1317.5	1020.2	0.00098023	279.38	408.53	1.2373	0.93775	1.5116	966.34	-0.024697	0.00012869	0.14074	supercritical
387.0	1320.8	1020.7	0.0009797	279.26	408.65	1.2368	0.93791	1.5113	967.44	-0.024755	0.00012889	0.14091	supercritical
387.0	1324.0	1021.3	0.00097916	279.13	408.77	1.2363	0.93806	1.5111	968.54	-0.024813	0.00012908	0.14107	supercritical
387.0	1327.2	1021.8	0.00097863	279.01	408.89	1.2358	0.93821	1.5108	969.64	-0.024871	0.00012928	0.14124	supercritical
387.0	1330.5	1022.4	0.00097809	278.88	409.02	1.2353	0.93837	1.5105	970.73	-0.024928	0.00012947	0.14141	supercritical
387.0	1333.8	1023.0	0.00097756	278.76	409.14	1.2348	0.93852	1.5103	971.82	-0.024985	0.00012967	0.14158	supercritical
387.0	1337.0	1023.5	0.00097703	278.63	409.26	1.2343	0.93868	1.51	972.91	-0.025042	0.00012986	0.14174	supercritical
387.0	1340.2	1024.1	0.00097651	278.51	409.38	1.2338	0.93883	1.5097	974.0	-0.025098	0.00013006	0.14191	supercritical
387.0	1343.5	1024.6	0.00097598	278.38	409.51	1.2333	0.93898	1.5095	975.08	-0.025154	0.00013025	0.14208	supercritical
387.0	1346.8	1025.2	0.00097546	278.26	409.63	1.2328	0.93914	1.5092	976.16	-0.02521	0.00013045	0.14225	supercritical
387.0	1350.0	1025.7	0.00097494	278.14	409.75	1.2323	0.93929	1.5089	977.25	-0.025265	0.00013064	0.14241	supercritical
387.0	1353.2	1026.2	0.00097442	278.01	409.88	1.2318	0.93945	1.5087	978.32	-0.02532	0.00013084	0.14258	supercritical
387.0	1356.5	1026.8	0.00097391	277.89	410.0	1.2313	0.9396	1.5084	979.4	-0.025375	0.00013103	0.14275	supercritical
387.0	1359.8	1027.3	0.00097339	277.77	410.13	1.2308	0.93975	1.5082	980.48	-0.025429	0.00013123	0.14291	supercritical
387.0	1363.0	1027.9	0.00097288	277.65	410.25	1.2303	0.93991	1.5079	981.55	-0.025484	0.00013142	0.14308	supercritical
387.0	1366.2	1028.4	0.00097237	277.53	410.38	1.2298	0.94006	1.5077	982.62	-0.025537	0.00013162	0.14325	supercritical
387.0	1369.5	1029.0	0.00097186	277.41	410.5	1.2293	0.94022	1.5074	983.69	-0.025591	0.00013181	0.14341	supercritical
387.0	1372.8	1029.5	0.00097135	277.29	410.63	1.2288	0.94037	1.5072	984.76	-0.025644	0.000132	0.14358	supercritical
387.0	1376.0	1030.0	0.00097084	277.17	410.75	1.2283	0.94052	1.5069	985.82	-0.025697	0.0001322	0.14374	supercritical
387.0	1379.2	1030.6	0.00097034	277.05	410.88	1.2278	0.94068	1.5067	986.88	-0.025749	0.00013239	0.14391	supercritical
387.0	1382.5	1031.1	0.00096984	276.93	411.01	1.2273	0.94083	1.5064	987.95	-0.025802	0.00013259	0.14407	supercritical
387.0	1385.8	1031.6	0.00096934	276.81	411.13	1.2268	0.94099	1.5062	989.01	-0.025854	0.00013278	0.14424	supercritical
387.0	1389.0	1032.2	0.00096884	276.69	411.26	1.2264	0.94114	1.5059	990.06	-0.025905	0.00013297	0.1444	supercritical
387.0	1392.2	1032.7	0.00096834	276.57	411.39	1.2259	0.9413	1.5057	991.12	-0.025957	0.00013317	0.14457	supercritical
387.0	1395.5	1033.2	0.00096784	276.45	411.51	1.2254	0.94145	1.5055	992.17	-0.026008	0.00013336	0.14473	supercritical
387.0	1398.8	1033.8	0.00096735	276.33	411.64	1.2249	0.9416	1.5052	993.22	-0.026059	0.00013355	0.1449	supercritical
387.0	1402.0	1034.3	0.00096686	276.21	411.77	1.2244	0.94176	1.505	994.27	-0.026109	0.00013375	0.14506	supercritical
387.0	1405.2	1034.8	0.00096637	276.1	411.9	1.2239	0.94191	1.5048	995.32	-0.026159	0.00013394	0.14523	supercritical
387.0	1408.5	1035.3	0.00096588	275.98	412.02	1.2235	0.94207	1.5045	996.37	-0.026209	0.00013413	0.14539	supercritical
387.0	1411.8	1035.8	0.00096539	275.86	412.15	1.223	0.94222	1.5043	997.41	-0.026259	0.00013433	0.14555	supercritical
387.0	1415.0	1036.4	0.00096491	275.75	412.28	1.2225	0.94237	1.5041	998.45	-0.026308	0.00013452	0.14572	supercritical
387.0	1418.2	1036.9	0.00096442	275.63	412.41	1.222	0.94253	1.5038	999.49	-0.026358	0.00013471	0.14588	supercritical
387.0	1421.5	1037.4	0.00096394	275.51	412.54	1.2215	0.94268	1.5036	1000.5	-0.026406	0.0001349	0.14605	supercritical
387.0	1424.8	1037.9	0.00096346	275.4	412.67	1.2211	0.94284	1.5034	1001.6	-0.026455	0.0001351	0.14621	supercritical
387.0	1428.0	1038.4	0.00096298	275.28	412.8	1.2206	0.94299	1.5031	1002.6	-0.026503	0.00013529	0.14637	supercritical
387.0	1431.2	1039.0	0.00096251	275.17	412.93	1.2201	0.94315	1.5029	1003.6	-0.026551	0.00013548	0.14654	supercritical
387.0	1434.5	1039.5	0.00096203	275.05	413.06	1.2196	0.9433	1.5027	1004.7	-0.026599	0.00013567	0.1467	supercritical
387.0	1437.8	1040.0	0.00096156	274.94	413.19	1.2192	0.94345	1.5025	1005.7	-0.026647	0.00013587	0.14686	supercritical
387.0	1441.0	1040.5	0.00096108	274.82	413.32	1.2187	0.94361	1.5022	1006.7	-0.026694	0.00013606	0.14702	supercritical
387.0	1444.2	1041.0	0.00096061	274.71	413.45	1.2182	0.94376	1.502	1007.8	-0.026741	0.00013625	0.14719	supercritical
387.0	1447.5	1041.5	0.00096014	274.6	413.58	1.2178	0.94392	1.5018	1008.8	-0.026788	0.00013644	0.14735	supercritical
387.0	1450.8	1042.0	0.00095968	274.48	413.71	1.2173	0.94407	1.5016	1009.8	-0.026834	0.00013663	0.14751	supercritical
387.0	1454.0	1042.5	0.00095921	274.37	413.84	1.2168	0.94422	1.5014	1010.8	-0.026881	0.00013682	0.14767	supercritical
387.0	1457.2	1043.0	0.00095875	274.26	413.97	1.2164	0.94438	1.5012	1011.8	-0.026927	0.00013702	0.14784	supercritical
387.0	1460.5	1043.5	0.00095828	274.14	414.1	1.2159	0.94453	1.5009	1012.9	-0.026972	0.00013721	0.148	supercritical
387.0	1463.8	1044.0	0.00095782	274.03	414.23	1.2154	0.94469	1.5007	1013.9	-0.027018	0.0001374	0.14816	supercritical
387.0	1467.0	1044.5	0.00095736	273.92	414.37	1.215	0.94484	1.5005	1014.9	-0.027063	0.00013759	0.14832	supercritical
387.0	1470.2	1045.0	0.0009569	273.81	414.5	1.2145	0.94499	1.5003	1015.9	-0.027108	0.00013778	0.14848	supercritical
387.0	1473.5	1045.5	0.00095645	273.7	414.63	1.214	0.94515	1.5001	1016.9	-0.027153	0.00013797	0.14865	supercritical
387.0	1476.8	1046.0	0.00095599	273.59	414.76	1.2136	0.9453	1.4999	1017.9	-0.027198	0.00013816	0.14881	supercritical
387.0	1480.0	1046.5	0.00095554	273.48	414.89	1.2131	0.94546	1.4997	1018.9	-0.027242	0.00013836	0.14897	supercritical
387.0	1483.2	1047.0	0.00095508	273.37	415.03	1.2127	0.94561	1.4995	1019.9	-0.027286	0.00013855	0.14913	supercritical
387.0	1486.5	1047.5	0.00095463	273.25	415.16	1.2122	0.94576	1.4993	1020.9	-0.02733	0.00013874	0.14929	supercritical
387.0	1489.8	1048.0	0.00095418	273.14	415.29	1.2118	0.94592	1.4991	1021.9	-0.027374	0.00013893	0.14945	supercritical
387.0	1493.0	1048.5	0.00095373	273.04	415.43	1.2113	0.94607	1.4989	1022.9	-0.027417	0.00013912	0.14961	supercritical
387.0	1496.2	1049.0	0.00095329	272.93	415.56	1.2108	0.94623	1.4987	1023.9	-0.02746	0.00013931	0.14977	supercritical
387.0	1499.5	1049.5	0.00095284	272.82	415.7	1.2104	0.94638	1.4985	1024.9	-0.027503	0.0001395	0.14993	supercritical
387.0	1502.8	1050.0	0.0009524	272.71	415.83	1.2099	0.94653	1.4983	1025.9	-0.027546	0.00013969	0.15009	supercritical
387.0	1506.0	1050.5	0.00095195	272.6	415.96	1.2095	0.94669	1.4981	1026.9	-0.027588	0.00013988	0.15025	supercritical
387.0	1509.2	1051.0	0.00095151	272.49	416.1	1.209	0.94684	1.4979	1027.9	-0.027631	0.00014007	0.15041	supercritical
387.0	1512.5	1051.4	0.00095107	272.38	416.23	1.2086	0.947	1.4977	1028.9	-0.027673	0.00014026	0.15057	supercritical
387.0	1515.8	1051.9	0.00095064	272.27	416.37	1.2081	0.94715	1.4975	1029.9	-0.027715	0.00014045	0.15073	supercritical
387.0	1519.0	1052.4	0.0009502	272.17	416.5	1.2077	0.9473	1.4973	1030.9	-0.027756	0.00014064	0.15089	supercritical
387.0	1522.2	1052.9	0.00094976	272.06	416.64	1.2072	0.94746	1.4971	1031.9	-0.027798	0.00014083	0.15105	supercritical
387.0	1525.5	1053.4	0.00094933	271.95	416.77	1.2068	0.94761	1.4969	1032.8	-0.027839	0.00014102	0.15121	supercritical
387.0	1528.8	1053.9	0.00094889	271.85	416.91	1.2063	0.94776	1.4967	1033.8	-0.02788	0.00014121	0.15137	supercritical
387.0	1532.0	1054.3	0.00094846	271.74	417.04	1.2059	0.94792	1.4965	1034.8	-0.027921	0.0001414	0.15153	supercritical
387.0	1535.2	1054.8	0.00094803	271.63	417.18	1.2054	0.94807	1.4963	1035.8	-0.027961	0.00014159	0.15169	supercritical
387.0	1538.5	1055.3	0.0009476	271.53	417.32	1.205	0.94823	1.4961	1036.8	-0.028001	0.00014178	0.15185	supercritical
387.0	1541.8	1055.8	0.00094718	271.42	417.45	1.2046	0.94838	1.4959	1037.7	-0.028042	0.00014197	0.15201	supercritical
387.0	1545.0	1056.2	0.00094675	271.32	417.59	1.2041	0.94853	1.4957	1038.7	-0.028082	0.00014216	0.15217	supercritical
387.0	1548.2	1056.7	0.00094632	271.21	417.73	1.2037	0.94869	1.4956	1039.7	-0.028121	0.00014235	0.15232	supercritical
387.0	1551.5	1057.2	0.0009459	271.11	417.86	1.2032	0.94884	1.4954	1040.6	-0.028161	0.00014254	0.15248	supercritical
387.0	1554.8	1057.7	0.00094548	271.0	418.0	1.2028	0.94899	1.4952	1041.6	-0.0282	0.00014273	0.15264	supercritical
387.0	1558.0	1058.1	0.00094506	270.9	418.14	1.2023	0.94915	1.495	1042.6	-0.028239	0.00014292	0.1528	supercritical
387.0	1561.2	1058.6	0.00094464	270.79	418.27	1.2019	0.9493	1.4948	1043.5	-0.028278	0.00014311	0.15296	supercritical
387.0	1564.5	1059.1	0.00094422	270.69	418.41	1.2015	0.94945	1.4946	1044.5	-0.028317	0.0001433	0.15312	supercritical
387.0	1567.8	1059.5	0.0009438	270.58	418.55	1.201	0.94961	1.4945	1045.5	-0.028355	0.00014349	0.15327	supercritical
387.0	1571.0	1060.0	0.00094338	270.48	418.69	1.2006	0.94976	1.4943	1046.4	-0.028394	0.00014368	0.15343	supercritical
387.0	1574.2	1060.5	0.00094297	270.38	418.82	1.2002	0.94991	1.4941	1047.4	-0.028432	0.00014387	0.15359	supercritical
387.0	1577.5	1060.9	0.00094256	270.27	418.96	1.1997	0.95007	1.4939	1048.4	-0.02847	0.00014406	0.15375	supercritical
387.0	1580.8	1061.4	0.00094214	270.17	419.1	1.1993	0.95022	1.4938	1049.3	-0.028508	0.00014424	0.1539	supercritical
387.0	1584.0	1061.9	0.00094173	270.07	419.24	1.1989	0.95038	1.4936	1050.3	-0.028545	0.00014443	0.15406	supercritical
387.0	1587.2	1062.3	0.00094132	269.97	419.38	1.1984	0.95053	1.4934	1051.2	-0.028583	0.00014462	0.15422	supercritical
387.0	1590.5	1062.8	0.00094091	269.86	419.52	1.198	0.95068	1.4932	1052.2	-0.02862	0.00014481	0.15438	supercritical
387.0	1593.8	1063.3	0.00094051	269.76	419.66	1.1976	0.95084	1.4931	1053.1	-0.028657	0.000145	0.15453	supercritical
387.0	1597.0	1063.7	0.0009401	269.66	419.79	1.1971	0.95099	1.4929	1054.1	-0.028694	0.00014519	0.15469	supercritical
387.0	1600.2	1064.2	0.00093969	269.56	419.93	1.1967	0.95114	1.4927	1055.0	-0.02873	0.00014538	0.15485	supercritical
387.0	1603.5	1064.6	0.00093929	269.46	420.07	1.1963	0.9513	1.4925	1056.0	-0.028767	0.00014557	0.155	supercritical
387.0	1606.8	1065.1	0.00093889	269.36	420.21	1.1959	0.95145	1.4924	1056.9	-0.028803	0.00014575	0.15516	supercritical
387.0	1610.0	1065.5	0.00093849	269.26	420.35	1.1954	0.9516	1.4922	1057.8	-0.028839	0.00014594	0.15532	supercritical
387.0	1613.2	1066.0	0.00093808	269.16	420.49	1.195	0.95176	1.492	1058.8	-0.028875	0.00014613	0.15547	supercritical
387.0	1616.5	1066.5	0.00093769	269.06	420.63	1.1946	0.95191	1.4919	1059.7	-0.028911	0.00014632	0.15563	supercritical
387.0	1619.8	1066.9	0.00093729	268.96	420.77	1.1941	0.95206	1.4917	1060.7	-0.028947	0.00014651	0.15579	supercritical
387.0	1623.0	1067.4	0.00093689	268.86	420.91	1.1937	0.95221	1.4915	1061.6	-0.028982	0.00014669	0.15594	supercritical
387.0	1626.2	1067.8	0.00093649	268.76	421.05	1.1933	0.95237	1.4914	1062.5	-0.029017	0.00014688	0.1561	supercritical
387.0	1629.5	1068.3	0.0009361	268.66	421.19	1.1929	0.95252	1.4912	1063.5	-0.029052	0.00014707	0.15625	supercritical
387.0	1632.8	1068.7	0.00093571	268.56	421.34	1.1925	0.95267	1.4911	1064.4	-0.029087	0.00014726	0.15641	supercritical
387.0	1636.0	1069.2	0.00093531	268.46	421.48	1.192	0.95283	1.4909	1065.3	-0.029122	0.00014745	0.15656	supercritical
387.0	1639.2	1069.6	0.00093492	268.36	421.62	1.1916	0.95298	1.4907	1066.3	-0.029156	0.00014763	0.15672	supercritical
387.0	1642.5	1070.1	0.00093453	268.26	421.76	1.1912	0.95313	1.4906	1067.2	-0.029191	0.00014782	0.15688	supercritical
387.0	1645.8	1070.5	0.00093414	268.16	421.9	1.1908	0.95329	1.4904	1068.1	-0.029225	0.00014801	0.15703	supercritical
387.0	1649.0	1070.9	0.00093375	268.07	422.04	1.1904	0.95344	1.4903	1069.1	-0.029259	0.0001482	0.15719	supercritical
387.0	1652.2	1071.4	0.00093337	267.97	422.18	1.1899	0.95359	1.4901	1070.0	-0.029293	0.00014839	0.15734	supercritical
387.0	1655.5	1071.8	0.00093298	267.87	422.33	1.1895	0.95375	1.4899	1070.9	-0.029327	0.00014857	0.1575	supercritical
387.0	1658.8	1072.3	0.0009326	267.77	422.47	1.1891	0.9539	1.4898	1071.8	-0.02936	0.00014876	0.15765	supercritical
387.0	1662.0	1072.7	0.00093221	267.68	422.61	1.1887	0.95405	1.4896	1072.7	-0.029394	0.00014895	0.15781	supercritical
387.0	1665.2	1073.2	0.00093183	267.58	422.75	1.1883	0.9542	1.4895	1073.7	-0.029427	0.00014914	0.15796	supercritical
387.0	1668.5	1073.6	0.00093145	267.48	422.9	1.1879	0.95436	1.4893	1074.6	-0.02946	0.00014932	0.15812	supercritical
387.0	1671.8	1074.0	0.00093107	267.39	423.04	1.1874	0.95451	1.4892	1075.5	-0.029493	0.00014951	0.15827	supercritical
387.0	1675.0	1074.5	0.00093069	267.29	423.18	1.187	0.95466	1.489	1076.4	-0.029526	0.0001497	0.15842	supercritical
387.0	1678.2	1074.9	0.00093031	267.19	423.32	1.1866	0.95481	1.4889	1077.3	-0.029558	0.00014988	0.15858	supercritical
387.0	1681.5	1075.3	0.00092993	267.1	423.47	1.1862	0.95497	1.4887	1078.2	-0.029591	0.00015007	0.15873	supercritical
387.0	1684.8	1075.8	0.00092956	267.0	423.61	1.1858	0.95512	1.4886	1079.1	-0.029623	0.00015026	0.15889	supercritical
387.0	1688.0	1076.2	0.00092918	266.91	423.75	1.1854	0.95527	1.4884	1080.1	-0.029655	0.00015045	0.15904	supercritical
387.0	1691.2	1076.7	0.00092881	266.81	423.9	1.185	0.95543	1.4883	1081.0	-0.029687	0.00015063	0.1592	supercritical
387.0	1694.5	1077.1	0.00092843	266.72	424.04	1.1846	0.95558	1.4881	1081.9	-0.029719	0.00015082	0.15935	supercritical
387.0	1697.8	1077.5	0.00092806	266.62	424.18	1.1842	0.95573	1.488	1082.8	-0.029751	0.00015101	0.1595	supercritical
387.0	1701.0	1077.9	0.00092769	266.53	424.33	1.1838	0.95588	1.4878	1083.7	-0.029782	0.00015119	0.15966	supercritical
387.0	1704.2	1078.4	0.00092732	266.43	424.47	1.1834	0.95604	1.4877	1084.6	-0.029814	0.00015138	0.15981	supercritical
387.0	1707.5	1078.8	0.00092695	266.34	424.62	1.1829	0.95619	1.4875	1085.5	-0.029845	0.00015157	0.15996	supercritical
387.0	1710.8	1079.2	0.00092658	266.25	424.76	1.1825	0.95634	1.4874	1086.4	-0.029876	0.00015175	0.16012	supercritical
387.0	1714.0	1079.7	0.00092622	266.15	424.91	1.1821	0.95649	1.4873	1087.3	-0.029907	0.00015194	0.16027	supercritical
387.0	1717.2	1080.1	0.00092585	266.06	425.05	1.1817	0.95665	1.4871	1088.2	-0.029938	0.00015213	0.16042	supercritical
387.0	1720.5	1080.5	0.00092548	265.97	425.19	1.1813	0.9568	1.487	1089.1	-0.029968	0.00015231	0.16058	supercritical
387.0	1723.8	1080.9	0.00092512	265.87	425.34	1.1809	0.95695	1.4868	1090.0	-0.029999	0.0001525	0.16073	supercritical
387.0	1727.0	1081.4	0.00092476	265.78	425.48	1.1805	0.9571	1.4867	1090.9	-0.030029	0.00015269	0.16088	supercritical
387.0	1730.2	1081.8	0.00092439	265.69	425.63	1.1801	0.95725	1.4865	1091.7	-0.03006	0.00015287	0.16103	supercritical
387.0	1733.5	1082.2	0.00092403	265.59	425.78	1.1797	0.95741	1.4864	1092.6	-0.03009	0.00015306	0.16119	supercritical
387.0	1736.8	1082.6	0.00092367	265.5	425.92	1.1793	0.95756	1.4863	1093.5	-0.03012	0.00015325	0.16134	supercritical
387.0	1740.0	1083.1	0.00092331	265.41	426.07	1.1789	0.95771	1.4861	1094.4	-0.030149	0.00015343	0.16149	supercritical
387.0	1743.2	1083.5	0.00092295	265.32	426.21	1.1785	0.95786	1.486	1095.3	-0.030179	0.00015362	0.16164	supercritical
387.0	1746.5	1083.9	0.0009226	265.23	426.36	1.1781	0.95802	1.4859	1096.2	-0.030209	0.0001538	0.1618	supercritical
387.0	1749.8	1084.3	0.00092224	265.13	426.5	1.1777	0.95817	1.4857	1097.1	-0.030238	0.00015399	0.16195	supercritical
387.0	1753.0	1084.7	0.00092188	265.04	426.65	1.1773	0.95832	1.4856	1098.0	-0.030267	0.00015418	0.1621	supercritical
387.0	1756.2	1085.2	0.00092153	264.95	426.8	1.1769	0.95847	1.4855	1098.8	-0.030296	0.00015436	0.16225	supercritical
387.0	1759.5	1085.6	0.00092118	264.86	426.94	1.1765	0.95862	1.4853	1099.7	-0.030326	0.00015455	0.16241	supercritical
387.0	1762.8	1086.0	0.00092082	264.77	427.09	1.1761	0.95878	1.4852	1100.6	-0.030354	0.00015474	0.16256	supercritical
387.0	1766.0	1086.4	0.00092047	264.68	427.24	1.1757	0.95893	1.4851	1101.5	-0.030383	0.00015492	0.16271	supercritical
387.0	1769.2	1086.8	0.00092012	264.59	427.38	1.1754	0.95908	1.4849	1102.4	-0.030412	0.00015511	0.16286	supercritical
387.0	1772.5	1087.2	0.00091977	264.5	427.53	1.175	0.95923	1.4848	1103.2	-0.03044	0.00015529	0.16301	supercritical
387.0	1775.8	1087.6	0.00091942	264.41	427.68	1.1746	0.95938	1.4847	1104.1	-0.030469	0.00015548	0.16316	supercritical
387.0	1779.0	1088.1	0.00091907	264.32	427.82	1.1742	0.95953	1.4845	1105.0	-0.030497	0.00015566	0.16331	supercritical
387.0	1782.2	1088.5	0.00091873	264.23	427.97	1.1738	0.95969	1.4844	1105.8	-0.030525	0.00015585	0.16347	supercritical
387.0	1785.5	1088.9	0.00091838	264.14	428.12	1.1734	0.95984	1.4843	1106.7	-0.030553	0.00015604	0.16362	supercritical
387.0	1788.8	1089.3	0.00091803	264.05	428.26	1.173	0.95999	1.4842	1107.6	-0.030581	0.00015622	0.16377	supercritical
387.0	1792.0	1089.7	0.00091769	263.96	428.41	1.1726	0.96014	1.484	1108.5	-0.030608	0.00015641	0.16392	supercritical
387.0	1795.2	1090.1	0.00091734	263.87	428.56	1.1722	0.96029	1.4839	1109.3	-0.030636	0.00015659	0.16407	supercritical
387.0	1798.5	1090.5	0.000917	263.79	428.71	1.1718	0.96044	1.4838	1110.2	-0.030663	0.00015678	0.16422	supercritical
387.0	1801.8	1090.9	0.00091666	263.7	428.86	1.1715	0.9606	1.4836	1111.0	-0.030691	0.00015696	0.16437	supercritical
387.0	1805.0	1091.3	0.00091632	263.61	429.0	1.1711	0.96075	1.4835	1111.9	-0.030718	0.00015715	0.16452	supercritical
387.0	1808.2	1091.7	0.00091598	263.52	429.15	1.1707	0.9609	1.4834	1112.8	-0.030745	0.00015733	0.16467	supercritical
387.0	1811.5	1092.1	0.00091564	263.43	429.3	1.1703	0.96105	1.4833	1113.6	-0.030772	0.00015752	0.16482	supercritical
387.0	1814.8	1092.5	0.0009153	263.34	429.45	1.1699	0.9612	1.4832	1114.5	-0.030799	0.00015771	0.16497	supercritical
387.0	1818.0	1092.9	0.00091496	263.26	429.6	1.1695	0.96135	1.483	1115.4	-0.030826	0.00015789	0.16512	supercritical
387.0	1821.2	1093.3	0.00091462	263.17	429.75	1.1691	0.9615	1.4829	1116.2	-0.030852	0.00015808	0.16528	supercritical
387.0	1824.5	1093.7	0.00091429	263.08	429.89	1.1688	0.96166	1.4828	1117.1	-0.030879	0.00015826	0.16543	supercritical
387.0	1827.8	1094.1	0.00091395	263.0	430.04	1.1684	0.96181	1.4827	1117.9	-0.030905	0.00015845	0.16558	supercritical
387.0	1831.0	1094.5	0.00091362	262.91	430.19	1.168	0.96196	1.4826	1118.8	-0.030931	0.00015863	0.16573	supercritical
387.0	1834.2	1094.9	0.00091329	262.82	430.34	1.1676	0.96211	1.4824	1119.6	-0.030957	0.00015882	0.16588	supercritical
387.0	1837.5	1095.3	0.00091295	262.74	430.49	1.1672	0.96226	1.4823	1120.5	-0.030983	0.000159	0.16603	supercritical
387.0	1840.8	1095.7	0.00091262	262.65	430.64	1.1668	0.96241	1.4822	1121.3	-0.031009	0.00015919	0.16618	supercritical
387.0	1844.0	1096.1	0.00091229	262.56	430.79	1.1665	0.96256	1.4821	1122.2	-0.031035	0.00015937	0.16632	supercritical
387.0	1847.2	1096.5	0.00091196	262.48	430.94	1.1661	0.96271	1.482	1123.0	-0.031061	0.00015956	0.16647	supercritical
387.0	1850.5	1096.9	0.00091163	262.39	431.09	1.1657	0.96286	1.4818	1123.9	-0.031086	0.00015974	0.16662	supercritical
387.0	1853.8	1097.3	0.0009113	262.31	431.24	1.1653	0.96302	1.4817	1124.7	-0.031112	0.00015993	0.16677	supercritical
387.0	1857.0	1097.7	0.00091097	262.22	431.39	1.1649	0.96317	1.4816	1125.6	-0.031137	0.00016011	0.16692	supercritical
387.0	1860.2	1098.1	0.00091065	262.14	431.54	1.1646	0.96332	1.4815	1126.4	-0.031162	0.0001603	0.16707	supercritical
387.0	1863.5	1098.5	0.00091032	262.05	431.69	1.1642	0.96347	1.4814	1127.2	-0.031187	0.00016048	0.16722	supercritical
387.0	1866.8	1098.9	0.00090999	261.97	431.84	1.1638	0.96362	1.4813	1128.1	-0.031212	0.00016067	0.16737	supercritical
387.0	1870.0	1099.3	0.00090967	261.88	431.99	1.1634	0.96377	1.4812	1128.9	-0.031237	0.00016085	0.16752	supercritical
387.0	1873.2	1099.7	0.00090935	261.8	432.14	1.1631	0.96392	1.4811	1129.8	-0.031262	0.00016104	0.16767	supercritical
387.0	1876.5	1100.1	0.00090902	261.71	432.29	1.1627	0.96407	1.4809	1130.6	-0.031287	0.00016122	0.16782	supercritical
387.0	1879.8	1100.5	0.0009087	261.63	432.44	1.1623	0.96422	1.4808	1131.4	-0.031311	0.0001614	0.16797	supercritical
387.0	1883.0	1100.9	0.00090838	261.54	432.59	1.1619	0.96437	1.4807	1132.3	-0.031336	0.00016159	0.16811	supercritical
387.0	1886.2	1101.3	0.00090806	261.46	432.74	1.1616	0.96452	1.4806	1133.1	-0.03136	0.00016177	0.16826	supercritical
387.0	1889.5	1101.6	0.00090774	261.38	432.89	1.1612	0.96467	1.4805	1133.9	-0.031384	0.00016196	0.16841	supercritical
387.0	1892.8	1102.0	0.00090742	261.29	433.04	1.1608	0.96482	1.4804	1134.8	-0.031409	0.00016214	0.16856	supercritical
387.0	1896.0	1102.4	0.0009071	261.21	433.2	1.1605	0.96497	1.4803	1135.6	-0.031433	0.00016233	0.16871	supercritical
387.0	1899.2	1102.8	0.00090678	261.13	433.35	1.1601	0.96512	1.4802	1136.4	-0.031456	0.00016251	0.16886	supercritical
387.0	1902.5	1103.2	0.00090647	261.04	433.5	1.1597	0.96527	1.4801	1137.3	-0.03148	0.0001627	0.16901	supercritical
387.0	1905.8	1103.6	0.00090615	260.96	433.65	1.1593	0.96542	1.48	1138.1	-0.031504	0.00016288	0.16915	supercritical
387.0	1909.0	1104.0	0.00090583	260.88	433.8	1.159	0.96558	1.4799	1138.9	-0.031528	0.00016306	0.1693	supercritical
387.0	1912.2	1104.3	0.00090552	260.79	433.95	1.1586	0.96573	1.4798	1139.7	-0.031551	0.00016325	0.16945	supercritical
387.0	1915.5	1104.7	0.0009052	260.71	434.1	1.1582	0.96588	1.4796	1140.6	-0.031575	0.00016343	0.1696	supercritical
387.0	1918.8	1105.1	0.00090489	260.63	434.26	1.1579	0.96603	1.4795	1141.4	-0.031598	0.00016362	0.16975	supercritical
387.0	1922.0	1105.5	0.00090458	260.55	434.41	1.1575	0.96618	1.4794	1142.2	-0.031621	0.0001638	0.16989	supercritical
387.0	1925.2	1105.9	0.00090427	260.47	434.56	1.1571	0.96633	1.4793	1143.0	-0.031644	0.00016399	0.17004	supercritical
387.0	1928.5	1106.2	0.00090396	260.38	434.71	1.1568	0.96648	1.4792	1143.9	-0.031667	0.00016417	0.17019	supercritical
387.0	1931.8	1106.6	0.00090365	260.3	434.86	1.1564	0.96663	1.4791	1144.7	-0.03169	0.00016435	0.17034	supercritical
387.0	1935.0	1107.0	0.00090334	260.22	435.02	1.156	0.96678	1.479	1145.5	-0.031713	0.00016454	0.17048	supercritical
387.0	1938.2	1107.4	0.00090303	260.14	435.17	1.1557	0.96693	1.4789	1146.3	-0.031736	0.00016472	0.17063	supercritical
387.0	1941.5	1107.8	0.00090272	260.06	435.32	1.1553	0.96708	1.4788	1147.1	-0.031758	0.00016491	0.17078	supercritical
387.0	1944.8	1108.1	0.00090241	259.98	435.48	1.155	0.96723	1.4787	1147.9	-0.031781	0.00016509	0.17093	supercritical
387.0	1948.0	1108.5	0.00090211	259.9	435.63	1.1546	0.96738	1.4786	1148.7	-0.031803	0.00016527	0.17107	supercritical
387.0	1951.2	1108.9	0.0009018	259.82	435.78	1.1542	0.96753	1.4785	1149.6	-0.031826	0.00016546	0.17122	supercritical
387.0	1954.5	1109.3	0.00090149	259.74	435.93	1.1539	0.96768	1.4784	1150.4	-0.031848	0.00016564	0.17137	supercritical
387.0	1957.8	1109.6	0.00090119	259.66	436.09	1.1535	0.96782	1.4783	1151.2	-0.03187	0.00016583	0.17151	supercritical
387.0	1961.0	1110.0	0.00090089	259.58	436.24	1.1531	0.96797	1.4782	1152.0	-0.031892	0.00016601	0.17166	supercritical
387.0	1964.2	1110.4	0.00090058	259.5	436.39	1.1528	0.96812	1.4781	1152.8	-0.031914	0.00016619	0.17181	supercritical
387.0	1967.5	1110.8	0.00090028	259.42	436.55	1.1524	0.96827	1.478	1153.6	-0.031936	0.00016638	0.17195	supercritical
387.0	1970.8	1111.1	0.00089998	259.34	436.7	1.1521	0.96842	1.4779	1154.4	-0.031958	0.00016656	0.1721	supercritical
387.0	1974.0	1111.5	0.00089968	259.26	436.85	1.1517	0.96857	1.4778	1155.2	-0.031979	0.00016675	0.17225	supercritical
387.0	1977.2	1111.9	0.00089938	259.18	437.01	1.1513	0.96872	1.4778	1156.0	-0.032001	0.00016693	0.17239	supercritical
387.0	1980.5	1112.3	0.00089908	259.1	437.16	1.151	0.96887	1.4777	1156.8	-0.032022	0.00016711	0.17254	supercritical
387.0	1983.8	1112.6	0.00089878	259.02	437.31	1.1506	0.96902	1.4776	1157.6	-0.032044	0.0001673	0.17269	supercritical
387.0	1987.0	1113.0	0.00089848	258.94	437.47	1.1503	0.96917	1.4775	1158.4	-0.032065	0.00016748	0.17283	supercritical
387.0	1990.2	1113.4	0.00089818	258.86	437.62	1.1499	0.96932	1.4774	1159.2	-0.032086	0.00016766	0.17298	supercritical
387.0	1993.5	1113.7	0.00089788	258.78	437.78	1.1496	0.96947	1.4773	1160.0	-0.032107	0.00016785	0.17313	supercritical
387.0	1996.8	1114.1	0.00089759	258.71	437.93	1.1492	0.96962	1.4772	1160.8	-0.032129	0.00016803	0.17327	supercritical
387.0	2000.0	1114.5	0.00089729	258.63	438.09	1.1489	0.96977	1.4771	1161.6	-0.032149	0.00016822	0.17342	supercritical
