Temperature (K)	Pressure (bar)	Density (kg/m3)	Volume (m3/kg)	Internal Energy (kJ/kg)	Enthalpy (kJ/kg)	Entropy (J/g*K)	Cv (J/g*K)	Cp (J/g*K)	Sound Spd. (m/s)	Joule-Thomson (K/bar)	Viscosity (Pa*s)	Therm. Cond. (W/m*K)	Phase
421.0	56.5	77.502	0.012903	518.19	591.09	2.2424	0.80186	1.1046	303.67	0.44365	2.1639e-05	0.029321	vapor
421.0	59.75	82.381	0.012139	516.96	589.49	2.229	0.80391	1.1149	303.19	0.44141	2.1725e-05	0.029529	vapor
421.0	63.0	87.309	0.011454	515.73	587.89	2.2161	0.80596	1.1254	302.73	0.43908	2.1814e-05	0.029742	vapor
421.0	66.25	92.285	0.010836	514.49	586.28	2.2036	0.80801	1.1361	302.29	0.43667	2.1907e-05	0.029961	vapor
421.0	69.5	97.31	0.010276	513.24	584.67	2.1917	0.81006	1.147	301.88	0.43417	2.2002e-05	0.030185	vapor
421.0	72.75	102.38	0.0097671	511.99	583.04	2.1801	0.81211	1.1581	301.49	0.43158	2.2102e-05	0.030415	vapor
421.0	76.0	107.51	0.0093017	510.72	581.42	2.1688	0.81416	1.1694	301.13	0.4289	2.2204e-05	0.03065	vapor
421.0	76.0	107.51	0.0093017	510.72	581.42	2.1688	0.81416	1.1694	301.13	0.4289	2.2204e-05	0.03065	supercritical
421.0	76.0	107.51	0.0093017	510.72	581.42	2.1688	0.81416	1.1694	301.13	0.4289	2.2204e-05	0.03065	supercritical
421.0	79.25	112.68	0.0088747	509.45	579.78	2.158	0.81621	1.1809	300.79	0.42613	2.2311e-05	0.030892	supercritical
421.0	82.5	117.9	0.0084816	508.17	578.15	2.1474	0.81825	1.1927	300.48	0.42327	2.2421e-05	0.03114	supercritical
421.0	85.75	123.17	0.0081186	506.89	576.5	2.1371	0.82029	1.2046	300.2	0.42031	2.2535e-05	0.031394	supercritical
421.0	89.0	128.49	0.0077825	505.59	574.85	2.127	0.82232	1.2167	299.95	0.41726	2.2653e-05	0.031654	supercritical
421.0	92.25	133.86	0.0074703	504.29	573.2	2.1172	0.82435	1.2289	299.73	0.41412	2.2776e-05	0.031921	supercritical
421.0	95.5	139.28	0.0071798	502.98	571.55	2.1076	0.82636	1.2414	299.54	0.41089	2.2902e-05	0.032195	supercritical
421.0	98.75	144.75	0.0069087	501.66	569.89	2.0982	0.82837	1.254	299.38	0.40756	2.3033e-05	0.032475	supercritical
421.0	102.0	150.26	0.0066552	500.34	568.23	2.089	0.83036	1.2668	299.26	0.40414	2.3168e-05	0.032762	supercritical
421.0	105.25	155.82	0.0064177	499.01	566.56	2.08	0.83234	1.2798	299.17	0.40063	2.3308e-05	0.033056	supercritical
421.0	108.5	161.42	0.0061948	497.68	564.89	2.0712	0.83431	1.2929	299.13	0.39702	2.3453e-05	0.033357	supercritical
421.0	111.75	167.08	0.0059853	496.34	563.22	2.0626	0.83627	1.3062	299.11	0.39333	2.3602e-05	0.033666	supercritical
421.0	115.0	172.77	0.005788	494.99	561.55	2.054	0.8382	1.3195	299.14	0.38955	2.3756e-05	0.033981	supercritical
421.0	118.25	178.51	0.0056019	493.64	559.88	2.0457	0.84012	1.333	299.21	0.38568	2.3915e-05	0.034304	supercritical
421.0	121.5	184.29	0.0054262	492.28	558.21	2.0375	0.84202	1.3466	299.32	0.38172	2.408e-05	0.034633	supercritical
421.0	124.75	190.11	0.00526	490.92	556.54	2.0294	0.8439	1.3603	299.47	0.37769	2.4249e-05	0.03497	supercritical
421.0	128.0	195.97	0.0051027	489.56	554.87	2.0214	0.84575	1.3741	299.67	0.37357	2.4424e-05	0.035314	supercritical
421.0	131.25	201.87	0.0049536	488.19	553.21	2.0136	0.84758	1.3879	299.91	0.36938	2.4604e-05	0.035665	supercritical
421.0	134.5	207.81	0.0048122	486.82	551.54	2.0058	0.84939	1.4017	300.2	0.36511	2.4789e-05	0.036024	supercritical
421.0	137.75	213.77	0.0046778	485.44	549.88	1.9982	0.85117	1.4156	300.54	0.36078	2.498e-05	0.036389	supercritical
421.0	141.0	219.77	0.0045501	484.06	548.22	1.9907	0.85293	1.4295	300.92	0.35637	2.5177e-05	0.036761	supercritical
421.0	144.25	225.8	0.0044286	482.68	546.57	1.9833	0.85465	1.4434	301.35	0.3519	2.5379e-05	0.03714	supercritical
421.0	147.5	231.86	0.0043129	481.3	544.92	1.976	0.85635	1.4572	301.84	0.34737	2.5587e-05	0.037526	supercritical
421.0	150.75	237.94	0.0042027	479.92	543.28	1.9689	0.85801	1.471	302.37	0.34279	2.5801e-05	0.037918	supercritical
421.0	154.0	244.05	0.0040975	478.54	541.64	1.9618	0.85964	1.4847	302.95	0.33815	2.602e-05	0.038316	supercritical
421.0	157.25	250.17	0.0039972	477.16	540.01	1.9548	0.86124	1.4983	303.59	0.33347	2.6245e-05	0.03872	supercritical
421.0	160.5	256.32	0.0039014	475.78	538.4	1.9479	0.8628	1.5118	304.28	0.32874	2.6476e-05	0.03913	supercritical
421.0	163.75	262.47	0.0038099	474.4	536.78	1.9411	0.86433	1.5251	305.03	0.32397	2.6712e-05	0.039546	supercritical
421.0	167.0	268.64	0.0037224	473.02	535.18	1.9344	0.86582	1.5383	305.83	0.31917	2.6955e-05	0.039967	supercritical
421.0	170.25	274.82	0.0036388	471.64	533.59	1.9278	0.86728	1.5513	306.68	0.31435	2.7202e-05	0.040393	supercritical
421.0	173.5	281.0	0.0035587	470.27	532.01	1.9212	0.8687	1.564	307.59	0.30949	2.7456e-05	0.040824	supercritical
421.0	176.75	287.19	0.003482	468.9	530.45	1.9148	0.87008	1.5766	308.55	0.30462	2.7715e-05	0.04126	supercritical
421.0	180.0	293.37	0.0034086	467.54	528.89	1.9084	0.87142	1.5888	309.57	0.29974	2.798e-05	0.0417	supercritical
421.0	183.25	299.55	0.0033383	466.18	527.35	1.9022	0.87272	1.6009	310.64	0.29485	2.825e-05	0.042143	supercritical
421.0	186.5	305.73	0.0032709	464.82	525.83	1.896	0.87398	1.6126	311.77	0.28996	2.8525e-05	0.04259	supercritical
421.0	189.75	311.89	0.0032063	463.47	524.31	1.8899	0.8752	1.624	312.95	0.28506	2.8805e-05	0.04304	supercritical
421.0	193.0	318.04	0.0031443	462.13	522.82	1.8839	0.87638	1.6351	314.19	0.28018	2.9091e-05	0.043493	supercritical
421.0	196.25	324.17	0.0030848	460.8	521.34	1.878	0.87753	1.6458	315.48	0.2753	2.9382e-05	0.043949	supercritical
421.0	199.5	330.29	0.0030277	459.47	519.87	1.8721	0.87863	1.6562	316.82	0.27045	2.9677e-05	0.044407	supercritical
421.0	202.75	336.38	0.0029728	458.15	518.42	1.8664	0.87969	1.6662	318.21	0.26561	2.9977e-05	0.044866	supercritical
421.0	206.0	342.45	0.0029202	456.84	516.99	1.8607	0.88072	1.6758	319.66	0.2608	3.0282e-05	0.045327	supercritical
421.0	209.25	348.48	0.0028696	455.54	515.58	1.8551	0.8817	1.6851	321.15	0.25603	3.0591e-05	0.045789	supercritical
421.0	212.5	354.49	0.002821	454.25	514.19	1.8496	0.88265	1.6939	322.7	0.25128	3.0904e-05	0.046252	supercritical
421.0	215.75	360.46	0.0027742	452.96	512.82	1.8442	0.88356	1.7024	324.29	0.24658	3.1222e-05	0.046716	supercritical
421.0	219.0	366.4	0.0027293	451.69	511.46	1.8389	0.88443	1.7104	325.93	0.24192	3.1543e-05	0.04718	supercritical
421.0	222.25	372.29	0.002686	450.43	510.13	1.8336	0.88527	1.7181	327.62	0.2373	3.1868e-05	0.047644	supercritical
421.0	225.5	378.15	0.0026445	449.18	508.81	1.8284	0.88607	1.7253	329.34	0.23274	3.2196e-05	0.048108	supercritical
421.0	228.75	383.96	0.0026044	447.94	507.52	1.8233	0.88684	1.7321	331.12	0.22822	3.2527e-05	0.048571	supercritical
421.0	232.0	389.73	0.0025659	446.71	506.24	1.8183	0.88757	1.7385	332.93	0.22376	3.2862e-05	0.049034	supercritical
421.0	235.25	395.45	0.0025288	445.5	504.99	1.8133	0.88827	1.7445	334.79	0.21936	3.3199e-05	0.049495	supercritical
421.0	238.5	401.12	0.002493	444.3	503.76	1.8085	0.88893	1.7502	336.68	0.21502	3.354e-05	0.049955	supercritical
421.0	241.75	406.74	0.0024586	443.11	502.54	1.8037	0.88957	1.7554	338.61	0.21074	3.3882e-05	0.050414	supercritical
421.0	245.0	412.3	0.0024254	441.93	501.35	1.799	0.89017	1.7602	340.58	0.20652	3.4227e-05	0.050871	supercritical
421.0	248.25	417.82	0.0023934	440.76	500.18	1.7943	0.89075	1.7647	342.59	0.20237	3.4574e-05	0.051327	supercritical
421.0	251.5	423.28	0.0023625	439.61	499.03	1.7898	0.8913	1.7688	344.62	0.19829	3.4923e-05	0.05178	supercritical
421.0	254.75	428.68	0.0023328	438.47	497.9	1.7853	0.89182	1.7725	346.69	0.19427	3.5274e-05	0.052232	supercritical
421.0	258.0	434.02	0.002304	437.35	496.79	1.7808	0.89232	1.7759	348.79	0.19031	3.5627e-05	0.052681	supercritical
421.0	261.25	439.31	0.0022763	436.24	495.7	1.7765	0.89279	1.7789	350.92	0.18643	3.598e-05	0.053128	supercritical
421.0	264.5	444.54	0.0022495	435.14	494.64	1.7722	0.89323	1.7817	353.08	0.18261	3.6335e-05	0.053572	supercritical
421.0	267.75	449.71	0.0022236	434.05	493.59	1.768	0.89366	1.7841	355.26	0.17886	3.6691e-05	0.054014	supercritical
421.0	271.0	454.82	0.0021987	432.98	492.56	1.7638	0.89406	1.7862	357.47	0.17518	3.7048e-05	0.054453	supercritical
421.0	274.25	459.87	0.0021745	431.92	491.55	1.7598	0.89444	1.788	359.7	0.17157	3.7406e-05	0.05489	supercritical
421.0	277.5	464.86	0.0021512	430.87	490.57	1.7558	0.8948	1.7895	361.96	0.16803	3.7764e-05	0.055324	supercritical
421.0	280.75	469.79	0.0021286	429.84	489.6	1.7518	0.89515	1.7907	364.24	0.16456	3.8123e-05	0.055754	supercritical
421.0	284.0	474.67	0.0021067	428.82	488.65	1.7479	0.89547	1.7917	366.54	0.16115	3.8482e-05	0.056182	supercritical
421.0	287.25	479.48	0.0020856	427.81	487.72	1.7441	0.89578	1.7924	368.86	0.15781	3.8841e-05	0.056607	supercritical
421.0	290.5	484.22	0.0020652	426.82	486.81	1.7403	0.89608	1.793	371.19	0.15453	3.92e-05	0.057029	supercritical
421.0	293.75	488.91	0.0020453	425.84	485.92	1.7366	0.89636	1.7932	373.54	0.15133	3.9559e-05	0.057448	supercritical
421.0	297.0	493.54	0.0020262	424.87	485.05	1.733	0.89662	1.7933	375.91	0.14818	3.9918e-05	0.057864	supercritical
421.0	300.25	498.11	0.0020076	423.92	484.19	1.7294	0.89687	1.7932	378.29	0.14511	4.0276e-05	0.058277	supercritical
421.0	303.5	502.63	0.0019896	422.97	483.36	1.7259	0.89711	1.7929	380.69	0.14209	4.0635e-05	0.058687	supercritical
421.0	306.75	507.08	0.0019721	422.04	482.54	1.7224	0.89734	1.7924	383.1	0.13914	4.0992e-05	0.059093	supercritical
421.0	310.0	511.47	0.0019551	421.13	481.74	1.719	0.89755	1.7918	385.52	0.13625	4.1349e-05	0.059497	supercritical
421.0	313.25	515.81	0.0019387	420.22	480.95	1.7156	0.89776	1.791	387.95	0.13342	4.1706e-05	0.059897	supercritical
421.0	316.5	520.09	0.0019228	419.33	480.18	1.7123	0.89796	1.79	390.39	0.13066	4.2061e-05	0.060295	supercritical
421.0	319.75	524.31	0.0019073	418.45	479.43	1.709	0.89814	1.7889	392.84	0.12795	4.2416e-05	0.060689	supercritical
421.0	323.0	528.48	0.0018922	417.58	478.7	1.7058	0.89832	1.7877	395.29	0.1253	4.277e-05	0.06108	supercritical
421.0	326.25	532.59	0.0018776	416.72	477.98	1.7026	0.89849	1.7864	397.75	0.12271	4.3123e-05	0.061469	supercritical
421.0	329.5	536.65	0.0018634	415.87	477.27	1.6995	0.89866	1.785	400.22	0.12017	4.3475e-05	0.061854	supercritical
421.0	332.75	540.65	0.0018496	415.03	476.58	1.6964	0.89882	1.7835	402.69	0.11769	4.3826e-05	0.062236	supercritical
421.0	336.0	544.6	0.0018362	414.21	475.91	1.6934	0.89897	1.7819	405.16	0.11527	4.4176e-05	0.062616	supercritical
421.0	339.25	548.5	0.0018232	413.4	475.25	1.6904	0.89912	1.7802	407.64	0.1129	4.4524e-05	0.062992	supercritical
421.0	342.5	552.35	0.0018105	412.59	474.6	1.6875	0.89926	1.7785	410.12	0.11058	4.4872e-05	0.063366	supercritical
421.0	345.75	556.14	0.0017981	411.8	473.97	1.6846	0.89939	1.7767	412.6	0.10831	4.5218e-05	0.063736	supercritical
421.0	349.0	559.89	0.0017861	411.01	473.35	1.6818	0.89952	1.7748	415.08	0.10609	4.5563e-05	0.064104	supercritical
421.0	352.25	563.59	0.0017743	410.24	472.74	1.6789	0.89965	1.7729	417.56	0.10392	4.5906e-05	0.06447	supercritical
421.0	355.5	567.24	0.0017629	409.48	472.15	1.6762	0.89978	1.7709	420.04	0.1018	4.6249e-05	0.064832	supercritical
421.0	358.75	570.84	0.0017518	408.72	471.57	1.6734	0.8999	1.7689	422.52	0.099731	4.659e-05	0.065192	supercritical
421.0	362.0	574.39	0.001741	407.98	471.0	1.6707	0.90002	1.7668	425.0	0.097704	4.6929e-05	0.065549	supercritical
421.0	365.25	577.9	0.0017304	407.25	470.45	1.6681	0.90013	1.7648	427.47	0.095722	4.7267e-05	0.065903	supercritical
421.0	368.5	581.37	0.0017201	406.52	469.91	1.6655	0.90025	1.7627	429.95	0.093783	4.7604e-05	0.066255	supercritical
421.0	371.75	584.79	0.00171	405.8	469.37	1.6629	0.90036	1.7605	432.42	0.091887	4.794e-05	0.066604	supercritical
421.0	375.0	588.17	0.0017002	405.1	468.85	1.6603	0.90046	1.7584	434.88	0.090033	4.8273e-05	0.066951	supercritical
421.0	378.25	591.5	0.0016906	404.4	468.35	1.6578	0.90057	1.7562	437.34	0.08822	4.8606e-05	0.067295	supercritical
421.0	381.5	594.79	0.0016813	403.71	467.85	1.6553	0.90068	1.754	439.8	0.086446	4.8937e-05	0.067637	supercritical
421.0	384.75	598.04	0.0016721	403.02	467.36	1.6529	0.90078	1.7518	442.25	0.08471	4.9267e-05	0.067976	supercritical
421.0	388.0	601.26	0.0016632	402.35	466.88	1.6505	0.90088	1.7496	444.7	0.083013	4.9595e-05	0.068313	supercritical
421.0	391.25	604.43	0.0016545	401.68	466.42	1.6481	0.90099	1.7474	447.14	0.081351	4.9922e-05	0.068648	supercritical
421.0	394.5	607.56	0.0016459	401.03	465.96	1.6457	0.90109	1.7452	449.58	0.079726	5.0247e-05	0.068981	supercritical
421.0	397.75	610.66	0.0016376	400.38	465.51	1.6434	0.90119	1.743	452.01	0.078135	5.0571e-05	0.069311	supercritical
421.0	401.0	613.71	0.0016294	399.73	465.07	1.6411	0.90129	1.7408	454.44	0.076578	5.0894e-05	0.069639	supercritical
421.0	404.25	616.74	0.0016214	399.1	464.64	1.6388	0.90138	1.7386	456.86	0.075054	5.1215e-05	0.069965	supercritical
421.0	407.5	619.72	0.0016136	398.47	464.22	1.6366	0.90148	1.7364	459.27	0.073561	5.1534e-05	0.070288	supercritical
421.0	410.75	622.67	0.001606	397.85	463.81	1.6343	0.90158	1.7342	461.67	0.0721	5.1852e-05	0.07061	supercritical
421.0	414.0	625.59	0.0015985	397.23	463.41	1.6321	0.90168	1.732	464.07	0.070669	5.2169e-05	0.07093	supercritical
421.0	417.25	628.47	0.0015912	396.63	463.02	1.63	0.90178	1.7298	466.46	0.069268	5.2484e-05	0.071247	supercritical
421.0	420.5	631.32	0.001584	396.03	462.63	1.6278	0.90187	1.7276	468.85	0.067895	5.2798e-05	0.071563	supercritical
421.0	423.75	634.13	0.001577	395.43	462.26	1.6257	0.90197	1.7254	471.23	0.06655	5.3111e-05	0.071876	supercritical
421.0	427.0	636.92	0.0015701	394.85	461.89	1.6236	0.90207	1.7233	473.6	0.065232	5.3422e-05	0.072188	supercritical
421.0	430.25	639.67	0.0015633	394.26	461.53	1.6216	0.90216	1.7211	475.96	0.06394	5.3732e-05	0.072497	supercritical
421.0	433.5	642.39	0.0015567	393.69	461.17	1.6195	0.90226	1.7189	478.32	0.062673	5.404e-05	0.072805	supercritical
421.0	436.75	645.08	0.0015502	393.12	460.82	1.6175	0.90236	1.7168	480.67	0.061432	5.4347e-05	0.073111	supercritical
421.0	440.0	647.74	0.0015438	392.56	460.49	1.6155	0.90245	1.7147	483.01	0.060215	5.4653e-05	0.073415	supercritical
421.0	443.25	650.38	0.0015376	392.0	460.15	1.6135	0.90255	1.7126	485.35	0.059021	5.4957e-05	0.073717	supercritical
421.0	446.5	652.98	0.0015314	391.45	459.83	1.6116	0.90265	1.7105	487.67	0.057851	5.526e-05	0.074018	supercritical
421.0	449.75	655.56	0.0015254	390.9	459.51	1.6096	0.90275	1.7084	489.99	0.056702	5.5562e-05	0.074317	supercritical
421.0	453.0	658.1	0.0015195	390.36	459.2	1.6077	0.90284	1.7063	492.31	0.055576	5.5862e-05	0.074614	supercritical
421.0	456.25	660.63	0.0015137	389.83	458.89	1.6058	0.90294	1.7042	494.61	0.05447	5.6161e-05	0.074909	supercritical
421.0	459.5	663.12	0.001508	389.3	458.6	1.6039	0.90304	1.7022	496.91	0.053385	5.6459e-05	0.075203	supercritical
421.0	462.75	665.59	0.0015024	388.78	458.3	1.6021	0.90314	1.7001	499.2	0.05232	5.6755e-05	0.075495	supercritical
421.0	466.0	668.03	0.0014969	388.26	458.02	1.6002	0.90324	1.6981	501.48	0.051274	5.7051e-05	0.075786	supercritical
421.0	469.25	670.45	0.0014915	387.75	457.74	1.5984	0.90334	1.6961	503.76	0.050248	5.7345e-05	0.076074	supercritical
421.0	472.5	672.84	0.0014862	387.24	457.46	1.5966	0.90344	1.6941	506.03	0.04924	5.7637e-05	0.076362	supercritical
421.0	475.75	675.21	0.001481	386.74	457.2	1.5948	0.90354	1.6921	508.29	0.04825	5.7929e-05	0.076648	supercritical
421.0	479.0	677.55	0.0014759	386.24	456.93	1.5931	0.90364	1.6901	510.54	0.047277	5.8219e-05	0.076932	supercritical
421.0	482.25	679.87	0.0014709	385.74	456.68	1.5913	0.90374	1.6882	512.79	0.046322	5.8508e-05	0.077215	supercritical
421.0	485.5	682.17	0.0014659	385.25	456.42	1.5896	0.90384	1.6862	515.03	0.045383	5.8796e-05	0.077496	supercritical
421.0	488.75	684.44	0.001461	384.77	456.18	1.5879	0.90395	1.6843	517.26	0.044461	5.9082e-05	0.077776	supercritical
421.0	492.0	686.69	0.0014563	384.29	455.94	1.5862	0.90405	1.6824	519.49	0.043555	5.9368e-05	0.078054	supercritical
421.0	495.25	688.92	0.0014515	383.81	455.7	1.5845	0.90415	1.6805	521.7	0.042664	5.9652e-05	0.078332	supercritical
421.0	498.5	691.13	0.0014469	383.34	455.47	1.5828	0.90426	1.6786	523.91	0.041788	5.9935e-05	0.078607	supercritical
421.0	501.75	693.32	0.0014423	382.88	455.25	1.5812	0.90436	1.6767	526.12	0.040927	6.0217e-05	0.078881	supercritical
421.0	505.0	695.49	0.0014378	382.41	455.03	1.5796	0.90446	1.6748	528.31	0.04008	6.0497e-05	0.079154	supercritical
421.0	508.25	697.63	0.0014334	381.96	454.81	1.5779	0.90457	1.673	530.5	0.039248	6.0777e-05	0.079426	supercritical
421.0	511.5	699.76	0.0014291	381.5	454.6	1.5763	0.90467	1.6712	532.68	0.038429	6.1055e-05	0.079696	supercritical
421.0	514.75	701.87	0.0014248	381.05	454.39	1.5747	0.90478	1.6693	534.85	0.037624	6.1333e-05	0.079965	supercritical
421.0	518.0	703.95	0.0014206	380.61	454.19	1.5732	0.90489	1.6675	537.02	0.036832	6.1609e-05	0.080233	supercritical
421.0	521.25	706.02	0.0014164	380.16	453.99	1.5716	0.90499	1.6657	539.18	0.036053	6.1884e-05	0.0805	supercritical
421.0	524.5	708.07	0.0014123	379.73	453.8	1.57	0.9051	1.664	541.33	0.035286	6.2158e-05	0.080765	supercritical
421.0	527.75	710.1	0.0014083	379.29	453.61	1.5685	0.90521	1.6622	543.48	0.034532	6.2431e-05	0.081029	supercritical
421.0	531.0	712.11	0.0014043	378.86	453.43	1.567	0.90532	1.6605	545.61	0.033789	6.2703e-05	0.081292	supercritical
421.0	534.25	714.1	0.0014004	378.43	453.25	1.5655	0.90542	1.6587	547.74	0.033059	6.2974e-05	0.081553	supercritical
421.0	537.5	716.08	0.0013965	378.01	453.07	1.564	0.90553	1.657	549.87	0.03234	6.3244e-05	0.081814	supercritical
421.0	540.75	718.04	0.0013927	377.59	452.9	1.5625	0.90564	1.6553	551.98	0.031632	6.3513e-05	0.082073	supercritical
421.0	544.0	719.98	0.0013889	377.17	452.73	1.561	0.90575	1.6536	554.09	0.030935	6.3781e-05	0.082331	supercritical
421.0	547.25	721.9	0.0013852	376.76	452.57	1.5596	0.90586	1.6519	556.19	0.030249	6.4048e-05	0.082588	supercritical
421.0	550.5	723.81	0.0013816	376.35	452.41	1.5581	0.90597	1.6503	558.29	0.029574	6.4314e-05	0.082844	supercritical
421.0	553.75	725.7	0.001378	375.94	452.25	1.5567	0.90608	1.6486	560.38	0.028909	6.4578e-05	0.083099	supercritical
421.0	557.0	727.57	0.0013744	375.54	452.1	1.5552	0.9062	1.647	562.46	0.028254	6.4842e-05	0.083353	supercritical
421.0	560.25	729.43	0.0013709	375.14	451.95	1.5538	0.90631	1.6454	564.53	0.027609	6.5105e-05	0.083606	supercritical
421.0	563.5	731.28	0.0013675	374.74	451.8	1.5524	0.90642	1.6438	566.6	0.026974	6.5367e-05	0.083857	supercritical
421.0	566.75	733.11	0.0013641	374.35	451.66	1.551	0.90653	1.6422	568.66	0.026348	6.5628e-05	0.084108	supercritical
421.0	570.0	734.92	0.0013607	373.96	451.52	1.5496	0.90665	1.6406	570.71	0.025732	6.5888e-05	0.084358	supercritical
421.0	573.25	736.72	0.0013574	373.57	451.38	1.5483	0.90676	1.6391	572.75	0.025125	6.6147e-05	0.084606	supercritical
421.0	576.5	738.5	0.0013541	373.19	451.25	1.5469	0.90688	1.6375	574.79	0.024527	6.6406e-05	0.084854	supercritical
421.0	579.75	740.27	0.0013509	372.81	451.12	1.5456	0.90699	1.636	576.82	0.023937	6.6663e-05	0.0851	supercritical
421.0	583.0	742.02	0.0013477	372.43	451.0	1.5442	0.90711	1.6345	578.85	0.023357	6.6919e-05	0.085346	supercritical
421.0	586.25	743.77	0.0013445	372.05	450.87	1.5429	0.90722	1.633	580.87	0.022784	6.7175e-05	0.085591	supercritical
421.0	589.5	745.49	0.0013414	371.68	450.75	1.5416	0.90734	1.6315	582.88	0.02222	6.743e-05	0.085835	supercritical
421.0	592.75	747.21	0.0013383	371.31	450.64	1.5403	0.90745	1.63	584.88	0.021664	6.7683e-05	0.086077	supercritical
421.0	596.0	748.91	0.0013353	370.94	450.53	1.539	0.90757	1.6286	586.88	0.021117	6.7936e-05	0.086319	supercritical
421.0	599.25	750.59	0.0013323	370.58	450.41	1.5377	0.90769	1.6271	588.87	0.020577	6.8188e-05	0.08656	supercritical
421.0	602.5	752.27	0.0013293	370.22	450.31	1.5364	0.90781	1.6257	590.85	0.020044	6.844e-05	0.0868	supercritical
421.0	605.75	753.93	0.0013264	369.86	450.2	1.5351	0.90792	1.6243	592.83	0.019519	6.869e-05	0.08704	supercritical
421.0	609.0	755.57	0.0013235	369.5	450.1	1.5339	0.90804	1.6229	594.8	0.019002	6.894e-05	0.087278	supercritical
421.0	612.25	757.21	0.0013206	369.15	450.0	1.5326	0.90816	1.6215	596.76	0.018492	6.9189e-05	0.087515	supercritical
421.0	615.5	758.83	0.0013178	368.8	449.91	1.5314	0.90828	1.6201	598.71	0.017989	6.9437e-05	0.087752	supercritical
421.0	618.75	760.44	0.001315	368.45	449.81	1.5301	0.9084	1.6187	600.66	0.017493	6.9684e-05	0.087988	supercritical
421.0	622.0	762.04	0.0013123	368.1	449.72	1.5289	0.90852	1.6174	602.61	0.017003	6.993e-05	0.088223	supercritical
421.0	625.25	763.63	0.0013095	367.76	449.63	1.5277	0.90864	1.6161	604.54	0.016521	7.0176e-05	0.088457	supercritical
421.0	628.5	765.21	0.0013068	367.41	449.55	1.5264	0.90876	1.6147	606.47	0.016045	7.0421e-05	0.08869	supercritical
421.0	631.75	766.77	0.0013042	367.07	449.47	1.5252	0.90888	1.6134	608.39	0.015576	7.0665e-05	0.088923	supercritical
421.0	635.0	768.32	0.0013015	366.74	449.39	1.524	0.909	1.6121	610.31	0.015113	7.0908e-05	0.089155	supercritical
421.0	638.25	769.87	0.0012989	366.4	449.31	1.5229	0.90913	1.6108	612.22	0.014656	7.1151e-05	0.089386	supercritical
421.0	641.5	771.4	0.0012963	366.07	449.23	1.5217	0.90925	1.6096	614.12	0.014205	7.1393e-05	0.089616	supercritical
421.0	644.75	772.92	0.0012938	365.74	449.16	1.5205	0.90937	1.6083	616.02	0.013761	7.1634e-05	0.089845	supercritical
421.0	648.0	774.43	0.0012913	365.41	449.09	1.5193	0.90949	1.6071	617.91	0.013322	7.1874e-05	0.090074	supercritical
421.0	651.25	775.93	0.0012888	365.09	449.02	1.5182	0.90962	1.6058	619.79	0.012889	7.2114e-05	0.090302	supercritical
421.0	654.5	777.41	0.0012863	364.76	448.95	1.517	0.90974	1.6046	621.67	0.012462	7.2353e-05	0.090529	supercritical
421.0	657.75	778.89	0.0012839	364.44	448.89	1.5159	0.90987	1.6034	623.54	0.012041	7.2591e-05	0.090755	supercritical
421.0	661.0	780.36	0.0012815	364.12	448.83	1.5147	0.90999	1.6022	625.4	0.011625	7.2829e-05	0.090981	supercritical
421.0	664.25	781.82	0.0012791	363.81	448.77	1.5136	0.91011	1.601	627.26	0.011214	7.3065e-05	0.091206	supercritical
421.0	667.5	783.27	0.0012767	363.49	448.71	1.5125	0.91024	1.5998	629.11	0.010809	7.3302e-05	0.091431	supercritical
421.0	670.75	784.7	0.0012744	363.18	448.66	1.5114	0.91036	1.5987	630.96	0.010409	7.3537e-05	0.091654	supercritical
421.0	674.0	786.13	0.001272	362.87	448.6	1.5103	0.91049	1.5975	632.8	0.010014	7.3772e-05	0.091877	supercritical
421.0	677.25	787.55	0.0012698	362.56	448.55	1.5092	0.91062	1.5964	634.63	0.0096241	7.4006e-05	0.0921	supercritical
421.0	680.5	788.96	0.0012675	362.25	448.5	1.5081	0.91074	1.5952	636.46	0.0092392	7.424e-05	0.092321	supercritical
421.0	683.75	790.36	0.0012652	361.95	448.46	1.507	0.91087	1.5941	638.28	0.0088592	7.4473e-05	0.092542	supercritical
421.0	687.0	791.75	0.001263	361.64	448.41	1.5059	0.911	1.593	640.09	0.0084839	7.4705e-05	0.092763	supercritical
421.0	690.25	793.14	0.0012608	361.34	448.37	1.5048	0.91112	1.5919	641.9	0.0081134	7.4937e-05	0.092982	supercritical
421.0	693.5	794.51	0.0012586	361.04	448.33	1.5038	0.91125	1.5908	643.71	0.0077474	7.5168e-05	0.093201	supercritical
421.0	696.75	795.88	0.0012565	360.74	448.29	1.5027	0.91138	1.5898	645.5	0.0073861	7.5399e-05	0.09342	supercritical
421.0	700.0	797.23	0.0012543	360.45	448.25	1.5016	0.91151	1.5887	647.29	0.0070292	7.5628e-05	0.093638	supercritical
421.0	703.25	798.58	0.0012522	360.15	448.22	1.5006	0.91164	1.5877	649.08	0.0066766	7.5858e-05	0.093855	supercritical
421.0	706.5	799.92	0.0012501	359.86	448.18	1.4995	0.91177	1.5866	650.86	0.0063284	7.6086e-05	0.094071	supercritical
421.0	709.75	801.25	0.001248	359.57	448.15	1.4985	0.91189	1.5856	652.63	0.0059845	7.6314e-05	0.094287	supercritical
421.0	713.0	802.57	0.001246	359.28	448.12	1.4975	0.91202	1.5846	654.4	0.0056447	7.6542e-05	0.094503	supercritical
421.0	716.25	803.89	0.001244	358.99	448.09	1.4964	0.91215	1.5835	656.16	0.005309	7.6769e-05	0.094718	supercritical
421.0	719.5	805.19	0.0012419	358.71	448.07	1.4954	0.91228	1.5825	657.91	0.0049774	7.6995e-05	0.094932	supercritical
421.0	722.75	806.49	0.0012399	358.42	448.04	1.4944	0.91241	1.5815	659.66	0.0046497	7.7221e-05	0.095145	supercritical
421.0	726.0	807.78	0.001238	358.14	448.02	1.4934	0.91254	1.5806	661.41	0.0043259	7.7446e-05	0.095359	supercritical
421.0	729.25	809.07	0.001236	357.86	448.0	1.4924	0.91267	1.5796	663.14	0.004006	7.7671e-05	0.095571	supercritical
421.0	732.5	810.34	0.001234	357.58	447.98	1.4914	0.91281	1.5786	664.88	0.0036898	7.7895e-05	0.095783	supercritical
421.0	735.75	811.61	0.0012321	357.31	447.96	1.4904	0.91294	1.5777	666.6	0.0033774	7.8119e-05	0.095994	supercritical
421.0	739.0	812.87	0.0012302	357.03	447.94	1.4894	0.91307	1.5767	668.33	0.0030686	7.8342e-05	0.096205	supercritical
421.0	742.25	814.12	0.0012283	356.76	447.93	1.4884	0.9132	1.5758	670.04	0.0027634	7.8564e-05	0.096416	supercritical
421.0	745.5	815.37	0.0012264	356.48	447.91	1.4874	0.91333	1.5749	671.75	0.0024617	7.8786e-05	0.096625	supercritical
421.0	748.75	816.61	0.0012246	356.21	447.9	1.4865	0.91346	1.5739	673.46	0.0021635	7.9008e-05	0.096835	supercritical
421.0	752.0	817.84	0.0012227	355.94	447.89	1.4855	0.9136	1.573	675.16	0.0018687	7.9229e-05	0.097043	supercritical
421.0	755.25	819.06	0.0012209	355.67	447.88	1.4845	0.91373	1.5721	676.85	0.0015773	7.9449e-05	0.097252	supercritical
421.0	758.5	820.28	0.0012191	355.41	447.88	1.4836	0.91386	1.5712	678.54	0.0012892	7.9669e-05	0.097459	supercritical
421.0	761.75	821.49	0.0012173	355.14	447.87	1.4826	0.914	1.5704	680.22	0.0010044	7.9889e-05	0.097668	supercritical
421.0	765.0	822.69	0.0012155	354.88	447.87	1.4817	0.91413	1.5695	681.9	0.00072275	8.0107e-05	0.097877	supercritical
421.0	768.25	823.89	0.0012138	354.62	447.86	1.4807	0.91426	1.5686	683.57	0.00044428	8.0326e-05	0.098085	supercritical
421.0	771.5	825.08	0.001212	354.35	447.86	1.4798	0.9144	1.5678	685.24	0.00016891	8.0544e-05	0.098293	supercritical
421.0	774.75	826.26	0.0012103	354.1	447.86	1.4788	0.91453	1.5669	686.9	-0.0001034	8.0761e-05	0.098501	supercritical
421.0	778.0	827.44	0.0012085	353.84	447.86	1.4779	0.91467	1.5661	688.56	-0.0003727	8.0979e-05	0.098708	supercritical
421.0	781.25	828.61	0.0012068	353.58	447.86	1.477	0.9148	1.5652	690.21	-0.00063903	8.1195e-05	0.098914	supercritical
421.0	784.5	829.77	0.0012051	353.32	447.87	1.4761	0.91494	1.5644	691.86	-0.00090245	8.1411e-05	0.09912	supercritical
421.0	787.75	830.93	0.0012035	353.07	447.87	1.4751	0.91507	1.5636	693.5	-0.001163	8.1627e-05	0.099326	supercritical
421.0	791.0	832.08	0.0012018	352.82	447.88	1.4742	0.91521	1.5628	695.14	-0.0014207	8.1842e-05	0.099531	supercritical
421.0	794.25	833.23	0.0012002	352.57	447.89	1.4733	0.91534	1.562	696.77	-0.0016756	8.2057e-05	0.099735	supercritical
421.0	797.5	834.37	0.0011985	352.32	447.9	1.4724	0.91548	1.5612	698.4	-0.0019278	8.2271e-05	0.099939	supercritical
421.0	800.75	835.5	0.0011969	352.07	447.91	1.4715	0.91561	1.5604	700.02	-0.0021773	8.2485e-05	0.10014	supercritical
421.0	804.0	836.63	0.0011953	351.82	447.92	1.4706	0.91575	1.5596	701.64	-0.0024242	8.2698e-05	0.10035	supercritical
421.0	807.25	837.75	0.0011937	351.57	447.93	1.4697	0.91589	1.5588	703.25	-0.0026684	8.2911e-05	0.10055	supercritical
421.0	810.5	838.86	0.0011921	351.33	447.95	1.4688	0.91602	1.5581	704.86	-0.00291	8.3124e-05	0.10075	supercritical
421.0	813.75	839.97	0.0011905	351.08	447.96	1.468	0.91616	1.5573	706.46	-0.0031491	8.3336e-05	0.10095	supercritical
421.0	817.0	841.08	0.0011889	350.84	447.98	1.4671	0.9163	1.5565	708.06	-0.0033857	8.3548e-05	0.10115	supercritical
421.0	820.25	842.18	0.0011874	350.6	448.0	1.4662	0.91643	1.5558	709.65	-0.0036198	8.3759e-05	0.10135	supercritical
421.0	823.5	843.27	0.0011859	350.36	448.01	1.4653	0.91657	1.5551	711.24	-0.0038515	8.397e-05	0.10156	supercritical
421.0	826.75	844.36	0.0011843	350.12	448.04	1.4645	0.91671	1.5543	712.82	-0.0040808	8.418e-05	0.10175	supercritical
421.0	830.0	845.44	0.0011828	349.88	448.06	1.4636	0.91685	1.5536	714.4	-0.0043078	8.4391e-05	0.10195	supercritical
421.0	833.25	846.52	0.0011813	349.65	448.08	1.4627	0.91698	1.5529	715.98	-0.0045324	8.46e-05	0.10215	supercritical
421.0	836.5	847.59	0.0011798	349.41	448.1	1.4619	0.91712	1.5522	717.55	-0.0047547	8.481e-05	0.10235	supercritical
421.0	839.75	848.65	0.0011783	349.18	448.13	1.461	0.91726	1.5515	719.11	-0.0049748	8.5018e-05	0.10255	supercritical
421.0	843.0	849.71	0.0011769	348.94	448.15	1.4602	0.9174	1.5508	720.67	-0.0051926	8.5227e-05	0.10275	supercritical
421.0	846.25	850.77	0.0011754	348.71	448.18	1.4593	0.91754	1.5501	722.23	-0.0054083	8.5435e-05	0.10295	supercritical
421.0	849.5	851.82	0.001174	348.48	448.21	1.4585	0.91768	1.5494	723.78	-0.0056218	8.5643e-05	0.10314	supercritical
421.0	852.75	852.86	0.0011725	348.25	448.24	1.4577	0.91782	1.5487	725.33	-0.0058332	8.585e-05	0.10334	supercritical
421.0	856.0	853.9	0.0011711	348.02	448.27	1.4568	0.91796	1.548	726.87	-0.0060424	8.6057e-05	0.10354	supercritical
421.0	859.25	854.94	0.0011697	347.79	448.3	1.456	0.9181	1.5473	728.41	-0.0062496	8.6264e-05	0.10373	supercritical
421.0	862.5	855.97	0.0011683	347.56	448.33	1.4552	0.91823	1.5467	729.94	-0.0064548	8.647e-05	0.10393	supercritical
421.0	865.75	856.99	0.0011669	347.34	448.36	1.4544	0.91837	1.546	731.47	-0.006658	8.6676e-05	0.10412	supercritical
421.0	869.0	858.01	0.0011655	347.11	448.4	1.4535	0.91851	1.5454	732.99	-0.0068591	8.6881e-05	0.10432	supercritical
421.0	872.25	859.03	0.0011641	346.89	448.43	1.4527	0.91865	1.5447	734.51	-0.0070583	8.7087e-05	0.10451	supercritical
421.0	875.5	860.04	0.0011627	346.67	448.47	1.4519	0.91879	1.5441	736.03	-0.0072556	8.7291e-05	0.10471	supercritical
421.0	878.75	861.04	0.0011614	346.45	448.5	1.4511	0.91893	1.5434	737.54	-0.007451	8.7496e-05	0.1049	supercritical
421.0	882.0	862.04	0.00116	346.23	448.54	1.4503	0.91908	1.5428	739.05	-0.0076445	8.77e-05	0.10509	supercritical
421.0	885.25	863.04	0.0011587	346.01	448.58	1.4495	0.91922	1.5422	740.56	-0.0078362	8.7904e-05	0.10529	supercritical
421.0	888.5	864.03	0.0011574	345.79	448.62	1.4487	0.91936	1.5415	742.05	-0.008026	8.8107e-05	0.10548	supercritical
421.0	891.75	865.02	0.001156	345.57	448.66	1.4479	0.9195	1.5409	743.55	-0.0082141	8.831e-05	0.10567	supercritical
421.0	895.0	866.0	0.0011547	345.35	448.7	1.4471	0.91964	1.5403	745.04	-0.0084003	8.8513e-05	0.10586	supercritical
421.0	898.25	866.98	0.0011534	345.14	448.74	1.4463	0.91978	1.5397	746.53	-0.0085849	8.8715e-05	0.10605	supercritical
421.0	901.5	867.96	0.0011521	344.92	448.79	1.4455	0.91992	1.5391	748.01	-0.0087677	8.8917e-05	0.10624	supercritical
421.0	904.75	868.93	0.0011508	344.71	448.83	1.4447	0.92006	1.5385	749.49	-0.0089487	8.9119e-05	0.10643	supercritical
421.0	908.0	869.89	0.0011496	344.5	448.88	1.444	0.92021	1.5379	750.97	-0.0091282	8.9321e-05	0.10662	supercritical
421.0	911.25	870.85	0.0011483	344.28	448.92	1.4432	0.92035	1.5373	752.44	-0.0093059	8.9522e-05	0.10681	supercritical
421.0	914.5	871.81	0.001147	344.07	448.97	1.4424	0.92049	1.5367	753.9	-0.009482	8.9722e-05	0.107	supercritical
421.0	917.75	872.76	0.0011458	343.86	449.02	1.4416	0.92063	1.5362	755.37	-0.0096565	8.9923e-05	0.10719	supercritical
421.0	921.0	873.71	0.0011445	343.65	449.07	1.4409	0.92077	1.5356	756.83	-0.0098294	9.0123e-05	0.10738	supercritical
421.0	924.25	874.65	0.0011433	343.45	449.12	1.4401	0.92092	1.535	758.28	-0.010001	9.0323e-05	0.10757	supercritical
421.0	927.5	875.59	0.0011421	343.24	449.17	1.4393	0.92106	1.5345	759.73	-0.010171	9.0523e-05	0.10776	supercritical
421.0	930.75	876.53	0.0011409	343.03	449.22	1.4386	0.9212	1.5339	761.18	-0.010339	9.0722e-05	0.10795	supercritical
421.0	934.0	877.46	0.0011397	342.83	449.27	1.4378	0.92134	1.5333	762.62	-0.010506	9.0921e-05	0.10814	supercritical
421.0	937.25	878.39	0.0011384	342.62	449.32	1.4371	0.92149	1.5328	764.06	-0.010671	9.1119e-05	0.10832	supercritical
421.0	940.5	879.31	0.0011373	342.42	449.38	1.4363	0.92163	1.5323	765.5	-0.010835	9.1318e-05	0.10851	supercritical
421.0	943.75	880.23	0.0011361	342.21	449.43	1.4356	0.92177	1.5317	766.93	-0.010997	9.1516e-05	0.1087	supercritical
421.0	947.0	881.15	0.0011349	342.01	449.48	1.4348	0.92192	1.5312	768.36	-0.011158	9.1714e-05	0.10888	supercritical
421.0	950.25	882.06	0.0011337	341.81	449.54	1.4341	0.92206	1.5306	769.79	-0.011317	9.1911e-05	0.10907	supercritical
421.0	953.5	882.97	0.0011325	341.61	449.6	1.4333	0.9222	1.5301	771.21	-0.011475	9.2108e-05	0.10926	supercritical
421.0	956.75	883.88	0.0011314	341.41	449.66	1.4326	0.92235	1.5296	772.62	-0.011632	9.2305e-05	0.10944	supercritical
421.0	960.0	884.78	0.0011302	341.21	449.71	1.4319	0.92249	1.5291	774.04	-0.011787	9.2502e-05	0.10963	supercritical
421.0	963.25	885.67	0.0011291	341.01	449.77	1.4311	0.92263	1.5286	775.45	-0.011941	9.2698e-05	0.10981	supercritical
421.0	966.5	886.57	0.0011279	340.82	449.83	1.4304	0.92278	1.528	776.86	-0.012094	9.2894e-05	0.11	supercritical
421.0	969.75	887.46	0.0011268	340.62	449.89	1.4297	0.92292	1.5275	778.26	-0.012245	9.309e-05	0.11018	supercritical
421.0	973.0	888.34	0.0011257	340.42	449.95	1.429	0.92307	1.527	779.66	-0.012395	9.3286e-05	0.11036	supercritical
421.0	976.25	889.23	0.0011246	340.23	450.02	1.4282	0.92321	1.5265	781.05	-0.012544	9.3481e-05	0.11055	supercritical
421.0	979.5	890.11	0.0011235	340.03	450.08	1.4275	0.92335	1.526	782.45	-0.012691	9.3676e-05	0.11073	supercritical
421.0	982.75	890.98	0.0011224	339.84	450.14	1.4268	0.9235	1.5255	783.83	-0.012838	9.3871e-05	0.11091	supercritical
421.0	986.0	891.85	0.0011213	339.65	450.21	1.4261	0.92364	1.525	785.22	-0.012983	9.4065e-05	0.1111	supercritical
421.0	989.25	892.72	0.0011202	339.46	450.27	1.4254	0.92379	1.5246	786.6	-0.013126	9.4259e-05	0.11128	supercritical
421.0	992.5	893.59	0.0011191	339.27	450.34	1.4247	0.92393	1.5241	787.98	-0.013269	9.4453e-05	0.11146	supercritical
421.0	995.75	894.45	0.001118	339.08	450.4	1.424	0.92408	1.5236	789.35	-0.01341	9.4647e-05	0.11164	supercritical
421.0	999.0	895.31	0.0011169	338.89	450.47	1.4233	0.92422	1.5231	790.73	-0.013551	9.484e-05	0.11183	supercritical
421.0	1002.2	896.16	0.0011159	338.7	450.54	1.4226	0.92437	1.5227	792.09	-0.01369	9.5033e-05	0.11201	supercritical
421.0	1005.5	897.01	0.0011148	338.51	450.6	1.4219	0.92451	1.5222	793.46	-0.013828	9.5226e-05	0.11219	supercritical
421.0	1008.8	897.86	0.0011138	338.32	450.67	1.4212	0.92466	1.5217	794.82	-0.013964	9.5419e-05	0.11237	supercritical
421.0	1012.0	898.71	0.0011127	338.14	450.74	1.4205	0.9248	1.5213	796.18	-0.0141	9.5612e-05	0.11255	supercritical
421.0	1015.2	899.55	0.0011117	337.95	450.81	1.4198	0.92495	1.5208	797.53	-0.014234	9.5804e-05	0.11273	supercritical
421.0	1018.5	900.39	0.0011106	337.76	450.88	1.4191	0.9251	1.5204	798.88	-0.014368	9.5996e-05	0.11291	supercritical
421.0	1021.8	901.22	0.0011096	337.58	450.95	1.4184	0.92524	1.5199	800.23	-0.0145	9.6187e-05	0.11309	supercritical
421.0	1025.0	902.05	0.0011086	337.4	451.03	1.4177	0.92539	1.5195	801.58	-0.014631	9.6379e-05	0.11327	supercritical
421.0	1028.2	902.88	0.0011076	337.21	451.1	1.417	0.92553	1.519	802.92	-0.014762	9.657e-05	0.11345	supercritical
421.0	1031.5	903.71	0.0011066	337.03	451.17	1.4163	0.92568	1.5186	804.26	-0.014891	9.6761e-05	0.11363	supercritical
421.0	1034.8	904.53	0.0011055	336.85	451.25	1.4157	0.92582	1.5181	805.59	-0.015019	9.6952e-05	0.11381	supercritical
421.0	1038.0	905.35	0.0011045	336.67	451.32	1.415	0.92597	1.5177	806.92	-0.015146	9.7143e-05	0.11399	supercritical
421.0	1041.2	906.17	0.0011035	336.49	451.39	1.4143	0.92612	1.5173	808.25	-0.015272	9.7333e-05	0.11417	supercritical
421.0	1044.5	906.98	0.0011026	336.31	451.47	1.4136	0.92626	1.5168	809.58	-0.015397	9.7523e-05	0.11434	supercritical
421.0	1047.8	907.79	0.0011016	336.13	451.55	1.413	0.92641	1.5164	810.9	-0.015521	9.7713e-05	0.11452	supercritical
421.0	1051.0	908.6	0.0011006	335.95	451.62	1.4123	0.92656	1.516	812.22	-0.015645	9.7902e-05	0.1147	supercritical
421.0	1054.2	909.4	0.0010996	335.77	451.7	1.4116	0.9267	1.5156	813.54	-0.015767	9.8092e-05	0.11488	supercritical
421.0	1057.5	910.21	0.0010987	335.6	451.78	1.411	0.92685	1.5152	814.85	-0.015888	9.8281e-05	0.11505	supercritical
421.0	1060.8	911.0	0.0010977	335.42	451.86	1.4103	0.92699	1.5147	816.16	-0.016008	9.847e-05	0.11523	supercritical
421.0	1064.0	911.8	0.0010967	335.24	451.94	1.4097	0.92714	1.5143	817.47	-0.016128	9.8659e-05	0.11541	supercritical
421.0	1067.2	912.59	0.0010958	335.07	452.02	1.409	0.92729	1.5139	818.77	-0.016246	9.8847e-05	0.11558	supercritical
421.0	1070.5	913.38	0.0010948	334.89	452.1	1.4083	0.92744	1.5135	820.07	-0.016364	9.9036e-05	0.11576	supercritical
421.0	1073.8	914.17	0.0010939	334.72	452.18	1.4077	0.92758	1.5131	821.37	-0.01648	9.9224e-05	0.11594	supercritical
421.0	1077.0	914.96	0.0010929	334.55	452.26	1.407	0.92773	1.5127	822.66	-0.016596	9.9412e-05	0.11611	supercritical
421.0	1080.2	915.74	0.001092	334.37	452.34	1.4064	0.92788	1.5123	823.96	-0.016711	9.96e-05	0.11629	supercritical
421.0	1083.5	916.52	0.0010911	334.2	452.42	1.4057	0.92802	1.5119	825.24	-0.016825	9.9787e-05	0.11646	supercritical
421.0	1086.8	917.29	0.0010902	334.03	452.51	1.4051	0.92817	1.5115	826.53	-0.016938	9.9974e-05	0.11664	supercritical
421.0	1090.0	918.07	0.0010892	333.86	452.59	1.4045	0.92832	1.5111	827.81	-0.01705	0.00010016	0.11681	supercritical
421.0	1093.2	918.84	0.0010883	333.69	452.67	1.4038	0.92846	1.5108	829.09	-0.017161	0.00010035	0.11699	supercritical
421.0	1096.5	919.6	0.0010874	333.52	452.76	1.4032	0.92861	1.5104	830.37	-0.017272	0.00010054	0.11716	supercritical
421.0	1099.8	920.37	0.0010865	333.35	452.84	1.4025	0.92876	1.51	831.65	-0.017382	0.00010072	0.11734	supercritical
421.0	1103.0	921.13	0.0010856	333.18	452.93	1.4019	0.92891	1.5096	832.92	-0.017491	0.00010091	0.11751	supercritical
421.0	1106.2	921.89	0.0010847	333.02	453.01	1.4013	0.92905	1.5092	834.19	-0.017599	0.00010109	0.11768	supercritical
421.0	1109.5	922.65	0.0010838	332.85	453.1	1.4006	0.9292	1.5089	835.45	-0.017706	0.00010128	0.11786	supercritical
421.0	1112.8	923.4	0.0010829	332.68	453.19	1.4	0.92935	1.5085	836.71	-0.017813	0.00010147	0.11803	supercritical
421.0	1116.0	924.16	0.0010821	332.52	453.28	1.3994	0.9295	1.5081	837.97	-0.017918	0.00010165	0.1182	supercritical
421.0	1119.2	924.91	0.0010812	332.35	453.36	1.3988	0.92965	1.5078	839.23	-0.018023	0.00010184	0.11838	supercritical
421.0	1122.5	925.65	0.0010803	332.19	453.45	1.3981	0.92979	1.5074	840.49	-0.018128	0.00010202	0.11855	supercritical
421.0	1125.8	926.4	0.0010794	332.02	453.54	1.3975	0.92994	1.5071	841.74	-0.018231	0.00010221	0.11872	supercritical
421.0	1129.0	927.14	0.0010786	331.86	453.63	1.3969	0.93009	1.5067	842.99	-0.018334	0.00010239	0.11889	supercritical
421.0	1132.2	927.88	0.0010777	331.69	453.72	1.3963	0.93024	1.5063	844.23	-0.018436	0.00010258	0.11907	supercritical
421.0	1135.5	928.62	0.0010769	331.53	453.81	1.3957	0.93038	1.506	845.48	-0.018537	0.00010276	0.11924	supercritical
421.0	1138.8	929.35	0.001076	331.37	453.9	1.395	0.93053	1.5056	846.72	-0.018637	0.00010294	0.11941	supercritical
421.0	1142.0	930.08	0.0010752	331.21	453.99	1.3944	0.93068	1.5053	847.95	-0.018737	0.00010313	0.11958	supercritical
421.0	1145.2	930.81	0.0010743	331.05	454.09	1.3938	0.93083	1.5049	849.19	-0.018836	0.00010331	0.11975	supercritical
421.0	1148.5	931.54	0.0010735	330.89	454.18	1.3932	0.93098	1.5046	850.42	-0.018934	0.0001035	0.11992	supercritical
421.0	1151.8	932.27	0.0010727	330.73	454.27	1.3926	0.93113	1.5043	851.65	-0.019032	0.00010368	0.12009	supercritical
421.0	1155.0	932.99	0.0010718	330.57	454.36	1.392	0.93127	1.5039	852.88	-0.019129	0.00010386	0.12026	supercritical
421.0	1158.2	933.71	0.001071	330.41	454.46	1.3914	0.93142	1.5036	854.1	-0.019225	0.00010405	0.12044	supercritical
421.0	1161.5	934.43	0.0010702	330.25	454.55	1.3908	0.93157	1.5032	855.33	-0.019321	0.00010423	0.12061	supercritical
421.0	1164.8	935.14	0.0010694	330.09	454.65	1.3902	0.93172	1.5029	856.55	-0.019416	0.00010441	0.12078	supercritical
421.0	1168.0	935.86	0.0010685	329.94	454.74	1.3896	0.93187	1.5026	857.76	-0.01951	0.0001046	0.12095	supercritical
421.0	1171.2	936.57	0.0010677	329.78	454.84	1.389	0.93202	1.5023	858.98	-0.019604	0.00010478	0.12112	supercritical
421.0	1174.5	937.28	0.0010669	329.62	454.93	1.3884	0.93216	1.5019	860.19	-0.019697	0.00010496	0.12128	supercritical
421.0	1177.8	937.98	0.0010661	329.47	455.03	1.3878	0.93231	1.5016	861.4	-0.019789	0.00010514	0.12145	supercritical
421.0	1181.0	938.69	0.0010653	329.31	455.13	1.3872	0.93246	1.5013	862.6	-0.01988	0.00010532	0.12162	supercritical
421.0	1184.2	939.39	0.0010645	329.16	455.22	1.3866	0.93261	1.501	863.81	-0.019971	0.00010551	0.12179	supercritical
421.0	1187.5	940.09	0.0010637	329.0	455.32	1.386	0.93276	1.5006	865.01	-0.020062	0.00010569	0.12196	supercritical
421.0	1190.8	940.79	0.0010629	328.85	455.42	1.3854	0.93291	1.5003	866.21	-0.020152	0.00010587	0.12213	supercritical
421.0	1194.0	941.48	0.0010622	328.7	455.52	1.3848	0.93306	1.5	867.41	-0.020241	0.00010605	0.1223	supercritical
421.0	1197.2	942.18	0.0010614	328.54	455.62	1.3843	0.93321	1.4997	868.6	-0.020329	0.00010623	0.12247	supercritical
421.0	1200.5	942.87	0.0010606	328.39	455.72	1.3837	0.93335	1.4994	869.79	-0.020417	0.00010641	0.12263	supercritical
421.0	1203.8	943.56	0.0010598	328.24	455.82	1.3831	0.9335	1.4991	870.98	-0.020505	0.00010659	0.1228	supercritical
421.0	1207.0	944.24	0.001059	328.09	455.92	1.3825	0.93365	1.4988	872.17	-0.020591	0.00010677	0.12297	supercritical
421.0	1210.2	944.93	0.0010583	327.94	456.02	1.3819	0.9338	1.4985	873.35	-0.020678	0.00010696	0.12314	supercritical
421.0	1213.5	945.61	0.0010575	327.79	456.12	1.3814	0.93395	1.4982	874.53	-0.020763	0.00010714	0.1233	supercritical
421.0	1216.8	946.29	0.0010568	327.64	456.22	1.3808	0.9341	1.4979	875.71	-0.020848	0.00010732	0.12347	supercritical
421.0	1220.0	946.97	0.001056	327.49	456.32	1.3802	0.93425	1.4976	876.89	-0.020933	0.0001075	0.12364	supercritical
421.0	1223.2	947.65	0.0010552	327.34	456.42	1.3796	0.9344	1.4973	878.06	-0.021017	0.00010768	0.12381	supercritical
421.0	1226.5	948.32	0.0010545	327.19	456.52	1.3791	0.93455	1.497	879.23	-0.0211	0.00010786	0.12397	supercritical
421.0	1229.8	948.99	0.0010537	327.04	456.63	1.3785	0.9347	1.4967	880.4	-0.021183	0.00010804	0.12414	supercritical
421.0	1233.0	949.66	0.001053	326.89	456.73	1.3779	0.93485	1.4964	881.57	-0.021265	0.00010822	0.12431	supercritical
421.0	1236.2	950.33	0.0010523	326.75	456.83	1.3774	0.93499	1.4961	882.74	-0.021347	0.00010839	0.12447	supercritical
421.0	1239.5	951.0	0.0010515	326.6	456.94	1.3768	0.93514	1.4958	883.9	-0.021428	0.00010857	0.12464	supercritical
421.0	1242.8	951.66	0.0010508	326.45	457.04	1.3762	0.93529	1.4955	885.06	-0.021508	0.00010875	0.1248	supercritical
421.0	1246.0	952.33	0.0010501	326.31	457.15	1.3757	0.93544	1.4953	886.22	-0.021588	0.00010893	0.12497	supercritical
421.0	1249.2	952.99	0.0010493	326.16	457.25	1.3751	0.93559	1.495	887.37	-0.021668	0.00010911	0.12513	supercritical
421.0	1252.5	953.64	0.0010486	326.02	457.36	1.3746	0.93574	1.4947	888.53	-0.021747	0.00010929	0.1253	supercritical
421.0	1255.8	954.3	0.0010479	325.87	457.46	1.374	0.93589	1.4944	889.68	-0.021826	0.00010947	0.12546	supercritical
421.0	1259.0	954.96	0.0010472	325.73	457.57	1.3734	0.93604	1.4941	890.83	-0.021904	0.00010965	0.12563	supercritical
421.0	1262.2	955.61	0.0010465	325.59	457.68	1.3729	0.93619	1.4939	891.97	-0.021981	0.00010982	0.12579	supercritical
421.0	1265.5	956.26	0.0010457	325.44	457.78	1.3723	0.93634	1.4936	893.12	-0.022058	0.00011	0.12596	supercritical
421.0	1268.8	956.91	0.001045	325.3	457.89	1.3718	0.93649	1.4933	894.26	-0.022135	0.00011018	0.12612	supercritical
421.0	1272.0	957.56	0.0010443	325.16	458.0	1.3712	0.93664	1.4931	895.4	-0.022211	0.00011036	0.12629	supercritical
421.0	1275.2	958.2	0.0010436	325.02	458.11	1.3707	0.93679	1.4928	896.53	-0.022286	0.00011054	0.12645	supercritical
421.0	1278.5	958.84	0.0010429	324.88	458.21	1.3701	0.93694	1.4925	897.67	-0.022361	0.00011071	0.12662	supercritical
421.0	1281.8	959.49	0.0010422	324.74	458.32	1.3696	0.93709	1.4922	898.8	-0.022436	0.00011089	0.12678	supercritical
421.0	1285.0	960.13	0.0010415	324.59	458.43	1.369	0.93724	1.492	899.93	-0.02251	0.00011107	0.12694	supercritical
421.0	1288.2	960.76	0.0010408	324.45	458.54	1.3685	0.93739	1.4917	901.06	-0.022584	0.00011125	0.12711	supercritical
421.0	1291.5	961.4	0.0010402	324.32	458.65	1.368	0.93753	1.4915	902.19	-0.022657	0.00011142	0.12727	supercritical
421.0	1294.8	962.03	0.0010395	324.18	458.76	1.3674	0.93768	1.4912	903.31	-0.02273	0.0001116	0.12743	supercritical
421.0	1298.0	962.67	0.0010388	324.04	458.87	1.3669	0.93783	1.4909	904.44	-0.022802	0.00011178	0.1276	supercritical
421.0	1301.2	963.3	0.0010381	323.9	458.98	1.3663	0.93798	1.4907	905.56	-0.022874	0.00011195	0.12776	supercritical
421.0	1304.5	963.93	0.0010374	323.76	459.09	1.3658	0.93813	1.4904	906.67	-0.022945	0.00011213	0.12792	supercritical
421.0	1307.8	964.55	0.0010367	323.62	459.2	1.3653	0.93828	1.4902	907.79	-0.023016	0.00011231	0.12809	supercritical
421.0	1311.0	965.18	0.0010361	323.49	459.32	1.3647	0.93843	1.4899	908.9	-0.023087	0.00011248	0.12825	supercritical
421.0	1314.2	965.8	0.0010354	323.35	459.43	1.3642	0.93858	1.4897	910.01	-0.023157	0.00011266	0.12841	supercritical
421.0	1317.5	966.42	0.0010347	323.21	459.54	1.3637	0.93873	1.4894	911.12	-0.023226	0.00011284	0.12857	supercritical
421.0	1320.8	967.04	0.0010341	323.08	459.65	1.3631	0.93888	1.4892	912.23	-0.023296	0.00011301	0.12873	supercritical
421.0	1324.0	967.66	0.0010334	322.94	459.77	1.3626	0.93903	1.4889	913.34	-0.023364	0.00011319	0.1289	supercritical
421.0	1327.2	968.28	0.0010328	322.81	459.88	1.3621	0.93918	1.4887	914.44	-0.023433	0.00011336	0.12906	supercritical
421.0	1330.5	968.9	0.0010321	322.67	459.99	1.3615	0.93933	1.4885	915.54	-0.023501	0.00011354	0.12922	supercritical
421.0	1333.8	969.51	0.0010315	322.54	460.11	1.361	0.93948	1.4882	916.64	-0.023568	0.00011371	0.12938	supercritical
421.0	1337.0	970.12	0.0010308	322.4	460.22	1.3605	0.93963	1.488	917.73	-0.023635	0.00011389	0.12954	supercritical
421.0	1340.2	970.73	0.0010302	322.27	460.33	1.36	0.93978	1.4877	918.83	-0.023702	0.00011407	0.1297	supercritical
421.0	1343.5	971.34	0.0010295	322.13	460.45	1.3594	0.93993	1.4875	919.92	-0.023768	0.00011424	0.12987	supercritical
421.0	1346.8	971.95	0.0010289	322.0	460.56	1.3589	0.94008	1.4873	921.01	-0.023834	0.00011442	0.13003	supercritical
421.0	1350.0	972.55	0.0010282	321.87	460.68	1.3584	0.94023	1.487	922.1	-0.0239	0.00011459	0.13019	supercritical
421.0	1353.2	973.16	0.0010276	321.74	460.8	1.3579	0.94038	1.4868	923.19	-0.023965	0.00011477	0.13035	supercritical
421.0	1356.5	973.76	0.0010269	321.61	460.91	1.3574	0.94053	1.4866	924.27	-0.02403	0.00011494	0.13051	supercritical
421.0	1359.8	974.36	0.0010263	321.47	461.03	1.3568	0.94068	1.4863	925.36	-0.024094	0.00011511	0.13067	supercritical
421.0	1363.0	974.96	0.0010257	321.34	461.14	1.3563	0.94083	1.4861	926.44	-0.024158	0.00011529	0.13083	supercritical
421.0	1366.2	975.55	0.0010251	321.21	461.26	1.3558	0.94098	1.4859	927.52	-0.024222	0.00011546	0.13099	supercritical
421.0	1369.5	976.15	0.0010244	321.08	461.38	1.3553	0.94113	1.4856	928.59	-0.024285	0.00011564	0.13115	supercritical
421.0	1372.8	976.74	0.0010238	320.95	461.5	1.3548	0.94128	1.4854	929.67	-0.024348	0.00011581	0.13131	supercritical
421.0	1376.0	977.34	0.0010232	320.82	461.61	1.3543	0.94143	1.4852	930.74	-0.02441	0.00011599	0.13147	supercritical
421.0	1379.2	977.93	0.0010226	320.69	461.73	1.3538	0.94158	1.485	931.81	-0.024472	0.00011616	0.13163	supercritical
421.0	1382.5	978.52	0.001022	320.56	461.85	1.3533	0.94173	1.4848	932.88	-0.024534	0.00011633	0.13179	supercritical
421.0	1385.8	979.11	0.0010213	320.44	461.97	1.3528	0.94188	1.4845	933.95	-0.024595	0.00011651	0.13195	supercritical
421.0	1389.0	979.69	0.0010207	320.31	462.09	1.3523	0.94203	1.4843	935.01	-0.024656	0.00011668	0.13211	supercritical
421.0	1392.2	980.28	0.0010201	320.18	462.21	1.3517	0.94218	1.4841	936.07	-0.024717	0.00011685	0.13227	supercritical
421.0	1395.5	980.86	0.0010195	320.05	462.32	1.3512	0.94233	1.4839	937.14	-0.024777	0.00011703	0.13242	supercritical
421.0	1398.8	981.44	0.0010189	319.92	462.44	1.3507	0.94248	1.4837	938.2	-0.024837	0.0001172	0.13258	supercritical
421.0	1402.0	982.02	0.0010183	319.8	462.56	1.3502	0.94263	1.4834	939.25	-0.024897	0.00011737	0.13274	supercritical
421.0	1405.2	982.6	0.0010177	319.67	462.68	1.3497	0.94278	1.4832	940.31	-0.024956	0.00011755	0.1329	supercritical
421.0	1408.5	983.18	0.0010171	319.55	462.8	1.3492	0.94293	1.483	941.36	-0.025015	0.00011772	0.13306	supercritical
421.0	1411.8	983.76	0.0010165	319.42	462.93	1.3487	0.94308	1.4828	942.41	-0.025073	0.00011789	0.13322	supercritical
421.0	1415.0	984.33	0.0010159	319.29	463.05	1.3482	0.94323	1.4826	943.46	-0.025132	0.00011807	0.13338	supercritical
421.0	1418.2	984.9	0.0010153	319.17	463.17	1.3477	0.94338	1.4824	944.51	-0.025189	0.00011824	0.13353	supercritical
421.0	1421.5	985.48	0.0010147	319.04	463.29	1.3473	0.94353	1.4822	945.56	-0.025247	0.00011841	0.13369	supercritical
421.0	1424.8	986.05	0.0010142	318.92	463.41	1.3468	0.94368	1.482	946.6	-0.025304	0.00011858	0.13385	supercritical
421.0	1428.0	986.61	0.0010136	318.8	463.53	1.3463	0.94382	1.4818	947.65	-0.025361	0.00011876	0.13401	supercritical
421.0	1431.2	987.18	0.001013	318.67	463.66	1.3458	0.94397	1.4816	948.69	-0.025418	0.00011893	0.13416	supercritical
421.0	1434.5	987.75	0.0010124	318.55	463.78	1.3453	0.94412	1.4814	949.73	-0.025474	0.0001191	0.13432	supercritical
421.0	1437.8	988.31	0.0010118	318.43	463.9	1.3448	0.94427	1.4812	950.76	-0.02553	0.00011927	0.13448	supercritical
421.0	1441.0	988.88	0.0010112	318.3	464.02	1.3443	0.94442	1.481	951.8	-0.025586	0.00011945	0.13464	supercritical
421.0	1444.2	989.44	0.0010107	318.18	464.15	1.3438	0.94457	1.4808	952.83	-0.025641	0.00011962	0.13479	supercritical
421.0	1447.5	990.0	0.0010101	318.06	464.27	1.3433	0.94472	1.4806	953.86	-0.025696	0.00011979	0.13495	supercritical
421.0	1450.8	990.56	0.0010095	317.94	464.39	1.3428	0.94487	1.4804	954.89	-0.025751	0.00011996	0.13511	supercritical
421.0	1454.0	991.12	0.001009	317.81	464.52	1.3424	0.94502	1.4802	955.92	-0.025805	0.00012013	0.13526	supercritical
421.0	1457.2	991.67	0.0010084	317.69	464.64	1.3419	0.94517	1.48	956.95	-0.025859	0.0001203	0.13542	supercritical
421.0	1460.5	992.23	0.0010078	317.57	464.77	1.3414	0.94532	1.4798	957.97	-0.025913	0.00012048	0.13558	supercritical
421.0	1463.8	992.78	0.0010073	317.45	464.89	1.3409	0.94547	1.4796	959.0	-0.025966	0.00012065	0.13573	supercritical
421.0	1467.0	993.33	0.0010067	317.33	465.02	1.3404	0.94562	1.4794	960.02	-0.02602	0.00012082	0.13589	supercritical
421.0	1470.2	993.88	0.0010062	317.21	465.14	1.34	0.94577	1.4792	961.04	-0.026073	0.00012099	0.13605	supercritical
421.0	1473.5	994.43	0.0010056	317.09	465.27	1.3395	0.94592	1.479	962.05	-0.026125	0.00012116	0.1362	supercritical
421.0	1476.8	994.98	0.001005	316.97	465.39	1.339	0.94607	1.4788	963.07	-0.026177	0.00012133	0.13636	supercritical
421.0	1480.0	995.53	0.0010045	316.85	465.52	1.3385	0.94622	1.4786	964.09	-0.02623	0.0001215	0.13651	supercritical
421.0	1483.2	996.07	0.0010039	316.74	465.65	1.338	0.94637	1.4785	965.1	-0.026281	0.00012167	0.13667	supercritical
421.0	1486.5	996.62	0.0010034	316.62	465.77	1.3376	0.94652	1.4783	966.11	-0.026333	0.00012184	0.13682	supercritical
421.0	1489.8	997.16	0.0010028	316.5	465.9	1.3371	0.94667	1.4781	967.12	-0.026384	0.00012202	0.13698	supercritical
421.0	1493.0	997.7	0.0010023	316.38	466.03	1.3366	0.94682	1.4779	968.13	-0.026435	0.00012219	0.13714	supercritical
421.0	1496.2	998.24	0.0010018	316.26	466.15	1.3362	0.94697	1.4777	969.13	-0.026485	0.00012236	0.13729	supercritical
421.0	1499.5	998.78	0.0010012	316.15	466.28	1.3357	0.94712	1.4775	970.14	-0.026536	0.00012253	0.13745	supercritical
421.0	1502.8	999.32	0.0010007	316.03	466.41	1.3352	0.94727	1.4774	971.14	-0.026586	0.0001227	0.1376	supercritical
421.0	1506.0	999.86	0.0010001	315.91	466.53	1.3347	0.94742	1.4772	972.14	-0.026636	0.00012287	0.13776	supercritical
421.0	1509.2	1000.4	0.00099961	315.8	466.66	1.3343	0.94757	1.477	973.14	-0.026685	0.00012304	0.13791	supercritical
421.0	1512.5	1000.9	0.00099907	315.68	466.79	1.3338	0.94772	1.4768	974.14	-0.026734	0.00012321	0.13807	supercritical
421.0	1515.8	1001.5	0.00099854	315.57	466.92	1.3333	0.94787	1.4766	975.13	-0.026783	0.00012338	0.13822	supercritical
421.0	1519.0	1002.0	0.00099801	315.45	467.05	1.3329	0.94802	1.4765	976.13	-0.026832	0.00012355	0.13837	supercritical
421.0	1522.2	1002.5	0.00099748	315.34	467.18	1.3324	0.94817	1.4763	977.12	-0.026881	0.00012372	0.13853	supercritical
421.0	1525.5	1003.1	0.00099696	315.22	467.31	1.332	0.94832	1.4761	978.11	-0.026929	0.00012389	0.13868	supercritical
421.0	1528.8	1003.6	0.00099643	315.11	467.44	1.3315	0.94846	1.476	979.1	-0.026977	0.00012406	0.13884	supercritical
421.0	1532.0	1004.1	0.00099591	314.99	467.56	1.331	0.94861	1.4758	980.09	-0.027025	0.00012423	0.13899	supercritical
421.0	1535.2	1004.6	0.00099539	314.88	467.69	1.3306	0.94876	1.4756	981.07	-0.027072	0.0001244	0.13914	supercritical
421.0	1538.5	1005.2	0.00099487	314.76	467.82	1.3301	0.94891	1.4754	982.06	-0.027119	0.00012457	0.1393	supercritical
421.0	1541.8	1005.7	0.00099435	314.65	467.95	1.3296	0.94906	1.4753	983.04	-0.027166	0.00012474	0.13945	supercritical
421.0	1545.0	1006.2	0.00099383	314.54	468.08	1.3292	0.94921	1.4751	984.02	-0.027213	0.00012491	0.13961	supercritical
421.0	1548.2	1006.7	0.00099332	314.42	468.22	1.3287	0.94936	1.4749	985.0	-0.027259	0.00012507	0.13976	supercritical
421.0	1551.5	1007.2	0.00099281	314.31	468.35	1.3283	0.94951	1.4748	985.98	-0.027306	0.00012524	0.13991	supercritical
421.0	1554.8	1007.8	0.0009923	314.2	468.48	1.3278	0.94966	1.4746	986.96	-0.027352	0.00012541	0.14007	supercritical
421.0	1558.0	1008.3	0.00099179	314.09	468.61	1.3274	0.94981	1.4744	987.93	-0.027397	0.00012558	0.14022	supercritical
421.0	1561.2	1008.8	0.00099128	313.98	468.74	1.3269	0.94996	1.4743	988.9	-0.027443	0.00012575	0.14037	supercritical
421.0	1564.5	1009.3	0.00099077	313.87	468.87	1.3265	0.95011	1.4741	989.88	-0.027488	0.00012592	0.14053	supercritical
421.0	1567.8	1009.8	0.00099027	313.75	469.0	1.326	0.95026	1.4739	990.85	-0.027533	0.00012609	0.14068	supercritical
421.0	1571.0	1010.3	0.00098977	313.64	469.14	1.3256	0.95041	1.4738	991.81	-0.027578	0.00012626	0.14083	supercritical
421.0	1574.2	1010.9	0.00098926	313.53	469.27	1.3251	0.95056	1.4736	992.78	-0.027622	0.00012643	0.14098	supercritical
421.0	1577.5	1011.4	0.00098877	313.42	469.4	1.3247	0.95071	1.4735	993.75	-0.027667	0.0001266	0.14114	supercritical
421.0	1580.8	1011.9	0.00098827	313.31	469.53	1.3242	0.95085	1.4733	994.71	-0.027711	0.00012676	0.14129	supercritical
421.0	1584.0	1012.4	0.00098777	313.2	469.67	1.3238	0.951	1.4731	995.67	-0.027755	0.00012693	0.14144	supercritical
421.0	1587.2	1012.9	0.00098728	313.09	469.8	1.3233	0.95115	1.473	996.64	-0.027798	0.0001271	0.14159	supercritical
421.0	1590.5	1013.4	0.00098678	312.98	469.93	1.3229	0.9513	1.4728	997.6	-0.027842	0.00012727	0.14175	supercritical
421.0	1593.8	1013.9	0.00098629	312.87	470.06	1.3224	0.95145	1.4727	998.55	-0.027885	0.00012744	0.1419	supercritical
421.0	1597.0	1014.4	0.0009858	312.77	470.2	1.322	0.9516	1.4725	999.51	-0.027928	0.00012761	0.14205	supercritical
421.0	1600.2	1014.9	0.00098531	312.66	470.33	1.3215	0.95175	1.4724	1000.5	-0.027971	0.00012777	0.1422	supercritical
421.0	1603.5	1015.4	0.00098483	312.55	470.47	1.3211	0.9519	1.4722	1001.4	-0.028013	0.00012794	0.14235	supercritical
421.0	1606.8	1015.9	0.00098434	312.44	470.6	1.3207	0.95205	1.4721	1002.4	-0.028056	0.00012811	0.14251	supercritical
421.0	1610.0	1016.4	0.00098386	312.33	470.73	1.3202	0.9522	1.4719	1003.3	-0.028098	0.00012828	0.14266	supercritical
421.0	1613.2	1016.9	0.00098337	312.23	470.87	1.3198	0.95235	1.4718	1004.3	-0.02814	0.00012845	0.14281	supercritical
421.0	1616.5	1017.4	0.00098289	312.12	471.0	1.3193	0.95249	1.4716	1005.2	-0.028181	0.00012861	0.14296	supercritical
421.0	1619.8	1017.9	0.00098241	312.01	471.14	1.3189	0.95264	1.4715	1006.2	-0.028223	0.00012878	0.14311	supercritical
421.0	1623.0	1018.4	0.00098194	311.91	471.27	1.3185	0.95279	1.4713	1007.1	-0.028264	0.00012895	0.14326	supercritical
421.0	1626.2	1018.9	0.00098146	311.8	471.41	1.318	0.95294	1.4712	1008.1	-0.028305	0.00012912	0.14341	supercritical
421.0	1629.5	1019.4	0.00098099	311.69	471.54	1.3176	0.95309	1.471	1009.0	-0.028346	0.00012928	0.14357	supercritical
421.0	1632.8	1019.9	0.00098051	311.59	471.68	1.3172	0.95324	1.4709	1009.9	-0.028387	0.00012945	0.14372	supercritical
421.0	1636.0	1020.4	0.00098004	311.48	471.82	1.3167	0.95339	1.4707	1010.9	-0.028427	0.00012962	0.14387	supercritical
421.0	1639.2	1020.9	0.00097957	311.38	471.95	1.3163	0.95354	1.4706	1011.8	-0.028467	0.00012979	0.14402	supercritical
421.0	1642.5	1021.3	0.0009791	311.27	472.09	1.3159	0.95369	1.4704	1012.7	-0.028507	0.00012995	0.14417	supercritical
421.0	1645.8	1021.8	0.00097863	311.17	472.22	1.3154	0.95383	1.4703	1013.7	-0.028547	0.00013012	0.14432	supercritical
421.0	1649.0	1022.3	0.00097817	311.06	472.36	1.315	0.95398	1.4701	1014.6	-0.028587	0.00013029	0.14447	supercritical
421.0	1652.2	1022.8	0.0009777	310.96	472.5	1.3146	0.95413	1.47	1015.5	-0.028626	0.00013046	0.14462	supercritical
421.0	1655.5	1023.3	0.00097724	310.85	472.63	1.3141	0.95428	1.4699	1016.5	-0.028666	0.00013062	0.14477	supercritical
421.0	1658.8	1023.8	0.00097678	310.75	472.77	1.3137	0.95443	1.4697	1017.4	-0.028705	0.00013079	0.14492	supercritical
421.0	1662.0	1024.3	0.00097632	310.64	472.91	1.3133	0.95458	1.4696	1018.3	-0.028743	0.00013096	0.14507	supercritical
421.0	1665.2	1024.7	0.00097586	310.54	473.05	1.3128	0.95473	1.4694	1019.3	-0.028782	0.00013112	0.14522	supercritical
421.0	1668.5	1025.2	0.0009754	310.44	473.18	1.3124	0.95487	1.4693	1020.2	-0.028821	0.00013129	0.14537	supercritical
421.0	1671.8	1025.7	0.00097494	310.33	473.32	1.312	0.95502	1.4692	1021.1	-0.028859	0.00013146	0.14552	supercritical
421.0	1675.0	1026.2	0.00097449	310.23	473.46	1.3116	0.95517	1.469	1022.0	-0.028897	0.00013162	0.14567	supercritical
421.0	1678.2	1026.7	0.00097403	310.13	473.6	1.3111	0.95532	1.4689	1023.0	-0.028935	0.00013179	0.14582	supercritical
421.0	1681.5	1027.1	0.00097358	310.03	473.74	1.3107	0.95547	1.4688	1023.9	-0.028973	0.00013196	0.14597	supercritical
421.0	1684.8	1027.6	0.00097313	309.93	473.87	1.3103	0.95562	1.4686	1024.8	-0.02901	0.00013212	0.14612	supercritical
421.0	1688.0	1028.1	0.00097268	309.82	474.01	1.3099	0.95577	1.4685	1025.7	-0.029048	0.00013229	0.14627	supercritical
421.0	1691.2	1028.6	0.00097223	309.72	474.15	1.3095	0.95591	1.4684	1026.6	-0.029085	0.00013246	0.14642	supercritical
421.0	1694.5	1029.0	0.00097178	309.62	474.29	1.309	0.95606	1.4682	1027.5	-0.029122	0.00013262	0.14657	supercritical
421.0	1697.8	1029.5	0.00097134	309.52	474.43	1.3086	0.95621	1.4681	1028.4	-0.029159	0.00013279	0.14672	supercritical
421.0	1701.0	1030.0	0.00097089	309.42	474.57	1.3082	0.95636	1.468	1029.4	-0.029195	0.00013296	0.14687	supercritical
421.0	1704.2	1030.4	0.00097045	309.32	474.71	1.3078	0.95651	1.4678	1030.3	-0.029232	0.00013312	0.14702	supercritical
421.0	1707.5	1030.9	0.00097001	309.22	474.85	1.3074	0.95666	1.4677	1031.2	-0.029268	0.00013329	0.14716	supercritical
421.0	1710.8	1031.4	0.00096957	309.12	474.99	1.3069	0.9568	1.4676	1032.1	-0.029304	0.00013345	0.14731	supercritical
421.0	1714.0	1031.9	0.00096913	309.02	475.13	1.3065	0.95695	1.4674	1033.0	-0.02934	0.00013362	0.14746	supercritical
421.0	1717.2	1032.3	0.00096869	308.92	475.27	1.3061	0.9571	1.4673	1033.9	-0.029376	0.00013379	0.14761	supercritical
421.0	1720.5	1032.8	0.00096826	308.82	475.41	1.3057	0.95725	1.4672	1034.8	-0.029411	0.00013395	0.14776	supercritical
421.0	1723.8	1033.3	0.00096782	308.72	475.55	1.3053	0.9574	1.4671	1035.7	-0.029447	0.00013412	0.14791	supercritical
421.0	1727.0	1033.7	0.00096739	308.62	475.69	1.3049	0.95754	1.4669	1036.6	-0.029482	0.00013428	0.14806	supercritical
421.0	1730.2	1034.2	0.00096695	308.52	475.83	1.3045	0.95769	1.4668	1037.5	-0.029517	0.00013445	0.14821	supercritical
421.0	1733.5	1034.6	0.00096652	308.42	475.97	1.304	0.95784	1.4667	1038.4	-0.029552	0.00013461	0.14835	supercritical
421.0	1736.8	1035.1	0.00096609	308.32	476.11	1.3036	0.95799	1.4666	1039.3	-0.029587	0.00013478	0.1485	supercritical
421.0	1740.0	1035.6	0.00096566	308.23	476.25	1.3032	0.95814	1.4664	1040.2	-0.029621	0.00013495	0.14865	supercritical
421.0	1743.2	1036.0	0.00096523	308.13	476.39	1.3028	0.95828	1.4663	1041.1	-0.029656	0.00013511	0.1488	supercritical
421.0	1746.5	1036.5	0.00096481	308.03	476.53	1.3024	0.95843	1.4662	1042.0	-0.02969	0.00013528	0.14895	supercritical
421.0	1749.8	1036.9	0.00096438	307.93	476.67	1.302	0.95858	1.4661	1042.9	-0.029724	0.00013544	0.14909	supercritical
421.0	1753.0	1037.4	0.00096396	307.84	476.82	1.3016	0.95873	1.4659	1043.8	-0.029758	0.00013561	0.14924	supercritical
421.0	1756.2	1037.8	0.00096353	307.74	476.96	1.3012	0.95888	1.4658	1044.6	-0.029792	0.00013577	0.14939	supercritical
421.0	1759.5	1038.3	0.00096311	307.64	477.1	1.3008	0.95902	1.4657	1045.5	-0.029826	0.00013594	0.14954	supercritical
421.0	1762.8	1038.8	0.00096269	307.54	477.24	1.3004	0.95917	1.4656	1046.4	-0.029859	0.0001361	0.14968	supercritical
421.0	1766.0	1039.2	0.00096227	307.45	477.38	1.3	0.95932	1.4655	1047.3	-0.029892	0.00013627	0.14983	supercritical
421.0	1769.2	1039.7	0.00096185	307.35	477.53	1.2996	0.95947	1.4653	1048.2	-0.029925	0.00013643	0.14998	supercritical
421.0	1772.5	1040.1	0.00096143	307.26	477.67	1.2992	0.95961	1.4652	1049.1	-0.029958	0.0001366	0.15013	supercritical
421.0	1775.8	1040.6	0.00096102	307.16	477.81	1.2988	0.95976	1.4651	1050.0	-0.029991	0.00013676	0.15027	supercritical
421.0	1779.0	1041.0	0.0009606	307.06	477.96	1.2984	0.95991	1.465	1050.8	-0.030024	0.00013693	0.15042	supercritical
421.0	1782.2	1041.5	0.00096019	306.97	478.1	1.298	0.96006	1.4649	1051.7	-0.030057	0.00013709	0.15057	supercritical
421.0	1785.5	1041.9	0.00095978	306.87	478.24	1.2976	0.96021	1.4648	1052.6	-0.030089	0.00013726	0.15072	supercritical
421.0	1788.8	1042.4	0.00095936	306.78	478.38	1.2972	0.96035	1.4646	1053.5	-0.030121	0.00013742	0.15086	supercritical
421.0	1792.0	1042.8	0.00095895	306.68	478.53	1.2968	0.9605	1.4645	1054.3	-0.030153	0.00013759	0.15101	supercritical
421.0	1795.2	1043.2	0.00095854	306.59	478.67	1.2964	0.96065	1.4644	1055.2	-0.030185	0.00013775	0.15116	supercritical
421.0	1798.5	1043.7	0.00095814	306.49	478.82	1.296	0.96079	1.4643	1056.1	-0.030217	0.00013792	0.1513	supercritical
421.0	1801.8	1044.1	0.00095773	306.4	478.96	1.2956	0.96094	1.4642	1057.0	-0.030249	0.00013808	0.15145	supercritical
421.0	1805.0	1044.6	0.00095732	306.31	479.1	1.2952	0.96109	1.4641	1057.8	-0.03028	0.00013825	0.1516	supercritical
421.0	1808.2	1045.0	0.00095692	306.21	479.25	1.2948	0.96124	1.464	1058.7	-0.030312	0.00013841	0.15174	supercritical
421.0	1811.5	1045.5	0.00095651	306.12	479.39	1.2944	0.96138	1.4639	1059.6	-0.030343	0.00013858	0.15189	supercritical
421.0	1814.8	1045.9	0.00095611	306.03	479.54	1.294	0.96153	1.4637	1060.4	-0.030374	0.00013874	0.15204	supercritical
421.0	1818.0	1046.3	0.00095571	305.93	479.68	1.2936	0.96168	1.4636	1061.3	-0.030405	0.00013891	0.15218	supercritical
421.0	1821.2	1046.8	0.00095531	305.84	479.83	1.2932	0.96183	1.4635	1062.2	-0.030436	0.00013907	0.15233	supercritical
421.0	1824.5	1047.2	0.00095491	305.75	479.97	1.2928	0.96197	1.4634	1063.0	-0.030466	0.00013924	0.15247	supercritical
421.0	1827.8	1047.7	0.00095451	305.65	480.12	1.2924	0.96212	1.4633	1063.9	-0.030497	0.0001394	0.15262	supercritical
421.0	1831.0	1048.1	0.00095411	305.56	480.26	1.292	0.96227	1.4632	1064.8	-0.030527	0.00013956	0.15277	supercritical
421.0	1834.2	1048.5	0.00095372	305.47	480.41	1.2916	0.96241	1.4631	1065.6	-0.030557	0.00013973	0.15291	supercritical
421.0	1837.5	1049.0	0.00095332	305.38	480.55	1.2912	0.96256	1.463	1066.5	-0.030587	0.00013989	0.15306	supercritical
421.0	1840.8	1049.4	0.00095293	305.29	480.7	1.2908	0.96271	1.4629	1067.3	-0.030617	0.00014006	0.1532	supercritical
421.0	1844.0	1049.8	0.00095254	305.19	480.84	1.2904	0.96285	1.4628	1068.2	-0.030647	0.00014022	0.15335	supercritical
421.0	1847.2	1050.3	0.00095214	305.1	480.99	1.2901	0.963	1.4627	1069.0	-0.030677	0.00014039	0.1535	supercritical
421.0	1850.5	1050.7	0.00095175	305.01	481.13	1.2897	0.96315	1.4626	1069.9	-0.030706	0.00014055	0.15364	supercritical
421.0	1853.8	1051.1	0.00095136	304.92	481.28	1.2893	0.9633	1.4625	1070.7	-0.030736	0.00014071	0.15379	supercritical
421.0	1857.0	1051.6	0.00095097	304.83	481.43	1.2889	0.96344	1.4624	1071.6	-0.030765	0.00014088	0.15393	supercritical
421.0	1860.2	1052.0	0.00095058	304.74	481.57	1.2885	0.96359	1.4623	1072.4	-0.030794	0.00014104	0.15408	supercritical
421.0	1863.5	1052.4	0.0009502	304.65	481.72	1.2881	0.96374	1.4622	1073.3	-0.030823	0.00014121	0.15422	supercritical
421.0	1866.8	1052.8	0.00094981	304.56	481.87	1.2877	0.96388	1.4621	1074.1	-0.030852	0.00014137	0.15437	supercritical
421.0	1870.0	1053.3	0.00094943	304.47	482.01	1.2873	0.96403	1.4619	1075.0	-0.030881	0.00014153	0.15451	supercritical
421.0	1873.2	1053.7	0.00094904	304.38	482.16	1.287	0.96418	1.4618	1075.8	-0.03091	0.0001417	0.15466	supercritical
421.0	1876.5	1054.1	0.00094866	304.29	482.31	1.2866	0.96432	1.4617	1076.7	-0.030938	0.00014186	0.1548	supercritical
421.0	1879.8	1054.5	0.00094828	304.2	482.45	1.2862	0.96447	1.4616	1077.5	-0.030966	0.00014202	0.15495	supercritical
421.0	1883.0	1055.0	0.0009479	304.11	482.6	1.2858	0.96461	1.4615	1078.4	-0.030995	0.00014219	0.15509	supercritical
421.0	1886.2	1055.4	0.00094752	304.02	482.75	1.2854	0.96476	1.4614	1079.2	-0.031023	0.00014235	0.15524	supercritical
421.0	1889.5	1055.8	0.00094714	303.93	482.89	1.2851	0.96491	1.4613	1080.1	-0.031051	0.00014252	0.15538	supercritical
421.0	1892.8	1056.2	0.00094676	303.84	483.04	1.2847	0.96505	1.4613	1080.9	-0.031079	0.00014268	0.15553	supercritical
421.0	1896.0	1056.7	0.00094638	303.76	483.19	1.2843	0.9652	1.4612	1081.7	-0.031107	0.00014284	0.15567	supercritical
421.0	1899.2	1057.1	0.00094601	303.67	483.34	1.2839	0.96535	1.4611	1082.6	-0.031134	0.00014301	0.15582	supercritical
421.0	1902.5	1057.5	0.00094563	303.58	483.49	1.2835	0.96549	1.461	1083.4	-0.031162	0.00014317	0.15596	supercritical
421.0	1905.8	1057.9	0.00094526	303.49	483.63	1.2832	0.96564	1.4609	1084.2	-0.031189	0.00014333	0.15611	supercritical
421.0	1909.0	1058.3	0.00094488	303.4	483.78	1.2828	0.96579	1.4608	1085.1	-0.031216	0.0001435	0.15625	supercritical
421.0	1912.2	1058.7	0.00094451	303.32	483.93	1.2824	0.96593	1.4607	1085.9	-0.031243	0.00014366	0.15639	supercritical
421.0	1915.5	1059.2	0.00094414	303.23	484.08	1.282	0.96608	1.4606	1086.7	-0.031271	0.00014382	0.15654	supercritical
421.0	1918.8	1059.6	0.00094377	303.14	484.23	1.2816	0.96622	1.4605	1087.6	-0.031297	0.00014399	0.15668	supercritical
421.0	1922.0	1060.0	0.0009434	303.05	484.38	1.2813	0.96637	1.4604	1088.4	-0.031324	0.00014415	0.15683	supercritical
421.0	1925.2	1060.4	0.00094303	302.97	484.52	1.2809	0.96652	1.4603	1089.2	-0.031351	0.00014431	0.15697	supercritical
421.0	1928.5	1060.8	0.00094266	302.88	484.67	1.2805	0.96666	1.4602	1090.0	-0.031377	0.00014448	0.15712	supercritical
421.0	1931.8	1061.2	0.0009423	302.79	484.82	1.2801	0.96681	1.4601	1090.9	-0.031404	0.00014464	0.15726	supercritical
421.0	1935.0	1061.6	0.00094193	302.71	484.97	1.2798	0.96695	1.46	1091.7	-0.03143	0.0001448	0.1574	supercritical
421.0	1938.2	1062.1	0.00094157	302.62	485.12	1.2794	0.9671	1.4599	1092.5	-0.031456	0.00014497	0.15755	supercritical
421.0	1941.5	1062.5	0.0009412	302.53	485.27	1.279	0.96724	1.4598	1093.3	-0.031483	0.00014513	0.15769	supercritical
421.0	1944.8	1062.9	0.00094084	302.45	485.42	1.2787	0.96739	1.4597	1094.2	-0.031509	0.00014529	0.15783	supercritical
421.0	1948.0	1063.3	0.00094048	302.36	485.57	1.2783	0.96754	1.4597	1095.0	-0.031534	0.00014545	0.15798	supercritical
421.0	1951.2	1063.7	0.00094012	302.28	485.72	1.2779	0.96768	1.4596	1095.8	-0.03156	0.00014562	0.15812	supercritical
421.0	1954.5	1064.1	0.00093976	302.19	485.87	1.2775	0.96783	1.4595	1096.6	-0.031586	0.00014578	0.15826	supercritical
421.0	1957.8	1064.5	0.0009394	302.11	486.02	1.2772	0.96797	1.4594	1097.4	-0.031611	0.00014594	0.15841	supercritical
421.0	1961.0	1064.9	0.00093904	302.02	486.17	1.2768	0.96812	1.4593	1098.3	-0.031637	0.00014611	0.15855	supercritical
421.0	1964.2	1065.3	0.00093868	301.94	486.32	1.2764	0.96826	1.4592	1099.1	-0.031662	0.00014627	0.15869	supercritical
421.0	1967.5	1065.7	0.00093832	301.85	486.47	1.2761	0.96841	1.4591	1099.9	-0.031687	0.00014643	0.15884	supercritical
421.0	1970.8	1066.1	0.00093797	301.77	486.62	1.2757	0.96855	1.459	1100.7	-0.031713	0.00014659	0.15898	supercritical
421.0	1974.0	1066.5	0.00093761	301.68	486.77	1.2753	0.9687	1.459	1101.5	-0.031738	0.00014676	0.15912	supercritical
421.0	1977.2	1066.9	0.00093726	301.6	486.92	1.275	0.96885	1.4589	1102.3	-0.031762	0.00014692	0.15927	supercritical
421.0	1980.5	1067.3	0.00093691	301.52	487.07	1.2746	0.96899	1.4588	1103.1	-0.031787	0.00014708	0.15941	supercritical
421.0	1983.8	1067.7	0.00093655	301.43	487.22	1.2742	0.96914	1.4587	1103.9	-0.031812	0.00014724	0.15955	supercritical
421.0	1987.0	1068.1	0.0009362	301.35	487.37	1.2739	0.96928	1.4586	1104.8	-0.031836	0.00014741	0.1597	supercritical
421.0	1990.2	1068.5	0.00093585	301.27	487.52	1.2735	0.96943	1.4585	1105.6	-0.031861	0.00014757	0.15984	supercritical
421.0	1993.5	1068.9	0.0009355	301.18	487.67	1.2732	0.96957	1.4584	1106.4	-0.031885	0.00014773	0.15998	supercritical
421.0	1996.8	1069.3	0.00093515	301.1	487.83	1.2728	0.96972	1.4584	1107.2	-0.03191	0.00014789	0.16012	supercritical
421.0	2000.0	1069.7	0.0009348	301.02	487.98	1.2724	0.96986	1.4583	1108.0	-0.031934	0.00014806	0.16027	supercritical
