Temperature (K)	Pressure (bar)	Density (kg/m3)	Volume (m3/kg)	Internal Energy (kJ/kg)	Enthalpy (kJ/kg)	Entropy (J/g*K)	Cv (J/g*K)	Cp (J/g*K)	Sound Spd. (m/s)	Joule-Thomson (K/bar)	Viscosity (Pa*s)	Therm. Cond. (W/m*K)	Phase
510.0	56.5	60.768	0.016456	595.52	688.5	2.4523	0.84773	1.0954	341.03	0.27738	2.5201e-05	0.035886	vapor
510.0	59.75	64.385	0.015532	594.71	687.51	2.4402	0.84864	1.1	340.99	0.27596	2.5262e-05	0.036022	vapor
510.0	63.0	68.014	0.014703	593.9	686.52	2.4286	0.84954	1.1046	340.96	0.27452	2.5325e-05	0.03616	vapor
510.0	66.25	71.655	0.013956	593.08	685.54	2.4176	0.85044	1.1093	340.94	0.27306	2.5388e-05	0.036298	vapor
510.0	69.5	75.307	0.013279	592.27	684.55	2.407	0.85133	1.1139	340.94	0.27159	2.5453e-05	0.036438	vapor
510.0	72.75	78.972	0.012663	591.45	683.57	2.3968	0.85223	1.1186	340.95	0.27009	2.5519e-05	0.03658	vapor
510.0	76.0	82.647	0.0121	590.63	682.59	2.387	0.85312	1.1234	340.98	0.26858	2.5586e-05	0.036722	vapor
510.0	76.0	82.647	0.0121	590.63	682.59	2.387	0.85312	1.1234	340.98	0.26858	2.5586e-05	0.036722	supercritical
510.0	76.0	82.647	0.0121	590.63	682.59	2.387	0.85312	1.1234	340.98	0.26858	2.5586e-05	0.036722	supercritical
510.0	79.25	86.333	0.011583	589.81	681.61	2.3775	0.85401	1.1281	341.02	0.26705	2.5655e-05	0.036867	supercritical
510.0	82.5	90.03	0.011107	589.0	680.63	2.3684	0.85489	1.1329	341.08	0.2655	2.5725e-05	0.037012	supercritical
510.0	85.75	93.737	0.010668	588.18	679.66	2.3595	0.85578	1.1377	341.15	0.26393	2.5797e-05	0.03716	supercritical
510.0	89.0	97.455	0.010261	587.36	678.68	2.3509	0.85666	1.1425	341.23	0.26235	2.587e-05	0.037308	supercritical
510.0	92.25	101.18	0.0098832	586.53	677.71	2.3426	0.85753	1.1473	341.33	0.26074	2.5944e-05	0.037459	supercritical
510.0	95.5	104.92	0.0095312	585.71	676.74	2.3345	0.8584	1.1521	341.45	0.25912	2.602e-05	0.037611	supercritical
510.0	98.75	108.66	0.0092026	584.89	675.77	2.3267	0.85927	1.157	341.58	0.25748	2.6098e-05	0.037765	supercritical
510.0	102.0	112.42	0.0088952	584.07	674.8	2.319	0.86013	1.1618	341.72	0.25582	2.6176e-05	0.037921	supercritical
510.0	105.25	116.18	0.0086071	583.25	673.84	2.3115	0.86099	1.1667	341.89	0.25414	2.6257e-05	0.038078	supercritical
510.0	108.5	119.96	0.0083364	582.42	672.87	2.3042	0.86184	1.1716	342.07	0.25245	2.6339e-05	0.038237	supercritical
510.0	111.75	123.74	0.0080818	581.6	671.91	2.2971	0.86269	1.1765	342.26	0.25073	2.6422e-05	0.038398	supercritical
510.0	115.0	127.52	0.0078418	580.78	670.96	2.2902	0.86353	1.1814	342.47	0.249	2.6507e-05	0.038561	supercritical
510.0	118.25	131.32	0.0076152	579.95	670.0	2.2834	0.86437	1.1863	342.7	0.24726	2.6594e-05	0.038726	supercritical
510.0	121.5	135.12	0.0074009	579.13	669.05	2.2767	0.8652	1.1912	342.95	0.24549	2.6682e-05	0.038893	supercritical
510.0	124.75	138.93	0.0071981	578.3	668.1	2.2702	0.86603	1.1961	343.21	0.24371	2.6771e-05	0.039061	supercritical
510.0	128.0	142.74	0.0070058	577.48	667.15	2.2638	0.86685	1.201	343.49	0.24192	2.6863e-05	0.039232	supercritical
510.0	131.25	146.56	0.0068232	576.66	666.21	2.2576	0.86767	1.206	343.79	0.24011	2.6956e-05	0.039405	supercritical
510.0	134.5	150.38	0.0066497	575.83	665.27	2.2515	0.86848	1.2109	344.1	0.23828	2.705e-05	0.039579	supercritical
510.0	137.75	154.21	0.0064846	575.01	664.34	2.2454	0.86928	1.2158	344.44	0.23644	2.7147e-05	0.039756	supercritical
510.0	141.0	158.05	0.0063273	574.19	663.4	2.2395	0.87008	1.2206	344.79	0.23458	2.7245e-05	0.039934	supercritical
510.0	144.25	161.88	0.0061773	573.37	662.47	2.2337	0.87087	1.2255	345.16	0.23271	2.7344e-05	0.040115	supercritical
510.0	147.5	165.72	0.0060341	572.55	661.55	2.228	0.87166	1.2304	345.54	0.23083	2.7446e-05	0.040298	supercritical
510.0	150.75	169.57	0.0058974	571.73	660.63	2.2224	0.87244	1.2352	345.95	0.22893	2.7549e-05	0.040482	supercritical
510.0	154.0	173.41	0.0057666	570.91	659.71	2.2169	0.87321	1.2401	346.37	0.22702	2.7653e-05	0.040669	supercritical
510.0	157.25	177.26	0.0056414	570.09	658.8	2.2115	0.87397	1.2449	346.82	0.22511	2.776e-05	0.040858	supercritical
510.0	160.5	181.11	0.0055215	569.27	657.89	2.2061	0.87473	1.2497	347.28	0.22318	2.7868e-05	0.041049	supercritical
510.0	163.75	184.96	0.0054065	568.45	656.99	2.2009	0.87548	1.2545	347.76	0.22124	2.7978e-05	0.041241	supercritical
510.0	167.0	188.81	0.0052963	567.64	656.09	2.1957	0.87622	1.2592	348.26	0.21929	2.8089e-05	0.041436	supercritical
510.0	170.25	192.66	0.0051904	566.82	655.19	2.1906	0.87696	1.264	348.78	0.21733	2.8203e-05	0.041633	supercritical
510.0	173.5	196.51	0.0050887	566.01	654.3	2.1856	0.87769	1.2687	349.32	0.21536	2.8318e-05	0.041832	supercritical
510.0	176.75	200.36	0.004991	565.2	653.42	2.1806	0.87841	1.2734	349.87	0.21339	2.8434e-05	0.042032	supercritical
510.0	180.0	204.21	0.0048969	564.39	652.53	2.1758	0.87913	1.278	350.45	0.2114	2.8553e-05	0.042235	supercritical
510.0	183.25	208.06	0.0048064	563.58	651.66	2.171	0.87983	1.2826	351.04	0.20942	2.8673e-05	0.04244	supercritical
510.0	186.5	211.9	0.0047192	562.78	650.79	2.1662	0.88053	1.2872	351.66	0.20743	2.8795e-05	0.042646	supercritical
510.0	189.75	215.74	0.0046352	561.97	649.92	2.1615	0.88122	1.2917	352.29	0.20543	2.8919e-05	0.042854	supercritical
510.0	193.0	219.58	0.0045542	561.17	649.06	2.1569	0.88191	1.2962	352.95	0.20343	2.9044e-05	0.043065	supercritical
510.0	196.25	223.41	0.0044761	560.37	648.21	2.1524	0.88258	1.3007	353.62	0.20142	2.9171e-05	0.043277	supercritical
510.0	199.5	227.24	0.0044007	559.57	647.36	2.1479	0.88325	1.3051	354.31	0.19942	2.93e-05	0.043491	supercritical
510.0	202.75	231.06	0.0043279	558.77	646.52	2.1434	0.88391	1.3095	355.02	0.19741	2.943e-05	0.043706	supercritical
510.0	206.0	234.88	0.0042576	557.98	645.68	2.1391	0.88457	1.3139	355.75	0.1954	2.9562e-05	0.043923	supercritical
510.0	209.25	238.69	0.0041896	557.18	644.85	2.1347	0.88521	1.3182	356.5	0.19339	2.9696e-05	0.044142	supercritical
510.0	212.5	242.49	0.0041238	556.39	644.02	2.1305	0.88585	1.3224	357.27	0.19138	2.9832e-05	0.044363	supercritical
510.0	215.75	246.29	0.0040603	555.6	643.2	2.1263	0.88648	1.3266	358.06	0.18937	2.9969e-05	0.044585	supercritical
510.0	219.0	250.08	0.0039987	554.82	642.39	2.1221	0.8871	1.3308	358.86	0.18736	3.0108e-05	0.044809	supercritical
510.0	222.25	253.86	0.0039392	554.04	641.58	2.118	0.88771	1.3349	359.69	0.18536	3.0248e-05	0.045034	supercritical
510.0	225.5	257.63	0.0038815	553.26	640.78	2.1139	0.88832	1.339	360.53	0.18336	3.039e-05	0.045261	supercritical
510.0	228.75	261.4	0.0038256	552.48	639.99	2.1099	0.88891	1.343	361.39	0.18136	3.0534e-05	0.04549	supercritical
510.0	232.0	265.15	0.0037714	551.7	639.2	2.1059	0.8895	1.3469	362.27	0.17937	3.0679e-05	0.045719	supercritical
510.0	235.25	268.9	0.0037189	550.93	638.42	2.102	0.89008	1.3508	363.17	0.17738	3.0826e-05	0.04595	supercritical
510.0	238.5	272.63	0.0036679	550.16	637.64	2.0982	0.89066	1.3547	364.08	0.1754	3.0974e-05	0.046183	supercritical
510.0	241.75	276.36	0.0036185	549.4	636.87	2.0943	0.89122	1.3584	365.02	0.17342	3.1124e-05	0.046416	supercritical
510.0	245.0	280.07	0.0035706	548.63	636.11	2.0905	0.89178	1.3622	365.97	0.17146	3.1275e-05	0.046651	supercritical
510.0	248.25	283.77	0.003524	547.87	635.35	2.0868	0.89233	1.3659	366.93	0.1695	3.1428e-05	0.046887	supercritical
510.0	251.5	287.46	0.0034788	547.11	634.61	2.0831	0.89287	1.3695	367.92	0.16754	3.1583e-05	0.047124	supercritical
510.0	254.75	291.13	0.0034348	546.36	633.86	2.0794	0.89341	1.373	368.92	0.1656	3.1738e-05	0.047362	supercritical
510.0	258.0	294.8	0.0033922	545.61	633.13	2.0758	0.89393	1.3765	369.94	0.16366	3.1896e-05	0.047602	supercritical
510.0	261.25	298.45	0.0033507	544.86	632.4	2.0722	0.89445	1.38	370.98	0.16174	3.2054e-05	0.047842	supercritical
510.0	264.5	302.08	0.0033103	544.12	631.68	2.0687	0.89497	1.3834	372.03	0.15983	3.2214e-05	0.048083	supercritical
510.0	267.75	305.71	0.0032711	543.38	630.96	2.0652	0.89547	1.3867	373.09	0.15792	3.2376e-05	0.048325	supercritical
510.0	271.0	309.32	0.0032329	542.64	630.25	2.0617	0.89597	1.39	374.18	0.15603	3.2538e-05	0.048568	supercritical
510.0	274.25	312.91	0.0031958	541.91	629.55	2.0583	0.89646	1.3932	375.27	0.15415	3.2702e-05	0.048811	supercritical
510.0	277.5	316.49	0.0031597	541.18	628.86	2.0549	0.89694	1.3963	376.39	0.15228	3.2868e-05	0.049055	supercritical
510.0	280.75	320.05	0.0031245	540.45	628.17	2.0516	0.89742	1.3994	377.51	0.15042	3.3034e-05	0.0493	supercritical
510.0	284.0	323.6	0.0030902	539.73	627.49	2.0483	0.89788	1.4025	378.66	0.14858	3.3202e-05	0.049546	supercritical
510.0	287.25	327.13	0.0030569	539.01	626.82	2.045	0.89835	1.4054	379.81	0.14675	3.3371e-05	0.049792	supercritical
510.0	290.5	330.65	0.0030244	538.29	626.15	2.0417	0.8988	1.4083	380.98	0.14493	3.3541e-05	0.050039	supercritical
510.0	293.75	334.15	0.0029927	537.58	625.49	2.0385	0.89925	1.4112	382.17	0.14313	3.3713e-05	0.050286	supercritical
510.0	297.0	337.63	0.0029618	536.87	624.84	2.0354	0.89969	1.414	383.37	0.14134	3.3885e-05	0.050534	supercritical
510.0	300.25	341.1	0.0029317	536.17	624.19	2.0322	0.90012	1.4167	384.58	0.13956	3.4059e-05	0.050782	supercritical
510.0	303.5	344.55	0.0029023	535.47	623.55	2.0291	0.90055	1.4194	385.8	0.1378	3.4233e-05	0.05103	supercritical
510.0	306.75	347.98	0.0028737	534.77	622.92	2.026	0.90097	1.422	387.04	0.13606	3.4409e-05	0.051279	supercritical
510.0	310.0	351.4	0.0028458	534.07	622.29	2.023	0.90138	1.4246	388.29	0.13433	3.4586e-05	0.051528	supercritical
510.0	313.25	354.8	0.0028185	533.38	621.67	2.02	0.90179	1.4271	389.55	0.13261	3.4764e-05	0.051778	supercritical
510.0	316.5	358.18	0.0027919	532.7	621.06	2.017	0.90219	1.4295	390.82	0.13091	3.4943e-05	0.052027	supercritical
510.0	319.75	361.54	0.0027659	532.02	620.46	2.014	0.90259	1.4319	392.11	0.12923	3.5122e-05	0.052277	supercritical
510.0	323.0	364.88	0.0027406	531.34	619.86	2.0111	0.90298	1.4343	393.4	0.12756	3.5303e-05	0.052526	supercritical
510.0	326.25	368.21	0.0027158	530.66	619.27	2.0082	0.90336	1.4365	394.71	0.12591	3.5484e-05	0.052776	supercritical
510.0	329.5	371.52	0.0026917	529.99	618.68	2.0053	0.90374	1.4388	396.03	0.12427	3.5667e-05	0.053026	supercritical
510.0	332.75	374.81	0.002668	529.33	618.11	2.0025	0.90411	1.4409	397.35	0.12265	3.585e-05	0.053276	supercritical
510.0	336.0	378.08	0.0026449	528.67	617.54	1.9997	0.90448	1.443	398.69	0.12104	3.6034e-05	0.053526	supercritical
510.0	339.25	381.33	0.0026224	528.01	616.97	1.9969	0.90484	1.4451	400.04	0.11945	3.6219e-05	0.053776	supercritical
510.0	342.5	384.57	0.0026003	527.35	616.41	1.9941	0.90519	1.4471	401.39	0.11788	3.6405e-05	0.054025	supercritical
510.0	345.75	387.78	0.0025788	526.7	615.86	1.9914	0.90554	1.4491	402.76	0.11632	3.6591e-05	0.054275	supercritical
510.0	349.0	390.98	0.0025577	526.06	615.32	1.9887	0.90589	1.451	404.14	0.11478	3.6778e-05	0.054524	supercritical
510.0	352.25	394.16	0.0025371	525.41	614.78	1.986	0.90623	1.4528	405.52	0.11326	3.6966e-05	0.054774	supercritical
510.0	355.5	397.32	0.0025169	524.77	614.25	1.9834	0.90656	1.4546	406.91	0.11175	3.7155e-05	0.055023	supercritical
510.0	358.75	400.46	0.0024972	524.14	613.72	1.9807	0.90689	1.4564	408.31	0.11025	3.7344e-05	0.055271	supercritical
510.0	362.0	403.58	0.0024778	523.51	613.2	1.9781	0.90721	1.4581	409.72	0.10878	3.7534e-05	0.05552	supercritical
510.0	365.25	406.68	0.0024589	522.88	612.69	1.9755	0.90753	1.4598	411.14	0.10732	3.7724e-05	0.055768	supercritical
510.0	368.5	409.76	0.0024404	522.26	612.19	1.973	0.90785	1.4614	412.56	0.10587	3.7915e-05	0.056016	supercritical
510.0	371.75	412.83	0.0024223	521.64	611.69	1.9705	0.90816	1.463	413.99	0.10444	3.8107e-05	0.056263	supercritical
510.0	375.0	415.87	0.0024046	521.02	611.19	1.968	0.90846	1.4645	415.43	0.10303	3.8299e-05	0.056511	supercritical
510.0	378.25	418.9	0.0023872	520.41	610.71	1.9655	0.90876	1.4659	416.88	0.10163	3.8491e-05	0.056757	supercritical
510.0	381.5	421.9	0.0023702	519.8	610.23	1.963	0.90906	1.4674	418.33	0.10025	3.8684e-05	0.057004	supercritical
510.0	384.75	424.89	0.0023535	519.2	609.75	1.9606	0.90935	1.4688	419.79	0.098878	3.8878e-05	0.05725	supercritical
510.0	388.0	427.86	0.0023372	518.6	609.28	1.9582	0.90964	1.4701	421.25	0.097525	3.9072e-05	0.057495	supercritical
510.0	391.25	430.81	0.0023212	518.0	608.82	1.9558	0.90993	1.4714	422.72	0.096188	3.9266e-05	0.05774	supercritical
510.0	394.5	433.74	0.0023055	517.41	608.36	1.9534	0.91021	1.4727	424.2	0.094866	3.9461e-05	0.057984	supercritical
510.0	397.75	436.66	0.0022901	516.82	607.91	1.9511	0.91048	1.4739	425.68	0.093559	3.9656e-05	0.058228	supercritical
510.0	401.0	439.55	0.002275	516.24	607.46	1.9487	0.91076	1.4751	427.17	0.092267	3.9852e-05	0.058472	supercritical
510.0	404.25	442.43	0.0022603	515.65	607.03	1.9464	0.91103	1.4762	428.67	0.090989	4.0048e-05	0.058715	supercritical
510.0	407.5	445.28	0.0022458	515.08	606.59	1.9441	0.91129	1.4773	430.16	0.089726	4.0244e-05	0.058957	supercritical
510.0	410.75	448.12	0.0022315	514.5	606.16	1.9419	0.91155	1.4783	431.67	0.088478	4.0441e-05	0.059199	supercritical
510.0	414.0	450.94	0.0022176	513.93	605.74	1.9396	0.91181	1.4794	433.18	0.087243	4.0637e-05	0.05944	supercritical
510.0	417.25	453.74	0.0022039	513.37	605.32	1.9374	0.91207	1.4803	434.69	0.086023	4.0835e-05	0.05968	supercritical
510.0	420.5	456.52	0.0021905	512.8	604.91	1.9352	0.91232	1.4813	436.21	0.084817	4.1032e-05	0.05992	supercritical
510.0	423.75	459.29	0.0021773	512.25	604.51	1.933	0.91257	1.4822	437.73	0.083624	4.123e-05	0.06016	supercritical
510.0	427.0	462.03	0.0021643	511.69	604.11	1.9308	0.91281	1.4831	439.25	0.082446	4.1427e-05	0.060398	supercritical
510.0	430.25	464.76	0.0021516	511.14	603.71	1.9287	0.91305	1.4839	440.78	0.081281	4.1625e-05	0.060636	supercritical
510.0	433.5	467.47	0.0021392	510.59	603.32	1.9266	0.91329	1.4847	442.32	0.080129	4.1824e-05	0.060874	supercritical
510.0	436.75	470.16	0.0021269	510.05	602.94	1.9244	0.91353	1.4855	443.85	0.078991	4.2022e-05	0.061111	supercritical
510.0	440.0	472.84	0.0021149	509.51	602.56	1.9224	0.91376	1.4862	445.39	0.077866	4.222e-05	0.061347	supercritical
510.0	443.25	475.49	0.0021031	508.97	602.19	1.9203	0.91399	1.4869	446.94	0.076754	4.2419e-05	0.061582	supercritical
510.0	446.5	478.13	0.0020915	508.43	601.82	1.9182	0.91422	1.4876	448.48	0.075655	4.2618e-05	0.061817	supercritical
510.0	449.75	480.75	0.0020801	507.9	601.46	1.9162	0.91445	1.4883	450.03	0.074569	4.2817e-05	0.062051	supercritical
510.0	453.0	483.35	0.0020689	507.38	601.1	1.9142	0.91467	1.4889	451.59	0.073495	4.3016e-05	0.062284	supercritical
510.0	456.25	485.94	0.0020579	506.85	600.74	1.9121	0.91489	1.4895	453.14	0.072434	4.3215e-05	0.062516	supercritical
510.0	459.5	488.51	0.0020471	506.33	600.4	1.9102	0.91511	1.49	454.7	0.071385	4.3414e-05	0.062748	supercritical
510.0	462.75	491.06	0.0020364	505.82	600.05	1.9082	0.91533	1.4906	456.26	0.070348	4.3613e-05	0.06298	supercritical
510.0	466.0	493.59	0.002026	505.31	599.72	1.9062	0.91554	1.4911	457.82	0.069324	4.3812e-05	0.06321	supercritical
510.0	469.25	496.11	0.0020157	504.8	599.38	1.9043	0.91575	1.4916	459.39	0.068312	4.4012e-05	0.06344	supercritical
510.0	472.5	498.61	0.0020056	504.29	599.05	1.9024	0.91596	1.492	460.95	0.067311	4.4211e-05	0.063669	supercritical
510.0	475.75	501.09	0.0019956	503.79	598.73	1.9004	0.91617	1.4924	462.52	0.066322	4.441e-05	0.063897	supercritical
510.0	479.0	503.56	0.0019859	503.29	598.41	1.8985	0.91637	1.4928	464.09	0.065345	4.4609e-05	0.064124	supercritical
510.0	482.25	506.01	0.0019763	502.79	598.09	1.8967	0.91657	1.4932	465.66	0.064379	4.4809e-05	0.064351	supercritical
510.0	485.5	508.44	0.0019668	502.3	597.78	1.8948	0.91678	1.4936	467.24	0.063424	4.5008e-05	0.064577	supercritical
510.0	488.75	510.86	0.0019575	501.81	597.48	1.893	0.91697	1.4939	468.81	0.062481	4.5207e-05	0.064803	supercritical
510.0	492.0	513.26	0.0019483	501.32	597.18	1.8911	0.91717	1.4942	470.39	0.061549	4.5406e-05	0.065027	supercritical
510.0	495.25	515.64	0.0019393	500.84	596.88	1.8893	0.91737	1.4945	471.97	0.060628	4.5605e-05	0.065251	supercritical
510.0	498.5	518.01	0.0019305	500.36	596.59	1.8875	0.91756	1.4948	473.54	0.059717	4.5804e-05	0.065474	supercritical
510.0	501.75	520.37	0.0019217	499.88	596.3	1.8857	0.91775	1.495	475.12	0.058818	4.6003e-05	0.065697	supercritical
510.0	505.0	522.7	0.0019131	499.4	596.02	1.8839	0.91794	1.4953	476.7	0.057929	4.6202e-05	0.065918	supercritical
510.0	508.25	525.03	0.0019047	498.93	595.74	1.8822	0.91813	1.4955	478.28	0.05705	4.6401e-05	0.066139	supercritical
510.0	511.5	527.33	0.0018963	498.47	595.46	1.8804	0.91832	1.4957	479.86	0.056182	4.6599e-05	0.066359	supercritical
510.0	514.75	529.62	0.0018881	498.0	595.19	1.8787	0.9185	1.4958	481.44	0.055324	4.6798e-05	0.066579	supercritical
510.0	518.0	531.9	0.0018801	497.54	594.92	1.8769	0.91869	1.496	483.03	0.054477	4.6996e-05	0.066797	supercritical
510.0	521.25	534.16	0.0018721	497.08	594.66	1.8752	0.91887	1.4961	484.61	0.053639	4.7194e-05	0.067015	supercritical
510.0	524.5	536.41	0.0018643	496.62	594.4	1.8735	0.91905	1.4962	486.19	0.052811	4.7393e-05	0.067233	supercritical
510.0	527.75	538.64	0.0018565	496.17	594.15	1.8719	0.91923	1.4963	487.77	0.051994	4.7591e-05	0.067449	supercritical
510.0	531.0	540.85	0.0018489	495.72	593.9	1.8702	0.91941	1.4964	489.35	0.051185	4.7788e-05	0.067665	supercritical
510.0	534.25	543.06	0.0018414	495.27	593.65	1.8685	0.91959	1.4965	490.94	0.050387	4.7986e-05	0.06788	supercritical
510.0	537.5	545.24	0.001834	494.83	593.41	1.8669	0.91977	1.4966	492.52	0.049598	4.8183e-05	0.068094	supercritical
510.0	540.75	547.42	0.0018268	494.39	593.17	1.8652	0.91994	1.4966	494.1	0.048818	4.8381e-05	0.068308	supercritical
510.0	544.0	549.57	0.0018196	493.95	592.93	1.8636	0.92012	1.4966	495.68	0.048048	4.8578e-05	0.068521	supercritical
510.0	547.25	551.72	0.0018125	493.51	592.7	1.862	0.92029	1.4967	497.26	0.047286	4.8775e-05	0.068733	supercritical
510.0	550.5	553.85	0.0018055	493.08	592.47	1.8604	0.92046	1.4967	498.84	0.046534	4.8972e-05	0.068944	supercritical
510.0	553.75	555.97	0.0017987	492.65	592.25	1.8588	0.92063	1.4967	500.42	0.045791	4.9168e-05	0.069155	supercritical
510.0	557.0	558.07	0.0017919	492.22	592.03	1.8572	0.9208	1.4967	501.99	0.045056	4.9365e-05	0.069365	supercritical
510.0	560.25	560.16	0.0017852	491.79	591.81	1.8557	0.92097	1.4966	503.57	0.04433	4.9561e-05	0.069575	supercritical
510.0	563.5	562.23	0.0017786	491.37	591.6	1.8541	0.92114	1.4966	505.15	0.043613	4.9757e-05	0.069783	supercritical
510.0	566.75	564.3	0.0017721	490.95	591.39	1.8526	0.9213	1.4965	506.72	0.042904	4.9952e-05	0.069991	supercritical
510.0	570.0	566.35	0.0017657	490.53	591.18	1.851	0.92147	1.4965	508.3	0.042204	5.0148e-05	0.070198	supercritical
510.0	573.25	568.38	0.0017594	490.12	590.97	1.8495	0.92163	1.4964	509.87	0.041512	5.0343e-05	0.070405	supercritical
510.0	576.5	570.41	0.0017531	489.71	590.77	1.848	0.9218	1.4963	511.44	0.040828	5.0538e-05	0.070611	supercritical
510.0	579.75	572.42	0.001747	489.3	590.58	1.8465	0.92196	1.4962	513.01	0.040153	5.0733e-05	0.070816	supercritical
510.0	583.0	574.41	0.0017409	488.89	590.38	1.845	0.92212	1.4961	514.58	0.039485	5.0928e-05	0.071021	supercritical
510.0	586.25	576.4	0.0017349	488.48	590.19	1.8435	0.92229	1.496	516.15	0.038825	5.1122e-05	0.071225	supercritical
510.0	589.5	578.37	0.001729	488.08	590.01	1.8421	0.92245	1.4959	517.71	0.038173	5.1317e-05	0.071428	supercritical
510.0	592.75	580.33	0.0017232	487.68	589.82	1.8406	0.92261	1.4958	519.28	0.037528	5.151e-05	0.071631	supercritical
510.0	596.0	582.28	0.0017174	487.29	589.64	1.8391	0.92277	1.4957	520.84	0.036892	5.1704e-05	0.071833	supercritical
510.0	599.25	584.22	0.0017117	486.89	589.46	1.8377	0.92293	1.4955	522.4	0.036262	5.1898e-05	0.072034	supercritical
510.0	602.5	586.14	0.0017061	486.5	589.29	1.8363	0.92308	1.4954	523.96	0.03564	5.2091e-05	0.072235	supercritical
510.0	605.75	588.05	0.0017005	486.11	589.12	1.8349	0.92324	1.4953	525.52	0.035025	5.2284e-05	0.072435	supercritical
510.0	609.0	589.95	0.0016951	485.72	588.95	1.8334	0.9234	1.4951	527.07	0.034418	5.2476e-05	0.072634	supercritical
510.0	612.25	591.84	0.0016896	485.33	588.78	1.832	0.92355	1.4949	528.63	0.033817	5.2669e-05	0.072833	supercritical
510.0	615.5	593.72	0.0016843	484.95	588.62	1.8306	0.92371	1.4948	530.18	0.033224	5.2861e-05	0.073031	supercritical
510.0	618.75	595.58	0.001679	484.57	588.46	1.8293	0.92387	1.4946	531.73	0.032637	5.3053e-05	0.073229	supercritical
510.0	622.0	597.44	0.0016738	484.19	588.3	1.8279	0.92402	1.4944	533.28	0.032057	5.3244e-05	0.073426	supercritical
510.0	625.25	599.28	0.0016687	483.81	588.15	1.8265	0.92417	1.4942	534.83	0.031484	5.3436e-05	0.073622	supercritical
510.0	628.5	601.11	0.0016636	483.44	588.0	1.8252	0.92433	1.494	536.37	0.030917	5.3627e-05	0.073818	supercritical
510.0	631.75	602.93	0.0016586	483.07	587.85	1.8238	0.92448	1.4938	537.91	0.030357	5.3818e-05	0.074013	supercritical
510.0	635.0	604.74	0.0016536	482.7	587.7	1.8225	0.92463	1.4936	539.46	0.029803	5.4008e-05	0.074207	supercritical
510.0	638.25	606.54	0.0016487	482.33	587.56	1.8211	0.92478	1.4934	540.99	0.029256	5.4199e-05	0.074401	supercritical
510.0	641.5	608.33	0.0016439	481.97	587.42	1.8198	0.92494	1.4932	542.53	0.028715	5.4389e-05	0.074595	supercritical
510.0	644.75	610.1	0.0016391	481.6	587.28	1.8185	0.92509	1.493	544.07	0.02818	5.4579e-05	0.074787	supercritical
510.0	648.0	611.87	0.0016343	481.24	587.14	1.8172	0.92524	1.4928	545.6	0.027651	5.4768e-05	0.07498	supercritical
510.0	651.25	613.63	0.0016297	480.88	587.01	1.8159	0.92539	1.4926	547.13	0.027128	5.4957e-05	0.075171	supercritical
510.0	654.5	615.37	0.001625	480.52	586.88	1.8146	0.92554	1.4924	548.66	0.026611	5.5146e-05	0.075362	supercritical
510.0	657.75	617.11	0.0016205	480.17	586.75	1.8133	0.92569	1.4921	550.18	0.026099	5.5335e-05	0.075553	supercritical
510.0	661.0	618.83	0.0016159	479.81	586.63	1.812	0.92583	1.4919	551.71	0.025594	5.5523e-05	0.075743	supercritical
510.0	664.25	620.55	0.0016115	479.46	586.51	1.8108	0.92598	1.4917	553.23	0.025094	5.5711e-05	0.075932	supercritical
510.0	667.5	622.26	0.0016071	479.11	586.39	1.8095	0.92613	1.4914	554.75	0.024599	5.5899e-05	0.076121	supercritical
510.0	670.75	623.95	0.0016027	478.77	586.27	1.8082	0.92628	1.4912	556.26	0.02411	5.6087e-05	0.07631	supercritical
510.0	674.0	625.64	0.0015984	478.42	586.15	1.807	0.92643	1.491	557.78	0.023626	5.6274e-05	0.076497	supercritical
510.0	677.25	627.31	0.0015941	478.08	586.04	1.8058	0.92657	1.4907	559.29	0.023148	5.6461e-05	0.076685	supercritical
510.0	680.5	628.98	0.0015899	477.74	585.93	1.8045	0.92672	1.4905	560.8	0.022675	5.6648e-05	0.076872	supercritical
510.0	683.75	630.64	0.0015857	477.4	585.82	1.8033	0.92687	1.4902	562.31	0.022207	5.6834e-05	0.077058	supercritical
510.0	687.0	632.29	0.0015816	477.06	585.71	1.8021	0.92701	1.49	563.82	0.021744	5.702e-05	0.077244	supercritical
510.0	690.25	633.92	0.0015775	476.72	585.61	1.8009	0.92716	1.4897	565.32	0.021286	5.7206e-05	0.077429	supercritical
510.0	693.5	635.55	0.0015734	476.39	585.51	1.7997	0.9273	1.4895	566.82	0.020833	5.7392e-05	0.077614	supercritical
510.0	696.75	637.17	0.0015694	476.06	585.41	1.7985	0.92745	1.4892	568.32	0.020385	5.7577e-05	0.077798	supercritical
510.0	700.0	638.79	0.0015655	475.73	585.31	1.7973	0.92759	1.4889	569.82	0.019941	5.7762e-05	0.077982	supercritical
510.0	703.25	640.39	0.0015616	475.4	585.21	1.7961	0.92774	1.4887	571.31	0.019503	5.7947e-05	0.078165	supercritical
510.0	706.5	641.98	0.0015577	475.07	585.12	1.7949	0.92788	1.4884	572.81	0.019069	5.8131e-05	0.078348	supercritical
510.0	709.75	643.57	0.0015538	474.74	585.03	1.7937	0.92803	1.4881	574.3	0.018639	5.8316e-05	0.07853	supercritical
510.0	713.0	645.14	0.00155	474.42	584.94	1.7926	0.92817	1.4879	575.78	0.018214	5.85e-05	0.078712	supercritical
510.0	716.25	646.71	0.0015463	474.1	584.85	1.7914	0.92831	1.4876	577.27	0.017794	5.8683e-05	0.078893	supercritical
510.0	719.5	648.27	0.0015426	473.78	584.77	1.7903	0.92846	1.4873	578.75	0.017377	5.8867e-05	0.079074	supercritical
510.0	722.75	649.82	0.0015389	473.46	584.68	1.7891	0.9286	1.4871	580.23	0.016966	5.905e-05	0.079254	supercritical
510.0	726.0	651.36	0.0015353	473.14	584.6	1.788	0.92874	1.4868	581.71	0.016558	5.9232e-05	0.079434	supercritical
510.0	729.25	652.89	0.0015316	472.83	584.52	1.7869	0.92889	1.4865	583.19	0.016155	5.9415e-05	0.079614	supercritical
510.0	732.5	654.42	0.0015281	472.52	584.45	1.7857	0.92903	1.4862	584.66	0.015755	5.9597e-05	0.079793	supercritical
510.0	735.75	655.93	0.0015245	472.2	584.37	1.7846	0.92917	1.486	586.13	0.01536	5.9779e-05	0.079972	supercritical
510.0	739.0	657.44	0.001521	471.89	584.3	1.7835	0.92931	1.4857	587.6	0.014969	5.9961e-05	0.08015	supercritical
510.0	742.25	658.94	0.0015176	471.59	584.23	1.7824	0.92945	1.4854	589.07	0.014582	6.0142e-05	0.080327	supercritical
510.0	745.5	660.44	0.0015141	471.28	584.16	1.7813	0.9296	1.4851	590.53	0.014198	6.0323e-05	0.080505	supercritical
510.0	748.75	661.92	0.0015108	470.97	584.09	1.7802	0.92974	1.4848	591.99	0.013819	6.0504e-05	0.080681	supercritical
510.0	752.0	663.4	0.0015074	470.67	584.02	1.7791	0.92988	1.4845	593.45	0.013443	6.0685e-05	0.080858	supercritical
510.0	755.25	664.87	0.0015041	470.37	583.96	1.778	0.93002	1.4843	594.91	0.013071	6.0865e-05	0.081034	supercritical
510.0	758.5	666.33	0.0015008	470.07	583.9	1.7769	0.93016	1.484	596.37	0.012703	6.1045e-05	0.081209	supercritical
510.0	761.75	667.78	0.0014975	469.77	583.84	1.7759	0.9303	1.4837	597.82	0.012338	6.1225e-05	0.081385	supercritical
510.0	765.0	669.23	0.0014943	469.47	583.78	1.7748	0.93044	1.4834	599.27	0.011977	6.1404e-05	0.081559	supercritical
510.0	768.25	670.67	0.001491	469.17	583.72	1.7737	0.93058	1.4831	600.72	0.011619	6.1583e-05	0.081734	supercritical
510.0	771.5	672.1	0.0014879	468.88	583.67	1.7727	0.93072	1.4828	602.16	0.011265	6.1762e-05	0.081908	supercritical
510.0	774.75	673.53	0.0014847	468.59	583.61	1.7716	0.93086	1.4825	603.61	0.010915	6.1941e-05	0.082081	supercritical
510.0	778.0	674.94	0.0014816	468.29	583.56	1.7706	0.931	1.4822	605.05	0.010567	6.2119e-05	0.082254	supercritical
510.0	781.25	676.35	0.0014785	468.0	583.51	1.7695	0.93114	1.4819	606.49	0.010223	6.2297e-05	0.082427	supercritical
510.0	784.5	677.76	0.0014755	467.71	583.46	1.7685	0.93128	1.4816	607.92	0.0098828	6.2475e-05	0.082599	supercritical
510.0	787.75	679.15	0.0014724	467.43	583.42	1.7675	0.93142	1.4814	609.36	0.0095455	6.2652e-05	0.082771	supercritical
510.0	791.0	680.54	0.0014694	467.14	583.37	1.7664	0.93156	1.4811	610.79	0.0092113	6.2829e-05	0.082943	supercritical
510.0	794.25	681.92	0.0014664	466.86	583.33	1.7654	0.9317	1.4808	612.22	0.0088804	6.3006e-05	0.083114	supercritical
510.0	797.5	683.3	0.0014635	466.57	583.29	1.7644	0.93184	1.4805	613.64	0.0085525	6.3183e-05	0.083285	supercritical
510.0	800.75	684.66	0.0014606	466.29	583.25	1.7634	0.93198	1.4802	615.07	0.0082278	6.336e-05	0.083455	supercritical
510.0	804.0	686.02	0.0014577	466.01	583.21	1.7624	0.93212	1.4799	616.49	0.0079061	6.3536e-05	0.083626	supercritical
510.0	807.25	687.38	0.0014548	465.73	583.17	1.7614	0.93226	1.4796	617.91	0.0075874	6.3712e-05	0.083795	supercritical
510.0	810.5	688.73	0.001452	465.45	583.13	1.7604	0.9324	1.4793	619.33	0.0072717	6.3887e-05	0.083965	supercritical
510.0	813.75	690.07	0.0014491	465.18	583.1	1.7594	0.93254	1.479	620.74	0.006959	6.4063e-05	0.084134	supercritical
510.0	817.0	691.4	0.0014463	464.9	583.07	1.7584	0.93267	1.4787	622.16	0.0066491	6.4238e-05	0.084302	supercritical
510.0	820.25	692.73	0.0014436	464.63	583.04	1.7574	0.93281	1.4784	623.57	0.0063421	6.4412e-05	0.08447	supercritical
510.0	823.5	694.05	0.0014408	464.36	583.01	1.7565	0.93295	1.4781	624.98	0.0060379	6.4587e-05	0.084638	supercritical
510.0	826.75	695.37	0.0014381	464.08	582.98	1.7555	0.93309	1.4778	626.38	0.0057365	6.4761e-05	0.084806	supercritical
510.0	830.0	696.67	0.0014354	463.81	582.95	1.7545	0.93323	1.4775	627.79	0.0054379	6.4935e-05	0.084973	supercritical
510.0	833.25	697.98	0.0014327	463.55	582.93	1.7536	0.93337	1.4772	629.19	0.005142	6.5109e-05	0.08514	supercritical
510.0	836.5	699.27	0.0014301	463.28	582.9	1.7526	0.9335	1.4769	630.59	0.0048488	6.5283e-05	0.085307	supercritical
510.0	839.75	700.56	0.0014274	463.01	582.88	1.7516	0.93364	1.4766	631.99	0.0045582	6.5456e-05	0.085473	supercritical
510.0	843.0	701.85	0.0014248	462.75	582.86	1.7507	0.93378	1.4763	633.38	0.0042702	6.5629e-05	0.085639	supercritical
510.0	846.25	703.13	0.0014222	462.48	582.84	1.7497	0.93392	1.476	634.77	0.0039849	6.5801e-05	0.085804	supercritical
510.0	849.5	704.4	0.0014197	462.22	582.82	1.7488	0.93406	1.4757	636.16	0.0037021	6.5974e-05	0.08597	supercritical
510.0	852.75	705.66	0.0014171	461.96	582.8	1.7479	0.93419	1.4754	637.55	0.0034219	6.6146e-05	0.086134	supercritical
510.0	856.0	706.92	0.0014146	461.7	582.79	1.7469	0.93433	1.4751	638.93	0.0031441	6.6318e-05	0.086299	supercritical
510.0	859.25	708.18	0.0014121	461.44	582.77	1.746	0.93447	1.4748	640.32	0.0028689	6.649e-05	0.086463	supercritical
510.0	862.5	709.42	0.0014096	461.18	582.76	1.7451	0.93461	1.4745	641.7	0.002596	6.6661e-05	0.086627	supercritical
510.0	865.75	710.67	0.0014071	460.93	582.75	1.7442	0.93474	1.4742	643.08	0.0023256	6.6832e-05	0.086791	supercritical
510.0	869.0	711.9	0.0014047	460.67	582.74	1.7432	0.93488	1.4739	644.45	0.0020576	6.7003e-05	0.086954	supercritical
510.0	872.25	713.13	0.0014023	460.42	582.73	1.7423	0.93502	1.4737	645.83	0.0017919	6.7174e-05	0.087117	supercritical
510.0	875.5	714.36	0.0013999	460.16	582.72	1.7414	0.93516	1.4734	647.2	0.0015286	6.7344e-05	0.08728	supercritical
510.0	878.75	715.58	0.0013975	459.91	582.71	1.7405	0.93529	1.4731	648.57	0.0012676	6.7514e-05	0.087442	supercritical
510.0	882.0	716.79	0.0013951	459.66	582.71	1.7396	0.93543	1.4728	649.93	0.0010089	6.7684e-05	0.087605	supercritical
510.0	885.25	718.0	0.0013928	459.41	582.7	1.7387	0.93557	1.4725	651.3	0.00075237	6.7854e-05	0.087766	supercritical
510.0	888.5	719.21	0.0013904	459.16	582.7	1.7378	0.93571	1.4722	652.66	0.00049812	6.8023e-05	0.087928	supercritical
510.0	891.75	720.4	0.0013881	458.91	582.7	1.7369	0.93584	1.4719	654.02	0.00024607	6.8192e-05	0.088089	supercritical
510.0	895.0	721.6	0.0013858	458.67	582.7	1.736	0.93598	1.4716	655.38	-3.7923e-06	6.8361e-05	0.08825	supercritical
510.0	898.25	722.78	0.0013835	458.42	582.7	1.7352	0.93612	1.4713	656.73	-0.0002515	6.853e-05	0.088411	supercritical
510.0	901.5	723.96	0.0013813	458.18	582.7	1.7343	0.93625	1.471	658.08	-0.00049707	6.8698e-05	0.088571	supercritical
510.0	904.75	725.14	0.001379	457.94	582.7	1.7334	0.93639	1.4707	659.43	-0.00074054	6.8867e-05	0.088731	supercritical
510.0	908.0	726.31	0.0013768	457.69	582.71	1.7325	0.93653	1.4704	660.78	-0.00098191	6.9035e-05	0.088891	supercritical
510.0	911.25	727.48	0.0013746	457.45	582.71	1.7317	0.93666	1.4701	662.13	-0.0012212	6.9202e-05	0.089051	supercritical
510.0	914.5	728.64	0.0013724	457.21	582.72	1.7308	0.9368	1.4699	663.47	-0.0014585	6.937e-05	0.08921	supercritical
510.0	917.75	729.79	0.0013702	456.97	582.73	1.73	0.93694	1.4696	664.81	-0.0016937	6.9537e-05	0.089369	supercritical
510.0	921.0	730.95	0.0013681	456.73	582.74	1.7291	0.93707	1.4693	666.15	-0.001927	6.9704e-05	0.089527	supercritical
510.0	924.25	732.09	0.0013659	456.5	582.75	1.7283	0.93721	1.469	667.49	-0.0021583	6.9871e-05	0.089686	supercritical
510.0	927.5	733.23	0.0013638	456.26	582.76	1.7274	0.93735	1.4687	668.82	-0.0023876	7.0037e-05	0.089844	supercritical
510.0	930.75	734.37	0.0013617	456.03	582.77	1.7266	0.93748	1.4684	670.15	-0.002615	7.0203e-05	0.090002	supercritical
510.0	934.0	735.5	0.0013596	455.79	582.78	1.7257	0.93762	1.4681	671.48	-0.0028404	7.0369e-05	0.09016	supercritical
510.0	937.25	736.63	0.0013575	455.56	582.8	1.7249	0.93776	1.4679	672.81	-0.003064	7.0535e-05	0.090317	supercritical
510.0	940.5	737.75	0.0013555	455.33	582.81	1.724	0.93789	1.4676	674.13	-0.0032857	7.0701e-05	0.090474	supercritical
510.0	943.75	738.86	0.0013534	455.1	582.83	1.7232	0.93803	1.4673	675.45	-0.0035056	7.0866e-05	0.090631	supercritical
510.0	947.0	739.98	0.0013514	454.87	582.84	1.7224	0.93817	1.467	676.77	-0.0037236	7.1031e-05	0.090788	supercritical
510.0	950.25	741.08	0.0013494	454.64	582.86	1.7216	0.9383	1.4667	678.09	-0.0039398	7.1196e-05	0.090944	supercritical
510.0	953.5	742.19	0.0013474	454.41	582.88	1.7207	0.93844	1.4664	679.41	-0.0041542	7.1361e-05	0.0911	supercritical
510.0	956.75	743.28	0.0013454	454.18	582.9	1.7199	0.93858	1.4662	680.72	-0.0043668	7.1525e-05	0.091256	supercritical
510.0	960.0	744.38	0.0013434	453.96	582.92	1.7191	0.93871	1.4659	682.03	-0.0045776	7.1689e-05	0.091412	supercritical
510.0	963.25	745.47	0.0013414	453.73	582.95	1.7183	0.93885	1.4656	683.34	-0.0047868	7.1853e-05	0.091567	supercritical
510.0	966.5	746.55	0.0013395	453.51	582.97	1.7175	0.93898	1.4653	684.64	-0.0049942	7.2017e-05	0.091722	supercritical
510.0	969.75	747.63	0.0013376	453.28	582.99	1.7167	0.93912	1.4651	685.95	-0.0051998	7.2181e-05	0.091877	supercritical
510.0	973.0	748.7	0.0013356	453.06	583.02	1.7159	0.93926	1.4648	687.25	-0.0054038	7.2344e-05	0.092032	supercritical
510.0	976.25	749.78	0.0013337	452.84	583.04	1.7151	0.93939	1.4645	688.55	-0.0056062	7.2507e-05	0.092187	supercritical
510.0	979.5	750.84	0.0013318	452.62	583.07	1.7143	0.93953	1.4642	689.84	-0.0058068	7.267e-05	0.092341	supercritical
510.0	982.75	751.9	0.00133	452.4	583.1	1.7135	0.93966	1.464	691.14	-0.0060059	7.2833e-05	0.092495	supercritical
510.0	986.0	752.96	0.0013281	452.18	583.13	1.7127	0.9398	1.4637	692.43	-0.0062033	7.2995e-05	0.092649	supercritical
510.0	989.25	754.02	0.0013262	451.96	583.16	1.7119	0.93994	1.4634	693.72	-0.0063991	7.3157e-05	0.092802	supercritical
510.0	992.5	755.07	0.0013244	451.74	583.19	1.7111	0.94007	1.4632	695.01	-0.0065933	7.3319e-05	0.092956	supercritical
510.0	995.75	756.11	0.0013226	451.53	583.22	1.7103	0.94021	1.4629	696.29	-0.0067859	7.3481e-05	0.093109	supercritical
510.0	999.0	757.15	0.0013207	451.31	583.25	1.7096	0.94034	1.4626	697.57	-0.006977	7.3642e-05	0.093262	supercritical
510.0	1002.2	758.19	0.0013189	451.1	583.29	1.7088	0.94048	1.4624	698.85	-0.0071666	7.3804e-05	0.093414	supercritical
510.0	1005.5	759.22	0.0013171	450.88	583.32	1.708	0.94062	1.4621	700.13	-0.0073546	7.3965e-05	0.093567	supercritical
510.0	1008.8	760.25	0.0013154	450.67	583.36	1.7073	0.94075	1.4618	701.41	-0.0075411	7.4126e-05	0.093719	supercritical
510.0	1012.0	761.27	0.0013136	450.46	583.39	1.7065	0.94089	1.4616	702.68	-0.0077261	7.4287e-05	0.093871	supercritical
510.0	1015.2	762.29	0.0013118	450.25	583.43	1.7057	0.94102	1.4613	703.95	-0.0079097	7.4447e-05	0.094023	supercritical
510.0	1018.5	763.31	0.0013101	450.04	583.47	1.705	0.94116	1.4611	705.22	-0.0080917	7.4607e-05	0.094174	supercritical
510.0	1021.8	764.32	0.0013083	449.83	583.51	1.7042	0.9413	1.4608	706.49	-0.0082724	7.4768e-05	0.094326	supercritical
510.0	1025.0	765.33	0.0013066	449.62	583.55	1.7034	0.94143	1.4605	707.75	-0.0084515	7.4927e-05	0.094477	supercritical
510.0	1028.2	766.34	0.0013049	449.41	583.59	1.7027	0.94157	1.4603	709.01	-0.0086293	7.5087e-05	0.094628	supercritical
510.0	1031.5	767.34	0.0013032	449.2	583.63	1.7019	0.9417	1.46	710.27	-0.0088057	7.5247e-05	0.094779	supercritical
510.0	1034.8	768.33	0.0013015	449.0	583.67	1.7012	0.94184	1.4598	711.53	-0.0089806	7.5406e-05	0.094929	supercritical
510.0	1038.0	769.33	0.0012998	448.79	583.71	1.7005	0.94198	1.4595	712.78	-0.0091542	7.5565e-05	0.09508	supercritical
510.0	1041.2	770.32	0.0012982	448.59	583.76	1.6997	0.94211	1.4593	714.03	-0.0093264	7.5724e-05	0.09523	supercritical
510.0	1044.5	771.3	0.0012965	448.38	583.8	1.699	0.94225	1.459	715.28	-0.0094973	7.5883e-05	0.09538	supercritical
510.0	1047.8	772.28	0.0012949	448.18	583.85	1.6982	0.94238	1.4588	716.53	-0.0096668	7.6041e-05	0.09553	supercritical
510.0	1051.0	773.26	0.0012932	447.98	583.9	1.6975	0.94252	1.4585	717.78	-0.009835	7.6199e-05	0.095679	supercritical
510.0	1054.2	774.24	0.0012916	447.78	583.94	1.6968	0.94265	1.4583	719.02	-0.010002	7.6357e-05	0.095829	supercritical
510.0	1057.5	775.21	0.00129	447.57	583.99	1.696	0.94279	1.458	720.26	-0.010167	7.6515e-05	0.095978	supercritical
510.0	1060.8	776.17	0.0012884	447.37	584.04	1.6953	0.94293	1.4578	721.5	-0.010332	7.6673e-05	0.096127	supercritical
510.0	1064.0	777.14	0.0012868	447.18	584.09	1.6946	0.94306	1.4576	722.74	-0.010495	7.6831e-05	0.096276	supercritical
510.0	1067.2	778.1	0.0012852	446.98	584.14	1.6939	0.9432	1.4573	723.97	-0.010656	7.6988e-05	0.096425	supercritical
510.0	1070.5	779.05	0.0012836	446.78	584.19	1.6931	0.94333	1.4571	725.2	-0.010817	7.7145e-05	0.096573	supercritical
510.0	1073.8	780.01	0.001282	446.58	584.24	1.6924	0.94347	1.4568	726.43	-0.010976	7.7302e-05	0.096722	supercritical
510.0	1077.0	780.96	0.0012805	446.38	584.29	1.6917	0.9436	1.4566	727.66	-0.011134	7.7459e-05	0.09687	supercritical
510.0	1080.2	781.9	0.0012789	446.19	584.35	1.691	0.94374	1.4564	728.89	-0.011291	7.7615e-05	0.097018	supercritical
510.0	1083.5	782.84	0.0012774	445.99	584.4	1.6903	0.94388	1.4561	730.11	-0.011447	7.7772e-05	0.097165	supercritical
510.0	1086.8	783.78	0.0012759	445.8	584.45	1.6896	0.94401	1.4559	731.33	-0.011601	7.7928e-05	0.097313	supercritical
510.0	1090.0	784.72	0.0012743	445.61	584.51	1.6889	0.94415	1.4557	732.55	-0.011754	7.8084e-05	0.097461	supercritical
510.0	1093.2	785.65	0.0012728	445.41	584.57	1.6882	0.94428	1.4554	733.76	-0.011907	7.824e-05	0.097608	supercritical
510.0	1096.5	786.58	0.0012713	445.22	584.62	1.6875	0.94442	1.4552	734.98	-0.012057	7.8395e-05	0.097755	supercritical
510.0	1099.8	787.5	0.0012698	445.03	584.68	1.6868	0.94455	1.455	736.19	-0.012207	7.8551e-05	0.097902	supercritical
510.0	1103.0	788.43	0.0012684	444.84	584.74	1.6861	0.94469	1.4547	737.4	-0.012356	7.8706e-05	0.098049	supercritical
510.0	1106.2	789.34	0.0012669	444.65	584.8	1.6854	0.94482	1.4545	738.61	-0.012503	7.8861e-05	0.098195	supercritical
510.0	1109.5	790.26	0.0012654	444.46	584.86	1.6847	0.94496	1.4543	739.81	-0.01265	7.9016e-05	0.098342	supercritical
510.0	1112.8	791.17	0.0012639	444.27	584.92	1.684	0.9451	1.4541	741.02	-0.012795	7.9171e-05	0.098488	supercritical
510.0	1116.0	792.08	0.0012625	444.08	584.98	1.6833	0.94523	1.4538	742.22	-0.012939	7.9326e-05	0.098634	supercritical
510.0	1119.2	792.99	0.0012611	443.89	585.04	1.6827	0.94537	1.4536	743.41	-0.013082	7.948e-05	0.09878	supercritical
510.0	1122.5	793.89	0.0012596	443.71	585.1	1.682	0.9455	1.4534	744.61	-0.013225	7.9634e-05	0.098926	supercritical
510.0	1125.8	794.79	0.0012582	443.52	585.16	1.6813	0.94564	1.4532	745.81	-0.013366	7.9788e-05	0.099071	supercritical
510.0	1129.0	795.69	0.0012568	443.34	585.23	1.6806	0.94577	1.4529	747.0	-0.013506	7.9942e-05	0.099217	supercritical
510.0	1132.2	796.58	0.0012554	443.15	585.29	1.6799	0.94591	1.4527	748.19	-0.013644	8.0096e-05	0.099362	supercritical
510.0	1135.5	797.47	0.001254	442.97	585.36	1.6793	0.94604	1.4525	749.38	-0.013782	8.0249e-05	0.099507	supercritical
510.0	1138.8	798.36	0.0012526	442.78	585.42	1.6786	0.94618	1.4523	750.56	-0.013919	8.0403e-05	0.099652	supercritical
510.0	1142.0	799.24	0.0012512	442.6	585.49	1.6779	0.94632	1.4521	751.74	-0.014055	8.0556e-05	0.099797	supercritical
510.0	1145.2	800.12	0.0012498	442.42	585.55	1.6773	0.94645	1.4519	752.93	-0.01419	8.0709e-05	0.099942	supercritical
510.0	1148.5	801.0	0.0012484	442.24	585.62	1.6766	0.94659	1.4517	754.1	-0.014324	8.0862e-05	0.10009	supercritical
510.0	1151.8	801.87	0.0012471	442.06	585.69	1.6759	0.94672	1.4514	755.28	-0.014457	8.1015e-05	0.10023	supercritical
510.0	1155.0	802.75	0.0012457	441.88	585.76	1.6753	0.94686	1.4512	756.46	-0.014589	8.1167e-05	0.10037	supercritical
510.0	1158.2	803.61	0.0012444	441.7	585.83	1.6746	0.94699	1.451	757.63	-0.01472	8.132e-05	0.10052	supercritical
510.0	1161.5	804.48	0.001243	441.52	585.9	1.674	0.94713	1.4508	758.8	-0.01485	8.1472e-05	0.10066	supercritical
510.0	1164.8	805.34	0.0012417	441.34	585.97	1.6733	0.94726	1.4506	759.97	-0.014979	8.1624e-05	0.10081	supercritical
510.0	1168.0	806.2	0.0012404	441.16	586.04	1.6727	0.9474	1.4504	761.13	-0.015107	8.1776e-05	0.10095	supercritical
510.0	1171.2	807.06	0.0012391	440.98	586.11	1.672	0.94753	1.4502	762.3	-0.015234	8.1927e-05	0.10109	supercritical
510.0	1174.5	807.92	0.0012378	440.81	586.18	1.6714	0.94767	1.45	763.46	-0.01536	8.2079e-05	0.10124	supercritical
510.0	1177.8	808.77	0.0012364	440.63	586.25	1.6707	0.94781	1.4498	764.62	-0.015485	8.223e-05	0.10138	supercritical
510.0	1181.0	809.62	0.0012352	440.46	586.33	1.6701	0.94794	1.4496	765.78	-0.01561	8.2382e-05	0.10152	supercritical
510.0	1184.2	810.46	0.0012339	440.28	586.4	1.6694	0.94808	1.4494	766.93	-0.015734	8.2533e-05	0.10167	supercritical
510.0	1187.5	811.31	0.0012326	440.11	586.47	1.6688	0.94821	1.4492	768.09	-0.015856	8.2684e-05	0.10181	supercritical
510.0	1190.8	812.15	0.0012313	439.93	586.55	1.6682	0.94835	1.449	769.24	-0.015978	8.2834e-05	0.10195	supercritical
510.0	1194.0	812.98	0.00123	439.76	586.63	1.6675	0.94848	1.4488	770.39	-0.016099	8.2985e-05	0.10209	supercritical
510.0	1197.2	813.82	0.0012288	439.59	586.7	1.6669	0.94862	1.4486	771.54	-0.016219	8.3135e-05	0.10224	supercritical
510.0	1200.5	814.65	0.0012275	439.41	586.78	1.6662	0.94875	1.4484	772.68	-0.016338	8.3286e-05	0.10238	supercritical
510.0	1203.8	815.48	0.0012263	439.24	586.86	1.6656	0.94889	1.4482	773.83	-0.016457	8.3436e-05	0.10252	supercritical
510.0	1207.0	816.31	0.001225	439.07	586.93	1.665	0.94902	1.448	774.97	-0.016574	8.3586e-05	0.10266	supercritical
510.0	1210.2	817.13	0.0012238	438.9	587.01	1.6644	0.94916	1.4478	776.11	-0.016691	8.3736e-05	0.10281	supercritical
510.0	1213.5	817.95	0.0012226	438.73	587.09	1.6637	0.94929	1.4476	777.24	-0.016807	8.3886e-05	0.10295	supercritical
510.0	1216.8	818.77	0.0012213	438.56	587.17	1.6631	0.94943	1.4475	778.38	-0.016922	8.4035e-05	0.10309	supercritical
510.0	1220.0	819.59	0.0012201	438.39	587.25	1.6625	0.94957	1.4473	779.51	-0.017036	8.4185e-05	0.10323	supercritical
510.0	1223.2	820.4	0.0012189	438.23	587.33	1.6619	0.9497	1.4471	780.64	-0.01715	8.4334e-05	0.10337	supercritical
510.0	1226.5	821.22	0.0012177	438.06	587.41	1.6613	0.94984	1.4469	781.77	-0.017262	8.4483e-05	0.10351	supercritical
510.0	1229.8	822.02	0.0012165	437.89	587.49	1.6606	0.94997	1.4467	782.9	-0.017374	8.4632e-05	0.10365	supercritical
510.0	1233.0	822.83	0.0012153	437.73	587.57	1.66	0.95011	1.4465	784.02	-0.017485	8.4781e-05	0.1038	supercritical
510.0	1236.2	823.63	0.0012141	437.56	587.66	1.6594	0.95024	1.4463	785.15	-0.017596	8.4929e-05	0.10394	supercritical
510.0	1239.5	824.44	0.001213	437.39	587.74	1.6588	0.95038	1.4462	786.27	-0.017705	8.5078e-05	0.10408	supercritical
510.0	1242.8	825.23	0.0012118	437.23	587.82	1.6582	0.95051	1.446	787.39	-0.017814	8.5226e-05	0.10422	supercritical
510.0	1246.0	826.03	0.0012106	437.06	587.91	1.6576	0.95065	1.4458	788.51	-0.017922	8.5375e-05	0.10436	supercritical
510.0	1249.2	826.82	0.0012094	436.9	587.99	1.657	0.95078	1.4456	789.62	-0.01803	8.5523e-05	0.1045	supercritical
510.0	1252.5	827.62	0.0012083	436.74	588.08	1.6564	0.95092	1.4455	790.73	-0.018136	8.5671e-05	0.10464	supercritical
510.0	1255.8	828.4	0.0012071	436.57	588.16	1.6558	0.95105	1.4453	791.85	-0.018242	8.5819e-05	0.10478	supercritical
510.0	1259.0	829.19	0.001206	436.41	588.25	1.6552	0.95119	1.4451	792.95	-0.018347	8.5966e-05	0.10492	supercritical
510.0	1262.2	829.97	0.0012049	436.25	588.33	1.6546	0.95132	1.4449	794.06	-0.018452	8.6114e-05	0.10506	supercritical
510.0	1265.5	830.76	0.0012037	436.09	588.42	1.654	0.95146	1.4448	795.17	-0.018555	8.6261e-05	0.1052	supercritical
510.0	1268.8	831.54	0.0012026	435.93	588.51	1.6534	0.95159	1.4446	796.27	-0.018659	8.6409e-05	0.10534	supercritical
510.0	1272.0	832.31	0.0012015	435.77	588.6	1.6528	0.95173	1.4444	797.37	-0.018761	8.6556e-05	0.10548	supercritical
510.0	1275.2	833.09	0.0012004	435.61	588.68	1.6522	0.95186	1.4442	798.47	-0.018863	8.6703e-05	0.10562	supercritical
510.0	1278.5	833.86	0.0011992	435.45	588.77	1.6516	0.952	1.4441	799.57	-0.018964	8.685e-05	0.10576	supercritical
510.0	1281.8	834.63	0.0011981	435.29	588.86	1.651	0.95213	1.4439	800.67	-0.019064	8.6997e-05	0.1059	supercritical
510.0	1285.0	835.4	0.001197	435.13	588.95	1.6504	0.95227	1.4437	801.76	-0.019163	8.7143e-05	0.10604	supercritical
510.0	1288.2	836.16	0.0011959	434.98	589.04	1.6498	0.9524	1.4436	802.85	-0.019262	8.729e-05	0.10618	supercritical
510.0	1291.5	836.93	0.0011948	434.82	589.13	1.6493	0.95254	1.4434	803.94	-0.019361	8.7436e-05	0.10631	supercritical
510.0	1294.8	837.69	0.0011938	434.66	589.22	1.6487	0.95267	1.4432	805.03	-0.019458	8.7582e-05	0.10645	supercritical
510.0	1298.0	838.45	0.0011927	434.5	589.32	1.6481	0.95281	1.4431	806.12	-0.019555	8.7728e-05	0.10659	supercritical
510.0	1301.2	839.2	0.0011916	434.35	589.41	1.6475	0.95294	1.4429	807.2	-0.019652	8.7874e-05	0.10673	supercritical
510.0	1304.5	839.96	0.0011905	434.19	589.5	1.6469	0.95308	1.4428	808.29	-0.019747	8.802e-05	0.10687	supercritical
510.0	1307.8	840.71	0.0011895	434.04	589.59	1.6464	0.95321	1.4426	809.37	-0.019843	8.8166e-05	0.10701	supercritical
510.0	1311.0	841.46	0.0011884	433.88	589.69	1.6458	0.95335	1.4424	810.45	-0.019937	8.8312e-05	0.10715	supercritical
510.0	1314.2	842.21	0.0011874	433.73	589.78	1.6452	0.95348	1.4423	811.52	-0.020031	8.8457e-05	0.10728	supercritical
510.0	1317.5	842.95	0.0011863	433.58	589.87	1.6446	0.95362	1.4421	812.6	-0.020124	8.8602e-05	0.10742	supercritical
510.0	1320.8	843.69	0.0011853	433.42	589.97	1.6441	0.95375	1.442	813.67	-0.020217	8.8748e-05	0.10756	supercritical
510.0	1324.0	844.43	0.0011842	433.27	590.06	1.6435	0.95389	1.4418	814.74	-0.020309	8.8893e-05	0.1077	supercritical
510.0	1327.2	845.17	0.0011832	433.12	590.16	1.6429	0.95402	1.4417	815.81	-0.0204	8.9038e-05	0.10784	supercritical
510.0	1330.5	845.91	0.0011822	432.97	590.25	1.6424	0.95416	1.4415	816.88	-0.020491	8.9183e-05	0.10797	supercritical
510.0	1333.8	846.65	0.0011811	432.82	590.35	1.6418	0.95429	1.4413	817.95	-0.020581	8.9327e-05	0.10811	supercritical
510.0	1337.0	847.38	0.0011801	432.67	590.45	1.6412	0.95443	1.4412	819.01	-0.020671	8.9472e-05	0.10825	supercritical
510.0	1340.2	848.11	0.0011791	432.52	590.54	1.6407	0.95456	1.441	820.08	-0.02076	8.9617e-05	0.10839	supercritical
510.0	1343.5	848.84	0.0011781	432.37	590.64	1.6401	0.9547	1.4409	821.14	-0.020849	8.9761e-05	0.10852	supercritical
510.0	1346.8	849.56	0.0011771	432.22	590.74	1.6396	0.95483	1.4407	822.2	-0.020937	8.9905e-05	0.10866	supercritical
510.0	1350.0	850.29	0.0011761	432.07	590.84	1.639	0.95497	1.4406	823.25	-0.021024	9.0049e-05	0.1088	supercritical
510.0	1353.2	851.01	0.0011751	431.92	590.94	1.6385	0.9551	1.4404	824.31	-0.021111	9.0193e-05	0.10894	supercritical
510.0	1356.5	851.73	0.0011741	431.77	591.04	1.6379	0.95524	1.4403	825.36	-0.021197	9.0337e-05	0.10907	supercritical
510.0	1359.8	852.45	0.0011731	431.62	591.13	1.6373	0.95537	1.4402	826.41	-0.021283	9.0481e-05	0.10921	supercritical
510.0	1363.0	853.17	0.0011721	431.48	591.23	1.6368	0.95551	1.44	827.46	-0.021368	9.0625e-05	0.10935	supercritical
510.0	1366.2	853.88	0.0011711	431.33	591.33	1.6362	0.95564	1.4399	828.51	-0.021453	9.0768e-05	0.10948	supercritical
510.0	1369.5	854.59	0.0011701	431.18	591.44	1.6357	0.95578	1.4397	829.56	-0.021537	9.0912e-05	0.10962	supercritical
510.0	1372.8	855.3	0.0011692	431.04	591.54	1.6351	0.95591	1.4396	830.61	-0.02162	9.1055e-05	0.10976	supercritical
510.0	1376.0	856.01	0.0011682	430.89	591.64	1.6346	0.95605	1.4394	831.65	-0.021703	9.1198e-05	0.10989	supercritical
510.0	1379.2	856.72	0.0011672	430.75	591.74	1.6341	0.95618	1.4393	832.69	-0.021786	9.1342e-05	0.11003	supercritical
510.0	1382.5	857.42	0.0011663	430.6	591.84	1.6335	0.95632	1.4392	833.73	-0.021868	9.1485e-05	0.11017	supercritical
510.0	1385.8	858.12	0.0011653	430.46	591.94	1.633	0.95645	1.439	834.77	-0.02195	9.1627e-05	0.1103	supercritical
510.0	1389.0	858.83	0.0011644	430.31	592.05	1.6324	0.95659	1.4389	835.8	-0.022031	9.177e-05	0.11044	supercritical
510.0	1392.2	859.52	0.0011634	430.17	592.15	1.6319	0.95672	1.4387	836.84	-0.022111	9.1913e-05	0.11058	supercritical
510.0	1395.5	860.22	0.0011625	430.03	592.25	1.6314	0.95686	1.4386	837.87	-0.022191	9.2055e-05	0.11071	supercritical
510.0	1398.8	860.92	0.0011616	429.89	592.36	1.6308	0.95699	1.4385	838.9	-0.022271	9.2198e-05	0.11085	supercritical
510.0	1402.0	861.61	0.0011606	429.74	592.46	1.6303	0.95713	1.4383	839.93	-0.02235	9.234e-05	0.11098	supercritical
510.0	1405.2	862.3	0.0011597	429.6	592.57	1.6297	0.95726	1.4382	840.96	-0.022428	9.2482e-05	0.11112	supercritical
510.0	1408.5	862.99	0.0011588	429.46	592.67	1.6292	0.9574	1.4381	841.99	-0.022506	9.2625e-05	0.11125	supercritical
510.0	1411.8	863.68	0.0011578	429.32	592.78	1.6287	0.95753	1.4379	843.01	-0.022584	9.2767e-05	0.11139	supercritical
510.0	1415.0	864.36	0.0011569	429.18	592.88	1.6282	0.95766	1.4378	844.04	-0.022661	9.2909e-05	0.11153	supercritical
510.0	1418.2	865.05	0.001156	429.04	592.99	1.6276	0.9578	1.4377	845.06	-0.022738	9.305e-05	0.11166	supercritical
510.0	1421.5	865.73	0.0011551	428.9	593.09	1.6271	0.95793	1.4375	846.08	-0.022814	9.3192e-05	0.1118	supercritical
510.0	1424.8	866.41	0.0011542	428.76	593.2	1.6266	0.95807	1.4374	847.09	-0.022889	9.3334e-05	0.11193	supercritical
510.0	1428.0	867.09	0.0011533	428.62	593.31	1.626	0.9582	1.4373	848.11	-0.022965	9.3475e-05	0.11207	supercritical
510.0	1431.2	867.77	0.0011524	428.48	593.42	1.6255	0.95834	1.4372	849.13	-0.023039	9.3617e-05	0.1122	supercritical
510.0	1434.5	868.44	0.0011515	428.34	593.52	1.625	0.95847	1.437	850.14	-0.023114	9.3758e-05	0.11234	supercritical
510.0	1437.8	869.11	0.0011506	428.2	593.63	1.6245	0.95861	1.4369	851.15	-0.023188	9.3899e-05	0.11247	supercritical
510.0	1441.0	869.79	0.0011497	428.07	593.74	1.624	0.95874	1.4368	852.16	-0.023261	9.404e-05	0.11261	supercritical
510.0	1444.2	870.46	0.0011488	427.93	593.85	1.6234	0.95888	1.4366	853.17	-0.023334	9.4181e-05	0.11274	supercritical
510.0	1447.5	871.12	0.0011479	427.79	593.96	1.6229	0.95901	1.4365	854.17	-0.023407	9.4322e-05	0.11288	supercritical
510.0	1450.8	871.79	0.0011471	427.66	594.07	1.6224	0.95914	1.4364	855.18	-0.023479	9.4463e-05	0.11301	supercritical
510.0	1454.0	872.46	0.0011462	427.52	594.18	1.6219	0.95928	1.4363	856.18	-0.023551	9.4604e-05	0.11315	supercritical
510.0	1457.2	873.12	0.0011453	427.39	594.29	1.6214	0.95941	1.4362	857.19	-0.023622	9.4744e-05	0.11328	supercritical
510.0	1460.5	873.78	0.0011445	427.25	594.4	1.6209	0.95955	1.436	858.19	-0.023693	9.4885e-05	0.11341	supercritical
510.0	1463.8	874.44	0.0011436	427.12	594.51	1.6203	0.95968	1.4359	859.18	-0.023763	9.5025e-05	0.11355	supercritical
510.0	1467.0	875.1	0.0011427	426.98	594.62	1.6198	0.95982	1.4358	860.18	-0.023833	9.5165e-05	0.11368	supercritical
510.0	1470.2	875.75	0.0011419	426.85	594.73	1.6193	0.95995	1.4357	861.18	-0.023903	9.5306e-05	0.11382	supercritical
510.0	1473.5	876.41	0.001141	426.71	594.84	1.6188	0.96008	1.4355	862.17	-0.023972	9.5446e-05	0.11395	supercritical
510.0	1476.8	877.06	0.0011402	426.58	594.95	1.6183	0.96022	1.4354	863.16	-0.024041	9.5586e-05	0.11409	supercritical
510.0	1480.0	877.71	0.0011393	426.45	595.07	1.6178	0.96035	1.4353	864.15	-0.024109	9.5726e-05	0.11422	supercritical
510.0	1483.2	878.36	0.0011385	426.31	595.18	1.6173	0.96049	1.4352	865.14	-0.024177	9.5866e-05	0.11435	supercritical
510.0	1486.5	879.01	0.0011376	426.18	595.29	1.6168	0.96062	1.4351	866.13	-0.024245	9.6005e-05	0.11449	supercritical
510.0	1489.8	879.66	0.0011368	426.05	595.41	1.6163	0.96076	1.435	867.12	-0.024312	9.6145e-05	0.11462	supercritical
510.0	1493.0	880.3	0.001136	425.92	595.52	1.6158	0.96089	1.4348	868.1	-0.024379	9.6285e-05	0.11475	supercritical
510.0	1496.2	880.94	0.0011351	425.79	595.63	1.6153	0.96102	1.4347	869.08	-0.024445	9.6424e-05	0.11489	supercritical
510.0	1499.5	881.59	0.0011343	425.66	595.75	1.6148	0.96116	1.4346	870.07	-0.024511	9.6563e-05	0.11502	supercritical
510.0	1502.8	882.23	0.0011335	425.53	595.86	1.6143	0.96129	1.4345	871.05	-0.024577	9.6703e-05	0.11516	supercritical
510.0	1506.0	882.86	0.0011327	425.4	595.98	1.6138	0.96143	1.4344	872.02	-0.024642	9.6842e-05	0.11529	supercritical
510.0	1509.2	883.5	0.0011319	425.27	596.09	1.6133	0.96156	1.4343	873.0	-0.024707	9.6981e-05	0.11542	supercritical
510.0	1512.5	884.14	0.001131	425.14	596.21	1.6128	0.9617	1.4342	873.98	-0.024772	9.712e-05	0.11556	supercritical
510.0	1515.8	884.77	0.0011302	425.01	596.32	1.6123	0.96183	1.4341	874.95	-0.024836	9.7259e-05	0.11569	supercritical
510.0	1519.0	885.4	0.0011294	424.88	596.44	1.6118	0.96196	1.434	875.92	-0.0249	9.7398e-05	0.11582	supercritical
510.0	1522.2	886.03	0.0011286	424.75	596.55	1.6113	0.9621	1.4338	876.89	-0.024963	9.7537e-05	0.11595	supercritical
510.0	1525.5	886.66	0.0011278	424.62	596.67	1.6108	0.96223	1.4337	877.86	-0.025026	9.7675e-05	0.11609	supercritical
510.0	1528.8	887.29	0.001127	424.49	596.79	1.6103	0.96237	1.4336	878.83	-0.025089	9.7814e-05	0.11622	supercritical
510.0	1532.0	887.92	0.0011262	424.37	596.9	1.6099	0.9625	1.4335	879.8	-0.025151	9.7952e-05	0.11635	supercritical
510.0	1535.2	888.54	0.0011254	424.24	597.02	1.6094	0.96263	1.4334	880.76	-0.025213	9.8091e-05	0.11649	supercritical
510.0	1538.5	889.16	0.0011247	424.11	597.14	1.6089	0.96277	1.4333	881.73	-0.025275	9.8229e-05	0.11662	supercritical
510.0	1541.8	889.78	0.0011239	423.99	597.26	1.6084	0.9629	1.4332	882.69	-0.025336	9.8367e-05	0.11675	supercritical
510.0	1545.0	890.4	0.0011231	423.86	597.38	1.6079	0.96304	1.4331	883.65	-0.025397	9.8505e-05	0.11689	supercritical
510.0	1548.2	891.02	0.0011223	423.73	597.49	1.6074	0.96317	1.433	884.61	-0.025458	9.8643e-05	0.11702	supercritical
510.0	1551.5	891.64	0.0011215	423.61	597.61	1.607	0.9633	1.4329	885.57	-0.025518	9.8781e-05	0.11715	supercritical
510.0	1554.8	892.26	0.0011208	423.48	597.73	1.6065	0.96344	1.4328	886.52	-0.025578	9.8919e-05	0.11728	supercritical
510.0	1558.0	892.87	0.00112	423.36	597.85	1.606	0.96357	1.4327	887.48	-0.025638	9.9057e-05	0.11742	supercritical
510.0	1561.2	893.48	0.0011192	423.23	597.97	1.6055	0.9637	1.4326	888.43	-0.025697	9.9195e-05	0.11755	supercritical
510.0	1564.5	894.09	0.0011184	423.11	598.09	1.605	0.96384	1.4325	889.38	-0.025756	9.9333e-05	0.11768	supercritical
510.0	1567.8	894.7	0.0011177	422.99	598.21	1.6046	0.96397	1.4324	890.34	-0.025815	9.947e-05	0.11781	supercritical
510.0	1571.0	895.31	0.0011169	422.86	598.33	1.6041	0.96411	1.4323	891.28	-0.025873	9.9608e-05	0.11794	supercritical
510.0	1574.2	895.92	0.0011162	422.74	598.45	1.6036	0.96424	1.4322	892.23	-0.025931	9.9745e-05	0.11808	supercritical
510.0	1577.5	896.53	0.0011154	422.62	598.57	1.6031	0.96437	1.4321	893.18	-0.025989	9.9882e-05	0.11821	supercritical
510.0	1580.8	897.13	0.0011147	422.49	598.69	1.6027	0.96451	1.432	894.12	-0.026046	0.00010002	0.11834	supercritical
510.0	1584.0	897.73	0.0011139	422.37	598.81	1.6022	0.96464	1.4319	895.07	-0.026103	0.00010016	0.11847	supercritical
510.0	1587.2	898.33	0.0011132	422.25	598.94	1.6017	0.96477	1.4318	896.01	-0.02616	0.00010029	0.1186	supercritical
510.0	1590.5	898.93	0.0011124	422.13	599.06	1.6012	0.96491	1.4317	896.95	-0.026216	0.00010043	0.11874	supercritical
510.0	1593.8	899.53	0.0011117	422.0	599.18	1.6008	0.96504	1.4316	897.89	-0.026272	0.00010057	0.11887	supercritical
510.0	1597.0	900.13	0.0011109	421.88	599.3	1.6003	0.96518	1.4315	898.83	-0.026328	0.0001007	0.119	supercritical
510.0	1600.2	900.73	0.0011102	421.76	599.43	1.5998	0.96531	1.4314	899.76	-0.026384	0.00010084	0.11913	supercritical
510.0	1603.5	901.32	0.0011095	421.64	599.55	1.5994	0.96544	1.4313	900.7	-0.026439	0.00010098	0.11926	supercritical
510.0	1606.8	901.91	0.0011088	421.52	599.67	1.5989	0.96558	1.4312	901.63	-0.026494	0.00010111	0.11939	supercritical
510.0	1610.0	902.51	0.001108	421.4	599.79	1.5984	0.96571	1.4311	902.57	-0.026548	0.00010125	0.11953	supercritical
510.0	1613.2	903.1	0.0011073	421.28	599.92	1.598	0.96584	1.431	903.5	-0.026603	0.00010139	0.11966	supercritical
510.0	1616.5	903.69	0.0011066	421.16	600.04	1.5975	0.96598	1.4309	904.43	-0.026657	0.00010152	0.11979	supercritical
510.0	1619.8	904.27	0.0011059	421.04	600.17	1.5971	0.96611	1.4308	905.35	-0.02671	0.00010166	0.11992	supercritical
510.0	1623.0	904.86	0.0011051	420.93	600.29	1.5966	0.96624	1.4307	906.28	-0.026764	0.0001018	0.12005	supercritical
510.0	1626.2	905.45	0.0011044	420.81	600.41	1.5961	0.96638	1.4307	907.21	-0.026817	0.00010193	0.12018	supercritical
510.0	1629.5	906.03	0.0011037	420.69	600.54	1.5957	0.96651	1.4306	908.13	-0.02687	0.00010207	0.12031	supercritical
510.0	1632.8	906.61	0.001103	420.57	600.66	1.5952	0.96664	1.4305	909.06	-0.026923	0.0001022	0.12045	supercritical
510.0	1636.0	907.19	0.0011023	420.45	600.79	1.5948	0.96678	1.4304	909.98	-0.026975	0.00010234	0.12058	supercritical
510.0	1639.2	907.77	0.0011016	420.34	600.92	1.5943	0.96691	1.4303	910.9	-0.027027	0.00010248	0.12071	supercritical
510.0	1642.5	908.35	0.0011009	420.22	601.04	1.5938	0.96704	1.4302	911.82	-0.027079	0.00010261	0.12084	supercritical
510.0	1645.8	908.93	0.0011002	420.1	601.17	1.5934	0.96718	1.4301	912.73	-0.02713	0.00010275	0.12097	supercritical
510.0	1649.0	909.51	0.0010995	419.99	601.29	1.5929	0.96731	1.43	913.65	-0.027181	0.00010288	0.1211	supercritical
510.0	1652.2	910.08	0.0010988	419.87	601.42	1.5925	0.96744	1.4299	914.57	-0.027232	0.00010302	0.12123	supercritical
510.0	1655.5	910.65	0.0010981	419.75	601.55	1.592	0.96758	1.4299	915.48	-0.027283	0.00010316	0.12136	supercritical
510.0	1658.8	911.23	0.0010974	419.64	601.67	1.5916	0.96771	1.4298	916.39	-0.027333	0.00010329	0.12149	supercritical
510.0	1662.0	911.8	0.0010967	419.52	601.8	1.5911	0.96784	1.4297	917.3	-0.027384	0.00010343	0.12162	supercritical
510.0	1665.2	912.37	0.001096	419.41	601.93	1.5907	0.96798	1.4296	918.21	-0.027433	0.00010356	0.12175	supercritical
510.0	1668.5	912.94	0.0010954	419.29	602.06	1.5902	0.96811	1.4295	919.12	-0.027483	0.0001037	0.12189	supercritical
510.0	1671.8	913.5	0.0010947	419.18	602.18	1.5898	0.96824	1.4294	920.03	-0.027532	0.00010383	0.12202	supercritical
510.0	1675.0	914.07	0.001094	419.07	602.31	1.5893	0.96837	1.4293	920.94	-0.027582	0.00010397	0.12215	supercritical
510.0	1678.2	914.64	0.0010933	418.95	602.44	1.5889	0.96851	1.4293	921.84	-0.02763	0.0001041	0.12228	supercritical
510.0	1681.5	915.2	0.0010927	418.84	602.57	1.5885	0.96864	1.4292	922.74	-0.027679	0.00010424	0.12241	supercritical
510.0	1684.8	915.76	0.001092	418.72	602.7	1.588	0.96877	1.4291	923.65	-0.027727	0.00010437	0.12254	supercritical
510.0	1688.0	916.32	0.0010913	418.61	602.83	1.5876	0.96891	1.429	924.55	-0.027776	0.00010451	0.12267	supercritical
510.0	1691.2	916.88	0.0010907	418.5	602.95	1.5871	0.96904	1.4289	925.45	-0.027823	0.00010464	0.1228	supercritical
510.0	1694.5	917.44	0.00109	418.39	603.08	1.5867	0.96917	1.4288	926.34	-0.027871	0.00010478	0.12293	supercritical
510.0	1697.8	918.0	0.0010893	418.27	603.21	1.5862	0.9693	1.4288	927.24	-0.027918	0.00010491	0.12306	supercritical
510.0	1701.0	918.56	0.0010887	418.16	603.34	1.5858	0.96944	1.4287	928.14	-0.027966	0.00010505	0.12319	supercritical
510.0	1704.2	919.11	0.001088	418.05	603.47	1.5854	0.96957	1.4286	929.03	-0.028012	0.00010518	0.12332	supercritical
510.0	1707.5	919.67	0.0010874	417.94	603.6	1.5849	0.9697	1.4285	929.93	-0.028059	0.00010531	0.12345	supercritical
510.0	1710.8	920.22	0.0010867	417.83	603.73	1.5845	0.96984	1.4284	930.82	-0.028105	0.00010545	0.12358	supercritical
510.0	1714.0	920.77	0.001086	417.72	603.86	1.5841	0.96997	1.4284	931.71	-0.028152	0.00010558	0.12371	supercritical
510.0	1717.2	921.32	0.0010854	417.61	604.0	1.5836	0.9701	1.4283	932.6	-0.028198	0.00010572	0.12384	supercritical
510.0	1720.5	921.87	0.0010847	417.5	604.13	1.5832	0.97023	1.4282	933.49	-0.028243	0.00010585	0.12397	supercritical
510.0	1723.8	922.42	0.0010841	417.38	604.26	1.5828	0.97037	1.4281	934.37	-0.028289	0.00010599	0.1241	supercritical
510.0	1727.0	922.97	0.0010835	417.27	604.39	1.5823	0.9705	1.4281	935.26	-0.028334	0.00010612	0.12423	supercritical
510.0	1730.2	923.51	0.0010828	417.17	604.52	1.5819	0.97063	1.428	936.15	-0.028379	0.00010625	0.12436	supercritical
510.0	1733.5	924.06	0.0010822	417.06	604.65	1.5815	0.97076	1.4279	937.03	-0.028424	0.00010639	0.12449	supercritical
510.0	1736.8	924.6	0.0010815	416.95	604.78	1.581	0.9709	1.4278	937.91	-0.028468	0.00010652	0.12462	supercritical
510.0	1740.0	925.15	0.0010809	416.84	604.92	1.5806	0.97103	1.4278	938.79	-0.028513	0.00010666	0.12475	supercritical
510.0	1743.2	925.69	0.0010803	416.73	605.05	1.5802	0.97116	1.4277	939.67	-0.028557	0.00010679	0.12488	supercritical
510.0	1746.5	926.23	0.0010796	416.62	605.18	1.5797	0.97129	1.4276	940.55	-0.028601	0.00010692	0.12501	supercritical
510.0	1749.8	926.77	0.001079	416.51	605.31	1.5793	0.97143	1.4275	941.43	-0.028645	0.00010706	0.12514	supercritical
510.0	1753.0	927.31	0.0010784	416.4	605.45	1.5789	0.97156	1.4275	942.31	-0.028688	0.00010719	0.12527	supercritical
510.0	1756.2	927.84	0.0010778	416.3	605.58	1.5785	0.97169	1.4274	943.18	-0.028731	0.00010732	0.12539	supercritical
510.0	1759.5	928.38	0.0010771	416.19	605.71	1.578	0.97182	1.4273	944.05	-0.028774	0.00010746	0.12552	supercritical
510.0	1762.8	928.91	0.0010765	416.08	605.85	1.5776	0.97196	1.4272	944.93	-0.028817	0.00010759	0.12565	supercritical
510.0	1766.0	929.45	0.0010759	415.98	605.98	1.5772	0.97209	1.4272	945.8	-0.02886	0.00010772	0.12578	supercritical
510.0	1769.2	929.98	0.0010753	415.87	606.12	1.5768	0.97222	1.4271	946.67	-0.028902	0.00010786	0.12591	supercritical
510.0	1772.5	930.51	0.0010747	415.76	606.25	1.5763	0.97235	1.427	947.54	-0.028944	0.00010799	0.12604	supercritical
510.0	1775.8	931.04	0.0010741	415.66	606.38	1.5759	0.97248	1.427	948.41	-0.028986	0.00010812	0.12617	supercritical
510.0	1779.0	931.57	0.0010735	415.55	606.52	1.5755	0.97262	1.4269	949.27	-0.029028	0.00010826	0.1263	supercritical
510.0	1782.2	932.1	0.0010728	415.45	606.65	1.5751	0.97275	1.4268	950.14	-0.02907	0.00010839	0.12643	supercritical
510.0	1785.5	932.63	0.0010722	415.34	606.79	1.5747	0.97288	1.4267	951.0	-0.029111	0.00010852	0.12656	supercritical
510.0	1788.8	933.16	0.0010716	415.23	606.92	1.5742	0.97301	1.4267	951.87	-0.029152	0.00010866	0.12669	supercritical
510.0	1792.0	933.68	0.001071	415.13	607.06	1.5738	0.97315	1.4266	952.73	-0.029193	0.00010879	0.12682	supercritical
510.0	1795.2	934.21	0.0010704	415.02	607.19	1.5734	0.97328	1.4265	953.59	-0.029234	0.00010892	0.12694	supercritical
510.0	1798.5	934.73	0.0010698	414.92	607.33	1.573	0.97341	1.4265	954.45	-0.029275	0.00010905	0.12707	supercritical
510.0	1801.8	935.25	0.0010692	414.82	607.46	1.5726	0.97354	1.4264	955.31	-0.029315	0.00010919	0.1272	supercritical
510.0	1805.0	935.77	0.0010686	414.71	607.6	1.5722	0.97367	1.4263	956.17	-0.029355	0.00010932	0.12733	supercritical
510.0	1808.2	936.29	0.001068	414.61	607.74	1.5717	0.9738	1.4263	957.03	-0.029395	0.00010945	0.12746	supercritical
510.0	1811.5	936.81	0.0010675	414.5	607.87	1.5713	0.97394	1.4262	957.88	-0.029435	0.00010958	0.12759	supercritical
510.0	1814.8	937.33	0.0010669	414.4	608.01	1.5709	0.97407	1.4261	958.74	-0.029475	0.00010972	0.12772	supercritical
510.0	1818.0	937.85	0.0010663	414.3	608.15	1.5705	0.9742	1.4261	959.59	-0.029514	0.00010985	0.12785	supercritical
510.0	1821.2	938.36	0.0010657	414.2	608.28	1.5701	0.97433	1.426	960.44	-0.029553	0.00010998	0.12797	supercritical
510.0	1824.5	938.88	0.0010651	414.09	608.42	1.5697	0.97446	1.4259	961.29	-0.029592	0.00011011	0.1281	supercritical
510.0	1827.8	939.39	0.0010645	413.99	608.56	1.5693	0.9746	1.4259	962.14	-0.029631	0.00011025	0.12823	supercritical
510.0	1831.0	939.91	0.0010639	413.89	608.7	1.5689	0.97473	1.4258	962.99	-0.02967	0.00011038	0.12836	supercritical
510.0	1834.2	940.42	0.0010634	413.79	608.83	1.5685	0.97486	1.4257	963.84	-0.029708	0.00011051	0.12849	supercritical
510.0	1837.5	940.93	0.0010628	413.68	608.97	1.5681	0.97499	1.4257	964.69	-0.029747	0.00011064	0.12862	supercritical
510.0	1840.8	941.44	0.0010622	413.58	609.11	1.5676	0.97512	1.4256	965.53	-0.029785	0.00011077	0.12875	supercritical
510.0	1844.0	941.95	0.0010616	413.48	609.25	1.5672	0.97525	1.4256	966.37	-0.029823	0.00011091	0.12887	supercritical
510.0	1847.2	942.46	0.0010611	413.38	609.38	1.5668	0.97539	1.4255	967.22	-0.02986	0.00011104	0.129	supercritical
510.0	1850.5	942.96	0.0010605	413.28	609.52	1.5664	0.97552	1.4254	968.06	-0.029898	0.00011117	0.12913	supercritical
510.0	1853.8	943.47	0.0010599	413.18	609.66	1.566	0.97565	1.4254	968.9	-0.029935	0.0001113	0.12926	supercritical
510.0	1857.0	943.97	0.0010594	413.08	609.8	1.5656	0.97578	1.4253	969.74	-0.029973	0.00011143	0.12939	supercritical
510.0	1860.2	944.48	0.0010588	412.98	609.94	1.5652	0.97591	1.4252	970.58	-0.03001	0.00011157	0.12952	supercritical
510.0	1863.5	944.98	0.0010582	412.88	610.08	1.5648	0.97604	1.4252	971.42	-0.030046	0.0001117	0.12964	supercritical
510.0	1866.8	945.48	0.0010577	412.78	610.22	1.5644	0.97617	1.4251	972.26	-0.030083	0.00011183	0.12977	supercritical
510.0	1870.0	945.99	0.0010571	412.68	610.36	1.564	0.97631	1.4251	973.09	-0.03012	0.00011196	0.1299	supercritical
510.0	1873.2	946.49	0.0010565	412.58	610.5	1.5636	0.97644	1.425	973.93	-0.030156	0.00011209	0.13003	supercritical
510.0	1876.5	946.99	0.001056	412.48	610.64	1.5632	0.97657	1.4249	974.76	-0.030192	0.00011222	0.13016	supercritical
510.0	1879.8	947.49	0.0010554	412.38	610.78	1.5628	0.9767	1.4249	975.59	-0.030228	0.00011236	0.13028	supercritical
510.0	1883.0	947.98	0.0010549	412.28	610.92	1.5624	0.97683	1.4248	976.42	-0.030264	0.00011249	0.13041	supercritical
510.0	1886.2	948.48	0.0010543	412.19	611.06	1.562	0.97696	1.4248	977.25	-0.0303	0.00011262	0.13054	supercritical
510.0	1889.5	948.98	0.0010538	412.09	611.2	1.5616	0.97709	1.4247	978.08	-0.030335	0.00011275	0.13067	supercritical
510.0	1892.8	949.47	0.0010532	411.99	611.34	1.5612	0.97722	1.4246	978.91	-0.030371	0.00011288	0.1308	supercritical
510.0	1896.0	949.96	0.0010527	411.89	611.48	1.5608	0.97735	1.4246	979.74	-0.030406	0.00011301	0.13092	supercritical
510.0	1899.2	950.46	0.0010521	411.79	611.62	1.5604	0.97749	1.4245	980.57	-0.030441	0.00011314	0.13105	supercritical
510.0	1902.5	950.95	0.0010516	411.7	611.76	1.5601	0.97762	1.4245	981.39	-0.030476	0.00011327	0.13118	supercritical
510.0	1905.8	951.44	0.001051	411.6	611.9	1.5597	0.97775	1.4244	982.21	-0.03051	0.00011341	0.13131	supercritical
510.0	1909.0	951.93	0.0010505	411.5	612.04	1.5593	0.97788	1.4244	983.04	-0.030545	0.00011354	0.13144	supercritical
510.0	1912.2	952.42	0.00105	411.41	612.18	1.5589	0.97801	1.4243	983.86	-0.030579	0.00011367	0.13156	supercritical
510.0	1915.5	952.91	0.0010494	411.31	612.33	1.5585	0.97814	1.4242	984.68	-0.030614	0.0001138	0.13169	supercritical
510.0	1918.8	953.4	0.0010489	411.21	612.47	1.5581	0.97827	1.4242	985.5	-0.030648	0.00011393	0.13182	supercritical
510.0	1922.0	953.88	0.0010483	411.12	612.61	1.5577	0.9784	1.4241	986.32	-0.030682	0.00011406	0.13195	supercritical
510.0	1925.2	954.37	0.0010478	411.02	612.75	1.5573	0.97853	1.4241	987.14	-0.030715	0.00011419	0.13207	supercritical
510.0	1928.5	954.85	0.0010473	410.93	612.89	1.5569	0.97866	1.424	987.96	-0.030749	0.00011432	0.1322	supercritical
510.0	1931.8	955.34	0.0010467	410.83	613.04	1.5565	0.97879	1.424	988.77	-0.030783	0.00011445	0.13233	supercritical
510.0	1935.0	955.82	0.0010462	410.74	613.18	1.5561	0.97893	1.4239	989.59	-0.030816	0.00011458	0.13246	supercritical
510.0	1938.2	956.3	0.0010457	410.64	613.32	1.5558	0.97906	1.4239	990.4	-0.030849	0.00011471	0.13258	supercritical
510.0	1941.5	956.78	0.0010452	410.55	613.46	1.5554	0.97919	1.4238	991.21	-0.030882	0.00011484	0.13271	supercritical
510.0	1944.8	957.27	0.0010446	410.45	613.61	1.555	0.97932	1.4238	992.03	-0.030915	0.00011497	0.13284	supercritical
510.0	1948.0	957.75	0.0010441	410.36	613.75	1.5546	0.97945	1.4237	992.84	-0.030948	0.00011511	0.13297	supercritical
510.0	1951.2	958.22	0.0010436	410.26	613.89	1.5542	0.97958	1.4236	993.65	-0.03098	0.00011524	0.13309	supercritical
510.0	1954.5	958.7	0.0010431	410.17	614.04	1.5538	0.97971	1.4236	994.45	-0.031013	0.00011537	0.13322	supercritical
510.0	1957.8	959.18	0.0010426	410.07	614.18	1.5535	0.97984	1.4235	995.26	-0.031045	0.0001155	0.13335	supercritical
510.0	1961.0	959.66	0.001042	409.98	614.32	1.5531	0.97997	1.4235	996.07	-0.031077	0.00011563	0.13347	supercritical
510.0	1964.2	960.13	0.0010415	409.89	614.47	1.5527	0.9801	1.4234	996.88	-0.031109	0.00011576	0.1336	supercritical
510.0	1967.5	960.61	0.001041	409.79	614.61	1.5523	0.98023	1.4234	997.68	-0.031141	0.00011589	0.13373	supercritical
510.0	1970.8	961.08	0.0010405	409.7	614.76	1.5519	0.98036	1.4233	998.48	-0.031172	0.00011602	0.13386	supercritical
510.0	1974.0	961.55	0.00104	409.61	614.9	1.5515	0.98049	1.4233	999.29	-0.031204	0.00011615	0.13398	supercritical
510.0	1977.2	962.02	0.0010395	409.51	615.04	1.5512	0.98062	1.4232	1000.1	-0.031235	0.00011628	0.13411	supercritical
510.0	1980.5	962.5	0.001039	409.42	615.19	1.5508	0.98075	1.4232	1000.9	-0.031267	0.00011641	0.13424	supercritical
510.0	1983.8	962.97	0.0010385	409.33	615.33	1.5504	0.98088	1.4231	1001.7	-0.031298	0.00011654	0.13436	supercritical
510.0	1987.0	963.43	0.001038	409.24	615.48	1.55	0.98101	1.4231	1002.5	-0.031329	0.00011667	0.13449	supercritical
510.0	1990.2	963.9	0.0010374	409.15	615.62	1.5497	0.98114	1.423	1003.3	-0.03136	0.0001168	0.13462	supercritical
510.0	1993.5	964.37	0.0010369	409.05	615.77	1.5493	0.98127	1.423	1004.1	-0.03139	0.00011693	0.13475	supercritical
510.0	1996.8	964.84	0.0010364	408.96	615.91	1.5489	0.9814	1.4229	1004.9	-0.031421	0.00011706	0.13487	supercritical
510.0	2000.0	965.3	0.0010359	408.87	616.06	1.5485	0.98153	1.4229	1005.7	-0.031451	0.00011719	0.135	supercritical
