Temperature (K)	Pressure (bar)	Density (kg/m3)	Volume (m3/kg)	Internal Energy (kJ/kg)	Enthalpy (kJ/kg)	Entropy (J/g*K)	Cv (J/g*K)	Cp (J/g*K)	Sound Spd. (m/s)	Joule-Thomson (K/bar)	Viscosity (Pa*s)	Therm. Cond. (W/m*K)	Phase
617.0	56.5	48.956	0.020426	691.81	807.22	2.6636	0.90375	1.1264	377.81	0.17266	2.9212e-05	0.04412	vapor
617.0	59.75	51.795	0.019307	691.23	806.58	2.6521	0.90419	1.1288	378.0	0.17172	2.9258e-05	0.044222	vapor
617.0	63.0	54.635	0.018303	690.65	805.96	2.6412	0.90464	1.1312	378.21	0.17078	2.9304e-05	0.044324	vapor
617.0	66.25	57.477	0.017398	690.07	805.33	2.6307	0.90508	1.1337	378.42	0.16983	2.935e-05	0.044427	vapor
617.0	69.5	60.32	0.016578	689.49	804.7	2.6208	0.90552	1.1361	378.65	0.16888	2.9398e-05	0.044529	vapor
617.0	72.75	63.165	0.015832	688.91	804.08	2.6112	0.90596	1.1385	378.88	0.16793	2.9446e-05	0.044632	vapor
617.0	76.0	66.011	0.015149	688.33	803.46	2.6021	0.9064	1.1409	379.12	0.16698	2.9494e-05	0.044734	vapor
617.0	76.0	66.011	0.015149	688.33	803.46	2.6021	0.9064	1.1409	379.12	0.16698	2.9494e-05	0.044734	supercritical
617.0	76.0	66.011	0.015149	688.33	803.46	2.6021	0.9064	1.1409	379.12	0.16698	2.9494e-05	0.044734	supercritical
617.0	79.25	68.858	0.014523	687.75	802.84	2.5933	0.90684	1.1434	379.36	0.16603	2.9543e-05	0.044837	supercritical
617.0	82.5	71.705	0.013946	687.17	802.23	2.5848	0.90728	1.1458	379.62	0.16508	2.9593e-05	0.04494	supercritical
617.0	85.75	74.554	0.013413	686.6	801.61	2.5766	0.90771	1.1482	379.88	0.16412	2.9643e-05	0.045043	supercritical
617.0	89.0	77.403	0.012919	686.02	801.0	2.5686	0.90814	1.1506	380.15	0.16316	2.9694e-05	0.045147	supercritical
617.0	92.25	80.253	0.012461	685.44	800.39	2.561	0.90858	1.1531	380.43	0.1622	2.9746e-05	0.045251	supercritical
617.0	95.5	83.103	0.012033	684.87	799.79	2.5535	0.90901	1.1555	380.72	0.16124	2.9798e-05	0.045355	supercritical
617.0	98.75	85.953	0.011634	684.29	799.18	2.5463	0.90943	1.1579	381.02	0.16027	2.9851e-05	0.045459	supercritical
617.0	102.0	88.803	0.011261	683.72	798.58	2.5393	0.90986	1.1603	381.32	0.1593	2.9904e-05	0.045565	supercritical
617.0	105.25	91.654	0.010911	683.15	797.98	2.5325	0.91029	1.1627	381.63	0.15833	2.9959e-05	0.04567	supercritical
617.0	108.5	94.504	0.010582	682.57	797.38	2.5259	0.91071	1.1651	381.95	0.15736	3.0014e-05	0.045776	supercritical
617.0	111.75	97.354	0.010272	682.0	796.79	2.5194	0.91113	1.1675	382.28	0.15639	3.0069e-05	0.045883	supercritical
617.0	115.0	100.2	0.0099797	681.43	796.2	2.5131	0.91155	1.1699	382.62	0.15541	3.0125e-05	0.04599	supercritical
617.0	118.25	103.05	0.0097038	680.86	795.61	2.507	0.91197	1.1723	382.97	0.15443	3.0182e-05	0.046097	supercritical
617.0	121.5	105.9	0.0094429	680.29	795.02	2.501	0.91238	1.1747	383.32	0.15345	3.024e-05	0.046205	supercritical
617.0	124.75	108.75	0.0091956	679.72	794.44	2.4952	0.9128	1.1771	383.69	0.15247	3.0298e-05	0.046314	supercritical
617.0	128.0	111.59	0.0089611	679.15	793.85	2.4894	0.91321	1.1795	384.06	0.15148	3.0357e-05	0.046424	supercritical
617.0	131.25	114.44	0.0087383	678.58	793.27	2.4838	0.91362	1.1818	384.44	0.15049	3.0417e-05	0.046534	supercritical
617.0	134.5	117.28	0.0085264	678.02	792.7	2.4783	0.91403	1.1842	384.83	0.1495	3.0477e-05	0.046645	supercritical
617.0	137.75	120.13	0.0083246	677.45	792.12	2.473	0.91443	1.1866	385.23	0.14851	3.0538e-05	0.046757	supercritical
617.0	141.0	122.97	0.0081323	676.89	791.55	2.4677	0.91484	1.1889	385.64	0.14751	3.06e-05	0.046869	supercritical
617.0	144.25	125.81	0.0079488	676.32	790.98	2.4626	0.91524	1.1913	386.05	0.14652	3.0663e-05	0.046982	supercritical
617.0	147.5	128.64	0.0077735	675.76	790.42	2.4575	0.91564	1.1936	386.48	0.14552	3.0726e-05	0.047096	supercritical
617.0	150.75	131.48	0.0076058	675.2	789.85	2.4525	0.91604	1.1959	386.91	0.14452	3.079e-05	0.047211	supercritical
617.0	154.0	134.31	0.0074454	674.64	789.29	2.4477	0.91643	1.1983	387.35	0.14351	3.0854e-05	0.047326	supercritical
617.0	157.25	137.14	0.0072917	674.08	788.74	2.4429	0.91683	1.2006	387.8	0.14251	3.092e-05	0.047443	supercritical
617.0	160.5	139.97	0.0071443	673.52	788.18	2.4382	0.91722	1.2029	388.26	0.1415	3.0986e-05	0.04756	supercritical
617.0	163.75	142.8	0.0070029	672.96	787.63	2.4336	0.91761	1.2052	388.73	0.1405	3.1053e-05	0.047678	supercritical
617.0	167.0	145.62	0.0068672	672.4	787.08	2.429	0.918	1.2074	389.21	0.13949	3.1121e-05	0.047797	supercritical
617.0	170.25	148.44	0.0067367	671.84	786.54	2.4246	0.91838	1.2097	389.69	0.13847	3.1189e-05	0.047917	supercritical
617.0	173.5	151.26	0.0066112	671.29	785.99	2.4202	0.91876	1.212	390.19	0.13746	3.1258e-05	0.048037	supercritical
617.0	176.75	154.07	0.0064904	670.73	785.45	2.4158	0.91914	1.2142	390.69	0.13645	3.1328e-05	0.048159	supercritical
617.0	180.0	156.88	0.0063741	670.18	784.92	2.4116	0.91952	1.2165	391.21	0.13543	3.1399e-05	0.048281	supercritical
617.0	183.25	159.69	0.0062621	669.63	784.38	2.4074	0.9199	1.2187	391.73	0.13442	3.147e-05	0.048405	supercritical
617.0	186.5	162.5	0.006154	669.08	783.85	2.4033	0.92027	1.2209	392.26	0.1334	3.1542e-05	0.048529	supercritical
617.0	189.75	165.3	0.0060497	668.53	783.32	2.3992	0.92065	1.2231	392.8	0.13238	3.1615e-05	0.048654	supercritical
617.0	193.0	168.09	0.0059491	667.98	782.8	2.3952	0.92102	1.2253	393.35	0.13137	3.1688e-05	0.04878	supercritical
617.0	196.25	170.89	0.0058519	667.43	782.28	2.3912	0.92138	1.2275	393.91	0.13035	3.1763e-05	0.048907	supercritical
617.0	199.5	173.67	0.0057579	666.89	781.76	2.3873	0.92175	1.2296	394.47	0.12933	3.1838e-05	0.049035	supercritical
617.0	202.75	176.46	0.0056671	666.34	781.24	2.3835	0.92211	1.2318	395.05	0.12831	3.1914e-05	0.049164	supercritical
617.0	206.0	179.24	0.0055792	665.8	780.73	2.3797	0.92247	1.2339	395.63	0.12729	3.199e-05	0.049293	supercritical
617.0	209.25	182.01	0.0054941	665.26	780.22	2.3759	0.92283	1.2361	396.23	0.12627	3.2068e-05	0.049424	supercritical
617.0	212.5	184.78	0.0054118	664.72	779.72	2.3723	0.92319	1.2382	396.83	0.12525	3.2146e-05	0.049556	supercritical
617.0	215.75	187.55	0.005332	664.18	779.21	2.3686	0.92354	1.2403	397.44	0.12423	3.2225e-05	0.049688	supercritical
617.0	219.0	190.31	0.0052546	663.64	778.72	2.365	0.92389	1.2424	398.06	0.12322	3.2304e-05	0.049821	supercritical
617.0	222.25	193.06	0.0051796	663.1	778.22	2.3615	0.92424	1.2444	398.69	0.1222	3.2385e-05	0.049956	supercritical
617.0	225.5	195.81	0.0051069	662.57	777.73	2.358	0.92459	1.2465	399.33	0.12118	3.2466e-05	0.050091	supercritical
617.0	228.75	198.56	0.0050363	662.03	777.24	2.3545	0.92493	1.2485	399.98	0.12017	3.2548e-05	0.050227	supercritical
617.0	232.0	201.3	0.0049677	661.5	776.75	2.3511	0.92528	1.2505	400.63	0.11915	3.263e-05	0.050364	supercritical
617.0	235.25	204.03	0.0049012	660.97	776.27	2.3477	0.92562	1.2525	401.3	0.11814	3.2713e-05	0.050502	supercritical
617.0	238.5	206.76	0.0048365	660.44	775.79	2.3443	0.92595	1.2545	401.97	0.11713	3.2797e-05	0.050641	supercritical
617.0	241.75	209.48	0.0047737	659.91	775.31	2.341	0.92629	1.2565	402.65	0.11611	3.2882e-05	0.05078	supercritical
617.0	245.0	212.2	0.0047126	659.38	774.84	2.3378	0.92662	1.2585	403.34	0.11511	3.2968e-05	0.050921	supercritical
617.0	248.25	214.91	0.0046531	658.86	774.37	2.3346	0.92695	1.2604	404.04	0.1141	3.3054e-05	0.051062	supercritical
617.0	251.5	217.61	0.0045953	658.33	773.91	2.3314	0.92728	1.2623	404.75	0.11309	3.3141e-05	0.051204	supercritical
617.0	254.75	220.31	0.004539	657.81	773.44	2.3282	0.92761	1.2642	405.46	0.11209	3.3229e-05	0.051347	supercritical
617.0	258.0	223.0	0.0044843	657.29	772.99	2.3251	0.92793	1.2661	406.19	0.11109	3.3317e-05	0.051491	supercritical
617.0	261.25	225.69	0.0044309	656.77	772.53	2.322	0.92826	1.268	406.92	0.11009	3.3406e-05	0.051635	supercritical
617.0	264.5	228.36	0.004379	656.25	772.08	2.319	0.92858	1.2699	407.66	0.1091	3.3496e-05	0.05178	supercritical
617.0	267.75	231.03	0.0043283	655.74	771.63	2.3159	0.92889	1.2717	408.41	0.1081	3.3586e-05	0.051926	supercritical
617.0	271.0	233.7	0.004279	655.22	771.18	2.3129	0.92921	1.2735	409.17	0.10711	3.3678e-05	0.052073	supercritical
617.0	274.25	236.36	0.0042309	654.71	770.74	2.31	0.92952	1.2753	409.93	0.10612	3.377e-05	0.052221	supercritical
617.0	277.5	239.01	0.004184	654.2	770.3	2.3071	0.92983	1.2771	410.71	0.10514	3.3862e-05	0.052369	supercritical
617.0	280.75	241.65	0.0041382	653.69	769.87	2.3042	0.93014	1.2789	411.49	0.10416	3.3956e-05	0.052518	supercritical
617.0	284.0	244.28	0.0040936	653.18	769.44	2.3013	0.93045	1.2807	412.28	0.10318	3.405e-05	0.052668	supercritical
617.0	287.25	246.91	0.00405	652.67	769.01	2.2985	0.93075	1.2824	413.07	0.10221	3.4144e-05	0.052819	supercritical
617.0	290.5	249.53	0.0040075	652.17	768.59	2.2956	0.93106	1.2841	413.88	0.10124	3.424e-05	0.05297	supercritical
617.0	293.75	252.15	0.003966	651.67	768.17	2.2929	0.93136	1.2858	414.69	0.10027	3.4336e-05	0.053122	supercritical
617.0	297.0	254.75	0.0039254	651.16	767.75	2.2901	0.93166	1.2875	415.51	0.099306	3.4432e-05	0.053274	supercritical
617.0	300.25	257.35	0.0038858	650.66	767.34	2.2874	0.93195	1.2892	416.34	0.098347	3.453e-05	0.053427	supercritical
617.0	303.5	259.94	0.0038471	650.17	766.92	2.2847	0.93225	1.2908	417.17	0.097392	3.4628e-05	0.053581	supercritical
617.0	306.75	262.52	0.0038092	649.67	766.52	2.282	0.93254	1.2925	418.02	0.096441	3.4727e-05	0.053735	supercritical
617.0	310.0	265.09	0.0037722	649.18	766.11	2.2794	0.93283	1.2941	418.87	0.095494	3.4826e-05	0.05389	supercritical
617.0	313.25	267.66	0.0037361	648.68	765.71	2.2767	0.93312	1.2957	419.72	0.094552	3.4926e-05	0.054045	supercritical
617.0	316.5	270.22	0.0037007	648.19	765.32	2.2741	0.9334	1.2973	420.59	0.093614	3.5026e-05	0.054201	supercritical
617.0	319.75	272.77	0.0036661	647.7	764.93	2.2716	0.93368	1.2989	421.46	0.092681	3.5128e-05	0.054358	supercritical
617.0	323.0	275.31	0.0036323	647.21	764.54	2.269	0.93397	1.3004	422.34	0.091752	3.5229e-05	0.054515	supercritical
617.0	326.25	277.84	0.0035992	646.73	764.15	2.2665	0.93425	1.3019	423.22	0.090829	3.5332e-05	0.054673	supercritical
617.0	329.5	280.37	0.0035668	646.24	763.77	2.264	0.93452	1.3034	424.11	0.08991	3.5435e-05	0.054831	supercritical
617.0	332.75	282.88	0.0035351	645.76	763.39	2.2615	0.9348	1.3049	425.01	0.088996	3.5539e-05	0.054989	supercritical
617.0	336.0	285.39	0.003504	645.28	763.01	2.259	0.93507	1.3064	425.91	0.088087	3.5643e-05	0.055148	supercritical
617.0	339.25	287.89	0.0034736	644.8	762.64	2.2566	0.93534	1.3079	426.82	0.087183	3.5748e-05	0.055308	supercritical
617.0	342.5	290.38	0.0034438	644.32	762.27	2.2542	0.93561	1.3093	427.74	0.086284	3.5853e-05	0.055467	supercritical
617.0	345.75	292.86	0.0034146	643.85	761.91	2.2518	0.93588	1.3108	428.66	0.085391	3.5959e-05	0.055628	supercritical
617.0	349.0	295.33	0.003386	643.37	761.54	2.2494	0.93615	1.3122	429.59	0.084503	3.6066e-05	0.055788	supercritical
617.0	352.25	297.8	0.003358	642.9	761.19	2.247	0.93641	1.3136	430.53	0.08362	3.6173e-05	0.055949	supercritical
617.0	355.5	300.25	0.0033305	642.43	760.83	2.2447	0.93668	1.315	431.47	0.082743	3.6281e-05	0.056111	supercritical
617.0	358.75	302.7	0.0033036	641.96	760.48	2.2424	0.93694	1.3163	432.42	0.081871	3.6389e-05	0.056272	supercritical
617.0	362.0	305.13	0.0032772	641.49	760.13	2.2401	0.93719	1.3177	433.37	0.081004	3.6498e-05	0.056434	supercritical
617.0	365.25	307.56	0.0032514	641.03	759.78	2.2378	0.93745	1.319	434.33	0.080143	3.6607e-05	0.056597	supercritical
617.0	368.5	309.98	0.003226	640.56	759.44	2.2355	0.93771	1.3203	435.29	0.079288	3.6717e-05	0.05676	supercritical
617.0	371.75	312.39	0.0032011	640.1	759.1	2.2333	0.93796	1.3216	436.26	0.078439	3.6828e-05	0.056922	supercritical
617.0	375.0	314.8	0.0031767	639.64	758.77	2.2311	0.93821	1.3229	437.24	0.077595	3.6938e-05	0.057086	supercritical
617.0	378.25	317.19	0.0031527	639.19	758.44	2.2289	0.93846	1.3242	438.22	0.076757	3.705e-05	0.057249	supercritical
617.0	381.5	319.57	0.0031292	638.73	758.11	2.2267	0.93871	1.3254	439.2	0.075924	3.7162e-05	0.057413	supercritical
617.0	384.75	321.95	0.0031061	638.27	757.78	2.2245	0.93896	1.3267	440.19	0.075098	3.7274e-05	0.057577	supercritical
617.0	388.0	324.31	0.0030835	637.82	757.46	2.2223	0.9392	1.3279	441.19	0.074277	3.7387e-05	0.057741	supercritical
617.0	391.25	326.67	0.0030612	637.37	757.14	2.2202	0.93944	1.3291	442.19	0.073462	3.7501e-05	0.057905	supercritical
617.0	394.5	329.01	0.0030394	636.92	756.83	2.2181	0.93968	1.3303	443.19	0.072653	3.7615e-05	0.05807	supercritical
617.0	397.75	331.35	0.0030179	636.47	756.51	2.216	0.93992	1.3315	444.2	0.07185	3.7729e-05	0.058234	supercritical
617.0	401.0	333.68	0.0029969	636.03	756.2	2.2139	0.94016	1.3326	445.21	0.071053	3.7844e-05	0.058399	supercritical
617.0	404.25	336.0	0.0029762	635.59	755.9	2.2118	0.9404	1.3338	446.23	0.070261	3.7959e-05	0.058564	supercritical
617.0	407.5	338.31	0.0029559	635.14	755.59	2.2098	0.94063	1.3349	447.25	0.069476	3.8075e-05	0.058729	supercritical
617.0	410.75	340.61	0.0029359	634.7	755.29	2.2077	0.94087	1.3361	448.28	0.068696	3.8191e-05	0.058894	supercritical
617.0	414.0	342.9	0.0029163	634.26	755.0	2.2057	0.9411	1.3372	449.31	0.067923	3.8308e-05	0.059059	supercritical
617.0	417.25	345.19	0.002897	633.83	754.7	2.2037	0.94133	1.3382	450.35	0.067155	3.8425e-05	0.059225	supercritical
617.0	420.5	347.46	0.002878	633.39	754.41	2.2017	0.94156	1.3393	451.39	0.066393	3.8542e-05	0.05939	supercritical
617.0	423.75	349.72	0.0028594	632.96	754.13	2.1997	0.94178	1.3404	452.43	0.065637	3.866e-05	0.059556	supercritical
617.0	427.0	351.98	0.0028411	632.53	753.84	2.1978	0.94201	1.3414	453.48	0.064887	3.8778e-05	0.059721	supercritical
617.0	430.25	354.23	0.0028231	632.1	753.56	2.1958	0.94223	1.3425	454.53	0.064143	3.8897e-05	0.059887	supercritical
617.0	433.5	356.46	0.0028053	631.67	753.28	2.1939	0.94246	1.3435	455.58	0.063405	3.9016e-05	0.060052	supercritical
617.0	436.75	358.69	0.0027879	631.24	753.01	2.192	0.94268	1.3445	456.64	0.062673	3.9136e-05	0.060218	supercritical
617.0	440.0	360.91	0.0027708	630.82	752.73	2.1901	0.9429	1.3455	457.7	0.061947	3.9256e-05	0.060383	supercritical
617.0	443.25	363.12	0.0027539	630.4	752.46	2.1882	0.94312	1.3465	458.76	0.061226	3.9376e-05	0.060549	supercritical
617.0	446.5	365.32	0.0027373	629.98	752.2	2.1863	0.94333	1.3475	459.83	0.060511	3.9497e-05	0.060714	supercritical
617.0	449.75	367.51	0.002721	629.56	751.93	2.1844	0.94355	1.3484	460.9	0.059802	3.9618e-05	0.06088	supercritical
617.0	453.0	369.69	0.002705	629.14	751.67	2.1826	0.94377	1.3494	461.97	0.059099	3.9739e-05	0.061045	supercritical
617.0	456.25	371.86	0.0026892	628.72	751.42	2.1808	0.94398	1.3503	463.05	0.058402	3.9861e-05	0.061211	supercritical
617.0	459.5	374.03	0.0026736	628.31	751.16	2.1789	0.94419	1.3512	464.13	0.05771	3.9983e-05	0.061376	supercritical
617.0	462.75	376.18	0.0026583	627.9	750.91	2.1771	0.9444	1.3521	465.21	0.057024	4.0106e-05	0.061542	supercritical
617.0	466.0	378.33	0.0026432	627.49	750.66	2.1753	0.94461	1.353	466.3	0.056344	4.0228e-05	0.061707	supercritical
617.0	469.25	380.46	0.0026284	627.08	750.41	2.1735	0.94482	1.3539	467.39	0.055669	4.0351e-05	0.061872	supercritical
617.0	472.5	382.59	0.0026138	626.67	750.17	2.1718	0.94502	1.3548	468.48	0.055	4.0475e-05	0.062037	supercritical
617.0	475.75	384.71	0.0025994	626.26	749.93	2.17	0.94523	1.3556	469.57	0.054337	4.0599e-05	0.062202	supercritical
617.0	479.0	386.82	0.0025852	625.86	749.69	2.1682	0.94543	1.3565	470.67	0.053679	4.0723e-05	0.062367	supercritical
617.0	482.25	388.92	0.0025712	625.46	749.46	2.1665	0.94564	1.3573	471.77	0.053026	4.0847e-05	0.062531	supercritical
617.0	485.5	391.01	0.0025575	625.06	749.22	2.1648	0.94584	1.3582	472.87	0.05238	4.0972e-05	0.062696	supercritical
617.0	488.75	393.09	0.0025439	624.66	748.99	2.1631	0.94604	1.359	473.97	0.051738	4.1097e-05	0.06286	supercritical
617.0	492.0	395.17	0.0025306	624.26	748.77	2.1614	0.94624	1.3598	475.08	0.051102	4.1222e-05	0.063024	supercritical
617.0	495.25	397.23	0.0025174	623.87	748.54	2.1597	0.94644	1.3606	476.19	0.050471	4.1348e-05	0.063189	supercritical
617.0	498.5	399.29	0.0025045	623.47	748.32	2.158	0.94664	1.3614	477.3	0.049846	4.1473e-05	0.063353	supercritical
617.0	501.75	401.34	0.0024917	623.08	748.1	2.1563	0.94683	1.3621	478.41	0.049226	4.16e-05	0.063516	supercritical
617.0	505.0	403.37	0.0024791	622.69	747.88	2.1546	0.94703	1.3629	479.52	0.048611	4.1726e-05	0.06368	supercritical
617.0	508.25	405.4	0.0024667	622.3	747.67	2.153	0.94722	1.3636	480.64	0.048002	4.1853e-05	0.063843	supercritical
617.0	511.5	407.42	0.0024544	621.91	747.46	2.1514	0.94741	1.3644	481.75	0.047397	4.198e-05	0.064007	supercritical
617.0	514.75	409.44	0.0024424	621.53	747.25	2.1497	0.94761	1.3651	482.87	0.046798	4.2107e-05	0.06417	supercritical
617.0	518.0	411.44	0.0024305	621.14	747.04	2.1481	0.9478	1.3658	484.0	0.046204	4.2234e-05	0.064332	supercritical
617.0	521.25	413.44	0.0024188	620.76	746.84	2.1465	0.94799	1.3665	485.12	0.045615	4.2362e-05	0.064495	supercritical
617.0	524.5	415.42	0.0024072	620.38	746.64	2.1449	0.94818	1.3672	486.24	0.045031	4.249e-05	0.064658	supercritical
617.0	527.75	417.4	0.0023958	620.0	746.44	2.1433	0.94836	1.3679	487.37	0.044452	4.2618e-05	0.06482	supercritical
617.0	531.0	419.37	0.0023845	619.62	746.24	2.1417	0.94855	1.3686	488.5	0.043877	4.2746e-05	0.064982	supercritical
617.0	534.25	421.33	0.0023734	619.25	746.05	2.1402	0.94874	1.3693	489.63	0.043308	4.2875e-05	0.065143	supercritical
617.0	537.5	423.28	0.0023625	618.87	745.86	2.1386	0.94892	1.3699	490.76	0.042743	4.3004e-05	0.065305	supercritical
617.0	540.75	425.23	0.0023517	618.5	745.67	2.1371	0.94911	1.3706	491.89	0.042184	4.3133e-05	0.065466	supercritical
617.0	544.0	427.16	0.002341	618.13	745.48	2.1355	0.94929	1.3712	493.02	0.041629	4.3262e-05	0.065627	supercritical
617.0	547.25	429.09	0.0023305	617.76	745.3	2.134	0.94947	1.3719	494.16	0.041078	4.3391e-05	0.065788	supercritical
617.0	550.5	431.01	0.0023201	617.39	745.12	2.1325	0.94965	1.3725	495.3	0.040533	4.3521e-05	0.065949	supercritical
617.0	553.75	432.92	0.0023099	617.03	744.94	2.131	0.94983	1.3731	496.43	0.039992	4.3651e-05	0.066109	supercritical
617.0	557.0	434.82	0.0022998	616.66	744.76	2.1295	0.95001	1.3737	497.57	0.039455	4.3781e-05	0.066269	supercritical
617.0	560.25	436.71	0.0022898	616.3	744.58	2.128	0.95019	1.3743	498.71	0.038923	4.3911e-05	0.066429	supercritical
617.0	563.5	438.6	0.00228	615.93	744.41	2.1265	0.95037	1.3749	499.85	0.038396	4.4041e-05	0.066588	supercritical
617.0	566.75	440.48	0.0022703	615.57	744.24	2.125	0.95054	1.3755	501.0	0.037872	4.4172e-05	0.066748	supercritical
617.0	570.0	442.35	0.0022607	615.21	744.07	2.1236	0.95072	1.3761	502.14	0.037354	4.4302e-05	0.066907	supercritical
617.0	573.25	444.21	0.0022512	614.86	743.91	2.1221	0.9509	1.3766	503.28	0.036839	4.4433e-05	0.067065	supercritical
617.0	576.5	446.06	0.0022418	614.5	743.74	2.1206	0.95107	1.3772	504.43	0.036329	4.4564e-05	0.067224	supercritical
617.0	579.75	447.91	0.0022326	614.15	743.58	2.1192	0.95124	1.3777	505.57	0.035824	4.4696e-05	0.067382	supercritical
617.0	583.0	449.75	0.0022235	613.79	743.42	2.1178	0.95142	1.3783	506.72	0.035322	4.4827e-05	0.06754	supercritical
617.0	586.25	451.58	0.0022145	613.44	743.27	2.1164	0.95159	1.3788	507.87	0.034825	4.4958e-05	0.067697	supercritical
617.0	589.5	453.4	0.0022056	613.09	743.11	2.1149	0.95176	1.3793	509.02	0.034332	4.509e-05	0.067855	supercritical
617.0	592.75	455.21	0.0021968	612.74	742.96	2.1135	0.95193	1.3798	510.17	0.033842	4.5222e-05	0.068011	supercritical
617.0	596.0	457.02	0.0021881	612.4	742.81	2.1121	0.9521	1.3803	511.32	0.033357	4.5354e-05	0.068168	supercritical
617.0	599.25	458.82	0.0021795	612.05	742.66	2.1107	0.95227	1.3808	512.47	0.032876	4.5486e-05	0.068325	supercritical
617.0	602.5	460.61	0.0021711	611.71	742.51	2.1094	0.95244	1.3813	513.62	0.032399	4.5618e-05	0.068481	supercritical
617.0	605.75	462.39	0.0021627	611.36	742.37	2.108	0.9526	1.3818	514.77	0.031926	4.575e-05	0.068636	supercritical
617.0	609.0	464.16	0.0021544	611.02	742.22	2.1066	0.95277	1.3823	515.92	0.031457	4.5883e-05	0.068792	supercritical
617.0	612.25	465.93	0.0021462	610.68	742.08	2.1053	0.95294	1.3827	517.07	0.030992	4.6015e-05	0.068947	supercritical
617.0	615.5	467.69	0.0021382	610.34	741.95	2.1039	0.9531	1.3832	518.23	0.03053	4.6148e-05	0.069102	supercritical
617.0	618.75	469.44	0.0021302	610.01	741.81	2.1026	0.95327	1.3836	519.38	0.030072	4.6281e-05	0.069257	supercritical
617.0	622.0	471.19	0.0021223	609.67	741.68	2.1012	0.95343	1.3841	520.54	0.029618	4.6414e-05	0.069411	supercritical
617.0	625.25	472.93	0.0021145	609.33	741.54	2.0999	0.9536	1.3845	521.69	0.029168	4.6547e-05	0.069565	supercritical
617.0	628.5	474.66	0.0021068	609.0	741.41	2.0986	0.95376	1.385	522.84	0.028721	4.668e-05	0.069719	supercritical
617.0	631.75	476.38	0.0020992	608.67	741.28	2.0972	0.95392	1.3854	524.0	0.028278	4.6813e-05	0.069872	supercritical
617.0	635.0	478.1	0.0020916	608.34	741.16	2.0959	0.95408	1.3858	525.16	0.027839	4.6946e-05	0.070025	supercritical
617.0	638.25	479.8	0.0020842	608.01	741.03	2.0946	0.95424	1.3862	526.31	0.027403	4.708e-05	0.070178	supercritical
617.0	641.5	481.5	0.0020768	607.68	740.91	2.0933	0.9544	1.3866	527.47	0.026971	4.7213e-05	0.07033	supercritical
617.0	644.75	483.2	0.0020695	607.36	740.79	2.0921	0.95456	1.387	528.63	0.026542	4.7347e-05	0.070482	supercritical
617.0	648.0	484.88	0.0020623	607.03	740.67	2.0908	0.95472	1.3874	529.78	0.026117	4.748e-05	0.070634	supercritical
617.0	651.25	486.56	0.0020552	606.71	740.56	2.0895	0.95488	1.3878	530.94	0.025695	4.7614e-05	0.070785	supercritical
617.0	654.5	488.23	0.0020482	606.39	740.44	2.0882	0.95504	1.3882	532.1	0.025276	4.7748e-05	0.070937	supercritical
617.0	657.75	489.9	0.0020412	606.07	740.33	2.087	0.9552	1.3885	533.25	0.024861	4.7882e-05	0.071087	supercritical
617.0	661.0	491.56	0.0020343	605.75	740.22	2.0857	0.95535	1.3889	534.41	0.024449	4.8016e-05	0.071238	supercritical
617.0	664.25	493.21	0.0020275	605.43	740.11	2.0845	0.95551	1.3893	535.57	0.024041	4.815e-05	0.071388	supercritical
617.0	667.5	494.85	0.0020208	605.11	740.0	2.0832	0.95567	1.3896	536.73	0.023635	4.8284e-05	0.071538	supercritical
617.0	670.75	496.49	0.0020141	604.79	739.89	2.082	0.95582	1.39	537.88	0.023233	4.8418e-05	0.071688	supercritical
617.0	674.0	498.12	0.0020075	604.48	739.79	2.0808	0.95598	1.3903	539.04	0.022835	4.8552e-05	0.071837	supercritical
617.0	677.25	499.74	0.002001	604.17	739.69	2.0796	0.95613	1.3906	540.2	0.022439	4.8687e-05	0.071986	supercritical
617.0	680.5	501.36	0.0019946	603.86	739.59	2.0783	0.95628	1.391	541.36	0.022047	4.8821e-05	0.072134	supercritical
617.0	683.75	502.97	0.0019882	603.54	739.49	2.0771	0.95644	1.3913	542.51	0.021657	4.8955e-05	0.072283	supercritical
617.0	687.0	504.57	0.0019819	603.24	739.39	2.0759	0.95659	1.3916	543.67	0.021271	4.909e-05	0.07243	supercritical
617.0	690.25	506.17	0.0019756	602.93	739.3	2.0747	0.95674	1.3919	544.83	0.020888	4.9224e-05	0.072578	supercritical
617.0	693.5	507.76	0.0019694	602.62	739.2	2.0735	0.95689	1.3922	545.99	0.020507	4.9358e-05	0.072725	supercritical
617.0	696.75	509.34	0.0019633	602.32	739.11	2.0724	0.95704	1.3925	547.14	0.02013	4.9493e-05	0.072872	supercritical
617.0	700.0	510.92	0.0019573	602.01	739.02	2.0712	0.95719	1.3928	548.3	0.019756	4.9628e-05	0.073019	supercritical
617.0	703.25	512.49	0.0019513	601.71	738.93	2.07	0.95735	1.3931	549.46	0.019385	4.9762e-05	0.073166	supercritical
617.0	706.5	514.05	0.0019453	601.41	738.84	2.0688	0.9575	1.3934	550.61	0.019016	4.9897e-05	0.073312	supercritical
617.0	709.75	515.61	0.0019395	601.11	738.76	2.0677	0.95764	1.3937	551.77	0.018651	5.0031e-05	0.073457	supercritical
617.0	713.0	517.16	0.0019336	600.81	738.67	2.0665	0.95779	1.394	552.93	0.018288	5.0166e-05	0.073603	supercritical
617.0	716.25	518.7	0.0019279	600.51	738.59	2.0654	0.95794	1.3942	554.08	0.017929	5.0301e-05	0.073748	supercritical
617.0	719.5	520.24	0.0019222	600.21	738.51	2.0642	0.95809	1.3945	555.24	0.017572	5.0436e-05	0.073893	supercritical
617.0	722.75	521.77	0.0019166	599.91	738.43	2.0631	0.95824	1.3947	556.39	0.017218	5.057e-05	0.074037	supercritical
617.0	726.0	523.29	0.001911	599.62	738.36	2.0619	0.95838	1.395	557.55	0.016866	5.0705e-05	0.074181	supercritical
617.0	729.25	524.81	0.0019054	599.33	738.28	2.0608	0.95853	1.3952	558.7	0.016518	5.084e-05	0.074325	supercritical
617.0	732.5	526.33	0.0019	599.03	738.21	2.0597	0.95868	1.3955	559.85	0.016172	5.0975e-05	0.074469	supercritical
617.0	735.75	527.83	0.0018945	598.74	738.13	2.0586	0.95882	1.3957	561.01	0.015829	5.1109e-05	0.074612	supercritical
617.0	739.0	529.33	0.0018892	598.45	738.06	2.0575	0.95897	1.396	562.16	0.015488	5.1244e-05	0.074755	supercritical
617.0	742.25	530.83	0.0018839	598.16	737.99	2.0564	0.95911	1.3962	563.31	0.01515	5.1379e-05	0.074898	supercritical
617.0	745.5	532.31	0.0018786	597.88	737.93	2.0553	0.95926	1.3964	564.47	0.014815	5.1514e-05	0.07504	supercritical
617.0	748.75	533.8	0.0018734	597.59	737.86	2.0542	0.9594	1.3967	565.62	0.014482	5.1649e-05	0.075182	supercritical
617.0	752.0	535.27	0.0018682	597.3	737.79	2.0531	0.95955	1.3969	566.77	0.014152	5.1784e-05	0.075324	supercritical
617.0	755.25	536.74	0.0018631	597.02	737.73	2.052	0.95969	1.3971	567.92	0.013825	5.1918e-05	0.075465	supercritical
617.0	758.5	538.21	0.001858	596.74	737.67	2.0509	0.95984	1.3973	569.07	0.0135	5.2053e-05	0.075606	supercritical
617.0	761.75	539.66	0.001853	596.46	737.61	2.0498	0.95998	1.3975	570.22	0.013178	5.2188e-05	0.075747	supercritical
617.0	765.0	541.12	0.001848	596.17	737.55	2.0488	0.96012	1.3977	571.37	0.012858	5.2323e-05	0.075887	supercritical
617.0	768.25	542.56	0.0018431	595.89	737.49	2.0477	0.96026	1.3979	572.52	0.01254	5.2458e-05	0.076028	supercritical
617.0	771.5	544.0	0.0018382	595.62	737.43	2.0466	0.96041	1.3981	573.66	0.012225	5.2592e-05	0.076167	supercritical
617.0	774.75	545.44	0.0018334	595.34	737.38	2.0456	0.96055	1.3983	574.81	0.011912	5.2727e-05	0.076307	supercritical
617.0	778.0	546.87	0.0018286	595.06	737.33	2.0445	0.96069	1.3985	575.96	0.011602	5.2862e-05	0.076446	supercritical
617.0	781.25	548.29	0.0018239	594.79	737.27	2.0435	0.96083	1.3987	577.1	0.011294	5.2997e-05	0.076585	supercritical
617.0	784.5	549.71	0.0018191	594.51	737.22	2.0424	0.96097	1.3988	578.25	0.010989	5.3131e-05	0.076724	supercritical
617.0	787.75	551.12	0.0018145	594.24	737.17	2.0414	0.96111	1.399	579.39	0.010686	5.3266e-05	0.076863	supercritical
617.0	791.0	552.53	0.0018099	593.97	737.13	2.0404	0.96125	1.3992	580.54	0.010385	5.3401e-05	0.077001	supercritical
617.0	794.25	553.93	0.0018053	593.69	737.08	2.0393	0.96139	1.3994	581.68	0.010087	5.3536e-05	0.077138	supercritical
617.0	797.5	555.32	0.0018008	593.42	737.03	2.0383	0.96153	1.3995	582.82	0.0097906	5.367e-05	0.077276	supercritical
617.0	800.75	556.71	0.0017963	593.16	736.99	2.0373	0.96167	1.3997	583.96	0.0094967	5.3805e-05	0.077413	supercritical
617.0	804.0	558.1	0.0017918	592.89	736.95	2.0363	0.96181	1.3998	585.11	0.009205	5.394e-05	0.07755	supercritical
617.0	807.25	559.48	0.0017874	592.62	736.91	2.0353	0.96195	1.4	586.25	0.0089156	5.4074e-05	0.077687	supercritical
617.0	810.5	560.85	0.001783	592.35	736.87	2.0343	0.96208	1.4002	587.38	0.0086284	5.4209e-05	0.077823	supercritical
617.0	813.75	562.22	0.0017787	592.09	736.83	2.0333	0.96222	1.4003	588.52	0.0083434	5.4343e-05	0.07796	supercritical
617.0	817.0	563.58	0.0017744	591.83	736.79	2.0323	0.96236	1.4004	589.66	0.0080605	5.4478e-05	0.078095	supercritical
617.0	820.25	564.94	0.0017701	591.56	736.76	2.0313	0.9625	1.4006	590.8	0.0077798	5.4612e-05	0.078231	supercritical
617.0	823.5	566.29	0.0017659	591.3	736.72	2.0303	0.96263	1.4007	591.93	0.0075012	5.4747e-05	0.078366	supercritical
617.0	826.75	567.64	0.0017617	591.04	736.69	2.0293	0.96277	1.4009	593.07	0.0072248	5.4881e-05	0.078501	supercritical
617.0	830.0	568.98	0.0017575	590.78	736.65	2.0283	0.96291	1.401	594.2	0.0069504	5.5015e-05	0.078636	supercritical
617.0	833.25	570.32	0.0017534	590.52	736.62	2.0274	0.96304	1.4011	595.34	0.0066781	5.515e-05	0.078771	supercritical
617.0	836.5	571.65	0.0017493	590.26	736.59	2.0264	0.96318	1.4013	596.47	0.0064079	5.5284e-05	0.078905	supercritical
617.0	839.75	572.97	0.0017453	590.01	736.57	2.0254	0.96332	1.4014	597.6	0.0061397	5.5418e-05	0.079039	supercritical
617.0	843.0	574.3	0.0017413	589.75	736.54	2.0245	0.96345	1.4015	598.73	0.0058736	5.5553e-05	0.079173	supercritical
617.0	846.25	575.61	0.0017373	589.49	736.51	2.0235	0.96359	1.4016	599.86	0.0056094	5.5687e-05	0.079306	supercritical
617.0	849.5	576.92	0.0017333	589.24	736.49	2.0225	0.96372	1.4017	600.99	0.0053472	5.5821e-05	0.079439	supercritical
617.0	852.75	578.23	0.0017294	588.99	736.46	2.0216	0.96386	1.4019	602.12	0.0050871	5.5955e-05	0.079572	supercritical
617.0	856.0	579.53	0.0017255	588.73	736.44	2.0207	0.96399	1.402	603.25	0.0048288	5.6089e-05	0.079705	supercritical
617.0	859.25	580.83	0.0017217	588.48	736.42	2.0197	0.96412	1.4021	604.37	0.0045725	5.6223e-05	0.079837	supercritical
617.0	862.5	582.12	0.0017179	588.23	736.4	2.0188	0.96426	1.4022	605.5	0.0043181	5.6357e-05	0.079969	supercritical
617.0	865.75	583.4	0.0017141	587.98	736.38	2.0178	0.96439	1.4023	606.62	0.0040656	5.6491e-05	0.080101	supercritical
617.0	869.0	584.69	0.0017103	587.74	736.36	2.0169	0.96453	1.4024	607.75	0.003815	5.6625e-05	0.080233	supercritical
617.0	872.25	585.96	0.0017066	587.49	736.34	2.016	0.96466	1.4025	608.87	0.0035663	5.6759e-05	0.080364	supercritical
617.0	875.5	587.24	0.0017029	587.24	736.33	2.0151	0.96479	1.4026	609.99	0.0033194	5.6892e-05	0.080495	supercritical
617.0	878.75	588.5	0.0016992	587.0	736.31	2.0141	0.96493	1.4027	611.11	0.0030744	5.7026e-05	0.080626	supercritical
617.0	882.0	589.77	0.0016956	586.75	736.3	2.0132	0.96506	1.4028	612.23	0.0028312	5.716e-05	0.080757	supercritical
617.0	885.25	591.02	0.001692	586.51	736.29	2.0123	0.96519	1.4029	613.35	0.0025897	5.7293e-05	0.080887	supercritical
617.0	888.5	592.28	0.0016884	586.26	736.28	2.0114	0.96532	1.403	614.46	0.0023501	5.7427e-05	0.081017	supercritical
617.0	891.75	593.53	0.0016848	586.02	736.27	2.0105	0.96546	1.4031	615.58	0.0021122	5.756e-05	0.081147	supercritical
617.0	895.0	594.77	0.0016813	585.78	736.26	2.0096	0.96559	1.4031	616.7	0.0018761	5.7694e-05	0.081277	supercritical
617.0	898.25	596.01	0.0016778	585.54	736.25	2.0087	0.96572	1.4032	617.81	0.0016417	5.7827e-05	0.081406	supercritical
617.0	901.5	597.24	0.0016744	585.3	736.24	2.0078	0.96585	1.4033	618.92	0.0014091	5.7961e-05	0.081535	supercritical
617.0	904.75	598.48	0.0016709	585.06	736.24	2.0069	0.96598	1.4034	620.04	0.0011781	5.8094e-05	0.081664	supercritical
617.0	908.0	599.7	0.0016675	584.82	736.23	2.006	0.96611	1.4035	621.15	0.00094887	5.8227e-05	0.081793	supercritical
617.0	911.25	600.92	0.0016641	584.59	736.23	2.0051	0.96624	1.4035	622.26	0.00072128	5.836e-05	0.081922	supercritical
617.0	914.5	602.14	0.0016607	584.35	736.23	2.0043	0.96638	1.4036	623.37	0.00049536	5.8493e-05	0.08205	supercritical
617.0	917.75	603.35	0.0016574	584.12	736.22	2.0034	0.96651	1.4037	624.47	0.00027108	5.8626e-05	0.082178	supercritical
617.0	921.0	604.56	0.0016541	583.88	736.22	2.0025	0.96664	1.4038	625.58	4.8432e-05	5.8759e-05	0.082306	supercritical
617.0	924.25	605.76	0.0016508	583.65	736.22	2.0016	0.96677	1.4038	626.69	-0.0001726	5.8892e-05	0.082433	supercritical
617.0	927.5	606.96	0.0016475	583.42	736.23	2.0008	0.9669	1.4039	627.79	-0.00039204	5.9025e-05	0.082561	supercritical
617.0	930.75	608.16	0.0016443	583.18	736.23	1.9999	0.96703	1.404	628.9	-0.00060988	5.9158e-05	0.082688	supercritical
617.0	934.0	609.35	0.0016411	582.95	736.23	1.999	0.96716	1.404	630.0	-0.00082616	5.9291e-05	0.082815	supercritical
617.0	937.25	610.54	0.0016379	582.72	736.23	1.9982	0.96729	1.4041	631.1	-0.0010409	5.9423e-05	0.082941	supercritical
617.0	940.5	611.72	0.0016347	582.49	736.24	1.9973	0.96742	1.4041	632.2	-0.0012541	5.9556e-05	0.083068	supercritical
617.0	943.75	612.9	0.0016316	582.26	736.25	1.9965	0.96754	1.4042	633.3	-0.0014657	5.9689e-05	0.083194	supercritical
617.0	947.0	614.07	0.0016285	582.04	736.25	1.9956	0.96767	1.4043	634.4	-0.0016759	5.9821e-05	0.08332	supercritical
617.0	950.25	615.24	0.0016254	581.81	736.26	1.9948	0.9678	1.4043	635.5	-0.0018845	5.9953e-05	0.083446	supercritical
617.0	953.5	616.41	0.0016223	581.58	736.27	1.994	0.96793	1.4044	636.59	-0.0020917	6.0086e-05	0.083571	supercritical
617.0	956.75	617.57	0.0016193	581.36	736.28	1.9931	0.96806	1.4044	637.69	-0.0022973	6.0218e-05	0.083697	supercritical
617.0	960.0	618.73	0.0016162	581.13	736.29	1.9923	0.96819	1.4045	638.78	-0.0025016	6.035e-05	0.083822	supercritical
617.0	963.25	619.88	0.0016132	580.91	736.3	1.9915	0.96832	1.4045	639.87	-0.0027043	6.0482e-05	0.083947	supercritical
617.0	966.5	621.03	0.0016102	580.69	736.32	1.9906	0.96845	1.4046	640.97	-0.0029057	6.0615e-05	0.084072	supercritical
617.0	969.75	622.17	0.0016073	580.47	736.33	1.9898	0.96857	1.4046	642.06	-0.0031056	6.0747e-05	0.084196	supercritical
617.0	973.0	623.31	0.0016043	580.24	736.34	1.989	0.9687	1.4047	643.15	-0.0033042	6.0879e-05	0.084321	supercritical
617.0	976.25	624.45	0.0016014	580.02	736.36	1.9882	0.96883	1.4047	644.23	-0.0035013	6.101e-05	0.084445	supercritical
617.0	979.5	625.59	0.0015985	579.8	736.38	1.9873	0.96896	1.4048	645.32	-0.0036971	6.1142e-05	0.084569	supercritical
617.0	982.75	626.71	0.0015956	579.58	736.39	1.9865	0.96908	1.4048	646.41	-0.0038914	6.1274e-05	0.084693	supercritical
617.0	986.0	627.84	0.0015928	579.37	736.41	1.9857	0.96921	1.4048	647.49	-0.0040845	6.1406e-05	0.084816	supercritical
617.0	989.25	628.96	0.0015899	579.15	736.43	1.9849	0.96934	1.4049	648.58	-0.0042762	6.1537e-05	0.08494	supercritical
617.0	992.5	630.08	0.0015871	578.93	736.45	1.9841	0.96947	1.4049	649.66	-0.0044666	6.1669e-05	0.085063	supercritical
617.0	995.75	631.19	0.0015843	578.72	736.47	1.9833	0.96959	1.4049	650.74	-0.0046556	6.18e-05	0.085186	supercritical
617.0	999.0	632.3	0.0015815	578.5	736.49	1.9825	0.96972	1.405	651.82	-0.0048434	6.1932e-05	0.085309	supercritical
617.0	1002.2	633.41	0.0015788	578.29	736.52	1.9817	0.96985	1.405	652.9	-0.0050298	6.2063e-05	0.085431	supercritical
617.0	1005.5	634.51	0.001576	578.07	736.54	1.9809	0.96997	1.405	653.98	-0.005215	6.2194e-05	0.085554	supercritical
617.0	1008.8	635.61	0.0015733	577.86	736.56	1.9801	0.9701	1.4051	655.06	-0.0053989	6.2325e-05	0.085676	supercritical
617.0	1012.0	636.71	0.0015706	577.65	736.59	1.9793	0.97022	1.4051	656.13	-0.0055816	6.2456e-05	0.085798	supercritical
617.0	1015.2	637.8	0.0015679	577.43	736.61	1.9786	0.97035	1.4051	657.21	-0.005763	6.2587e-05	0.08592	supercritical
617.0	1018.5	638.89	0.0015652	577.22	736.64	1.9778	0.97048	1.4052	658.28	-0.0059432	6.2718e-05	0.086042	supercritical
617.0	1021.8	639.97	0.0015626	577.01	736.67	1.977	0.9706	1.4052	659.36	-0.0061222	6.2849e-05	0.086163	supercritical
617.0	1025.0	641.05	0.0015599	576.8	736.7	1.9762	0.97073	1.4052	660.43	-0.0062999	6.298e-05	0.086284	supercritical
617.0	1028.2	642.13	0.0015573	576.59	736.73	1.9754	0.97085	1.4052	661.5	-0.0064765	6.3111e-05	0.086406	supercritical
617.0	1031.5	643.2	0.0015547	576.39	736.76	1.9747	0.97098	1.4053	662.57	-0.0066519	6.3241e-05	0.086527	supercritical
617.0	1034.8	644.27	0.0015521	576.18	736.79	1.9739	0.97111	1.4053	663.64	-0.0068261	6.3372e-05	0.086647	supercritical
617.0	1038.0	645.34	0.0015496	575.97	736.82	1.9731	0.97123	1.4053	664.7	-0.0069991	6.3502e-05	0.086768	supercritical
617.0	1041.2	646.4	0.001547	575.77	736.85	1.9724	0.97136	1.4053	665.77	-0.007171	6.3633e-05	0.086888	supercritical
617.0	1044.5	647.46	0.0015445	575.56	736.88	1.9716	0.97148	1.4053	666.83	-0.0073417	6.3763e-05	0.087009	supercritical
617.0	1047.8	648.51	0.001542	575.36	736.92	1.9709	0.97161	1.4054	667.9	-0.0075113	6.3894e-05	0.087129	supercritical
617.0	1051.0	649.57	0.0015395	575.15	736.95	1.9701	0.97173	1.4054	668.96	-0.0076797	6.4024e-05	0.087249	supercritical
617.0	1054.2	650.61	0.001537	574.95	736.99	1.9693	0.97186	1.4054	670.02	-0.0078471	6.4154e-05	0.087369	supercritical
617.0	1057.5	651.66	0.0015345	574.75	737.02	1.9686	0.97198	1.4054	671.08	-0.0080134	6.4284e-05	0.087488	supercritical
617.0	1060.8	652.7	0.0015321	574.54	737.06	1.9679	0.9721	1.4054	672.14	-0.0081785	6.4414e-05	0.087608	supercritical
617.0	1064.0	653.74	0.0015297	574.34	737.1	1.9671	0.97223	1.4054	673.2	-0.0083426	6.4544e-05	0.087727	supercritical
617.0	1067.2	654.77	0.0015272	574.14	737.14	1.9664	0.97235	1.4054	674.26	-0.0085056	6.4674e-05	0.087846	supercritical
617.0	1070.5	655.81	0.0015248	573.94	737.18	1.9656	0.97248	1.4055	675.31	-0.0086675	6.4803e-05	0.087965	supercritical
617.0	1073.8	656.83	0.0015225	573.74	737.22	1.9649	0.9726	1.4055	676.37	-0.0088284	6.4933e-05	0.088084	supercritical
617.0	1077.0	657.86	0.0015201	573.55	737.26	1.9642	0.97273	1.4055	677.42	-0.0089883	6.5063e-05	0.088203	supercritical
617.0	1080.2	658.88	0.0015177	573.35	737.3	1.9634	0.97285	1.4055	678.48	-0.0091471	6.5192e-05	0.088321	supercritical
617.0	1083.5	659.9	0.0015154	573.15	737.34	1.9627	0.97297	1.4055	679.53	-0.0093048	6.5321e-05	0.08844	supercritical
617.0	1086.8	660.91	0.0015131	572.95	737.38	1.962	0.9731	1.4055	680.58	-0.0094616	6.5451e-05	0.088558	supercritical
617.0	1090.0	661.93	0.0015107	572.76	737.43	1.9612	0.97322	1.4055	681.63	-0.0096173	6.558e-05	0.088676	supercritical
617.0	1093.2	662.93	0.0015084	572.56	737.47	1.9605	0.97334	1.4055	682.68	-0.0097721	6.5709e-05	0.088794	supercritical
617.0	1096.5	663.94	0.0015062	572.37	737.52	1.9598	0.97347	1.4055	683.72	-0.0099259	6.5838e-05	0.088911	supercritical
617.0	1099.8	664.94	0.0015039	572.17	737.56	1.9591	0.97359	1.4055	684.77	-0.010079	6.5967e-05	0.089029	supercritical
617.0	1103.0	665.94	0.0015016	571.98	737.61	1.9584	0.97371	1.4055	685.81	-0.01023	6.6096e-05	0.089147	supercritical
617.0	1106.2	666.94	0.0014994	571.79	737.66	1.9576	0.97384	1.4055	686.86	-0.010381	6.6225e-05	0.089264	supercritical
617.0	1109.5	667.93	0.0014972	571.59	737.7	1.9569	0.97396	1.4055	687.9	-0.010531	6.6354e-05	0.089381	supercritical
617.0	1112.8	668.92	0.0014949	571.4	737.75	1.9562	0.97408	1.4055	688.94	-0.01068	6.6483e-05	0.089498	supercritical
617.0	1116.0	669.91	0.0014927	571.21	737.8	1.9555	0.97421	1.4055	689.98	-0.010828	6.6611e-05	0.089615	supercritical
617.0	1119.2	670.89	0.0014906	571.02	737.85	1.9548	0.97433	1.4055	691.02	-0.010975	6.674e-05	0.089732	supercritical
617.0	1122.5	671.87	0.0014884	570.83	737.9	1.9541	0.97445	1.4055	692.06	-0.011121	6.6868e-05	0.089848	supercritical
617.0	1125.8	672.85	0.0014862	570.64	737.95	1.9534	0.97457	1.4055	693.1	-0.011266	6.6997e-05	0.089965	supercritical
617.0	1129.0	673.82	0.0014841	570.45	738.0	1.9527	0.9747	1.4055	694.13	-0.011411	6.7125e-05	0.090081	supercritical
617.0	1132.2	674.79	0.0014819	570.26	738.06	1.952	0.97482	1.4055	695.17	-0.011554	6.7253e-05	0.090197	supercritical
617.0	1135.5	675.76	0.0014798	570.08	738.11	1.9513	0.97494	1.4055	696.2	-0.011697	6.7381e-05	0.090313	supercritical
617.0	1138.8	676.73	0.0014777	569.89	738.16	1.9506	0.97506	1.4055	697.23	-0.011838	6.7509e-05	0.090429	supercritical
617.0	1142.0	677.69	0.0014756	569.7	738.22	1.9499	0.97519	1.4055	698.27	-0.011979	6.7637e-05	0.090545	supercritical
617.0	1145.2	678.65	0.0014735	569.52	738.27	1.9492	0.97531	1.4055	699.3	-0.012119	6.7765e-05	0.090661	supercritical
617.0	1148.5	679.6	0.0014714	569.33	738.33	1.9486	0.97543	1.4055	700.33	-0.012258	6.7893e-05	0.090776	supercritical
617.0	1151.8	680.56	0.0014694	569.15	738.39	1.9479	0.97555	1.4055	701.35	-0.012396	6.8021e-05	0.090892	supercritical
617.0	1155.0	681.51	0.0014673	568.97	738.44	1.9472	0.97567	1.4055	702.38	-0.012533	6.8149e-05	0.091007	supercritical
617.0	1158.2	682.45	0.0014653	568.78	738.5	1.9465	0.9758	1.4055	703.41	-0.01267	6.8276e-05	0.091122	supercritical
617.0	1161.5	683.4	0.0014633	568.6	738.56	1.9458	0.97592	1.4055	704.43	-0.012806	6.8404e-05	0.091237	supercritical
617.0	1164.8	684.34	0.0014613	568.42	738.62	1.9452	0.97604	1.4054	705.46	-0.01294	6.8531e-05	0.091352	supercritical
617.0	1168.0	685.28	0.0014593	568.24	738.68	1.9445	0.97616	1.4054	706.48	-0.013074	6.8658e-05	0.091467	supercritical
617.0	1171.2	686.22	0.0014573	568.05	738.74	1.9438	0.97628	1.4054	707.5	-0.013207	6.8786e-05	0.091581	supercritical
617.0	1174.5	687.15	0.0014553	567.87	738.8	1.9432	0.9764	1.4054	708.52	-0.01334	6.8913e-05	0.091696	supercritical
617.0	1177.8	688.08	0.0014533	567.69	738.86	1.9425	0.97653	1.4054	709.54	-0.013471	6.904e-05	0.09181	supercritical
617.0	1181.0	689.01	0.0014514	567.51	738.92	1.9418	0.97665	1.4054	710.56	-0.013602	6.9167e-05	0.091924	supercritical
617.0	1184.2	689.93	0.0014494	567.34	738.98	1.9412	0.97677	1.4054	711.58	-0.013732	6.9294e-05	0.092039	supercritical
617.0	1187.5	690.85	0.0014475	567.16	739.05	1.9405	0.97689	1.4054	712.59	-0.013861	6.9421e-05	0.092153	supercritical
617.0	1190.8	691.77	0.0014456	566.98	739.11	1.9398	0.97701	1.4053	713.61	-0.01399	6.9547e-05	0.092267	supercritical
617.0	1194.0	692.69	0.0014436	566.8	739.17	1.9392	0.97713	1.4053	714.62	-0.014117	6.9674e-05	0.09238	supercritical
617.0	1197.2	693.6	0.0014417	566.63	739.24	1.9385	0.97725	1.4053	715.64	-0.014244	6.9801e-05	0.092494	supercritical
617.0	1200.5	694.52	0.0014399	566.45	739.3	1.9379	0.97737	1.4053	716.65	-0.01437	6.9927e-05	0.092608	supercritical
617.0	1203.8	695.42	0.001438	566.27	739.37	1.9372	0.9775	1.4053	717.66	-0.014496	7.0054e-05	0.092721	supercritical
617.0	1207.0	696.33	0.0014361	566.1	739.44	1.9366	0.97762	1.4053	718.67	-0.01462	7.018e-05	0.092834	supercritical
617.0	1210.2	697.23	0.0014342	565.92	739.5	1.9359	0.97774	1.4052	719.68	-0.014744	7.0306e-05	0.092948	supercritical
617.0	1213.5	698.13	0.0014324	565.75	739.57	1.9353	0.97786	1.4052	720.68	-0.014867	7.0433e-05	0.093061	supercritical
617.0	1216.8	699.03	0.0014306	565.58	739.64	1.9346	0.97798	1.4052	721.69	-0.01499	7.0559e-05	0.093174	supercritical
617.0	1220.0	699.93	0.0014287	565.4	739.71	1.934	0.9781	1.4052	722.7	-0.015111	7.0685e-05	0.093287	supercritical
617.0	1223.2	700.82	0.0014269	565.23	739.78	1.9334	0.97822	1.4052	723.7	-0.015232	7.0811e-05	0.0934	supercritical
617.0	1226.5	701.71	0.0014251	565.06	739.85	1.9327	0.97834	1.4051	724.7	-0.015352	7.0937e-05	0.093512	supercritical
617.0	1229.8	702.6	0.0014233	564.89	739.92	1.9321	0.97846	1.4051	725.7	-0.015472	7.1062e-05	0.093625	supercritical
617.0	1233.0	703.48	0.0014215	564.72	739.99	1.9314	0.97858	1.4051	726.71	-0.015591	7.1188e-05	0.093737	supercritical
617.0	1236.2	704.36	0.0014197	564.55	740.06	1.9308	0.9787	1.4051	727.71	-0.015709	7.1314e-05	0.09385	supercritical
617.0	1239.5	705.24	0.0014179	564.38	740.13	1.9302	0.97882	1.4051	728.7	-0.015826	7.1439e-05	0.093962	supercritical
617.0	1242.8	706.12	0.0014162	564.21	740.2	1.9296	0.97894	1.405	729.7	-0.015943	7.1565e-05	0.094074	supercritical
617.0	1246.0	707.0	0.0014144	564.04	740.28	1.9289	0.97906	1.405	730.7	-0.016059	7.169e-05	0.094186	supercritical
617.0	1249.2	707.87	0.0014127	563.87	740.35	1.9283	0.97918	1.405	731.69	-0.016174	7.1816e-05	0.094298	supercritical
617.0	1252.5	708.74	0.001411	563.7	740.42	1.9277	0.9793	1.405	732.69	-0.016289	7.1941e-05	0.09441	supercritical
617.0	1255.8	709.61	0.0014092	563.53	740.5	1.9271	0.97942	1.405	733.68	-0.016403	7.2066e-05	0.094522	supercritical
617.0	1259.0	710.47	0.0014075	563.37	740.57	1.9264	0.97954	1.4049	734.67	-0.016517	7.2191e-05	0.094633	supercritical
617.0	1262.2	711.33	0.0014058	563.2	740.65	1.9258	0.97966	1.4049	735.66	-0.016629	7.2316e-05	0.094745	supercritical
617.0	1265.5	712.19	0.0014041	563.04	740.73	1.9252	0.97978	1.4049	736.65	-0.016741	7.2441e-05	0.094857	supercritical
617.0	1268.8	713.05	0.0014024	562.87	740.8	1.9246	0.9799	1.4049	737.64	-0.016853	7.2566e-05	0.094968	supercritical
617.0	1272.0	713.91	0.0014007	562.71	740.88	1.924	0.98002	1.4048	738.63	-0.016964	7.269e-05	0.095079	supercritical
617.0	1275.2	714.76	0.0013991	562.54	740.96	1.9234	0.98014	1.4048	739.62	-0.017074	7.2815e-05	0.09519	supercritical
617.0	1278.5	715.61	0.0013974	562.38	741.04	1.9228	0.98026	1.4048	740.6	-0.017183	7.294e-05	0.095302	supercritical
617.0	1281.8	716.46	0.0013958	562.21	741.11	1.9221	0.98038	1.4048	741.59	-0.017292	7.3064e-05	0.095413	supercritical
617.0	1285.0	717.3	0.0013941	562.05	741.19	1.9215	0.9805	1.4047	742.57	-0.0174	7.3189e-05	0.095523	supercritical
617.0	1288.2	718.15	0.0013925	561.89	741.27	1.9209	0.98062	1.4047	743.55	-0.017508	7.3313e-05	0.095634	supercritical
617.0	1291.5	718.99	0.0013908	561.73	741.35	1.9203	0.98073	1.4047	744.53	-0.017615	7.3437e-05	0.095745	supercritical
617.0	1294.8	719.82	0.0013892	561.56	741.43	1.9197	0.98085	1.4046	745.51	-0.017721	7.3562e-05	0.095856	supercritical
617.0	1298.0	720.66	0.0013876	561.4	741.52	1.9191	0.98097	1.4046	746.49	-0.017827	7.3686e-05	0.095966	supercritical
617.0	1301.2	721.49	0.001386	561.24	741.6	1.9185	0.98109	1.4046	747.47	-0.017932	7.381e-05	0.096077	supercritical
617.0	1304.5	722.33	0.0013844	561.08	741.68	1.9179	0.98121	1.4046	748.44	-0.018037	7.3934e-05	0.096187	supercritical
617.0	1307.8	723.16	0.0013828	560.92	741.76	1.9173	0.98133	1.4045	749.42	-0.018141	7.4058e-05	0.096297	supercritical
617.0	1311.0	723.98	0.0013812	560.76	741.85	1.9167	0.98145	1.4045	750.39	-0.018244	7.4181e-05	0.096408	supercritical
617.0	1314.2	724.81	0.0013797	560.6	741.93	1.9162	0.98157	1.4045	751.37	-0.018347	7.4305e-05	0.096518	supercritical
617.0	1317.5	725.63	0.0013781	560.45	742.01	1.9156	0.98169	1.4045	752.34	-0.018449	7.4429e-05	0.096628	supercritical
617.0	1320.8	726.45	0.0013766	560.29	742.1	1.915	0.98181	1.4044	753.31	-0.018551	7.4552e-05	0.096738	supercritical
617.0	1324.0	727.27	0.001375	560.13	742.18	1.9144	0.98192	1.4044	754.28	-0.018652	7.4676e-05	0.096848	supercritical
617.0	1327.2	728.08	0.0013735	559.97	742.27	1.9138	0.98204	1.4044	755.25	-0.018752	7.4799e-05	0.096958	supercritical
617.0	1330.5	728.9	0.0013719	559.82	742.35	1.9132	0.98216	1.4043	756.22	-0.018852	7.4923e-05	0.097067	supercritical
617.0	1333.8	729.71	0.0013704	559.66	742.44	1.9126	0.98228	1.4043	757.18	-0.018951	7.5046e-05	0.097177	supercritical
617.0	1337.0	730.52	0.0013689	559.51	742.53	1.9121	0.9824	1.4043	758.15	-0.01905	7.5169e-05	0.097286	supercritical
617.0	1340.2	731.33	0.0013674	559.35	742.61	1.9115	0.98252	1.4042	759.11	-0.019148	7.5292e-05	0.097396	supercritical
617.0	1343.5	732.13	0.0013659	559.2	742.7	1.9109	0.98264	1.4042	760.08	-0.019246	7.5415e-05	0.097505	supercritical
617.0	1346.8	732.93	0.0013644	559.04	742.79	1.9103	0.98275	1.4042	761.04	-0.019343	7.5538e-05	0.097615	supercritical
617.0	1350.0	733.74	0.0013629	558.89	742.88	1.9097	0.98287	1.4042	762.0	-0.01944	7.5661e-05	0.097724	supercritical
617.0	1353.2	734.53	0.0013614	558.73	742.97	1.9092	0.98299	1.4041	762.96	-0.019536	7.5784e-05	0.097833	supercritical
617.0	1356.5	735.33	0.0013599	558.58	743.06	1.9086	0.98311	1.4041	763.92	-0.019631	7.5906e-05	0.097942	supercritical
617.0	1359.8	736.12	0.0013585	558.43	743.15	1.908	0.98323	1.4041	764.88	-0.019726	7.6029e-05	0.098051	supercritical
617.0	1363.0	736.92	0.001357	558.28	743.24	1.9075	0.98334	1.404	765.83	-0.01982	7.6152e-05	0.09816	supercritical
617.0	1366.2	737.71	0.0013556	558.12	743.33	1.9069	0.98346	1.404	766.79	-0.019914	7.6274e-05	0.098269	supercritical
617.0	1369.5	738.49	0.0013541	557.97	743.42	1.9063	0.98358	1.404	767.74	-0.020008	7.6396e-05	0.098378	supercritical
617.0	1372.8	739.28	0.0013527	557.82	743.51	1.9058	0.9837	1.4039	768.7	-0.020101	7.6519e-05	0.098487	supercritical
617.0	1376.0	740.06	0.0013512	557.67	743.6	1.9052	0.98382	1.4039	769.65	-0.020193	7.6641e-05	0.098595	supercritical
617.0	1379.2	740.85	0.0013498	557.52	743.69	1.9046	0.98393	1.4039	770.6	-0.020285	7.6763e-05	0.098704	supercritical
617.0	1382.5	741.63	0.0013484	557.37	743.79	1.9041	0.98405	1.4038	771.55	-0.020376	7.6885e-05	0.098813	supercritical
617.0	1385.8	742.4	0.001347	557.22	743.88	1.9035	0.98417	1.4038	772.5	-0.020467	7.7007e-05	0.098921	supercritical
617.0	1389.0	743.18	0.0013456	557.07	743.97	1.903	0.98429	1.4038	773.45	-0.020557	7.7129e-05	0.09903	supercritical
617.0	1392.2	743.95	0.0013442	556.92	744.07	1.9024	0.98441	1.4038	774.39	-0.020647	7.7251e-05	0.099138	supercritical
617.0	1395.5	744.73	0.0013428	556.78	744.16	1.9019	0.98452	1.4037	775.34	-0.020736	7.7373e-05	0.099246	supercritical
617.0	1398.8	745.5	0.0013414	556.63	744.26	1.9013	0.98464	1.4037	776.28	-0.020825	7.7495e-05	0.099354	supercritical
617.0	1402.0	746.26	0.00134	556.48	744.35	1.9007	0.98476	1.4037	777.23	-0.020913	7.7616e-05	0.099462	supercritical
617.0	1405.2	747.03	0.0013386	556.34	744.45	1.9002	0.98488	1.4036	778.17	-0.021001	7.7738e-05	0.099571	supercritical
617.0	1408.5	747.79	0.0013373	556.19	744.54	1.8996	0.98499	1.4036	779.11	-0.021088	7.7859e-05	0.099679	supercritical
617.0	1411.8	748.56	0.0013359	556.04	744.64	1.8991	0.98511	1.4036	780.05	-0.021175	7.7981e-05	0.099787	supercritical
617.0	1415.0	749.32	0.0013346	555.9	744.74	1.8986	0.98523	1.4035	780.99	-0.021261	7.8102e-05	0.099894	supercritical
617.0	1418.2	750.07	0.0013332	555.75	744.83	1.898	0.98535	1.4035	781.93	-0.021347	7.8223e-05	0.1	supercritical
617.0	1421.5	750.83	0.0013319	555.61	744.93	1.8975	0.98546	1.4035	782.87	-0.021433	7.8345e-05	0.10011	supercritical
617.0	1424.8	751.58	0.0013305	555.46	745.03	1.8969	0.98558	1.4034	783.8	-0.021518	7.8466e-05	0.10022	supercritical
617.0	1428.0	752.34	0.0013292	555.32	745.13	1.8964	0.9857	1.4034	784.74	-0.021602	7.8587e-05	0.10033	supercritical
617.0	1431.2	753.09	0.0013279	555.17	745.23	1.8958	0.98581	1.4034	785.67	-0.021686	7.8708e-05	0.10043	supercritical
617.0	1434.5	753.84	0.0013265	555.03	745.32	1.8953	0.98593	1.4033	786.6	-0.02177	7.8829e-05	0.10054	supercritical
617.0	1437.8	754.58	0.0013252	554.89	745.42	1.8948	0.98605	1.4033	787.53	-0.021853	7.8949e-05	0.10065	supercritical
617.0	1441.0	755.33	0.0013239	554.75	745.52	1.8942	0.98617	1.4033	788.46	-0.021935	7.907e-05	0.10076	supercritical
617.0	1444.2	756.07	0.0013226	554.6	745.62	1.8937	0.98628	1.4032	789.39	-0.022018	7.9191e-05	0.10086	supercritical
617.0	1447.5	756.81	0.0013213	554.46	745.72	1.8932	0.9864	1.4032	790.32	-0.022099	7.9312e-05	0.10097	supercritical
617.0	1450.8	757.55	0.00132	554.32	745.83	1.8926	0.98652	1.4032	791.25	-0.022181	7.9432e-05	0.10108	supercritical
617.0	1454.0	758.29	0.0013188	554.18	745.93	1.8921	0.98663	1.4031	792.17	-0.022261	7.9553e-05	0.10118	supercritical
617.0	1457.2	759.02	0.0013175	554.04	746.03	1.8916	0.98675	1.4031	793.1	-0.022342	7.9673e-05	0.10129	supercritical
617.0	1460.5	759.76	0.0013162	553.9	746.13	1.891	0.98687	1.4031	794.02	-0.022422	7.9793e-05	0.1014	supercritical
617.0	1463.8	760.49	0.0013149	553.76	746.23	1.8905	0.98698	1.403	794.94	-0.022501	7.9914e-05	0.10151	supercritical
617.0	1467.0	761.22	0.0013137	553.62	746.34	1.89	0.9871	1.403	795.87	-0.02258	8.0034e-05	0.10161	supercritical
617.0	1470.2	761.95	0.0013124	553.48	746.44	1.8895	0.98722	1.403	796.79	-0.022659	8.0154e-05	0.10172	supercritical
617.0	1473.5	762.67	0.0013112	553.34	746.54	1.8889	0.98733	1.4029	797.71	-0.022737	8.0274e-05	0.10183	supercritical
617.0	1476.8	763.4	0.0013099	553.2	746.65	1.8884	0.98745	1.4029	798.62	-0.022815	8.0394e-05	0.10193	supercritical
617.0	1480.0	764.12	0.0013087	553.06	746.75	1.8879	0.98757	1.4029	799.54	-0.022892	8.0514e-05	0.10204	supercritical
617.0	1483.2	764.84	0.0013075	552.93	746.86	1.8874	0.98768	1.4028	800.46	-0.022969	8.0634e-05	0.10215	supercritical
617.0	1486.5	765.56	0.0013062	552.79	746.96	1.8869	0.9878	1.4028	801.37	-0.023046	8.0753e-05	0.10225	supercritical
617.0	1489.8	766.28	0.001305	552.65	747.07	1.8863	0.98792	1.4028	802.29	-0.023122	8.0873e-05	0.10236	supercritical
617.0	1493.0	767.0	0.0013038	552.52	747.17	1.8858	0.98803	1.4027	803.2	-0.023198	8.0993e-05	0.10247	supercritical
617.0	1496.2	767.71	0.0013026	552.38	747.28	1.8853	0.98815	1.4027	804.11	-0.023273	8.1112e-05	0.10257	supercritical
617.0	1499.5	768.42	0.0013014	552.24	747.38	1.8848	0.98826	1.4027	805.02	-0.023348	8.1232e-05	0.10268	supercritical
617.0	1502.8	769.14	0.0013002	552.11	747.49	1.8843	0.98838	1.4027	805.93	-0.023423	8.1351e-05	0.10279	supercritical
617.0	1506.0	769.84	0.001299	551.97	747.6	1.8838	0.9885	1.4026	806.84	-0.023497	8.147e-05	0.10289	supercritical
617.0	1509.2	770.55	0.0012978	551.84	747.7	1.8833	0.98861	1.4026	807.75	-0.02357	8.159e-05	0.103	supercritical
617.0	1512.5	771.26	0.0012966	551.7	747.81	1.8828	0.98873	1.4026	808.65	-0.023644	8.1709e-05	0.1031	supercritical
617.0	1515.8	771.96	0.0012954	551.57	747.92	1.8822	0.98885	1.4025	809.56	-0.023717	8.1828e-05	0.10321	supercritical
617.0	1519.0	772.66	0.0012942	551.44	748.03	1.8817	0.98896	1.4025	810.46	-0.023789	8.1947e-05	0.10332	supercritical
617.0	1522.2	773.37	0.0012931	551.3	748.14	1.8812	0.98908	1.4025	811.36	-0.023861	8.2066e-05	0.10342	supercritical
617.0	1525.5	774.06	0.0012919	551.17	748.25	1.8807	0.98919	1.4024	812.27	-0.023933	8.2185e-05	0.10353	supercritical
617.0	1528.8	774.76	0.0012907	551.04	748.35	1.8802	0.98931	1.4024	813.17	-0.024004	8.2304e-05	0.10364	supercritical
617.0	1532.0	775.46	0.0012896	550.9	748.46	1.8797	0.98943	1.4024	814.07	-0.024075	8.2423e-05	0.10374	supercritical
617.0	1535.2	776.15	0.0012884	550.77	748.57	1.8792	0.98954	1.4023	814.97	-0.024146	8.2541e-05	0.10385	supercritical
617.0	1538.5	776.84	0.0012873	550.64	748.68	1.8787	0.98966	1.4023	815.86	-0.024216	8.266e-05	0.10395	supercritical
617.0	1541.8	777.54	0.0012861	550.51	748.79	1.8782	0.98977	1.4023	816.76	-0.024286	8.2779e-05	0.10406	supercritical
617.0	1545.0	778.23	0.001285	550.38	748.91	1.8777	0.98989	1.4022	817.65	-0.024356	8.2897e-05	0.10416	supercritical
617.0	1548.2	778.91	0.0012838	550.25	749.02	1.8772	0.99	1.4022	818.55	-0.024425	8.3016e-05	0.10427	supercritical
617.0	1551.5	779.6	0.0012827	550.12	749.13	1.8767	0.99012	1.4022	819.44	-0.024493	8.3134e-05	0.10438	supercritical
617.0	1554.8	780.28	0.0012816	549.99	749.24	1.8762	0.99024	1.4021	820.33	-0.024562	8.3252e-05	0.10448	supercritical
617.0	1558.0	780.97	0.0012805	549.86	749.35	1.8758	0.99035	1.4021	821.23	-0.02463	8.337e-05	0.10459	supercritical
617.0	1561.2	781.65	0.0012793	549.73	749.46	1.8753	0.99047	1.4021	822.12	-0.024697	8.3489e-05	0.10469	supercritical
617.0	1564.5	782.33	0.0012782	549.6	749.58	1.8748	0.99058	1.4021	823.0	-0.024765	8.3607e-05	0.1048	supercritical
617.0	1567.8	783.01	0.0012771	549.47	749.69	1.8743	0.9907	1.402	823.89	-0.024832	8.3725e-05	0.1049	supercritical
617.0	1571.0	783.68	0.001276	549.34	749.8	1.8738	0.99081	1.402	824.78	-0.024898	8.3843e-05	0.10501	supercritical
617.0	1574.2	784.36	0.0012749	549.21	749.92	1.8733	0.99093	1.402	825.67	-0.024965	8.3961e-05	0.10512	supercritical
617.0	1577.5	785.03	0.0012738	549.08	750.03	1.8728	0.99104	1.4019	826.55	-0.02503	8.4079e-05	0.10522	supercritical
617.0	1580.8	785.7	0.0012727	548.96	750.15	1.8723	0.99116	1.4019	827.43	-0.025096	8.4196e-05	0.10533	supercritical
617.0	1584.0	786.38	0.0012717	548.83	750.26	1.8718	0.99128	1.4019	828.32	-0.025161	8.4314e-05	0.10543	supercritical
617.0	1587.2	787.04	0.0012706	548.7	750.37	1.8714	0.99139	1.4018	829.2	-0.025226	8.4432e-05	0.10554	supercritical
617.0	1590.5	787.71	0.0012695	548.58	750.49	1.8709	0.99151	1.4018	830.08	-0.025291	8.4549e-05	0.10564	supercritical
617.0	1593.8	788.38	0.0012684	548.45	750.61	1.8704	0.99162	1.4018	830.96	-0.025355	8.4667e-05	0.10575	supercritical
617.0	1597.0	789.04	0.0012674	548.32	750.72	1.8699	0.99174	1.4018	831.84	-0.025419	8.4784e-05	0.10585	supercritical
617.0	1600.2	789.71	0.0012663	548.2	750.84	1.8694	0.99185	1.4017	832.71	-0.025482	8.4902e-05	0.10596	supercritical
617.0	1603.5	790.37	0.0012652	548.07	750.95	1.869	0.99197	1.4017	833.59	-0.025545	8.5019e-05	0.10606	supercritical
617.0	1606.8	791.03	0.0012642	547.95	751.07	1.8685	0.99208	1.4017	834.47	-0.025608	8.5136e-05	0.10617	supercritical
617.0	1610.0	791.69	0.0012631	547.82	751.19	1.868	0.9922	1.4016	835.34	-0.025671	8.5254e-05	0.10627	supercritical
617.0	1613.2	792.34	0.0012621	547.7	751.3	1.8675	0.99231	1.4016	836.21	-0.025733	8.5371e-05	0.10638	supercritical
617.0	1616.5	793.0	0.001261	547.57	751.42	1.8671	0.99243	1.4016	837.08	-0.025795	8.5488e-05	0.10648	supercritical
617.0	1619.8	793.65	0.00126	547.45	751.54	1.8666	0.99254	1.4015	837.96	-0.025856	8.5605e-05	0.10659	supercritical
617.0	1623.0	794.31	0.001259	547.33	751.66	1.8661	0.99266	1.4015	838.83	-0.025917	8.5722e-05	0.10669	supercritical
617.0	1626.2	794.96	0.0012579	547.2	751.77	1.8656	0.99277	1.4015	839.69	-0.025978	8.5839e-05	0.1068	supercritical
617.0	1629.5	795.61	0.0012569	547.08	751.89	1.8652	0.99289	1.4015	840.56	-0.026039	8.5956e-05	0.1069	supercritical
617.0	1632.8	796.26	0.0012559	546.96	752.01	1.8647	0.993	1.4014	841.43	-0.026099	8.6072e-05	0.10701	supercritical
617.0	1636.0	796.9	0.0012549	546.84	752.13	1.8642	0.99312	1.4014	842.29	-0.026159	8.6189e-05	0.10711	supercritical
617.0	1639.2	797.55	0.0012538	546.71	752.25	1.8638	0.99323	1.4014	843.16	-0.026219	8.6306e-05	0.10722	supercritical
617.0	1642.5	798.19	0.0012528	546.59	752.37	1.8633	0.99335	1.4014	844.02	-0.026278	8.6422e-05	0.10732	supercritical
617.0	1645.8	798.84	0.0012518	546.47	752.49	1.8628	0.99346	1.4013	844.89	-0.026337	8.6539e-05	0.10743	supercritical
617.0	1649.0	799.48	0.0012508	546.35	752.61	1.8624	0.99357	1.4013	845.75	-0.026396	8.6656e-05	0.10753	supercritical
617.0	1652.2	800.12	0.0012498	546.23	752.73	1.8619	0.99369	1.4013	846.61	-0.026454	8.6772e-05	0.10764	supercritical
617.0	1655.5	800.76	0.0012488	546.11	752.85	1.8614	0.9938	1.4012	847.47	-0.026513	8.6888e-05	0.10774	supercritical
617.0	1658.8	801.39	0.0012478	545.99	752.97	1.861	0.99392	1.4012	848.33	-0.02657	8.7005e-05	0.10785	supercritical
617.0	1662.0	802.03	0.0012468	545.87	753.09	1.8605	0.99403	1.4012	849.18	-0.026628	8.7121e-05	0.10795	supercritical
617.0	1665.2	802.66	0.0012458	545.75	753.21	1.8601	0.99415	1.4012	850.04	-0.026685	8.7237e-05	0.10806	supercritical
617.0	1668.5	803.3	0.0012449	545.63	753.34	1.8596	0.99426	1.4011	850.9	-0.026742	8.7353e-05	0.10816	supercritical
617.0	1671.8	803.93	0.0012439	545.51	753.46	1.8591	0.99438	1.4011	851.75	-0.026799	8.7469e-05	0.10826	supercritical
617.0	1675.0	804.56	0.0012429	545.39	753.58	1.8587	0.99449	1.4011	852.6	-0.026855	8.7585e-05	0.10837	supercritical
617.0	1678.2	805.19	0.0012419	545.27	753.7	1.8582	0.9946	1.4011	853.46	-0.026911	8.7701e-05	0.10847	supercritical
617.0	1681.5	805.82	0.001241	545.15	753.82	1.8578	0.99472	1.401	854.31	-0.026967	8.7817e-05	0.10858	supercritical
617.0	1684.8	806.44	0.00124	545.04	753.95	1.8573	0.99483	1.401	855.16	-0.027022	8.7933e-05	0.10868	supercritical
617.0	1688.0	807.07	0.0012391	544.92	754.07	1.8569	0.99495	1.401	856.01	-0.027078	8.8049e-05	0.10879	supercritical
617.0	1691.2	807.69	0.0012381	544.8	754.19	1.8564	0.99506	1.4009	856.86	-0.027133	8.8164e-05	0.10889	supercritical
617.0	1694.5	808.32	0.0012371	544.68	754.32	1.856	0.99518	1.4009	857.7	-0.027187	8.828e-05	0.109	supercritical
617.0	1697.8	808.94	0.0012362	544.57	754.44	1.8555	0.99529	1.4009	858.55	-0.027242	8.8396e-05	0.1091	supercritical
617.0	1701.0	809.56	0.0012352	544.45	754.57	1.8551	0.9954	1.4009	859.4	-0.027296	8.8511e-05	0.1092	supercritical
617.0	1704.2	810.18	0.0012343	544.33	754.69	1.8546	0.99552	1.4008	860.24	-0.02735	8.8627e-05	0.10931	supercritical
617.0	1707.5	810.79	0.0012334	544.22	754.81	1.8542	0.99563	1.4008	861.08	-0.027403	8.8742e-05	0.10941	supercritical
617.0	1710.8	811.41	0.0012324	544.1	754.94	1.8537	0.99575	1.4008	861.93	-0.027457	8.8857e-05	0.10952	supercritical
617.0	1714.0	812.02	0.0012315	543.99	755.06	1.8533	0.99586	1.4008	862.77	-0.02751	8.8973e-05	0.10962	supercritical
617.0	1717.2	812.64	0.0012306	543.87	755.19	1.8528	0.99597	1.4007	863.61	-0.027562	8.9088e-05	0.10973	supercritical
617.0	1720.5	813.25	0.0012296	543.76	755.32	1.8524	0.99609	1.4007	864.45	-0.027615	8.9203e-05	0.10983	supercritical
617.0	1723.8	813.86	0.0012287	543.64	755.44	1.8519	0.9962	1.4007	865.28	-0.027667	8.9318e-05	0.10993	supercritical
617.0	1727.0	814.47	0.0012278	543.53	755.57	1.8515	0.99632	1.4007	866.12	-0.027719	8.9433e-05	0.11004	supercritical
617.0	1730.2	815.08	0.0012269	543.41	755.69	1.8511	0.99643	1.4006	866.96	-0.027771	8.9548e-05	0.11014	supercritical
617.0	1733.5	815.69	0.001226	543.3	755.82	1.8506	0.99654	1.4006	867.79	-0.027822	8.9663e-05	0.11025	supercritical
617.0	1736.8	816.29	0.0012251	543.19	755.95	1.8502	0.99666	1.4006	868.63	-0.027873	8.9778e-05	0.11035	supercritical
617.0	1740.0	816.9	0.0012241	543.07	756.07	1.8497	0.99677	1.4006	869.46	-0.027924	8.9893e-05	0.11045	supercritical
617.0	1743.2	817.5	0.0012232	542.96	756.2	1.8493	0.99688	1.4006	870.29	-0.027975	9.0008e-05	0.11056	supercritical
617.0	1746.5	818.1	0.0012223	542.85	756.33	1.8489	0.997	1.4005	871.12	-0.028025	9.0123e-05	0.11066	supercritical
617.0	1749.8	818.7	0.0012214	542.73	756.46	1.8484	0.99711	1.4005	871.96	-0.028076	9.0238e-05	0.11077	supercritical
617.0	1753.0	819.3	0.0012205	542.62	756.58	1.848	0.99722	1.4005	872.78	-0.028126	9.0352e-05	0.11087	supercritical
617.0	1756.2	819.9	0.0012197	542.51	756.71	1.8476	0.99734	1.4005	873.61	-0.028175	9.0467e-05	0.11097	supercritical
617.0	1759.5	820.5	0.0012188	542.4	756.84	1.8471	0.99745	1.4004	874.44	-0.028225	9.0581e-05	0.11108	supercritical
617.0	1762.8	821.1	0.0012179	542.29	756.97	1.8467	0.99756	1.4004	875.27	-0.028274	9.0696e-05	0.11118	supercritical
617.0	1766.0	821.69	0.001217	542.18	757.1	1.8463	0.99768	1.4004	876.09	-0.028323	9.081e-05	0.11129	supercritical
617.0	1769.2	822.28	0.0012161	542.06	757.23	1.8458	0.99779	1.4004	876.92	-0.028371	9.0925e-05	0.11139	supercritical
617.0	1772.5	822.88	0.0012152	541.95	757.36	1.8454	0.99791	1.4003	877.74	-0.02842	9.1039e-05	0.11149	supercritical
617.0	1775.8	823.47	0.0012144	541.84	757.49	1.845	0.99802	1.4003	878.56	-0.028468	9.1153e-05	0.1116	supercritical
617.0	1779.0	824.06	0.0012135	541.73	757.62	1.8445	0.99813	1.4003	879.39	-0.028516	9.1267e-05	0.1117	supercritical
617.0	1782.2	824.65	0.0012126	541.62	757.75	1.8441	0.99825	1.4003	880.21	-0.028564	9.1382e-05	0.1118	supercritical
617.0	1785.5	825.23	0.0012118	541.51	757.88	1.8437	0.99836	1.4003	881.03	-0.028611	9.1496e-05	0.11191	supercritical
617.0	1788.8	825.82	0.0012109	541.4	758.01	1.8432	0.99847	1.4002	881.84	-0.028659	9.161e-05	0.11201	supercritical
617.0	1792.0	826.41	0.0012101	541.29	758.14	1.8428	0.99858	1.4002	882.66	-0.028706	9.1724e-05	0.11212	supercritical
617.0	1795.2	826.99	0.0012092	541.19	758.27	1.8424	0.9987	1.4002	883.48	-0.028753	9.1838e-05	0.11222	supercritical
617.0	1798.5	827.57	0.0012084	541.08	758.4	1.842	0.99881	1.4002	884.3	-0.028799	9.1952e-05	0.11232	supercritical
617.0	1801.8	828.16	0.0012075	540.97	758.53	1.8415	0.99892	1.4002	885.11	-0.028845	9.2065e-05	0.11243	supercritical
617.0	1805.0	828.74	0.0012067	540.86	758.66	1.8411	0.99904	1.4001	885.92	-0.028892	9.2179e-05	0.11253	supercritical
617.0	1808.2	829.32	0.0012058	540.75	758.79	1.8407	0.99915	1.4001	886.74	-0.028937	9.2293e-05	0.11263	supercritical
617.0	1811.5	829.9	0.001205	540.64	758.92	1.8403	0.99926	1.4001	887.55	-0.028983	9.2407e-05	0.11274	supercritical
617.0	1814.8	830.47	0.0012041	540.54	759.06	1.8399	0.99938	1.4001	888.36	-0.029029	9.252e-05	0.11284	supercritical
617.0	1818.0	831.05	0.0012033	540.43	759.19	1.8394	0.99949	1.4001	889.17	-0.029074	9.2634e-05	0.11295	supercritical
617.0	1821.2	831.63	0.0012025	540.32	759.32	1.839	0.9996	1.4	889.98	-0.029119	9.2748e-05	0.11305	supercritical
617.0	1824.5	832.2	0.0012016	540.21	759.45	1.8386	0.99971	1.4	890.79	-0.029164	9.2861e-05	0.11315	supercritical
617.0	1827.8	832.77	0.0012008	540.11	759.59	1.8382	0.99983	1.4	891.6	-0.029208	9.2975e-05	0.11326	supercritical
617.0	1831.0	833.34	0.0012	540.0	759.72	1.8378	0.99994	1.4	892.4	-0.029253	9.3088e-05	0.11336	supercritical
617.0	1834.2	833.91	0.0011992	539.9	759.85	1.8374	1.0001	1.4	893.21	-0.029297	9.3201e-05	0.11346	supercritical
617.0	1837.5	834.48	0.0011983	539.79	759.99	1.8369	1.0002	1.3999	894.01	-0.029341	9.3315e-05	0.11357	supercritical
617.0	1840.8	835.05	0.0011975	539.68	760.12	1.8365	1.0003	1.3999	894.82	-0.029384	9.3428e-05	0.11367	supercritical
617.0	1844.0	835.62	0.0011967	539.58	760.25	1.8361	1.0004	1.3999	895.62	-0.029428	9.3541e-05	0.11377	supercritical
617.0	1847.2	836.19	0.0011959	539.47	760.39	1.8357	1.0005	1.3999	896.42	-0.029471	9.3654e-05	0.11388	supercritical
617.0	1850.5	836.75	0.0011951	539.37	760.52	1.8353	1.0006	1.3999	897.22	-0.029514	9.3767e-05	0.11398	supercritical
617.0	1853.8	837.32	0.0011943	539.26	760.66	1.8349	1.0007	1.3998	898.02	-0.029557	9.388e-05	0.11409	supercritical
617.0	1857.0	837.88	0.0011935	539.16	760.79	1.8345	1.0008	1.3998	898.82	-0.0296	9.3993e-05	0.11419	supercritical
617.0	1860.2	838.44	0.0011927	539.05	760.92	1.8341	1.001	1.3998	899.62	-0.029642	9.4106e-05	0.11429	supercritical
617.0	1863.5	839.0	0.0011919	538.95	761.06	1.8336	1.0011	1.3998	900.42	-0.029685	9.4219e-05	0.1144	supercritical
617.0	1866.8	839.56	0.0011911	538.85	761.19	1.8332	1.0012	1.3998	901.21	-0.029727	9.4332e-05	0.1145	supercritical
617.0	1870.0	840.12	0.0011903	538.74	761.33	1.8328	1.0013	1.3997	902.01	-0.029769	9.4445e-05	0.1146	supercritical
617.0	1873.2	840.68	0.0011895	538.64	761.47	1.8324	1.0014	1.3997	902.8	-0.02981	9.4558e-05	0.11471	supercritical
617.0	1876.5	841.24	0.0011887	538.54	761.6	1.832	1.0015	1.3997	903.6	-0.029852	9.467e-05	0.11481	supercritical
617.0	1879.8	841.79	0.0011879	538.43	761.74	1.8316	1.0016	1.3997	904.39	-0.029893	9.4783e-05	0.11491	supercritical
617.0	1883.0	842.35	0.0011872	538.33	761.87	1.8312	1.0017	1.3997	905.18	-0.029934	9.4896e-05	0.11502	supercritical
617.0	1886.2	842.9	0.0011864	538.23	762.01	1.8308	1.0019	1.3997	905.97	-0.029975	9.5008e-05	0.11512	supercritical
617.0	1889.5	843.45	0.0011856	538.13	762.15	1.8304	1.002	1.3996	906.76	-0.030016	9.5121e-05	0.11522	supercritical
617.0	1892.8	844.01	0.0011848	538.02	762.28	1.83	1.0021	1.3996	907.55	-0.030056	9.5233e-05	0.11533	supercritical
617.0	1896.0	844.56	0.0011841	537.92	762.42	1.8296	1.0022	1.3996	908.34	-0.030097	9.5346e-05	0.11543	supercritical
617.0	1899.2	845.11	0.0011833	537.82	762.56	1.8292	1.0023	1.3996	909.12	-0.030137	9.5458e-05	0.11553	supercritical
617.0	1902.5	845.65	0.0011825	537.72	762.69	1.8288	1.0024	1.3996	909.91	-0.030177	9.5571e-05	0.11564	supercritical
617.0	1905.8	846.2	0.0011818	537.62	762.83	1.8284	1.0025	1.3996	910.7	-0.030217	9.5683e-05	0.11574	supercritical
617.0	1909.0	846.75	0.001181	537.52	762.97	1.828	1.0026	1.3995	911.48	-0.030256	9.5795e-05	0.11584	supercritical
617.0	1912.2	847.29	0.0011802	537.42	763.11	1.8276	1.0027	1.3995	912.26	-0.030295	9.5907e-05	0.11595	supercritical
617.0	1915.5	847.84	0.0011795	537.32	763.24	1.8272	1.0029	1.3995	913.05	-0.030335	9.6019e-05	0.11605	supercritical
617.0	1918.8	848.38	0.0011787	537.22	763.38	1.8268	1.003	1.3995	913.83	-0.030374	9.6132e-05	0.11615	supercritical
617.0	1922.0	848.92	0.001178	537.12	763.52	1.8264	1.0031	1.3995	914.61	-0.030413	9.6244e-05	0.11626	supercritical
617.0	1925.2	849.47	0.0011772	537.02	763.66	1.826	1.0032	1.3995	915.39	-0.030451	9.6356e-05	0.11636	supercritical
617.0	1928.5	850.01	0.0011765	536.92	763.8	1.8256	1.0033	1.3995	916.17	-0.03049	9.6468e-05	0.11646	supercritical
617.0	1931.8	850.55	0.0011757	536.82	763.94	1.8252	1.0034	1.3994	916.95	-0.030528	9.658e-05	0.11657	supercritical
617.0	1935.0	851.08	0.001175	536.72	764.08	1.8248	1.0035	1.3994	917.73	-0.030566	9.6692e-05	0.11667	supercritical
617.0	1938.2	851.62	0.0011742	536.62	764.21	1.8244	1.0036	1.3994	918.5	-0.030604	9.6803e-05	0.11677	supercritical
617.0	1941.5	852.16	0.0011735	536.52	764.35	1.824	1.0038	1.3994	919.28	-0.030642	9.6915e-05	0.11688	supercritical
617.0	1944.8	852.69	0.0011728	536.42	764.49	1.8236	1.0039	1.3994	920.05	-0.030679	9.7027e-05	0.11698	supercritical
617.0	1948.0	853.23	0.001172	536.32	764.63	1.8232	1.004	1.3994	920.83	-0.030717	9.7139e-05	0.11708	supercritical
617.0	1951.2	853.76	0.0011713	536.23	764.77	1.8229	1.0041	1.3993	921.6	-0.030754	9.725e-05	0.11719	supercritical
617.0	1954.5	854.3	0.0011706	536.13	764.91	1.8225	1.0042	1.3993	922.37	-0.030791	9.7362e-05	0.11729	supercritical
617.0	1957.8	854.83	0.0011698	536.03	765.05	1.8221	1.0043	1.3993	923.14	-0.030828	9.7474e-05	0.11739	supercritical
617.0	1961.0	855.36	0.0011691	535.93	765.19	1.8217	1.0044	1.3993	923.91	-0.030865	9.7585e-05	0.1175	supercritical
617.0	1964.2	855.89	0.0011684	535.83	765.33	1.8213	1.0045	1.3993	924.68	-0.030901	9.7697e-05	0.1176	supercritical
617.0	1967.5	856.42	0.0011677	535.74	765.47	1.8209	1.0046	1.3993	925.45	-0.030938	9.7808e-05	0.1177	supercritical
617.0	1970.8	856.95	0.0011669	535.64	765.61	1.8205	1.0048	1.3993	926.22	-0.030974	9.792e-05	0.11781	supercritical
617.0	1974.0	857.47	0.0011662	535.54	765.76	1.8201	1.0049	1.3992	926.99	-0.03101	9.8031e-05	0.11791	supercritical
617.0	1977.2	858.0	0.0011655	535.45	765.9	1.8198	1.005	1.3992	927.75	-0.031046	9.8142e-05	0.11801	supercritical
617.0	1980.5	858.52	0.0011648	535.35	766.04	1.8194	1.0051	1.3992	928.52	-0.031081	9.8254e-05	0.11812	supercritical
617.0	1983.8	859.05	0.0011641	535.26	766.18	1.819	1.0052	1.3992	929.28	-0.031117	9.8365e-05	0.11822	supercritical
617.0	1987.0	859.57	0.0011634	535.16	766.32	1.8186	1.0053	1.3992	930.05	-0.031152	9.8476e-05	0.11832	supercritical
617.0	1990.2	860.09	0.0011627	535.06	766.46	1.8182	1.0054	1.3992	930.81	-0.031188	9.8587e-05	0.11843	supercritical
617.0	1993.5	860.62	0.001162	534.97	766.6	1.8178	1.0055	1.3992	931.57	-0.031223	9.8698e-05	0.11853	supercritical
617.0	1996.8	861.14	0.0011613	534.87	766.75	1.8175	1.0057	1.3992	932.33	-0.031258	9.881e-05	0.11863	supercritical
617.0	2000.0	861.66	0.0011606	534.78	766.89	1.8171	1.0058	1.3991	933.09	-0.031292	9.8921e-05	0.11874	supercritical
