Temperature (K)	Pressure (bar)	Density (kg/m3)	Volume (m3/kg)	Internal Energy (kJ/kg)	Enthalpy (kJ/kg)	Entropy (J/g*K)	Cv (J/g*K)	Cp (J/g*K)	Sound Spd. (m/s)	Joule-Thomson (K/bar)	Viscosity (Pa*s)	Therm. Cond. (W/m*K)	Phase
548.0	56.5	55.895	0.017891	629.2	730.28	2.5314	0.86819	1.1044	354.83	0.23245	2.6661e-05	0.038804	vapor
548.0	59.75	59.182	0.016897	628.49	729.45	2.5195	0.86887	1.1079	354.89	0.23123	2.6715e-05	0.038925	vapor
548.0	63.0	62.476	0.016006	627.78	728.62	2.5082	0.86956	1.1115	354.97	0.23001	2.677e-05	0.039047	vapor
548.0	66.25	65.776	0.015203	627.06	727.79	2.4975	0.87024	1.1151	355.05	0.22878	2.6827e-05	0.03917	vapor
548.0	69.5	69.082	0.014475	626.35	726.96	2.4872	0.87092	1.1187	355.15	0.22753	2.6884e-05	0.039293	vapor
548.0	72.75	72.395	0.013813	625.64	726.13	2.4773	0.87159	1.1223	355.26	0.22628	2.6942e-05	0.039417	vapor
548.0	76.0	75.714	0.013208	624.93	725.31	2.4678	0.87227	1.1259	355.38	0.22502	2.7002e-05	0.039542	vapor
548.0	76.0	75.714	0.013208	624.93	725.31	2.4678	0.87227	1.1259	355.38	0.22502	2.7002e-05	0.039542	supercritical
548.0	76.0	75.714	0.013208	624.93	725.31	2.4678	0.87227	1.1259	355.38	0.22502	2.7002e-05	0.039542	supercritical
548.0	79.25	79.038	0.012652	624.22	724.48	2.4586	0.87294	1.1295	355.51	0.22375	2.7062e-05	0.039668	supercritical
548.0	82.5	82.368	0.012141	623.5	723.66	2.4498	0.87361	1.1331	355.66	0.22247	2.7123e-05	0.039794	supercritical
548.0	85.75	85.703	0.011668	622.79	722.85	2.4412	0.87428	1.1368	355.81	0.22118	2.7185e-05	0.039922	supercritical
548.0	89.0	89.044	0.01123	622.08	722.03	2.4329	0.87494	1.1404	355.98	0.21988	2.7248e-05	0.04005	supercritical
548.0	92.25	92.389	0.010824	621.37	721.22	2.4249	0.87561	1.1441	356.16	0.21857	2.7313e-05	0.04018	supercritical
548.0	95.5	95.739	0.010445	620.65	720.4	2.4171	0.87627	1.1477	356.35	0.21725	2.7378e-05	0.04031	supercritical
548.0	98.75	99.094	0.010091	619.94	719.59	2.4096	0.87692	1.1514	356.55	0.21593	2.7444e-05	0.040442	supercritical
548.0	102.0	102.45	0.0097606	619.23	718.79	2.4022	0.87758	1.1551	356.77	0.21459	2.7512e-05	0.040575	supercritical
548.0	105.25	105.81	0.0094505	618.52	717.98	2.395	0.87823	1.1587	357.0	0.21324	2.7581e-05	0.040709	supercritical
548.0	108.5	109.18	0.0091591	617.81	717.18	2.388	0.87887	1.1624	357.24	0.21189	2.765e-05	0.040844	supercritical
548.0	111.75	112.55	0.0088849	617.09	716.38	2.3812	0.87952	1.166	357.49	0.21052	2.7721e-05	0.04098	supercritical
548.0	115.0	115.92	0.0086263	616.38	715.59	2.3746	0.88016	1.1697	357.76	0.20915	2.7793e-05	0.041117	supercritical
548.0	118.25	119.3	0.0083822	615.67	714.79	2.3681	0.88079	1.1734	358.04	0.20777	2.7866e-05	0.041256	supercritical
548.0	121.5	122.68	0.0081513	614.96	714.0	2.3618	0.88143	1.177	358.33	0.20637	2.794e-05	0.041396	supercritical
548.0	124.75	126.06	0.0079327	614.25	713.21	2.3556	0.88206	1.1807	358.63	0.20497	2.8015e-05	0.041537	supercritical
548.0	128.0	129.44	0.0077254	613.54	712.43	2.3495	0.88268	1.1844	358.95	0.20356	2.8092e-05	0.04168	supercritical
548.0	131.25	132.83	0.0075285	612.84	711.65	2.3435	0.88331	1.188	359.28	0.20215	2.8169e-05	0.041824	supercritical
548.0	134.5	136.22	0.0073413	612.13	710.87	2.3377	0.88392	1.1916	359.63	0.20072	2.8248e-05	0.04197	supercritical
548.0	137.75	139.6	0.0071631	611.42	710.09	2.332	0.88454	1.1953	359.98	0.19929	2.8328e-05	0.042116	supercritical
548.0	141.0	142.99	0.0069933	610.71	709.32	2.3264	0.88515	1.1989	360.35	0.19785	2.8409e-05	0.042265	supercritical
548.0	144.25	146.38	0.0068313	610.01	708.55	2.3209	0.88576	1.2025	360.74	0.1964	2.8491e-05	0.042414	supercritical
548.0	147.5	149.78	0.0066767	609.3	707.78	2.3155	0.88636	1.2061	361.14	0.19494	2.8575e-05	0.042565	supercritical
548.0	150.75	153.17	0.0065289	608.6	707.02	2.3102	0.88696	1.2097	361.55	0.19348	2.8659e-05	0.042718	supercritical
548.0	154.0	156.56	0.0063874	607.9	706.26	2.3049	0.88755	1.2133	361.98	0.19201	2.8745e-05	0.042871	supercritical
548.0	157.25	159.95	0.006252	607.19	705.51	2.2998	0.88814	1.2169	362.42	0.19054	2.8832e-05	0.043027	supercritical
548.0	160.5	163.34	0.0061223	606.49	704.76	2.2948	0.88872	1.2204	362.87	0.18905	2.8921e-05	0.043184	supercritical
548.0	163.75	166.73	0.0059978	605.79	704.01	2.2898	0.88931	1.224	363.34	0.18757	2.901e-05	0.043342	supercritical
548.0	167.0	170.11	0.0058784	605.09	703.26	2.2849	0.88988	1.2275	363.82	0.18607	2.9101e-05	0.043502	supercritical
548.0	170.25	173.5	0.0057637	604.4	702.52	2.2801	0.89045	1.231	364.32	0.18458	2.9193e-05	0.043663	supercritical
548.0	173.5	176.88	0.0056534	603.7	701.79	2.2754	0.89102	1.2345	364.83	0.18307	2.9286e-05	0.043825	supercritical
548.0	176.75	180.27	0.0055473	603.0	701.05	2.2708	0.89159	1.238	365.35	0.18157	2.938e-05	0.043989	supercritical
548.0	180.0	183.65	0.0054453	602.31	700.33	2.2662	0.89214	1.2414	365.89	0.18006	2.9476e-05	0.044155	supercritical
548.0	183.25	187.02	0.005347	601.62	699.6	2.2616	0.8927	1.2449	366.44	0.17854	2.9573e-05	0.044322	supercritical
548.0	186.5	190.4	0.0052522	600.93	698.88	2.2572	0.89325	1.2483	367.01	0.17703	2.9671e-05	0.04449	supercritical
548.0	189.75	193.77	0.0051609	600.24	698.17	2.2528	0.89379	1.2517	367.59	0.17551	2.977e-05	0.04466	supercritical
548.0	193.0	197.13	0.0050727	599.55	697.45	2.2485	0.89433	1.255	368.18	0.17398	2.9871e-05	0.044832	supercritical
548.0	196.25	200.49	0.0049877	598.86	696.75	2.2442	0.89487	1.2584	368.79	0.17246	2.9972e-05	0.045004	supercritical
548.0	199.5	203.85	0.0049055	598.18	696.04	2.24	0.8954	1.2617	369.41	0.17093	3.0075e-05	0.045178	supercritical
548.0	202.75	207.21	0.0048261	597.49	695.34	2.2358	0.89592	1.265	370.05	0.1694	3.0179e-05	0.045354	supercritical
548.0	206.0	210.55	0.0047494	596.81	694.65	2.2317	0.89644	1.2682	370.7	0.16787	3.0285e-05	0.04553	supercritical
548.0	209.25	213.9	0.0046751	596.13	693.96	2.2276	0.89696	1.2715	371.37	0.16635	3.0391e-05	0.045709	supercritical
548.0	212.5	217.24	0.0046033	595.45	693.28	2.2236	0.89747	1.2747	372.05	0.16482	3.0499e-05	0.045888	supercritical
548.0	215.75	220.57	0.0045338	594.78	692.59	2.2197	0.89798	1.2779	372.74	0.16329	3.0608e-05	0.046069	supercritical
548.0	219.0	223.89	0.0044664	594.1	691.92	2.2158	0.89848	1.281	373.45	0.16176	3.0718e-05	0.046251	supercritical
548.0	222.25	227.21	0.0044012	593.43	691.25	2.2119	0.89897	1.2841	374.17	0.16023	3.083e-05	0.046434	supercritical
548.0	225.5	230.52	0.0043379	592.76	690.58	2.2081	0.89947	1.2872	374.91	0.15871	3.0942e-05	0.046619	supercritical
548.0	228.75	233.83	0.0042766	592.09	689.92	2.2044	0.89995	1.2903	375.66	0.15718	3.1056e-05	0.046805	supercritical
548.0	232.0	237.13	0.0042171	591.43	689.26	2.2006	0.90043	1.2933	376.42	0.15566	3.1171e-05	0.046992	supercritical
548.0	235.25	240.42	0.0041594	590.76	688.61	2.197	0.90091	1.2963	377.19	0.15414	3.1287e-05	0.04718	supercritical
548.0	238.5	243.7	0.0041034	590.1	687.96	2.1933	0.90138	1.2993	377.98	0.15262	3.1404e-05	0.047369	supercritical
548.0	241.75	246.98	0.004049	589.44	687.32	2.1898	0.90185	1.3023	378.79	0.15111	3.1523e-05	0.047559	supercritical
548.0	245.0	250.24	0.0039961	588.78	686.69	2.1862	0.90231	1.3052	379.6	0.1496	3.1642e-05	0.047751	supercritical
548.0	248.25	253.5	0.0039447	588.12	686.05	2.1827	0.90277	1.308	380.43	0.1481	3.1763e-05	0.047944	supercritical
548.0	251.5	256.75	0.0038948	587.47	685.43	2.1792	0.90323	1.3109	381.28	0.1466	3.1885e-05	0.048137	supercritical
548.0	254.75	259.99	0.0038463	586.82	684.8	2.1758	0.90368	1.3137	382.13	0.1451	3.2007e-05	0.048332	supercritical
548.0	258.0	263.22	0.0037991	586.17	684.19	2.1724	0.90412	1.3165	383.0	0.14361	3.2131e-05	0.048527	supercritical
548.0	261.25	266.44	0.0037531	585.52	683.58	2.1691	0.90456	1.3192	383.88	0.14212	3.2256e-05	0.048724	supercritical
548.0	264.5	269.65	0.0037084	584.88	682.97	2.1657	0.90499	1.3219	384.77	0.14064	3.2382e-05	0.048921	supercritical
548.0	267.75	272.86	0.0036649	584.24	682.37	2.1624	0.90542	1.3246	385.68	0.13917	3.251e-05	0.04912	supercritical
548.0	271.0	276.05	0.0036226	583.6	681.77	2.1592	0.90585	1.3272	386.6	0.1377	3.2638e-05	0.049319	supercritical
548.0	274.25	279.23	0.0035813	582.96	681.18	2.156	0.90627	1.3298	387.53	0.13624	3.2767e-05	0.049519	supercritical
548.0	277.5	282.4	0.0035411	582.33	680.59	2.1528	0.90668	1.3324	388.47	0.13479	3.2897e-05	0.04972	supercritical
548.0	280.75	285.56	0.0035019	581.69	680.01	2.1497	0.9071	1.3349	389.42	0.13334	3.3029e-05	0.049921	supercritical
548.0	284.0	288.71	0.0034637	581.07	679.44	2.1465	0.9075	1.3374	390.39	0.1319	3.3161e-05	0.050124	supercritical
548.0	287.25	291.84	0.0034265	580.44	678.86	2.1435	0.90791	1.3398	391.36	0.13047	3.3294e-05	0.050327	supercritical
548.0	290.5	294.97	0.0033902	579.81	678.3	2.1404	0.9083	1.3423	392.35	0.12904	3.3428e-05	0.050531	supercritical
548.0	293.75	298.08	0.0033548	579.19	677.74	2.1374	0.9087	1.3446	393.35	0.12763	3.3564e-05	0.050735	supercritical
548.0	297.0	301.18	0.0033202	578.57	677.18	2.1344	0.90909	1.347	394.36	0.12622	3.37e-05	0.05094	supercritical
548.0	300.25	304.28	0.0032865	577.96	676.63	2.1314	0.90947	1.3493	395.38	0.12482	3.3837e-05	0.051145	supercritical
548.0	303.5	307.35	0.0032536	577.34	676.09	2.1285	0.90985	1.3516	396.41	0.12343	3.3975e-05	0.051352	supercritical
548.0	306.75	310.42	0.0032214	576.73	675.55	2.1256	0.91023	1.3538	397.45	0.12205	3.4114e-05	0.051558	supercritical
548.0	310.0	313.47	0.0031901	576.12	675.02	2.1227	0.9106	1.3561	398.51	0.12067	3.4254e-05	0.051765	supercritical
548.0	313.25	316.51	0.0031594	575.52	674.49	2.1199	0.91097	1.3582	399.57	0.11931	3.4394e-05	0.051973	supercritical
548.0	316.5	319.54	0.0031295	574.91	673.96	2.117	0.91134	1.3604	400.64	0.11796	3.4536e-05	0.052181	supercritical
548.0	319.75	322.56	0.0031002	574.31	673.44	2.1142	0.9117	1.3625	401.72	0.11661	3.4678e-05	0.052389	supercritical
548.0	323.0	325.56	0.0030716	573.72	672.93	2.1115	0.91205	1.3646	402.81	0.11528	3.4821e-05	0.052598	supercritical
548.0	326.25	328.55	0.0030436	573.12	672.42	2.1087	0.9124	1.3666	403.91	0.11395	3.4965e-05	0.052807	supercritical
548.0	329.5	331.53	0.0030163	572.53	671.92	2.106	0.91275	1.3686	405.02	0.11264	3.511e-05	0.053017	supercritical
548.0	332.75	334.49	0.0029896	571.94	671.42	2.1033	0.9131	1.3706	406.14	0.11133	3.5256e-05	0.053226	supercritical
548.0	336.0	337.45	0.0029634	571.35	670.92	2.1007	0.91344	1.3725	407.26	0.11004	3.5402e-05	0.053436	supercritical
548.0	339.25	340.38	0.0029379	570.77	670.44	2.098	0.91377	1.3744	408.4	0.10875	3.5549e-05	0.053647	supercritical
548.0	342.5	343.31	0.0029128	570.19	669.95	2.0954	0.91411	1.3763	409.54	0.10748	3.5697e-05	0.053857	supercritical
548.0	345.75	346.22	0.0028884	569.61	669.48	2.0928	0.91444	1.3781	410.69	0.10622	3.5846e-05	0.054068	supercritical
548.0	349.0	349.11	0.0028644	569.03	669.0	2.0902	0.91476	1.3799	411.85	0.10496	3.5995e-05	0.054279	supercritical
548.0	352.25	352.0	0.0028409	568.46	668.53	2.0877	0.91508	1.3817	413.02	0.10372	3.6145e-05	0.054489	supercritical
548.0	355.5	354.87	0.0028179	567.89	668.07	2.0852	0.9154	1.3834	414.19	0.10249	3.6296e-05	0.0547	supercritical
548.0	358.75	357.72	0.0027954	567.33	667.61	2.0827	0.91572	1.3852	415.38	0.10127	3.6447e-05	0.054912	supercritical
548.0	362.0	360.57	0.0027734	566.76	667.16	2.0802	0.91603	1.3868	416.57	0.10006	3.6599e-05	0.055123	supercritical
548.0	365.25	363.4	0.0027518	566.2	666.71	2.0777	0.91634	1.3885	417.76	0.098857	3.6752e-05	0.055334	supercritical
548.0	368.5	366.21	0.0027307	565.64	666.27	2.0753	0.91664	1.3901	418.97	0.097668	3.6905e-05	0.055545	supercritical
548.0	371.75	369.01	0.0027099	565.09	665.83	2.0729	0.91694	1.3917	420.18	0.096489	3.7059e-05	0.055756	supercritical
548.0	375.0	371.8	0.0026896	564.53	665.39	2.0705	0.91724	1.3932	421.39	0.095321	3.7213e-05	0.055968	supercritical
548.0	378.25	374.57	0.0026697	563.98	664.96	2.0681	0.91754	1.3948	422.61	0.094163	3.7368e-05	0.056179	supercritical
548.0	381.5	377.33	0.0026502	563.43	664.54	2.0658	0.91783	1.3963	423.84	0.093016	3.7524e-05	0.05639	supercritical
548.0	384.75	380.08	0.0026311	562.89	664.12	2.0634	0.91812	1.3977	425.08	0.09188	3.768e-05	0.056601	supercritical
548.0	388.0	382.81	0.0026123	562.35	663.7	2.0611	0.9184	1.3992	426.32	0.090755	3.7837e-05	0.056812	supercritical
548.0	391.25	385.52	0.0025939	561.81	663.29	2.0588	0.91869	1.4006	427.57	0.08964	3.7994e-05	0.057022	supercritical
548.0	394.5	388.23	0.0025758	561.27	662.89	2.0566	0.91897	1.402	428.82	0.088535	3.8152e-05	0.057233	supercritical
548.0	397.75	390.92	0.0025581	560.74	662.49	2.0543	0.91924	1.4033	430.08	0.087442	3.831e-05	0.057443	supercritical
548.0	401.0	393.59	0.0025407	560.21	662.09	2.0521	0.91952	1.4047	431.34	0.086358	3.8469e-05	0.057654	supercritical
548.0	404.25	396.25	0.0025236	559.68	661.7	2.0499	0.91979	1.406	432.61	0.085285	3.8628e-05	0.057864	supercritical
548.0	407.5	398.9	0.0025069	559.16	661.31	2.0477	0.92005	1.4072	433.88	0.084223	3.8788e-05	0.058074	supercritical
548.0	410.75	401.53	0.0024904	558.63	660.93	2.0455	0.92032	1.4085	435.16	0.08317	3.8948e-05	0.058283	supercritical
548.0	414.0	404.15	0.0024743	558.11	660.55	2.0433	0.92058	1.4097	436.44	0.082128	3.9108e-05	0.058493	supercritical
548.0	417.25	406.76	0.0024584	557.6	660.18	2.0412	0.92084	1.4109	437.73	0.081096	3.9269e-05	0.058702	supercritical
548.0	420.5	409.35	0.0024429	557.08	659.81	2.039	0.9211	1.4121	439.02	0.080075	3.943e-05	0.058911	supercritical
548.0	423.75	411.93	0.0024276	556.57	659.44	2.0369	0.92136	1.4132	440.32	0.079063	3.9592e-05	0.059119	supercritical
548.0	427.0	414.49	0.0024126	556.06	659.08	2.0348	0.92161	1.4143	441.62	0.078061	3.9754e-05	0.059328	supercritical
548.0	430.25	417.05	0.0023978	555.56	658.72	2.0328	0.92186	1.4154	442.93	0.077069	3.9917e-05	0.059536	supercritical
548.0	433.5	419.58	0.0023833	555.05	658.37	2.0307	0.92211	1.4165	444.23	0.076088	4.0079e-05	0.059743	supercritical
548.0	436.75	422.1	0.0023691	554.55	658.02	2.0286	0.92235	1.4175	445.55	0.075115	4.0243e-05	0.059951	supercritical
548.0	440.0	424.61	0.0023551	554.06	657.68	2.0266	0.92259	1.4186	446.86	0.074153	4.0406e-05	0.060157	supercritical
548.0	443.25	427.11	0.0023413	553.56	657.34	2.0246	0.92283	1.4196	448.18	0.0732	4.057e-05	0.060364	supercritical
548.0	446.5	429.59	0.0023278	553.07	657.0	2.0226	0.92307	1.4205	449.51	0.072256	4.0734e-05	0.06057	supercritical
548.0	449.75	432.06	0.0023145	552.58	656.67	2.0206	0.92331	1.4215	450.83	0.071322	4.0899e-05	0.060776	supercritical
548.0	453.0	434.52	0.0023014	552.09	656.34	2.0187	0.92354	1.4224	452.16	0.070398	4.1063e-05	0.060982	supercritical
548.0	456.25	436.96	0.0022886	551.61	656.02	2.0167	0.92377	1.4233	453.5	0.069482	4.1228e-05	0.061187	supercritical
548.0	459.5	439.39	0.0022759	551.12	655.7	2.0148	0.924	1.4242	454.83	0.068576	4.1394e-05	0.061392	supercritical
548.0	462.75	441.8	0.0022635	550.64	655.39	2.0129	0.92423	1.4251	456.17	0.067679	4.1559e-05	0.061596	supercritical
548.0	466.0	444.2	0.0022512	550.17	655.07	2.0109	0.92446	1.4259	457.51	0.066791	4.1725e-05	0.0618	supercritical
548.0	469.25	446.59	0.0022392	549.69	654.77	2.0091	0.92468	1.4268	458.86	0.065911	4.1891e-05	0.062003	supercritical
548.0	472.5	448.96	0.0022273	549.22	654.46	2.0072	0.9249	1.4276	460.21	0.065041	4.2057e-05	0.062206	supercritical
548.0	475.75	451.33	0.0022157	548.75	654.16	2.0053	0.92512	1.4284	461.56	0.064179	4.2224e-05	0.062409	supercritical
548.0	479.0	453.68	0.0022042	548.29	653.87	2.0035	0.92534	1.4291	462.91	0.063326	4.239e-05	0.062611	supercritical
548.0	482.25	456.01	0.0021929	547.82	653.58	2.0016	0.92556	1.4299	464.26	0.062482	4.2557e-05	0.062813	supercritical
548.0	485.5	458.33	0.0021818	547.36	653.29	1.9998	0.92577	1.4306	465.62	0.061646	4.2724e-05	0.063014	supercritical
548.0	488.75	460.64	0.0021709	546.9	653.0	1.998	0.92598	1.4313	466.98	0.060818	4.2891e-05	0.063215	supercritical
548.0	492.0	462.94	0.0021601	546.44	652.72	1.9962	0.92619	1.432	468.34	0.059999	4.3059e-05	0.063415	supercritical
548.0	495.25	465.23	0.0021495	545.99	652.44	1.9944	0.9264	1.4326	469.71	0.059187	4.3226e-05	0.063615	supercritical
548.0	498.5	467.5	0.002139	545.54	652.17	1.9926	0.92661	1.4333	471.07	0.058384	4.3394e-05	0.063814	supercritical
548.0	501.75	469.76	0.0021288	545.09	651.9	1.9909	0.92682	1.4339	472.44	0.057589	4.3562e-05	0.064013	supercritical
548.0	505.0	472.0	0.0021186	544.64	651.63	1.9891	0.92702	1.4345	473.81	0.056802	4.373e-05	0.064211	supercritical
548.0	508.25	474.24	0.0021086	544.2	651.37	1.9874	0.92722	1.4351	475.18	0.056023	4.3898e-05	0.064409	supercritical
548.0	511.5	476.46	0.0020988	543.76	651.11	1.9857	0.92742	1.4357	476.55	0.055252	4.4066e-05	0.064607	supercritical
548.0	514.75	478.67	0.0020891	543.32	650.85	1.984	0.92762	1.4363	477.93	0.054488	4.4234e-05	0.064804	supercritical
548.0	518.0	480.87	0.0020796	542.88	650.6	1.9823	0.92782	1.4368	479.3	0.053732	4.4403e-05	0.065	supercritical
548.0	521.25	483.05	0.0020702	542.44	650.35	1.9806	0.92802	1.4374	480.68	0.052984	4.4571e-05	0.065196	supercritical
548.0	524.5	485.22	0.0020609	542.01	650.11	1.9789	0.92821	1.4379	482.06	0.052243	4.474e-05	0.065391	supercritical
548.0	527.75	487.38	0.0020518	541.58	649.86	1.9772	0.92841	1.4384	483.44	0.051509	4.4908e-05	0.065586	supercritical
548.0	531.0	489.53	0.0020428	541.15	649.63	1.9756	0.9286	1.4389	484.82	0.050783	4.5077e-05	0.065781	supercritical
548.0	534.25	491.67	0.0020339	540.73	649.39	1.974	0.92879	1.4393	486.2	0.050064	4.5246e-05	0.065975	supercritical
548.0	537.5	493.79	0.0020251	540.31	649.16	1.9723	0.92898	1.4398	487.58	0.049352	4.5415e-05	0.066168	supercritical
548.0	540.75	495.91	0.0020165	539.88	648.93	1.9707	0.92917	1.4402	488.96	0.048647	4.5584e-05	0.066361	supercritical
548.0	544.0	498.01	0.002008	539.47	648.7	1.9691	0.92936	1.4406	490.35	0.047949	4.5753e-05	0.066553	supercritical
548.0	547.25	500.1	0.0019996	539.05	648.48	1.9675	0.92954	1.4411	491.73	0.047259	4.5922e-05	0.066745	supercritical
548.0	550.5	502.17	0.0019913	538.64	648.26	1.9659	0.92973	1.4414	493.12	0.046575	4.6091e-05	0.066936	supercritical
548.0	553.75	504.24	0.0019832	538.22	648.04	1.9644	0.92991	1.4418	494.51	0.045898	4.626e-05	0.067127	supercritical
548.0	557.0	506.3	0.0019751	537.81	647.83	1.9628	0.93009	1.4422	495.89	0.045227	4.6429e-05	0.067317	supercritical
548.0	560.25	508.34	0.0019672	537.41	647.62	1.9612	0.93028	1.4426	497.28	0.044564	4.6598e-05	0.067507	supercritical
548.0	563.5	510.37	0.0019594	537.0	647.41	1.9597	0.93046	1.4429	498.67	0.043907	4.6767e-05	0.067696	supercritical
548.0	566.75	512.39	0.0019516	536.6	647.21	1.9582	0.93064	1.4432	500.06	0.043256	4.6936e-05	0.067885	supercritical
548.0	570.0	514.4	0.001944	536.2	647.01	1.9566	0.93081	1.4436	501.45	0.042612	4.7105e-05	0.068073	supercritical
548.0	573.25	516.4	0.0019365	535.8	646.81	1.9551	0.93099	1.4439	502.84	0.041975	4.7274e-05	0.068261	supercritical
548.0	576.5	518.39	0.001929	535.4	646.61	1.9536	0.93117	1.4442	504.23	0.041343	4.7443e-05	0.068448	supercritical
548.0	579.75	520.37	0.0019217	535.01	646.42	1.9521	0.93134	1.4444	505.62	0.040718	4.7612e-05	0.068634	supercritical
548.0	583.0	522.33	0.0019145	534.61	646.23	1.9506	0.93152	1.4447	507.01	0.0401	4.7781e-05	0.068821	supercritical
548.0	586.25	524.29	0.0019073	534.22	646.04	1.9492	0.93169	1.445	508.4	0.039487	4.795e-05	0.069006	supercritical
548.0	589.5	526.23	0.0019003	533.84	645.86	1.9477	0.93186	1.4452	509.79	0.03888	4.8119e-05	0.069191	supercritical
548.0	592.75	528.17	0.0018933	533.45	645.68	1.9463	0.93204	1.4455	511.18	0.03828	4.8288e-05	0.069376	supercritical
548.0	596.0	530.09	0.0018865	533.06	645.5	1.9448	0.93221	1.4457	512.57	0.037685	4.8457e-05	0.06956	supercritical
548.0	599.25	532.0	0.0018797	532.68	645.32	1.9434	0.93238	1.4459	513.96	0.037097	4.8625e-05	0.069743	supercritical
548.0	602.5	533.91	0.001873	532.3	645.15	1.9419	0.93255	1.4461	515.35	0.036514	4.8794e-05	0.069926	supercritical
548.0	605.75	535.8	0.0018664	531.92	644.98	1.9405	0.93271	1.4463	516.74	0.035937	4.8963e-05	0.070109	supercritical
548.0	609.0	537.68	0.0018598	531.55	644.81	1.9391	0.93288	1.4465	518.13	0.035366	4.9131e-05	0.070291	supercritical
548.0	612.25	539.55	0.0018534	531.17	644.65	1.9377	0.93305	1.4467	519.51	0.0348	4.93e-05	0.070472	supercritical
548.0	615.5	541.42	0.001847	530.8	644.48	1.9363	0.93321	1.4469	520.9	0.03424	4.9468e-05	0.070653	supercritical
548.0	618.75	543.27	0.0018407	530.43	644.32	1.9349	0.93338	1.447	522.29	0.033686	4.9637e-05	0.070834	supercritical
548.0	622.0	545.11	0.0018345	530.06	644.17	1.9336	0.93354	1.4472	523.68	0.033137	4.9805e-05	0.071014	supercritical
548.0	625.25	546.94	0.0018283	529.7	644.01	1.9322	0.93371	1.4473	525.06	0.032594	4.9973e-05	0.071194	supercritical
548.0	628.5	548.77	0.0018223	529.33	643.86	1.9308	0.93387	1.4475	526.45	0.032056	5.0141e-05	0.071373	supercritical
548.0	631.75	550.58	0.0018163	528.97	643.71	1.9295	0.93403	1.4476	527.84	0.031523	5.0309e-05	0.071551	supercritical
548.0	635.0	552.38	0.0018103	528.61	643.56	1.9281	0.93419	1.4477	529.22	0.030996	5.0477e-05	0.071729	supercritical
548.0	638.25	554.17	0.0018045	528.25	643.42	1.9268	0.93436	1.4479	530.6	0.030473	5.0645e-05	0.071907	supercritical
548.0	641.5	555.96	0.0017987	527.89	643.28	1.9255	0.93452	1.448	531.99	0.029956	5.0813e-05	0.072084	supercritical
548.0	644.75	557.73	0.001793	527.54	643.14	1.9241	0.93468	1.4481	533.37	0.029445	5.0981e-05	0.07226	supercritical
548.0	648.0	559.5	0.0017873	527.18	643.0	1.9228	0.93484	1.4482	534.75	0.028938	5.1148e-05	0.072437	supercritical
548.0	651.25	561.25	0.0017817	526.83	642.87	1.9215	0.93499	1.4483	536.13	0.028436	5.1316e-05	0.072612	supercritical
548.0	654.5	563.0	0.0017762	526.48	642.73	1.9202	0.93515	1.4483	537.51	0.027939	5.1483e-05	0.072787	supercritical
548.0	657.75	564.74	0.0017707	526.13	642.6	1.9189	0.93531	1.4484	538.89	0.027447	5.165e-05	0.072962	supercritical
548.0	661.0	566.47	0.0017653	525.79	642.47	1.9177	0.93547	1.4485	540.27	0.02696	5.1817e-05	0.073136	supercritical
548.0	664.25	568.19	0.00176	525.44	642.35	1.9164	0.93562	1.4485	541.64	0.026478	5.1984e-05	0.07331	supercritical
548.0	667.5	569.9	0.0017547	525.1	642.23	1.9151	0.93578	1.4486	543.02	0.026	5.2151e-05	0.073483	supercritical
548.0	670.75	571.6	0.0017495	524.76	642.1	1.9139	0.93593	1.4487	544.39	0.025527	5.2318e-05	0.073656	supercritical
548.0	674.0	573.29	0.0017443	524.42	641.98	1.9126	0.93609	1.4487	545.77	0.025059	5.2485e-05	0.073828	supercritical
548.0	677.25	574.98	0.0017392	524.08	641.87	1.9114	0.93624	1.4487	547.14	0.024596	5.2651e-05	0.074	supercritical
548.0	680.5	576.65	0.0017341	523.74	641.75	1.9101	0.93639	1.4488	548.51	0.024136	5.2818e-05	0.074172	supercritical
548.0	683.75	578.32	0.0017291	523.41	641.64	1.9089	0.93655	1.4488	549.88	0.023682	5.2984e-05	0.074343	supercritical
548.0	687.0	579.98	0.0017242	523.08	641.53	1.9077	0.9367	1.4488	551.25	0.023232	5.315e-05	0.074513	supercritical
548.0	690.25	581.63	0.0017193	522.75	641.42	1.9064	0.93685	1.4489	552.62	0.022786	5.3316e-05	0.074684	supercritical
548.0	693.5	583.27	0.0017145	522.42	641.32	1.9052	0.937	1.4489	553.98	0.022345	5.3482e-05	0.074853	supercritical
548.0	696.75	584.9	0.0017097	522.09	641.21	1.904	0.93716	1.4489	555.35	0.021908	5.3648e-05	0.075022	supercritical
548.0	700.0	586.53	0.0017049	521.76	641.11	1.9028	0.93731	1.4489	556.71	0.021475	5.3813e-05	0.075191	supercritical
548.0	703.25	588.15	0.0017003	521.44	641.01	1.9016	0.93746	1.4489	558.07	0.021046	5.3979e-05	0.07536	supercritical
548.0	706.5	589.75	0.0016956	521.12	640.91	1.9004	0.93761	1.4489	559.43	0.020622	5.4144e-05	0.075528	supercritical
548.0	709.75	591.35	0.001691	520.79	640.81	1.8993	0.93776	1.4489	560.79	0.020201	5.4309e-05	0.075695	supercritical
548.0	713.0	592.95	0.0016865	520.47	640.72	1.8981	0.93791	1.4489	562.15	0.019785	5.4474e-05	0.075862	supercritical
548.0	716.25	594.53	0.001682	520.16	640.63	1.8969	0.93805	1.4489	563.5	0.019372	5.4639e-05	0.076029	supercritical
548.0	719.5	596.11	0.0016775	519.84	640.54	1.8958	0.9382	1.4488	564.86	0.018964	5.4804e-05	0.076195	supercritical
548.0	722.75	597.68	0.0016731	519.52	640.45	1.8946	0.93835	1.4488	566.21	0.01856	5.4968e-05	0.076361	supercritical
548.0	726.0	599.24	0.0016688	519.21	640.36	1.8935	0.9385	1.4488	567.56	0.018159	5.5133e-05	0.076527	supercritical
548.0	729.25	600.79	0.0016645	518.9	640.28	1.8923	0.93865	1.4488	568.91	0.017762	5.5297e-05	0.076692	supercritical
548.0	732.5	602.34	0.0016602	518.59	640.2	1.8912	0.93879	1.4487	570.26	0.017369	5.5461e-05	0.076856	supercritical
548.0	735.75	603.88	0.001656	518.28	640.12	1.89	0.93894	1.4487	571.61	0.01698	5.5625e-05	0.077021	supercritical
548.0	739.0	605.41	0.0016518	517.97	640.04	1.8889	0.93909	1.4487	572.96	0.016595	5.5789e-05	0.077184	supercritical
548.0	742.25	606.93	0.0016476	517.66	639.96	1.8878	0.93923	1.4486	574.3	0.016213	5.5953e-05	0.077348	supercritical
548.0	745.5	608.45	0.0016435	517.36	639.88	1.8867	0.93938	1.4486	575.64	0.015834	5.6116e-05	0.077511	supercritical
548.0	748.75	609.96	0.0016395	517.06	639.81	1.8856	0.93952	1.4485	576.98	0.01546	5.6279e-05	0.077674	supercritical
548.0	752.0	611.46	0.0016354	516.75	639.74	1.8845	0.93967	1.4485	578.32	0.015088	5.6443e-05	0.077836	supercritical
548.0	755.25	612.95	0.0016314	516.45	639.67	1.8834	0.93981	1.4484	579.66	0.014721	5.6606e-05	0.077998	supercritical
548.0	758.5	614.44	0.0016275	516.15	639.6	1.8823	0.93996	1.4484	581.0	0.014356	5.6769e-05	0.078159	supercritical
548.0	761.75	615.92	0.0016236	515.86	639.53	1.8812	0.9401	1.4483	582.33	0.013995	5.6931e-05	0.078321	supercritical
548.0	765.0	617.39	0.0016197	515.56	639.47	1.8801	0.94024	1.4483	583.66	0.013638	5.7094e-05	0.078481	supercritical
548.0	768.25	618.86	0.0016159	515.26	639.4	1.8791	0.94039	1.4482	585.0	0.013284	5.7256e-05	0.078642	supercritical
548.0	771.5	620.32	0.0016121	514.97	639.34	1.878	0.94053	1.4481	586.33	0.012933	5.7418e-05	0.078802	supercritical
548.0	774.75	621.77	0.0016083	514.68	639.28	1.8769	0.94067	1.4481	587.65	0.012585	5.758e-05	0.078962	supercritical
548.0	778.0	623.22	0.0016046	514.39	639.22	1.8759	0.94082	1.448	588.98	0.01224	5.7742e-05	0.079121	supercritical
548.0	781.25	624.65	0.0016009	514.1	639.17	1.8748	0.94096	1.4479	590.3	0.011899	5.7904e-05	0.07928	supercritical
548.0	784.5	626.09	0.0015972	513.81	639.11	1.8738	0.9411	1.4478	591.63	0.01156	5.8066e-05	0.079438	supercritical
548.0	787.75	627.51	0.0015936	513.52	639.06	1.8727	0.94124	1.4478	592.95	0.011225	5.8227e-05	0.079597	supercritical
548.0	791.0	628.93	0.00159	513.24	639.01	1.8717	0.94139	1.4477	594.27	0.010893	5.8388e-05	0.079755	supercritical
548.0	794.25	630.34	0.0015864	512.95	638.96	1.8706	0.94153	1.4476	595.59	0.010564	5.8549e-05	0.079912	supercritical
548.0	797.5	631.75	0.0015829	512.67	638.91	1.8696	0.94167	1.4475	596.9	0.010238	5.871e-05	0.080069	supercritical
548.0	800.75	633.15	0.0015794	512.39	638.86	1.8686	0.94181	1.4474	598.22	0.0099144	5.8871e-05	0.080226	supercritical
548.0	804.0	634.54	0.0015759	512.11	638.81	1.8676	0.94195	1.4474	599.53	0.0095939	5.9032e-05	0.080383	supercritical
548.0	807.25	635.92	0.0015725	511.83	638.77	1.8666	0.94209	1.4473	600.84	0.0092764	5.9192e-05	0.080539	supercritical
548.0	810.5	637.3	0.0015691	511.55	638.73	1.8655	0.94223	1.4472	602.15	0.0089617	5.9352e-05	0.080695	supercritical
548.0	813.75	638.68	0.0015657	511.27	638.69	1.8645	0.94237	1.4471	603.46	0.0086498	5.9512e-05	0.080851	supercritical
548.0	817.0	640.05	0.0015624	511.0	638.65	1.8635	0.94251	1.447	604.77	0.0083406	5.9672e-05	0.081006	supercritical
548.0	820.25	641.41	0.0015591	510.72	638.61	1.8625	0.94265	1.4469	606.07	0.0080341	5.9832e-05	0.081161	supercritical
548.0	823.5	642.76	0.0015558	510.45	638.57	1.8615	0.94279	1.4468	607.37	0.0077304	5.9991e-05	0.081315	supercritical
548.0	826.75	644.11	0.0015525	510.18	638.53	1.8606	0.94293	1.4467	608.67	0.0074293	6.0151e-05	0.08147	supercritical
548.0	830.0	645.45	0.0015493	509.91	638.5	1.8596	0.94307	1.4466	609.97	0.0071308	6.031e-05	0.081624	supercritical
548.0	833.25	646.79	0.0015461	509.64	638.47	1.8586	0.94321	1.4465	611.27	0.0068349	6.0469e-05	0.081777	supercritical
548.0	836.5	648.12	0.0015429	509.37	638.44	1.8576	0.94335	1.4464	612.57	0.0065415	6.0628e-05	0.081931	supercritical
548.0	839.75	649.45	0.0015398	509.1	638.41	1.8567	0.94349	1.4463	613.86	0.0062507	6.0787e-05	0.082084	supercritical
548.0	843.0	650.77	0.0015367	508.84	638.38	1.8557	0.94362	1.4462	615.15	0.0059624	6.0945e-05	0.082236	supercritical
548.0	846.25	652.08	0.0015336	508.57	638.35	1.8547	0.94376	1.4461	616.44	0.0056766	6.1103e-05	0.082389	supercritical
548.0	849.5	653.39	0.0015305	508.31	638.32	1.8538	0.9439	1.446	617.73	0.0053932	6.1262e-05	0.082541	supercritical
548.0	852.75	654.69	0.0015274	508.05	638.3	1.8528	0.94404	1.4459	619.02	0.0051123	6.142e-05	0.082693	supercritical
548.0	856.0	655.98	0.0015244	507.78	638.28	1.8519	0.94418	1.4457	620.31	0.0048337	6.1578e-05	0.082844	supercritical
548.0	859.25	657.27	0.0015214	507.52	638.25	1.8509	0.94431	1.4456	621.59	0.0045574	6.1735e-05	0.082995	supercritical
548.0	862.5	658.56	0.0015185	507.26	638.23	1.85	0.94445	1.4455	622.87	0.0042835	6.1893e-05	0.083146	supercritical
548.0	865.75	659.84	0.0015155	507.01	638.21	1.8491	0.94459	1.4454	624.15	0.0040119	6.205e-05	0.083297	supercritical
548.0	869.0	661.11	0.0015126	506.75	638.19	1.8481	0.94473	1.4453	625.43	0.0037426	6.2207e-05	0.083448	supercritical
548.0	872.25	662.38	0.0015097	506.49	638.18	1.8472	0.94486	1.4452	626.71	0.0034755	6.2364e-05	0.083598	supercritical
548.0	875.5	663.64	0.0015068	506.24	638.16	1.8463	0.945	1.445	627.98	0.0032106	6.2521e-05	0.083747	supercritical
548.0	878.75	664.9	0.001504	505.99	638.15	1.8454	0.94514	1.4449	629.26	0.002948	6.2678e-05	0.083897	supercritical
548.0	882.0	666.15	0.0015012	505.73	638.13	1.8444	0.94527	1.4448	630.53	0.0026875	6.2834e-05	0.084046	supercritical
548.0	885.25	667.4	0.0014984	505.48	638.12	1.8435	0.94541	1.4447	631.8	0.0024291	6.299e-05	0.084195	supercritical
548.0	888.5	668.64	0.0014956	505.23	638.11	1.8426	0.94555	1.4446	633.07	0.0021729	6.3147e-05	0.084344	supercritical
548.0	891.75	669.88	0.0014928	504.98	638.1	1.8417	0.94568	1.4444	634.34	0.0019188	6.3303e-05	0.084492	supercritical
548.0	895.0	671.11	0.0014901	504.73	638.09	1.8408	0.94582	1.4443	635.6	0.0016667	6.3458e-05	0.084641	supercritical
548.0	898.25	672.34	0.0014874	504.48	638.09	1.8399	0.94596	1.4442	636.86	0.0014167	6.3614e-05	0.084789	supercritical
548.0	901.5	673.56	0.0014847	504.24	638.08	1.839	0.94609	1.4441	638.13	0.0011687	6.3769e-05	0.084936	supercritical
548.0	904.75	674.77	0.001482	503.99	638.08	1.8381	0.94623	1.4439	639.39	0.00092272	6.3925e-05	0.085084	supercritical
548.0	908.0	675.98	0.0014793	503.75	638.07	1.8373	0.94636	1.4438	640.64	0.00067873	6.408e-05	0.085231	supercritical
548.0	911.25	677.19	0.0014767	503.51	638.07	1.8364	0.9465	1.4437	641.9	0.00043669	6.4235e-05	0.085378	supercritical
548.0	914.5	678.39	0.0014741	503.26	638.07	1.8355	0.94663	1.4435	643.16	0.0001966	6.4389e-05	0.085524	supercritical
548.0	917.75	679.58	0.0014715	503.02	638.07	1.8346	0.94677	1.4434	644.41	-4.1583e-05	6.4544e-05	0.085671	supercritical
548.0	921.0	680.77	0.0014689	502.78	638.07	1.8338	0.9469	1.4433	645.66	-0.00027787	6.4698e-05	0.085817	supercritical
548.0	924.25	681.96	0.0014664	502.54	638.07	1.8329	0.94704	1.4431	646.91	-0.00051227	6.4853e-05	0.085963	supercritical
548.0	927.5	683.14	0.0014638	502.3	638.07	1.832	0.94718	1.443	648.16	-0.00074482	6.5007e-05	0.086108	supercritical
548.0	930.75	684.32	0.0014613	502.07	638.08	1.8312	0.94731	1.4429	649.4	-0.00097554	6.5161e-05	0.086254	supercritical
548.0	934.0	685.49	0.0014588	501.83	638.08	1.8303	0.94744	1.4427	650.65	-0.0012044	6.5315e-05	0.086399	supercritical
548.0	937.25	686.66	0.0014563	501.59	638.09	1.8295	0.94758	1.4426	651.89	-0.0014315	6.5468e-05	0.086544	supercritical
548.0	940.5	687.82	0.0014539	501.36	638.1	1.8286	0.94771	1.4425	653.13	-0.0016569	6.5622e-05	0.086689	supercritical
548.0	943.75	688.98	0.0014514	501.12	638.1	1.8278	0.94785	1.4423	654.37	-0.0018804	6.5775e-05	0.086833	supercritical
548.0	947.0	690.13	0.001449	500.89	638.11	1.8269	0.94798	1.4422	655.61	-0.0021022	6.5928e-05	0.086977	supercritical
548.0	950.25	691.28	0.0014466	500.66	638.12	1.8261	0.94812	1.4421	656.85	-0.0023224	6.6081e-05	0.087121	supercritical
548.0	953.5	692.42	0.0014442	500.43	638.13	1.8252	0.94825	1.4419	658.08	-0.0025407	6.6233e-05	0.087265	supercritical
548.0	956.75	693.56	0.0014418	500.2	638.15	1.8244	0.94839	1.4418	659.31	-0.0027575	6.6386e-05	0.087409	supercritical
548.0	960.0	694.69	0.0014395	499.97	638.16	1.8236	0.94852	1.4416	660.55	-0.0029725	6.6538e-05	0.087552	supercritical
548.0	963.25	695.82	0.0014371	499.74	638.17	1.8228	0.94865	1.4415	661.78	-0.0031859	6.6691e-05	0.087695	supercritical
548.0	966.5	696.95	0.0014348	499.51	638.19	1.8219	0.94879	1.4414	663.0	-0.0033976	6.6843e-05	0.087838	supercritical
548.0	969.75	698.07	0.0014325	499.29	638.21	1.8211	0.94892	1.4412	664.23	-0.0036078	6.6995e-05	0.087981	supercritical
548.0	973.0	699.19	0.0014302	499.06	638.22	1.8203	0.94906	1.4411	665.45	-0.0038163	6.7146e-05	0.088123	supercritical
548.0	976.25	700.3	0.001428	498.84	638.24	1.8195	0.94919	1.4409	666.68	-0.0040232	6.7298e-05	0.088265	supercritical
548.0	979.5	701.41	0.0014257	498.61	638.26	1.8187	0.94932	1.4408	667.9	-0.0042286	6.7449e-05	0.088407	supercritical
548.0	982.75	702.51	0.0014235	498.39	638.28	1.8179	0.94946	1.4407	669.12	-0.0044324	6.7601e-05	0.088549	supercritical
548.0	986.0	703.61	0.0014212	498.17	638.3	1.8171	0.94959	1.4405	670.33	-0.0046347	6.7752e-05	0.088691	supercritical
548.0	989.25	704.7	0.001419	497.95	638.33	1.8163	0.94972	1.4404	671.55	-0.0048354	6.7903e-05	0.088832	supercritical
548.0	992.5	705.79	0.0014168	497.73	638.35	1.8155	0.94986	1.4402	672.76	-0.0050347	6.8053e-05	0.088973	supercritical
548.0	995.75	706.88	0.0014147	497.51	638.37	1.8147	0.94999	1.4401	673.98	-0.0052324	6.8204e-05	0.089114	supercritical
548.0	999.0	707.96	0.0014125	497.29	638.4	1.8139	0.95012	1.44	675.19	-0.0054287	6.8354e-05	0.089255	supercritical
548.0	1002.2	709.04	0.0014104	497.07	638.42	1.8131	0.95025	1.4398	676.39	-0.0056235	6.8505e-05	0.089395	supercritical
548.0	1005.5	710.12	0.0014082	496.85	638.45	1.8123	0.95039	1.4397	677.6	-0.0058168	6.8655e-05	0.089536	supercritical
548.0	1008.8	711.19	0.0014061	496.64	638.48	1.8115	0.95052	1.4395	678.81	-0.0060087	6.8805e-05	0.089676	supercritical
548.0	1012.0	712.25	0.001404	496.42	638.51	1.8107	0.95065	1.4394	680.01	-0.0061992	6.8954e-05	0.089816	supercritical
548.0	1015.2	713.31	0.0014019	496.21	638.54	1.8099	0.95079	1.4392	681.21	-0.0063882	6.9104e-05	0.089956	supercritical
548.0	1018.5	714.37	0.0013998	495.99	638.57	1.8092	0.95092	1.4391	682.41	-0.0065759	6.9254e-05	0.090095	supercritical
548.0	1021.8	715.43	0.0013978	495.78	638.6	1.8084	0.95105	1.4389	683.61	-0.0067622	6.9403e-05	0.090235	supercritical
548.0	1025.0	716.48	0.0013957	495.57	638.63	1.8076	0.95118	1.4388	684.81	-0.0069471	6.9552e-05	0.090374	supercritical
548.0	1028.2	717.52	0.0013937	495.36	638.66	1.8069	0.95132	1.4387	686.0	-0.0071307	6.9701e-05	0.090513	supercritical
548.0	1031.5	718.57	0.0013917	495.15	638.7	1.8061	0.95145	1.4385	687.2	-0.0073129	6.985e-05	0.090652	supercritical
548.0	1034.8	719.6	0.0013897	494.94	638.73	1.8053	0.95158	1.4384	688.39	-0.0074937	6.9998e-05	0.09079	supercritical
548.0	1038.0	720.64	0.0013877	494.73	638.77	1.8046	0.95171	1.4382	689.58	-0.0076733	7.0147e-05	0.090929	supercritical
548.0	1041.2	721.67	0.0013857	494.52	638.8	1.8038	0.95185	1.4381	690.77	-0.0078515	7.0295e-05	0.091067	supercritical
548.0	1044.5	722.7	0.0013837	494.31	638.84	1.8031	0.95198	1.4379	691.96	-0.0080284	7.0443e-05	0.091205	supercritical
548.0	1047.8	723.72	0.0013817	494.1	638.88	1.8023	0.95211	1.4378	693.14	-0.0082041	7.0591e-05	0.091343	supercritical
548.0	1051.0	724.74	0.0013798	493.9	638.92	1.8016	0.95224	1.4376	694.32	-0.0083785	7.0739e-05	0.091481	supercritical
548.0	1054.2	725.76	0.0013779	493.69	638.96	1.8008	0.95237	1.4375	695.5	-0.0085516	7.0887e-05	0.091619	supercritical
548.0	1057.5	726.77	0.001376	493.49	639.0	1.8001	0.95251	1.4374	696.68	-0.0087234	7.1035e-05	0.091756	supercritical
548.0	1060.8	727.78	0.001374	493.29	639.04	1.7993	0.95264	1.4372	697.86	-0.0088941	7.1182e-05	0.091893	supercritical
548.0	1064.0	728.78	0.0013722	493.08	639.08	1.7986	0.95277	1.4371	699.04	-0.0090635	7.1329e-05	0.09203	supercritical
548.0	1067.2	729.78	0.0013703	492.88	639.12	1.7979	0.9529	1.4369	700.21	-0.0092316	7.1476e-05	0.092167	supercritical
548.0	1070.5	730.78	0.0013684	492.68	639.17	1.7971	0.95303	1.4368	701.39	-0.0093986	7.1623e-05	0.092304	supercritical
548.0	1073.8	731.78	0.0013665	492.48	639.21	1.7964	0.95317	1.4366	702.56	-0.0095644	7.177e-05	0.09244	supercritical
548.0	1077.0	732.77	0.0013647	492.28	639.25	1.7957	0.9533	1.4365	703.73	-0.0097289	7.1917e-05	0.092577	supercritical
548.0	1080.2	733.75	0.0013629	492.08	639.3	1.7949	0.95343	1.4363	704.9	-0.0098923	7.2063e-05	0.092713	supercritical
548.0	1083.5	734.74	0.001361	491.88	639.35	1.7942	0.95356	1.4362	706.06	-0.010055	7.221e-05	0.092849	supercritical
548.0	1086.8	735.72	0.0013592	491.68	639.39	1.7935	0.95369	1.4361	707.23	-0.010216	7.2356e-05	0.092985	supercritical
548.0	1090.0	736.69	0.0013574	491.48	639.44	1.7928	0.95382	1.4359	708.39	-0.010376	7.2502e-05	0.093121	supercritical
548.0	1093.2	737.67	0.0013556	491.29	639.49	1.7921	0.95395	1.4358	709.55	-0.010534	7.2648e-05	0.093256	supercritical
548.0	1096.5	738.64	0.0013538	491.09	639.54	1.7914	0.95409	1.4356	710.71	-0.010692	7.2793e-05	0.093392	supercritical
548.0	1099.8	739.6	0.0013521	490.9	639.59	1.7906	0.95422	1.4355	711.87	-0.010849	7.2939e-05	0.093527	supercritical
548.0	1103.0	740.57	0.0013503	490.7	639.64	1.7899	0.95435	1.4353	713.02	-0.011004	7.3084e-05	0.093662	supercritical
548.0	1106.2	741.53	0.0013486	490.51	639.69	1.7892	0.95448	1.4352	714.18	-0.011158	7.323e-05	0.093797	supercritical
548.0	1109.5	742.48	0.0013468	490.32	639.75	1.7885	0.95461	1.435	715.33	-0.011312	7.3375e-05	0.093932	supercritical
548.0	1112.8	743.44	0.0013451	490.12	639.8	1.7878	0.95474	1.4349	716.48	-0.011464	7.352e-05	0.094066	supercritical
548.0	1116.0	744.39	0.0013434	489.93	639.85	1.7871	0.95487	1.4348	717.63	-0.011615	7.3665e-05	0.094201	supercritical
548.0	1119.2	745.33	0.0013417	489.74	639.91	1.7864	0.955	1.4346	718.78	-0.011765	7.3809e-05	0.094335	supercritical
548.0	1122.5	746.28	0.00134	489.55	639.96	1.7857	0.95513	1.4345	719.92	-0.011914	7.3954e-05	0.094469	supercritical
548.0	1125.8	747.22	0.0013383	489.36	640.02	1.785	0.95527	1.4343	721.06	-0.012062	7.4098e-05	0.094603	supercritical
548.0	1129.0	748.15	0.0013366	489.17	640.08	1.7844	0.9554	1.4342	722.21	-0.012209	7.4242e-05	0.094737	supercritical
548.0	1132.2	749.09	0.001335	488.98	640.13	1.7837	0.95553	1.4341	723.35	-0.012355	7.4387e-05	0.094871	supercritical
548.0	1135.5	750.02	0.0013333	488.79	640.19	1.783	0.95566	1.4339	724.49	-0.0125	7.4531e-05	0.095005	supercritical
548.0	1138.8	750.95	0.0013317	488.61	640.25	1.7823	0.95579	1.4338	725.62	-0.012644	7.4674e-05	0.095138	supercritical
548.0	1142.0	751.87	0.00133	488.42	640.31	1.7816	0.95592	1.4336	726.76	-0.012787	7.4818e-05	0.095272	supercritical
548.0	1145.2	752.79	0.0013284	488.23	640.37	1.7809	0.95605	1.4335	727.89	-0.012929	7.4962e-05	0.095405	supercritical
548.0	1148.5	753.71	0.0013268	488.05	640.43	1.7803	0.95618	1.4334	729.02	-0.013069	7.5105e-05	0.095538	supercritical
548.0	1151.8	754.62	0.0013252	487.86	640.49	1.7796	0.95631	1.4332	730.15	-0.013209	7.5248e-05	0.095671	supercritical
548.0	1155.0	755.54	0.0013236	487.68	640.55	1.7789	0.95644	1.4331	731.28	-0.013348	7.5391e-05	0.095804	supercritical
548.0	1158.2	756.45	0.001322	487.5	640.61	1.7782	0.95657	1.4329	732.41	-0.013486	7.5534e-05	0.095936	supercritical
548.0	1161.5	757.35	0.0013204	487.31	640.68	1.7776	0.9567	1.4328	733.53	-0.013624	7.5677e-05	0.096069	supercritical
548.0	1164.8	758.25	0.0013188	487.13	640.74	1.7769	0.95683	1.4327	734.66	-0.01376	7.582e-05	0.096201	supercritical
548.0	1168.0	759.15	0.0013173	486.95	640.81	1.7762	0.95696	1.4325	735.78	-0.013895	7.5962e-05	0.096333	supercritical
548.0	1171.2	760.05	0.0013157	486.77	640.87	1.7756	0.95709	1.4324	736.9	-0.014029	7.6105e-05	0.096465	supercritical
548.0	1174.5	760.95	0.0013142	486.59	640.94	1.7749	0.95723	1.4323	738.02	-0.014163	7.6247e-05	0.096597	supercritical
548.0	1177.8	761.84	0.0013126	486.41	641.0	1.7743	0.95736	1.4321	739.13	-0.014295	7.6389e-05	0.096729	supercritical
548.0	1181.0	762.73	0.0013111	486.23	641.07	1.7736	0.95749	1.432	740.25	-0.014427	7.6531e-05	0.096861	supercritical
548.0	1184.2	763.61	0.0013096	486.05	641.14	1.773	0.95762	1.4318	741.36	-0.014557	7.6673e-05	0.096993	supercritical
548.0	1187.5	764.49	0.0013081	485.87	641.2	1.7723	0.95775	1.4317	742.47	-0.014687	7.6815e-05	0.097124	supercritical
548.0	1190.8	765.37	0.0013066	485.7	641.27	1.7717	0.95788	1.4316	743.58	-0.014816	7.6956e-05	0.097256	supercritical
548.0	1194.0	766.25	0.0013051	485.52	641.34	1.771	0.95801	1.4314	744.69	-0.014944	7.7098e-05	0.097387	supercritical
548.0	1197.2	767.13	0.0013036	485.34	641.41	1.7704	0.95814	1.4313	745.79	-0.015071	7.7239e-05	0.097518	supercritical
548.0	1200.5	768.0	0.0013021	485.17	641.48	1.7697	0.95827	1.4312	746.9	-0.015197	7.738e-05	0.097649	supercritical
548.0	1203.8	768.87	0.0013006	484.99	641.55	1.7691	0.9584	1.431	748.0	-0.015323	7.7522e-05	0.09778	supercritical
548.0	1207.0	769.73	0.0012992	484.82	641.63	1.7684	0.95853	1.4309	749.1	-0.015447	7.7662e-05	0.097911	supercritical
548.0	1210.2	770.59	0.0012977	484.64	641.7	1.7678	0.95866	1.4308	750.2	-0.015571	7.7803e-05	0.098041	supercritical
548.0	1213.5	771.46	0.0012963	484.47	641.77	1.7672	0.95879	1.4307	751.3	-0.015694	7.7944e-05	0.098172	supercritical
548.0	1216.8	772.31	0.0012948	484.3	641.84	1.7665	0.95892	1.4305	752.4	-0.015816	7.8085e-05	0.098302	supercritical
548.0	1220.0	773.17	0.0012934	484.12	641.92	1.7659	0.95905	1.4304	753.49	-0.015937	7.8225e-05	0.098433	supercritical
548.0	1223.2	774.02	0.001292	483.95	641.99	1.7653	0.95918	1.4303	754.58	-0.016058	7.8365e-05	0.098563	supercritical
548.0	1226.5	774.87	0.0012905	483.78	642.07	1.7646	0.95931	1.4301	755.67	-0.016178	7.8505e-05	0.098693	supercritical
548.0	1229.8	775.72	0.0012891	483.61	642.14	1.764	0.95944	1.43	756.76	-0.016296	7.8645e-05	0.098823	supercritical
548.0	1233.0	776.56	0.0012877	483.44	642.22	1.7634	0.95957	1.4299	757.85	-0.016415	7.8785e-05	0.098953	supercritical
548.0	1236.2	777.4	0.0012863	483.27	642.29	1.7628	0.9597	1.4298	758.94	-0.016532	7.8925e-05	0.099082	supercritical
548.0	1239.5	778.24	0.0012849	483.1	642.37	1.7621	0.95983	1.4296	760.02	-0.016648	7.9065e-05	0.099212	supercritical
548.0	1242.8	779.08	0.0012836	482.93	642.45	1.7615	0.95995	1.4295	761.1	-0.016764	7.9204e-05	0.099342	supercritical
548.0	1246.0	779.91	0.0012822	482.77	642.53	1.7609	0.96008	1.4294	762.19	-0.016879	7.9344e-05	0.099471	supercritical
548.0	1249.2	780.75	0.0012808	482.6	642.61	1.7603	0.96021	1.4292	763.27	-0.016993	7.9483e-05	0.0996	supercritical
548.0	1252.5	781.58	0.0012795	482.43	642.69	1.7597	0.96034	1.4291	764.34	-0.017107	7.9622e-05	0.099729	supercritical
548.0	1255.8	782.4	0.0012781	482.27	642.76	1.759	0.96047	1.429	765.42	-0.01722	7.9761e-05	0.099859	supercritical
548.0	1259.0	783.23	0.0012768	482.1	642.85	1.7584	0.9606	1.4289	766.49	-0.017332	7.99e-05	0.099988	supercritical
548.0	1262.2	784.05	0.0012754	481.93	642.93	1.7578	0.96073	1.4287	767.57	-0.017443	8.0039e-05	0.10012	supercritical
548.0	1265.5	784.87	0.0012741	481.77	643.01	1.7572	0.96086	1.4286	768.64	-0.017553	8.0177e-05	0.10025	supercritical
548.0	1268.8	785.68	0.0012728	481.61	643.09	1.7566	0.96099	1.4285	769.71	-0.017663	8.0316e-05	0.10037	supercritical
548.0	1272.0	786.5	0.0012715	481.44	643.17	1.756	0.96112	1.4284	770.77	-0.017772	8.0454e-05	0.1005	supercritical
548.0	1275.2	787.31	0.0012701	481.28	643.25	1.7554	0.96125	1.4283	771.84	-0.017881	8.0593e-05	0.10063	supercritical
548.0	1278.5	788.12	0.0012688	481.12	643.34	1.7548	0.96138	1.4281	772.91	-0.017988	8.0731e-05	0.10076	supercritical
548.0	1281.8	788.93	0.0012675	480.95	643.42	1.7542	0.96151	1.428	773.97	-0.018095	8.0869e-05	0.10089	supercritical
548.0	1285.0	789.73	0.0012663	480.79	643.51	1.7536	0.96164	1.4279	775.03	-0.018202	8.1007e-05	0.10102	supercritical
548.0	1288.2	790.53	0.001265	480.63	643.59	1.753	0.96177	1.4278	776.09	-0.018307	8.1145e-05	0.10114	supercritical
548.0	1291.5	791.33	0.0012637	480.47	643.67	1.7524	0.9619	1.4277	777.15	-0.018412	8.1282e-05	0.10127	supercritical
548.0	1294.8	792.13	0.0012624	480.31	643.76	1.7518	0.96203	1.4275	778.2	-0.018516	8.142e-05	0.1014	supercritical
548.0	1298.0	792.93	0.0012612	480.15	643.85	1.7512	0.96215	1.4274	779.26	-0.01862	8.1557e-05	0.10153	supercritical
548.0	1301.2	793.72	0.0012599	479.99	643.93	1.7506	0.96228	1.4273	780.31	-0.018723	8.1695e-05	0.10166	supercritical
548.0	1304.5	794.51	0.0012586	479.83	644.02	1.7501	0.96241	1.4272	781.36	-0.018825	8.1832e-05	0.10178	supercritical
548.0	1307.8	795.3	0.0012574	479.67	644.11	1.7495	0.96254	1.4271	782.41	-0.018926	8.1969e-05	0.10191	supercritical
548.0	1311.0	796.08	0.0012562	479.51	644.2	1.7489	0.96267	1.427	783.46	-0.019027	8.2106e-05	0.10204	supercritical
548.0	1314.2	796.87	0.0012549	479.36	644.28	1.7483	0.9628	1.4268	784.51	-0.019128	8.2243e-05	0.10217	supercritical
548.0	1317.5	797.65	0.0012537	479.2	644.37	1.7477	0.96293	1.4267	785.55	-0.019227	8.238e-05	0.10229	supercritical
548.0	1320.8	798.43	0.0012525	479.04	644.46	1.7471	0.96306	1.4266	786.6	-0.019326	8.2516e-05	0.10242	supercritical
548.0	1324.0	799.2	0.0012512	478.89	644.55	1.7466	0.96319	1.4265	787.64	-0.019425	8.2653e-05	0.10255	supercritical
548.0	1327.2	799.98	0.00125	478.73	644.64	1.746	0.96332	1.4264	788.68	-0.019522	8.2789e-05	0.10267	supercritical
548.0	1330.5	800.75	0.0012488	478.58	644.73	1.7454	0.96344	1.4263	789.72	-0.01962	8.2926e-05	0.1028	supercritical
548.0	1333.8	801.52	0.0012476	478.42	644.82	1.7448	0.96357	1.4262	790.75	-0.019716	8.3062e-05	0.10293	supercritical
548.0	1337.0	802.29	0.0012464	478.27	644.92	1.7443	0.9637	1.4261	791.79	-0.019812	8.3198e-05	0.10305	supercritical
548.0	1340.2	803.06	0.0012452	478.11	645.01	1.7437	0.96383	1.4259	792.82	-0.019907	8.3334e-05	0.10318	supercritical
548.0	1343.5	803.82	0.0012441	477.96	645.1	1.7431	0.96396	1.4258	793.86	-0.020002	8.347e-05	0.10331	supercritical
548.0	1346.8	804.58	0.0012429	477.81	645.19	1.7426	0.96409	1.4257	794.89	-0.020096	8.3606e-05	0.10343	supercritical
548.0	1350.0	805.34	0.0012417	477.66	645.29	1.742	0.96422	1.4256	795.92	-0.02019	8.3741e-05	0.10356	supercritical
548.0	1353.2	806.1	0.0012405	477.5	645.38	1.7414	0.96435	1.4255	796.94	-0.020283	8.3877e-05	0.10369	supercritical
548.0	1356.5	806.85	0.0012394	477.35	645.48	1.7409	0.96447	1.4254	797.97	-0.020375	8.4012e-05	0.10381	supercritical
548.0	1359.8	807.61	0.0012382	477.2	645.57	1.7403	0.9646	1.4253	798.99	-0.020467	8.4148e-05	0.10394	supercritical
548.0	1363.0	808.36	0.0012371	477.05	645.66	1.7397	0.96473	1.4252	800.02	-0.020558	8.4283e-05	0.10407	supercritical
548.0	1366.2	809.11	0.0012359	476.9	645.76	1.7392	0.96486	1.4251	801.04	-0.020648	8.4418e-05	0.10419	supercritical
548.0	1369.5	809.85	0.0012348	476.75	645.86	1.7386	0.96499	1.425	802.06	-0.020739	8.4553e-05	0.10432	supercritical
548.0	1372.8	810.6	0.0012337	476.6	645.95	1.7381	0.96512	1.4249	803.08	-0.020828	8.4688e-05	0.10444	supercritical
548.0	1376.0	811.34	0.0012325	476.45	646.05	1.7375	0.96525	1.4248	804.09	-0.020917	8.4823e-05	0.10457	supercritical
548.0	1379.2	812.08	0.0012314	476.3	646.15	1.737	0.96537	1.4247	805.11	-0.021005	8.4957e-05	0.1047	supercritical
548.0	1382.5	812.82	0.0012303	476.16	646.24	1.7364	0.9655	1.4246	806.12	-0.021093	8.5092e-05	0.10482	supercritical
548.0	1385.8	813.56	0.0012292	476.01	646.34	1.7359	0.96563	1.4245	807.13	-0.021181	8.5227e-05	0.10495	supercritical
548.0	1389.0	814.29	0.0012281	475.86	646.44	1.7353	0.96576	1.4243	808.14	-0.021267	8.5361e-05	0.10507	supercritical
548.0	1392.2	815.03	0.001227	475.72	646.54	1.7348	0.96589	1.4242	809.15	-0.021354	8.5495e-05	0.1052	supercritical
548.0	1395.5	815.76	0.0012259	475.57	646.64	1.7342	0.96602	1.4241	810.16	-0.021439	8.5629e-05	0.10532	supercritical
548.0	1398.8	816.49	0.0012248	475.42	646.74	1.7337	0.96614	1.424	811.17	-0.021524	8.5763e-05	0.10545	supercritical
548.0	1402.0	817.21	0.0012237	475.28	646.84	1.7331	0.96627	1.4239	812.17	-0.021609	8.5897e-05	0.10557	supercritical
548.0	1405.2	817.94	0.0012226	475.13	646.94	1.7326	0.9664	1.4238	813.17	-0.021693	8.6031e-05	0.1057	supercritical
548.0	1408.5	818.66	0.0012215	474.99	647.04	1.732	0.96653	1.4237	814.18	-0.021777	8.6165e-05	0.10582	supercritical
548.0	1411.8	819.38	0.0012204	474.84	647.14	1.7315	0.96666	1.4236	815.18	-0.02186	8.6299e-05	0.10595	supercritical
548.0	1415.0	820.1	0.0012194	474.7	647.24	1.731	0.96679	1.4235	816.17	-0.021943	8.6432e-05	0.10607	supercritical
548.0	1418.2	820.82	0.0012183	474.56	647.34	1.7304	0.96691	1.4234	817.17	-0.022025	8.6566e-05	0.1062	supercritical
548.0	1421.5	821.54	0.0012172	474.41	647.44	1.7299	0.96704	1.4234	818.17	-0.022106	8.6699e-05	0.10632	supercritical
548.0	1424.8	822.25	0.0012162	474.27	647.55	1.7293	0.96717	1.4233	819.16	-0.022188	8.6833e-05	0.10645	supercritical
548.0	1428.0	822.96	0.0012151	474.13	647.65	1.7288	0.9673	1.4232	820.15	-0.022268	8.6966e-05	0.10657	supercritical
548.0	1431.2	823.67	0.0012141	473.99	647.75	1.7283	0.96743	1.4231	821.14	-0.022348	8.7099e-05	0.1067	supercritical
548.0	1434.5	824.38	0.001213	473.85	647.86	1.7278	0.96755	1.423	822.13	-0.022428	8.7232e-05	0.10682	supercritical
548.0	1437.8	825.09	0.001212	473.7	647.96	1.7272	0.96768	1.4229	823.12	-0.022507	8.7365e-05	0.10695	supercritical
548.0	1441.0	825.79	0.001211	473.56	648.06	1.7267	0.96781	1.4228	824.11	-0.022586	8.7498e-05	0.10707	supercritical
548.0	1444.2	826.49	0.0012099	473.42	648.17	1.7262	0.96794	1.4227	825.09	-0.022664	8.763e-05	0.10719	supercritical
548.0	1447.5	827.19	0.0012089	473.28	648.27	1.7256	0.96807	1.4226	826.08	-0.022742	8.7763e-05	0.10732	supercritical
548.0	1450.8	827.89	0.0012079	473.14	648.38	1.7251	0.96819	1.4225	827.06	-0.02282	8.7895e-05	0.10744	supercritical
548.0	1454.0	828.59	0.0012069	473.01	648.48	1.7246	0.96832	1.4224	828.04	-0.022896	8.8028e-05	0.10757	supercritical
548.0	1457.2	829.29	0.0012059	472.87	648.59	1.7241	0.96845	1.4223	829.02	-0.022973	8.816e-05	0.10769	supercritical
548.0	1460.5	829.98	0.0012049	472.73	648.7	1.7236	0.96858	1.4222	830.0	-0.023049	8.8292e-05	0.10782	supercritical
548.0	1463.8	830.67	0.0012038	472.59	648.8	1.723	0.9687	1.4221	830.97	-0.023124	8.8425e-05	0.10794	supercritical
548.0	1467.0	831.36	0.0012028	472.45	648.91	1.7225	0.96883	1.422	831.95	-0.023199	8.8557e-05	0.10806	supercritical
548.0	1470.2	832.05	0.0012019	472.32	649.02	1.722	0.96896	1.422	832.92	-0.023274	8.8689e-05	0.10819	supercritical
548.0	1473.5	832.74	0.0012009	472.18	649.13	1.7215	0.96909	1.4219	833.89	-0.023348	8.8821e-05	0.10831	supercritical
548.0	1476.8	833.42	0.0011999	472.04	649.23	1.721	0.96922	1.4218	834.86	-0.023422	8.8952e-05	0.10843	supercritical
548.0	1480.0	834.1	0.0011989	471.91	649.34	1.7205	0.96934	1.4217	835.83	-0.023495	8.9084e-05	0.10856	supercritical
548.0	1483.2	834.79	0.0011979	471.77	649.45	1.7199	0.96947	1.4216	836.8	-0.023568	8.9216e-05	0.10868	supercritical
548.0	1486.5	835.46	0.0011969	471.63	649.56	1.7194	0.9696	1.4215	837.77	-0.023641	8.9347e-05	0.10881	supercritical
548.0	1489.8	836.14	0.001196	471.5	649.67	1.7189	0.96973	1.4214	838.73	-0.023713	8.9479e-05	0.10893	supercritical
548.0	1493.0	836.82	0.001195	471.36	649.78	1.7184	0.96985	1.4213	839.7	-0.023784	8.961e-05	0.10905	supercritical
548.0	1496.2	837.49	0.001194	471.23	649.89	1.7179	0.96998	1.4213	840.66	-0.023856	8.9741e-05	0.10918	supercritical
548.0	1499.5	838.17	0.0011931	471.1	650.0	1.7174	0.97011	1.4212	841.62	-0.023926	8.9872e-05	0.1093	supercritical
548.0	1502.8	838.84	0.0011921	470.96	650.11	1.7169	0.97024	1.4211	842.58	-0.023997	9.0003e-05	0.10942	supercritical
548.0	1506.0	839.51	0.0011912	470.83	650.22	1.7164	0.97036	1.421	843.54	-0.024067	9.0134e-05	0.10955	supercritical
548.0	1509.2	840.18	0.0011902	470.7	650.33	1.7159	0.97049	1.4209	844.49	-0.024136	9.0265e-05	0.10967	supercritical
548.0	1512.5	840.84	0.0011893	470.56	650.44	1.7154	0.97062	1.4208	845.45	-0.024206	9.0396e-05	0.10979	supercritical
548.0	1515.8	841.51	0.0011883	470.43	650.56	1.7149	0.97075	1.4207	846.4	-0.024274	9.0527e-05	0.10991	supercritical
548.0	1519.0	842.17	0.0011874	470.3	650.67	1.7144	0.97087	1.4207	847.35	-0.024343	9.0657e-05	0.11004	supercritical
548.0	1522.2	842.83	0.0011865	470.17	650.78	1.7139	0.971	1.4206	848.3	-0.024411	9.0788e-05	0.11016	supercritical
548.0	1525.5	843.49	0.0011855	470.04	650.89	1.7134	0.97113	1.4205	849.25	-0.024479	9.0919e-05	0.11028	supercritical
548.0	1528.8	844.15	0.0011846	469.91	651.01	1.7129	0.97126	1.4204	850.2	-0.024546	9.1049e-05	0.11041	supercritical
548.0	1532.0	844.81	0.0011837	469.78	651.12	1.7124	0.97138	1.4203	851.15	-0.024613	9.1179e-05	0.11053	supercritical
548.0	1535.2	845.46	0.0011828	469.65	651.23	1.7119	0.97151	1.4203	852.09	-0.024679	9.1309e-05	0.11065	supercritical
548.0	1538.5	846.12	0.0011819	469.52	651.35	1.7114	0.97164	1.4202	853.04	-0.024745	9.144e-05	0.11077	supercritical
548.0	1541.8	846.77	0.001181	469.39	651.46	1.7109	0.97176	1.4201	853.98	-0.024811	9.157e-05	0.1109	supercritical
548.0	1545.0	847.42	0.0011801	469.26	651.58	1.7104	0.97189	1.42	854.92	-0.024876	9.17e-05	0.11102	supercritical
548.0	1548.2	848.07	0.0011792	469.13	651.69	1.7099	0.97202	1.4199	855.86	-0.024941	9.183e-05	0.11114	supercritical
548.0	1551.5	848.71	0.0011783	469.0	651.81	1.7094	0.97215	1.4199	856.8	-0.025006	9.1959e-05	0.11126	supercritical
548.0	1554.8	849.36	0.0011774	468.87	651.92	1.709	0.97227	1.4198	857.74	-0.02507	9.2089e-05	0.11139	supercritical
548.0	1558.0	850.0	0.0011765	468.74	652.04	1.7085	0.9724	1.4197	858.67	-0.025134	9.2219e-05	0.11151	supercritical
548.0	1561.2	850.65	0.0011756	468.62	652.15	1.708	0.97253	1.4196	859.61	-0.025198	9.2348e-05	0.11163	supercritical
548.0	1564.5	851.29	0.0011747	468.49	652.27	1.7075	0.97265	1.4196	860.54	-0.025261	9.2478e-05	0.11175	supercritical
548.0	1567.8	851.93	0.0011738	468.36	652.39	1.707	0.97278	1.4195	861.47	-0.025324	9.2607e-05	0.11188	supercritical
548.0	1571.0	852.57	0.0011729	468.24	652.5	1.7065	0.97291	1.4194	862.41	-0.025386	9.2737e-05	0.112	supercritical
548.0	1574.2	853.2	0.0011721	468.11	652.62	1.7061	0.97303	1.4193	863.33	-0.025448	9.2866e-05	0.11212	supercritical
548.0	1577.5	853.84	0.0011712	467.99	652.74	1.7056	0.97316	1.4193	864.26	-0.02551	9.2995e-05	0.11224	supercritical
548.0	1580.8	854.47	0.0011703	467.86	652.86	1.7051	0.97329	1.4192	865.19	-0.025571	9.3124e-05	0.11236	supercritical
548.0	1584.0	855.1	0.0011694	467.73	652.97	1.7046	0.97341	1.4191	866.12	-0.025633	9.3253e-05	0.11249	supercritical
548.0	1587.2	855.74	0.0011686	467.61	653.09	1.7041	0.97354	1.419	867.04	-0.025693	9.3382e-05	0.11261	supercritical
548.0	1590.5	856.37	0.0011677	467.49	653.21	1.7037	0.97367	1.419	867.96	-0.025754	9.3511e-05	0.11273	supercritical
548.0	1593.8	856.99	0.0011669	467.36	653.33	1.7032	0.9738	1.4189	868.88	-0.025814	9.364e-05	0.11285	supercritical
548.0	1597.0	857.62	0.001166	467.24	653.45	1.7027	0.97392	1.4188	869.8	-0.025874	9.3768e-05	0.11297	supercritical
548.0	1600.2	858.24	0.0011652	467.11	653.57	1.7022	0.97405	1.4187	870.72	-0.025933	9.3897e-05	0.1131	supercritical
548.0	1603.5	858.87	0.0011643	466.99	653.69	1.7018	0.97418	1.4187	871.64	-0.025992	9.4026e-05	0.11322	supercritical
548.0	1606.8	859.49	0.0011635	466.87	653.81	1.7013	0.9743	1.4186	872.56	-0.026051	9.4154e-05	0.11334	supercritical
548.0	1610.0	860.11	0.0011626	466.74	653.93	1.7008	0.97443	1.4185	873.47	-0.02611	9.4283e-05	0.11346	supercritical
548.0	1613.2	860.73	0.0011618	466.62	654.05	1.7004	0.97456	1.4185	874.39	-0.026168	9.4411e-05	0.11358	supercritical
548.0	1616.5	861.35	0.001161	466.5	654.17	1.6999	0.97468	1.4184	875.3	-0.026226	9.4539e-05	0.1137	supercritical
548.0	1619.8	861.97	0.0011601	466.38	654.29	1.6994	0.97481	1.4183	876.21	-0.026283	9.4667e-05	0.11383	supercritical
548.0	1623.0	862.58	0.0011593	466.26	654.41	1.699	0.97493	1.4183	877.12	-0.02634	9.4795e-05	0.11395	supercritical
548.0	1626.2	863.19	0.0011585	466.14	654.53	1.6985	0.97506	1.4182	878.03	-0.026397	9.4924e-05	0.11407	supercritical
548.0	1629.5	863.81	0.0011577	466.01	654.66	1.698	0.97519	1.4181	878.94	-0.026454	9.5052e-05	0.11419	supercritical
548.0	1632.8	864.42	0.0011568	465.89	654.78	1.6976	0.97531	1.418	879.84	-0.02651	9.5179e-05	0.11431	supercritical
548.0	1636.0	865.03	0.001156	465.77	654.9	1.6971	0.97544	1.418	880.75	-0.026566	9.5307e-05	0.11443	supercritical
548.0	1639.2	865.64	0.0011552	465.65	655.02	1.6966	0.97557	1.4179	881.65	-0.026622	9.5435e-05	0.11455	supercritical
548.0	1642.5	866.24	0.0011544	465.53	655.15	1.6962	0.97569	1.4178	882.55	-0.026677	9.5563e-05	0.11468	supercritical
548.0	1645.8	866.85	0.0011536	465.41	655.27	1.6957	0.97582	1.4178	883.45	-0.026732	9.569e-05	0.1148	supercritical
548.0	1649.0	867.45	0.0011528	465.3	655.39	1.6953	0.97595	1.4177	884.35	-0.026787	9.5818e-05	0.11492	supercritical
548.0	1652.2	868.06	0.001152	465.18	655.52	1.6948	0.97607	1.4177	885.25	-0.026842	9.5945e-05	0.11504	supercritical
548.0	1655.5	868.66	0.0011512	465.06	655.64	1.6943	0.9762	1.4176	886.15	-0.026896	9.6073e-05	0.11516	supercritical
548.0	1658.8	869.26	0.0011504	464.94	655.76	1.6939	0.97632	1.4175	887.05	-0.02695	9.62e-05	0.11528	supercritical
548.0	1662.0	869.86	0.0011496	464.82	655.89	1.6934	0.97645	1.4175	887.94	-0.027004	9.6327e-05	0.1154	supercritical
548.0	1665.2	870.45	0.0011488	464.7	656.01	1.693	0.97658	1.4174	888.84	-0.027057	9.6455e-05	0.11552	supercritical
548.0	1668.5	871.05	0.001148	464.59	656.14	1.6925	0.9767	1.4173	889.73	-0.02711	9.6582e-05	0.11564	supercritical
548.0	1671.8	871.65	0.0011473	464.47	656.26	1.6921	0.97683	1.4173	890.62	-0.027163	9.6709e-05	0.11577	supercritical
548.0	1675.0	872.24	0.0011465	464.35	656.39	1.6916	0.97695	1.4172	891.51	-0.027215	9.6836e-05	0.11589	supercritical
548.0	1678.2	872.83	0.0011457	464.24	656.51	1.6912	0.97708	1.4171	892.4	-0.027268	9.6963e-05	0.11601	supercritical
548.0	1681.5	873.42	0.0011449	464.12	656.64	1.6907	0.97721	1.4171	893.29	-0.02732	9.709e-05	0.11613	supercritical
548.0	1684.8	874.01	0.0011441	464.0	656.76	1.6903	0.97733	1.417	894.17	-0.027371	9.7216e-05	0.11625	supercritical
548.0	1688.0	874.6	0.0011434	463.89	656.89	1.6898	0.97746	1.417	895.06	-0.027423	9.7343e-05	0.11637	supercritical
548.0	1691.2	875.19	0.0011426	463.77	657.02	1.6894	0.97758	1.4169	895.94	-0.027474	9.747e-05	0.11649	supercritical
548.0	1694.5	875.78	0.0011418	463.66	657.14	1.6889	0.97771	1.4168	896.83	-0.027525	9.7596e-05	0.11661	supercritical
548.0	1697.8	876.36	0.0011411	463.54	657.27	1.6885	0.97784	1.4168	897.71	-0.027576	9.7723e-05	0.11673	supercritical
548.0	1701.0	876.95	0.0011403	463.43	657.4	1.688	0.97796	1.4167	898.59	-0.027626	9.7849e-05	0.11685	supercritical
548.0	1704.2	877.53	0.0011396	463.31	657.53	1.6876	0.97809	1.4167	899.47	-0.027676	9.7976e-05	0.11697	supercritical
548.0	1707.5	878.11	0.0011388	463.2	657.65	1.6871	0.97821	1.4166	900.35	-0.027726	9.8102e-05	0.11709	supercritical
548.0	1710.8	878.69	0.0011381	463.09	657.78	1.6867	0.97834	1.4165	901.22	-0.027776	9.8228e-05	0.11721	supercritical
548.0	1714.0	879.27	0.0011373	462.97	657.91	1.6863	0.97847	1.4165	902.1	-0.027825	9.8355e-05	0.11733	supercritical
548.0	1717.2	879.85	0.0011366	462.86	658.04	1.6858	0.97859	1.4164	902.97	-0.027874	9.8481e-05	0.11746	supercritical
548.0	1720.5	880.42	0.0011358	462.75	658.16	1.6854	0.97872	1.4164	903.85	-0.027923	9.8607e-05	0.11758	supercritical
548.0	1723.8	881.0	0.0011351	462.63	658.29	1.6849	0.97884	1.4163	904.72	-0.027972	9.8733e-05	0.1177	supercritical
548.0	1727.0	881.57	0.0011343	462.52	658.42	1.6845	0.97897	1.4162	905.59	-0.02802	9.8859e-05	0.11782	supercritical
548.0	1730.2	882.14	0.0011336	462.41	658.55	1.6841	0.97909	1.4162	906.46	-0.028068	9.8985e-05	0.11794	supercritical
548.0	1733.5	882.71	0.0011329	462.3	658.68	1.6836	0.97922	1.4161	907.33	-0.028116	9.911e-05	0.11806	supercritical
548.0	1736.8	883.28	0.0011321	462.19	658.81	1.6832	0.97934	1.4161	908.2	-0.028164	9.9236e-05	0.11818	supercritical
548.0	1740.0	883.85	0.0011314	462.07	658.94	1.6828	0.97947	1.416	909.07	-0.028211	9.9362e-05	0.1183	supercritical
548.0	1743.2	884.42	0.0011307	461.96	659.07	1.6823	0.9796	1.416	909.93	-0.028258	9.9488e-05	0.11842	supercritical
548.0	1746.5	884.99	0.00113	461.85	659.2	1.6819	0.97972	1.4159	910.8	-0.028305	9.9613e-05	0.11854	supercritical
548.0	1749.8	885.55	0.0011292	461.74	659.33	1.6815	0.97985	1.4159	911.66	-0.028352	9.9739e-05	0.11866	supercritical
548.0	1753.0	886.12	0.0011285	461.63	659.46	1.681	0.97997	1.4158	912.52	-0.028398	9.9864e-05	0.11878	supercritical
548.0	1756.2	886.68	0.0011278	461.52	659.59	1.6806	0.9801	1.4157	913.38	-0.028444	9.999e-05	0.1189	supercritical
548.0	1759.5	887.24	0.0011271	461.41	659.72	1.6802	0.98022	1.4157	914.24	-0.02849	0.00010011	0.11902	supercritical
548.0	1762.8	887.81	0.0011264	461.3	659.85	1.6797	0.98035	1.4156	915.1	-0.028536	0.00010024	0.11914	supercritical
548.0	1766.0	888.37	0.0011257	461.19	659.99	1.6793	0.98047	1.4156	915.96	-0.028581	0.00010037	0.11926	supercritical
548.0	1769.2	888.92	0.001125	461.08	660.12	1.6789	0.9806	1.4155	916.81	-0.028627	0.00010049	0.11938	supercritical
548.0	1772.5	889.48	0.0011243	460.98	660.25	1.6785	0.98072	1.4155	917.67	-0.028672	0.00010062	0.1195	supercritical
548.0	1775.8	890.04	0.0011235	460.87	660.38	1.678	0.98085	1.4154	918.52	-0.028717	0.00010074	0.11962	supercritical
548.0	1779.0	890.59	0.0011228	460.76	660.51	1.6776	0.98097	1.4154	919.38	-0.028761	0.00010087	0.11974	supercritical
548.0	1782.2	891.15	0.0011221	460.65	660.65	1.6772	0.9811	1.4153	920.23	-0.028806	0.00010099	0.11986	supercritical
548.0	1785.5	891.7	0.0011215	460.54	660.78	1.6768	0.98122	1.4153	921.08	-0.02885	0.00010112	0.11998	supercritical
548.0	1788.8	892.25	0.0011208	460.44	660.91	1.6763	0.98135	1.4152	921.93	-0.028894	0.00010124	0.1201	supercritical
548.0	1792.0	892.8	0.0011201	460.33	661.04	1.6759	0.98147	1.4152	922.78	-0.028937	0.00010137	0.12022	supercritical
548.0	1795.2	893.35	0.0011194	460.22	661.18	1.6755	0.9816	1.4151	923.63	-0.028981	0.00010149	0.12034	supercritical
548.0	1798.5	893.9	0.0011187	460.11	661.31	1.6751	0.98172	1.4151	924.47	-0.029024	0.00010161	0.12046	supercritical
548.0	1801.8	894.45	0.001118	460.01	661.44	1.6747	0.98185	1.415	925.32	-0.029067	0.00010174	0.12058	supercritical
548.0	1805.0	895.0	0.0011173	459.9	661.58	1.6742	0.98197	1.415	926.16	-0.02911	0.00010186	0.1207	supercritical
548.0	1808.2	895.54	0.0011166	459.79	661.71	1.6738	0.9821	1.4149	927.01	-0.029153	0.00010199	0.12082	supercritical
548.0	1811.5	896.09	0.001116	459.69	661.85	1.6734	0.98222	1.4149	927.85	-0.029195	0.00010211	0.12094	supercritical
548.0	1814.8	896.63	0.0011153	459.58	661.98	1.673	0.98235	1.4148	928.69	-0.029237	0.00010224	0.12106	supercritical
548.0	1818.0	897.17	0.0011146	459.48	662.11	1.6726	0.98247	1.4148	929.53	-0.029279	0.00010236	0.12117	supercritical
548.0	1821.2	897.71	0.0011139	459.37	662.25	1.6722	0.9826	1.4147	930.37	-0.029321	0.00010249	0.12129	supercritical
548.0	1824.5	898.25	0.0011133	459.27	662.38	1.6717	0.98272	1.4147	931.21	-0.029363	0.00010261	0.12141	supercritical
548.0	1827.8	898.79	0.0011126	459.16	662.52	1.6713	0.98285	1.4146	932.04	-0.029404	0.00010273	0.12153	supercritical
548.0	1831.0	899.33	0.0011119	459.06	662.65	1.6709	0.98297	1.4146	932.88	-0.029446	0.00010286	0.12165	supercritical
548.0	1834.2	899.87	0.0011113	458.95	662.79	1.6705	0.9831	1.4145	933.72	-0.029487	0.00010298	0.12177	supercritical
548.0	1837.5	900.4	0.0011106	458.85	662.93	1.6701	0.98322	1.4145	934.55	-0.029527	0.00010311	0.12189	supercritical
548.0	1840.8	900.94	0.00111	458.75	663.06	1.6697	0.98335	1.4144	935.38	-0.029568	0.00010323	0.12201	supercritical
548.0	1844.0	901.47	0.0011093	458.64	663.2	1.6693	0.98347	1.4144	936.21	-0.029608	0.00010335	0.12213	supercritical
548.0	1847.2	902.0	0.0011086	458.54	663.33	1.6689	0.9836	1.4144	937.04	-0.029649	0.00010348	0.12225	supercritical
548.0	1850.5	902.54	0.001108	458.44	663.47	1.6685	0.98372	1.4143	937.87	-0.029689	0.0001036	0.12237	supercritical
548.0	1853.8	903.07	0.0011073	458.33	663.61	1.6681	0.98384	1.4143	938.7	-0.029729	0.00010372	0.12249	supercritical
548.0	1857.0	903.6	0.0011067	458.23	663.74	1.6676	0.98397	1.4142	939.53	-0.029768	0.00010385	0.12261	supercritical
548.0	1860.2	904.12	0.001106	458.13	663.88	1.6672	0.98409	1.4142	940.36	-0.029808	0.00010397	0.12273	supercritical
548.0	1863.5	904.65	0.0011054	458.03	664.02	1.6668	0.98422	1.4141	941.18	-0.029847	0.0001041	0.12285	supercritical
548.0	1866.8	905.18	0.0011048	457.92	664.15	1.6664	0.98434	1.4141	942.01	-0.029886	0.00010422	0.12297	supercritical
548.0	1870.0	905.7	0.0011041	457.82	664.29	1.666	0.98447	1.414	942.83	-0.029925	0.00010434	0.12309	supercritical
548.0	1873.2	906.23	0.0011035	457.72	664.43	1.6656	0.98459	1.414	943.65	-0.029964	0.00010447	0.1232	supercritical
548.0	1876.5	906.75	0.0011028	457.62	664.57	1.6652	0.98472	1.414	944.47	-0.030002	0.00010459	0.12332	supercritical
548.0	1879.8	907.28	0.0011022	457.52	664.71	1.6648	0.98484	1.4139	945.29	-0.030041	0.00010471	0.12344	supercritical
548.0	1883.0	907.8	0.0011016	457.42	664.84	1.6644	0.98496	1.4139	946.11	-0.030079	0.00010484	0.12356	supercritical
548.0	1886.2	908.32	0.0011009	457.32	664.98	1.664	0.98509	1.4138	946.93	-0.030117	0.00010496	0.12368	supercritical
548.0	1889.5	908.84	0.0011003	457.22	665.12	1.6636	0.98521	1.4138	947.75	-0.030155	0.00010508	0.1238	supercritical
548.0	1892.8	909.36	0.0010997	457.12	665.26	1.6632	0.98534	1.4137	948.56	-0.030192	0.00010521	0.12392	supercritical
548.0	1896.0	909.87	0.0010991	457.02	665.4	1.6628	0.98546	1.4137	949.38	-0.03023	0.00010533	0.12404	supercritical
548.0	1899.2	910.39	0.0010984	456.92	665.54	1.6624	0.98558	1.4137	950.19	-0.030267	0.00010545	0.12416	supercritical
548.0	1902.5	910.91	0.0010978	456.82	665.68	1.662	0.98571	1.4136	951.01	-0.030304	0.00010557	0.12428	supercritical
548.0	1905.8	911.42	0.0010972	456.72	665.82	1.6616	0.98583	1.4136	951.82	-0.030341	0.0001057	0.1244	supercritical
548.0	1909.0	911.94	0.0010966	456.62	665.95	1.6612	0.98596	1.4135	952.63	-0.030378	0.00010582	0.12451	supercritical
548.0	1912.2	912.45	0.001096	456.52	666.09	1.6608	0.98608	1.4135	953.44	-0.030414	0.00010594	0.12463	supercritical
548.0	1915.5	912.96	0.0010953	456.42	666.23	1.6604	0.9862	1.4135	954.25	-0.030451	0.00010607	0.12475	supercritical
548.0	1918.8	913.47	0.0010947	456.32	666.37	1.66	0.98633	1.4134	955.06	-0.030487	0.00010619	0.12487	supercritical
548.0	1922.0	913.98	0.0010941	456.23	666.51	1.6597	0.98645	1.4134	955.87	-0.030523	0.00010631	0.12499	supercritical
548.0	1925.2	914.49	0.0010935	456.13	666.65	1.6593	0.98658	1.4133	956.67	-0.030559	0.00010643	0.12511	supercritical
548.0	1928.5	915.0	0.0010929	456.03	666.8	1.6589	0.9867	1.4133	957.48	-0.030595	0.00010656	0.12523	supercritical
548.0	1931.8	915.51	0.0010923	455.93	666.94	1.6585	0.98682	1.4133	958.28	-0.03063	0.00010668	0.12535	supercritical
548.0	1935.0	916.01	0.0010917	455.83	667.08	1.6581	0.98695	1.4132	959.09	-0.030666	0.0001068	0.12547	supercritical
548.0	1938.2	916.52	0.0010911	455.74	667.22	1.6577	0.98707	1.4132	959.89	-0.030701	0.00010692	0.12558	supercritical
548.0	1941.5	917.02	0.0010905	455.64	667.36	1.6573	0.98719	1.4131	960.69	-0.030736	0.00010705	0.1257	supercritical
548.0	1944.8	917.53	0.0010899	455.54	667.5	1.6569	0.98732	1.4131	961.49	-0.030771	0.00010717	0.12582	supercritical
548.0	1948.0	918.03	0.0010893	455.45	667.64	1.6565	0.98744	1.4131	962.29	-0.030806	0.00010729	0.12594	supercritical
548.0	1951.2	918.53	0.0010887	455.35	667.78	1.6561	0.98757	1.413	963.09	-0.030841	0.00010741	0.12606	supercritical
548.0	1954.5	919.03	0.0010881	455.25	667.92	1.6558	0.98769	1.413	963.89	-0.030875	0.00010754	0.12618	supercritical
548.0	1957.8	919.53	0.0010875	455.16	668.07	1.6554	0.98781	1.413	964.68	-0.030909	0.00010766	0.1263	supercritical
548.0	1961.0	920.03	0.0010869	455.06	668.21	1.655	0.98794	1.4129	965.48	-0.030943	0.00010778	0.12642	supercritical
548.0	1964.2	920.53	0.0010863	454.97	668.35	1.6546	0.98806	1.4129	966.27	-0.030977	0.0001079	0.12653	supercritical
548.0	1967.5	921.03	0.0010857	454.87	668.49	1.6542	0.98818	1.4128	967.07	-0.031011	0.00010802	0.12665	supercritical
548.0	1970.8	921.52	0.0010852	454.78	668.64	1.6538	0.98831	1.4128	967.86	-0.031045	0.00010815	0.12677	supercritical
548.0	1974.0	922.02	0.0010846	454.68	668.78	1.6534	0.98843	1.4128	968.65	-0.031078	0.00010827	0.12689	supercritical
548.0	1977.2	922.51	0.001084	454.59	668.92	1.6531	0.98855	1.4127	969.44	-0.031112	0.00010839	0.12701	supercritical
548.0	1980.5	923.01	0.0010834	454.49	669.06	1.6527	0.98868	1.4127	970.23	-0.031145	0.00010851	0.12713	supercritical
548.0	1983.8	923.5	0.0010828	454.4	669.21	1.6523	0.9888	1.4127	971.02	-0.031178	0.00010863	0.12725	supercritical
548.0	1987.0	923.99	0.0010823	454.3	669.35	1.6519	0.98892	1.4126	971.81	-0.031211	0.00010876	0.12736	supercritical
548.0	1990.2	924.48	0.0010817	454.21	669.49	1.6515	0.98905	1.4126	972.6	-0.031244	0.00010888	0.12748	supercritical
548.0	1993.5	924.97	0.0010811	454.12	669.64	1.6512	0.98917	1.4126	973.39	-0.031276	0.000109	0.1276	supercritical
548.0	1996.8	925.46	0.0010805	454.02	669.78	1.6508	0.98929	1.4125	974.17	-0.031309	0.00010912	0.12772	supercritical
548.0	2000.0	925.95	0.00108	453.93	669.92	1.6504	0.98942	1.4125	974.96	-0.031341	0.00010924	0.12784	supercritical
