Temperature (K)	Pressure (bar)	Density (kg/m3)	Volume (m3/kg)	Internal Energy (kJ/kg)	Enthalpy (kJ/kg)	Entropy (J/g*K)	Cv (J/g*K)	Cp (J/g*K)	Sound Spd. (m/s)	Joule-Thomson (K/bar)	Viscosity (Pa*s)	Therm. Cond. (W/m*K)	Phase
613.0	56.5	49.306	0.020281	688.12	802.71	2.6562	0.90176	1.125	376.53	0.17555	2.9068e-05	0.043812	vapor
613.0	59.75	52.167	0.019169	687.54	802.07	2.6447	0.90222	1.1275	376.73	0.17459	2.9113e-05	0.043915	vapor
613.0	63.0	55.03	0.018172	686.95	801.43	2.6338	0.90267	1.13	376.93	0.17364	2.916e-05	0.044019	vapor
613.0	66.25	57.894	0.017273	686.36	800.8	2.6234	0.90313	1.1324	377.13	0.17268	2.9207e-05	0.044122	vapor
613.0	69.5	60.76	0.016458	685.78	800.16	2.6134	0.90358	1.1349	377.35	0.17172	2.9255e-05	0.044225	vapor
613.0	72.75	63.628	0.015716	685.19	799.53	2.6038	0.90403	1.1374	377.57	0.17075	2.9303e-05	0.044329	vapor
613.0	76.0	66.497	0.015038	684.61	798.9	2.5947	0.90448	1.1399	377.81	0.16979	2.9352e-05	0.044432	vapor
613.0	76.0	66.497	0.015038	684.61	798.9	2.5947	0.90448	1.1399	377.81	0.16979	2.9352e-05	0.044432	supercritical
613.0	76.0	66.497	0.015038	684.61	798.9	2.5947	0.90448	1.1399	377.81	0.16979	2.9352e-05	0.044432	supercritical
613.0	79.25	69.367	0.014416	684.02	798.27	2.5858	0.90492	1.1423	378.05	0.16882	2.9402e-05	0.044536	supercritical
613.0	82.5	72.238	0.013843	683.44	797.65	2.5773	0.90537	1.1448	378.3	0.16785	2.9452e-05	0.04464	supercritical
613.0	85.75	75.11	0.013314	682.86	797.02	2.5691	0.90582	1.1473	378.56	0.16688	2.9503e-05	0.044745	supercritical
613.0	89.0	77.983	0.012823	682.27	796.4	2.5612	0.90626	1.1498	378.82	0.1659	2.9555e-05	0.044849	supercritical
613.0	92.25	80.856	0.012368	681.69	795.78	2.5535	0.9067	1.1522	379.1	0.16493	2.9607e-05	0.044954	supercritical
613.0	95.5	83.73	0.011943	681.11	795.17	2.546	0.90714	1.1547	379.38	0.16395	2.966e-05	0.04506	supercritical
613.0	98.75	86.605	0.011547	680.53	794.55	2.5388	0.90758	1.1572	379.67	0.16297	2.9713e-05	0.045166	supercritical
613.0	102.0	89.479	0.011176	679.95	793.94	2.5318	0.90801	1.1596	379.97	0.16198	2.9768e-05	0.045272	supercritical
613.0	105.25	92.354	0.010828	679.37	793.33	2.525	0.90845	1.1621	380.28	0.161	2.9822e-05	0.045379	supercritical
613.0	108.5	95.229	0.010501	678.79	792.72	2.5183	0.90888	1.1646	380.6	0.16001	2.9878e-05	0.045486	supercritical
613.0	111.75	98.104	0.010193	678.21	792.12	2.5118	0.90931	1.167	380.93	0.15902	2.9934e-05	0.045594	supercritical
613.0	115.0	100.98	0.0099032	677.63	791.52	2.5055	0.90974	1.1695	381.26	0.15802	2.9991e-05	0.045703	supercritical
613.0	118.25	103.85	0.0096291	677.05	790.92	2.4994	0.91017	1.1719	381.61	0.15702	3.0049e-05	0.045812	supercritical
613.0	121.5	106.73	0.0093699	676.48	790.32	2.4934	0.91059	1.1744	381.96	0.15602	3.0107e-05	0.045921	supercritical
613.0	124.75	109.6	0.0091243	675.9	789.73	2.4875	0.91102	1.1768	382.32	0.15502	3.0166e-05	0.046032	supercritical
613.0	128.0	112.47	0.0088913	675.33	789.14	2.4818	0.91144	1.1792	382.69	0.15402	3.0226e-05	0.046143	supercritical
613.0	131.25	115.34	0.00867	674.75	788.55	2.4761	0.91186	1.1817	383.07	0.15301	3.0286e-05	0.046254	supercritical
613.0	134.5	118.21	0.0084595	674.18	787.96	2.4706	0.91227	1.1841	383.45	0.152	3.0348e-05	0.046367	supercritical
613.0	137.75	121.08	0.0082591	673.61	787.38	2.4653	0.91269	1.1865	383.85	0.15099	3.041e-05	0.04648	supercritical
613.0	141.0	123.94	0.0080681	673.04	786.8	2.46	0.9131	1.1889	384.26	0.14998	3.0472e-05	0.046594	supercritical
613.0	144.25	126.81	0.0078858	672.47	786.22	2.4548	0.91351	1.1913	384.67	0.14896	3.0536e-05	0.046709	supercritical
613.0	147.5	129.67	0.0077117	671.9	785.64	2.4497	0.91392	1.1937	385.09	0.14794	3.06e-05	0.046825	supercritical
613.0	150.75	132.53	0.0075452	671.33	785.07	2.4448	0.91433	1.1961	385.52	0.14692	3.0665e-05	0.046941	supercritical
613.0	154.0	135.39	0.0073859	670.76	784.5	2.4399	0.91473	1.1984	385.96	0.1459	3.073e-05	0.047058	supercritical
613.0	157.25	138.25	0.0072332	670.19	783.93	2.4351	0.91513	1.2008	386.41	0.14487	3.0797e-05	0.047176	supercritical
613.0	160.5	141.11	0.0070869	669.63	783.37	2.4304	0.91553	1.2032	386.87	0.14385	3.0864e-05	0.047295	supercritical
613.0	163.75	143.96	0.0069465	669.06	782.81	2.4257	0.91593	1.2055	387.34	0.14282	3.0932e-05	0.047415	supercritical
613.0	167.0	146.81	0.0068116	668.5	782.25	2.4212	0.91633	1.2078	387.82	0.14179	3.1001e-05	0.047536	supercritical
613.0	170.25	149.65	0.006682	667.93	781.7	2.4167	0.91672	1.2102	388.31	0.14076	3.107e-05	0.047658	supercritical
613.0	173.5	152.5	0.0065574	667.37	781.14	2.4123	0.91711	1.2125	388.8	0.13972	3.114e-05	0.04778	supercritical
613.0	176.75	155.34	0.0064375	666.81	780.59	2.4079	0.9175	1.2148	389.31	0.13869	3.1211e-05	0.047904	supercritical
613.0	180.0	158.18	0.006322	666.25	780.05	2.4037	0.91789	1.2171	389.82	0.13765	3.1283e-05	0.048028	supercritical
613.0	183.25	161.01	0.0062108	665.69	779.51	2.3995	0.91827	1.2193	390.34	0.13661	3.1355e-05	0.048153	supercritical
613.0	186.5	163.84	0.0061035	665.14	778.97	2.3953	0.91865	1.2216	390.87	0.13558	3.1428e-05	0.04828	supercritical
613.0	189.75	166.67	0.0059999	664.58	778.43	2.3912	0.91903	1.2239	391.42	0.13454	3.1502e-05	0.048407	supercritical
613.0	193.0	169.49	0.0059	664.03	777.9	2.3872	0.91941	1.2261	391.97	0.1335	3.1577e-05	0.048535	supercritical
613.0	196.25	172.31	0.0058035	663.47	777.37	2.3832	0.91979	1.2283	392.53	0.13246	3.1653e-05	0.048664	supercritical
613.0	199.5	175.13	0.0057102	662.92	776.84	2.3793	0.92016	1.2305	393.09	0.13142	3.1729e-05	0.048794	supercritical
613.0	202.75	177.94	0.00562	662.37	776.31	2.3755	0.92053	1.2327	393.67	0.13038	3.1806e-05	0.048925	supercritical
613.0	206.0	180.74	0.0055328	661.82	775.79	2.3717	0.9209	1.2349	394.26	0.12934	3.1884e-05	0.049057	supercritical
613.0	209.25	183.54	0.0054483	661.27	775.28	2.3679	0.92126	1.2371	394.86	0.1283	3.1963e-05	0.049189	supercritical
613.0	212.5	186.34	0.0053665	660.72	774.76	2.3642	0.92163	1.2393	395.46	0.12726	3.2042e-05	0.049323	supercritical
613.0	215.75	189.13	0.0052873	660.18	774.25	2.3605	0.92199	1.2414	396.08	0.12622	3.2122e-05	0.049458	supercritical
613.0	219.0	191.92	0.0052105	659.63	773.74	2.3569	0.92234	1.2435	396.7	0.12518	3.2203e-05	0.049593	supercritical
613.0	222.25	194.7	0.0051361	659.09	773.24	2.3534	0.9227	1.2456	397.33	0.12414	3.2285e-05	0.04973	supercritical
613.0	225.5	197.48	0.0050639	658.55	772.74	2.3498	0.92305	1.2477	397.97	0.1231	3.2367e-05	0.049867	supercritical
613.0	228.75	200.25	0.0049938	658.01	772.24	2.3464	0.92341	1.2498	398.63	0.12206	3.245e-05	0.050006	supercritical
613.0	232.0	203.01	0.0049258	657.47	771.75	2.3429	0.92375	1.2519	399.29	0.12102	3.2534e-05	0.050145	supercritical
613.0	235.25	205.77	0.0048597	656.93	771.26	2.3395	0.9241	1.2539	399.95	0.11999	3.2619e-05	0.050285	supercritical
613.0	238.5	208.53	0.0047955	656.4	770.77	2.3362	0.92445	1.256	400.63	0.11896	3.2705e-05	0.050426	supercritical
613.0	241.75	211.27	0.0047332	655.86	770.29	2.3329	0.92479	1.258	401.32	0.11792	3.2791e-05	0.050568	supercritical
613.0	245.0	214.02	0.0046725	655.33	769.8	2.3296	0.92513	1.26	402.01	0.11689	3.2878e-05	0.050711	supercritical
613.0	248.25	216.75	0.0046136	654.8	769.33	2.3264	0.92546	1.262	402.72	0.11586	3.2966e-05	0.050854	supercritical
613.0	251.5	219.48	0.0045562	654.27	768.85	2.3231	0.9258	1.2639	403.43	0.11484	3.3054e-05	0.050999	supercritical
613.0	254.75	222.2	0.0045004	653.74	768.38	2.32	0.92613	1.2659	404.15	0.11381	3.3143e-05	0.051144	supercritical
613.0	258.0	224.92	0.004446	653.21	767.92	2.3168	0.92646	1.2678	404.88	0.11279	3.3233e-05	0.05129	supercritical
613.0	261.25	227.63	0.0043931	652.69	767.45	2.3138	0.92679	1.2697	405.62	0.11177	3.3324e-05	0.051437	supercritical
613.0	264.5	230.33	0.0043415	652.16	767.0	2.3107	0.92711	1.2716	406.37	0.11075	3.3415e-05	0.051585	supercritical
613.0	267.75	233.03	0.0042913	651.64	766.54	2.3077	0.92744	1.2735	407.12	0.10974	3.3507e-05	0.051733	supercritical
613.0	271.0	235.72	0.0042423	651.12	766.09	2.3047	0.92776	1.2754	407.89	0.10873	3.36e-05	0.051882	supercritical
613.0	274.25	238.4	0.0041946	650.6	765.64	2.3017	0.92808	1.2772	408.66	0.10772	3.3694e-05	0.052032	supercritical
613.0	277.5	241.07	0.0041481	650.08	765.19	2.2987	0.92839	1.279	409.44	0.10672	3.3788e-05	0.052183	supercritical
613.0	280.75	243.74	0.0041027	649.57	764.75	2.2958	0.92871	1.2808	410.23	0.10572	3.3883e-05	0.052335	supercritical
613.0	284.0	246.4	0.0040584	649.05	764.31	2.293	0.92902	1.2826	411.02	0.10472	3.3979e-05	0.052487	supercritical
613.0	287.25	249.05	0.0040152	648.54	763.88	2.2901	0.92933	1.2844	411.83	0.10372	3.4075e-05	0.05264	supercritical
613.0	290.5	251.7	0.003973	648.03	763.45	2.2873	0.92964	1.2862	412.64	0.10273	3.4172e-05	0.052793	supercritical
613.0	293.75	254.34	0.0039318	647.52	763.02	2.2845	0.92994	1.2879	413.46	0.10175	3.427e-05	0.052948	supercritical
613.0	297.0	256.96	0.0038916	647.01	762.59	2.2817	0.93024	1.2896	414.29	0.10076	3.4368e-05	0.053102	supercritical
613.0	300.25	259.59	0.0038523	646.51	762.17	2.279	0.93055	1.2913	415.12	0.099784	3.4467e-05	0.053258	supercritical
613.0	303.5	262.2	0.0038139	646.01	761.76	2.2763	0.93084	1.293	415.97	0.098809	3.4567e-05	0.053414	supercritical
613.0	306.75	264.8	0.0037764	645.5	761.34	2.2736	0.93114	1.2947	416.82	0.097839	3.4667e-05	0.053571	supercritical
613.0	310.0	267.4	0.0037397	645.0	760.93	2.2709	0.93143	1.2963	417.68	0.096873	3.4768e-05	0.053728	supercritical
613.0	313.25	269.99	0.0037039	644.5	760.53	2.2683	0.93173	1.2979	418.54	0.095912	3.487e-05	0.053886	supercritical
613.0	316.5	272.57	0.0036688	644.01	760.12	2.2657	0.93202	1.2995	419.41	0.094956	3.4973e-05	0.054045	supercritical
613.0	319.75	275.14	0.0036345	643.51	759.73	2.2631	0.9323	1.3011	420.29	0.094004	3.5076e-05	0.054204	supercritical
613.0	323.0	277.7	0.0036009	643.02	759.33	2.2605	0.93259	1.3027	421.18	0.093057	3.5179e-05	0.054363	supercritical
613.0	326.25	280.26	0.0035681	642.53	758.94	2.258	0.93287	1.3043	422.07	0.092116	3.5283e-05	0.054523	supercritical
613.0	329.5	282.81	0.003536	642.04	758.55	2.2555	0.93315	1.3058	422.97	0.091179	3.5388e-05	0.054683	supercritical
613.0	332.75	285.34	0.0035045	641.55	758.16	2.253	0.93343	1.3073	423.88	0.090247	3.5494e-05	0.054844	supercritical
613.0	336.0	287.87	0.0034738	641.06	757.78	2.2505	0.93371	1.3088	424.79	0.08932	3.56e-05	0.055006	supercritical
613.0	339.25	290.39	0.0034436	640.58	757.4	2.2481	0.93399	1.3103	425.72	0.088399	3.5707e-05	0.055168	supercritical
613.0	342.5	292.9	0.0034141	640.1	757.03	2.2456	0.93426	1.3118	426.64	0.087483	3.5814e-05	0.05533	supercritical
613.0	345.75	295.41	0.0033852	639.62	756.66	2.2432	0.93453	1.3133	427.57	0.086573	3.5922e-05	0.055493	supercritical
613.0	349.0	297.9	0.0033568	639.14	756.29	2.2408	0.9348	1.3147	428.51	0.085668	3.603e-05	0.055656	supercritical
613.0	352.25	300.39	0.0033291	638.66	755.93	2.2385	0.93507	1.3161	429.46	0.084769	3.6139e-05	0.055819	supercritical
613.0	355.5	302.86	0.0033018	638.18	755.56	2.2361	0.93533	1.3175	430.41	0.083875	3.6249e-05	0.055983	supercritical
613.0	358.75	305.33	0.0032752	637.71	755.21	2.2338	0.9356	1.3189	431.37	0.082987	3.6359e-05	0.056147	supercritical
613.0	362.0	307.79	0.003249	637.24	754.85	2.2315	0.93586	1.3203	432.33	0.082104	3.647e-05	0.056311	supercritical
613.0	365.25	310.23	0.0032234	636.77	754.5	2.2292	0.93612	1.3216	433.3	0.081228	3.6581e-05	0.056476	supercritical
613.0	368.5	312.67	0.0031982	636.3	754.16	2.2269	0.93638	1.323	434.27	0.080357	3.6693e-05	0.056641	supercritical
613.0	371.75	315.1	0.0031736	635.83	753.81	2.2247	0.93663	1.3243	435.25	0.079492	3.6805e-05	0.056806	supercritical
613.0	375.0	317.52	0.0031494	635.37	753.47	2.2224	0.93689	1.3256	436.24	0.078633	3.6918e-05	0.056972	supercritical
613.0	378.25	319.94	0.0031256	634.91	753.13	2.2202	0.93714	1.3269	437.23	0.07778	3.7031e-05	0.057137	supercritical
613.0	381.5	322.34	0.0031023	634.45	752.8	2.218	0.93739	1.3281	438.22	0.076933	3.7145e-05	0.057303	supercritical
613.0	384.75	324.73	0.0030795	633.99	752.47	2.2159	0.93764	1.3294	439.22	0.076091	3.726e-05	0.05747	supercritical
613.0	388.0	327.12	0.003057	633.53	752.14	2.2137	0.93789	1.3306	440.23	0.075256	3.7375e-05	0.057636	supercritical
613.0	391.25	329.49	0.003035	633.08	751.82	2.2116	0.93814	1.3319	441.24	0.074427	3.749e-05	0.057803	supercritical
613.0	394.5	331.85	0.0030134	632.62	751.5	2.2094	0.93838	1.3331	442.26	0.073604	3.7606e-05	0.057969	supercritical
613.0	397.75	334.21	0.0029921	632.17	751.18	2.2073	0.93862	1.3343	443.28	0.072787	3.7722e-05	0.058136	supercritical
613.0	401.0	336.56	0.0029713	631.72	750.87	2.2052	0.93886	1.3354	444.3	0.071976	3.7839e-05	0.058303	supercritical
613.0	404.25	338.89	0.0029508	631.27	750.56	2.2032	0.9391	1.3366	445.33	0.071171	3.7956e-05	0.05847	supercritical
613.0	407.5	341.22	0.0029306	630.83	750.25	2.2011	0.93934	1.3377	446.36	0.070373	3.8074e-05	0.058638	supercritical
613.0	410.75	343.54	0.0029109	630.38	749.94	2.199	0.93957	1.3389	447.4	0.06958	3.8192e-05	0.058805	supercritical
613.0	414.0	345.85	0.0028914	629.94	749.64	2.197	0.93981	1.34	448.44	0.068794	3.8311e-05	0.058972	supercritical
613.0	417.25	348.15	0.0028723	629.5	749.35	2.195	0.94004	1.3411	449.49	0.068013	3.843e-05	0.05914	supercritical
613.0	420.5	350.44	0.0028536	629.06	749.05	2.193	0.94027	1.3422	450.54	0.067239	3.8549e-05	0.059307	supercritical
613.0	423.75	352.72	0.0028351	628.62	748.76	2.191	0.9405	1.3433	451.59	0.066471	3.8669e-05	0.059475	supercritical
613.0	427.0	354.99	0.002817	628.19	748.47	2.1891	0.94073	1.3443	452.65	0.065708	3.879e-05	0.059643	supercritical
613.0	430.25	357.25	0.0027991	627.75	748.18	2.1871	0.94095	1.3454	453.71	0.064952	3.891e-05	0.05981	supercritical
613.0	433.5	359.51	0.0027816	627.32	747.9	2.1852	0.94118	1.3464	454.78	0.064202	3.9031e-05	0.059978	supercritical
613.0	436.75	361.75	0.0027643	626.89	747.62	2.1832	0.9414	1.3474	455.85	0.063458	3.9153e-05	0.060145	supercritical
613.0	440.0	363.98	0.0027474	626.46	747.35	2.1813	0.94162	1.3484	456.92	0.062721	3.9275e-05	0.060313	supercritical
613.0	443.25	366.21	0.0027307	626.04	747.07	2.1794	0.94184	1.3494	457.99	0.061989	3.9397e-05	0.060481	supercritical
613.0	446.5	368.42	0.0027143	625.61	746.8	2.1775	0.94206	1.3504	459.07	0.061263	3.952e-05	0.060648	supercritical
613.0	449.75	370.63	0.0026981	625.19	746.54	2.1757	0.94228	1.3514	460.15	0.060543	3.9643e-05	0.060816	supercritical
613.0	453.0	372.83	0.0026822	624.77	746.27	2.1738	0.9425	1.3523	461.24	0.059829	3.9766e-05	0.060983	supercritical
613.0	456.25	375.01	0.0026666	624.35	746.01	2.172	0.94271	1.3532	462.33	0.059121	3.989e-05	0.061151	supercritical
613.0	459.5	377.19	0.0026512	623.93	745.75	2.1701	0.94293	1.3542	463.42	0.058418	4.0014e-05	0.061318	supercritical
613.0	462.75	379.36	0.002636	623.51	745.5	2.1683	0.94314	1.3551	464.51	0.057722	4.0138e-05	0.061485	supercritical
613.0	466.0	381.52	0.0026211	623.1	745.24	2.1665	0.94335	1.356	465.61	0.057031	4.0263e-05	0.061653	supercritical
613.0	469.25	383.67	0.0026064	622.69	744.99	2.1647	0.94356	1.3569	466.71	0.056347	4.0388e-05	0.06182	supercritical
613.0	472.5	385.81	0.0025919	622.28	744.75	2.1629	0.94377	1.3578	467.81	0.055668	4.0514e-05	0.061987	supercritical
613.0	475.75	387.94	0.0025777	621.87	744.5	2.1612	0.94397	1.3586	468.92	0.054994	4.0639e-05	0.062153	supercritical
613.0	479.0	390.06	0.0025637	621.46	744.26	2.1594	0.94418	1.3595	470.03	0.054327	4.0766e-05	0.06232	supercritical
613.0	482.25	392.18	0.0025499	621.05	744.02	2.1577	0.94438	1.3603	471.14	0.053665	4.0892e-05	0.062487	supercritical
613.0	485.5	394.28	0.0025363	620.65	743.79	2.1559	0.94459	1.3611	472.25	0.053009	4.1019e-05	0.062653	supercritical
613.0	488.75	396.38	0.0025228	620.25	743.55	2.1542	0.94479	1.362	473.36	0.052358	4.1146e-05	0.062819	supercritical
613.0	492.0	398.46	0.0025096	619.85	743.32	2.1525	0.94499	1.3628	474.48	0.051713	4.1273e-05	0.062985	supercritical
613.0	495.25	400.54	0.0024966	619.45	743.09	2.1508	0.94519	1.3636	475.6	0.051073	4.14e-05	0.063151	supercritical
613.0	498.5	402.61	0.0024838	619.05	742.87	2.1491	0.94539	1.3644	476.72	0.050439	4.1528e-05	0.063317	supercritical
613.0	501.75	404.67	0.0024712	618.66	742.65	2.1474	0.94559	1.3651	477.84	0.04981	4.1656e-05	0.063483	supercritical
613.0	505.0	406.72	0.0024587	618.26	742.43	2.1458	0.94578	1.3659	478.97	0.049187	4.1785e-05	0.063648	supercritical
613.0	508.25	408.76	0.0024464	617.87	742.21	2.1441	0.94598	1.3666	480.1	0.048568	4.1913e-05	0.063813	supercritical
613.0	511.5	410.79	0.0024343	617.48	742.0	2.1425	0.94617	1.3674	481.23	0.047956	4.2042e-05	0.063978	supercritical
613.0	514.75	412.82	0.0024224	617.09	741.78	2.1408	0.94636	1.3681	482.36	0.047348	4.2171e-05	0.064143	supercritical
613.0	518.0	414.83	0.0024106	616.71	741.57	2.1392	0.94656	1.3688	483.49	0.046746	4.2301e-05	0.064307	supercritical
613.0	521.25	416.84	0.002399	616.32	741.37	2.1376	0.94675	1.3695	484.62	0.046148	4.243e-05	0.064472	supercritical
613.0	524.5	418.84	0.0023876	615.94	741.16	2.136	0.94694	1.3702	485.76	0.045556	4.256e-05	0.064636	supercritical
613.0	527.75	420.82	0.0023763	615.55	740.96	2.1344	0.94713	1.3709	486.9	0.044969	4.269e-05	0.0648	supercritical
613.0	531.0	422.8	0.0023652	615.17	740.76	2.1328	0.94731	1.3716	488.04	0.044387	4.282e-05	0.064963	supercritical
613.0	534.25	424.78	0.0023542	614.79	740.57	2.1313	0.9475	1.3723	489.18	0.04381	4.2951e-05	0.065127	supercritical
613.0	537.5	426.74	0.0023434	614.42	740.37	2.1297	0.94769	1.3729	490.32	0.043238	4.3082e-05	0.06529	supercritical
613.0	540.75	428.69	0.0023327	614.04	740.18	2.1281	0.94787	1.3736	491.47	0.042671	4.3212e-05	0.065453	supercritical
613.0	544.0	430.64	0.0023221	613.67	739.99	2.1266	0.94806	1.3742	492.61	0.042108	4.3344e-05	0.065616	supercritical
613.0	547.25	432.58	0.0023117	613.29	739.8	2.1251	0.94824	1.3749	493.76	0.041551	4.3475e-05	0.065778	supercritical
613.0	550.5	434.5	0.0023015	612.92	739.62	2.1235	0.94842	1.3755	494.9	0.040998	4.3606e-05	0.06594	supercritical
613.0	553.75	436.42	0.0022913	612.55	739.44	2.122	0.9486	1.3761	496.05	0.04045	4.3738e-05	0.066102	supercritical
613.0	557.0	438.34	0.0022814	612.19	739.26	2.1205	0.94878	1.3767	497.2	0.039906	4.387e-05	0.066264	supercritical
613.0	560.25	440.24	0.0022715	611.82	739.08	2.119	0.94896	1.3773	498.35	0.039367	4.4002e-05	0.066425	supercritical
613.0	563.5	442.13	0.0022618	611.46	738.91	2.1175	0.94914	1.3779	499.51	0.038833	4.4134e-05	0.066586	supercritical
613.0	566.75	444.02	0.0022521	611.09	738.73	2.1161	0.94932	1.3784	500.66	0.038303	4.4267e-05	0.066747	supercritical
613.0	570.0	445.9	0.0022427	610.73	738.56	2.1146	0.94949	1.379	501.81	0.037778	4.4399e-05	0.066907	supercritical
613.0	573.25	447.77	0.0022333	610.37	738.39	2.1131	0.94967	1.3796	502.97	0.037257	4.4532e-05	0.067067	supercritical
613.0	576.5	449.63	0.002224	610.01	738.23	2.1117	0.94985	1.3801	504.13	0.03674	4.4665e-05	0.067227	supercritical
613.0	579.75	451.49	0.0022149	609.66	738.06	2.1102	0.95002	1.3807	505.28	0.036228	4.4798e-05	0.067387	supercritical
613.0	583.0	453.33	0.0022059	609.3	737.9	2.1088	0.95019	1.3812	506.44	0.03572	4.4931e-05	0.067546	supercritical
613.0	586.25	455.17	0.002197	608.95	737.74	2.1074	0.95037	1.3817	507.6	0.035217	4.5065e-05	0.067705	supercritical
613.0	589.5	457.0	0.0021882	608.59	737.59	2.106	0.95054	1.3822	508.76	0.034717	4.5198e-05	0.067864	supercritical
613.0	592.75	458.82	0.0021795	608.24	737.43	2.1045	0.95071	1.3827	509.92	0.034222	4.5332e-05	0.068022	supercritical
613.0	596.0	460.64	0.0021709	607.89	737.28	2.1031	0.95088	1.3832	511.08	0.033731	4.5466e-05	0.068181	supercritical
613.0	599.25	462.44	0.0021624	607.55	737.13	2.1017	0.95105	1.3837	512.24	0.033244	4.5599e-05	0.068338	supercritical
613.0	602.5	464.24	0.0021541	607.2	736.98	2.1004	0.95122	1.3842	513.41	0.032761	4.5733e-05	0.068496	supercritical
613.0	605.75	466.03	0.0021458	606.85	736.83	2.099	0.95139	1.3847	514.57	0.032282	4.5868e-05	0.068653	supercritical
613.0	609.0	467.81	0.0021376	606.51	736.69	2.0976	0.95155	1.3852	515.73	0.031807	4.6002e-05	0.06881	supercritical
613.0	612.25	469.59	0.0021295	606.17	736.55	2.0962	0.95172	1.3856	516.9	0.031336	4.6136e-05	0.068967	supercritical
613.0	615.5	471.36	0.0021215	605.83	736.41	2.0949	0.95189	1.3861	518.06	0.030869	4.6271e-05	0.069123	supercritical
613.0	618.75	473.11	0.0021137	605.49	736.27	2.0935	0.95205	1.3865	519.23	0.030405	4.6405e-05	0.069279	supercritical
613.0	622.0	474.87	0.0021059	605.15	736.13	2.0922	0.95222	1.387	520.39	0.029946	4.654e-05	0.069434	supercritical
613.0	625.25	476.61	0.0020981	604.81	736.0	2.0909	0.95238	1.3874	521.56	0.02949	4.6675e-05	0.06959	supercritical
613.0	628.5	478.35	0.0020905	604.48	735.87	2.0895	0.95254	1.3878	522.72	0.029038	4.681e-05	0.069745	supercritical
613.0	631.75	480.08	0.002083	604.14	735.74	2.0882	0.95271	1.3882	523.89	0.02859	4.6945e-05	0.069899	supercritical
613.0	635.0	481.8	0.0020756	603.81	735.61	2.0869	0.95287	1.3886	525.06	0.028146	4.708e-05	0.070054	supercritical
613.0	638.25	483.51	0.0020682	603.48	735.48	2.0856	0.95303	1.389	526.22	0.027705	4.7215e-05	0.070208	supercritical
613.0	641.5	485.22	0.0020609	603.15	735.36	2.0843	0.95319	1.3894	527.39	0.027267	4.735e-05	0.070361	supercritical
613.0	644.75	486.92	0.0020537	602.82	735.24	2.083	0.95335	1.3898	528.56	0.026833	4.7485e-05	0.070515	supercritical
613.0	648.0	488.61	0.0020466	602.5	735.12	2.0817	0.95351	1.3902	529.73	0.026403	4.7621e-05	0.070668	supercritical
613.0	651.25	490.3	0.0020396	602.17	735.0	2.0805	0.95367	1.3906	530.89	0.025976	4.7756e-05	0.07082	supercritical
613.0	654.5	491.97	0.0020326	601.85	734.88	2.0792	0.95383	1.3909	532.06	0.025553	4.7892e-05	0.070973	supercritical
613.0	657.75	493.64	0.0020257	601.52	734.77	2.0779	0.95399	1.3913	533.23	0.025133	4.8027e-05	0.071125	supercritical
613.0	661.0	495.31	0.0020189	601.2	734.66	2.0767	0.95414	1.3917	534.4	0.024717	4.8163e-05	0.071277	supercritical
613.0	664.25	496.96	0.0020122	600.88	734.54	2.0754	0.9543	1.392	535.57	0.024304	4.8299e-05	0.071428	supercritical
613.0	667.5	498.61	0.0020056	600.56	734.44	2.0742	0.95446	1.3924	536.73	0.023894	4.8434e-05	0.071579	supercritical
613.0	670.75	500.26	0.001999	600.25	734.33	2.073	0.95461	1.3927	537.9	0.023487	4.857e-05	0.07173	supercritical
613.0	674.0	501.89	0.0019925	599.93	734.22	2.0717	0.95477	1.393	539.07	0.023084	4.8706e-05	0.07188	supercritical
613.0	677.25	503.52	0.001986	599.62	734.12	2.0705	0.95492	1.3933	540.24	0.022684	4.8842e-05	0.07203	supercritical
613.0	680.5	505.14	0.0019796	599.3	734.02	2.0693	0.95508	1.3937	541.41	0.022287	4.8978e-05	0.07218	supercritical
613.0	683.75	506.76	0.0019733	598.99	733.92	2.0681	0.95523	1.394	542.58	0.021894	4.9114e-05	0.07233	supercritical
613.0	687.0	508.36	0.0019671	598.68	733.82	2.0669	0.95538	1.3943	543.74	0.021503	4.925e-05	0.072479	supercritical
613.0	690.25	509.96	0.0019609	598.37	733.72	2.0657	0.95553	1.3946	544.91	0.021116	4.9386e-05	0.072628	supercritical
613.0	693.5	511.56	0.0019548	598.06	733.63	2.0645	0.95569	1.3949	546.08	0.020732	4.9522e-05	0.072776	supercritical
613.0	696.75	513.15	0.0019488	597.75	733.53	2.0633	0.95584	1.3952	547.25	0.020351	4.9658e-05	0.072924	supercritical
613.0	700.0	514.73	0.0019428	597.45	733.44	2.0621	0.95599	1.3955	548.41	0.019972	4.9794e-05	0.073072	supercritical
613.0	703.25	516.3	0.0019369	597.14	733.35	2.0609	0.95614	1.3957	549.58	0.019597	4.9931e-05	0.073219	supercritical
613.0	706.5	517.87	0.001931	596.84	733.26	2.0598	0.95629	1.396	550.75	0.019225	5.0067e-05	0.073367	supercritical
613.0	709.75	519.43	0.0019252	596.54	733.18	2.0586	0.95644	1.3963	551.91	0.018856	5.0203e-05	0.073514	supercritical
613.0	713.0	520.98	0.0019194	596.24	733.09	2.0574	0.95659	1.3966	553.08	0.01849	5.0339e-05	0.07366	supercritical
613.0	716.25	522.53	0.0019138	595.94	733.01	2.0563	0.95674	1.3968	554.25	0.018126	5.0476e-05	0.073806	supercritical
613.0	719.5	524.07	0.0019081	595.64	732.93	2.0551	0.95689	1.3971	555.41	0.017766	5.0612e-05	0.073952	supercritical
613.0	722.75	525.61	0.0019026	595.34	732.85	2.054	0.95703	1.3973	556.58	0.017408	5.0748e-05	0.074098	supercritical
613.0	726.0	527.14	0.001897	595.05	732.77	2.0529	0.95718	1.3976	557.74	0.017053	5.0885e-05	0.074243	supercritical
613.0	729.25	528.66	0.0018916	594.75	732.69	2.0517	0.95733	1.3978	558.91	0.016701	5.1021e-05	0.074388	supercritical
613.0	732.5	530.17	0.0018862	594.46	732.62	2.0506	0.95748	1.398	560.07	0.016352	5.1157e-05	0.074533	supercritical
613.0	735.75	531.68	0.0018808	594.16	732.55	2.0495	0.95762	1.3983	561.23	0.016005	5.1294e-05	0.074677	supercritical
613.0	739.0	533.19	0.0018755	593.87	732.47	2.0484	0.95777	1.3985	562.4	0.015662	5.143e-05	0.074821	supercritical
613.0	742.25	534.68	0.0018703	593.58	732.4	2.0473	0.95791	1.3987	563.56	0.015321	5.1566e-05	0.074965	supercritical
613.0	745.5	536.18	0.0018651	593.29	732.33	2.0462	0.95806	1.3989	564.72	0.014982	5.1703e-05	0.075108	supercritical
613.0	748.75	537.66	0.0018599	593.01	732.27	2.0451	0.9582	1.3991	565.88	0.014646	5.1839e-05	0.075251	supercritical
613.0	752.0	539.14	0.0018548	592.72	732.2	2.044	0.95835	1.3993	567.04	0.014313	5.1975e-05	0.075394	supercritical
613.0	755.25	540.61	0.0018498	592.43	732.14	2.0429	0.95849	1.3996	568.2	0.013983	5.2112e-05	0.075536	supercritical
613.0	758.5	542.08	0.0018447	592.15	732.07	2.0418	0.95864	1.3998	569.36	0.013655	5.2248e-05	0.075678	supercritical
613.0	761.75	543.54	0.0018398	591.87	732.01	2.0407	0.95878	1.3999	570.52	0.01333	5.2384e-05	0.07582	supercritical
613.0	765.0	545.0	0.0018349	591.58	731.95	2.0397	0.95892	1.4001	571.68	0.013007	5.252e-05	0.075962	supercritical
613.0	768.25	546.44	0.00183	591.3	731.89	2.0386	0.95906	1.4003	572.84	0.012686	5.2657e-05	0.076103	supercritical
613.0	771.5	547.89	0.0018252	591.02	731.84	2.0375	0.95921	1.4005	574.0	0.012369	5.2793e-05	0.076244	supercritical
613.0	774.75	549.32	0.0018204	590.75	731.78	2.0365	0.95935	1.4007	575.15	0.012053	5.2929e-05	0.076384	supercritical
613.0	778.0	550.76	0.0018157	590.47	731.73	2.0354	0.95949	1.4009	576.31	0.011741	5.3065e-05	0.076525	supercritical
613.0	781.25	552.18	0.001811	590.19	731.67	2.0344	0.95963	1.401	577.46	0.01143	5.3202e-05	0.076665	supercritical
613.0	784.5	553.6	0.0018064	589.92	731.62	2.0333	0.95977	1.4012	578.62	0.011122	5.3338e-05	0.076804	supercritical
613.0	787.75	555.02	0.0018017	589.64	731.57	2.0323	0.95991	1.4014	579.77	0.010816	5.3474e-05	0.076944	supercritical
613.0	791.0	556.43	0.0017972	589.37	731.53	2.0313	0.96005	1.4015	580.92	0.010513	5.361e-05	0.077083	supercritical
613.0	794.25	557.83	0.0017927	589.1	731.48	2.0302	0.96019	1.4017	582.08	0.010212	5.3746e-05	0.077222	supercritical
613.0	797.5	559.23	0.0017882	588.82	731.43	2.0292	0.96033	1.4019	583.23	0.0099137	5.3882e-05	0.07736	supercritical
613.0	800.75	560.62	0.0017837	588.55	731.39	2.0282	0.96047	1.402	584.38	0.0096174	5.4018e-05	0.077499	supercritical
613.0	804.0	562.0	0.0017793	588.28	731.34	2.0272	0.96061	1.4022	585.53	0.0093234	5.4154e-05	0.077637	supercritical
613.0	807.25	563.38	0.001775	588.02	731.3	2.0262	0.96075	1.4023	586.68	0.0090317	5.429e-05	0.077774	supercritical
613.0	810.5	564.76	0.0017707	587.75	731.26	2.0252	0.96089	1.4024	587.83	0.0087422	5.4426e-05	0.077912	supercritical
613.0	813.75	566.13	0.0017664	587.48	731.22	2.0242	0.96103	1.4026	588.97	0.008455	5.4562e-05	0.078049	supercritical
613.0	817.0	567.5	0.0017621	587.22	731.18	2.0232	0.96117	1.4027	590.12	0.00817	5.4698e-05	0.078186	supercritical
613.0	820.25	568.85	0.0017579	586.96	731.15	2.0222	0.9613	1.4028	591.27	0.0078871	5.4834e-05	0.078322	supercritical
613.0	823.5	570.21	0.0017537	586.69	731.11	2.0212	0.96144	1.403	592.41	0.0076065	5.497e-05	0.078459	supercritical
613.0	826.75	571.56	0.0017496	586.43	731.08	2.0202	0.96158	1.4031	593.56	0.0073279	5.5105e-05	0.078595	supercritical
613.0	830.0	572.9	0.0017455	586.17	731.05	2.0192	0.96171	1.4032	594.7	0.0070516	5.5241e-05	0.07873	supercritical
613.0	833.25	574.24	0.0017414	585.91	731.01	2.0182	0.96185	1.4033	595.84	0.0067773	5.5377e-05	0.078866	supercritical
613.0	836.5	575.57	0.0017374	585.65	730.98	2.0173	0.96199	1.4035	596.98	0.0065051	5.5512e-05	0.079001	supercritical
613.0	839.75	576.9	0.0017334	585.39	730.96	2.0163	0.96212	1.4036	598.12	0.006235	5.5648e-05	0.079136	supercritical
613.0	843.0	578.22	0.0017294	585.14	730.93	2.0153	0.96226	1.4037	599.26	0.005967	5.5783e-05	0.079271	supercritical
613.0	846.25	579.54	0.0017255	584.88	730.9	2.0144	0.9624	1.4038	600.4	0.005701	5.5919e-05	0.079405	supercritical
613.0	849.5	580.85	0.0017216	584.62	730.88	2.0134	0.96253	1.4039	601.54	0.005437	5.6054e-05	0.079539	supercritical
613.0	852.75	582.16	0.0017177	584.37	730.85	2.0125	0.96267	1.404	602.67	0.005175	5.619e-05	0.079673	supercritical
613.0	856.0	583.46	0.0017139	584.12	730.83	2.0115	0.9628	1.4041	603.81	0.004915	5.6325e-05	0.079806	supercritical
613.0	859.25	584.76	0.0017101	583.87	730.81	2.0106	0.96294	1.4042	604.94	0.004657	5.646e-05	0.07994	supercritical
613.0	862.5	586.05	0.0017063	583.61	730.79	2.0096	0.96307	1.4043	606.08	0.0044009	5.6596e-05	0.080073	supercritical
613.0	865.75	587.34	0.0017026	583.36	730.77	2.0087	0.9632	1.4044	607.21	0.0041468	5.6731e-05	0.080206	supercritical
613.0	869.0	588.62	0.0016989	583.12	730.75	2.0078	0.96334	1.4045	608.34	0.0038945	5.6866e-05	0.080338	supercritical
613.0	872.25	589.9	0.0016952	582.87	730.73	2.0068	0.96347	1.4046	609.47	0.0036442	5.7001e-05	0.08047	supercritical
613.0	875.5	591.17	0.0016915	582.62	730.71	2.0059	0.96361	1.4047	610.6	0.0033957	5.7136e-05	0.080603	supercritical
613.0	878.75	592.44	0.0016879	582.37	730.7	2.005	0.96374	1.4048	611.73	0.0031491	5.7271e-05	0.080734	supercritical
613.0	882.0	593.71	0.0016843	582.13	730.69	2.0041	0.96387	1.4049	612.86	0.0029044	5.7406e-05	0.080866	supercritical
613.0	885.25	594.97	0.0016808	581.88	730.67	2.0032	0.964	1.4049	613.98	0.0026615	5.7541e-05	0.080997	supercritical
613.0	888.5	596.22	0.0016772	581.64	730.66	2.0023	0.96414	1.405	615.11	0.0024204	5.7676e-05	0.081128	supercritical
613.0	891.75	597.47	0.0016737	581.4	730.65	2.0014	0.96427	1.4051	616.23	0.002181	5.781e-05	0.081259	supercritical
613.0	895.0	598.71	0.0016702	581.15	730.64	2.0005	0.9644	1.4052	617.36	0.0019435	5.7945e-05	0.08139	supercritical
613.0	898.25	599.95	0.0016668	580.91	730.63	1.9996	0.96453	1.4053	618.48	0.0017077	5.808e-05	0.08152	supercritical
613.0	901.5	601.19	0.0016634	580.67	730.63	1.9987	0.96467	1.4053	619.6	0.0014737	5.8214e-05	0.08165	supercritical
613.0	904.75	602.42	0.00166	580.43	730.62	1.9978	0.9648	1.4054	620.72	0.0012414	5.8349e-05	0.08178	supercritical
613.0	908.0	603.65	0.0016566	580.2	730.61	1.9969	0.96493	1.4055	621.84	0.0010108	5.8483e-05	0.08191	supercritical
613.0	911.25	604.87	0.0016533	579.96	730.61	1.996	0.96506	1.4055	622.96	0.00078193	5.8617e-05	0.082039	supercritical
613.0	914.5	606.09	0.0016499	579.72	730.61	1.9951	0.96519	1.4056	624.07	0.00055473	5.8752e-05	0.082168	supercritical
613.0	917.75	607.3	0.0016466	579.49	730.61	1.9942	0.96532	1.4057	625.19	0.00032919	5.8886e-05	0.082297	supercritical
613.0	921.0	608.51	0.0016434	579.25	730.6	1.9934	0.96545	1.4057	626.3	0.0001053	5.902e-05	0.082426	supercritical
613.0	924.25	609.71	0.0016401	579.02	730.6	1.9925	0.96558	1.4058	627.42	-0.00011695	5.9154e-05	0.082554	supercritical
613.0	927.5	610.91	0.0016369	578.78	730.61	1.9916	0.96572	1.4058	628.53	-0.00033759	5.9288e-05	0.082682	supercritical
613.0	930.75	612.11	0.0016337	578.55	730.61	1.9908	0.96585	1.4059	629.64	-0.00055662	5.9422e-05	0.08281	supercritical
613.0	934.0	613.3	0.0016305	578.32	730.61	1.9899	0.96598	1.406	630.75	-0.00077405	5.9556e-05	0.082938	supercritical
613.0	937.25	614.49	0.0016274	578.09	730.61	1.9891	0.96611	1.406	631.86	-0.00098992	5.969e-05	0.083066	supercritical
613.0	940.5	615.67	0.0016243	577.86	730.62	1.9882	0.96624	1.4061	632.97	-0.0012042	5.9824e-05	0.083193	supercritical
613.0	943.75	616.85	0.0016212	577.63	730.63	1.9873	0.96637	1.4061	634.07	-0.001417	5.9957e-05	0.08332	supercritical
613.0	947.0	618.02	0.0016181	577.4	730.63	1.9865	0.96649	1.4062	635.18	-0.0016282	6.0091e-05	0.083447	supercritical
613.0	950.25	619.19	0.001615	577.17	730.64	1.9857	0.96662	1.4062	636.28	-0.0018379	6.0224e-05	0.083574	supercritical
613.0	953.5	620.36	0.001612	576.95	730.65	1.9848	0.96675	1.4063	637.39	-0.0020461	6.0358e-05	0.0837	supercritical
613.0	956.75	621.52	0.001609	576.72	730.66	1.984	0.96688	1.4063	638.49	-0.0022529	6.0491e-05	0.083827	supercritical
613.0	960.0	622.67	0.001606	576.5	730.67	1.9831	0.96701	1.4063	639.59	-0.0024581	6.0625e-05	0.083953	supercritical
613.0	963.25	623.83	0.001603	576.27	730.68	1.9823	0.96714	1.4064	640.69	-0.0026619	6.0758e-05	0.084079	supercritical
613.0	966.5	624.98	0.0016001	576.05	730.69	1.9815	0.96727	1.4064	641.79	-0.0028642	6.0891e-05	0.084204	supercritical
613.0	969.75	626.12	0.0015971	575.83	730.71	1.9807	0.9674	1.4065	642.89	-0.0030652	6.1024e-05	0.08433	supercritical
613.0	973.0	627.26	0.0015942	575.6	730.72	1.9798	0.96753	1.4065	643.99	-0.0032646	6.1157e-05	0.084455	supercritical
613.0	976.25	628.4	0.0015913	575.38	730.74	1.979	0.96765	1.4065	645.08	-0.0034627	6.129e-05	0.08458	supercritical
613.0	979.5	629.53	0.0015885	575.16	730.75	1.9782	0.96778	1.4066	646.18	-0.0036594	6.1423e-05	0.084705	supercritical
613.0	982.75	630.66	0.0015856	574.94	730.77	1.9774	0.96791	1.4066	647.27	-0.0038547	6.1556e-05	0.08483	supercritical
613.0	986.0	631.79	0.0015828	574.72	730.79	1.9766	0.96804	1.4066	648.36	-0.0040487	6.1689e-05	0.084954	supercritical
613.0	989.25	632.91	0.00158	574.51	730.81	1.9758	0.96816	1.4067	649.45	-0.0042413	6.1821e-05	0.085078	supercritical
613.0	992.5	634.03	0.0015772	574.29	730.83	1.975	0.96829	1.4067	650.54	-0.0044325	6.1954e-05	0.085203	supercritical
613.0	995.75	635.14	0.0015745	574.07	730.85	1.9742	0.96842	1.4067	651.63	-0.0046225	6.2086e-05	0.085326	supercritical
613.0	999.0	636.25	0.0015717	573.86	730.87	1.9734	0.96855	1.4067	652.72	-0.0048111	6.2219e-05	0.08545	supercritical
613.0	1002.2	637.36	0.001569	573.64	730.89	1.9726	0.96867	1.4068	653.8	-0.0049984	6.2351e-05	0.085574	supercritical
613.0	1005.5	638.46	0.0015663	573.43	730.92	1.9718	0.9688	1.4068	654.89	-0.0051844	6.2483e-05	0.085697	supercritical
613.0	1008.8	639.56	0.0015636	573.21	730.94	1.971	0.96893	1.4068	655.97	-0.0053692	6.2616e-05	0.08582	supercritical
613.0	1012.0	640.65	0.0015609	573.0	730.97	1.9702	0.96905	1.4068	657.06	-0.0055526	6.2748e-05	0.085943	supercritical
613.0	1015.2	641.74	0.0015583	572.79	730.99	1.9694	0.96918	1.4069	658.14	-0.0057349	6.288e-05	0.086066	supercritical
613.0	1018.5	642.83	0.0015556	572.58	731.02	1.9686	0.96931	1.4069	659.22	-0.0059158	6.3012e-05	0.086188	supercritical
613.0	1021.8	643.92	0.001553	572.37	731.05	1.9678	0.96943	1.4069	660.3	-0.0060956	6.3144e-05	0.086311	supercritical
613.0	1025.0	645.0	0.0015504	572.16	731.07	1.9671	0.96956	1.4069	661.38	-0.0062741	6.3276e-05	0.086433	supercritical
613.0	1028.2	646.07	0.0015478	571.95	731.1	1.9663	0.96969	1.4069	662.45	-0.0064514	6.3407e-05	0.086555	supercritical
613.0	1031.5	647.14	0.0015453	571.74	731.13	1.9655	0.96981	1.4069	663.53	-0.0066275	6.3539e-05	0.086677	supercritical
613.0	1034.8	648.21	0.0015427	571.53	731.16	1.9648	0.96994	1.407	664.61	-0.0068025	6.3671e-05	0.086799	supercritical
613.0	1038.0	649.28	0.0015402	571.32	731.19	1.964	0.97006	1.407	665.68	-0.0069762	6.3802e-05	0.08692	supercritical
613.0	1041.2	650.34	0.0015377	571.12	731.23	1.9632	0.97019	1.407	666.75	-0.0071488	6.3933e-05	0.087042	supercritical
613.0	1044.5	651.4	0.0015352	570.91	731.26	1.9625	0.97031	1.407	667.82	-0.0073203	6.4065e-05	0.087163	supercritical
613.0	1047.8	652.45	0.0015327	570.71	731.29	1.9617	0.97044	1.407	668.89	-0.0074905	6.4196e-05	0.087284	supercritical
613.0	1051.0	653.51	0.0015302	570.5	731.33	1.961	0.97056	1.407	669.96	-0.0076597	6.4327e-05	0.087405	supercritical
613.0	1054.2	654.55	0.0015278	570.3	731.36	1.9602	0.97069	1.407	671.03	-0.0078277	6.4458e-05	0.087525	supercritical
613.0	1057.5	655.6	0.0015253	570.1	731.4	1.9595	0.97082	1.407	672.1	-0.0079947	6.4589e-05	0.087646	supercritical
613.0	1060.8	656.64	0.0015229	569.89	731.44	1.9587	0.97094	1.407	673.17	-0.0081605	6.472e-05	0.087766	supercritical
613.0	1064.0	657.68	0.0015205	569.69	731.47	1.958	0.97106	1.407	674.23	-0.0083252	6.4851e-05	0.087886	supercritical
613.0	1067.2	658.71	0.0015181	569.49	731.51	1.9572	0.97119	1.407	675.29	-0.0084889	6.4982e-05	0.088006	supercritical
613.0	1070.5	659.74	0.0015157	569.29	731.55	1.9565	0.97131	1.4071	676.36	-0.0086515	6.5113e-05	0.088126	supercritical
613.0	1073.8	660.77	0.0015134	569.09	731.59	1.9557	0.97144	1.4071	677.42	-0.008813	6.5243e-05	0.088246	supercritical
613.0	1077.0	661.79	0.001511	568.89	731.63	1.955	0.97156	1.4071	678.48	-0.0089734	6.5374e-05	0.088366	supercritical
613.0	1080.2	662.81	0.0015087	568.69	731.67	1.9543	0.97169	1.4071	679.54	-0.0091328	6.5504e-05	0.088485	supercritical
613.0	1083.5	663.83	0.0015064	568.5	731.72	1.9535	0.97181	1.4071	680.59	-0.0092912	6.5634e-05	0.088604	supercritical
613.0	1086.8	664.85	0.0015041	568.3	731.76	1.9528	0.97194	1.4071	681.65	-0.0094486	6.5765e-05	0.088723	supercritical
613.0	1090.0	665.86	0.0015018	568.1	731.8	1.9521	0.97206	1.4071	682.71	-0.0096049	6.5895e-05	0.088842	supercritical
613.0	1093.2	666.86	0.0014996	567.91	731.85	1.9514	0.97218	1.4071	683.76	-0.0097603	6.6025e-05	0.088961	supercritical
613.0	1096.5	667.87	0.0014973	567.71	731.89	1.9506	0.97231	1.4071	684.82	-0.0099146	6.6155e-05	0.08908	supercritical
613.0	1099.8	668.87	0.0014951	567.52	731.94	1.9499	0.97243	1.407	685.87	-0.010068	6.6285e-05	0.089198	supercritical
613.0	1103.0	669.87	0.0014928	567.32	731.98	1.9492	0.97256	1.407	686.92	-0.01022	6.6415e-05	0.089316	supercritical
613.0	1106.2	670.86	0.0014906	567.13	732.03	1.9485	0.97268	1.407	687.97	-0.010372	6.6545e-05	0.089435	supercritical
613.0	1109.5	671.85	0.0014884	566.94	732.08	1.9478	0.9728	1.407	689.02	-0.010522	6.6674e-05	0.089553	supercritical
613.0	1112.8	672.84	0.0014862	566.75	732.13	1.9471	0.97293	1.407	690.07	-0.010672	6.6804e-05	0.089671	supercritical
613.0	1116.0	673.83	0.0014841	566.56	732.18	1.9464	0.97305	1.407	691.11	-0.01082	6.6933e-05	0.089788	supercritical
613.0	1119.2	674.81	0.0014819	566.37	732.23	1.9457	0.97317	1.407	692.16	-0.010968	6.7063e-05	0.089906	supercritical
613.0	1122.5	675.79	0.0014797	566.18	732.28	1.945	0.9733	1.407	693.2	-0.011114	6.7192e-05	0.090023	supercritical
613.0	1125.8	676.77	0.0014776	565.99	732.33	1.9443	0.97342	1.407	694.25	-0.01126	6.7322e-05	0.090141	supercritical
613.0	1129.0	677.74	0.0014755	565.8	732.38	1.9436	0.97354	1.407	695.29	-0.011405	6.7451e-05	0.090258	supercritical
613.0	1132.2	678.71	0.0014734	565.61	732.43	1.9429	0.97367	1.407	696.33	-0.011549	6.758e-05	0.090375	supercritical
613.0	1135.5	679.68	0.0014713	565.42	732.49	1.9422	0.97379	1.407	697.37	-0.011692	6.7709e-05	0.090492	supercritical
613.0	1138.8	680.64	0.0014692	565.23	732.54	1.9415	0.97391	1.407	698.41	-0.011834	6.7838e-05	0.090609	supercritical
613.0	1142.0	681.6	0.0014671	565.05	732.59	1.9408	0.97403	1.4069	699.44	-0.011975	6.7967e-05	0.090725	supercritical
613.0	1145.2	682.56	0.0014651	564.86	732.65	1.9401	0.97416	1.4069	700.48	-0.012115	6.8095e-05	0.090842	supercritical
613.0	1148.5	683.52	0.001463	564.68	732.7	1.9394	0.97428	1.4069	701.52	-0.012255	6.8224e-05	0.090958	supercritical
613.0	1151.8	684.47	0.001461	564.49	732.76	1.9387	0.9744	1.4069	702.55	-0.012394	6.8353e-05	0.091075	supercritical
613.0	1155.0	685.42	0.001459	564.31	732.82	1.938	0.97452	1.4069	703.58	-0.012531	6.8481e-05	0.091191	supercritical
613.0	1158.2	686.36	0.001457	564.12	732.88	1.9374	0.97465	1.4069	704.62	-0.012668	6.861e-05	0.091307	supercritical
613.0	1161.5	687.31	0.001455	563.94	732.93	1.9367	0.97477	1.4069	705.65	-0.012804	6.8738e-05	0.091423	supercritical
613.0	1164.8	688.25	0.001453	563.76	732.99	1.936	0.97489	1.4068	706.68	-0.01294	6.8866e-05	0.091539	supercritical
613.0	1168.0	689.18	0.001451	563.58	733.05	1.9353	0.97501	1.4068	707.7	-0.013074	6.8994e-05	0.091654	supercritical
613.0	1171.2	690.12	0.001449	563.4	733.11	1.9347	0.97514	1.4068	708.73	-0.013207	6.9123e-05	0.09177	supercritical
613.0	1174.5	691.05	0.0014471	563.21	733.17	1.934	0.97526	1.4068	709.76	-0.01334	6.9251e-05	0.091885	supercritical
613.0	1177.8	691.98	0.0014451	563.03	733.23	1.9333	0.97538	1.4068	710.78	-0.013472	6.9379e-05	0.092	supercritical
613.0	1181.0	692.91	0.0014432	562.85	733.3	1.9327	0.9755	1.4067	711.81	-0.013603	6.9506e-05	0.092116	supercritical
613.0	1184.2	693.83	0.0014413	562.68	733.36	1.932	0.97562	1.4067	712.83	-0.013734	6.9634e-05	0.092231	supercritical
613.0	1187.5	694.75	0.0014394	562.5	733.42	1.9314	0.97575	1.4067	713.85	-0.013863	6.9762e-05	0.092346	supercritical
613.0	1190.8	695.67	0.0014375	562.32	733.49	1.9307	0.97587	1.4067	714.87	-0.013992	6.9889e-05	0.09246	supercritical
613.0	1194.0	696.59	0.0014356	562.14	733.55	1.93	0.97599	1.4067	715.89	-0.01412	7.0017e-05	0.092575	supercritical
613.0	1197.2	697.5	0.0014337	561.97	733.61	1.9294	0.97611	1.4066	716.91	-0.014247	7.0144e-05	0.09269	supercritical
613.0	1200.5	698.41	0.0014318	561.79	733.68	1.9287	0.97623	1.4066	717.93	-0.014374	7.0272e-05	0.092804	supercritical
613.0	1203.8	699.31	0.00143	561.61	733.75	1.9281	0.97635	1.4066	718.94	-0.014499	7.0399e-05	0.092918	supercritical
613.0	1207.0	700.22	0.0014281	561.44	733.81	1.9274	0.97647	1.4066	719.96	-0.014624	7.0526e-05	0.093033	supercritical
613.0	1210.2	701.12	0.0014263	561.26	733.88	1.9268	0.9766	1.4065	720.97	-0.014749	7.0653e-05	0.093147	supercritical
613.0	1213.5	702.02	0.0014245	561.09	733.95	1.9261	0.97672	1.4065	721.99	-0.014872	7.078e-05	0.093261	supercritical
613.0	1216.8	702.92	0.0014226	560.92	734.02	1.9255	0.97684	1.4065	723.0	-0.014995	7.0907e-05	0.093375	supercritical
613.0	1220.0	703.81	0.0014208	560.74	734.08	1.9249	0.97696	1.4065	724.01	-0.015117	7.1034e-05	0.093488	supercritical
613.0	1223.2	704.7	0.001419	560.57	734.15	1.9242	0.97708	1.4064	725.02	-0.015238	7.1161e-05	0.093602	supercritical
613.0	1226.5	705.59	0.0014173	560.4	734.22	1.9236	0.9772	1.4064	726.03	-0.015359	7.1287e-05	0.093716	supercritical
613.0	1229.8	706.48	0.0014155	560.23	734.29	1.9229	0.97732	1.4064	727.03	-0.015478	7.1414e-05	0.093829	supercritical
613.0	1233.0	707.36	0.0014137	560.06	734.37	1.9223	0.97744	1.4064	728.04	-0.015597	7.154e-05	0.093943	supercritical
613.0	1236.2	708.24	0.0014119	559.88	734.44	1.9217	0.97756	1.4063	729.04	-0.015716	7.1667e-05	0.094056	supercritical
613.0	1239.5	709.12	0.0014102	559.71	734.51	1.921	0.97768	1.4063	730.05	-0.015834	7.1793e-05	0.094169	supercritical
613.0	1242.8	710.0	0.0014085	559.55	734.58	1.9204	0.9778	1.4063	731.05	-0.015951	7.1919e-05	0.094282	supercritical
613.0	1246.0	710.87	0.0014067	559.38	734.65	1.9198	0.97792	1.4063	732.05	-0.016067	7.2046e-05	0.094395	supercritical
613.0	1249.2	711.74	0.001405	559.21	734.73	1.9192	0.97805	1.4062	733.05	-0.016183	7.2172e-05	0.094508	supercritical
613.0	1252.5	712.61	0.0014033	559.04	734.8	1.9185	0.97817	1.4062	734.05	-0.016298	7.2298e-05	0.094621	supercritical
613.0	1255.8	713.47	0.0014016	558.87	734.88	1.9179	0.97829	1.4062	735.05	-0.016412	7.2424e-05	0.094733	supercritical
613.0	1259.0	714.34	0.0013999	558.71	734.95	1.9173	0.97841	1.4061	736.05	-0.016525	7.2549e-05	0.094846	supercritical
613.0	1262.2	715.2	0.0013982	558.54	735.03	1.9167	0.97853	1.4061	737.04	-0.016638	7.2675e-05	0.094958	supercritical
613.0	1265.5	716.06	0.0013965	558.37	735.1	1.9161	0.97865	1.4061	738.04	-0.016751	7.2801e-05	0.095071	supercritical
613.0	1268.8	716.91	0.0013949	558.21	735.18	1.9154	0.97877	1.4061	739.03	-0.016862	7.2926e-05	0.095183	supercritical
613.0	1272.0	717.77	0.0013932	558.04	735.26	1.9148	0.97889	1.406	740.02	-0.016973	7.3052e-05	0.095295	supercritical
613.0	1275.2	718.62	0.0013916	557.88	735.34	1.9142	0.97901	1.406	741.02	-0.017084	7.3177e-05	0.095407	supercritical
613.0	1278.5	719.47	0.0013899	557.71	735.41	1.9136	0.97913	1.406	742.01	-0.017193	7.3303e-05	0.095519	supercritical
613.0	1281.8	720.31	0.0013883	557.55	735.49	1.913	0.97925	1.4059	743.0	-0.017302	7.3428e-05	0.095631	supercritical
613.0	1285.0	721.16	0.0013867	557.39	735.57	1.9124	0.97937	1.4059	743.98	-0.017411	7.3553e-05	0.095743	supercritical
613.0	1288.2	722.0	0.001385	557.22	735.65	1.9118	0.97949	1.4059	744.97	-0.017519	7.3678e-05	0.095855	supercritical
613.0	1291.5	722.84	0.0013834	557.06	735.73	1.9112	0.97961	1.4058	745.96	-0.017626	7.3803e-05	0.095966	supercritical
613.0	1294.8	723.68	0.0013818	556.9	735.81	1.9106	0.97973	1.4058	746.94	-0.017732	7.3928e-05	0.096078	supercritical
613.0	1298.0	724.51	0.0013802	556.74	735.89	1.91	0.97985	1.4058	747.92	-0.017838	7.4053e-05	0.096189	supercritical
613.0	1301.2	725.34	0.0013787	556.58	735.98	1.9094	0.97997	1.4057	748.91	-0.017944	7.4178e-05	0.096301	supercritical
613.0	1304.5	726.17	0.0013771	556.42	736.06	1.9088	0.98009	1.4057	749.89	-0.018048	7.4302e-05	0.096412	supercritical
613.0	1307.8	727.0	0.0013755	556.26	736.14	1.9082	0.98021	1.4057	750.87	-0.018153	7.4427e-05	0.096523	supercritical
613.0	1311.0	727.83	0.001374	556.1	736.22	1.9076	0.98032	1.4056	751.85	-0.018256	7.4552e-05	0.096634	supercritical
613.0	1314.2	728.65	0.0013724	555.94	736.31	1.907	0.98044	1.4056	752.82	-0.018359	7.4676e-05	0.096745	supercritical
613.0	1317.5	729.47	0.0013709	555.78	736.39	1.9064	0.98056	1.4056	753.8	-0.018461	7.48e-05	0.096856	supercritical
613.0	1320.8	730.29	0.0013693	555.62	736.48	1.9058	0.98068	1.4055	754.78	-0.018563	7.4925e-05	0.096967	supercritical
613.0	1324.0	731.11	0.0013678	555.47	736.56	1.9053	0.9808	1.4055	755.75	-0.018664	7.5049e-05	0.097078	supercritical
613.0	1327.2	731.92	0.0013663	555.31	736.65	1.9047	0.98092	1.4055	756.72	-0.018765	7.5173e-05	0.097188	supercritical
613.0	1330.5	732.73	0.0013648	555.15	736.73	1.9041	0.98104	1.4054	757.7	-0.018865	7.5297e-05	0.097299	supercritical
613.0	1333.8	733.54	0.0013632	555.0	736.82	1.9035	0.98116	1.4054	758.67	-0.018964	7.5421e-05	0.09741	supercritical
613.0	1337.0	734.35	0.0013618	554.84	736.91	1.9029	0.98128	1.4054	759.64	-0.019063	7.5545e-05	0.09752	supercritical
613.0	1340.2	735.15	0.0013603	554.69	736.99	1.9023	0.9814	1.4053	760.61	-0.019162	7.5669e-05	0.09763	supercritical
613.0	1343.5	735.96	0.0013588	554.53	737.08	1.9018	0.98152	1.4053	761.57	-0.019259	7.5792e-05	0.097741	supercritical
613.0	1346.8	736.76	0.0013573	554.38	737.17	1.9012	0.98164	1.4053	762.54	-0.019357	7.5916e-05	0.097851	supercritical
613.0	1350.0	737.56	0.0013558	554.22	737.26	1.9006	0.98175	1.4052	763.51	-0.019453	7.6039e-05	0.097961	supercritical
613.0	1353.2	738.36	0.0013544	554.07	737.35	1.9	0.98187	1.4052	764.47	-0.019549	7.6163e-05	0.098071	supercritical
613.0	1356.5	739.15	0.0013529	553.92	737.44	1.8995	0.98199	1.4052	765.43	-0.019645	7.6286e-05	0.098181	supercritical
613.0	1359.8	739.94	0.0013515	553.76	737.53	1.8989	0.98211	1.4051	766.4	-0.01974	7.641e-05	0.098291	supercritical
613.0	1363.0	740.73	0.00135	553.61	737.62	1.8983	0.98223	1.4051	767.36	-0.019835	7.6533e-05	0.098401	supercritical
613.0	1366.2	741.52	0.0013486	553.46	737.71	1.8978	0.98235	1.4051	768.32	-0.019929	7.6656e-05	0.098511	supercritical
613.0	1369.5	742.31	0.0013471	553.31	737.8	1.8972	0.98247	1.405	769.28	-0.020022	7.6779e-05	0.098621	supercritical
613.0	1372.8	743.09	0.0013457	553.16	737.89	1.8966	0.98259	1.405	770.23	-0.020115	7.6902e-05	0.09873	supercritical
613.0	1376.0	743.87	0.0013443	553.01	737.98	1.8961	0.9827	1.405	771.19	-0.020207	7.7025e-05	0.09884	supercritical
613.0	1379.2	744.66	0.0013429	552.86	738.08	1.8955	0.98282	1.4049	772.14	-0.020299	7.7148e-05	0.098949	supercritical
613.0	1382.5	745.43	0.0013415	552.71	738.17	1.8949	0.98294	1.4049	773.1	-0.02039	7.7271e-05	0.099059	supercritical
613.0	1385.8	746.21	0.0013401	552.56	738.26	1.8944	0.98306	1.4048	774.05	-0.020481	7.7393e-05	0.099168	supercritical
613.0	1389.0	746.98	0.0013387	552.41	738.36	1.8938	0.98318	1.4048	775.0	-0.020572	7.7516e-05	0.099277	supercritical
613.0	1392.2	747.76	0.0013373	552.26	738.45	1.8933	0.9833	1.4048	775.95	-0.020662	7.7639e-05	0.099387	supercritical
613.0	1395.5	748.53	0.001336	552.11	738.54	1.8927	0.98341	1.4047	776.9	-0.020751	7.7761e-05	0.099496	supercritical
613.0	1398.8	749.29	0.0013346	551.96	738.64	1.8922	0.98353	1.4047	777.85	-0.02084	7.7883e-05	0.099605	supercritical
613.0	1402.0	750.06	0.0013332	551.82	738.73	1.8916	0.98365	1.4047	778.8	-0.020928	7.8006e-05	0.099714	supercritical
613.0	1405.2	750.82	0.0013319	551.67	738.83	1.8911	0.98377	1.4046	779.75	-0.021016	7.8128e-05	0.099823	supercritical
613.0	1408.5	751.59	0.0013305	551.52	738.93	1.8905	0.98389	1.4046	780.69	-0.021103	7.825e-05	0.099932	supercritical
613.0	1411.8	752.35	0.0013292	551.38	739.02	1.89	0.984	1.4046	781.64	-0.02119	7.8372e-05	0.10004	supercritical
613.0	1415.0	753.11	0.0013278	551.23	739.12	1.8894	0.98412	1.4045	782.58	-0.021276	7.8494e-05	0.10015	supercritical
613.0	1418.2	753.86	0.0013265	551.09	739.22	1.8889	0.98424	1.4045	783.52	-0.021362	7.8616e-05	0.10026	supercritical
613.0	1421.5	754.62	0.0013252	550.94	739.31	1.8883	0.98436	1.4044	784.46	-0.021448	7.8738e-05	0.10037	supercritical
613.0	1424.8	755.37	0.0013239	550.8	739.41	1.8878	0.98448	1.4044	785.4	-0.021533	7.886e-05	0.10048	supercritical
613.0	1428.0	756.12	0.0013225	550.65	739.51	1.8872	0.98459	1.4044	786.34	-0.021617	7.8981e-05	0.10058	supercritical
613.0	1431.2	756.87	0.0013212	550.51	739.61	1.8867	0.98471	1.4043	787.28	-0.021701	7.9103e-05	0.10069	supercritical
613.0	1434.5	757.62	0.0013199	550.37	739.71	1.8862	0.98483	1.4043	788.21	-0.021785	7.9225e-05	0.1008	supercritical
613.0	1437.8	758.36	0.0013186	550.22	739.81	1.8856	0.98495	1.4043	789.15	-0.021868	7.9346e-05	0.10091	supercritical
613.0	1441.0	759.1	0.0013173	550.08	739.91	1.8851	0.98506	1.4042	790.08	-0.02195	7.9467e-05	0.10102	supercritical
613.0	1444.2	759.84	0.0013161	549.94	740.01	1.8846	0.98518	1.4042	791.01	-0.022033	7.9589e-05	0.10113	supercritical
613.0	1447.5	760.58	0.0013148	549.8	740.11	1.884	0.9853	1.4042	791.95	-0.022114	7.971e-05	0.10123	supercritical
613.0	1450.8	761.32	0.0013135	549.65	740.21	1.8835	0.98542	1.4041	792.88	-0.022196	7.9831e-05	0.10134	supercritical
613.0	1454.0	762.06	0.0013122	549.51	740.31	1.883	0.98553	1.4041	793.81	-0.022276	7.9952e-05	0.10145	supercritical
613.0	1457.2	762.79	0.001311	549.37	740.41	1.8824	0.98565	1.4041	794.73	-0.022357	8.0073e-05	0.10156	supercritical
613.0	1460.5	763.52	0.0013097	549.23	740.52	1.8819	0.98577	1.404	795.66	-0.022437	8.0194e-05	0.10167	supercritical
613.0	1463.8	764.25	0.0013085	549.09	740.62	1.8814	0.98589	1.404	796.59	-0.022516	8.0315e-05	0.10177	supercritical
613.0	1467.0	764.98	0.0013072	548.95	740.72	1.8809	0.986	1.4039	797.51	-0.022595	8.0436e-05	0.10188	supercritical
613.0	1470.2	765.71	0.001306	548.81	740.83	1.8803	0.98612	1.4039	798.44	-0.022674	8.0557e-05	0.10199	supercritical
613.0	1473.5	766.43	0.0013047	548.68	740.93	1.8798	0.98624	1.4039	799.36	-0.022752	8.0677e-05	0.1021	supercritical
613.0	1476.8	767.16	0.0013035	548.54	741.03	1.8793	0.98636	1.4038	800.28	-0.02283	8.0798e-05	0.1022	supercritical
613.0	1480.0	767.88	0.0013023	548.4	741.14	1.8788	0.98647	1.4038	801.2	-0.022907	8.0918e-05	0.10231	supercritical
613.0	1483.2	768.6	0.0013011	548.26	741.24	1.8783	0.98659	1.4038	802.12	-0.022984	8.1039e-05	0.10242	supercritical
613.0	1486.5	769.32	0.0012999	548.12	741.35	1.8777	0.98671	1.4037	803.04	-0.023061	8.1159e-05	0.10253	supercritical
613.0	1489.8	770.03	0.0012986	547.99	741.45	1.8772	0.98682	1.4037	803.96	-0.023137	8.1279e-05	0.10264	supercritical
613.0	1493.0	770.75	0.0012974	547.85	741.56	1.8767	0.98694	1.4037	804.87	-0.023213	8.14e-05	0.10274	supercritical
613.0	1496.2	771.46	0.0012962	547.71	741.66	1.8762	0.98706	1.4036	805.79	-0.023288	8.152e-05	0.10285	supercritical
613.0	1499.5	772.17	0.0012951	547.58	741.77	1.8757	0.98718	1.4036	806.7	-0.023363	8.164e-05	0.10296	supercritical
613.0	1502.8	772.88	0.0012939	547.44	741.88	1.8752	0.98729	1.4036	807.61	-0.023437	8.176e-05	0.10306	supercritical
613.0	1506.0	773.59	0.0012927	547.31	741.98	1.8746	0.98741	1.4035	808.53	-0.023511	8.188e-05	0.10317	supercritical
613.0	1509.2	774.29	0.0012915	547.17	742.09	1.8741	0.98753	1.4035	809.44	-0.023585	8.2e-05	0.10328	supercritical
613.0	1512.5	775.0	0.0012903	547.04	742.2	1.8736	0.98764	1.4034	810.35	-0.023658	8.212e-05	0.10339	supercritical
613.0	1515.8	775.7	0.0012892	546.9	742.31	1.8731	0.98776	1.4034	811.25	-0.023731	8.2239e-05	0.10349	supercritical
613.0	1519.0	776.4	0.001288	546.77	742.42	1.8726	0.98788	1.4034	812.16	-0.023803	8.2359e-05	0.1036	supercritical
613.0	1522.2	777.1	0.0012868	546.64	742.53	1.8721	0.98799	1.4033	813.07	-0.023875	8.2479e-05	0.10371	supercritical
613.0	1525.5	777.8	0.0012857	546.5	742.63	1.8716	0.98811	1.4033	813.97	-0.023947	8.2598e-05	0.10381	supercritical
613.0	1528.8	778.49	0.0012845	546.37	742.74	1.8711	0.98823	1.4033	814.88	-0.024018	8.2718e-05	0.10392	supercritical
613.0	1532.0	779.19	0.0012834	546.24	742.85	1.8706	0.98834	1.4032	815.78	-0.024089	8.2837e-05	0.10403	supercritical
613.0	1535.2	779.88	0.0012823	546.11	742.96	1.8701	0.98846	1.4032	816.68	-0.02416	8.2956e-05	0.10414	supercritical
613.0	1538.5	780.57	0.0012811	545.97	743.07	1.8696	0.98858	1.4032	817.58	-0.02423	8.3076e-05	0.10424	supercritical
613.0	1541.8	781.26	0.00128	545.84	743.18	1.8691	0.98869	1.4031	818.48	-0.0243	8.3195e-05	0.10435	supercritical
613.0	1545.0	781.95	0.0012789	545.71	743.3	1.8686	0.98881	1.4031	819.38	-0.024369	8.3314e-05	0.10446	supercritical
613.0	1548.2	782.63	0.0012777	545.58	743.41	1.8681	0.98892	1.4031	820.28	-0.024438	8.3433e-05	0.10456	supercritical
613.0	1551.5	783.32	0.0012766	545.45	743.52	1.8676	0.98904	1.403	821.17	-0.024507	8.3552e-05	0.10467	supercritical
613.0	1554.8	784.0	0.0012755	545.32	743.63	1.8671	0.98916	1.403	822.07	-0.024575	8.3671e-05	0.10478	supercritical
613.0	1558.0	784.68	0.0012744	545.19	743.74	1.8666	0.98927	1.403	822.96	-0.024643	8.379e-05	0.10488	supercritical
613.0	1561.2	785.36	0.0012733	545.06	743.85	1.8661	0.98939	1.4029	823.85	-0.024711	8.3908e-05	0.10499	supercritical
613.0	1564.5	786.04	0.0012722	544.93	743.97	1.8656	0.98951	1.4029	824.75	-0.024778	8.4027e-05	0.10509	supercritical
613.0	1567.8	786.72	0.0012711	544.8	744.08	1.8652	0.98962	1.4029	825.64	-0.024845	8.4146e-05	0.1052	supercritical
613.0	1571.0	787.39	0.00127	544.67	744.19	1.8647	0.98974	1.4028	826.53	-0.024911	8.4264e-05	0.10531	supercritical
613.0	1574.2	788.06	0.0012689	544.55	744.31	1.8642	0.98985	1.4028	827.42	-0.024978	8.4383e-05	0.10541	supercritical
613.0	1577.5	788.74	0.0012679	544.42	744.42	1.8637	0.98997	1.4028	828.3	-0.025043	8.4501e-05	0.10552	supercritical
613.0	1580.8	789.41	0.0012668	544.29	744.54	1.8632	0.99009	1.4027	829.19	-0.025109	8.462e-05	0.10563	supercritical
613.0	1584.0	790.08	0.0012657	544.16	744.65	1.8627	0.9902	1.4027	830.08	-0.025174	8.4738e-05	0.10573	supercritical
613.0	1587.2	790.74	0.0012646	544.04	744.77	1.8622	0.99032	1.4027	830.96	-0.025239	8.4856e-05	0.10584	supercritical
613.0	1590.5	791.41	0.0012636	543.91	744.88	1.8618	0.99043	1.4026	831.84	-0.025303	8.4974e-05	0.10595	supercritical
613.0	1593.8	792.07	0.0012625	543.78	745.0	1.8613	0.99055	1.4026	832.73	-0.025367	8.5092e-05	0.10605	supercritical
613.0	1597.0	792.74	0.0012615	543.66	745.11	1.8608	0.99067	1.4026	833.61	-0.025431	8.521e-05	0.10616	supercritical
613.0	1600.2	793.4	0.0012604	543.53	745.23	1.8603	0.99078	1.4025	834.49	-0.025494	8.5328e-05	0.10626	supercritical
613.0	1603.5	794.06	0.0012594	543.41	745.34	1.8598	0.9909	1.4025	835.37	-0.025557	8.5446e-05	0.10637	supercritical
613.0	1606.8	794.72	0.0012583	543.28	745.46	1.8594	0.99101	1.4025	836.24	-0.02562	8.5564e-05	0.10648	supercritical
613.0	1610.0	795.37	0.0012573	543.16	745.58	1.8589	0.99113	1.4024	837.12	-0.025683	8.5682e-05	0.10658	supercritical
613.0	1613.2	796.03	0.0012562	543.03	745.7	1.8584	0.99124	1.4024	838.0	-0.025745	8.58e-05	0.10669	supercritical
613.0	1616.5	796.68	0.0012552	542.91	745.81	1.8579	0.99136	1.4024	838.87	-0.025806	8.5917e-05	0.10679	supercritical
613.0	1619.8	797.34	0.0012542	542.79	745.93	1.8575	0.99148	1.4023	839.74	-0.025868	8.6035e-05	0.1069	supercritical
613.0	1623.0	797.99	0.0012532	542.66	746.05	1.857	0.99159	1.4023	840.62	-0.025929	8.6153e-05	0.10701	supercritical
613.0	1626.2	798.64	0.0012521	542.54	746.17	1.8565	0.99171	1.4023	841.49	-0.02599	8.627e-05	0.10711	supercritical
613.0	1629.5	799.28	0.0012511	542.42	746.29	1.8561	0.99182	1.4023	842.36	-0.02605	8.6387e-05	0.10722	supercritical
613.0	1632.8	799.93	0.0012501	542.29	746.4	1.8556	0.99194	1.4022	843.23	-0.02611	8.6505e-05	0.10732	supercritical
613.0	1636.0	800.58	0.0012491	542.17	746.52	1.8551	0.99205	1.4022	844.1	-0.02617	8.6622e-05	0.10743	supercritical
613.0	1639.2	801.22	0.0012481	542.05	746.64	1.8546	0.99217	1.4022	844.96	-0.02623	8.6739e-05	0.10753	supercritical
613.0	1642.5	801.86	0.0012471	541.93	746.76	1.8542	0.99228	1.4021	845.83	-0.026289	8.6857e-05	0.10764	supercritical
613.0	1645.8	802.5	0.0012461	541.81	746.88	1.8537	0.9924	1.4021	846.7	-0.026348	8.6974e-05	0.10775	supercritical
613.0	1649.0	803.14	0.0012451	541.68	747.0	1.8533	0.99251	1.4021	847.56	-0.026407	8.7091e-05	0.10785	supercritical
613.0	1652.2	803.78	0.0012441	541.56	747.12	1.8528	0.99263	1.402	848.42	-0.026465	8.7208e-05	0.10796	supercritical
613.0	1655.5	804.42	0.0012431	541.44	747.24	1.8523	0.99274	1.402	849.28	-0.026523	8.7325e-05	0.10806	supercritical
613.0	1658.8	805.06	0.0012422	541.32	747.36	1.8519	0.99286	1.402	850.15	-0.026581	8.7441e-05	0.10817	supercritical
613.0	1662.0	805.69	0.0012412	541.2	747.49	1.8514	0.99297	1.402	851.01	-0.026638	8.7558e-05	0.10827	supercritical
613.0	1665.2	806.32	0.0012402	541.08	747.61	1.8509	0.99309	1.4019	851.86	-0.026695	8.7675e-05	0.10838	supercritical
613.0	1668.5	806.95	0.0012392	540.96	747.73	1.8505	0.9932	1.4019	852.72	-0.026752	8.7792e-05	0.10848	supercritical
613.0	1671.8	807.58	0.0012383	540.85	747.85	1.85	0.99332	1.4019	853.58	-0.026809	8.7908e-05	0.10859	supercritical
613.0	1675.0	808.21	0.0012373	540.73	747.97	1.8496	0.99343	1.4018	854.44	-0.026865	8.8025e-05	0.10869	supercritical
613.0	1678.2	808.84	0.0012363	540.61	748.1	1.8491	0.99355	1.4018	855.29	-0.026921	8.8141e-05	0.1088	supercritical
613.0	1681.5	809.47	0.0012354	540.49	748.22	1.8487	0.99366	1.4018	856.14	-0.026976	8.8258e-05	0.10891	supercritical
613.0	1684.8	810.09	0.0012344	540.37	748.34	1.8482	0.99378	1.4018	857.0	-0.027032	8.8374e-05	0.10901	supercritical
613.0	1688.0	810.72	0.0012335	540.25	748.47	1.8478	0.99389	1.4017	857.85	-0.027087	8.849e-05	0.10912	supercritical
613.0	1691.2	811.34	0.0012325	540.14	748.59	1.8473	0.99401	1.4017	858.7	-0.027142	8.8607e-05	0.10922	supercritical
613.0	1694.5	811.96	0.0012316	540.02	748.71	1.8468	0.99412	1.4017	859.55	-0.027196	8.8723e-05	0.10933	supercritical
613.0	1697.8	812.58	0.0012307	539.9	748.84	1.8464	0.99424	1.4016	860.4	-0.027251	8.8839e-05	0.10943	supercritical
613.0	1701.0	813.2	0.0012297	539.79	748.96	1.8459	0.99435	1.4016	861.25	-0.027305	8.8955e-05	0.10954	supercritical
613.0	1704.2	813.81	0.0012288	539.67	749.09	1.8455	0.99447	1.4016	862.09	-0.027358	8.9071e-05	0.10964	supercritical
613.0	1707.5	814.43	0.0012279	539.55	749.21	1.8451	0.99458	1.4016	862.94	-0.027412	8.9187e-05	0.10975	supercritical
613.0	1710.8	815.04	0.0012269	539.44	749.33	1.8446	0.9947	1.4015	863.78	-0.027465	8.9303e-05	0.10985	supercritical
613.0	1714.0	815.66	0.001226	539.32	749.46	1.8442	0.99481	1.4015	864.63	-0.027518	8.9419e-05	0.10996	supercritical
613.0	1717.2	816.27	0.0012251	539.21	749.59	1.8437	0.99493	1.4015	865.47	-0.02757	8.9535e-05	0.11006	supercritical
613.0	1720.5	816.88	0.0012242	539.09	749.71	1.8433	0.99504	1.4015	866.31	-0.027623	8.965e-05	0.11017	supercritical
613.0	1723.8	817.49	0.0012233	538.98	749.84	1.8428	0.99516	1.4014	867.15	-0.027675	8.9766e-05	0.11027	supercritical
613.0	1727.0	818.1	0.0012224	538.86	749.96	1.8424	0.99527	1.4014	867.99	-0.027727	8.9882e-05	0.11038	supercritical
613.0	1730.2	818.7	0.0012214	538.75	750.09	1.8419	0.99538	1.4014	868.83	-0.027778	8.9997e-05	0.11048	supercritical
613.0	1733.5	819.31	0.0012205	538.64	750.22	1.8415	0.9955	1.4013	869.67	-0.02783	9.0113e-05	0.11059	supercritical
613.0	1736.8	819.91	0.0012196	538.52	750.34	1.8411	0.99561	1.4013	870.5	-0.027881	9.0228e-05	0.11069	supercritical
613.0	1740.0	820.52	0.0012187	538.41	750.47	1.8406	0.99573	1.4013	871.34	-0.027932	9.0344e-05	0.1108	supercritical
613.0	1743.2	821.12	0.0012179	538.3	750.6	1.8402	0.99584	1.4013	872.17	-0.027982	9.0459e-05	0.1109	supercritical
613.0	1746.5	821.72	0.001217	538.18	750.73	1.8397	0.99596	1.4012	873.01	-0.028032	9.0574e-05	0.11101	supercritical
613.0	1749.8	822.32	0.0012161	538.07	750.85	1.8393	0.99607	1.4012	873.84	-0.028082	9.069e-05	0.11111	supercritical
613.0	1753.0	822.92	0.0012152	537.96	750.98	1.8389	0.99618	1.4012	874.67	-0.028132	9.0805e-05	0.11122	supercritical
613.0	1756.2	823.51	0.0012143	537.85	751.11	1.8384	0.9963	1.4012	875.5	-0.028182	9.092e-05	0.11132	supercritical
613.0	1759.5	824.11	0.0012134	537.73	751.24	1.838	0.99641	1.4011	876.33	-0.028231	9.1035e-05	0.11143	supercritical
613.0	1762.8	824.7	0.0012126	537.62	751.37	1.8376	0.99653	1.4011	877.16	-0.02828	9.115e-05	0.11153	supercritical
613.0	1766.0	825.3	0.0012117	537.51	751.5	1.8371	0.99664	1.4011	877.99	-0.028329	9.1265e-05	0.11164	supercritical
613.0	1769.2	825.89	0.0012108	537.4	751.62	1.8367	0.99676	1.4011	878.81	-0.028378	9.138e-05	0.11174	supercritical
613.0	1772.5	826.48	0.00121	537.29	751.75	1.8363	0.99687	1.4011	879.64	-0.028426	9.1495e-05	0.11185	supercritical
613.0	1775.8	827.07	0.0012091	537.18	751.88	1.8358	0.99698	1.401	880.46	-0.028474	9.161e-05	0.11195	supercritical
613.0	1779.0	827.66	0.0012082	537.07	752.01	1.8354	0.9971	1.401	881.29	-0.028522	9.1724e-05	0.11205	supercritical
613.0	1782.2	828.24	0.0012074	536.96	752.14	1.835	0.99721	1.401	882.11	-0.028569	9.1839e-05	0.11216	supercritical
613.0	1785.5	828.83	0.0012065	536.85	752.27	1.8346	0.99732	1.401	882.93	-0.028617	9.1954e-05	0.11226	supercritical
613.0	1788.8	829.42	0.0012057	536.74	752.4	1.8341	0.99744	1.4009	883.75	-0.028664	9.2068e-05	0.11237	supercritical
613.0	1792.0	830.0	0.0012048	536.63	752.53	1.8337	0.99755	1.4009	884.57	-0.028711	9.2183e-05	0.11247	supercritical
613.0	1795.2	830.58	0.001204	536.52	752.66	1.8333	0.99767	1.4009	885.39	-0.028758	9.2297e-05	0.11258	supercritical
613.0	1798.5	831.16	0.0012031	536.41	752.8	1.8329	0.99778	1.4009	886.21	-0.028804	9.2412e-05	0.11268	supercritical
613.0	1801.8	831.74	0.0012023	536.3	752.93	1.8324	0.99789	1.4008	887.03	-0.02885	9.2526e-05	0.11279	supercritical
613.0	1805.0	832.32	0.0012015	536.2	753.06	1.832	0.99801	1.4008	887.84	-0.028896	9.264e-05	0.11289	supercritical
613.0	1808.2	832.9	0.0012006	536.09	753.19	1.8316	0.99812	1.4008	888.66	-0.028942	9.2755e-05	0.113	supercritical
613.0	1811.5	833.48	0.0011998	535.98	753.32	1.8312	0.99823	1.4008	889.47	-0.028988	9.2869e-05	0.1131	supercritical
613.0	1814.8	834.05	0.001199	535.87	753.45	1.8308	0.99835	1.4008	890.28	-0.029033	9.2983e-05	0.11321	supercritical
613.0	1818.0	834.63	0.0011981	535.77	753.59	1.8303	0.99846	1.4007	891.1	-0.029078	9.3097e-05	0.11331	supercritical
613.0	1821.2	835.2	0.0011973	535.66	753.72	1.8299	0.99858	1.4007	891.91	-0.029123	9.3211e-05	0.11341	supercritical
613.0	1824.5	835.78	0.0011965	535.55	753.85	1.8295	0.99869	1.4007	892.72	-0.029168	9.3325e-05	0.11352	supercritical
613.0	1827.8	836.35	0.0011957	535.44	753.98	1.8291	0.9988	1.4007	893.53	-0.029212	9.3439e-05	0.11362	supercritical
613.0	1831.0	836.92	0.0011949	535.34	754.12	1.8287	0.99892	1.4006	894.34	-0.029256	9.3553e-05	0.11373	supercritical
613.0	1834.2	837.49	0.001194	535.23	754.25	1.8282	0.99903	1.4006	895.14	-0.0293	9.3667e-05	0.11383	supercritical
613.0	1837.5	838.05	0.0011932	535.13	754.38	1.8278	0.99914	1.4006	895.95	-0.029344	9.3781e-05	0.11394	supercritical
613.0	1840.8	838.62	0.0011924	535.02	754.52	1.8274	0.99926	1.4006	896.75	-0.029388	9.3895e-05	0.11404	supercritical
613.0	1844.0	839.19	0.0011916	534.92	754.65	1.827	0.99937	1.4006	897.56	-0.029431	9.4009e-05	0.11415	supercritical
613.0	1847.2	839.75	0.0011908	534.81	754.79	1.8266	0.99948	1.4005	898.36	-0.029474	9.4122e-05	0.11425	supercritical
613.0	1850.5	840.32	0.00119	534.71	754.92	1.8262	0.9996	1.4005	899.17	-0.029517	9.4236e-05	0.11435	supercritical
613.0	1853.8	840.88	0.0011892	534.6	755.05	1.8258	0.99971	1.4005	899.97	-0.02956	9.4349e-05	0.11446	supercritical
613.0	1857.0	841.44	0.0011884	534.5	755.19	1.8254	0.99982	1.4005	900.77	-0.029603	9.4463e-05	0.11456	supercritical
613.0	1860.2	842.0	0.0011876	534.39	755.32	1.8249	0.99994	1.4005	901.57	-0.029645	9.4576e-05	0.11467	supercritical
613.0	1863.5	842.56	0.0011869	534.29	755.46	1.8245	1.0	1.4004	902.37	-0.029687	9.469e-05	0.11477	supercritical
613.0	1866.8	843.12	0.0011861	534.18	755.59	1.8241	1.0002	1.4004	903.17	-0.029729	9.4803e-05	0.11488	supercritical
613.0	1870.0	843.68	0.0011853	534.08	755.73	1.8237	1.0003	1.4004	903.96	-0.029771	9.4917e-05	0.11498	supercritical
613.0	1873.2	844.23	0.0011845	533.98	755.87	1.8233	1.0004	1.4004	904.76	-0.029813	9.503e-05	0.11509	supercritical
613.0	1876.5	844.79	0.0011837	533.87	756.0	1.8229	1.0005	1.4004	905.55	-0.029854	9.5143e-05	0.11519	supercritical
613.0	1879.8	845.34	0.001183	533.77	756.14	1.8225	1.0006	1.4003	906.35	-0.029895	9.5256e-05	0.11529	supercritical
613.0	1883.0	845.9	0.0011822	533.67	756.27	1.8221	1.0007	1.4003	907.14	-0.029936	9.5369e-05	0.1154	supercritical
613.0	1886.2	846.45	0.0011814	533.57	756.41	1.8217	1.0008	1.4003	907.93	-0.029977	9.5483e-05	0.1155	supercritical
613.0	1889.5	847.0	0.0011806	533.46	756.55	1.8213	1.001	1.4003	908.73	-0.030017	9.5596e-05	0.11561	supercritical
613.0	1892.8	847.55	0.0011799	533.36	756.68	1.8209	1.0011	1.4003	909.52	-0.030058	9.5709e-05	0.11571	supercritical
613.0	1896.0	848.1	0.0011791	533.26	756.82	1.8205	1.0012	1.4003	910.31	-0.030098	9.5822e-05	0.11582	supercritical
613.0	1899.2	848.65	0.0011783	533.16	756.96	1.8201	1.0013	1.4002	911.1	-0.030138	9.5934e-05	0.11592	supercritical
613.0	1902.5	849.19	0.0011776	533.06	757.09	1.8197	1.0014	1.4002	911.88	-0.030178	9.6047e-05	0.11602	supercritical
613.0	1905.8	849.74	0.0011768	532.96	757.23	1.8193	1.0015	1.4002	912.67	-0.030218	9.616e-05	0.11613	supercritical
613.0	1909.0	850.28	0.0011761	532.86	757.37	1.8189	1.0016	1.4002	913.46	-0.030257	9.6273e-05	0.11623	supercritical
613.0	1912.2	850.83	0.0011753	532.76	757.51	1.8185	1.0017	1.4002	914.24	-0.030296	9.6386e-05	0.11634	supercritical
613.0	1915.5	851.37	0.0011746	532.65	757.64	1.8181	1.0019	1.4002	915.03	-0.030335	9.6498e-05	0.11644	supercritical
613.0	1918.8	851.91	0.0011738	532.55	757.78	1.8177	1.002	1.4001	915.81	-0.030374	9.6611e-05	0.11655	supercritical
613.0	1922.0	852.45	0.0011731	532.45	757.92	1.8173	1.0021	1.4001	916.59	-0.030413	9.6724e-05	0.11665	supercritical
613.0	1925.2	852.99	0.0011723	532.35	758.06	1.8169	1.0022	1.4001	917.37	-0.030451	9.6836e-05	0.11675	supercritical
613.0	1928.5	853.53	0.0011716	532.26	758.2	1.8165	1.0023	1.4001	918.16	-0.03049	9.6949e-05	0.11686	supercritical
613.0	1931.8	854.07	0.0011709	532.16	758.34	1.8161	1.0024	1.4001	918.94	-0.030528	9.7061e-05	0.11696	supercritical
613.0	1935.0	854.61	0.0011701	532.06	758.48	1.8157	1.0025	1.4001	919.71	-0.030566	9.7174e-05	0.11707	supercritical
613.0	1938.2	855.14	0.0011694	531.96	758.62	1.8153	1.0026	1.4	920.49	-0.030604	9.7286e-05	0.11717	supercritical
613.0	1941.5	855.68	0.0011687	531.86	758.75	1.8149	1.0028	1.4	921.27	-0.030641	9.7398e-05	0.11727	supercritical
613.0	1944.8	856.21	0.0011679	531.76	758.89	1.8145	1.0029	1.4	922.05	-0.030679	9.7511e-05	0.11738	supercritical
613.0	1948.0	856.75	0.0011672	531.66	759.03	1.8141	1.003	1.4	922.82	-0.030716	9.7623e-05	0.11748	supercritical
613.0	1951.2	857.28	0.0011665	531.56	759.17	1.8138	1.0031	1.4	923.6	-0.030753	9.7735e-05	0.11759	supercritical
613.0	1954.5	857.81	0.0011658	531.47	759.31	1.8134	1.0032	1.4	924.37	-0.03079	9.7847e-05	0.11769	supercritical
613.0	1957.8	858.34	0.001165	531.37	759.45	1.813	1.0033	1.3999	925.14	-0.030827	9.7959e-05	0.1178	supercritical
613.0	1961.0	858.87	0.0011643	531.27	759.59	1.8126	1.0034	1.3999	925.92	-0.030864	9.8071e-05	0.1179	supercritical
613.0	1964.2	859.4	0.0011636	531.17	759.73	1.8122	1.0035	1.3999	926.69	-0.0309	9.8183e-05	0.118	supercritical
613.0	1967.5	859.93	0.0011629	531.08	759.88	1.8118	1.0037	1.3999	927.46	-0.030936	9.8295e-05	0.11811	supercritical
613.0	1970.8	860.45	0.0011622	530.98	760.02	1.8114	1.0038	1.3999	928.23	-0.030973	9.8407e-05	0.11821	supercritical
613.0	1974.0	860.98	0.0011615	530.88	760.16	1.811	1.0039	1.3999	929.0	-0.031008	9.8519e-05	0.11832	supercritical
613.0	1977.2	861.5	0.0011608	530.79	760.3	1.8107	1.004	1.3999	929.76	-0.031044	9.8631e-05	0.11842	supercritical
613.0	1980.5	862.03	0.0011601	530.69	760.44	1.8103	1.0041	1.3998	930.53	-0.03108	9.8743e-05	0.11852	supercritical
613.0	1983.8	862.55	0.0011594	530.59	760.58	1.8099	1.0042	1.3998	931.3	-0.031115	9.8855e-05	0.11863	supercritical
613.0	1987.0	863.07	0.0011587	530.5	760.72	1.8095	1.0043	1.3998	932.06	-0.031151	9.8966e-05	0.11873	supercritical
613.0	1990.2	863.59	0.001158	530.4	760.86	1.8091	1.0044	1.3998	932.83	-0.031186	9.9078e-05	0.11884	supercritical
613.0	1993.5	864.11	0.0011573	530.31	761.01	1.8087	1.0045	1.3998	933.59	-0.031221	9.919e-05	0.11894	supercritical
613.0	1996.8	864.63	0.0011566	530.21	761.15	1.8084	1.0047	1.3998	934.35	-0.031256	9.9301e-05	0.11905	supercritical
613.0	2000.0	865.15	0.0011559	530.12	761.29	1.808	1.0048	1.3998	935.12	-0.03129	9.9413e-05	0.11915	supercritical
