Temperature (K)	Pressure (bar)	Density (kg/m3)	Volume (m3/kg)	Internal Energy (kJ/kg)	Enthalpy (kJ/kg)	Entropy (J/g*K)	Cv (J/g*K)	Cp (J/g*K)	Sound Spd. (m/s)	Joule-Thomson (K/bar)	Viscosity (Pa*s)	Therm. Cond. (W/m*K)	Phase
434.0	56.5	74.368	0.013447	529.43	605.4	2.2759	0.80786	1.0982	309.73	0.41167	2.217e-05	0.030235	vapor
434.0	59.75	78.992	0.012659	528.29	603.93	2.2627	0.80965	1.1071	309.34	0.4096	2.2251e-05	0.030426	vapor
434.0	63.0	83.656	0.011954	527.15	602.46	2.2501	0.81143	1.1162	308.97	0.40746	2.2335e-05	0.030622	vapor
434.0	66.25	88.358	0.011318	526.0	600.98	2.238	0.81321	1.1254	308.62	0.40525	2.2421e-05	0.030822	vapor
434.0	69.5	93.1	0.010741	524.84	599.49	2.2263	0.81499	1.1347	308.29	0.40298	2.251e-05	0.031027	vapor
434.0	72.75	97.88	0.010217	523.68	598.0	2.2151	0.81677	1.1442	307.99	0.40063	2.2602e-05	0.031236	vapor
434.0	76.0	102.7	0.0097372	522.51	596.51	2.2042	0.81855	1.1538	307.71	0.39822	2.2697e-05	0.031449	vapor
434.0	76.0	102.7	0.0097372	522.51	596.51	2.2042	0.81855	1.1538	307.71	0.39822	2.2697e-05	0.031449	supercritical
434.0	76.0	102.7	0.0097372	522.51	596.51	2.2042	0.81855	1.1538	307.71	0.39822	2.2697e-05	0.031449	supercritical
434.0	79.25	107.56	0.0092974	521.34	595.02	2.1936	0.82032	1.1636	307.45	0.39573	2.2795e-05	0.031667	supercritical
434.0	82.5	112.45	0.0088926	520.16	593.52	2.1833	0.82209	1.1735	307.21	0.39318	2.2897e-05	0.031891	supercritical
434.0	85.75	117.39	0.0085187	518.97	592.02	2.1734	0.82385	1.1836	307.0	0.39055	2.3001e-05	0.032119	supercritical
434.0	89.0	122.36	0.0081725	517.78	590.51	2.1636	0.82561	1.1937	306.82	0.38785	2.3109e-05	0.032352	supercritical
434.0	92.25	127.37	0.007851	516.58	589.01	2.1542	0.82736	1.2041	306.67	0.38508	2.322e-05	0.03259	supercritical
434.0	95.5	132.42	0.0075518	515.38	587.5	2.1449	0.8291	1.2145	306.54	0.38223	2.3335e-05	0.032833	supercritical
434.0	98.75	137.5	0.0072725	514.18	585.99	2.1359	0.83083	1.225	306.44	0.37932	2.3453e-05	0.033081	supercritical
434.0	102.0	142.63	0.0070114	512.96	584.48	2.1271	0.83256	1.2357	306.37	0.37633	2.3575e-05	0.033335	supercritical
434.0	105.25	147.78	0.0067667	511.75	582.97	2.1184	0.83427	1.2464	306.33	0.37327	2.37e-05	0.033595	supercritical
434.0	108.5	152.97	0.0065371	510.53	581.46	2.11	0.83597	1.2573	306.33	0.37015	2.383e-05	0.033859	supercritical
434.0	111.75	158.2	0.0063211	509.31	579.94	2.1017	0.83766	1.2682	306.35	0.36695	2.3963e-05	0.03413	supercritical
434.0	115.0	163.46	0.0061177	508.08	578.43	2.0935	0.83934	1.2793	306.41	0.36369	2.41e-05	0.034406	supercritical
434.0	118.25	168.75	0.0059259	506.85	576.92	2.0855	0.841	1.2904	306.51	0.36036	2.4241e-05	0.034687	supercritical
434.0	121.5	174.07	0.0057447	505.61	575.41	2.0777	0.84265	1.3015	306.64	0.35697	2.4386e-05	0.034974	supercritical
434.0	124.75	179.43	0.0055733	504.37	573.9	2.07	0.84428	1.3128	306.8	0.35351	2.4535e-05	0.035267	supercritical
434.0	128.0	184.81	0.0054109	503.13	572.39	2.0624	0.84589	1.324	307.0	0.35	2.4689e-05	0.035565	supercritical
434.0	131.25	190.22	0.005257	501.89	570.89	2.0549	0.84749	1.3354	307.24	0.34642	2.4847e-05	0.035869	supercritical
434.0	134.5	195.66	0.0051109	500.65	569.39	2.0476	0.84907	1.3467	307.52	0.34279	2.5009e-05	0.036179	supercritical
434.0	137.75	201.12	0.0049721	499.4	567.89	2.0404	0.85062	1.3581	307.84	0.3391	2.5175e-05	0.036494	supercritical
434.0	141.0	206.61	0.00484	498.15	566.39	2.0332	0.85216	1.3694	308.19	0.33536	2.5346e-05	0.036815	supercritical
434.0	144.25	212.12	0.0047143	496.9	564.9	2.0262	0.85367	1.3808	308.59	0.33157	2.5521e-05	0.037141	supercritical
434.0	147.5	217.65	0.0045945	495.65	563.42	2.0193	0.85517	1.3921	309.03	0.32773	2.5701e-05	0.037472	supercritical
434.0	150.75	223.2	0.0044803	494.4	561.94	2.0125	0.85664	1.4034	309.51	0.32385	2.5885e-05	0.037809	supercritical
434.0	154.0	228.77	0.0043713	493.15	560.46	2.0058	0.85808	1.4146	310.03	0.31992	2.6074e-05	0.038151	supercritical
434.0	157.25	234.35	0.0042672	491.9	559.0	1.9992	0.85951	1.4258	310.6	0.31596	2.6268e-05	0.038498	supercritical
434.0	160.5	239.94	0.0041677	490.64	557.54	1.9927	0.8609	1.4369	311.2	0.31197	2.6466e-05	0.03885	supercritical
434.0	163.75	245.55	0.0040725	489.4	556.08	1.9862	0.86227	1.4479	311.86	0.30794	2.6668e-05	0.039207	supercritical
434.0	167.0	251.16	0.0039815	488.15	554.64	1.9799	0.86362	1.4588	312.55	0.30388	2.6875e-05	0.039569	supercritical
434.0	170.25	256.79	0.0038943	486.9	553.2	1.9736	0.86493	1.4696	313.29	0.2998	2.7087e-05	0.039935	supercritical
434.0	173.5	262.42	0.0038108	485.66	551.77	1.9675	0.86622	1.4803	314.08	0.2957	2.7303e-05	0.040305	supercritical
434.0	176.75	268.05	0.0037307	484.42	550.36	1.9614	0.86749	1.4908	314.91	0.29158	2.7523e-05	0.04068	supercritical
434.0	180.0	273.68	0.0036539	483.18	548.95	1.9554	0.86872	1.5011	315.78	0.28744	2.7748e-05	0.041058	supercritical
434.0	183.25	279.31	0.0035803	481.94	547.55	1.9494	0.86992	1.5113	316.7	0.28329	2.7978e-05	0.04144	supercritical
434.0	186.5	284.94	0.0035095	480.71	546.17	1.9436	0.8711	1.5214	317.67	0.27914	2.8212e-05	0.041826	supercritical
434.0	189.75	290.56	0.0034416	479.49	544.79	1.9378	0.87225	1.5312	318.67	0.27498	2.845e-05	0.042215	supercritical
434.0	193.0	296.17	0.0033764	478.26	543.43	1.9321	0.87336	1.5408	319.73	0.27082	2.8692e-05	0.042607	supercritical
434.0	196.25	301.78	0.0033137	477.05	542.08	1.9265	0.87445	1.5502	320.83	0.26666	2.8939e-05	0.043002	supercritical
434.0	199.5	307.37	0.0032534	475.84	540.74	1.921	0.87551	1.5594	321.97	0.26251	2.9189e-05	0.0434	supercritical
434.0	202.75	312.94	0.0031955	474.63	539.42	1.9155	0.87654	1.5683	323.15	0.25837	2.9444e-05	0.0438	supercritical
434.0	206.0	318.5	0.0031397	473.43	538.11	1.9101	0.87754	1.577	324.38	0.25424	2.9702e-05	0.044203	supercritical
434.0	209.25	324.04	0.003086	472.24	536.81	1.9048	0.87851	1.5855	325.65	0.25013	2.9965e-05	0.044607	supercritical
434.0	212.5	329.56	0.0030343	471.05	535.53	1.8996	0.87945	1.5937	326.96	0.24604	3.0231e-05	0.045013	supercritical
434.0	215.75	335.06	0.0029845	469.87	534.26	1.8944	0.88036	1.6016	328.32	0.24197	3.0501e-05	0.045421	supercritical
434.0	219.0	340.53	0.0029366	468.7	533.01	1.8893	0.88124	1.6093	329.71	0.23792	3.0774e-05	0.04583	supercritical
434.0	222.25	345.98	0.0028903	467.54	531.78	1.8842	0.8821	1.6167	331.14	0.2339	3.105e-05	0.04624	supercritical
434.0	225.5	351.4	0.0028458	466.38	530.55	1.8793	0.88292	1.6238	332.62	0.22992	3.133e-05	0.046651	supercritical
434.0	228.75	356.78	0.0028028	465.23	529.35	1.8744	0.88372	1.6306	334.13	0.22596	3.1613e-05	0.047062	supercritical
434.0	232.0	362.14	0.0027614	464.1	528.16	1.8696	0.88449	1.6372	335.67	0.22205	3.1899e-05	0.047474	supercritical
434.0	235.25	367.46	0.0027214	462.97	526.99	1.8648	0.88524	1.6434	337.26	0.21817	3.2188e-05	0.047887	supercritical
434.0	238.5	372.75	0.0026828	461.85	525.83	1.8601	0.88596	1.6494	338.87	0.21433	3.2479e-05	0.048299	supercritical
434.0	241.75	378.0	0.0026455	460.73	524.69	1.8555	0.88665	1.6551	340.53	0.21053	3.2774e-05	0.048711	supercritical
434.0	245.0	383.21	0.0026095	459.63	523.56	1.8509	0.88732	1.6606	342.21	0.20677	3.307e-05	0.049123	supercritical
434.0	248.25	388.39	0.0025748	458.54	522.46	1.8464	0.88796	1.6657	343.93	0.20306	3.3369e-05	0.049535	supercritical
434.0	251.5	393.52	0.0025412	457.46	521.37	1.842	0.88858	1.6706	345.68	0.19939	3.3671e-05	0.049946	supercritical
434.0	254.75	398.61	0.0025087	456.38	520.29	1.8377	0.88918	1.6752	347.46	0.19577	3.3974e-05	0.050356	supercritical
434.0	258.0	403.66	0.0024773	455.32	519.23	1.8334	0.88975	1.6796	349.27	0.1922	3.4279e-05	0.050765	supercritical
434.0	261.25	408.67	0.002447	454.27	518.19	1.8291	0.8903	1.6836	351.1	0.18868	3.4587e-05	0.051173	supercritical
434.0	264.5	413.63	0.0024176	453.22	517.17	1.8249	0.89083	1.6875	352.97	0.18521	3.4896e-05	0.05158	supercritical
434.0	267.75	418.55	0.0023892	452.19	516.16	1.8208	0.89134	1.691	354.86	0.18179	3.5206e-05	0.051986	supercritical
434.0	271.0	423.43	0.0023617	451.17	515.17	1.8167	0.89183	1.6944	356.77	0.17842	3.5518e-05	0.05239	supercritical
434.0	274.25	428.25	0.0023351	450.16	514.2	1.8127	0.8923	1.6975	358.71	0.1751	3.5831e-05	0.052793	supercritical
434.0	277.5	433.04	0.0023093	449.16	513.24	1.8088	0.89275	1.7003	360.67	0.17184	3.6146e-05	0.053194	supercritical
434.0	280.75	437.77	0.0022843	448.17	512.3	1.8049	0.89319	1.7029	362.66	0.16862	3.6461e-05	0.053594	supercritical
434.0	284.0	442.46	0.0022601	447.19	511.37	1.8011	0.8936	1.7053	364.67	0.16546	3.6778e-05	0.053992	supercritical
434.0	287.25	447.1	0.0022366	446.22	510.46	1.7973	0.894	1.7075	366.69	0.16235	3.7095e-05	0.054388	supercritical
434.0	290.5	451.69	0.0022139	445.26	509.57	1.7936	0.89439	1.7095	368.74	0.15929	3.7413e-05	0.054781	supercritical
434.0	293.75	456.24	0.0021919	444.31	508.69	1.7899	0.89475	1.7112	370.8	0.15628	3.7732e-05	0.055173	supercritical
434.0	297.0	460.73	0.0021705	443.37	507.83	1.7863	0.89511	1.7128	372.89	0.15332	3.8051e-05	0.055563	supercritical
434.0	300.25	465.18	0.0021497	442.44	506.99	1.7827	0.89545	1.7142	374.98	0.15042	3.8371e-05	0.055951	supercritical
434.0	303.5	469.58	0.0021296	441.52	506.16	1.7792	0.89578	1.7154	377.1	0.14756	3.8691e-05	0.056337	supercritical
434.0	306.75	473.93	0.00211	440.62	505.34	1.7757	0.89609	1.7164	379.23	0.14476	3.9012e-05	0.05672	supercritical
434.0	310.0	478.24	0.002091	439.72	504.54	1.7723	0.89639	1.7173	381.38	0.142	3.9333e-05	0.057102	supercritical
434.0	313.25	482.5	0.0020726	438.83	503.76	1.769	0.89668	1.7179	383.53	0.13929	3.9653e-05	0.057481	supercritical
434.0	316.5	486.7	0.0020546	437.96	502.99	1.7656	0.89696	1.7185	385.7	0.13664	3.9974e-05	0.057857	supercritical
434.0	319.75	490.87	0.0020372	437.09	502.23	1.7624	0.89723	1.7189	387.89	0.13403	4.0295e-05	0.058232	supercritical
434.0	323.0	494.98	0.0020203	436.23	501.49	1.7591	0.89749	1.7191	390.08	0.13147	4.0615e-05	0.058604	supercritical
434.0	326.25	499.05	0.0020038	435.39	500.76	1.7559	0.89774	1.7192	392.29	0.12895	4.0935e-05	0.058974	supercritical
434.0	329.5	503.07	0.0019878	434.55	500.05	1.7528	0.89798	1.7192	394.5	0.12649	4.1256e-05	0.059341	supercritical
434.0	332.75	507.05	0.0019722	433.72	499.35	1.7497	0.89821	1.7191	396.72	0.12407	4.1575e-05	0.059707	supercritical
434.0	336.0	510.97	0.001957	432.9	498.66	1.7467	0.89843	1.7189	398.95	0.12169	4.1894e-05	0.060069	supercritical
434.0	339.25	514.86	0.0019423	432.1	497.99	1.7436	0.89865	1.7185	401.19	0.11936	4.2213e-05	0.06043	supercritical
434.0	342.5	518.7	0.0019279	431.3	497.33	1.7407	0.89886	1.7181	403.44	0.11708	4.2532e-05	0.060788	supercritical
434.0	345.75	522.49	0.0019139	430.51	496.68	1.7377	0.89906	1.7175	405.69	0.11484	4.2849e-05	0.061144	supercritical
434.0	349.0	526.24	0.0019003	429.73	496.05	1.7349	0.89926	1.7169	407.94	0.11264	4.3166e-05	0.061497	supercritical
434.0	352.25	529.95	0.001887	428.95	495.42	1.732	0.89945	1.7162	410.2	0.11048	4.3483e-05	0.061848	supercritical
434.0	355.5	533.61	0.001874	428.19	494.81	1.7292	0.89963	1.7154	412.47	0.10837	4.3799e-05	0.062197	supercritical
434.0	358.75	537.23	0.0018614	427.44	494.21	1.7264	0.89981	1.7145	414.74	0.10629	4.4114e-05	0.062544	supercritical
434.0	362.0	540.81	0.0018491	426.69	493.63	1.7237	0.89998	1.7136	417.01	0.10426	4.4428e-05	0.062888	supercritical
434.0	365.25	544.35	0.001837	425.95	493.05	1.721	0.90015	1.7126	419.28	0.10227	4.4742e-05	0.06323	supercritical
434.0	368.5	547.85	0.0018253	425.23	492.49	1.7183	0.90032	1.7115	421.56	0.10032	4.5054e-05	0.06357	supercritical
434.0	371.75	551.3	0.0018139	424.51	491.94	1.7157	0.90048	1.7104	423.84	0.0984	4.5366e-05	0.063907	supercritical
434.0	375.0	554.72	0.0018027	423.79	491.4	1.7131	0.90064	1.7092	426.11	0.096523	4.5677e-05	0.064243	supercritical
434.0	378.25	558.1	0.0017918	423.09	490.86	1.7105	0.90079	1.708	428.39	0.094682	4.5987e-05	0.064576	supercritical
434.0	381.5	561.44	0.0017811	422.39	490.34	1.708	0.90094	1.7068	430.67	0.092878	4.6296e-05	0.064907	supercritical
434.0	384.75	564.74	0.0017707	421.71	489.83	1.7055	0.90109	1.7055	432.95	0.091109	4.6604e-05	0.065235	supercritical
434.0	388.0	568.0	0.0017606	421.02	489.33	1.703	0.90124	1.7042	435.22	0.089376	4.6911e-05	0.065562	supercritical
434.0	391.25	571.23	0.0017506	420.35	488.84	1.7005	0.90138	1.7028	437.5	0.087676	4.7217e-05	0.065887	supercritical
434.0	394.5	574.42	0.0017409	419.69	488.36	1.6981	0.90152	1.7014	439.77	0.08601	4.7523e-05	0.066209	supercritical
434.0	397.75	577.57	0.0017314	419.03	487.89	1.6957	0.90166	1.7	442.04	0.084377	4.7827e-05	0.06653	supercritical
434.0	401.0	580.69	0.0017221	418.38	487.43	1.6934	0.90179	1.6986	444.31	0.082775	4.813e-05	0.066849	supercritical
434.0	404.25	583.77	0.001713	417.73	486.98	1.691	0.90193	1.6971	446.58	0.081206	4.8432e-05	0.067165	supercritical
434.0	407.5	586.82	0.0017041	417.09	486.54	1.6887	0.90206	1.6957	448.84	0.079666	4.8733e-05	0.06748	supercritical
434.0	410.75	589.84	0.0016954	416.46	486.1	1.6865	0.90219	1.6942	451.1	0.078157	4.9033e-05	0.067792	supercritical
434.0	414.0	592.82	0.0016869	415.84	485.67	1.6842	0.90232	1.6927	453.35	0.076678	4.9332e-05	0.068103	supercritical
434.0	417.25	595.77	0.0016785	415.22	485.26	1.682	0.90245	1.6912	455.6	0.075226	4.963e-05	0.068412	supercritical
434.0	420.5	598.69	0.0016703	414.61	484.85	1.6798	0.90257	1.6897	457.85	0.073803	4.9927e-05	0.068719	supercritical
434.0	423.75	601.58	0.0016623	414.01	484.45	1.6776	0.9027	1.6881	460.1	0.072408	5.0223e-05	0.069024	supercritical
434.0	427.0	604.43	0.0016544	413.41	484.05	1.6755	0.90282	1.6866	462.33	0.071039	5.0517e-05	0.069328	supercritical
434.0	430.25	607.26	0.0016468	412.82	483.67	1.6734	0.90294	1.685	464.57	0.069696	5.0811e-05	0.069629	supercritical
434.0	433.5	610.05	0.0016392	412.23	483.29	1.6713	0.90307	1.6835	466.8	0.068379	5.1104e-05	0.069929	supercritical
434.0	436.75	612.82	0.0016318	411.65	482.92	1.6692	0.90319	1.6819	469.02	0.067086	5.1395e-05	0.070227	supercritical
434.0	440.0	615.55	0.0016246	411.08	482.56	1.6671	0.90331	1.6804	471.24	0.065818	5.1686e-05	0.070524	supercritical
434.0	443.25	618.26	0.0016174	410.51	482.2	1.6651	0.90343	1.6788	473.46	0.064573	5.1975e-05	0.070819	supercritical
434.0	446.5	620.94	0.0016105	409.94	481.85	1.6631	0.90355	1.6773	475.67	0.063352	5.2263e-05	0.071112	supercritical
434.0	449.75	623.6	0.0016036	409.39	481.51	1.6611	0.90367	1.6757	477.87	0.062153	5.2551e-05	0.071403	supercritical
434.0	453.0	626.22	0.0015969	408.84	481.17	1.6591	0.90379	1.6741	480.07	0.060976	5.2837e-05	0.071693	supercritical
434.0	456.25	628.82	0.0015903	408.29	480.85	1.6572	0.9039	1.6726	482.26	0.059821	5.3122e-05	0.071981	supercritical
434.0	459.5	631.39	0.0015838	407.75	480.52	1.6552	0.90402	1.671	484.45	0.058687	5.3406e-05	0.072268	supercritical
434.0	462.75	633.94	0.0015774	407.21	480.21	1.6533	0.90414	1.6695	486.63	0.057573	5.3689e-05	0.072553	supercritical
434.0	466.0	636.46	0.0015712	406.68	479.9	1.6514	0.90426	1.6679	488.81	0.056479	5.3971e-05	0.072837	supercritical
434.0	469.25	638.96	0.001565	406.16	479.6	1.6496	0.90437	1.6664	490.98	0.055404	5.4252e-05	0.073119	supercritical
434.0	472.5	641.43	0.001559	405.64	479.3	1.6477	0.90449	1.6648	493.15	0.054349	5.4532e-05	0.0734	supercritical
434.0	475.75	643.88	0.0015531	405.12	479.01	1.6459	0.90461	1.6633	495.31	0.053311	5.4811e-05	0.073679	supercritical
434.0	479.0	646.3	0.0015473	404.61	478.72	1.6441	0.90472	1.6618	497.46	0.052292	5.5089e-05	0.073957	supercritical
434.0	482.25	648.7	0.0015415	404.1	478.44	1.6423	0.90484	1.6602	499.61	0.051291	5.5366e-05	0.074233	supercritical
434.0	485.5	651.08	0.0015359	403.6	478.17	1.6405	0.90496	1.6587	501.75	0.050307	5.5642e-05	0.074508	supercritical
434.0	488.75	653.43	0.0015304	403.1	477.9	1.6387	0.90507	1.6572	503.88	0.049339	5.5917e-05	0.074782	supercritical
434.0	492.0	655.77	0.0015249	402.61	477.64	1.637	0.90519	1.6557	506.01	0.048388	5.6191e-05	0.075054	supercritical
434.0	495.25	658.08	0.0015196	402.12	477.38	1.6352	0.90531	1.6542	508.14	0.047453	5.6464e-05	0.075325	supercritical
434.0	498.5	660.37	0.0015143	401.64	477.13	1.6335	0.90542	1.6527	510.26	0.046533	5.6736e-05	0.075594	supercritical
434.0	501.75	662.63	0.0015091	401.16	476.88	1.6318	0.90554	1.6512	512.37	0.045629	5.7006e-05	0.075863	supercritical
434.0	505.0	664.88	0.001504	400.68	476.64	1.6301	0.90566	1.6497	514.48	0.04474	5.7276e-05	0.07613	supercritical
434.0	508.25	667.11	0.001499	400.21	476.4	1.6284	0.90577	1.6482	516.58	0.043865	5.7545e-05	0.076396	supercritical
434.0	511.5	669.31	0.0014941	399.75	476.17	1.6268	0.90589	1.6467	518.67	0.043004	5.7813e-05	0.07666	supercritical
434.0	514.75	671.5	0.0014892	399.28	475.94	1.6251	0.906	1.6453	520.76	0.042157	5.8081e-05	0.076923	supercritical
434.0	518.0	673.67	0.0014844	398.82	475.72	1.6235	0.90612	1.6438	522.84	0.041324	5.8347e-05	0.077185	supercritical
434.0	521.25	675.81	0.0014797	398.37	475.5	1.6219	0.90624	1.6424	524.92	0.040504	5.8612e-05	0.077446	supercritical
434.0	524.5	677.94	0.0014751	397.92	475.28	1.6203	0.90636	1.6409	526.99	0.039697	5.8876e-05	0.077706	supercritical
434.0	527.75	680.05	0.0014705	397.47	475.07	1.6187	0.90647	1.6395	529.06	0.038903	5.9139e-05	0.077964	supercritical
434.0	531.0	682.14	0.001466	397.03	474.87	1.6171	0.90659	1.638	531.12	0.038121	5.9402e-05	0.078222	supercritical
434.0	534.25	684.22	0.0014615	396.59	474.67	1.6156	0.90671	1.6366	533.17	0.037351	5.9663e-05	0.078478	supercritical
434.0	537.5	686.27	0.0014572	396.15	474.47	1.614	0.90683	1.6352	535.22	0.036593	5.9924e-05	0.078733	supercritical
434.0	540.75	688.31	0.0014528	395.72	474.28	1.6125	0.90694	1.6338	537.26	0.035846	6.0183e-05	0.078987	supercritical
434.0	544.0	690.33	0.0014486	395.29	474.09	1.611	0.90706	1.6324	539.3	0.035111	6.0442e-05	0.07924	supercritical
434.0	547.25	692.33	0.0014444	394.86	473.91	1.6095	0.90718	1.631	541.33	0.034387	6.07e-05	0.079492	supercritical
434.0	550.5	694.31	0.0014403	394.44	473.73	1.608	0.9073	1.6296	543.35	0.033674	6.0957e-05	0.079742	supercritical
434.0	553.75	696.28	0.0014362	394.02	473.55	1.6065	0.90742	1.6283	545.37	0.032972	6.1213e-05	0.079992	supercritical
434.0	557.0	698.24	0.0014322	393.61	473.38	1.605	0.90754	1.6269	547.39	0.03228	6.1468e-05	0.080241	supercritical
434.0	560.25	700.17	0.0014282	393.19	473.21	1.6036	0.90765	1.6255	549.39	0.031598	6.1723e-05	0.080488	supercritical
434.0	563.5	702.09	0.0014243	392.78	473.04	1.6021	0.90777	1.6242	551.39	0.030926	6.1976e-05	0.080735	supercritical
434.0	566.75	704.0	0.0014205	392.38	472.88	1.6007	0.90789	1.6228	553.39	0.030264	6.2229e-05	0.08098	supercritical
434.0	570.0	705.89	0.0014167	391.98	472.72	1.5993	0.90801	1.6215	555.38	0.029612	6.2481e-05	0.081225	supercritical
434.0	573.25	707.76	0.0014129	391.58	472.57	1.5978	0.90813	1.6202	557.36	0.028969	6.2732e-05	0.081469	supercritical
434.0	576.5	709.62	0.0014092	391.18	472.42	1.5964	0.90825	1.6189	559.34	0.028335	6.2982e-05	0.081711	supercritical
434.0	579.75	711.46	0.0014056	390.79	472.27	1.595	0.90837	1.6176	561.32	0.027711	6.3231e-05	0.081953	supercritical
434.0	583.0	713.29	0.0014019	390.39	472.13	1.5937	0.9085	1.6163	563.28	0.027095	6.348e-05	0.082194	supercritical
434.0	586.25	715.11	0.0013984	390.01	471.99	1.5923	0.90862	1.615	565.24	0.026488	6.3728e-05	0.082434	supercritical
434.0	589.5	716.91	0.0013949	389.62	471.85	1.5909	0.90874	1.6137	567.2	0.025889	6.3975e-05	0.082672	supercritical
434.0	592.75	718.7	0.0013914	389.24	471.72	1.5896	0.90886	1.6124	569.15	0.025299	6.4221e-05	0.08291	supercritical
434.0	596.0	720.47	0.001388	388.86	471.59	1.5882	0.90898	1.6112	571.09	0.024718	6.4466e-05	0.083148	supercritical
434.0	599.25	722.23	0.0013846	388.49	471.46	1.5869	0.9091	1.6099	573.03	0.024144	6.4711e-05	0.083384	supercritical
434.0	602.5	723.97	0.0013813	388.11	471.33	1.5856	0.90922	1.6087	574.96	0.023578	6.4955e-05	0.083619	supercritical
434.0	605.75	725.71	0.001378	387.74	471.21	1.5843	0.90935	1.6074	576.89	0.02302	6.5198e-05	0.083854	supercritical
434.0	609.0	727.43	0.0013747	387.37	471.09	1.583	0.90947	1.6062	578.81	0.022469	6.544e-05	0.084087	supercritical
434.0	612.25	729.13	0.0013715	387.01	470.98	1.5817	0.90959	1.605	580.73	0.021926	6.5682e-05	0.08432	supercritical
434.0	615.5	730.83	0.0013683	386.64	470.86	1.5804	0.90972	1.6038	582.63	0.021391	6.5922e-05	0.084555	supercritical
434.0	618.75	732.51	0.0013652	386.28	470.75	1.5791	0.90984	1.6026	584.54	0.020863	6.6163e-05	0.084789	supercritical
434.0	622.0	734.18	0.0013621	385.93	470.65	1.5778	0.90996	1.6014	586.44	0.020341	6.6402e-05	0.085022	supercritical
434.0	625.25	735.84	0.001359	385.57	470.54	1.5766	0.91009	1.6002	588.33	0.019827	6.664e-05	0.085254	supercritical
434.0	628.5	737.48	0.001356	385.22	470.44	1.5753	0.91021	1.599	590.22	0.01932	6.6878e-05	0.085486	supercritical
434.0	631.75	739.11	0.001353	384.87	470.34	1.5741	0.91034	1.5978	592.1	0.018819	6.7116e-05	0.085717	supercritical
434.0	635.0	740.74	0.00135	384.52	470.24	1.5728	0.91046	1.5967	593.97	0.018325	6.7352e-05	0.085947	supercritical
434.0	638.25	742.35	0.0013471	384.17	470.15	1.5716	0.91059	1.5955	595.84	0.017837	6.7588e-05	0.086176	supercritical
434.0	641.5	743.94	0.0013442	383.83	470.06	1.5704	0.91071	1.5944	597.71	0.017356	6.7823e-05	0.086404	supercritical
434.0	644.75	745.53	0.0013413	383.49	469.97	1.5692	0.91084	1.5933	599.56	0.016881	6.8057e-05	0.086632	supercritical
434.0	648.0	747.11	0.0013385	383.15	469.88	1.568	0.91096	1.5922	601.42	0.016413	6.8291e-05	0.086859	supercritical
434.0	651.25	748.67	0.0013357	382.81	469.8	1.5668	0.91109	1.5911	603.27	0.01595	6.8524e-05	0.087085	supercritical
434.0	654.5	750.23	0.0013329	382.48	469.72	1.5656	0.91121	1.59	605.11	0.015493	6.8757e-05	0.08731	supercritical
434.0	657.75	751.77	0.0013302	382.15	469.64	1.5644	0.91134	1.5889	606.94	0.015042	6.8988e-05	0.087535	supercritical
434.0	661.0	753.3	0.0013275	381.82	469.56	1.5633	0.91147	1.5878	608.77	0.014597	6.9219e-05	0.087759	supercritical
434.0	664.25	754.82	0.0013248	381.49	469.49	1.5621	0.91159	1.5867	610.6	0.014158	6.945e-05	0.087982	supercritical
434.0	667.5	756.34	0.0013222	381.16	469.42	1.5609	0.91172	1.5856	612.42	0.013724	6.968e-05	0.088205	supercritical
434.0	670.75	757.84	0.0013195	380.84	469.35	1.5598	0.91185	1.5846	614.23	0.013296	6.9909e-05	0.088426	supercritical
434.0	674.0	759.33	0.0013169	380.52	469.28	1.5586	0.91198	1.5835	616.04	0.012873	7.0137e-05	0.088647	supercritical
434.0	677.25	760.81	0.0013144	380.2	469.22	1.5575	0.9121	1.5825	617.84	0.012455	7.0365e-05	0.088868	supercritical
434.0	680.5	762.28	0.0013118	379.88	469.15	1.5564	0.91223	1.5815	619.64	0.012043	7.0592e-05	0.089087	supercritical
434.0	683.75	763.75	0.0013093	379.57	469.09	1.5553	0.91236	1.5805	621.43	0.011636	7.0819e-05	0.089306	supercritical
434.0	687.0	765.2	0.0013068	379.25	469.03	1.5541	0.91249	1.5794	623.22	0.011233	7.1045e-05	0.089525	supercritical
434.0	690.25	766.64	0.0013044	378.94	468.98	1.553	0.91262	1.5784	625.0	0.010836	7.1271e-05	0.089742	supercritical
434.0	693.5	768.08	0.0013019	378.63	468.92	1.5519	0.91275	1.5774	626.78	0.010444	7.1495e-05	0.08996	supercritical
434.0	696.75	769.5	0.0012995	378.32	468.87	1.5508	0.91287	1.5765	628.55	0.010056	7.172e-05	0.090176	supercritical
434.0	700.0	770.92	0.0012972	378.02	468.82	1.5498	0.913	1.5755	630.31	0.0096731	7.1943e-05	0.090392	supercritical
434.0	703.25	772.33	0.0012948	377.71	468.77	1.5487	0.91313	1.5745	632.07	0.0092948	7.2166e-05	0.090607	supercritical
434.0	706.5	773.73	0.0012924	377.41	468.72	1.5476	0.91326	1.5735	633.83	0.0089211	7.2389e-05	0.090821	supercritical
434.0	709.75	775.11	0.0012901	377.11	468.68	1.5465	0.91339	1.5726	635.58	0.0085519	7.2611e-05	0.091035	supercritical
434.0	713.0	776.5	0.0012878	376.81	468.64	1.5455	0.91352	1.5716	637.32	0.0081871	7.2832e-05	0.091248	supercritical
434.0	716.25	777.87	0.0012856	376.52	468.6	1.5444	0.91365	1.5707	639.06	0.0078267	7.3053e-05	0.091461	supercritical
434.0	719.5	779.23	0.0012833	376.22	468.56	1.5434	0.91379	1.5698	640.79	0.0074706	7.3273e-05	0.091673	supercritical
434.0	722.75	780.59	0.0012811	375.93	468.52	1.5423	0.91392	1.5689	642.52	0.0071187	7.3493e-05	0.091885	supercritical
434.0	726.0	781.93	0.0012789	375.64	468.48	1.5413	0.91405	1.568	644.24	0.0067709	7.3712e-05	0.092095	supercritical
434.0	729.25	783.27	0.0012767	375.35	468.45	1.5402	0.91418	1.567	645.96	0.0064272	7.3931e-05	0.092306	supercritical
434.0	732.5	784.61	0.0012745	375.06	468.42	1.5392	0.91431	1.5662	647.67	0.0060876	7.4149e-05	0.092516	supercritical
434.0	735.75	785.93	0.0012724	374.77	468.39	1.5382	0.91444	1.5653	649.38	0.0057519	7.4367e-05	0.092725	supercritical
434.0	739.0	787.24	0.0012703	374.49	468.36	1.5372	0.91457	1.5644	651.08	0.0054201	7.4584e-05	0.092933	supercritical
434.0	742.25	788.55	0.0012681	374.21	468.33	1.5361	0.91471	1.5635	652.78	0.0050921	7.48e-05	0.093141	supercritical
434.0	745.5	789.85	0.0012661	373.92	468.31	1.5351	0.91484	1.5626	654.47	0.0047679	7.5016e-05	0.093349	supercritical
434.0	748.75	791.14	0.001264	373.64	468.28	1.5341	0.91497	1.5618	656.16	0.0044474	7.5232e-05	0.093556	supercritical
434.0	752.0	792.43	0.0012619	373.37	468.26	1.5331	0.9151	1.5609	657.84	0.0041306	7.5447e-05	0.093762	supercritical
434.0	755.25	793.71	0.0012599	373.09	468.24	1.5322	0.91524	1.5601	659.52	0.0038174	7.5662e-05	0.093968	supercritical
434.0	758.5	794.98	0.0012579	372.81	468.22	1.5312	0.91537	1.5593	661.19	0.0035077	7.5876e-05	0.094174	supercritical
434.0	761.75	796.24	0.0012559	372.54	468.21	1.5302	0.9155	1.5584	662.86	0.0032016	7.6089e-05	0.094379	supercritical
434.0	765.0	797.49	0.0012539	372.27	468.19	1.5292	0.91564	1.5576	664.52	0.0028988	7.6302e-05	0.094583	supercritical
434.0	768.25	798.74	0.001252	372.0	468.18	1.5282	0.91577	1.5568	666.18	0.0025995	7.6515e-05	0.094787	supercritical
434.0	771.5	799.98	0.00125	371.73	468.17	1.5273	0.91591	1.556	667.83	0.0023035	7.6727e-05	0.09499	supercritical
434.0	774.75	801.22	0.0012481	371.46	468.15	1.5263	0.91604	1.5552	669.48	0.0020107	7.6939e-05	0.095193	supercritical
434.0	778.0	802.45	0.0012462	371.19	468.15	1.5254	0.91617	1.5544	671.12	0.0017212	7.715e-05	0.095395	supercritical
434.0	781.25	803.67	0.0012443	370.93	468.14	1.5244	0.91631	1.5536	672.76	0.0014349	7.7361e-05	0.095597	supercritical
434.0	784.5	804.88	0.0012424	370.66	468.13	1.5235	0.91644	1.5528	674.39	0.0011517	7.7571e-05	0.095799	supercritical
434.0	787.75	806.09	0.0012406	370.4	468.13	1.5225	0.91658	1.5521	676.02	0.00087165	7.7781e-05	0.096	supercritical
434.0	791.0	807.29	0.0012387	370.14	468.12	1.5216	0.91671	1.5513	677.64	0.00059461	7.799e-05	0.0962	supercritical
434.0	794.25	808.48	0.0012369	369.88	468.12	1.5207	0.91685	1.5505	679.26	0.00032057	7.8199e-05	0.0964	supercritical
434.0	797.5	809.67	0.0012351	369.62	468.12	1.5197	0.91698	1.5498	680.87	4.9485e-05	7.8408e-05	0.096599	supercritical
434.0	800.75	810.85	0.0012333	369.37	468.12	1.5188	0.91712	1.549	682.48	-0.00021869	7.8616e-05	0.096799	supercritical
434.0	804.0	812.03	0.0012315	369.11	468.12	1.5179	0.91726	1.5483	684.09	-0.000484	7.8823e-05	0.096997	supercritical
434.0	807.25	813.2	0.0012297	368.86	468.12	1.517	0.91739	1.5476	685.69	-0.00074648	7.9031e-05	0.097195	supercritical
434.0	810.5	814.36	0.001228	368.6	468.13	1.5161	0.91753	1.5469	687.28	-0.0010062	7.9237e-05	0.097393	supercritical
434.0	813.75	815.52	0.0012262	368.35	468.13	1.5152	0.91766	1.5461	688.87	-0.0012631	7.9444e-05	0.09759	supercritical
434.0	817.0	816.67	0.0012245	368.1	468.14	1.5143	0.9178	1.5454	690.46	-0.0015174	7.965e-05	0.097787	supercritical
434.0	820.25	817.81	0.0012228	367.85	468.15	1.5134	0.91794	1.5447	692.04	-0.001769	7.9855e-05	0.097984	supercritical
434.0	823.5	818.95	0.0012211	367.6	468.16	1.5125	0.91807	1.544	693.62	-0.0020179	8.006e-05	0.09818	supercritical
434.0	826.75	820.09	0.0012194	367.36	468.17	1.5116	0.91821	1.5433	695.19	-0.0022643	8.0265e-05	0.098375	supercritical
434.0	830.0	821.21	0.0012177	367.11	468.18	1.5107	0.91835	1.5426	696.76	-0.0025081	8.0469e-05	0.09857	supercritical
434.0	833.25	822.33	0.001216	366.87	468.19	1.5098	0.91848	1.5419	698.32	-0.0027495	8.0673e-05	0.098765	supercritical
434.0	836.5	823.45	0.0012144	366.62	468.21	1.5089	0.91862	1.5413	699.88	-0.0029883	8.0877e-05	0.098959	supercritical
434.0	839.75	824.56	0.0012128	366.38	468.22	1.5081	0.91876	1.5406	701.44	-0.0032247	8.108e-05	0.099153	supercritical
434.0	843.0	825.67	0.0012111	366.14	468.24	1.5072	0.9189	1.5399	702.99	-0.0034587	8.1283e-05	0.099347	supercritical
434.0	846.25	826.77	0.0012095	365.9	468.26	1.5063	0.91904	1.5393	704.54	-0.0036903	8.1485e-05	0.09954	supercritical
434.0	849.5	827.86	0.0012079	365.66	468.28	1.5055	0.91917	1.5386	706.08	-0.0039196	8.1687e-05	0.099732	supercritical
434.0	852.75	828.95	0.0012063	365.43	468.3	1.5046	0.91931	1.538	707.62	-0.0041466	8.1889e-05	0.099925	supercritical
434.0	856.0	830.03	0.0012048	365.19	468.32	1.5038	0.91945	1.5373	709.15	-0.0043713	8.209e-05	0.10012	supercritical
434.0	859.25	831.11	0.0012032	364.96	468.34	1.5029	0.91959	1.5367	710.68	-0.0045937	8.2291e-05	0.10031	supercritical
434.0	862.5	832.18	0.0012017	364.72	468.37	1.5021	0.91973	1.536	712.2	-0.004814	8.2491e-05	0.1005	supercritical
434.0	865.75	833.25	0.0012001	364.49	468.39	1.5012	0.91987	1.5354	713.72	-0.005032	8.2691e-05	0.10069	supercritical
434.0	869.0	834.31	0.0011986	364.26	468.42	1.5004	0.92	1.5348	715.24	-0.0052479	8.2891e-05	0.10088	supercritical
434.0	872.25	835.37	0.0011971	364.03	468.44	1.4995	0.92014	1.5342	716.75	-0.0054617	8.3091e-05	0.10107	supercritical
434.0	875.5	836.42	0.0011956	363.8	468.47	1.4987	0.92028	1.5336	718.26	-0.0056735	8.329e-05	0.10126	supercritical
434.0	878.75	837.47	0.0011941	363.57	468.5	1.4979	0.92042	1.533	719.77	-0.0058831	8.3488e-05	0.10145	supercritical
434.0	882.0	838.51	0.0011926	363.34	468.53	1.4971	0.92056	1.5324	721.27	-0.0060907	8.3687e-05	0.10164	supercritical
434.0	885.25	839.55	0.0011911	363.12	468.56	1.4962	0.9207	1.5318	722.76	-0.0062963	8.3885e-05	0.10183	supercritical
434.0	888.5	840.58	0.0011897	362.89	468.59	1.4954	0.92084	1.5312	724.25	-0.0065	8.4082e-05	0.10202	supercritical
434.0	891.75	841.61	0.0011882	362.67	468.62	1.4946	0.92098	1.5306	725.74	-0.0067016	8.428e-05	0.1022	supercritical
434.0	895.0	842.63	0.0011868	362.44	468.66	1.4938	0.92112	1.53	727.23	-0.0069014	8.4477e-05	0.10239	supercritical
434.0	898.25	843.65	0.0011853	362.22	468.69	1.493	0.92126	1.5294	728.71	-0.0070993	8.4674e-05	0.10258	supercritical
434.0	901.5	844.66	0.0011839	362.0	468.73	1.4922	0.9214	1.5289	730.18	-0.0072952	8.487e-05	0.10276	supercritical
434.0	904.75	845.67	0.0011825	361.78	468.77	1.4914	0.92154	1.5283	731.66	-0.0074894	8.5066e-05	0.10295	supercritical
434.0	908.0	846.68	0.0011811	361.56	468.8	1.4906	0.92168	1.5277	733.12	-0.0076817	8.5262e-05	0.10314	supercritical
434.0	911.25	847.68	0.0011797	361.34	468.84	1.4898	0.92182	1.5272	734.59	-0.0078722	8.5457e-05	0.10332	supercritical
434.0	914.5	848.67	0.0011783	361.13	468.88	1.489	0.92196	1.5266	736.05	-0.0080609	8.5652e-05	0.10351	supercritical
434.0	917.75	849.66	0.0011769	360.91	468.92	1.4882	0.9221	1.5261	737.51	-0.0082479	8.5847e-05	0.10369	supercritical
434.0	921.0	850.65	0.0011756	360.69	468.96	1.4874	0.92224	1.5255	738.96	-0.0084332	8.6041e-05	0.10388	supercritical
434.0	924.25	851.63	0.0011742	360.48	469.01	1.4866	0.92239	1.525	740.41	-0.0086167	8.6235e-05	0.10406	supercritical
434.0	927.5	852.61	0.0011729	360.27	469.05	1.4859	0.92253	1.5244	741.85	-0.0087986	8.6429e-05	0.10425	supercritical
434.0	930.75	853.59	0.0011715	360.05	469.09	1.4851	0.92267	1.5239	743.29	-0.0089788	8.6623e-05	0.10443	supercritical
434.0	934.0	854.55	0.0011702	359.84	469.14	1.4843	0.92281	1.5234	744.73	-0.0091573	8.6816e-05	0.10462	supercritical
434.0	937.25	855.52	0.0011689	359.63	469.18	1.4835	0.92295	1.5228	746.17	-0.0093343	8.7009e-05	0.1048	supercritical
434.0	940.5	856.48	0.0011676	359.42	469.23	1.4828	0.92309	1.5223	747.6	-0.0095096	8.7202e-05	0.10498	supercritical
434.0	943.75	857.44	0.0011663	359.21	469.28	1.482	0.92323	1.5218	749.02	-0.0096834	8.7394e-05	0.10516	supercritical
434.0	947.0	858.39	0.001165	359.0	469.33	1.4812	0.92338	1.5213	750.45	-0.0098556	8.7586e-05	0.10535	supercritical
434.0	950.25	859.34	0.0011637	358.8	469.38	1.4805	0.92352	1.5208	751.87	-0.010026	8.7778e-05	0.10553	supercritical
434.0	953.5	860.28	0.0011624	358.59	469.43	1.4797	0.92366	1.5203	753.28	-0.010195	8.7969e-05	0.10571	supercritical
434.0	956.75	861.22	0.0011611	358.38	469.48	1.479	0.9238	1.5198	754.69	-0.010363	8.816e-05	0.10589	supercritical
434.0	960.0	862.16	0.0011599	358.18	469.53	1.4782	0.92394	1.5193	756.1	-0.010529	8.8351e-05	0.10607	supercritical
434.0	963.25	863.09	0.0011586	357.98	469.58	1.4775	0.92409	1.5188	757.51	-0.010694	8.8542e-05	0.10625	supercritical
434.0	966.5	864.02	0.0011574	357.77	469.63	1.4767	0.92423	1.5183	758.91	-0.010857	8.8732e-05	0.10643	supercritical
434.0	969.75	864.95	0.0011561	357.57	469.69	1.476	0.92437	1.5178	760.31	-0.011019	8.8922e-05	0.10662	supercritical
434.0	973.0	865.87	0.0011549	357.37	469.74	1.4752	0.92451	1.5173	761.7	-0.011179	8.9112e-05	0.1068	supercritical
434.0	976.25	866.79	0.0011537	357.17	469.8	1.4745	0.92466	1.5169	763.09	-0.011338	8.9301e-05	0.10698	supercritical
434.0	979.5	867.7	0.0011525	356.97	469.85	1.4738	0.9248	1.5164	764.48	-0.011496	8.9491e-05	0.10715	supercritical
434.0	982.75	868.61	0.0011513	356.77	469.91	1.473	0.92494	1.5159	765.86	-0.011652	8.968e-05	0.10733	supercritical
434.0	986.0	869.52	0.0011501	356.57	469.97	1.4723	0.92509	1.5155	767.24	-0.011807	8.9868e-05	0.10751	supercritical
434.0	989.25	870.42	0.0011489	356.37	470.03	1.4716	0.92523	1.515	768.62	-0.011961	9.0057e-05	0.10769	supercritical
434.0	992.5	871.32	0.0011477	356.18	470.09	1.4709	0.92537	1.5145	770.0	-0.012113	9.0245e-05	0.10787	supercritical
434.0	995.75	872.21	0.0011465	355.98	470.15	1.4701	0.92552	1.5141	771.37	-0.012264	9.0433e-05	0.10805	supercritical
434.0	999.0	873.11	0.0011453	355.79	470.21	1.4694	0.92566	1.5136	772.73	-0.012414	9.0621e-05	0.10823	supercritical
434.0	1002.2	873.99	0.0011442	355.59	470.27	1.4687	0.9258	1.5132	774.1	-0.012563	9.0808e-05	0.1084	supercritical
434.0	1005.5	874.88	0.001143	355.4	470.33	1.468	0.92595	1.5127	775.46	-0.01271	9.0995e-05	0.10858	supercritical
434.0	1008.8	875.76	0.0011419	355.21	470.39	1.4673	0.92609	1.5123	776.82	-0.012856	9.1182e-05	0.10876	supercritical
434.0	1012.0	876.64	0.0011407	355.02	470.46	1.4666	0.92623	1.5118	778.17	-0.013001	9.1369e-05	0.10893	supercritical
434.0	1015.2	877.51	0.0011396	354.82	470.52	1.4659	0.92638	1.5114	779.52	-0.013144	9.1555e-05	0.10911	supercritical
434.0	1018.5	878.38	0.0011385	354.63	470.59	1.4652	0.92652	1.511	780.87	-0.013287	9.1741e-05	0.10929	supercritical
434.0	1021.8	879.25	0.0011373	354.44	470.65	1.4645	0.92667	1.5106	782.21	-0.013428	9.1927e-05	0.10946	supercritical
434.0	1025.0	880.11	0.0011362	354.26	470.72	1.4638	0.92681	1.5101	783.55	-0.013568	9.2113e-05	0.10964	supercritical
434.0	1028.2	880.98	0.0011351	354.07	470.78	1.4631	0.92695	1.5097	784.89	-0.013707	9.2299e-05	0.10982	supercritical
434.0	1031.5	881.83	0.001134	353.88	470.85	1.4624	0.9271	1.5093	786.23	-0.013845	9.2484e-05	0.10999	supercritical
434.0	1034.8	882.69	0.0011329	353.69	470.92	1.4617	0.92724	1.5089	787.56	-0.013982	9.2669e-05	0.11017	supercritical
434.0	1038.0	883.54	0.0011318	353.51	470.99	1.461	0.92739	1.5084	788.89	-0.014117	9.2854e-05	0.11034	supercritical
434.0	1041.2	884.39	0.0011307	353.32	471.06	1.4603	0.92753	1.508	790.21	-0.014252	9.3038e-05	0.11051	supercritical
434.0	1044.5	885.23	0.0011296	353.14	471.13	1.4596	0.92768	1.5076	791.53	-0.014385	9.3222e-05	0.11069	supercritical
434.0	1047.8	886.07	0.0011286	352.95	471.2	1.4589	0.92782	1.5072	792.85	-0.014517	9.3406e-05	0.11086	supercritical
434.0	1051.0	886.91	0.0011275	352.77	471.27	1.4583	0.92796	1.5068	794.17	-0.014649	9.359e-05	0.11104	supercritical
434.0	1054.2	887.75	0.0011264	352.59	471.34	1.4576	0.92811	1.5064	795.48	-0.014779	9.3774e-05	0.11121	supercritical
434.0	1057.5	888.58	0.0011254	352.41	471.42	1.4569	0.92825	1.506	796.79	-0.014908	9.3957e-05	0.11138	supercritical
434.0	1060.8	889.41	0.0011243	352.22	471.49	1.4562	0.9284	1.5056	798.1	-0.015036	9.4141e-05	0.11156	supercritical
434.0	1064.0	890.23	0.0011233	352.04	471.56	1.4556	0.92854	1.5052	799.4	-0.015163	9.4324e-05	0.11173	supercritical
434.0	1067.2	891.06	0.0011223	351.86	471.64	1.4549	0.92869	1.5048	800.7	-0.01529	9.4506e-05	0.1119	supercritical
434.0	1070.5	891.88	0.0011212	351.68	471.71	1.4542	0.92883	1.5045	802.0	-0.015415	9.4689e-05	0.11208	supercritical
434.0	1073.8	892.69	0.0011202	351.51	471.79	1.4536	0.92898	1.5041	803.3	-0.015539	9.4871e-05	0.11225	supercritical
434.0	1077.0	893.51	0.0011192	351.33	471.86	1.4529	0.92912	1.5037	804.59	-0.015662	9.5053e-05	0.11242	supercritical
434.0	1080.2	894.32	0.0011182	351.15	471.94	1.4522	0.92927	1.5033	805.88	-0.015785	9.5235e-05	0.11259	supercritical
434.0	1083.5	895.13	0.0011172	350.97	472.02	1.4516	0.92941	1.5029	807.16	-0.015906	9.5417e-05	0.11276	supercritical
434.0	1086.8	895.93	0.0011162	350.8	472.1	1.4509	0.92956	1.5026	808.45	-0.016026	9.5598e-05	0.11294	supercritical
434.0	1090.0	896.73	0.0011152	350.62	472.18	1.4503	0.92971	1.5022	809.73	-0.016146	9.578e-05	0.11311	supercritical
434.0	1093.2	897.53	0.0011142	350.45	472.25	1.4496	0.92985	1.5018	811.0	-0.016264	9.5961e-05	0.11328	supercritical
434.0	1096.5	898.33	0.0011132	350.27	472.33	1.449	0.93	1.5015	812.28	-0.016382	9.6142e-05	0.11345	supercritical
434.0	1099.8	899.12	0.0011122	350.1	472.41	1.4483	0.93014	1.5011	813.55	-0.016499	9.6322e-05	0.11362	supercritical
434.0	1103.0	899.91	0.0011112	349.93	472.5	1.4477	0.93029	1.5008	814.82	-0.016615	9.6503e-05	0.11379	supercritical
434.0	1106.2	900.7	0.0011102	349.76	472.58	1.447	0.93043	1.5004	816.08	-0.01673	9.6683e-05	0.11396	supercritical
434.0	1109.5	901.49	0.0011093	349.58	472.66	1.4464	0.93058	1.5	817.35	-0.016844	9.6863e-05	0.11413	supercritical
434.0	1112.8	902.27	0.0011083	349.41	472.74	1.4458	0.93073	1.4997	818.61	-0.016957	9.7043e-05	0.1143	supercritical
434.0	1116.0	903.05	0.0011074	349.24	472.82	1.4451	0.93087	1.4993	819.87	-0.01707	9.7223e-05	0.11447	supercritical
434.0	1119.2	903.83	0.0011064	349.07	472.91	1.4445	0.93102	1.499	821.12	-0.017181	9.7402e-05	0.11464	supercritical
434.0	1122.5	904.6	0.0011055	348.9	472.99	1.4438	0.93116	1.4986	822.37	-0.017292	9.7582e-05	0.11481	supercritical
434.0	1125.8	905.38	0.0011045	348.73	473.08	1.4432	0.93131	1.4983	823.62	-0.017402	9.7761e-05	0.11498	supercritical
434.0	1129.0	906.15	0.0011036	348.57	473.16	1.4426	0.93145	1.498	824.87	-0.017511	9.794e-05	0.11514	supercritical
434.0	1132.2	906.91	0.0011026	348.4	473.25	1.4419	0.9316	1.4976	826.11	-0.01762	9.8118e-05	0.11531	supercritical
434.0	1135.5	907.68	0.0011017	348.23	473.33	1.4413	0.93175	1.4973	827.35	-0.017727	9.8297e-05	0.11548	supercritical
434.0	1138.8	908.44	0.0011008	348.07	473.42	1.4407	0.93189	1.497	828.59	-0.017834	9.8475e-05	0.11565	supercritical
434.0	1142.0	909.2	0.0010999	347.9	473.51	1.4401	0.93204	1.4966	829.83	-0.01794	9.8654e-05	0.11582	supercritical
434.0	1145.2	909.95	0.001099	347.73	473.59	1.4394	0.93219	1.4963	831.06	-0.018045	9.8832e-05	0.11599	supercritical
434.0	1148.5	910.71	0.001098	347.57	473.68	1.4388	0.93233	1.496	832.29	-0.01815	9.9009e-05	0.11615	supercritical
434.0	1151.8	911.46	0.0010971	347.41	473.77	1.4382	0.93248	1.4956	833.52	-0.018253	9.9187e-05	0.11632	supercritical
434.0	1155.0	912.21	0.0010962	347.24	473.86	1.4376	0.93263	1.4953	834.75	-0.018356	9.9365e-05	0.11649	supercritical
434.0	1158.2	912.95	0.0010953	347.08	473.95	1.437	0.93277	1.495	835.97	-0.018458	9.9542e-05	0.11665	supercritical
434.0	1161.5	913.7	0.0010945	346.92	474.04	1.4364	0.93292	1.4947	837.19	-0.01856	9.9719e-05	0.11682	supercritical
434.0	1164.8	914.44	0.0010936	346.76	474.13	1.4358	0.93306	1.4944	838.41	-0.018661	9.9896e-05	0.11699	supercritical
434.0	1168.0	915.18	0.0010927	346.59	474.22	1.4351	0.93321	1.494	839.62	-0.018761	0.00010007	0.11715	supercritical
434.0	1171.2	915.92	0.0010918	346.43	474.31	1.4345	0.93336	1.4937	840.83	-0.01886	0.00010025	0.11732	supercritical
434.0	1174.5	916.65	0.0010909	346.27	474.4	1.4339	0.9335	1.4934	842.04	-0.018959	0.00010043	0.11749	supercritical
434.0	1177.8	917.38	0.0010901	346.11	474.49	1.4333	0.93365	1.4931	843.25	-0.019057	0.0001006	0.11765	supercritical
434.0	1181.0	918.11	0.0010892	345.95	474.59	1.4327	0.9338	1.4928	844.46	-0.019154	0.00010078	0.11782	supercritical
434.0	1184.2	918.84	0.0010883	345.79	474.68	1.4321	0.93394	1.4925	845.66	-0.019251	0.00010095	0.11798	supercritical
434.0	1187.5	919.57	0.0010875	345.64	474.77	1.4315	0.93409	1.4922	846.86	-0.019346	0.00010113	0.11815	supercritical
434.0	1190.8	920.29	0.0010866	345.48	474.87	1.4309	0.93424	1.4919	848.05	-0.019442	0.00010131	0.11831	supercritical
434.0	1194.0	921.01	0.0010858	345.32	474.96	1.4303	0.93439	1.4916	849.25	-0.019536	0.00010148	0.11848	supercritical
434.0	1197.2	921.73	0.0010849	345.17	475.06	1.4297	0.93453	1.4913	850.44	-0.01963	0.00010166	0.11864	supercritical
434.0	1200.5	922.44	0.0010841	345.01	475.15	1.4291	0.93468	1.491	851.63	-0.019723	0.00010183	0.11881	supercritical
434.0	1203.8	923.16	0.0010832	344.85	475.25	1.4286	0.93483	1.4907	852.82	-0.019816	0.00010201	0.11897	supercritical
434.0	1207.0	923.87	0.0010824	344.7	475.34	1.428	0.93497	1.4904	854.0	-0.019908	0.00010218	0.11914	supercritical
434.0	1210.2	924.58	0.0010816	344.54	475.44	1.4274	0.93512	1.4901	855.19	-0.019999	0.00010236	0.1193	supercritical
434.0	1213.5	925.28	0.0010807	344.39	475.54	1.4268	0.93527	1.4898	856.37	-0.02009	0.00010253	0.11947	supercritical
434.0	1216.8	925.99	0.0010799	344.24	475.64	1.4262	0.93541	1.4896	857.54	-0.02018	0.00010271	0.11963	supercritical
434.0	1220.0	926.69	0.0010791	344.08	475.73	1.4256	0.93556	1.4893	858.72	-0.02027	0.00010288	0.11979	supercritical
434.0	1223.2	927.39	0.0010783	343.93	475.83	1.425	0.93571	1.489	859.89	-0.020359	0.00010305	0.11996	supercritical
434.0	1226.5	928.09	0.0010775	343.78	475.93	1.4245	0.93586	1.4887	861.06	-0.020447	0.00010323	0.12012	supercritical
434.0	1229.8	928.79	0.0010767	343.63	476.03	1.4239	0.936	1.4884	862.23	-0.020535	0.0001034	0.12028	supercritical
434.0	1233.0	929.48	0.0010759	343.47	476.13	1.4233	0.93615	1.4882	863.4	-0.020622	0.00010357	0.12045	supercritical
434.0	1236.2	930.17	0.0010751	343.32	476.23	1.4227	0.9363	1.4879	864.56	-0.020708	0.00010375	0.12061	supercritical
434.0	1239.5	930.86	0.0010743	343.17	476.33	1.4222	0.93644	1.4876	865.72	-0.020794	0.00010392	0.12077	supercritical
434.0	1242.8	931.55	0.0010735	343.02	476.43	1.4216	0.93659	1.4873	866.88	-0.02088	0.00010409	0.12094	supercritical
434.0	1246.0	932.24	0.0010727	342.87	476.53	1.421	0.93674	1.4871	868.04	-0.020965	0.00010427	0.1211	supercritical
434.0	1249.2	932.92	0.0010719	342.73	476.63	1.4205	0.93689	1.4868	869.19	-0.021049	0.00010444	0.12126	supercritical
434.0	1252.5	933.6	0.0010711	342.58	476.74	1.4199	0.93703	1.4865	870.34	-0.021132	0.00010461	0.12142	supercritical
434.0	1255.8	934.28	0.0010703	342.43	476.84	1.4193	0.93718	1.4863	871.49	-0.021216	0.00010479	0.12158	supercritical
434.0	1259.0	934.96	0.0010696	342.28	476.94	1.4188	0.93733	1.486	872.64	-0.021298	0.00010496	0.12175	supercritical
434.0	1262.2	935.64	0.0010688	342.13	477.04	1.4182	0.93748	1.4857	873.79	-0.02138	0.00010513	0.12191	supercritical
434.0	1265.5	936.31	0.001068	341.99	477.15	1.4176	0.93762	1.4855	874.93	-0.021462	0.0001053	0.12207	supercritical
434.0	1268.8	936.98	0.0010673	341.84	477.25	1.4171	0.93777	1.4852	876.07	-0.021543	0.00010547	0.12223	supercritical
434.0	1272.0	937.65	0.0010665	341.7	477.35	1.4165	0.93792	1.485	877.21	-0.021623	0.00010565	0.12239	supercritical
434.0	1275.2	938.32	0.0010657	341.55	477.46	1.416	0.93807	1.4847	878.35	-0.021703	0.00010582	0.12255	supercritical
434.0	1278.5	938.98	0.001065	341.41	477.56	1.4154	0.93821	1.4845	879.48	-0.021783	0.00010599	0.12271	supercritical
434.0	1281.8	939.65	0.0010642	341.26	477.67	1.4148	0.93836	1.4842	880.61	-0.021862	0.00010616	0.12287	supercritical
434.0	1285.0	940.31	0.0010635	341.12	477.77	1.4143	0.93851	1.484	881.74	-0.02194	0.00010633	0.12303	supercritical
434.0	1288.2	940.97	0.0010627	340.97	477.88	1.4137	0.93866	1.4837	882.87	-0.022018	0.0001065	0.12319	supercritical
434.0	1291.5	941.63	0.001062	340.83	477.99	1.4132	0.9388	1.4835	884.0	-0.022095	0.00010668	0.12336	supercritical
434.0	1294.8	942.28	0.0010613	340.69	478.09	1.4126	0.93895	1.4832	885.12	-0.022172	0.00010685	0.12352	supercritical
434.0	1298.0	942.94	0.0010605	340.55	478.2	1.4121	0.9391	1.483	886.24	-0.022249	0.00010702	0.12368	supercritical
434.0	1301.2	943.59	0.0010598	340.4	478.31	1.4115	0.93925	1.4827	887.36	-0.022325	0.00010719	0.12384	supercritical
434.0	1304.5	944.24	0.0010591	340.26	478.42	1.411	0.93939	1.4825	888.48	-0.0224	0.00010736	0.12399	supercritical
434.0	1307.8	944.89	0.0010583	340.12	478.52	1.4105	0.93954	1.4822	889.59	-0.022475	0.00010753	0.12415	supercritical
434.0	1311.0	945.54	0.0010576	339.98	478.63	1.4099	0.93969	1.482	890.7	-0.02255	0.0001077	0.12431	supercritical
434.0	1314.2	946.18	0.0010569	339.84	478.74	1.4094	0.93984	1.4818	891.81	-0.022624	0.00010787	0.12447	supercritical
434.0	1317.5	946.83	0.0010562	339.7	478.85	1.4088	0.93999	1.4815	892.92	-0.022697	0.00010804	0.12463	supercritical
434.0	1320.8	947.47	0.0010554	339.56	478.96	1.4083	0.94013	1.4813	894.03	-0.02277	0.00010821	0.12479	supercritical
434.0	1324.0	948.11	0.0010547	339.42	479.07	1.4078	0.94028	1.4811	895.13	-0.022843	0.00010838	0.12495	supercritical
434.0	1327.2	948.74	0.001054	339.28	479.18	1.4072	0.94043	1.4808	896.24	-0.022915	0.00010855	0.12511	supercritical
434.0	1330.5	949.38	0.0010533	339.15	479.29	1.4067	0.94058	1.4806	897.34	-0.022987	0.00010872	0.12527	supercritical
434.0	1333.8	950.02	0.0010526	339.01	479.4	1.4062	0.94072	1.4804	898.43	-0.023059	0.00010889	0.12543	supercritical
434.0	1337.0	950.65	0.0010519	338.87	479.51	1.4056	0.94087	1.4801	899.53	-0.023129	0.00010906	0.12558	supercritical
434.0	1340.2	951.28	0.0010512	338.73	479.62	1.4051	0.94102	1.4799	900.63	-0.0232	0.00010923	0.12574	supercritical
434.0	1343.5	951.91	0.0010505	338.6	479.74	1.4046	0.94117	1.4797	901.72	-0.02327	0.0001094	0.1259	supercritical
434.0	1346.8	952.54	0.0010498	338.46	479.85	1.404	0.94131	1.4795	902.81	-0.02334	0.00010957	0.12606	supercritical
434.0	1350.0	953.16	0.0010491	338.33	479.96	1.4035	0.94146	1.4792	903.9	-0.023409	0.00010973	0.12622	supercritical
434.0	1353.2	953.79	0.0010485	338.19	480.07	1.403	0.94161	1.479	904.98	-0.023477	0.0001099	0.12637	supercritical
434.0	1356.5	954.41	0.0010478	338.06	480.19	1.4025	0.94176	1.4788	906.07	-0.023546	0.00011007	0.12653	supercritical
434.0	1359.8	955.03	0.0010471	337.92	480.3	1.4019	0.94191	1.4786	907.15	-0.023614	0.00011024	0.12669	supercritical
434.0	1363.0	955.65	0.0010464	337.79	480.41	1.4014	0.94205	1.4784	908.23	-0.023681	0.00011041	0.12685	supercritical
434.0	1366.2	956.27	0.0010457	337.65	480.53	1.4009	0.9422	1.4781	909.31	-0.023748	0.00011058	0.127	supercritical
434.0	1369.5	956.88	0.0010451	337.52	480.64	1.4004	0.94235	1.4779	910.38	-0.023815	0.00011075	0.12716	supercritical
434.0	1372.8	957.5	0.0010444	337.39	480.76	1.3999	0.9425	1.4777	911.46	-0.023881	0.00011091	0.12732	supercritical
434.0	1376.0	958.11	0.0010437	337.25	480.87	1.3993	0.94264	1.4775	912.53	-0.023947	0.00011108	0.12747	supercritical
434.0	1379.2	958.72	0.0010431	337.12	480.99	1.3988	0.94279	1.4773	913.6	-0.024013	0.00011125	0.12763	supercritical
434.0	1382.5	959.33	0.0010424	336.99	481.1	1.3983	0.94294	1.4771	914.67	-0.024078	0.00011142	0.12779	supercritical
434.0	1385.8	959.94	0.0010417	336.86	481.22	1.3978	0.94309	1.4769	915.73	-0.024143	0.00011158	0.12794	supercritical
434.0	1389.0	960.54	0.0010411	336.73	481.33	1.3973	0.94324	1.4767	916.8	-0.024207	0.00011175	0.1281	supercritical
434.0	1392.2	961.15	0.0010404	336.6	481.45	1.3968	0.94338	1.4764	917.86	-0.024271	0.00011192	0.12826	supercritical
434.0	1395.5	961.75	0.0010398	336.47	481.57	1.3963	0.94353	1.4762	918.92	-0.024335	0.00011209	0.12841	supercritical
434.0	1398.8	962.35	0.0010391	336.34	481.68	1.3957	0.94368	1.476	919.98	-0.024398	0.00011225	0.12857	supercritical
434.0	1402.0	962.95	0.0010385	336.21	481.8	1.3952	0.94383	1.4758	921.04	-0.024461	0.00011242	0.12872	supercritical
434.0	1405.2	963.55	0.0010378	336.08	481.92	1.3947	0.94398	1.4756	922.09	-0.024523	0.00011259	0.12888	supercritical
434.0	1408.5	964.15	0.0010372	335.95	482.03	1.3942	0.94412	1.4754	923.15	-0.024585	0.00011276	0.12904	supercritical
434.0	1411.8	964.74	0.0010365	335.82	482.15	1.3937	0.94427	1.4752	924.2	-0.024647	0.00011292	0.12919	supercritical
434.0	1415.0	965.34	0.0010359	335.69	482.27	1.3932	0.94442	1.475	925.25	-0.024708	0.00011309	0.12935	supercritical
434.0	1418.2	965.93	0.0010353	335.56	482.39	1.3927	0.94457	1.4748	926.3	-0.024769	0.00011326	0.1295	supercritical
434.0	1421.5	966.52	0.0010346	335.43	482.51	1.3922	0.94471	1.4746	927.34	-0.02483	0.00011342	0.12966	supercritical
434.0	1424.8	967.11	0.001034	335.31	482.63	1.3917	0.94486	1.4744	928.39	-0.02489	0.00011359	0.12981	supercritical
434.0	1428.0	967.69	0.0010334	335.18	482.75	1.3912	0.94501	1.4742	929.43	-0.02495	0.00011376	0.12997	supercritical
434.0	1431.2	968.28	0.0010328	335.05	482.87	1.3907	0.94516	1.4741	930.47	-0.02501	0.00011392	0.13012	supercritical
434.0	1434.5	968.87	0.0010321	334.93	482.99	1.3902	0.94531	1.4739	931.51	-0.025069	0.00011409	0.13028	supercritical
434.0	1437.8	969.45	0.0010315	334.8	483.11	1.3897	0.94545	1.4737	932.55	-0.025128	0.00011425	0.13043	supercritical
434.0	1441.0	970.03	0.0010309	334.68	483.23	1.3892	0.9456	1.4735	933.58	-0.025187	0.00011442	0.13058	supercritical
434.0	1444.2	970.61	0.0010303	334.55	483.35	1.3887	0.94575	1.4733	934.61	-0.025245	0.00011459	0.13074	supercritical
434.0	1447.5	971.19	0.0010297	334.42	483.47	1.3882	0.9459	1.4731	935.65	-0.025303	0.00011475	0.13089	supercritical
434.0	1450.8	971.77	0.0010291	334.3	483.59	1.3878	0.94604	1.4729	936.68	-0.025361	0.00011492	0.13105	supercritical
434.0	1454.0	972.34	0.0010284	334.18	483.71	1.3873	0.94619	1.4727	937.7	-0.025418	0.00011508	0.1312	supercritical
434.0	1457.2	972.92	0.0010278	334.05	483.83	1.3868	0.94634	1.4725	938.73	-0.025475	0.00011525	0.13136	supercritical
434.0	1460.5	973.49	0.0010272	333.93	483.96	1.3863	0.94649	1.4724	939.75	-0.025532	0.00011541	0.13151	supercritical
434.0	1463.8	974.06	0.0010266	333.81	484.08	1.3858	0.94664	1.4722	940.78	-0.025588	0.00011558	0.13166	supercritical
434.0	1467.0	974.63	0.001026	333.68	484.2	1.3853	0.94678	1.472	941.8	-0.025644	0.00011574	0.13182	supercritical
434.0	1470.2	975.2	0.0010254	333.56	484.32	1.3848	0.94693	1.4718	942.82	-0.0257	0.00011591	0.13197	supercritical
434.0	1473.5	975.77	0.0010248	333.44	484.45	1.3843	0.94708	1.4716	943.84	-0.025755	0.00011607	0.13212	supercritical
434.0	1476.8	976.34	0.0010242	333.32	484.57	1.3839	0.94723	1.4715	944.85	-0.02581	0.00011624	0.13228	supercritical
434.0	1480.0	976.9	0.0010236	333.19	484.69	1.3834	0.94737	1.4713	945.87	-0.025865	0.0001164	0.13243	supercritical
434.0	1483.2	977.46	0.0010231	333.07	484.82	1.3829	0.94752	1.4711	946.88	-0.025919	0.00011657	0.13258	supercritical
434.0	1486.5	978.03	0.0010225	332.95	484.94	1.3824	0.94767	1.4709	947.89	-0.025974	0.00011673	0.13273	supercritical
434.0	1489.8	978.59	0.0010219	332.83	485.07	1.3819	0.94782	1.4707	948.9	-0.026028	0.0001169	0.13289	supercritical
434.0	1493.0	979.15	0.0010213	332.71	485.19	1.3815	0.94796	1.4706	949.91	-0.026081	0.00011706	0.13304	supercritical
434.0	1496.2	979.7	0.0010207	332.59	485.31	1.381	0.94811	1.4704	950.91	-0.026134	0.00011723	0.13319	supercritical
434.0	1499.5	980.26	0.0010201	332.47	485.44	1.3805	0.94826	1.4702	951.92	-0.026187	0.00011739	0.13335	supercritical
434.0	1502.8	980.82	0.0010196	332.35	485.56	1.38	0.94841	1.4701	952.92	-0.02624	0.00011756	0.1335	supercritical
434.0	1506.0	981.37	0.001019	332.23	485.69	1.3796	0.94855	1.4699	953.92	-0.026293	0.00011772	0.13365	supercritical
434.0	1509.2	981.92	0.0010184	332.11	485.82	1.3791	0.9487	1.4697	954.92	-0.026345	0.00011788	0.1338	supercritical
434.0	1512.5	982.48	0.0010178	331.99	485.94	1.3786	0.94885	1.4695	955.92	-0.026396	0.00011805	0.13395	supercritical
434.0	1515.8	983.03	0.0010173	331.88	486.07	1.3781	0.949	1.4694	956.91	-0.026448	0.00011821	0.13411	supercritical
434.0	1519.0	983.57	0.0010167	331.76	486.19	1.3777	0.94914	1.4692	957.91	-0.026499	0.00011838	0.13426	supercritical
434.0	1522.2	984.12	0.0010161	331.64	486.32	1.3772	0.94929	1.469	958.9	-0.02655	0.00011854	0.13441	supercritical
434.0	1525.5	984.67	0.0010156	331.52	486.45	1.3767	0.94944	1.4689	959.89	-0.026601	0.0001187	0.13456	supercritical
434.0	1528.8	985.21	0.001015	331.41	486.58	1.3763	0.94959	1.4687	960.88	-0.026651	0.00011887	0.13471	supercritical
434.0	1532.0	985.76	0.0010144	331.29	486.7	1.3758	0.94973	1.4686	961.87	-0.026702	0.00011903	0.13486	supercritical
434.0	1535.2	986.3	0.0010139	331.17	486.83	1.3753	0.94988	1.4684	962.85	-0.026752	0.00011919	0.13502	supercritical
434.0	1538.5	986.84	0.0010133	331.06	486.96	1.3749	0.95003	1.4682	963.84	-0.026801	0.00011936	0.13517	supercritical
434.0	1541.8	987.38	0.0010128	330.94	487.09	1.3744	0.95018	1.4681	964.82	-0.026851	0.00011952	0.13532	supercritical
434.0	1545.0	987.92	0.0010122	330.82	487.21	1.3739	0.95032	1.4679	965.8	-0.0269	0.00011968	0.13547	supercritical
434.0	1548.2	988.46	0.0010117	330.71	487.34	1.3735	0.95047	1.4678	966.78	-0.026949	0.00011985	0.13562	supercritical
434.0	1551.5	988.99	0.0010111	330.59	487.47	1.373	0.95062	1.4676	967.76	-0.026997	0.00012001	0.13577	supercritical
434.0	1554.8	989.53	0.0010106	330.48	487.6	1.3726	0.95077	1.4674	968.74	-0.027046	0.00012017	0.13592	supercritical
434.0	1558.0	990.06	0.00101	330.37	487.73	1.3721	0.95091	1.4673	969.71	-0.027094	0.00012033	0.13607	supercritical
434.0	1561.2	990.6	0.0010095	330.25	487.86	1.3716	0.95106	1.4671	970.69	-0.027141	0.0001205	0.13622	supercritical
434.0	1564.5	991.13	0.001009	330.14	487.99	1.3712	0.95121	1.467	971.66	-0.027189	0.00012066	0.13637	supercritical
434.0	1567.8	991.66	0.0010084	330.02	488.12	1.3707	0.95136	1.4668	972.63	-0.027236	0.00012082	0.13652	supercritical
434.0	1571.0	992.19	0.0010079	329.91	488.25	1.3703	0.9515	1.4667	973.6	-0.027283	0.00012099	0.13667	supercritical
434.0	1574.2	992.71	0.0010073	329.8	488.38	1.3698	0.95165	1.4665	974.56	-0.02733	0.00012115	0.13682	supercritical
434.0	1577.5	993.24	0.0010068	329.68	488.51	1.3694	0.9518	1.4664	975.53	-0.027377	0.00012131	0.13697	supercritical
434.0	1580.8	993.77	0.0010063	329.57	488.64	1.3689	0.95194	1.4662	976.49	-0.027423	0.00012147	0.13712	supercritical
434.0	1584.0	994.29	0.0010057	329.46	488.77	1.3685	0.95209	1.4661	977.46	-0.027469	0.00012164	0.13727	supercritical
434.0	1587.2	994.81	0.0010052	329.35	488.9	1.368	0.95224	1.4659	978.42	-0.027515	0.0001218	0.13742	supercritical
434.0	1590.5	995.34	0.0010047	329.24	489.03	1.3676	0.95239	1.4658	979.38	-0.027561	0.00012196	0.13757	supercritical
434.0	1593.8	995.86	0.0010042	329.13	489.16	1.3671	0.95253	1.4656	980.34	-0.027606	0.00012212	0.13772	supercritical
434.0	1597.0	996.38	0.0010036	329.01	489.29	1.3667	0.95268	1.4655	981.29	-0.027651	0.00012228	0.13787	supercritical
434.0	1600.2	996.9	0.0010031	328.9	489.43	1.3662	0.95283	1.4653	982.25	-0.027696	0.00012245	0.13802	supercritical
434.0	1603.5	997.41	0.0010026	328.79	489.56	1.3658	0.95297	1.4652	983.2	-0.027741	0.00012261	0.13817	supercritical
434.0	1606.8	997.93	0.0010021	328.68	489.69	1.3653	0.95312	1.465	984.16	-0.027785	0.00012277	0.13832	supercritical
434.0	1610.0	998.44	0.0010016	328.57	489.82	1.3649	0.95327	1.4649	985.11	-0.02783	0.00012293	0.13847	supercritical
434.0	1613.2	998.96	0.001001	328.46	489.96	1.3644	0.95342	1.4647	986.06	-0.027874	0.00012309	0.13862	supercritical
434.0	1616.5	999.47	0.0010005	328.35	490.09	1.364	0.95356	1.4646	987.0	-0.027917	0.00012325	0.13877	supercritical
434.0	1619.8	999.98	0.001	328.24	490.22	1.3635	0.95371	1.4645	987.95	-0.027961	0.00012342	0.13892	supercritical
434.0	1623.0	1000.5	0.00099951	328.13	490.35	1.3631	0.95386	1.4643	988.9	-0.028004	0.00012358	0.13907	supercritical
434.0	1626.2	1001.0	0.000999	328.03	490.49	1.3627	0.954	1.4642	989.84	-0.028047	0.00012374	0.13922	supercritical
434.0	1629.5	1001.5	0.00099849	327.92	490.62	1.3622	0.95415	1.464	990.78	-0.02809	0.0001239	0.13936	supercritical
434.0	1632.8	1002.0	0.00099798	327.81	490.76	1.3618	0.9543	1.4639	991.72	-0.028133	0.00012406	0.13951	supercritical
434.0	1636.0	1002.5	0.00099748	327.7	490.89	1.3613	0.95444	1.4638	992.66	-0.028175	0.00012422	0.13966	supercritical
434.0	1639.2	1003.0	0.00099698	327.59	491.02	1.3609	0.95459	1.4636	993.6	-0.028218	0.00012438	0.13981	supercritical
434.0	1642.5	1003.5	0.00099648	327.49	491.16	1.3605	0.95474	1.4635	994.54	-0.02826	0.00012454	0.13996	supercritical
434.0	1645.8	1004.0	0.00099598	327.38	491.29	1.36	0.95488	1.4633	995.47	-0.028301	0.00012471	0.14011	supercritical
434.0	1649.0	1004.5	0.00099548	327.27	491.43	1.3596	0.95503	1.4632	996.4	-0.028343	0.00012487	0.14025	supercritical
434.0	1652.2	1005.0	0.00099498	327.17	491.56	1.3592	0.95518	1.4631	997.34	-0.028384	0.00012503	0.1404	supercritical
434.0	1655.5	1005.5	0.00099449	327.06	491.7	1.3587	0.95532	1.4629	998.27	-0.028426	0.00012519	0.14055	supercritical
434.0	1658.8	1006.0	0.000994	326.95	491.83	1.3583	0.95547	1.4628	999.2	-0.028467	0.00012535	0.1407	supercritical
434.0	1662.0	1006.5	0.0009935	326.85	491.97	1.3579	0.95562	1.4627	1000.1	-0.028507	0.00012551	0.14085	supercritical
434.0	1665.2	1007.0	0.00099301	326.74	492.1	1.3574	0.95576	1.4625	1001.1	-0.028548	0.00012567	0.14099	supercritical
434.0	1668.5	1007.5	0.00099253	326.64	492.24	1.357	0.95591	1.4624	1002.0	-0.028588	0.00012583	0.14114	supercritical
434.0	1671.8	1008.0	0.00099204	326.53	492.37	1.3566	0.95606	1.4623	1002.9	-0.028629	0.00012599	0.14129	supercritical
434.0	1675.0	1008.5	0.00099155	326.43	492.51	1.3561	0.9562	1.4622	1003.8	-0.028669	0.00012615	0.14144	supercritical
434.0	1678.2	1009.0	0.00099107	326.32	492.65	1.3557	0.95635	1.462	1004.7	-0.028708	0.00012631	0.14158	supercritical
434.0	1681.5	1009.5	0.00099059	326.22	492.78	1.3553	0.9565	1.4619	1005.7	-0.028748	0.00012647	0.14173	supercritical
434.0	1684.8	1010.0	0.0009901	326.11	492.92	1.3549	0.95664	1.4618	1006.6	-0.028787	0.00012663	0.14188	supercritical
434.0	1688.0	1010.5	0.00098962	326.01	493.06	1.3544	0.95679	1.4616	1007.5	-0.028826	0.00012679	0.14203	supercritical
434.0	1691.2	1011.0	0.00098915	325.91	493.19	1.354	0.95694	1.4615	1008.4	-0.028865	0.00012695	0.14217	supercritical
434.0	1694.5	1011.5	0.00098867	325.8	493.33	1.3536	0.95708	1.4614	1009.3	-0.028904	0.00012711	0.14232	supercritical
434.0	1697.8	1011.9	0.00098819	325.7	493.47	1.3532	0.95723	1.4613	1010.2	-0.028943	0.00012727	0.14247	supercritical
434.0	1701.0	1012.4	0.00098772	325.6	493.61	1.3527	0.95738	1.4611	1011.2	-0.028981	0.00012743	0.14261	supercritical
434.0	1704.2	1012.9	0.00098725	325.49	493.74	1.3523	0.95752	1.461	1012.1	-0.02902	0.00012759	0.14276	supercritical
434.0	1707.5	1013.4	0.00098678	325.39	493.88	1.3519	0.95767	1.4609	1013.0	-0.029058	0.00012775	0.14291	supercritical
434.0	1710.8	1013.9	0.00098631	325.29	494.02	1.3515	0.95781	1.4608	1013.9	-0.029096	0.00012791	0.14305	supercritical
434.0	1714.0	1014.4	0.00098584	325.19	494.16	1.3511	0.95796	1.4606	1014.8	-0.029133	0.00012807	0.1432	supercritical
434.0	1717.2	1014.8	0.00098537	325.08	494.3	1.3506	0.95811	1.4605	1015.7	-0.029171	0.00012823	0.14335	supercritical
434.0	1720.5	1015.3	0.00098491	324.98	494.44	1.3502	0.95825	1.4604	1016.6	-0.029208	0.00012839	0.14349	supercritical
434.0	1723.8	1015.8	0.00098444	324.88	494.57	1.3498	0.9584	1.4603	1017.5	-0.029245	0.00012855	0.14364	supercritical
434.0	1727.0	1016.3	0.00098398	324.78	494.71	1.3494	0.95855	1.4602	1018.4	-0.029282	0.00012871	0.14379	supercritical
434.0	1730.2	1016.8	0.00098352	324.68	494.85	1.349	0.95869	1.46	1019.3	-0.029319	0.00012887	0.14393	supercritical
434.0	1733.5	1017.2	0.00098306	324.58	494.99	1.3485	0.95884	1.4599	1020.2	-0.029356	0.00012903	0.14408	supercritical
434.0	1736.8	1017.7	0.0009826	324.48	495.13	1.3481	0.95898	1.4598	1021.1	-0.029392	0.00012919	0.14422	supercritical
434.0	1740.0	1018.2	0.00098214	324.38	495.27	1.3477	0.95913	1.4597	1022.0	-0.029428	0.00012935	0.14437	supercritical
434.0	1743.2	1018.7	0.00098168	324.28	495.41	1.3473	0.95928	1.4596	1022.9	-0.029464	0.00012951	0.14452	supercritical
434.0	1746.5	1019.1	0.00098123	324.18	495.55	1.3469	0.95942	1.4595	1023.8	-0.0295	0.00012967	0.14466	supercritical
434.0	1749.8	1019.6	0.00098078	324.08	495.69	1.3465	0.95957	1.4593	1024.7	-0.029536	0.00012983	0.14481	supercritical
434.0	1753.0	1020.1	0.00098032	323.98	495.83	1.3461	0.95971	1.4592	1025.6	-0.029572	0.00012999	0.14495	supercritical
434.0	1756.2	1020.5	0.00097987	323.88	495.97	1.3457	0.95986	1.4591	1026.5	-0.029607	0.00013014	0.1451	supercritical
434.0	1759.5	1021.0	0.00097942	323.78	496.11	1.3452	0.96	1.459	1027.3	-0.029642	0.0001303	0.14525	supercritical
434.0	1762.8	1021.5	0.00097898	323.68	496.25	1.3448	0.96015	1.4589	1028.2	-0.029677	0.00013046	0.14539	supercritical
434.0	1766.0	1021.9	0.00097853	323.58	496.39	1.3444	0.9603	1.4588	1029.1	-0.029712	0.00013062	0.14554	supercritical
434.0	1769.2	1022.4	0.00097808	323.49	496.53	1.344	0.96044	1.4587	1030.0	-0.029747	0.00013078	0.14568	supercritical
434.0	1772.5	1022.9	0.00097764	323.39	496.67	1.3436	0.96059	1.4586	1030.9	-0.029782	0.00013094	0.14583	supercritical
434.0	1775.8	1023.3	0.00097719	323.29	496.82	1.3432	0.96073	1.4584	1031.8	-0.029816	0.0001311	0.14597	supercritical
434.0	1779.0	1023.8	0.00097675	323.19	496.96	1.3428	0.96088	1.4583	1032.6	-0.02985	0.00013126	0.14612	supercritical
434.0	1782.2	1024.3	0.00097631	323.09	497.1	1.3424	0.96102	1.4582	1033.5	-0.029884	0.00013141	0.14626	supercritical
434.0	1785.5	1024.7	0.00097587	323.0	497.24	1.342	0.96117	1.4581	1034.4	-0.029918	0.00013157	0.14641	supercritical
434.0	1788.8	1025.2	0.00097543	322.9	497.38	1.3416	0.96132	1.458	1035.3	-0.029952	0.00013173	0.14655	supercritical
434.0	1792.0	1025.6	0.000975	322.8	497.52	1.3412	0.96146	1.4579	1036.2	-0.029986	0.00013189	0.1467	supercritical
434.0	1795.2	1026.1	0.00097456	322.71	497.67	1.3408	0.96161	1.4578	1037.0	-0.030019	0.00013205	0.14684	supercritical
434.0	1798.5	1026.6	0.00097413	322.61	497.81	1.3404	0.96175	1.4577	1037.9	-0.030052	0.00013221	0.14699	supercritical
434.0	1801.8	1027.0	0.00097369	322.52	497.95	1.34	0.9619	1.4576	1038.8	-0.030086	0.00013237	0.14713	supercritical
434.0	1805.0	1027.5	0.00097326	322.42	498.09	1.3396	0.96204	1.4575	1039.6	-0.030119	0.00013252	0.14727	supercritical
434.0	1808.2	1027.9	0.00097283	322.32	498.24	1.3392	0.96219	1.4574	1040.5	-0.030151	0.00013268	0.14742	supercritical
434.0	1811.5	1028.4	0.0009724	322.23	498.38	1.3388	0.96233	1.4573	1041.4	-0.030184	0.00013284	0.14756	supercritical
434.0	1814.8	1028.8	0.00097197	322.13	498.52	1.3384	0.96248	1.4572	1042.3	-0.030217	0.000133	0.14771	supercritical
434.0	1818.0	1029.3	0.00097155	322.04	498.67	1.338	0.96262	1.457	1043.1	-0.030249	0.00013316	0.14785	supercritical
434.0	1821.2	1029.7	0.00097112	321.94	498.81	1.3376	0.96277	1.4569	1044.0	-0.030281	0.00013331	0.148	supercritical
434.0	1824.5	1030.2	0.00097069	321.85	498.95	1.3372	0.96291	1.4568	1044.8	-0.030313	0.00013347	0.14814	supercritical
434.0	1827.8	1030.6	0.00097027	321.75	499.1	1.3368	0.96306	1.4567	1045.7	-0.030345	0.00013363	0.14828	supercritical
434.0	1831.0	1031.1	0.00096985	321.66	499.24	1.3364	0.9632	1.4566	1046.6	-0.030377	0.00013379	0.14843	supercritical
434.0	1834.2	1031.5	0.00096943	321.57	499.38	1.336	0.96335	1.4565	1047.4	-0.030409	0.00013395	0.14857	supercritical
434.0	1837.5	1032.0	0.00096901	321.47	499.53	1.3356	0.96349	1.4564	1048.3	-0.03044	0.0001341	0.14872	supercritical
434.0	1840.8	1032.4	0.00096859	321.38	499.67	1.3352	0.96364	1.4563	1049.1	-0.030472	0.00013426	0.14886	supercritical
434.0	1844.0	1032.9	0.00096817	321.29	499.82	1.3348	0.96378	1.4562	1050.0	-0.030503	0.00013442	0.149	supercritical
434.0	1847.2	1033.3	0.00096775	321.19	499.96	1.3344	0.96393	1.4561	1050.9	-0.030534	0.00013458	0.14915	supercritical
434.0	1850.5	1033.8	0.00096734	321.1	500.1	1.334	0.96407	1.456	1051.7	-0.030565	0.00013474	0.14929	supercritical
434.0	1853.8	1034.2	0.00096692	321.01	500.25	1.3337	0.96422	1.4559	1052.6	-0.030596	0.00013489	0.14943	supercritical
434.0	1857.0	1034.7	0.00096651	320.91	500.39	1.3333	0.96436	1.4558	1053.4	-0.030627	0.00013505	0.14958	supercritical
434.0	1860.2	1035.1	0.0009661	320.82	500.54	1.3329	0.96451	1.4557	1054.3	-0.030657	0.00013521	0.14972	supercritical
434.0	1863.5	1035.5	0.00096568	320.73	500.68	1.3325	0.96465	1.4556	1055.1	-0.030687	0.00013537	0.14986	supercritical
434.0	1866.8	1036.0	0.00096527	320.64	500.83	1.3321	0.9648	1.4555	1056.0	-0.030718	0.00013552	0.15001	supercritical
434.0	1870.0	1036.4	0.00096486	320.55	500.97	1.3317	0.96494	1.4554	1056.8	-0.030748	0.00013568	0.15015	supercritical
434.0	1873.2	1036.9	0.00096446	320.45	501.12	1.3313	0.96509	1.4554	1057.7	-0.030778	0.00013584	0.15029	supercritical
434.0	1876.5	1037.3	0.00096405	320.36	501.27	1.3309	0.96523	1.4553	1058.5	-0.030808	0.000136	0.15044	supercritical
434.0	1879.8	1037.7	0.00096364	320.27	501.41	1.3305	0.96538	1.4552	1059.4	-0.030837	0.00013615	0.15058	supercritical
434.0	1883.0	1038.2	0.00096324	320.18	501.56	1.3302	0.96552	1.4551	1060.2	-0.030867	0.00013631	0.15072	supercritical
434.0	1886.2	1038.6	0.00096283	320.09	501.7	1.3298	0.96567	1.455	1061.0	-0.030896	0.00013647	0.15087	supercritical
434.0	1889.5	1039.0	0.00096243	320.0	501.85	1.3294	0.96581	1.4549	1061.9	-0.030926	0.00013662	0.15101	supercritical
434.0	1892.8	1039.5	0.00096203	319.91	502.0	1.329	0.96595	1.4548	1062.7	-0.030955	0.00013678	0.15115	supercritical
434.0	1896.0	1039.9	0.00096163	319.82	502.14	1.3286	0.9661	1.4547	1063.6	-0.030984	0.00013694	0.15129	supercritical
434.0	1899.2	1040.3	0.00096123	319.73	502.29	1.3282	0.96624	1.4546	1064.4	-0.031013	0.0001371	0.15144	supercritical
434.0	1902.5	1040.8	0.00096083	319.64	502.44	1.3279	0.96639	1.4545	1065.2	-0.031042	0.00013725	0.15158	supercritical
434.0	1905.8	1041.2	0.00096043	319.55	502.58	1.3275	0.96653	1.4544	1066.1	-0.03107	0.00013741	0.15172	supercritical
434.0	1909.0	1041.6	0.00096004	319.46	502.73	1.3271	0.96668	1.4543	1066.9	-0.031099	0.00013757	0.15186	supercritical
434.0	1912.2	1042.1	0.00095964	319.37	502.88	1.3267	0.96682	1.4542	1067.7	-0.031127	0.00013772	0.15201	supercritical
434.0	1915.5	1042.5	0.00095925	319.28	503.02	1.3263	0.96696	1.4542	1068.6	-0.031156	0.00013788	0.15215	supercritical
434.0	1918.8	1042.9	0.00095886	319.19	503.17	1.326	0.96711	1.4541	1069.4	-0.031184	0.00013804	0.15229	supercritical
434.0	1922.0	1043.3	0.00095846	319.1	503.32	1.3256	0.96725	1.454	1070.2	-0.031212	0.00013819	0.15243	supercritical
434.0	1925.2	1043.8	0.00095807	319.01	503.47	1.3252	0.9674	1.4539	1071.1	-0.03124	0.00013835	0.15258	supercritical
434.0	1928.5	1044.2	0.00095768	318.92	503.61	1.3248	0.96754	1.4538	1071.9	-0.031268	0.00013851	0.15272	supercritical
434.0	1931.8	1044.6	0.00095729	318.84	503.76	1.3245	0.96768	1.4537	1072.7	-0.031295	0.00013866	0.15286	supercritical
434.0	1935.0	1045.0	0.0009569	318.75	503.91	1.3241	0.96783	1.4536	1073.5	-0.031323	0.00013882	0.153	supercritical
434.0	1938.2	1045.5	0.00095652	318.66	504.06	1.3237	0.96797	1.4535	1074.4	-0.03135	0.00013898	0.15314	supercritical
434.0	1941.5	1045.9	0.00095613	318.57	504.21	1.3233	0.96812	1.4535	1075.2	-0.031377	0.00013913	0.15328	supercritical
434.0	1944.8	1046.3	0.00095574	318.49	504.35	1.323	0.96826	1.4534	1076.0	-0.031405	0.00013929	0.15343	supercritical
434.0	1948.0	1046.7	0.00095536	318.4	504.5	1.3226	0.9684	1.4533	1076.8	-0.031432	0.00013945	0.15357	supercritical
434.0	1951.2	1047.1	0.00095498	318.31	504.65	1.3222	0.96855	1.4532	1077.7	-0.031459	0.0001396	0.15371	supercritical
434.0	1954.5	1047.6	0.00095459	318.22	504.8	1.3218	0.96869	1.4531	1078.5	-0.031486	0.00013976	0.15385	supercritical
434.0	1957.8	1048.0	0.00095421	318.14	504.95	1.3215	0.96884	1.453	1079.3	-0.031512	0.00013992	0.15399	supercritical
434.0	1961.0	1048.4	0.00095383	318.05	505.1	1.3211	0.96898	1.4529	1080.1	-0.031539	0.00014007	0.15413	supercritical
434.0	1964.2	1048.8	0.00095345	317.96	505.25	1.3207	0.96912	1.4529	1080.9	-0.031565	0.00014023	0.15428	supercritical
434.0	1967.5	1049.2	0.00095307	317.88	505.4	1.3204	0.96927	1.4528	1081.7	-0.031592	0.00014039	0.15442	supercritical
434.0	1970.8	1049.7	0.0009527	317.79	505.54	1.32	0.96941	1.4527	1082.6	-0.031618	0.00014054	0.15456	supercritical
434.0	1974.0	1050.1	0.00095232	317.71	505.69	1.3196	0.96955	1.4526	1083.4	-0.031644	0.0001407	0.1547	supercritical
434.0	1977.2	1050.5	0.00095194	317.62	505.84	1.3192	0.9697	1.4525	1084.2	-0.03167	0.00014085	0.15484	supercritical
434.0	1980.5	1050.9	0.00095157	317.53	505.99	1.3189	0.96984	1.4524	1085.0	-0.031696	0.00014101	0.15498	supercritical
434.0	1983.8	1051.3	0.0009512	317.45	506.14	1.3185	0.96998	1.4524	1085.8	-0.031722	0.00014117	0.15512	supercritical
434.0	1987.0	1051.7	0.00095082	317.36	506.29	1.3181	0.97013	1.4523	1086.6	-0.031748	0.00014132	0.15526	supercritical
434.0	1990.2	1052.1	0.00095045	317.28	506.44	1.3178	0.97027	1.4522	1087.4	-0.031773	0.00014148	0.15541	supercritical
434.0	1993.5	1052.5	0.00095008	317.19	506.59	1.3174	0.97041	1.4521	1088.2	-0.031799	0.00014164	0.15555	supercritical
434.0	1996.8	1053.0	0.00094971	317.11	506.74	1.317	0.97056	1.452	1089.0	-0.031824	0.00014179	0.15569	supercritical
434.0	2000.0	1053.4	0.00094934	317.02	506.89	1.3167	0.9707	1.452	1089.8	-0.031849	0.00014195	0.15583	supercritical
