Temperature (K)	Pressure (bar)	Density (kg/m3)	Volume (m3/kg)	Internal Energy (kJ/kg)	Enthalpy (kJ/kg)	Entropy (J/g*K)	Cv (J/g*K)	Cp (J/g*K)	Sound Spd. (m/s)	Joule-Thomson (K/bar)	Viscosity (Pa*s)	Therm. Cond. (W/m*K)	Phase
535.0	56.5	57.459	0.017404	617.62	715.95	2.5049	0.86123	1.1009	350.22	0.24663	2.6166e-05	0.037804	vapor
535.0	59.75	60.851	0.016434	616.87	715.06	2.493	0.86198	1.1048	350.25	0.24535	2.6222e-05	0.03793	vapor
535.0	63.0	64.25	0.015564	616.13	714.18	2.4816	0.86273	1.1087	350.29	0.24406	2.628e-05	0.038056	vapor
535.0	66.25	67.658	0.01478	615.39	713.31	2.4707	0.86348	1.1126	350.34	0.24276	2.6338e-05	0.038184	vapor
535.0	69.5	71.074	0.01407	614.64	712.43	2.4603	0.86422	1.1165	350.41	0.24144	2.6398e-05	0.038312	vapor
535.0	72.75	74.497	0.013423	613.9	711.55	2.4504	0.86496	1.1204	350.49	0.24011	2.6459e-05	0.038442	vapor
535.0	76.0	77.927	0.012832	613.15	710.68	2.4408	0.8657	1.1243	350.58	0.23878	2.6521e-05	0.038572	vapor
535.0	76.0	77.927	0.012832	613.15	710.68	2.4408	0.8657	1.1243	350.58	0.23878	2.6521e-05	0.038572	supercritical
535.0	76.0	77.927	0.012832	613.15	710.68	2.4408	0.8657	1.1243	350.58	0.23878	2.6521e-05	0.038572	supercritical
535.0	79.25	81.365	0.01229	612.41	709.81	2.4315	0.86644	1.1283	350.68	0.23743	2.6583e-05	0.038703	supercritical
535.0	82.5	84.81	0.011791	611.66	708.94	2.4226	0.86718	1.1323	350.8	0.23606	2.6647e-05	0.038836	supercritical
535.0	85.75	88.262	0.01133	610.92	708.07	2.4139	0.86791	1.1362	350.93	0.23469	2.6713e-05	0.03897	supercritical
535.0	89.0	91.72	0.010903	610.17	707.21	2.4055	0.86864	1.1402	351.07	0.2333	2.6779e-05	0.039104	supercritical
535.0	92.25	95.185	0.010506	609.43	706.34	2.3974	0.86936	1.1442	351.22	0.2319	2.6846e-05	0.03924	supercritical
535.0	95.5	98.655	0.010136	608.68	705.48	2.3896	0.87008	1.1482	351.39	0.23049	2.6915e-05	0.039377	supercritical
535.0	98.75	102.13	0.0097913	607.93	704.62	2.3819	0.8708	1.1522	351.57	0.22907	2.6985e-05	0.039516	supercritical
535.0	102.0	105.61	0.0094685	607.19	703.77	2.3744	0.87152	1.1562	351.77	0.22764	2.7056e-05	0.039656	supercritical
535.0	105.25	109.1	0.0091659	606.44	702.91	2.3672	0.87223	1.1603	351.97	0.22619	2.7128e-05	0.039797	supercritical
535.0	108.5	112.59	0.0088816	605.69	702.06	2.3601	0.87294	1.1643	352.2	0.22474	2.7201e-05	0.039939	supercritical
535.0	111.75	116.09	0.008614	604.95	701.21	2.3532	0.87364	1.1683	352.43	0.22327	2.7276e-05	0.040083	supercritical
535.0	115.0	119.59	0.0083618	604.2	700.36	2.3465	0.87434	1.1723	352.68	0.22179	2.7352e-05	0.040228	supercritical
535.0	118.25	123.1	0.0081237	603.46	699.52	2.3399	0.87504	1.1764	352.94	0.22029	2.7429e-05	0.040375	supercritical
535.0	121.5	126.61	0.0078985	602.71	698.68	2.3335	0.87573	1.1804	353.22	0.21879	2.7507e-05	0.040523	supercritical
535.0	124.75	130.12	0.0076853	601.97	697.84	2.3272	0.87642	1.1844	353.51	0.21728	2.7587e-05	0.040673	supercritical
535.0	128.0	133.63	0.0074831	601.22	697.01	2.321	0.87711	1.1884	353.82	0.21576	2.7668e-05	0.040824	supercritical
535.0	131.25	137.15	0.0072911	600.48	696.18	2.315	0.87779	1.1924	354.14	0.21422	2.775e-05	0.040977	supercritical
535.0	134.5	140.68	0.0071086	599.74	695.35	2.309	0.87846	1.1964	354.47	0.21268	2.7833e-05	0.041131	supercritical
535.0	137.75	144.2	0.0069349	598.99	694.52	2.3032	0.87913	1.2005	354.82	0.21112	2.7918e-05	0.041287	supercritical
535.0	141.0	147.73	0.0067693	598.25	693.7	2.2975	0.8798	1.2044	355.18	0.20956	2.8004e-05	0.041444	supercritical
535.0	144.25	151.25	0.0066115	597.51	692.88	2.2919	0.88046	1.2084	355.56	0.20799	2.8092e-05	0.041603	supercritical
535.0	147.5	154.78	0.0064607	596.77	692.07	2.2864	0.88112	1.2124	355.96	0.2064	2.8181e-05	0.041764	supercritical
535.0	150.75	158.31	0.0063167	596.03	691.25	2.281	0.88177	1.2164	356.37	0.20481	2.8271e-05	0.041926	supercritical
535.0	154.0	161.84	0.0061789	595.29	690.45	2.2757	0.88242	1.2203	356.79	0.20322	2.8362e-05	0.04209	supercritical
535.0	157.25	165.37	0.006047	594.55	689.64	2.2705	0.88306	1.2242	357.23	0.20161	2.8455e-05	0.042255	supercritical
535.0	160.5	168.9	0.0059206	593.82	688.84	2.2654	0.8837	1.2282	357.69	0.2	2.8549e-05	0.042422	supercritical
535.0	163.75	172.43	0.0057994	593.08	688.05	2.2603	0.88433	1.2321	358.16	0.19838	2.8645e-05	0.042591	supercritical
535.0	167.0	175.96	0.005683	592.35	687.25	2.2554	0.88496	1.2359	358.64	0.19675	2.8742e-05	0.042761	supercritical
535.0	170.25	179.49	0.0055713	591.61	686.47	2.2505	0.88558	1.2398	359.14	0.19512	2.884e-05	0.042933	supercritical
535.0	173.5	183.02	0.005464	590.88	685.68	2.2457	0.8862	1.2436	359.66	0.19348	2.894e-05	0.043107	supercritical
535.0	176.75	186.54	0.0053607	590.15	684.9	2.2409	0.88681	1.2475	360.19	0.19183	2.9041e-05	0.043282	supercritical
535.0	180.0	190.06	0.0052614	589.42	684.13	2.2362	0.88741	1.2513	360.74	0.19018	2.9143e-05	0.043459	supercritical
535.0	183.25	193.58	0.0051657	588.69	683.35	2.2316	0.88801	1.255	361.3	0.18853	2.9247e-05	0.043637	supercritical
535.0	186.5	197.1	0.0050735	587.97	682.59	2.2271	0.88861	1.2588	361.88	0.18687	2.9352e-05	0.043817	supercritical
535.0	189.75	200.62	0.0049847	587.24	681.83	2.2226	0.8892	1.2625	362.48	0.18521	2.9458e-05	0.043998	supercritical
535.0	193.0	204.13	0.0048989	586.52	681.07	2.2182	0.88978	1.2662	363.09	0.18355	2.9566e-05	0.044181	supercritical
535.0	196.25	207.63	0.0048162	585.8	680.31	2.2138	0.89036	1.2699	363.72	0.18188	2.9675e-05	0.044366	supercritical
535.0	199.5	211.13	0.0047363	585.08	679.57	2.2095	0.89093	1.2735	364.36	0.18021	2.9786e-05	0.044552	supercritical
535.0	202.75	214.63	0.0046592	584.36	678.82	2.2053	0.8915	1.2771	365.02	0.17855	2.9898e-05	0.04474	supercritical
535.0	206.0	218.12	0.0045846	583.64	678.08	2.2011	0.89206	1.2807	365.69	0.17687	3.0011e-05	0.044929	supercritical
535.0	209.25	221.61	0.0045125	582.93	677.35	2.197	0.89262	1.2843	366.38	0.1752	3.0126e-05	0.045119	supercritical
535.0	212.5	225.09	0.0044427	582.21	676.62	2.1929	0.89317	1.2878	367.08	0.17353	3.0242e-05	0.045311	supercritical
535.0	215.75	228.56	0.0043751	581.5	675.9	2.1889	0.89371	1.2913	367.8	0.17186	3.0359e-05	0.045504	supercritical
535.0	219.0	232.03	0.0043098	580.8	675.18	2.1849	0.89425	1.2947	368.54	0.17019	3.0478e-05	0.045699	supercritical
535.0	222.25	235.49	0.0042464	580.09	674.47	2.1809	0.89479	1.2982	369.29	0.16852	3.0598e-05	0.045895	supercritical
535.0	225.5	238.95	0.004185	579.38	673.76	2.1771	0.89531	1.3015	370.05	0.16686	3.0719e-05	0.046092	supercritical
535.0	228.75	242.39	0.0041255	578.68	673.05	2.1732	0.89583	1.3049	370.83	0.16519	3.0841e-05	0.046291	supercritical
535.0	232.0	245.83	0.0040678	577.98	672.36	2.1694	0.89635	1.3082	371.63	0.16353	3.0965e-05	0.046491	supercritical
535.0	235.25	249.26	0.0040119	577.28	671.66	2.1657	0.89686	1.3115	372.44	0.16187	3.109e-05	0.046692	supercritical
535.0	238.5	252.68	0.0039575	576.59	670.98	2.162	0.89737	1.3147	373.27	0.16022	3.1217e-05	0.046895	supercritical
535.0	241.75	256.1	0.0039048	575.9	670.29	2.1583	0.89787	1.3179	374.11	0.15857	3.1344e-05	0.047098	supercritical
535.0	245.0	259.5	0.0038536	575.21	669.62	2.1547	0.89836	1.3211	374.96	0.15692	3.1473e-05	0.047303	supercritical
535.0	248.25	262.89	0.0038038	574.52	668.95	2.1511	0.89885	1.3242	375.83	0.15528	3.1603e-05	0.047509	supercritical
535.0	251.5	266.28	0.0037555	573.83	668.28	2.1476	0.89933	1.3273	376.71	0.15365	3.1735e-05	0.047715	supercritical
535.0	254.75	269.65	0.0037084	573.15	667.62	2.1441	0.89981	1.3303	377.61	0.15202	3.1867e-05	0.047923	supercritical
535.0	258.0	273.02	0.0036627	572.47	666.97	2.1406	0.90028	1.3333	378.52	0.15039	3.2001e-05	0.048132	supercritical
535.0	261.25	276.37	0.0036183	571.79	666.32	2.1372	0.90074	1.3363	379.44	0.14877	3.2136e-05	0.048342	supercritical
535.0	264.5	279.72	0.0035751	571.11	665.67	2.1338	0.90121	1.3392	380.38	0.14716	3.2272e-05	0.048553	supercritical
535.0	267.75	283.05	0.003533	570.44	665.04	2.1304	0.90166	1.3421	381.34	0.14556	3.2409e-05	0.048764	supercritical
535.0	271.0	286.37	0.003492	569.77	664.41	2.1271	0.90211	1.3449	382.3	0.14396	3.2548e-05	0.048977	supercritical
535.0	274.25	289.68	0.0034521	569.1	663.78	2.1238	0.90255	1.3477	383.28	0.14238	3.2687e-05	0.04919	supercritical
535.0	277.5	292.98	0.0034132	568.44	663.16	2.1206	0.90299	1.3504	384.27	0.1408	3.2828e-05	0.049404	supercritical
535.0	280.75	296.26	0.0033754	567.78	662.54	2.1174	0.90343	1.3531	385.27	0.13923	3.297e-05	0.049619	supercritical
535.0	284.0	299.53	0.0033385	567.12	661.93	2.1142	0.90386	1.3558	386.29	0.13766	3.3112e-05	0.049835	supercritical
535.0	287.25	302.8	0.0033026	566.46	661.33	2.1111	0.90428	1.3584	387.32	0.13611	3.3256e-05	0.050051	supercritical
535.0	290.5	306.04	0.0032675	565.81	660.73	2.108	0.9047	1.361	388.36	0.13457	3.3401e-05	0.050268	supercritical
535.0	293.75	309.28	0.0032333	565.16	660.14	2.1049	0.90511	1.3636	389.41	0.13303	3.3547e-05	0.050486	supercritical
535.0	297.0	312.5	0.0032	564.51	659.55	2.1018	0.90552	1.3661	390.48	0.13151	3.3694e-05	0.050704	supercritical
535.0	300.25	315.71	0.0031675	563.87	658.97	2.0988	0.90592	1.3685	391.55	0.12999	3.3842e-05	0.050923	supercritical
535.0	303.5	318.91	0.0031357	563.23	658.4	2.0958	0.90632	1.371	392.64	0.12849	3.3991e-05	0.051142	supercritical
535.0	306.75	322.09	0.0031047	562.59	657.83	2.0929	0.90671	1.3733	393.74	0.127	3.4141e-05	0.051361	supercritical
535.0	310.0	325.26	0.0030745	561.95	657.26	2.0899	0.9071	1.3757	394.85	0.12551	3.4292e-05	0.051582	supercritical
535.0	313.25	328.41	0.003045	561.32	656.7	2.087	0.90748	1.378	395.97	0.12404	3.4443e-05	0.051802	supercritical
535.0	316.5	331.55	0.0030161	560.69	656.15	2.0841	0.90786	1.3802	397.1	0.12258	3.4596e-05	0.052023	supercritical
535.0	319.75	334.68	0.0029879	560.06	655.6	2.0813	0.90824	1.3825	398.24	0.12113	3.475e-05	0.052244	supercritical
535.0	323.0	337.79	0.0029604	559.44	655.06	2.0785	0.90861	1.3846	399.39	0.11969	3.4904e-05	0.052466	supercritical
535.0	326.25	340.89	0.0029335	558.82	654.53	2.0757	0.90897	1.3868	400.55	0.11827	3.5059e-05	0.052688	supercritical
535.0	329.5	343.97	0.0029072	558.2	654.0	2.0729	0.90933	1.3889	401.72	0.11685	3.5215e-05	0.05291	supercritical
535.0	332.75	347.04	0.0028815	557.59	653.47	2.0702	0.90969	1.3909	402.9	0.11545	3.5372e-05	0.053132	supercritical
535.0	336.0	350.09	0.0028564	556.98	652.95	2.0675	0.91004	1.3929	404.09	0.11406	3.553e-05	0.053354	supercritical
535.0	339.25	353.13	0.0028318	556.37	652.44	2.0648	0.91039	1.3949	405.29	0.11268	3.5688e-05	0.053577	supercritical
535.0	342.5	356.16	0.0028078	555.77	651.93	2.0621	0.91073	1.3969	406.49	0.11131	3.5848e-05	0.0538	supercritical
535.0	345.75	359.17	0.0027842	555.16	651.43	2.0595	0.91107	1.3988	407.71	0.10995	3.6008e-05	0.054022	supercritical
535.0	349.0	362.16	0.0027612	554.57	650.93	2.0569	0.9114	1.4006	408.93	0.10861	3.6168e-05	0.054245	supercritical
535.0	352.25	365.14	0.0027387	553.97	650.44	2.0543	0.91173	1.4025	410.16	0.10728	3.633e-05	0.054468	supercritical
535.0	355.5	368.1	0.0027166	553.38	649.95	2.0517	0.91206	1.4043	411.4	0.10596	3.6492e-05	0.054691	supercritical
535.0	358.75	371.05	0.002695	552.79	649.47	2.0492	0.91238	1.406	412.65	0.10465	3.6655e-05	0.054914	supercritical
535.0	362.0	373.99	0.0026739	552.2	649.0	2.0467	0.9127	1.4077	413.9	0.10336	3.6818e-05	0.055137	supercritical
535.0	365.25	376.9	0.0026532	551.62	648.53	2.0442	0.91302	1.4094	415.16	0.10207	3.6982e-05	0.05536	supercritical
535.0	368.5	379.81	0.0026329	551.04	648.06	2.0417	0.91333	1.4111	416.43	0.1008	3.7147e-05	0.055583	supercritical
535.0	371.75	382.7	0.002613	550.46	647.6	2.0392	0.91363	1.4127	417.71	0.099544	3.7312e-05	0.055806	supercritical
535.0	375.0	385.57	0.0025936	549.89	647.15	2.0368	0.91394	1.4142	418.99	0.098298	3.7478e-05	0.056028	supercritical
535.0	378.25	388.42	0.0025745	549.32	646.7	2.0344	0.91424	1.4158	420.28	0.097063	3.7645e-05	0.056251	supercritical
535.0	381.5	391.27	0.0025558	548.75	646.25	2.032	0.91453	1.4173	421.58	0.095841	3.7812e-05	0.056473	supercritical
535.0	384.75	394.09	0.0025375	548.19	645.82	2.0296	0.91483	1.4188	422.88	0.094631	3.7979e-05	0.056695	supercritical
535.0	388.0	396.9	0.0025195	547.63	645.38	2.0273	0.91512	1.4202	424.19	0.093433	3.8147e-05	0.056917	supercritical
535.0	391.25	399.7	0.0025019	547.07	644.95	2.025	0.9154	1.4216	425.5	0.092246	3.8316e-05	0.057138	supercritical
535.0	394.5	402.48	0.0024846	546.51	644.53	2.0227	0.91569	1.423	426.82	0.091072	3.8485e-05	0.05736	supercritical
535.0	397.75	405.24	0.0024677	545.96	644.11	2.0204	0.91597	1.4243	428.14	0.089909	3.8655e-05	0.057581	supercritical
535.0	401.0	407.99	0.002451	545.41	643.7	2.0181	0.91624	1.4257	429.48	0.088758	3.8825e-05	0.057802	supercritical
535.0	404.25	410.73	0.0024347	544.87	643.29	2.0158	0.91652	1.4269	430.81	0.087619	3.8995e-05	0.058022	supercritical
535.0	407.5	413.45	0.0024187	544.32	642.88	2.0136	0.91679	1.4282	432.15	0.086492	3.9166e-05	0.058243	supercritical
535.0	410.75	416.15	0.002403	543.78	642.49	2.0114	0.91705	1.4294	433.5	0.085376	3.9337e-05	0.058462	supercritical
535.0	414.0	418.84	0.0023876	543.25	642.09	2.0092	0.91732	1.4306	434.85	0.084271	3.9509e-05	0.058682	supercritical
535.0	417.25	421.51	0.0023724	542.71	641.7	2.007	0.91758	1.4318	436.2	0.083178	3.9681e-05	0.058901	supercritical
535.0	420.5	424.17	0.0023576	542.18	641.32	2.0049	0.91784	1.4329	437.56	0.082096	3.9854e-05	0.05912	supercritical
535.0	423.75	426.81	0.002343	541.65	640.94	2.0028	0.91809	1.434	438.93	0.081025	4.0027e-05	0.059339	supercritical
535.0	427.0	429.44	0.0023286	541.13	640.56	2.0006	0.91835	1.4351	440.3	0.079965	4.02e-05	0.059557	supercritical
535.0	430.25	432.05	0.0023146	540.61	640.19	1.9985	0.9186	1.4361	441.67	0.078917	4.0373e-05	0.059774	supercritical
535.0	433.5	434.65	0.0023007	540.09	639.83	1.9964	0.91884	1.4372	443.05	0.077879	4.0547e-05	0.059992	supercritical
535.0	436.75	437.23	0.0022871	539.57	639.46	1.9944	0.91909	1.4382	444.43	0.076852	4.0721e-05	0.060208	supercritical
535.0	440.0	439.8	0.0022738	539.06	639.11	1.9923	0.91933	1.4391	445.81	0.075836	4.0896e-05	0.060425	supercritical
535.0	443.25	442.35	0.0022607	538.55	638.75	1.9903	0.91957	1.4401	447.2	0.07483	4.1071e-05	0.060641	supercritical
535.0	446.5	444.89	0.0022478	538.04	638.41	1.9883	0.91981	1.441	448.59	0.073835	4.1246e-05	0.060856	supercritical
535.0	449.75	447.41	0.0022351	537.54	638.06	1.9863	0.92004	1.4419	449.98	0.07285	4.1421e-05	0.061071	supercritical
535.0	453.0	449.92	0.0022226	537.04	637.72	1.9843	0.92028	1.4427	451.38	0.071875	4.1596e-05	0.061286	supercritical
535.0	456.25	452.41	0.0022104	536.54	637.39	1.9823	0.92051	1.4436	452.78	0.070911	4.1772e-05	0.0615	supercritical
535.0	459.5	454.89	0.0021983	536.04	637.06	1.9803	0.92074	1.4444	454.19	0.069957	4.1948e-05	0.061713	supercritical
535.0	462.75	457.35	0.0021865	535.55	636.73	1.9784	0.92096	1.4452	455.59	0.069013	4.2124e-05	0.061926	supercritical
535.0	466.0	459.8	0.0021748	535.06	636.41	1.9765	0.92119	1.446	457.0	0.068078	4.2301e-05	0.062139	supercritical
535.0	469.25	462.24	0.0021634	534.58	636.09	1.9746	0.92141	1.4467	458.41	0.067154	4.2477e-05	0.062351	supercritical
535.0	472.5	464.66	0.0021521	534.09	635.78	1.9727	0.92163	1.4474	459.83	0.066239	4.2654e-05	0.062563	supercritical
535.0	475.75	467.07	0.002141	533.61	635.47	1.9708	0.92185	1.4481	461.25	0.065334	4.2831e-05	0.062773	supercritical
535.0	479.0	469.46	0.0021301	533.13	635.16	1.9689	0.92206	1.4488	462.67	0.064438	4.3008e-05	0.062984	supercritical
535.0	482.25	471.84	0.0021194	532.66	634.86	1.9671	0.92228	1.4495	464.09	0.063552	4.3185e-05	0.063194	supercritical
535.0	485.5	474.2	0.0021088	532.18	634.56	1.9652	0.92249	1.4501	465.51	0.062675	4.3362e-05	0.063403	supercritical
535.0	488.75	476.55	0.0020984	531.71	634.27	1.9634	0.9227	1.4507	466.94	0.061807	4.3539e-05	0.063612	supercritical
535.0	492.0	478.89	0.0020882	531.24	633.98	1.9616	0.92291	1.4513	468.37	0.060948	4.3717e-05	0.06382	supercritical
535.0	495.25	481.21	0.0020781	530.78	633.7	1.9598	0.92311	1.4519	469.79	0.060098	4.3895e-05	0.064028	supercritical
535.0	498.5	483.52	0.0020682	530.32	633.41	1.958	0.92332	1.4525	471.23	0.059257	4.4072e-05	0.064235	supercritical
535.0	501.75	485.82	0.0020584	529.86	633.14	1.9562	0.92352	1.453	472.66	0.058425	4.425e-05	0.064442	supercritical
535.0	505.0	488.1	0.0020488	529.4	632.86	1.9545	0.92372	1.4535	474.09	0.057602	4.4428e-05	0.064648	supercritical
535.0	508.25	490.37	0.0020393	528.95	632.59	1.9527	0.92392	1.454	475.53	0.056787	4.4606e-05	0.064853	supercritical
535.0	511.5	492.62	0.0020299	528.49	632.33	1.951	0.92412	1.4545	476.97	0.055981	4.4784e-05	0.065058	supercritical
535.0	514.75	494.87	0.0020208	528.05	632.06	1.9493	0.92432	1.455	478.41	0.055184	4.4962e-05	0.065262	supercritical
535.0	518.0	497.09	0.0020117	527.6	631.8	1.9476	0.92451	1.4554	479.85	0.054394	4.514e-05	0.065466	supercritical
535.0	521.25	499.31	0.0020028	527.15	631.55	1.9459	0.92471	1.4558	481.29	0.053613	4.5318e-05	0.065669	supercritical
535.0	524.5	501.51	0.001994	526.71	631.3	1.9442	0.9249	1.4563	482.73	0.05284	4.5496e-05	0.065872	supercritical
535.0	527.75	503.7	0.0019853	526.27	631.05	1.9425	0.92509	1.4566	484.17	0.052076	4.5674e-05	0.066074	supercritical
535.0	531.0	505.88	0.0019768	525.84	630.8	1.9408	0.92528	1.457	485.62	0.051319	4.5852e-05	0.066275	supercritical
535.0	534.25	508.04	0.0019683	525.4	630.56	1.9392	0.92547	1.4574	487.06	0.05057	4.6031e-05	0.066476	supercritical
535.0	537.5	510.19	0.00196	524.97	630.32	1.9375	0.92565	1.4577	488.51	0.049829	4.6209e-05	0.066676	supercritical
535.0	540.75	512.33	0.0019519	524.54	630.09	1.9359	0.92584	1.4581	489.96	0.049096	4.6387e-05	0.066876	supercritical
535.0	544.0	514.46	0.0019438	524.12	629.86	1.9343	0.92602	1.4584	491.4	0.048371	4.6565e-05	0.067075	supercritical
535.0	547.25	516.57	0.0019358	523.69	629.63	1.9327	0.92621	1.4587	492.85	0.047653	4.6743e-05	0.067274	supercritical
535.0	550.5	518.67	0.001928	523.27	629.41	1.9311	0.92639	1.459	494.3	0.046943	4.6921e-05	0.067471	supercritical
535.0	553.75	520.76	0.0019203	522.85	629.19	1.9295	0.92657	1.4593	495.75	0.04624	4.7099e-05	0.067669	supercritical
535.0	557.0	522.84	0.0019126	522.43	628.97	1.928	0.92675	1.4595	497.2	0.045545	4.7277e-05	0.067866	supercritical
535.0	560.25	524.9	0.0019051	522.02	628.75	1.9264	0.92693	1.4598	498.64	0.044857	4.7455e-05	0.068062	supercritical
535.0	563.5	526.95	0.0018977	521.61	628.54	1.9248	0.92711	1.46	500.09	0.044176	4.7633e-05	0.068257	supercritical
535.0	566.75	528.99	0.0018904	521.2	628.34	1.9233	0.92728	1.4602	501.54	0.043502	4.7811e-05	0.068452	supercritical
535.0	570.0	531.02	0.0018832	520.79	628.13	1.9218	0.92746	1.4604	502.99	0.042836	4.7989e-05	0.068647	supercritical
535.0	573.25	533.04	0.001876	520.39	627.93	1.9203	0.92763	1.4606	504.44	0.042176	4.8166e-05	0.068841	supercritical
535.0	576.5	535.05	0.001869	519.98	627.73	1.9188	0.92781	1.4608	505.89	0.041524	4.8344e-05	0.069034	supercritical
535.0	579.75	537.04	0.0018621	519.58	627.53	1.9173	0.92798	1.461	507.34	0.040878	4.8521e-05	0.069227	supercritical
535.0	583.0	539.02	0.0018552	519.18	627.34	1.9158	0.92815	1.4612	508.78	0.040239	4.8699e-05	0.069419	supercritical
535.0	586.25	540.99	0.0018485	518.79	627.15	1.9143	0.92832	1.4613	510.23	0.039607	4.8876e-05	0.069611	supercritical
535.0	589.5	542.95	0.0018418	518.39	626.97	1.9128	0.92849	1.4615	511.68	0.038981	4.9053e-05	0.069802	supercritical
535.0	592.75	544.9	0.0018352	518.0	626.78	1.9114	0.92866	1.4616	513.13	0.038362	4.923e-05	0.069992	supercritical
535.0	596.0	546.84	0.0018287	517.61	626.6	1.9099	0.92883	1.4617	514.57	0.037749	4.9407e-05	0.070182	supercritical
535.0	599.25	548.76	0.0018223	517.22	626.42	1.9085	0.92899	1.4619	516.02	0.037143	4.9584e-05	0.070372	supercritical
535.0	602.5	550.68	0.0018159	516.84	626.25	1.907	0.92916	1.462	517.46	0.036544	4.9761e-05	0.070561	supercritical
535.0	605.75	552.58	0.0018097	516.45	626.08	1.9056	0.92933	1.4621	518.91	0.03595	4.9938e-05	0.070749	supercritical
535.0	609.0	554.48	0.0018035	516.07	625.91	1.9042	0.92949	1.4621	520.35	0.035363	5.0114e-05	0.070937	supercritical
535.0	612.25	556.36	0.0017974	515.69	625.74	1.9028	0.92966	1.4622	521.8	0.034782	5.0291e-05	0.071124	supercritical
535.0	615.5	558.23	0.0017914	515.32	625.58	1.9014	0.92982	1.4623	523.24	0.034207	5.0467e-05	0.07131	supercritical
535.0	618.75	560.09	0.0017854	514.94	625.41	1.9	0.92998	1.4624	524.68	0.033638	5.0643e-05	0.071496	supercritical
535.0	622.0	561.94	0.0017795	514.57	625.26	1.8986	0.93014	1.4624	526.12	0.033075	5.0819e-05	0.071682	supercritical
535.0	625.25	563.78	0.0017737	514.2	625.1	1.8973	0.9303	1.4625	527.56	0.032518	5.0995e-05	0.071867	supercritical
535.0	628.5	565.62	0.001768	513.83	624.95	1.8959	0.93046	1.4625	529.0	0.031967	5.1171e-05	0.072052	supercritical
535.0	631.75	567.44	0.0017623	513.46	624.8	1.8945	0.93062	1.4625	530.44	0.031421	5.1347e-05	0.072236	supercritical
535.0	635.0	569.25	0.0017567	513.1	624.65	1.8932	0.93078	1.4626	531.87	0.030882	5.1522e-05	0.072419	supercritical
535.0	638.25	571.05	0.0017512	512.73	624.5	1.8919	0.93094	1.4626	533.31	0.030348	5.1698e-05	0.072602	supercritical
535.0	641.5	572.84	0.0017457	512.37	624.36	1.8905	0.9311	1.4626	534.74	0.029819	5.1873e-05	0.072784	supercritical
535.0	644.75	574.62	0.0017403	512.01	624.22	1.8892	0.93126	1.4626	536.17	0.029296	5.2048e-05	0.072966	supercritical
535.0	648.0	576.39	0.0017349	511.66	624.08	1.8879	0.93141	1.4626	537.61	0.028778	5.2223e-05	0.073148	supercritical
535.0	651.25	578.15	0.0017297	511.3	623.95	1.8866	0.93157	1.4626	539.04	0.028266	5.2397e-05	0.073328	supercritical
535.0	654.5	579.9	0.0017244	510.95	623.81	1.8853	0.93173	1.4626	540.46	0.027759	5.2572e-05	0.073509	supercritical
535.0	657.75	581.64	0.0017193	510.6	623.68	1.884	0.93188	1.4626	541.89	0.027258	5.2746e-05	0.073689	supercritical
535.0	661.0	583.37	0.0017142	510.25	623.55	1.8827	0.93204	1.4626	543.32	0.026761	5.292e-05	0.073868	supercritical
535.0	664.25	585.1	0.0017091	509.9	623.43	1.8814	0.93219	1.4625	544.74	0.02627	5.3095e-05	0.074047	supercritical
535.0	667.5	586.81	0.0017041	509.55	623.3	1.8802	0.93234	1.4625	546.17	0.025784	5.3268e-05	0.074225	supercritical
535.0	670.75	588.52	0.0016992	509.21	623.18	1.8789	0.9325	1.4625	547.59	0.025302	5.3442e-05	0.074403	supercritical
535.0	674.0	590.21	0.0016943	508.87	623.06	1.8777	0.93265	1.4624	549.01	0.024826	5.3616e-05	0.074581	supercritical
535.0	677.25	591.9	0.0016895	508.53	622.95	1.8764	0.9328	1.4624	550.43	0.024354	5.3789e-05	0.074758	supercritical
535.0	680.5	593.57	0.0016847	508.19	622.83	1.8752	0.93295	1.4623	551.84	0.023888	5.3962e-05	0.074934	supercritical
535.0	683.75	595.24	0.00168	507.85	622.72	1.8739	0.93311	1.4623	553.26	0.023426	5.4135e-05	0.07511	supercritical
535.0	687.0	596.9	0.0016753	507.51	622.61	1.8727	0.93326	1.4622	554.67	0.022969	5.4308e-05	0.075286	supercritical
535.0	690.25	598.55	0.0016707	507.18	622.5	1.8715	0.93341	1.4621	556.09	0.022516	5.4481e-05	0.075461	supercritical
535.0	693.5	600.19	0.0016661	506.85	622.4	1.8703	0.93356	1.4621	557.5	0.022069	5.4653e-05	0.075635	supercritical
535.0	696.75	601.83	0.0016616	506.52	622.29	1.8691	0.93371	1.462	558.91	0.021625	5.4825e-05	0.075809	supercritical
535.0	700.0	603.45	0.0016571	506.19	622.19	1.8679	0.93386	1.4619	560.31	0.021186	5.4998e-05	0.075983	supercritical
535.0	703.25	605.07	0.0016527	505.86	622.09	1.8667	0.934	1.4619	561.72	0.020752	5.5169e-05	0.076156	supercritical
535.0	706.5	606.68	0.0016483	505.54	621.99	1.8655	0.93415	1.4618	563.12	0.020322	5.5341e-05	0.076329	supercritical
535.0	709.75	608.28	0.001644	505.21	621.9	1.8643	0.9343	1.4617	564.53	0.019896	5.5513e-05	0.076501	supercritical
535.0	713.0	609.87	0.0016397	504.89	621.8	1.8632	0.93445	1.4616	565.93	0.019474	5.5684e-05	0.076673	supercritical
535.0	716.25	611.45	0.0016355	504.57	621.71	1.862	0.9346	1.4615	567.33	0.019057	5.5855e-05	0.076845	supercritical
535.0	719.5	613.03	0.0016313	504.25	621.62	1.8608	0.93474	1.4614	568.72	0.018644	5.6026e-05	0.077016	supercritical
535.0	722.75	614.59	0.0016271	503.94	621.53	1.8597	0.93489	1.4613	570.12	0.018235	5.6197e-05	0.077186	supercritical
535.0	726.0	616.15	0.001623	503.62	621.45	1.8585	0.93504	1.4612	571.51	0.01783	5.6368e-05	0.077357	supercritical
535.0	729.25	617.7	0.0016189	503.31	621.37	1.8574	0.93518	1.4611	572.91	0.017429	5.6538e-05	0.077526	supercritical
535.0	732.5	619.25	0.0016149	502.99	621.28	1.8563	0.93533	1.461	574.3	0.017032	5.6708e-05	0.077696	supercritical
535.0	735.75	620.78	0.0016109	502.68	621.2	1.8551	0.93547	1.4609	575.68	0.016638	5.6878e-05	0.077865	supercritical
535.0	739.0	622.31	0.0016069	502.37	621.13	1.854	0.93562	1.4608	577.07	0.016249	5.7048e-05	0.078033	supercritical
535.0	742.25	623.83	0.001603	502.07	621.05	1.8529	0.93576	1.4607	578.45	0.015863	5.7218e-05	0.078201	supercritical
535.0	745.5	625.34	0.0015991	501.76	620.97	1.8518	0.93591	1.4605	579.84	0.015482	5.7387e-05	0.078369	supercritical
535.0	748.75	626.85	0.0015953	501.46	620.9	1.8507	0.93605	1.4604	581.22	0.015103	5.7556e-05	0.078536	supercritical
535.0	752.0	628.34	0.0015915	501.15	620.83	1.8496	0.9362	1.4603	582.6	0.014729	5.7725e-05	0.078703	supercritical
535.0	755.25	629.83	0.0015877	500.85	620.76	1.8485	0.93634	1.4602	583.98	0.014358	5.7894e-05	0.07887	supercritical
535.0	758.5	631.32	0.001584	500.55	620.7	1.8474	0.93648	1.46	585.35	0.013991	5.8063e-05	0.079036	supercritical
535.0	761.75	632.79	0.0015803	500.25	620.63	1.8463	0.93663	1.4599	586.72	0.013627	5.8231e-05	0.079201	supercritical
535.0	765.0	634.26	0.0015766	499.95	620.57	1.8452	0.93677	1.4598	588.1	0.013266	5.84e-05	0.079367	supercritical
535.0	768.25	635.72	0.001573	499.66	620.5	1.8441	0.93691	1.4597	589.47	0.012909	5.8568e-05	0.079532	supercritical
535.0	771.5	637.17	0.0015694	499.36	620.44	1.8431	0.93705	1.4595	590.83	0.012556	5.8735e-05	0.079696	supercritical
535.0	774.75	638.62	0.0015659	499.07	620.38	1.842	0.9372	1.4594	592.2	0.012205	5.8903e-05	0.07986	supercritical
535.0	778.0	640.06	0.0015624	498.78	620.33	1.841	0.93734	1.4592	593.56	0.011858	5.9071e-05	0.080024	supercritical
535.0	781.25	641.49	0.0015589	498.49	620.27	1.8399	0.93748	1.4591	594.93	0.011514	5.9238e-05	0.080188	supercritical
535.0	784.5	642.92	0.0015554	498.2	620.22	1.8389	0.93762	1.459	596.29	0.011174	5.9405e-05	0.080351	supercritical
535.0	787.75	644.34	0.001552	497.91	620.17	1.8378	0.93776	1.4588	597.65	0.010836	5.9572e-05	0.080514	supercritical
535.0	791.0	645.75	0.0015486	497.62	620.12	1.8368	0.93791	1.4587	599.0	0.010502	5.9738e-05	0.080676	supercritical
535.0	794.25	647.15	0.0015452	497.34	620.07	1.8358	0.93805	1.4585	600.36	0.010171	5.9905e-05	0.080838	supercritical
535.0	797.5	648.55	0.0015419	497.05	620.02	1.8347	0.93819	1.4584	601.71	0.0098428	6.0071e-05	0.081	supercritical
535.0	800.75	649.94	0.0015386	496.77	619.97	1.8337	0.93833	1.4582	603.06	0.0095176	6.0237e-05	0.081161	supercritical
535.0	804.0	651.33	0.0015353	496.49	619.93	1.8327	0.93847	1.4581	604.41	0.0091953	6.0403e-05	0.081322	supercritical
535.0	807.25	652.71	0.0015321	496.21	619.89	1.8317	0.93861	1.4579	605.76	0.008876	6.0569e-05	0.081483	supercritical
535.0	810.5	654.08	0.0015289	495.93	619.84	1.8307	0.93875	1.4578	607.1	0.0085596	6.0734e-05	0.081643	supercritical
535.0	813.75	655.45	0.0015257	495.65	619.81	1.8297	0.93889	1.4576	608.45	0.0082461	6.0899e-05	0.081803	supercritical
535.0	817.0	656.81	0.0015225	495.38	619.77	1.8287	0.93903	1.4575	609.79	0.0079353	6.1064e-05	0.081962	supercritical
535.0	820.25	658.16	0.0015194	495.1	619.73	1.8277	0.93917	1.4573	611.13	0.0076274	6.1229e-05	0.082122	supercritical
535.0	823.5	659.51	0.0015163	494.83	619.69	1.8267	0.93931	1.4571	612.47	0.0073221	6.1394e-05	0.082281	supercritical
535.0	826.75	660.85	0.0015132	494.56	619.66	1.8257	0.93945	1.457	613.8	0.0070196	6.1558e-05	0.082439	supercritical
535.0	830.0	662.18	0.0015102	494.29	619.63	1.8247	0.93958	1.4568	615.14	0.0067198	6.1722e-05	0.082597	supercritical
535.0	833.25	663.51	0.0015071	494.02	619.6	1.8238	0.93972	1.4566	616.47	0.0064226	6.1886e-05	0.082755	supercritical
535.0	836.5	664.83	0.0015041	493.75	619.57	1.8228	0.93986	1.4565	617.8	0.006128	6.205e-05	0.082913	supercritical
535.0	839.75	666.15	0.0015012	493.48	619.54	1.8218	0.94	1.4563	619.13	0.005836	6.2214e-05	0.08307	supercritical
535.0	843.0	667.46	0.0014982	493.21	619.51	1.8209	0.94014	1.4562	620.46	0.0055466	6.2377e-05	0.083227	supercritical
535.0	846.25	668.77	0.0014953	492.95	619.49	1.8199	0.94028	1.456	621.78	0.0052597	6.254e-05	0.083384	supercritical
535.0	849.5	670.06	0.0014924	492.68	619.46	1.8189	0.94042	1.4558	623.1	0.0049752	6.2703e-05	0.083541	supercritical
535.0	852.75	671.36	0.0014895	492.42	619.44	1.818	0.94055	1.4556	624.42	0.0046932	6.2866e-05	0.083697	supercritical
535.0	856.0	672.64	0.0014867	492.16	619.42	1.8171	0.94069	1.4555	625.74	0.0044137	6.3029e-05	0.083852	supercritical
535.0	859.25	673.93	0.0014838	491.9	619.4	1.8161	0.94083	1.4553	627.06	0.0041365	6.3191e-05	0.084008	supercritical
535.0	862.5	675.2	0.001481	491.64	619.38	1.8152	0.94097	1.4551	628.38	0.0038617	6.3354e-05	0.084163	supercritical
535.0	865.75	676.47	0.0014783	491.38	619.36	1.8142	0.94111	1.455	629.69	0.0035893	6.3516e-05	0.084318	supercritical
535.0	869.0	677.74	0.0014755	491.12	619.34	1.8133	0.94124	1.4548	631.0	0.0033192	6.3677e-05	0.084473	supercritical
535.0	872.25	679.0	0.0014728	490.87	619.33	1.8124	0.94138	1.4546	632.31	0.0030514	6.3839e-05	0.084627	supercritical
535.0	875.5	680.25	0.0014701	490.61	619.32	1.8115	0.94152	1.4544	633.62	0.0027858	6.4e-05	0.084781	supercritical
535.0	878.75	681.5	0.0014674	490.36	619.3	1.8106	0.94165	1.4543	634.92	0.0025224	6.4162e-05	0.084935	supercritical
535.0	882.0	682.74	0.0014647	490.11	619.29	1.8096	0.94179	1.4541	636.23	0.0022613	6.4323e-05	0.085088	supercritical
535.0	885.25	683.98	0.001462	489.85	619.28	1.8087	0.94193	1.4539	637.53	0.0020024	6.4484e-05	0.085242	supercritical
535.0	888.5	685.21	0.0014594	489.6	619.27	1.8078	0.94206	1.4537	638.83	0.0017456	6.4644e-05	0.085394	supercritical
535.0	891.75	686.43	0.0014568	489.35	619.27	1.8069	0.9422	1.4536	640.13	0.0014909	6.4805e-05	0.085547	supercritical
535.0	895.0	687.65	0.0014542	489.11	619.26	1.806	0.94234	1.4534	641.43	0.0012384	6.4965e-05	0.085699	supercritical
535.0	898.25	688.87	0.0014517	488.86	619.25	1.8051	0.94247	1.4532	642.72	0.00098796	6.5125e-05	0.085852	supercritical
535.0	901.5	690.08	0.0014491	488.61	619.25	1.8043	0.94261	1.453	644.01	0.00073958	6.5285e-05	0.086003	supercritical
535.0	904.75	691.29	0.0014466	488.37	619.25	1.8034	0.94275	1.4528	645.3	0.00049324	6.5444e-05	0.086155	supercritical
535.0	908.0	692.49	0.0014441	488.12	619.25	1.8025	0.94288	1.4527	646.59	0.00024892	6.5604e-05	0.086306	supercritical
535.0	911.25	693.68	0.0014416	487.88	619.24	1.8016	0.94302	1.4525	647.88	6.5984e-06	6.5763e-05	0.086457	supercritical
535.0	914.5	694.87	0.0014391	487.64	619.24	1.8007	0.94315	1.4523	649.17	-0.00023375	6.5922e-05	0.086608	supercritical
535.0	917.75	696.06	0.0014367	487.4	619.25	1.7999	0.94329	1.4521	650.45	-0.00047214	6.6081e-05	0.086759	supercritical
535.0	921.0	697.24	0.0014342	487.16	619.25	1.799	0.94343	1.4519	651.73	-0.00070861	6.624e-05	0.086909	supercritical
535.0	924.25	698.41	0.0014318	486.92	619.25	1.7981	0.94356	1.4517	653.01	-0.00094316	6.6398e-05	0.087059	supercritical
535.0	927.5	699.58	0.0014294	486.68	619.26	1.7973	0.9437	1.4516	654.29	-0.0011758	6.6557e-05	0.087209	supercritical
535.0	930.75	700.75	0.001427	486.44	619.26	1.7964	0.94383	1.4514	655.56	-0.0014066	6.6715e-05	0.087358	supercritical
535.0	934.0	701.91	0.0014247	486.21	619.27	1.7956	0.94397	1.4512	656.84	-0.0016355	6.6873e-05	0.087507	supercritical
535.0	937.25	703.06	0.0014223	485.97	619.28	1.7947	0.9441	1.451	658.11	-0.0018626	6.703e-05	0.087656	supercritical
535.0	940.5	704.21	0.00142	485.74	619.29	1.7939	0.94424	1.4508	659.38	-0.0020879	6.7188e-05	0.087805	supercritical
535.0	943.75	705.36	0.0014177	485.5	619.3	1.793	0.94437	1.4506	660.65	-0.0023114	6.7345e-05	0.087954	supercritical
535.0	947.0	706.5	0.0014154	485.27	619.31	1.7922	0.94451	1.4505	661.91	-0.0025331	6.7502e-05	0.088102	supercritical
535.0	950.25	707.64	0.0014132	485.04	619.32	1.7914	0.94464	1.4503	663.18	-0.0027531	6.7659e-05	0.08825	supercritical
535.0	953.5	708.77	0.0014109	484.81	619.34	1.7905	0.94478	1.4501	664.44	-0.0029713	6.7816e-05	0.088398	supercritical
535.0	956.75	709.9	0.0014087	484.58	619.35	1.7897	0.94491	1.4499	665.7	-0.0031878	6.7973e-05	0.088546	supercritical
535.0	960.0	711.02	0.0014064	484.35	619.37	1.7889	0.94505	1.4497	666.96	-0.0034026	6.8129e-05	0.088693	supercritical
535.0	963.25	712.14	0.0014042	484.12	619.38	1.788	0.94518	1.4495	668.22	-0.0036157	6.8285e-05	0.08884	supercritical
535.0	966.5	713.25	0.001402	483.9	619.4	1.7872	0.94532	1.4493	669.47	-0.0038272	6.8441e-05	0.088987	supercritical
535.0	969.75	714.36	0.0013998	483.67	619.42	1.7864	0.94545	1.4492	670.73	-0.004037	6.8597e-05	0.089134	supercritical
535.0	973.0	715.47	0.0013977	483.44	619.44	1.7856	0.94559	1.449	671.98	-0.0042451	6.8753e-05	0.08928	supercritical
535.0	976.25	716.57	0.0013955	483.22	619.46	1.7848	0.94572	1.4488	673.23	-0.0044517	6.8908e-05	0.089427	supercritical
535.0	979.5	717.67	0.0013934	483.0	619.48	1.784	0.94586	1.4486	674.47	-0.0046566	6.9064e-05	0.089573	supercritical
535.0	982.75	718.76	0.0013913	482.77	619.5	1.7832	0.94599	1.4484	675.72	-0.0048599	6.9219e-05	0.089718	supercritical
535.0	986.0	719.85	0.0013892	482.55	619.53	1.7824	0.94613	1.4482	676.96	-0.0050617	6.9374e-05	0.089864	supercritical
535.0	989.25	720.93	0.0013871	482.33	619.55	1.7816	0.94626	1.4481	678.21	-0.0052619	6.9528e-05	0.090009	supercritical
535.0	992.5	722.01	0.001385	482.11	619.58	1.7808	0.94639	1.4479	679.45	-0.0054606	6.9683e-05	0.090155	supercritical
535.0	995.75	723.08	0.001383	481.89	619.6	1.78	0.94653	1.4477	680.68	-0.0056577	6.9837e-05	0.0903	supercritical
535.0	999.0	724.15	0.0013809	481.68	619.63	1.7792	0.94666	1.4475	681.92	-0.0058533	6.9991e-05	0.090444	supercritical
535.0	1002.2	725.22	0.0013789	481.46	619.66	1.7784	0.9468	1.4473	683.15	-0.0060475	7.0145e-05	0.090589	supercritical
535.0	1005.5	726.28	0.0013769	481.24	619.69	1.7776	0.94693	1.4471	684.39	-0.0062401	7.0299e-05	0.090733	supercritical
535.0	1008.8	727.34	0.0013749	481.03	619.72	1.7769	0.94706	1.4469	685.62	-0.0064313	7.0453e-05	0.090877	supercritical
535.0	1012.0	728.39	0.0013729	480.81	619.75	1.7761	0.9472	1.4468	686.85	-0.006621	7.0606e-05	0.091021	supercritical
535.0	1015.2	729.45	0.0013709	480.6	619.78	1.7753	0.94733	1.4466	688.07	-0.0068093	7.076e-05	0.091165	supercritical
535.0	1018.5	730.49	0.0013689	480.38	619.81	1.7745	0.94747	1.4464	689.3	-0.0069961	7.0913e-05	0.091309	supercritical
535.0	1021.8	731.53	0.001367	480.17	619.84	1.7738	0.9476	1.4462	690.52	-0.0071816	7.1066e-05	0.091452	supercritical
535.0	1025.0	732.57	0.0013651	479.96	619.88	1.773	0.94773	1.446	691.74	-0.0073656	7.1218e-05	0.091595	supercritical
535.0	1028.2	733.61	0.0013631	479.75	619.91	1.7722	0.94787	1.4458	692.96	-0.0075483	7.1371e-05	0.091738	supercritical
535.0	1031.5	734.64	0.0013612	479.54	619.95	1.7715	0.948	1.4457	694.18	-0.0077295	7.1523e-05	0.091881	supercritical
535.0	1034.8	735.66	0.0013593	479.33	619.99	1.7707	0.94813	1.4455	695.39	-0.0079094	7.1676e-05	0.092024	supercritical
535.0	1038.0	736.69	0.0013574	479.12	620.02	1.77	0.94827	1.4453	696.61	-0.008088	7.1828e-05	0.092166	supercritical
535.0	1041.2	737.7	0.0013556	478.91	620.06	1.7692	0.9484	1.4451	697.82	-0.0082652	7.198e-05	0.092308	supercritical
535.0	1044.5	738.72	0.0013537	478.71	620.1	1.7685	0.94853	1.4449	699.03	-0.0084411	7.2131e-05	0.09245	supercritical
535.0	1047.8	739.73	0.0013518	478.5	620.14	1.7677	0.94867	1.4447	700.24	-0.0086157	7.2283e-05	0.092592	supercritical
535.0	1051.0	740.74	0.00135	478.3	620.18	1.767	0.9488	1.4446	701.44	-0.008789	7.2434e-05	0.092734	supercritical
535.0	1054.2	741.74	0.0013482	478.09	620.22	1.7662	0.94893	1.4444	702.65	-0.008961	7.2585e-05	0.092875	supercritical
535.0	1057.5	742.74	0.0013464	477.89	620.27	1.7655	0.94907	1.4442	703.85	-0.0091317	7.2736e-05	0.093017	supercritical
535.0	1060.8	743.74	0.0013446	477.69	620.31	1.7647	0.9492	1.444	705.05	-0.0093012	7.2887e-05	0.093158	supercritical
535.0	1064.0	744.73	0.0013428	477.48	620.35	1.764	0.94933	1.4438	706.25	-0.0094694	7.3038e-05	0.093299	supercritical
535.0	1067.2	745.72	0.001341	477.28	620.4	1.7633	0.94947	1.4437	707.44	-0.0096363	7.3188e-05	0.093439	supercritical
535.0	1070.5	746.71	0.0013392	477.08	620.44	1.7626	0.9496	1.4435	708.64	-0.0098021	7.3339e-05	0.09358	supercritical
535.0	1073.8	747.69	0.0013375	476.88	620.49	1.7618	0.94973	1.4433	709.83	-0.0099666	7.3489e-05	0.09372	supercritical
535.0	1077.0	748.67	0.0013357	476.68	620.54	1.7611	0.94987	1.4431	711.02	-0.01013	7.3639e-05	0.093861	supercritical
535.0	1080.2	749.64	0.001334	476.48	620.59	1.7604	0.95	1.443	712.21	-0.010292	7.3789e-05	0.094001	supercritical
535.0	1083.5	750.61	0.0013322	476.29	620.63	1.7597	0.95013	1.4428	713.4	-0.010453	7.3939e-05	0.094141	supercritical
535.0	1086.8	751.58	0.0013305	476.09	620.68	1.7589	0.95027	1.4426	714.58	-0.010613	7.4088e-05	0.094281	supercritical
535.0	1090.0	752.55	0.0013288	475.89	620.73	1.7582	0.9504	1.4424	715.76	-0.010771	7.4237e-05	0.09442	supercritical
535.0	1093.2	753.51	0.0013271	475.7	620.78	1.7575	0.95053	1.4423	716.94	-0.010929	7.4387e-05	0.09456	supercritical
535.0	1096.5	754.46	0.0013254	475.5	620.84	1.7568	0.95066	1.4421	718.12	-0.011085	7.4536e-05	0.094699	supercritical
535.0	1099.8	755.42	0.0013238	475.31	620.89	1.7561	0.9508	1.4419	719.3	-0.01124	7.4685e-05	0.094838	supercritical
535.0	1103.0	756.37	0.0013221	475.11	620.94	1.7554	0.95093	1.4417	720.48	-0.011394	7.4833e-05	0.094977	supercritical
535.0	1106.2	757.32	0.0013204	474.92	621.0	1.7547	0.95106	1.4416	721.65	-0.011547	7.4982e-05	0.095116	supercritical
535.0	1109.5	758.26	0.0013188	474.73	621.05	1.754	0.95119	1.4414	722.82	-0.011699	7.513e-05	0.095254	supercritical
535.0	1112.8	759.2	0.0013172	474.54	621.1	1.7533	0.95133	1.4412	723.99	-0.011849	7.5278e-05	0.095393	supercritical
535.0	1116.0	760.14	0.0013155	474.35	621.16	1.7526	0.95146	1.441	725.16	-0.011999	7.5427e-05	0.095531	supercritical
535.0	1119.2	761.08	0.0013139	474.16	621.22	1.7519	0.95159	1.4409	726.33	-0.012148	7.5574e-05	0.095669	supercritical
535.0	1122.5	762.01	0.0013123	473.97	621.27	1.7512	0.95172	1.4407	727.49	-0.012295	7.5722e-05	0.095807	supercritical
535.0	1125.8	762.93	0.0013107	473.78	621.33	1.7505	0.95186	1.4405	728.65	-0.012441	7.587e-05	0.095945	supercritical
535.0	1129.0	763.86	0.0013091	473.59	621.39	1.7498	0.95199	1.4404	729.81	-0.012587	7.6017e-05	0.096083	supercritical
535.0	1132.2	764.78	0.0013076	473.4	621.45	1.7492	0.95212	1.4402	730.97	-0.012731	7.6165e-05	0.096221	supercritical
535.0	1135.5	765.7	0.001306	473.21	621.51	1.7485	0.95225	1.44	732.13	-0.012874	7.6312e-05	0.096358	supercritical
535.0	1138.8	766.61	0.0013044	473.03	621.57	1.7478	0.95239	1.4399	733.28	-0.013017	7.6459e-05	0.096495	supercritical
535.0	1142.0	767.53	0.0013029	472.84	621.63	1.7471	0.95252	1.4397	734.44	-0.013158	7.6606e-05	0.096633	supercritical
535.0	1145.2	768.44	0.0013013	472.66	621.69	1.7464	0.95265	1.4395	735.59	-0.013298	7.6752e-05	0.09677	supercritical
535.0	1148.5	769.34	0.0012998	472.47	621.76	1.7458	0.95278	1.4394	736.74	-0.013437	7.6899e-05	0.096906	supercritical
535.0	1151.8	770.25	0.0012983	472.29	621.82	1.7451	0.95292	1.4392	737.89	-0.013576	7.7045e-05	0.097043	supercritical
535.0	1155.0	771.15	0.0012968	472.11	621.88	1.7444	0.95305	1.439	739.03	-0.013713	7.7191e-05	0.09718	supercritical
535.0	1158.2	772.04	0.0012953	471.92	621.95	1.7438	0.95318	1.4389	740.17	-0.013849	7.7337e-05	0.097316	supercritical
535.0	1161.5	772.94	0.0012938	471.74	622.01	1.7431	0.95331	1.4387	741.32	-0.013985	7.7483e-05	0.097453	supercritical
535.0	1164.8	773.83	0.0012923	471.56	622.08	1.7424	0.95344	1.4385	742.46	-0.014119	7.7629e-05	0.097589	supercritical
535.0	1168.0	774.72	0.0012908	471.38	622.14	1.7418	0.95358	1.4384	743.59	-0.014253	7.7775e-05	0.097725	supercritical
535.0	1171.2	775.6	0.0012893	471.2	622.21	1.7411	0.95371	1.4382	744.73	-0.014385	7.792e-05	0.097861	supercritical
535.0	1174.5	776.48	0.0012879	471.02	622.28	1.7405	0.95384	1.4381	745.87	-0.014517	7.8066e-05	0.097997	supercritical
535.0	1177.8	777.36	0.0012864	470.84	622.35	1.7398	0.95397	1.4379	747.0	-0.014647	7.8211e-05	0.098132	supercritical
535.0	1181.0	778.24	0.001285	470.66	622.42	1.7392	0.9541	1.4377	748.13	-0.014777	7.8356e-05	0.098268	supercritical
535.0	1184.2	779.11	0.0012835	470.49	622.49	1.7385	0.95424	1.4376	749.26	-0.014906	7.8501e-05	0.098403	supercritical
535.0	1187.5	779.98	0.0012821	470.31	622.56	1.7379	0.95437	1.4374	750.39	-0.015034	7.8646e-05	0.098538	supercritical
535.0	1190.8	780.85	0.0012807	470.13	622.63	1.7372	0.9545	1.4373	751.51	-0.015161	7.879e-05	0.098673	supercritical
535.0	1194.0	781.72	0.0012792	469.96	622.7	1.7366	0.95463	1.4371	752.63	-0.015287	7.8935e-05	0.098809	supercritical
535.0	1197.2	782.58	0.0012778	469.78	622.77	1.7359	0.95476	1.437	753.76	-0.015413	7.9079e-05	0.098943	supercritical
535.0	1200.5	783.44	0.0012764	469.61	622.84	1.7353	0.9549	1.4368	754.88	-0.015537	7.9223e-05	0.099078	supercritical
535.0	1203.8	784.29	0.001275	469.43	622.91	1.7346	0.95503	1.4367	755.99	-0.015661	7.9367e-05	0.099213	supercritical
535.0	1207.0	785.15	0.0012736	469.26	622.99	1.734	0.95516	1.4365	757.11	-0.015784	7.9511e-05	0.099347	supercritical
535.0	1210.2	786.0	0.0012723	469.09	623.06	1.7334	0.95529	1.4364	758.22	-0.015906	7.9655e-05	0.099482	supercritical
535.0	1213.5	786.85	0.0012709	468.91	623.14	1.7327	0.95542	1.4362	759.34	-0.016027	7.9799e-05	0.099616	supercritical
535.0	1216.8	787.69	0.0012695	468.74	623.21	1.7321	0.95556	1.436	760.45	-0.016147	7.9942e-05	0.09975	supercritical
535.0	1220.0	788.54	0.0012682	468.57	623.29	1.7315	0.95569	1.4359	761.56	-0.016266	8.0085e-05	0.099884	supercritical
535.0	1223.2	789.38	0.0012668	468.4	623.36	1.7309	0.95582	1.4357	762.66	-0.016385	8.0229e-05	0.10002	supercritical
535.0	1226.5	790.22	0.0012655	468.23	623.44	1.7302	0.95595	1.4356	763.77	-0.016503	8.0372e-05	0.10015	supercritical
535.0	1229.8	791.05	0.0012641	468.06	623.52	1.7296	0.95608	1.4355	764.87	-0.01662	8.0515e-05	0.10029	supercritical
535.0	1233.0	791.88	0.0012628	467.89	623.59	1.729	0.95621	1.4353	765.97	-0.016736	8.0657e-05	0.10042	supercritical
535.0	1236.2	792.71	0.0012615	467.72	623.67	1.7284	0.95634	1.4352	767.07	-0.016852	8.08e-05	0.10055	supercritical
535.0	1239.5	793.54	0.0012602	467.55	623.75	1.7277	0.95648	1.435	768.17	-0.016966	8.0943e-05	0.10069	supercritical
535.0	1242.8	794.37	0.0012589	467.39	623.83	1.7271	0.95661	1.4349	769.27	-0.01708	8.1085e-05	0.10082	supercritical
535.0	1246.0	795.19	0.0012576	467.22	623.91	1.7265	0.95674	1.4347	770.36	-0.017193	8.1227e-05	0.10095	supercritical
535.0	1249.2	796.01	0.0012563	467.05	623.99	1.7259	0.95687	1.4346	771.46	-0.017306	8.137e-05	0.10109	supercritical
535.0	1252.5	796.83	0.001255	466.89	624.07	1.7253	0.957	1.4344	772.55	-0.017417	8.1512e-05	0.10122	supercritical
535.0	1255.8	797.64	0.0012537	466.72	624.15	1.7247	0.95713	1.4343	773.64	-0.017528	8.1654e-05	0.10135	supercritical
535.0	1259.0	798.45	0.0012524	466.56	624.24	1.7241	0.95727	1.4341	774.72	-0.017638	8.1795e-05	0.10148	supercritical
535.0	1262.2	799.26	0.0012512	466.39	624.32	1.7235	0.9574	1.434	775.81	-0.017748	8.1937e-05	0.10162	supercritical
535.0	1265.5	800.07	0.0012499	466.23	624.4	1.7229	0.95753	1.4339	776.89	-0.017856	8.2078e-05	0.10175	supercritical
535.0	1268.8	800.88	0.0012486	466.06	624.48	1.7223	0.95766	1.4337	777.97	-0.017964	8.222e-05	0.10188	supercritical
535.0	1272.0	801.68	0.0012474	465.9	624.57	1.7217	0.95779	1.4336	779.06	-0.018072	8.2361e-05	0.10201	supercritical
535.0	1275.2	802.48	0.0012461	465.74	624.65	1.7211	0.95792	1.4334	780.13	-0.018178	8.2502e-05	0.10215	supercritical
535.0	1278.5	803.28	0.0012449	465.58	624.74	1.7205	0.95805	1.4333	781.21	-0.018284	8.2643e-05	0.10228	supercritical
535.0	1281.8	804.07	0.0012437	465.42	624.82	1.7199	0.95818	1.4332	782.29	-0.018389	8.2784e-05	0.10241	supercritical
535.0	1285.0	804.87	0.0012424	465.26	624.91	1.7193	0.95832	1.433	783.36	-0.018493	8.2925e-05	0.10254	supercritical
535.0	1288.2	805.66	0.0012412	465.1	625.0	1.7187	0.95845	1.4329	784.43	-0.018597	8.3066e-05	0.10267	supercritical
535.0	1291.5	806.45	0.00124	464.94	625.08	1.7181	0.95858	1.4328	785.5	-0.0187	8.3206e-05	0.10281	supercritical
535.0	1294.8	807.23	0.0012388	464.78	625.17	1.7175	0.95871	1.4326	786.57	-0.018803	8.3346e-05	0.10294	supercritical
535.0	1298.0	808.02	0.0012376	464.62	625.26	1.7169	0.95884	1.4325	787.64	-0.018904	8.3487e-05	0.10307	supercritical
535.0	1301.2	808.8	0.0012364	464.46	625.35	1.7163	0.95897	1.4324	788.7	-0.019005	8.3627e-05	0.1032	supercritical
535.0	1304.5	809.58	0.0012352	464.3	625.43	1.7157	0.9591	1.4322	789.76	-0.019106	8.3767e-05	0.10333	supercritical
535.0	1307.8	810.35	0.001234	464.14	625.52	1.7151	0.95923	1.4321	790.83	-0.019205	8.3907e-05	0.10346	supercritical
535.0	1311.0	811.13	0.0012329	463.99	625.61	1.7146	0.95936	1.432	791.89	-0.019305	8.4047e-05	0.10359	supercritical
535.0	1314.2	811.9	0.0012317	463.83	625.7	1.714	0.9595	1.4318	792.94	-0.019403	8.4186e-05	0.10372	supercritical
535.0	1317.5	812.67	0.0012305	463.67	625.79	1.7134	0.95963	1.4317	794.0	-0.019501	8.4326e-05	0.10386	supercritical
535.0	1320.8	813.44	0.0012293	463.52	625.88	1.7128	0.95976	1.4316	795.06	-0.019598	8.4465e-05	0.10399	supercritical
535.0	1324.0	814.2	0.0012282	463.36	625.98	1.7123	0.95989	1.4314	796.11	-0.019694	8.4604e-05	0.10412	supercritical
535.0	1327.2	814.97	0.001227	463.21	626.07	1.7117	0.96002	1.4313	797.16	-0.01979	8.4744e-05	0.10425	supercritical
535.0	1330.5	815.73	0.0012259	463.05	626.16	1.7111	0.96015	1.4312	798.21	-0.019886	8.4883e-05	0.10438	supercritical
535.0	1333.8	816.49	0.0012248	462.9	626.25	1.7105	0.96028	1.4311	799.26	-0.01998	8.5022e-05	0.10451	supercritical
535.0	1337.0	817.25	0.0012236	462.75	626.35	1.71	0.96041	1.4309	800.3	-0.020075	8.5161e-05	0.10464	supercritical
535.0	1340.2	818.0	0.0012225	462.6	626.44	1.7094	0.96054	1.4308	801.35	-0.020168	8.5299e-05	0.10477	supercritical
535.0	1343.5	818.75	0.0012214	462.44	626.53	1.7088	0.96067	1.4307	802.39	-0.020261	8.5438e-05	0.1049	supercritical
535.0	1346.8	819.5	0.0012202	462.29	626.63	1.7083	0.9608	1.4306	803.43	-0.020353	8.5576e-05	0.10503	supercritical
535.0	1350.0	820.25	0.0012191	462.14	626.72	1.7077	0.96094	1.4304	804.47	-0.020445	8.5715e-05	0.10516	supercritical
535.0	1353.2	821.0	0.001218	461.99	626.82	1.7071	0.96107	1.4303	805.51	-0.020536	8.5853e-05	0.10529	supercritical
535.0	1356.5	821.74	0.0012169	461.84	626.91	1.7066	0.9612	1.4302	806.55	-0.020627	8.5991e-05	0.10542	supercritical
535.0	1359.8	822.49	0.0012158	461.69	627.01	1.706	0.96133	1.4301	807.58	-0.020717	8.6129e-05	0.10555	supercritical
535.0	1363.0	823.23	0.0012147	461.54	627.11	1.7055	0.96146	1.43	808.61	-0.020806	8.6267e-05	0.10568	supercritical
535.0	1366.2	823.97	0.0012136	461.39	627.2	1.7049	0.96159	1.4298	809.65	-0.020895	8.6405e-05	0.10581	supercritical
535.0	1369.5	824.7	0.0012126	461.24	627.3	1.7044	0.96172	1.4297	810.68	-0.020983	8.6543e-05	0.10594	supercritical
535.0	1372.8	825.44	0.0012115	461.09	627.4	1.7038	0.96185	1.4296	811.7	-0.021071	8.668e-05	0.10607	supercritical
535.0	1376.0	826.17	0.0012104	460.94	627.5	1.7032	0.96198	1.4295	812.73	-0.021158	8.6818e-05	0.1062	supercritical
535.0	1379.2	826.9	0.0012093	460.8	627.6	1.7027	0.96211	1.4294	813.76	-0.021245	8.6955e-05	0.10633	supercritical
535.0	1382.5	827.63	0.0012083	460.65	627.69	1.7021	0.96224	1.4293	814.78	-0.021331	8.7093e-05	0.10646	supercritical
535.0	1385.8	828.35	0.0012072	460.5	627.79	1.7016	0.96237	1.4291	815.8	-0.021417	8.723e-05	0.10658	supercritical
535.0	1389.0	829.08	0.0012062	460.36	627.89	1.7011	0.9625	1.429	816.82	-0.021502	8.7367e-05	0.10671	supercritical
535.0	1392.2	829.8	0.0012051	460.21	627.99	1.7005	0.96263	1.4289	817.84	-0.021586	8.7504e-05	0.10684	supercritical
535.0	1395.5	830.52	0.0012041	460.07	628.09	1.7	0.96276	1.4288	818.86	-0.02167	8.7641e-05	0.10697	supercritical
535.0	1398.8	831.24	0.001203	459.92	628.19	1.6994	0.96289	1.4287	819.87	-0.021754	8.7778e-05	0.1071	supercritical
535.0	1402.0	831.95	0.001202	459.78	628.3	1.6989	0.96302	1.4286	820.89	-0.021837	8.7914e-05	0.10723	supercritical
535.0	1405.2	832.67	0.001201	459.63	628.4	1.6983	0.96316	1.4285	821.9	-0.021919	8.8051e-05	0.10736	supercritical
535.0	1408.5	833.38	0.0011999	459.49	628.5	1.6978	0.96329	1.4283	822.91	-0.022001	8.8187e-05	0.10749	supercritical
535.0	1411.8	834.09	0.0011989	459.35	628.6	1.6973	0.96342	1.4282	823.92	-0.022083	8.8324e-05	0.10762	supercritical
535.0	1415.0	834.8	0.0011979	459.2	628.7	1.6967	0.96355	1.4281	824.93	-0.022164	8.846e-05	0.10774	supercritical
535.0	1418.2	835.51	0.0011969	459.06	628.81	1.6962	0.96368	1.428	825.93	-0.022244	8.8596e-05	0.10787	supercritical
535.0	1421.5	836.21	0.0011959	458.92	628.91	1.6957	0.96381	1.4279	826.94	-0.022324	8.8732e-05	0.108	supercritical
535.0	1424.8	836.92	0.0011949	458.78	629.01	1.6951	0.96394	1.4278	827.94	-0.022404	8.8868e-05	0.10813	supercritical
535.0	1428.0	837.62	0.0011939	458.63	629.12	1.6946	0.96407	1.4277	828.94	-0.022483	8.9004e-05	0.10826	supercritical
535.0	1431.2	838.32	0.0011929	458.49	629.22	1.6941	0.9642	1.4276	829.94	-0.022561	8.914e-05	0.10839	supercritical
535.0	1434.5	839.01	0.0011919	458.35	629.33	1.6935	0.96433	1.4275	830.94	-0.022639	8.9275e-05	0.10851	supercritical
535.0	1437.8	839.71	0.0011909	458.21	629.43	1.693	0.96446	1.4274	831.93	-0.022717	8.9411e-05	0.10864	supercritical
535.0	1441.0	840.4	0.0011899	458.07	629.54	1.6925	0.96459	1.4273	832.93	-0.022794	8.9546e-05	0.10877	supercritical
535.0	1444.2	841.1	0.0011889	457.93	629.64	1.692	0.96472	1.4272	833.92	-0.022871	8.9682e-05	0.1089	supercritical
535.0	1447.5	841.79	0.0011879	457.79	629.75	1.6914	0.96485	1.4271	834.92	-0.022947	8.9817e-05	0.10902	supercritical
535.0	1450.8	842.48	0.001187	457.66	629.86	1.6909	0.96498	1.427	835.91	-0.023023	8.9952e-05	0.10915	supercritical
535.0	1454.0	843.16	0.001186	457.52	629.96	1.6904	0.96511	1.4269	836.9	-0.023098	9.0087e-05	0.10928	supercritical
535.0	1457.2	843.85	0.001185	457.38	630.07	1.6899	0.96524	1.4267	837.88	-0.023173	9.0222e-05	0.10941	supercritical
535.0	1460.5	844.53	0.0011841	457.24	630.18	1.6894	0.96537	1.4266	838.87	-0.023247	9.0357e-05	0.10954	supercritical
535.0	1463.8	845.21	0.0011831	457.11	630.29	1.6888	0.9655	1.4265	839.85	-0.023321	9.0492e-05	0.10966	supercritical
535.0	1467.0	845.89	0.0011822	456.97	630.4	1.6883	0.96563	1.4264	840.84	-0.023395	9.0627e-05	0.10979	supercritical
535.0	1470.2	846.57	0.0011812	456.83	630.5	1.6878	0.96576	1.4263	841.82	-0.023468	9.0761e-05	0.10992	supercritical
535.0	1473.5	847.25	0.0011803	456.7	630.61	1.6873	0.96589	1.4262	842.8	-0.023541	9.0896e-05	0.11004	supercritical
535.0	1476.8	847.92	0.0011794	456.56	630.72	1.6868	0.96602	1.4261	843.78	-0.023613	9.103e-05	0.11017	supercritical
535.0	1480.0	848.59	0.0011784	456.43	630.83	1.6863	0.96615	1.426	844.75	-0.023685	9.1164e-05	0.1103	supercritical
535.0	1483.2	849.27	0.0011775	456.29	630.94	1.6858	0.96628	1.426	845.73	-0.023756	9.1299e-05	0.11043	supercritical
535.0	1486.5	849.94	0.0011766	456.16	631.05	1.6852	0.96641	1.4259	846.7	-0.023827	9.1433e-05	0.11055	supercritical
535.0	1489.8	850.6	0.0011756	456.02	631.16	1.6847	0.96654	1.4258	847.68	-0.023898	9.1567e-05	0.11068	supercritical
535.0	1493.0	851.27	0.0011747	455.89	631.27	1.6842	0.96667	1.4257	848.65	-0.023968	9.1701e-05	0.11081	supercritical
535.0	1496.2	851.94	0.0011738	455.75	631.38	1.6837	0.9668	1.4256	849.62	-0.024037	9.1835e-05	0.11093	supercritical
535.0	1499.5	852.6	0.0011729	455.62	631.5	1.6832	0.96693	1.4255	850.59	-0.024107	9.1968e-05	0.11106	supercritical
535.0	1502.8	853.26	0.001172	455.49	631.61	1.6827	0.96706	1.4254	851.55	-0.024176	9.2102e-05	0.11119	supercritical
535.0	1506.0	853.92	0.0011711	455.36	631.72	1.6822	0.96719	1.4253	852.52	-0.024244	9.2236e-05	0.11131	supercritical
535.0	1509.2	854.58	0.0011702	455.22	631.83	1.6817	0.96732	1.4252	853.48	-0.024312	9.2369e-05	0.11144	supercritical
535.0	1512.5	855.23	0.0011693	455.09	631.95	1.6812	0.96745	1.4251	854.45	-0.02438	9.2503e-05	0.11157	supercritical
535.0	1515.8	855.89	0.0011684	454.96	632.06	1.6807	0.96758	1.425	855.41	-0.024448	9.2636e-05	0.11169	supercritical
535.0	1519.0	856.54	0.0011675	454.83	632.17	1.6802	0.96771	1.4249	856.37	-0.024515	9.2769e-05	0.11182	supercritical
535.0	1522.2	857.19	0.0011666	454.7	632.29	1.6797	0.96784	1.4248	857.32	-0.024581	9.2902e-05	0.11195	supercritical
535.0	1525.5	857.84	0.0011657	454.57	632.4	1.6792	0.96796	1.4247	858.28	-0.024647	9.3035e-05	0.11207	supercritical
535.0	1528.8	858.49	0.0011648	454.44	632.51	1.6787	0.96809	1.4246	859.24	-0.024713	9.3168e-05	0.1122	supercritical
535.0	1532.0	859.14	0.001164	454.31	632.63	1.6782	0.96822	1.4245	860.19	-0.024779	9.3301e-05	0.11233	supercritical
535.0	1535.2	859.79	0.0011631	454.18	632.74	1.6778	0.96835	1.4245	861.14	-0.024844	9.3434e-05	0.11245	supercritical
535.0	1538.5	860.43	0.0011622	454.05	632.86	1.6773	0.96848	1.4244	862.1	-0.024909	9.3567e-05	0.11258	supercritical
535.0	1541.8	861.07	0.0011613	453.92	632.97	1.6768	0.96861	1.4243	863.05	-0.024973	9.3699e-05	0.1127	supercritical
535.0	1545.0	861.71	0.0011605	453.8	633.09	1.6763	0.96874	1.4242	863.99	-0.025037	9.3832e-05	0.11283	supercritical
535.0	1548.2	862.35	0.0011596	453.67	633.21	1.6758	0.96887	1.4241	864.94	-0.0251	9.3965e-05	0.11296	supercritical
535.0	1551.5	862.99	0.0011588	453.54	633.32	1.6753	0.969	1.424	865.89	-0.025164	9.4097e-05	0.11308	supercritical
535.0	1554.8	863.63	0.0011579	453.41	633.44	1.6748	0.96913	1.4239	866.83	-0.025227	9.4229e-05	0.11321	supercritical
535.0	1558.0	864.26	0.0011571	453.29	633.56	1.6743	0.96926	1.4238	867.77	-0.025289	9.4361e-05	0.11333	supercritical
535.0	1561.2	864.89	0.0011562	453.16	633.67	1.6739	0.96939	1.4238	868.72	-0.025351	9.4494e-05	0.11346	supercritical
535.0	1564.5	865.53	0.0011554	453.03	633.79	1.6734	0.96952	1.4237	869.66	-0.025413	9.4626e-05	0.11358	supercritical
535.0	1567.8	866.16	0.0011545	452.91	633.91	1.6729	0.96965	1.4236	870.59	-0.025475	9.4758e-05	0.11371	supercritical
535.0	1571.0	866.78	0.0011537	452.78	634.03	1.6724	0.96978	1.4235	871.53	-0.025536	9.489e-05	0.11384	supercritical
535.0	1574.2	867.41	0.0011529	452.66	634.14	1.6719	0.96991	1.4234	872.47	-0.025597	9.5021e-05	0.11396	supercritical
535.0	1577.5	868.04	0.001152	452.53	634.26	1.6715	0.97003	1.4233	873.4	-0.025657	9.5153e-05	0.11409	supercritical
535.0	1580.8	868.66	0.0011512	452.41	634.38	1.671	0.97016	1.4233	874.34	-0.025718	9.5285e-05	0.11421	supercritical
535.0	1584.0	869.29	0.0011504	452.28	634.5	1.6705	0.97029	1.4232	875.27	-0.025777	9.5416e-05	0.11434	supercritical
535.0	1587.2	869.91	0.0011495	452.16	634.62	1.67	0.97042	1.4231	876.2	-0.025837	9.5548e-05	0.11446	supercritical
535.0	1590.5	870.53	0.0011487	452.03	634.74	1.6695	0.97055	1.423	877.13	-0.025896	9.5679e-05	0.11459	supercritical
535.0	1593.8	871.15	0.0011479	451.91	634.86	1.6691	0.97068	1.4229	878.06	-0.025955	9.5811e-05	0.11471	supercritical
535.0	1597.0	871.76	0.0011471	451.79	634.98	1.6686	0.97081	1.4229	878.98	-0.026014	9.5942e-05	0.11484	supercritical
535.0	1600.2	872.38	0.0011463	451.66	635.1	1.6681	0.97094	1.4228	879.91	-0.026072	9.6073e-05	0.11496	supercritical
535.0	1603.5	872.99	0.0011455	451.54	635.22	1.6677	0.97107	1.4227	880.83	-0.02613	9.6204e-05	0.11509	supercritical
535.0	1606.8	873.61	0.0011447	451.42	635.34	1.6672	0.9712	1.4226	881.76	-0.026187	9.6336e-05	0.11521	supercritical
535.0	1610.0	874.22	0.0011439	451.3	635.46	1.6667	0.97132	1.4225	882.68	-0.026244	9.6466e-05	0.11534	supercritical
535.0	1613.2	874.83	0.0011431	451.18	635.58	1.6663	0.97145	1.4225	883.6	-0.026301	9.6597e-05	0.11546	supercritical
535.0	1616.5	875.44	0.0011423	451.06	635.71	1.6658	0.97158	1.4224	884.52	-0.026358	9.6728e-05	0.11559	supercritical
535.0	1619.8	876.04	0.0011415	450.93	635.83	1.6653	0.97171	1.4223	885.43	-0.026414	9.6859e-05	0.11571	supercritical
535.0	1623.0	876.65	0.0011407	450.81	635.95	1.6649	0.97184	1.4222	886.35	-0.02647	9.699e-05	0.11584	supercritical
535.0	1626.2	877.25	0.0011399	450.69	636.07	1.6644	0.97197	1.4222	887.27	-0.026526	9.712e-05	0.11596	supercritical
535.0	1629.5	877.86	0.0011391	450.57	636.2	1.6639	0.9721	1.4221	888.18	-0.026582	9.7251e-05	0.11609	supercritical
535.0	1632.8	878.46	0.0011384	450.45	636.32	1.6635	0.97223	1.422	889.09	-0.026637	9.7381e-05	0.11621	supercritical
535.0	1636.0	879.06	0.0011376	450.33	636.44	1.663	0.97236	1.4219	890.0	-0.026692	9.7512e-05	0.11634	supercritical
535.0	1639.2	879.66	0.0011368	450.21	636.56	1.6625	0.97248	1.4219	890.91	-0.026746	9.7642e-05	0.11646	supercritical
535.0	1642.5	880.26	0.001136	450.1	636.69	1.6621	0.97261	1.4218	891.82	-0.0268	9.7772e-05	0.11659	supercritical
535.0	1645.8	880.85	0.0011353	449.98	636.81	1.6616	0.97274	1.4217	892.73	-0.026854	9.7902e-05	0.11671	supercritical
535.0	1649.0	881.45	0.0011345	449.86	636.94	1.6612	0.97287	1.4216	893.63	-0.026908	9.8033e-05	0.11684	supercritical
535.0	1652.2	882.04	0.0011337	449.74	637.06	1.6607	0.973	1.4216	894.54	-0.026961	9.8163e-05	0.11696	supercritical
535.0	1655.5	882.64	0.001133	449.62	637.19	1.6603	0.97313	1.4215	895.44	-0.027015	9.8293e-05	0.11709	supercritical
535.0	1658.8	883.23	0.0011322	449.51	637.31	1.6598	0.97326	1.4214	896.34	-0.027067	9.8422e-05	0.11721	supercritical
535.0	1662.0	883.82	0.0011315	449.39	637.44	1.6594	0.97338	1.4213	897.25	-0.02712	9.8552e-05	0.11733	supercritical
535.0	1665.2	884.41	0.0011307	449.27	637.56	1.6589	0.97351	1.4213	898.15	-0.027172	9.8682e-05	0.11746	supercritical
535.0	1668.5	884.99	0.0011299	449.15	637.69	1.6584	0.97364	1.4212	899.04	-0.027224	9.8812e-05	0.11758	supercritical
535.0	1671.8	885.58	0.0011292	449.04	637.81	1.658	0.97377	1.4211	899.94	-0.027276	9.8941e-05	0.11771	supercritical
535.0	1675.0	886.17	0.0011285	448.92	637.94	1.6575	0.9739	1.4211	900.84	-0.027327	9.9071e-05	0.11783	supercritical
535.0	1678.2	886.75	0.0011277	448.81	638.07	1.6571	0.97403	1.421	901.73	-0.027379	9.92e-05	0.11795	supercritical
535.0	1681.5	887.33	0.001127	448.69	638.19	1.6566	0.97415	1.4209	902.63	-0.02743	9.933e-05	0.11808	supercritical
535.0	1684.8	887.91	0.0011262	448.58	638.32	1.6562	0.97428	1.4209	903.52	-0.02748	9.9459e-05	0.1182	supercritical
535.0	1688.0	888.49	0.0011255	448.46	638.45	1.6558	0.97441	1.4208	904.41	-0.027531	9.9588e-05	0.11833	supercritical
535.0	1691.2	889.07	0.0011248	448.35	638.57	1.6553	0.97454	1.4207	905.3	-0.027581	9.9718e-05	0.11845	supercritical
535.0	1694.5	889.65	0.001124	448.23	638.7	1.6549	0.97467	1.4207	906.19	-0.027631	9.9847e-05	0.11858	supercritical
535.0	1697.8	890.23	0.0011233	448.12	638.83	1.6544	0.9748	1.4206	907.08	-0.02768	9.9976e-05	0.1187	supercritical
535.0	1701.0	890.8	0.0011226	448.0	638.96	1.654	0.97492	1.4205	907.96	-0.02773	0.0001001	0.11882	supercritical
535.0	1704.2	891.37	0.0011219	447.89	639.08	1.6535	0.97505	1.4205	908.85	-0.027779	0.00010023	0.11895	supercritical
535.0	1707.5	891.95	0.0011211	447.78	639.21	1.6531	0.97518	1.4204	909.73	-0.027828	0.00010036	0.11907	supercritical
535.0	1710.8	892.52	0.0011204	447.66	639.34	1.6527	0.97531	1.4203	910.61	-0.027876	0.00010049	0.11919	supercritical
535.0	1714.0	893.09	0.0011197	447.55	639.47	1.6522	0.97544	1.4203	911.49	-0.027925	0.00010062	0.11932	supercritical
535.0	1717.2	893.66	0.001119	447.44	639.6	1.6518	0.97556	1.4202	912.37	-0.027973	0.00010075	0.11944	supercritical
535.0	1720.5	894.23	0.0011183	447.33	639.73	1.6513	0.97569	1.4201	913.25	-0.02802	0.00010088	0.11957	supercritical
535.0	1723.8	894.79	0.0011176	447.22	639.86	1.6509	0.97582	1.4201	914.13	-0.028068	0.00010101	0.11969	supercritical
535.0	1727.0	895.36	0.0011169	447.1	639.99	1.6505	0.97595	1.42	915.01	-0.028115	0.00010113	0.11981	supercritical
535.0	1730.2	895.92	0.0011162	446.99	640.12	1.65	0.97608	1.4199	915.88	-0.028163	0.00010126	0.11994	supercritical
535.0	1733.5	896.49	0.0011155	446.88	640.25	1.6496	0.9762	1.4199	916.76	-0.028209	0.00010139	0.12006	supercritical
535.0	1736.8	897.05	0.0011148	446.77	640.38	1.6492	0.97633	1.4198	917.63	-0.028256	0.00010152	0.12018	supercritical
535.0	1740.0	897.61	0.0011141	446.66	640.51	1.6487	0.97646	1.4197	918.5	-0.028303	0.00010165	0.12031	supercritical
535.0	1743.2	898.17	0.0011134	446.55	640.64	1.6483	0.97659	1.4197	919.37	-0.028349	0.00010178	0.12043	supercritical
535.0	1746.5	898.73	0.0011127	446.44	640.77	1.6479	0.97672	1.4196	920.24	-0.028395	0.0001019	0.12055	supercritical
535.0	1749.8	899.28	0.001112	446.33	640.9	1.6474	0.97684	1.4196	921.11	-0.02844	0.00010203	0.12068	supercritical
535.0	1753.0	899.84	0.0011113	446.22	641.03	1.647	0.97697	1.4195	921.98	-0.028486	0.00010216	0.1208	supercritical
535.0	1756.2	900.39	0.0011106	446.11	641.16	1.6466	0.9771	1.4194	922.85	-0.028531	0.00010229	0.12092	supercritical
535.0	1759.5	900.95	0.0011099	446.0	641.3	1.6461	0.97723	1.4194	923.71	-0.028576	0.00010242	0.12105	supercritical
535.0	1762.8	901.5	0.0011093	445.89	641.43	1.6457	0.97735	1.4193	924.58	-0.028621	0.00010254	0.12117	supercritical
535.0	1766.0	902.05	0.0011086	445.78	641.56	1.6453	0.97748	1.4193	925.44	-0.028666	0.00010267	0.12129	supercritical
535.0	1769.2	902.6	0.0011079	445.67	641.69	1.6449	0.97761	1.4192	926.3	-0.02871	0.0001028	0.12142	supercritical
535.0	1772.5	903.15	0.0011072	445.57	641.82	1.6444	0.97774	1.4191	927.16	-0.028754	0.00010293	0.12154	supercritical
535.0	1775.8	903.7	0.0011066	445.46	641.96	1.644	0.97787	1.4191	928.02	-0.028798	0.00010305	0.12166	supercritical
535.0	1779.0	904.25	0.0011059	445.35	642.09	1.6436	0.97799	1.419	928.88	-0.028842	0.00010318	0.12179	supercritical
535.0	1782.2	904.79	0.0011052	445.24	642.22	1.6432	0.97812	1.419	929.73	-0.028885	0.00010331	0.12191	supercritical
535.0	1785.5	905.34	0.0011046	445.14	642.36	1.6427	0.97825	1.4189	930.59	-0.028928	0.00010344	0.12203	supercritical
535.0	1788.8	905.88	0.0011039	445.03	642.49	1.6423	0.97838	1.4189	931.45	-0.028972	0.00010356	0.12215	supercritical
535.0	1792.0	906.42	0.0011032	444.92	642.62	1.6419	0.9785	1.4188	932.3	-0.029014	0.00010369	0.12228	supercritical
535.0	1795.2	906.97	0.0011026	444.82	642.76	1.6415	0.97863	1.4187	933.15	-0.029057	0.00010382	0.1224	supercritical
535.0	1798.5	907.51	0.0011019	444.71	642.89	1.6411	0.97876	1.4187	934.0	-0.029099	0.00010395	0.12252	supercritical
535.0	1801.8	908.05	0.0011013	444.6	643.03	1.6406	0.97888	1.4186	934.85	-0.029142	0.00010407	0.12265	supercritical
535.0	1805.0	908.58	0.0011006	444.5	643.16	1.6402	0.97901	1.4186	935.7	-0.029184	0.0001042	0.12277	supercritical
535.0	1808.2	909.12	0.0011	444.39	643.29	1.6398	0.97914	1.4185	936.55	-0.029225	0.00010433	0.12289	supercritical
535.0	1811.5	909.66	0.0010993	444.29	643.43	1.6394	0.97927	1.4185	937.4	-0.029267	0.00010445	0.12301	supercritical
535.0	1814.8	910.19	0.0010987	444.18	643.56	1.639	0.97939	1.4184	938.25	-0.029308	0.00010458	0.12314	supercritical
535.0	1818.0	910.73	0.001098	444.08	643.7	1.6386	0.97952	1.4184	939.09	-0.02935	0.00010471	0.12326	supercritical
535.0	1821.2	911.26	0.0010974	443.97	643.83	1.6382	0.97965	1.4183	939.93	-0.029391	0.00010483	0.12338	supercritical
535.0	1824.5	911.79	0.0010967	443.87	643.97	1.6377	0.97978	1.4183	940.78	-0.029431	0.00010496	0.12351	supercritical
535.0	1827.8	912.32	0.0010961	443.77	644.11	1.6373	0.9799	1.4182	941.62	-0.029472	0.00010509	0.12363	supercritical
535.0	1831.0	912.85	0.0010955	443.66	644.24	1.6369	0.98003	1.4181	942.46	-0.029512	0.00010522	0.12375	supercritical
535.0	1834.2	913.38	0.0010948	443.56	644.38	1.6365	0.98016	1.4181	943.3	-0.029553	0.00010534	0.12387	supercritical
535.0	1837.5	913.91	0.0010942	443.46	644.51	1.6361	0.98028	1.418	944.14	-0.029593	0.00010547	0.124	supercritical
535.0	1840.8	914.44	0.0010936	443.35	644.65	1.6357	0.98041	1.418	944.97	-0.029633	0.00010559	0.12412	supercritical
535.0	1844.0	914.96	0.0010929	443.25	644.79	1.6353	0.98054	1.4179	945.81	-0.029672	0.00010572	0.12424	supercritical
535.0	1847.2	915.49	0.0010923	443.15	644.92	1.6349	0.98066	1.4179	946.65	-0.029712	0.00010585	0.12436	supercritical
535.0	1850.5	916.01	0.0010917	443.04	645.06	1.6345	0.98079	1.4178	947.48	-0.029751	0.00010597	0.12449	supercritical
535.0	1853.8	916.53	0.0010911	442.94	645.2	1.6341	0.98092	1.4178	948.31	-0.02979	0.0001061	0.12461	supercritical
535.0	1857.0	917.06	0.0010904	442.84	645.34	1.6337	0.98104	1.4177	949.15	-0.029829	0.00010623	0.12473	supercritical
535.0	1860.2	917.58	0.0010898	442.74	645.47	1.6332	0.98117	1.4177	949.98	-0.029868	0.00010635	0.12485	supercritical
535.0	1863.5	918.1	0.0010892	442.64	645.61	1.6328	0.9813	1.4176	950.81	-0.029906	0.00010648	0.12498	supercritical
535.0	1866.8	918.62	0.0010886	442.54	645.75	1.6324	0.98143	1.4176	951.64	-0.029944	0.0001066	0.1251	supercritical
535.0	1870.0	919.13	0.001088	442.43	645.89	1.632	0.98155	1.4175	952.46	-0.029983	0.00010673	0.12522	supercritical
535.0	1873.2	919.65	0.0010874	442.33	646.03	1.6316	0.98168	1.4175	953.29	-0.030021	0.00010686	0.12534	supercritical
535.0	1876.5	920.17	0.0010868	442.23	646.16	1.6312	0.98181	1.4174	954.12	-0.030058	0.00010698	0.12546	supercritical
535.0	1879.8	920.68	0.0010862	442.13	646.3	1.6308	0.98193	1.4174	954.94	-0.030096	0.00010711	0.12559	supercritical
535.0	1883.0	921.2	0.0010855	442.03	646.44	1.6304	0.98206	1.4173	955.77	-0.030133	0.00010723	0.12571	supercritical
535.0	1886.2	921.71	0.0010849	441.93	646.58	1.63	0.98219	1.4173	956.59	-0.030171	0.00010736	0.12583	supercritical
535.0	1889.5	922.22	0.0010843	441.83	646.72	1.6296	0.98231	1.4172	957.41	-0.030208	0.00010749	0.12595	supercritical
535.0	1892.8	922.73	0.0010837	441.73	646.86	1.6292	0.98244	1.4172	958.23	-0.030245	0.00010761	0.12608	supercritical
535.0	1896.0	923.24	0.0010831	441.63	647.0	1.6288	0.98256	1.4171	959.05	-0.030281	0.00010774	0.1262	supercritical
535.0	1899.2	923.75	0.0010825	441.54	647.14	1.6284	0.98269	1.4171	959.87	-0.030318	0.00010786	0.12632	supercritical
535.0	1902.5	924.26	0.0010819	441.44	647.28	1.628	0.98282	1.4171	960.69	-0.030354	0.00010799	0.12644	supercritical
535.0	1905.8	924.77	0.0010814	441.34	647.42	1.6276	0.98294	1.417	961.5	-0.030391	0.00010811	0.12656	supercritical
535.0	1909.0	925.27	0.0010808	441.24	647.56	1.6273	0.98307	1.417	962.32	-0.030427	0.00010824	0.12669	supercritical
535.0	1912.2	925.78	0.0010802	441.14	647.7	1.6269	0.9832	1.4169	963.13	-0.030463	0.00010836	0.12681	supercritical
535.0	1915.5	926.28	0.0010796	441.04	647.84	1.6265	0.98332	1.4169	963.95	-0.030498	0.00010849	0.12693	supercritical
535.0	1918.8	926.79	0.001079	440.95	647.98	1.6261	0.98345	1.4168	964.76	-0.030534	0.00010861	0.12705	supercritical
535.0	1922.0	927.29	0.0010784	440.85	648.12	1.6257	0.98358	1.4168	965.57	-0.030569	0.00010874	0.12717	supercritical
535.0	1925.2	927.79	0.0010778	440.75	648.26	1.6253	0.9837	1.4167	966.38	-0.030604	0.00010887	0.12729	supercritical
535.0	1928.5	928.29	0.0010772	440.65	648.4	1.6249	0.98383	1.4167	967.19	-0.03064	0.00010899	0.12742	supercritical
535.0	1931.8	928.79	0.0010767	440.56	648.54	1.6245	0.98395	1.4166	968.0	-0.030674	0.00010912	0.12754	supercritical
535.0	1935.0	929.29	0.0010761	440.46	648.68	1.6241	0.98408	1.4166	968.81	-0.030709	0.00010924	0.12766	supercritical
535.0	1938.2	929.79	0.0010755	440.36	648.82	1.6237	0.98421	1.4166	969.61	-0.030744	0.00010937	0.12778	supercritical
535.0	1941.5	930.28	0.0010749	440.27	648.97	1.6233	0.98433	1.4165	970.42	-0.030778	0.00010949	0.1279	supercritical
535.0	1944.8	930.78	0.0010744	440.17	649.11	1.6229	0.98446	1.4165	971.23	-0.030812	0.00010962	0.12803	supercritical
535.0	1948.0	931.28	0.0010738	440.07	649.25	1.6226	0.98458	1.4164	972.03	-0.030847	0.00010974	0.12815	supercritical
535.0	1951.2	931.77	0.0010732	439.98	649.39	1.6222	0.98471	1.4164	972.83	-0.030881	0.00010986	0.12827	supercritical
535.0	1954.5	932.26	0.0010727	439.88	649.53	1.6218	0.98484	1.4163	973.63	-0.030914	0.00010999	0.12839	supercritical
535.0	1957.8	932.76	0.0010721	439.79	649.68	1.6214	0.98496	1.4163	974.43	-0.030948	0.00011011	0.12851	supercritical
535.0	1961.0	933.25	0.0010715	439.69	649.82	1.621	0.98509	1.4163	975.23	-0.030982	0.00011024	0.12863	supercritical
535.0	1964.2	933.74	0.001071	439.6	649.96	1.6206	0.98521	1.4162	976.03	-0.031015	0.00011036	0.12876	supercritical
535.0	1967.5	934.23	0.0010704	439.5	650.1	1.6203	0.98534	1.4162	976.83	-0.031048	0.00011049	0.12888	supercritical
535.0	1970.8	934.72	0.0010698	439.41	650.25	1.6199	0.98546	1.4161	977.63	-0.031081	0.00011061	0.129	supercritical
535.0	1974.0	935.21	0.0010693	439.31	650.39	1.6195	0.98559	1.4161	978.42	-0.031114	0.00011074	0.12912	supercritical
535.0	1977.2	935.69	0.0010687	439.22	650.53	1.6191	0.98572	1.4161	979.22	-0.031147	0.00011086	0.12924	supercritical
535.0	1980.5	936.18	0.0010682	439.13	650.68	1.6187	0.98584	1.416	980.01	-0.031179	0.00011099	0.12936	supercritical
535.0	1983.8	936.67	0.0010676	439.03	650.82	1.6183	0.98597	1.416	980.81	-0.031212	0.00011111	0.12949	supercritical
535.0	1987.0	937.15	0.0010671	438.94	650.96	1.618	0.98609	1.4159	981.6	-0.031244	0.00011124	0.12961	supercritical
535.0	1990.2	937.63	0.0010665	438.85	651.11	1.6176	0.98622	1.4159	982.39	-0.031276	0.00011136	0.12973	supercritical
535.0	1993.5	938.12	0.001066	438.75	651.25	1.6172	0.98634	1.4159	983.18	-0.031308	0.00011148	0.12985	supercritical
535.0	1996.8	938.6	0.0010654	438.66	651.4	1.6168	0.98647	1.4158	983.97	-0.03134	0.00011161	0.12997	supercritical
535.0	2000.0	939.08	0.0010649	438.57	651.54	1.6165	0.9866	1.4158	984.76	-0.031372	0.00011173	0.13009	supercritical
