Temperature (K)	Pressure (bar)	Density (kg/m3)	Volume (m3/kg)	Internal Energy (kJ/kg)	Enthalpy (kJ/kg)	Entropy (J/g*K)	Cv (J/g*K)	Cp (J/g*K)	Sound Spd. (m/s)	Joule-Thomson (K/bar)	Viscosity (Pa*s)	Therm. Cond. (W/m*K)	Phase
774.0	56.5	38.45	0.026008	841.43	988.38	2.9249	0.97338	1.1809	423.52	0.093241	3.4594e-05	0.05599	vapor
774.0	59.75	40.647	0.024602	841.02	988.02	2.9138	0.97359	1.1822	423.88	0.092666	3.4626e-05	0.056069	vapor
774.0	63.0	42.842	0.023341	840.61	987.66	2.9033	0.97381	1.1834	424.24	0.092093	3.4659e-05	0.056147	vapor
774.0	66.25	45.036	0.022205	840.2	987.31	2.8933	0.97402	1.1847	424.61	0.091523	3.4692e-05	0.056225	vapor
774.0	69.5	47.227	0.021174	839.8	986.96	2.8837	0.97423	1.1859	424.98	0.090955	3.4725e-05	0.056301	vapor
774.0	72.75	49.417	0.020236	839.39	986.61	2.8746	0.97445	1.1872	425.35	0.090389	3.4758e-05	0.056378	vapor
774.0	76.0	51.604	0.019378	838.99	986.26	2.8658	0.97466	1.1884	425.73	0.089825	3.4792e-05	0.056453	vapor
774.0	76.0	51.604	0.019378	838.99	986.26	2.8658	0.97466	1.1884	425.73	0.089825	3.4792e-05	0.056453	supercritical
774.0	76.0	51.604	0.019378	838.99	986.26	2.8658	0.97466	1.1884	425.73	0.089825	3.4792e-05	0.056453	supercritical
774.0	79.25	53.79	0.018591	838.58	985.91	2.8574	0.97487	1.1897	426.12	0.089263	3.4825e-05	0.056528	supercritical
774.0	82.5	55.973	0.017866	838.18	985.57	2.8493	0.97508	1.1909	426.51	0.088703	3.4859e-05	0.056603	supercritical
774.0	85.75	58.154	0.017196	837.77	985.23	2.8415	0.97529	1.1922	426.9	0.088144	3.4894e-05	0.056677	supercritical
774.0	89.0	60.333	0.016575	837.37	984.89	2.834	0.9755	1.1934	427.29	0.087588	3.4928e-05	0.056751	supercritical
774.0	92.25	62.509	0.015998	836.97	984.55	2.8267	0.97571	1.1946	427.69	0.087033	3.4963e-05	0.056824	supercritical
774.0	95.5	64.683	0.01546	836.57	984.21	2.8197	0.97592	1.1959	428.1	0.08648	3.4999e-05	0.056897	supercritical
774.0	98.75	66.855	0.014958	836.17	983.88	2.8129	0.97612	1.1971	428.51	0.085928	3.5034e-05	0.05697	supercritical
774.0	102.0	69.025	0.014488	835.77	983.54	2.8062	0.97633	1.1983	428.92	0.085377	3.507e-05	0.057043	supercritical
774.0	105.25	71.192	0.014047	835.37	983.21	2.7998	0.97654	1.1995	429.34	0.084829	3.5106e-05	0.057115	supercritical
774.0	108.5	73.356	0.013632	834.97	982.88	2.7936	0.97675	1.2007	429.76	0.084281	3.5142e-05	0.057187	supercritical
774.0	111.75	75.518	0.013242	834.58	982.55	2.7875	0.97695	1.2019	430.18	0.083735	3.5179e-05	0.057259	supercritical
774.0	115.0	77.678	0.012874	834.18	982.23	2.7816	0.97716	1.2032	430.61	0.08319	3.5216e-05	0.05733	supercritical
774.0	118.25	79.834	0.012526	833.78	981.9	2.7759	0.97736	1.2044	431.04	0.082646	3.5253e-05	0.057402	supercritical
774.0	121.5	81.989	0.012197	833.39	981.58	2.7703	0.97756	1.2056	431.48	0.082104	3.5291e-05	0.057473	supercritical
774.0	124.75	84.14	0.011885	832.99	981.26	2.7648	0.97777	1.2067	431.92	0.081562	3.5329e-05	0.057544	supercritical
774.0	128.0	86.289	0.011589	832.6	980.94	2.7595	0.97797	1.2079	432.36	0.081022	3.5367e-05	0.057616	supercritical
774.0	131.25	88.435	0.011308	832.21	980.62	2.7542	0.97817	1.2091	432.81	0.080483	3.5405e-05	0.057687	supercritical
774.0	134.5	90.578	0.01104	831.82	980.31	2.7491	0.97838	1.2103	433.26	0.079944	3.5444e-05	0.057758	supercritical
774.0	137.75	92.718	0.010785	831.43	979.99	2.7442	0.97858	1.2115	433.72	0.079407	3.5483e-05	0.057829	supercritical
774.0	141.0	94.856	0.010542	831.04	979.68	2.7393	0.97878	1.2126	434.18	0.078871	3.5523e-05	0.057901	supercritical
774.0	144.25	96.99	0.01031	830.65	979.37	2.7345	0.97898	1.2138	434.64	0.078335	3.5562e-05	0.057972	supercritical
774.0	147.5	99.122	0.010089	830.26	979.06	2.7298	0.97918	1.215	435.11	0.077801	3.5602e-05	0.058043	supercritical
774.0	150.75	101.25	0.0098765	829.87	978.76	2.7252	0.97937	1.2161	435.58	0.077267	3.5643e-05	0.058115	supercritical
774.0	154.0	103.38	0.0096734	829.48	978.45	2.7207	0.97957	1.2173	436.06	0.076734	3.5683e-05	0.058187	supercritical
774.0	157.25	105.5	0.0094788	829.1	978.15	2.7163	0.97977	1.2184	436.54	0.076202	3.5724e-05	0.058258	supercritical
774.0	160.5	107.62	0.0092922	828.71	977.85	2.712	0.97997	1.2196	437.02	0.075671	3.5766e-05	0.05833	supercritical
774.0	163.75	109.73	0.009113	828.33	977.55	2.7077	0.98016	1.2207	437.51	0.075141	3.5808e-05	0.058402	supercritical
774.0	167.0	111.85	0.0089408	827.94	977.25	2.7036	0.98036	1.2219	438.0	0.074611	3.585e-05	0.058475	supercritical
774.0	170.25	113.96	0.0087753	827.56	976.96	2.6995	0.98056	1.223	438.5	0.074082	3.5892e-05	0.058547	supercritical
774.0	173.5	116.06	0.008616	827.18	976.67	2.6954	0.98075	1.2241	439.0	0.073554	3.5935e-05	0.05862	supercritical
774.0	176.75	118.17	0.0084626	826.8	976.37	2.6915	0.98094	1.2252	439.5	0.073026	3.5978e-05	0.058693	supercritical
774.0	180.0	120.27	0.0083149	826.42	976.08	2.6876	0.98114	1.2263	440.01	0.0725	3.6021e-05	0.058767	supercritical
774.0	183.25	122.36	0.0081724	826.04	975.8	2.6837	0.98133	1.2275	440.52	0.071974	3.6065e-05	0.05884	supercritical
774.0	186.5	124.46	0.008035	825.66	975.51	2.68	0.98152	1.2286	441.03	0.071448	3.6109e-05	0.058914	supercritical
774.0	189.75	126.55	0.0079023	825.28	975.23	2.6763	0.98171	1.2297	441.55	0.070924	3.6153e-05	0.058988	supercritical
774.0	193.0	128.63	0.0077741	824.9	974.94	2.6726	0.9819	1.2308	442.08	0.0704	3.6198e-05	0.059063	supercritical
774.0	196.25	130.71	0.0076503	824.53	974.66	2.669	0.9821	1.2318	442.6	0.069877	3.6243e-05	0.059138	supercritical
774.0	199.5	132.79	0.0075305	824.15	974.38	2.6654	0.98228	1.2329	443.14	0.069355	3.6288e-05	0.059213	supercritical
774.0	202.75	134.87	0.0074146	823.78	974.11	2.662	0.98247	1.234	443.67	0.068833	3.6334e-05	0.059288	supercritical
774.0	206.0	136.94	0.0073024	823.4	973.83	2.6585	0.98266	1.2351	444.21	0.068312	3.638e-05	0.059364	supercritical
774.0	209.25	139.01	0.0071938	823.03	973.56	2.6551	0.98285	1.2361	444.75	0.067792	3.6427e-05	0.059441	supercritical
774.0	212.5	141.07	0.0070885	822.66	973.29	2.6518	0.98304	1.2372	445.3	0.067272	3.6473e-05	0.059517	supercritical
774.0	215.75	143.13	0.0069864	822.28	973.02	2.6485	0.98322	1.2383	445.85	0.066753	3.6521e-05	0.059594	supercritical
774.0	219.0	145.19	0.0068874	821.91	972.75	2.6452	0.98341	1.2393	446.41	0.066235	3.6568e-05	0.059672	supercritical
774.0	222.25	147.25	0.0067914	821.54	972.48	2.642	0.9836	1.2404	446.97	0.065718	3.6616e-05	0.05975	supercritical
774.0	225.5	149.29	0.0066982	821.18	972.22	2.6388	0.98378	1.2414	447.53	0.065202	3.6664e-05	0.059828	supercritical
774.0	228.75	151.34	0.0066076	820.81	971.96	2.6357	0.98397	1.2424	448.1	0.064686	3.6713e-05	0.059907	supercritical
774.0	232.0	153.38	0.0065197	820.44	971.7	2.6326	0.98415	1.2435	448.67	0.064171	3.6762e-05	0.059986	supercritical
774.0	235.25	155.42	0.0064342	820.07	971.44	2.6295	0.98433	1.2445	449.24	0.063657	3.6811e-05	0.060066	supercritical
774.0	238.5	157.45	0.006351	819.71	971.18	2.6265	0.98452	1.2455	449.82	0.063144	3.6861e-05	0.060146	supercritical
774.0	241.75	159.48	0.0062702	819.35	970.93	2.6235	0.9847	1.2465	450.41	0.062632	3.6911e-05	0.060226	supercritical
774.0	245.0	161.51	0.0061916	818.98	970.67	2.6206	0.98488	1.2475	450.99	0.06212	3.6961e-05	0.060307	supercritical
774.0	248.25	163.53	0.006115	818.62	970.42	2.6177	0.98506	1.2485	451.58	0.06161	3.7012e-05	0.060388	supercritical
774.0	251.5	165.55	0.0060405	818.26	970.17	2.6148	0.98524	1.2495	452.18	0.0611	3.7063e-05	0.06047	supercritical
774.0	254.75	167.56	0.0059679	817.9	969.93	2.612	0.98542	1.2505	452.78	0.060591	3.7114e-05	0.060553	supercritical
774.0	258.0	169.57	0.0058971	817.54	969.68	2.6092	0.9856	1.2515	453.38	0.060083	3.7166e-05	0.060635	supercritical
774.0	261.25	171.58	0.0058282	817.18	969.44	2.6064	0.98578	1.2525	453.99	0.059577	3.7218e-05	0.060719	supercritical
774.0	264.5	173.58	0.005761	816.82	969.2	2.6036	0.98595	1.2534	454.6	0.059071	3.727e-05	0.060802	supercritical
774.0	267.75	175.58	0.0056955	816.46	968.96	2.6009	0.98613	1.2544	455.21	0.058566	3.7323e-05	0.060887	supercritical
774.0	271.0	177.57	0.0056316	816.1	968.72	2.5982	0.98631	1.2554	455.83	0.058062	3.7376e-05	0.060971	supercritical
774.0	274.25	179.56	0.0055692	815.75	968.48	2.5956	0.98648	1.2563	456.45	0.057559	3.743e-05	0.061056	supercritical
774.0	277.5	181.54	0.0055083	815.39	968.25	2.593	0.98666	1.2572	457.07	0.057058	3.7484e-05	0.061142	supercritical
774.0	280.75	183.52	0.0054489	815.04	968.02	2.5904	0.98683	1.2582	457.7	0.056557	3.7538e-05	0.061228	supercritical
774.0	284.0	185.5	0.0053908	814.69	967.79	2.5878	0.98701	1.2591	458.34	0.056058	3.7593e-05	0.061315	supercritical
774.0	287.25	187.47	0.0053341	814.34	967.56	2.5852	0.98718	1.2601	458.97	0.05556	3.7648e-05	0.061402	supercritical
774.0	290.5	189.44	0.0052788	813.98	967.33	2.5827	0.98735	1.261	459.61	0.055063	3.7703e-05	0.061489	supercritical
774.0	293.75	191.4	0.0052246	813.63	967.11	2.5802	0.98753	1.2619	460.26	0.054567	3.7759e-05	0.061577	supercritical
774.0	297.0	193.36	0.0051717	813.28	966.88	2.5778	0.9877	1.2628	460.91	0.054072	3.7815e-05	0.061666	supercritical
774.0	300.25	195.31	0.00512	812.94	966.66	2.5753	0.98787	1.2637	461.56	0.053579	3.7871e-05	0.061755	supercritical
774.0	303.5	197.26	0.0050694	812.59	966.44	2.5729	0.98804	1.2646	462.21	0.053087	3.7928e-05	0.061844	supercritical
774.0	306.75	199.21	0.0050199	812.24	966.23	2.5705	0.98821	1.2655	462.87	0.052596	3.7985e-05	0.061934	supercritical
774.0	310.0	201.15	0.0049715	811.9	966.01	2.5681	0.98838	1.2664	463.54	0.052107	3.8042e-05	0.062025	supercritical
774.0	313.25	203.08	0.0049241	811.55	965.8	2.5658	0.98855	1.2673	464.2	0.051619	3.81e-05	0.062115	supercritical
774.0	316.5	205.01	0.0048777	811.21	965.59	2.5634	0.98872	1.2681	464.87	0.051132	3.8158e-05	0.062207	supercritical
774.0	319.75	206.94	0.0048323	810.86	965.38	2.5611	0.98889	1.269	465.54	0.050647	3.8217e-05	0.062299	supercritical
774.0	323.0	208.86	0.0047878	810.52	965.17	2.5588	0.98905	1.2699	466.22	0.050163	3.8276e-05	0.062391	supercritical
774.0	326.25	210.78	0.0047443	810.18	964.96	2.5566	0.98922	1.2707	466.9	0.04968	3.8335e-05	0.062483	supercritical
774.0	329.5	212.69	0.0047016	809.84	964.76	2.5543	0.98939	1.2716	467.59	0.0492	3.8394e-05	0.062577	supercritical
774.0	332.75	214.6	0.0046598	809.5	964.56	2.5521	0.98955	1.2724	468.27	0.04872	3.8454e-05	0.06267	supercritical
774.0	336.0	216.5	0.0046188	809.16	964.36	2.5499	0.98972	1.2732	468.97	0.048242	3.8514e-05	0.062764	supercritical
774.0	339.25	218.4	0.0045787	808.82	964.16	2.5477	0.98988	1.2741	469.66	0.047766	3.8575e-05	0.062859	supercritical
774.0	342.5	220.3	0.0045393	808.49	963.96	2.5455	0.99005	1.2749	470.36	0.047291	3.8636e-05	0.062954	supercritical
774.0	345.75	222.19	0.0045007	808.15	963.76	2.5434	0.99021	1.2757	471.06	0.046818	3.8697e-05	0.063049	supercritical
774.0	349.0	224.07	0.0044629	807.82	963.57	2.5412	0.99037	1.2765	471.76	0.046347	3.8759e-05	0.063145	supercritical
774.0	352.25	225.95	0.0044257	807.48	963.38	2.5391	0.99053	1.2773	472.47	0.045877	3.882e-05	0.063241	supercritical
774.0	355.5	227.83	0.0043893	807.15	963.19	2.537	0.9907	1.2781	473.18	0.045409	3.8883e-05	0.063338	supercritical
774.0	358.75	229.7	0.0043536	806.82	963.0	2.535	0.99086	1.2789	473.9	0.044943	3.8945e-05	0.063435	supercritical
774.0	362.0	231.56	0.0043185	806.49	962.82	2.5329	0.99102	1.2797	474.62	0.044478	3.9008e-05	0.063533	supercritical
774.0	365.25	233.42	0.0042841	806.16	962.63	2.5309	0.99118	1.2805	475.34	0.044015	3.9071e-05	0.063631	supercritical
774.0	368.5	235.28	0.0042503	805.83	962.45	2.5288	0.99134	1.2813	476.06	0.043554	3.9135e-05	0.063729	supercritical
774.0	371.75	237.13	0.0042171	805.5	962.27	2.5268	0.9915	1.2821	476.79	0.043095	3.9199e-05	0.063828	supercritical
774.0	375.0	238.98	0.0041845	805.17	962.09	2.5248	0.99166	1.2828	477.52	0.042637	3.9263e-05	0.063927	supercritical
774.0	378.25	240.82	0.0041525	804.85	961.91	2.5228	0.99182	1.2836	478.25	0.042182	3.9328e-05	0.064026	supercritical
774.0	381.5	242.65	0.0041211	804.52	961.74	2.5209	0.99197	1.2843	478.99	0.041728	3.9393e-05	0.064126	supercritical
774.0	384.75	244.49	0.0040902	804.19	961.57	2.5189	0.99213	1.2851	479.73	0.041276	3.9458e-05	0.064226	supercritical
774.0	388.0	246.31	0.0040599	803.87	961.39	2.517	0.99229	1.2858	480.47	0.040826	3.9523e-05	0.064327	supercritical
774.0	391.25	248.13	0.0040301	803.55	961.23	2.5151	0.99244	1.2866	481.22	0.040378	3.9589e-05	0.064428	supercritical
774.0	394.5	249.95	0.0040008	803.23	961.06	2.5132	0.9926	1.2873	481.96	0.039931	3.9655e-05	0.064529	supercritical
774.0	397.75	251.76	0.003972	802.9	960.89	2.5113	0.99275	1.288	482.72	0.039487	3.9722e-05	0.064631	supercritical
774.0	401.0	253.57	0.0039437	802.58	960.73	2.5094	0.99291	1.2887	483.47	0.039045	3.9789e-05	0.064733	supercritical
774.0	404.25	255.37	0.0039159	802.27	960.56	2.5076	0.99306	1.2895	484.23	0.038604	3.9856e-05	0.064836	supercritical
774.0	407.5	257.17	0.0038885	801.95	960.4	2.5057	0.99322	1.2902	484.99	0.038166	3.9923e-05	0.064938	supercritical
774.0	410.75	258.96	0.0038616	801.63	960.24	2.5039	0.99337	1.2909	485.75	0.03773	3.9991e-05	0.065042	supercritical
774.0	414.0	260.75	0.0038351	801.31	960.09	2.5021	0.99352	1.2916	486.52	0.037296	4.0059e-05	0.065145	supercritical
774.0	417.25	262.53	0.0038091	801.0	959.93	2.5002	0.99367	1.2923	487.28	0.036863	4.0127e-05	0.065249	supercritical
774.0	420.5	264.31	0.0037834	800.68	959.78	2.4985	0.99383	1.2929	488.05	0.036433	4.0196e-05	0.065353	supercritical
774.0	423.75	266.08	0.0037582	800.37	959.62	2.4967	0.99398	1.2936	488.83	0.036005	4.0265e-05	0.065457	supercritical
774.0	427.0	267.85	0.0037334	800.06	959.47	2.4949	0.99413	1.2943	489.6	0.035579	4.0334e-05	0.065562	supercritical
774.0	430.25	269.61	0.003709	799.74	959.33	2.4932	0.99428	1.295	490.38	0.035155	4.0404e-05	0.065667	supercritical
774.0	433.5	271.37	0.003685	799.43	959.18	2.4914	0.99443	1.2956	491.16	0.034734	4.0474e-05	0.065772	supercritical
774.0	436.75	273.12	0.0036614	799.12	959.03	2.4897	0.99458	1.2963	491.95	0.034314	4.0544e-05	0.065878	supercritical
774.0	440.0	274.87	0.0036381	798.81	958.89	2.488	0.99473	1.297	492.73	0.033896	4.0614e-05	0.065983	supercritical
774.0	443.25	276.61	0.0036152	798.51	958.75	2.4863	0.99488	1.2976	493.52	0.033481	4.0685e-05	0.066089	supercritical
774.0	446.5	278.35	0.0035926	798.2	958.61	2.4846	0.99502	1.2983	494.31	0.033068	4.0756e-05	0.066196	supercritical
774.0	449.75	280.08	0.0035704	797.89	958.47	2.4829	0.99517	1.2989	495.11	0.032657	4.0827e-05	0.066302	supercritical
774.0	453.0	281.81	0.0035485	797.59	958.33	2.4812	0.99532	1.2995	495.9	0.032248	4.0899e-05	0.066409	supercritical
774.0	456.25	283.54	0.0035269	797.28	958.2	2.4795	0.99547	1.3002	496.7	0.031841	4.0971e-05	0.066516	supercritical
774.0	459.5	285.25	0.0035057	796.98	958.06	2.4779	0.99561	1.3008	497.5	0.031436	4.1043e-05	0.066624	supercritical
774.0	462.75	286.97	0.0034847	796.67	957.93	2.4763	0.99576	1.3014	498.3	0.031034	4.1116e-05	0.066731	supercritical
774.0	466.0	288.67	0.0034641	796.37	957.8	2.4746	0.9959	1.302	499.11	0.030634	4.1188e-05	0.066839	supercritical
774.0	469.25	290.38	0.0034438	796.07	957.67	2.473	0.99605	1.3026	499.91	0.030236	4.1261e-05	0.066947	supercritical
774.0	472.5	292.08	0.0034238	795.77	957.54	2.4714	0.99619	1.3032	500.72	0.02984	4.1335e-05	0.067055	supercritical
774.0	475.75	293.77	0.003404	795.47	957.42	2.4698	0.99634	1.3039	501.53	0.029447	4.1408e-05	0.067164	supercritical
774.0	479.0	295.46	0.0033846	795.17	957.29	2.4682	0.99648	1.3044	502.35	0.029056	4.1482e-05	0.067272	supercritical
774.0	482.25	297.14	0.0033654	794.87	957.17	2.4667	0.99662	1.305	503.16	0.028667	4.1556e-05	0.067381	supercritical
774.0	485.5	298.82	0.0033465	794.58	957.05	2.4651	0.99677	1.3056	503.98	0.02828	4.1631e-05	0.06749	supercritical
774.0	488.75	300.49	0.0033279	794.28	956.93	2.4635	0.99691	1.3062	504.8	0.027895	4.1705e-05	0.067599	supercritical
774.0	492.0	302.16	0.0033095	793.99	956.81	2.462	0.99705	1.3068	505.62	0.027513	4.178e-05	0.067709	supercritical
774.0	495.25	303.83	0.0032914	793.69	956.7	2.4604	0.99719	1.3074	506.44	0.027133	4.1855e-05	0.067818	supercritical
774.0	498.5	305.48	0.0032735	793.4	956.58	2.4589	0.99733	1.3079	507.27	0.026755	4.1931e-05	0.067928	supercritical
774.0	501.75	307.14	0.0032559	793.11	956.47	2.4574	0.99747	1.3085	508.09	0.026379	4.2006e-05	0.068038	supercritical
774.0	505.0	308.79	0.0032385	792.82	956.36	2.4559	0.99761	1.3091	508.92	0.026006	4.2082e-05	0.068148	supercritical
774.0	508.25	310.43	0.0032213	792.53	956.25	2.4544	0.99775	1.3096	509.75	0.025635	4.2159e-05	0.068258	supercritical
774.0	511.5	312.07	0.0032044	792.24	956.14	2.4529	0.99789	1.3102	510.58	0.025266	4.2235e-05	0.068369	supercritical
774.0	514.75	313.71	0.0031877	791.95	956.03	2.4514	0.99803	1.3107	511.41	0.024899	4.2312e-05	0.068479	supercritical
774.0	518.0	315.33	0.0031712	791.66	955.93	2.45	0.99817	1.3113	512.25	0.024535	4.2389e-05	0.06859	supercritical
774.0	521.25	316.96	0.003155	791.37	955.82	2.4485	0.99831	1.3118	513.09	0.024172	4.2466e-05	0.0687	supercritical
774.0	524.5	318.58	0.0031389	791.09	955.72	2.447	0.99845	1.3123	513.92	0.023812	4.2543e-05	0.068811	supercritical
774.0	527.75	320.19	0.0031231	790.8	955.62	2.4456	0.99859	1.3129	514.76	0.023455	4.2621e-05	0.068922	supercritical
774.0	531.0	321.8	0.0031075	790.51	955.52	2.4442	0.99872	1.3134	515.6	0.023099	4.2699e-05	0.069033	supercritical
774.0	534.25	323.41	0.0030921	790.23	955.42	2.4427	0.99886	1.3139	516.45	0.022746	4.2777e-05	0.069145	supercritical
774.0	537.5	325.01	0.0030768	789.95	955.33	2.4413	0.999	1.3144	517.29	0.022395	4.2856e-05	0.069256	supercritical
774.0	540.75	326.61	0.0030618	789.67	955.23	2.4399	0.99913	1.315	518.14	0.022046	4.2934e-05	0.069367	supercritical
774.0	544.0	328.2	0.003047	789.38	955.14	2.4385	0.99927	1.3155	518.98	0.021699	4.3013e-05	0.069479	supercritical
774.0	547.25	329.78	0.0030323	789.1	955.05	2.4371	0.9994	1.316	519.83	0.021355	4.3092e-05	0.06959	supercritical
774.0	550.5	331.36	0.0030178	788.83	954.96	2.4357	0.99954	1.3165	520.68	0.021013	4.3172e-05	0.069702	supercritical
774.0	553.75	332.94	0.0030035	788.55	954.87	2.4343	0.99967	1.317	521.53	0.020673	4.3251e-05	0.069814	supercritical
774.0	557.0	334.51	0.0029894	788.27	954.78	2.433	0.99981	1.3175	522.38	0.020335	4.3331e-05	0.069926	supercritical
774.0	560.25	336.08	0.0029755	787.99	954.69	2.4316	0.99994	1.318	523.24	0.019999	4.3411e-05	0.070037	supercritical
774.0	563.5	337.64	0.0029617	787.72	954.61	2.4302	1.0001	1.3185	524.09	0.019666	4.3491e-05	0.070149	supercritical
774.0	566.75	339.2	0.0029481	787.44	954.52	2.4289	1.0002	1.3189	524.95	0.019334	4.3572e-05	0.070261	supercritical
774.0	570.0	340.75	0.0029347	787.17	954.44	2.4276	1.0003	1.3194	525.8	0.019005	4.3652e-05	0.070373	supercritical
774.0	573.25	342.3	0.0029214	786.89	954.36	2.4262	1.0005	1.3199	526.66	0.018678	4.3733e-05	0.070485	supercritical
774.0	576.5	343.84	0.0029083	786.62	954.28	2.4249	1.0006	1.3204	527.52	0.018353	4.3814e-05	0.070597	supercritical
774.0	579.75	345.38	0.0028953	786.35	954.2	2.4236	1.0007	1.3208	528.38	0.018031	4.3896e-05	0.07071	supercritical
774.0	583.0	346.92	0.0028825	786.08	954.13	2.4223	1.0009	1.3213	529.24	0.01771	4.3977e-05	0.070822	supercritical
774.0	586.25	348.45	0.0028699	785.81	954.05	2.421	1.001	1.3218	530.11	0.017392	4.4059e-05	0.070934	supercritical
774.0	589.5	349.97	0.0028574	785.54	953.98	2.4197	1.0011	1.3222	530.97	0.017075	4.4141e-05	0.071046	supercritical
774.0	592.75	351.49	0.002845	785.27	953.91	2.4184	1.0013	1.3227	531.83	0.016761	4.4223e-05	0.071159	supercritical
774.0	596.0	353.01	0.0028328	785.0	953.83	2.4171	1.0014	1.3231	532.7	0.016449	4.4305e-05	0.071271	supercritical
774.0	599.25	354.52	0.0028207	784.73	953.76	2.4158	1.0015	1.3236	533.56	0.016139	4.4388e-05	0.071383	supercritical
774.0	602.5	356.02	0.0028088	784.46	953.7	2.4145	1.0017	1.324	534.43	0.015831	4.4471e-05	0.071495	supercritical
774.0	605.75	357.53	0.002797	784.2	953.63	2.4133	1.0018	1.3245	535.3	0.015525	4.4554e-05	0.071608	supercritical
774.0	609.0	359.02	0.0027853	783.93	953.56	2.412	1.0019	1.3249	536.17	0.015221	4.4637e-05	0.07172	supercritical
774.0	612.25	360.52	0.0027738	783.67	953.5	2.4108	1.002	1.3254	537.04	0.014919	4.472e-05	0.071832	supercritical
774.0	615.5	362.0	0.0027624	783.41	953.43	2.4095	1.0022	1.3258	537.91	0.01462	4.4804e-05	0.071945	supercritical
774.0	618.75	363.49	0.0027511	783.14	953.37	2.4083	1.0023	1.3262	538.78	0.014322	4.4888e-05	0.072057	supercritical
774.0	622.0	364.97	0.00274	782.88	953.31	2.4071	1.0024	1.3267	539.65	0.014026	4.4971e-05	0.072169	supercritical
774.0	625.25	366.44	0.002729	782.62	953.25	2.4058	1.0026	1.3271	540.52	0.013733	4.5056e-05	0.072281	supercritical
774.0	628.5	367.91	0.002718	782.36	953.19	2.4046	1.0027	1.3275	541.39	0.013441	4.514e-05	0.072394	supercritical
774.0	631.75	369.38	0.0027073	782.1	953.13	2.4034	1.0028	1.3279	542.27	0.013151	4.5224e-05	0.072506	supercritical
774.0	635.0	370.84	0.0026966	781.84	953.08	2.4022	1.0029	1.3283	543.14	0.012863	4.5309e-05	0.072618	supercritical
774.0	638.25	372.3	0.002686	781.59	953.02	2.401	1.0031	1.3287	544.02	0.012578	4.5394e-05	0.07273	supercritical
774.0	641.5	373.75	0.0026756	781.33	952.97	2.3998	1.0032	1.3292	544.89	0.012294	4.5479e-05	0.072842	supercritical
774.0	644.75	375.2	0.0026653	781.07	952.92	2.3986	1.0033	1.3296	545.77	0.012012	4.5564e-05	0.072954	supercritical
774.0	648.0	376.64	0.0026551	780.82	952.87	2.3974	1.0034	1.33	546.64	0.011732	4.5649e-05	0.073066	supercritical
774.0	651.25	378.08	0.0026449	780.56	952.82	2.3962	1.0036	1.3304	547.52	0.011454	4.5735e-05	0.073178	supercritical
774.0	654.5	379.51	0.0026349	780.31	952.77	2.3951	1.0037	1.3308	548.4	0.011178	4.5821e-05	0.07329	supercritical
774.0	657.75	380.94	0.0026251	780.06	952.72	2.3939	1.0038	1.3312	549.28	0.010903	4.5907e-05	0.073402	supercritical
774.0	661.0	382.37	0.0026153	779.8	952.67	2.3927	1.0039	1.3316	550.16	0.010631	4.5993e-05	0.073514	supercritical
774.0	664.25	383.79	0.0026056	779.55	952.63	2.3916	1.0041	1.3319	551.04	0.010361	4.6079e-05	0.073625	supercritical
774.0	667.5	385.21	0.002596	779.3	952.58	2.3904	1.0042	1.3323	551.92	0.010092	4.6165e-05	0.073737	supercritical
774.0	670.75	386.62	0.0025865	779.05	952.54	2.3893	1.0043	1.3327	552.8	0.009825	4.6252e-05	0.073849	supercritical
774.0	674.0	388.03	0.0025771	778.8	952.5	2.3882	1.0044	1.3331	553.68	0.0095599	4.6339e-05	0.07396	supercritical
774.0	677.25	389.44	0.0025678	778.55	952.46	2.387	1.0046	1.3335	554.56	0.0092967	4.6425e-05	0.074072	supercritical
774.0	680.5	390.84	0.0025586	778.3	952.42	2.3859	1.0047	1.3339	555.44	0.0090353	4.6513e-05	0.074183	supercritical
774.0	683.75	392.24	0.0025495	778.06	952.38	2.3848	1.0048	1.3342	556.32	0.0087757	4.66e-05	0.074295	supercritical
774.0	687.0	393.63	0.0025405	777.81	952.34	2.3837	1.0049	1.3346	557.2	0.0085179	4.6687e-05	0.074406	supercritical
774.0	690.25	395.02	0.0025315	777.56	952.3	2.3825	1.005	1.335	558.08	0.0082618	4.6775e-05	0.074517	supercritical
774.0	693.5	396.4	0.0025227	777.32	952.27	2.3814	1.0052	1.3353	558.97	0.0080074	4.6862e-05	0.074628	supercritical
774.0	696.75	397.78	0.002514	777.07	952.23	2.3803	1.0053	1.3357	559.85	0.0077548	4.695e-05	0.074739	supercritical
774.0	700.0	399.16	0.0025053	776.83	952.2	2.3792	1.0054	1.3361	560.73	0.007504	4.7038e-05	0.07485	supercritical
774.0	703.25	400.53	0.0024967	776.59	952.17	2.3781	1.0055	1.3364	561.61	0.0072548	4.7126e-05	0.074961	supercritical
774.0	706.5	401.89	0.0024882	776.35	952.14	2.3771	1.0057	1.3368	562.5	0.0070073	4.7214e-05	0.075072	supercritical
774.0	709.75	403.26	0.0024798	776.1	952.11	2.376	1.0058	1.3371	563.38	0.0067616	4.7303e-05	0.075182	supercritical
774.0	713.0	404.62	0.0024715	775.86	952.08	2.3749	1.0059	1.3375	564.26	0.0065174	4.7391e-05	0.075293	supercritical
774.0	716.25	405.97	0.0024632	775.62	952.05	2.3738	1.006	1.3378	565.15	0.006275	4.748e-05	0.075403	supercritical
774.0	719.5	407.32	0.0024551	775.38	952.02	2.3728	1.0061	1.3382	566.03	0.0060342	4.7569e-05	0.075514	supercritical
774.0	722.75	408.67	0.002447	775.15	952.0	2.3717	1.0063	1.3385	566.92	0.005795	4.7658e-05	0.075624	supercritical
774.0	726.0	410.01	0.0024389	774.91	951.97	2.3706	1.0064	1.3389	567.8	0.0055575	4.7747e-05	0.075734	supercritical
774.0	729.25	411.35	0.002431	774.67	951.95	2.3696	1.0065	1.3392	568.69	0.0053215	4.7836e-05	0.075844	supercritical
774.0	732.5	412.69	0.0024231	774.43	951.93	2.3685	1.0066	1.3395	569.57	0.0050872	4.7926e-05	0.075954	supercritical
774.0	735.75	414.02	0.0024153	774.2	951.91	2.3675	1.0067	1.3399	570.46	0.0048544	4.8015e-05	0.076064	supercritical
774.0	739.0	415.35	0.0024076	773.96	951.89	2.3665	1.0069	1.3402	571.34	0.0046232	4.8105e-05	0.076174	supercritical
774.0	742.25	416.67	0.0024	773.73	951.87	2.3654	1.007	1.3405	572.23	0.0043936	4.8195e-05	0.076283	supercritical
774.0	745.5	417.99	0.0023924	773.49	951.85	2.3644	1.0071	1.3409	573.11	0.0041655	4.8285e-05	0.076393	supercritical
774.0	748.75	419.3	0.0023849	773.26	951.83	2.3634	1.0072	1.3412	574.0	0.0039389	4.8375e-05	0.076502	supercritical
774.0	752.0	420.62	0.0023775	773.03	951.81	2.3623	1.0073	1.3415	574.88	0.0037139	4.8465e-05	0.076612	supercritical
774.0	755.25	421.92	0.0023701	772.8	951.8	2.3613	1.0074	1.3418	575.77	0.0034903	4.8555e-05	0.076721	supercritical
774.0	758.5	423.23	0.0023628	772.56	951.78	2.3603	1.0076	1.3422	576.65	0.0032683	4.8645e-05	0.07683	supercritical
774.0	761.75	424.53	0.0023556	772.33	951.77	2.3593	1.0077	1.3425	577.54	0.0030477	4.8736e-05	0.076939	supercritical
774.0	765.0	425.82	0.0023484	772.1	951.76	2.3583	1.0078	1.3428	578.42	0.0028286	4.8827e-05	0.077047	supercritical
774.0	768.25	427.12	0.0023413	771.88	951.74	2.3573	1.0079	1.3431	579.31	0.002611	4.8917e-05	0.077156	supercritical
774.0	771.5	428.4	0.0023342	771.65	951.73	2.3563	1.008	1.3434	580.19	0.0023948	4.9008e-05	0.077265	supercritical
774.0	774.75	429.69	0.0023273	771.42	951.72	2.3553	1.0081	1.3437	581.08	0.00218	4.9099e-05	0.077373	supercritical
774.0	778.0	430.97	0.0023203	771.19	951.71	2.3543	1.0083	1.344	581.96	0.0019667	4.9191e-05	0.077481	supercritical
774.0	781.25	432.25	0.0023135	770.97	951.71	2.3533	1.0084	1.3443	582.85	0.0017547	4.9282e-05	0.077589	supercritical
774.0	784.5	433.52	0.0023067	770.74	951.7	2.3524	1.0085	1.3446	583.73	0.0015442	4.9373e-05	0.077698	supercritical
774.0	787.75	434.79	0.0023	770.51	951.69	2.3514	1.0086	1.3449	584.62	0.001335	4.9465e-05	0.077805	supercritical
774.0	791.0	436.06	0.0022933	770.29	951.69	2.3504	1.0087	1.3452	585.5	0.0011272	4.9556e-05	0.077913	supercritical
774.0	794.25	437.32	0.0022867	770.07	951.68	2.3495	1.0088	1.3455	586.39	0.00092081	4.9648e-05	0.078021	supercritical
774.0	797.5	438.58	0.0022801	769.84	951.68	2.3485	1.009	1.3458	587.27	0.00071573	4.974e-05	0.078128	supercritical
774.0	800.75	439.83	0.0022736	769.62	951.68	2.3475	1.0091	1.3461	588.16	0.00051199	4.9832e-05	0.078236	supercritical
774.0	804.0	441.09	0.0022671	769.4	951.67	2.3466	1.0092	1.3464	589.04	0.00030958	4.9924e-05	0.078343	supercritical
774.0	807.25	442.33	0.0022607	769.18	951.67	2.3456	1.0093	1.3467	589.92	0.00010848	5.0016e-05	0.07845	supercritical
774.0	810.5	443.58	0.0022544	768.96	951.67	2.3447	1.0094	1.347	590.81	-9.1315e-05	5.0108e-05	0.078557	supercritical
774.0	813.75	444.82	0.0022481	768.73	951.67	2.3437	1.0095	1.3473	591.69	-0.00028982	5.02e-05	0.078664	supercritical
774.0	817.0	446.06	0.0022419	768.52	951.68	2.3428	1.0096	1.3476	592.58	-0.00048704	5.0293e-05	0.07877	supercritical
774.0	820.25	447.29	0.0022357	768.3	951.68	2.3419	1.0097	1.3478	593.46	-0.000683	5.0385e-05	0.078877	supercritical
774.0	823.5	448.52	0.0022296	768.08	951.68	2.3409	1.0099	1.3481	594.34	-0.0008777	5.0478e-05	0.078983	supercritical
774.0	826.75	449.75	0.0022235	767.86	951.69	2.34	1.01	1.3484	595.23	-0.0010711	5.0571e-05	0.079089	supercritical
774.0	830.0	450.97	0.0022175	767.64	951.69	2.3391	1.0101	1.3487	596.11	-0.0012634	5.0664e-05	0.079195	supercritical
774.0	833.25	452.19	0.0022115	767.43	951.7	2.3381	1.0102	1.3489	596.99	-0.0014543	5.0757e-05	0.079301	supercritical
774.0	836.5	453.4	0.0022055	767.21	951.7	2.3372	1.0103	1.3492	597.88	-0.0016441	5.085e-05	0.079407	supercritical
774.0	839.75	454.62	0.0021997	767.0	951.71	2.3363	1.0104	1.3495	598.76	-0.0018327	5.0943e-05	0.079513	supercritical
774.0	843.0	455.83	0.0021938	766.78	951.72	2.3354	1.0105	1.3498	599.64	-0.0020201	5.1036e-05	0.079618	supercritical
774.0	846.25	457.03	0.002188	766.57	951.73	2.3345	1.0107	1.35	600.52	-0.0022063	5.1129e-05	0.079724	supercritical
774.0	849.5	458.23	0.0021823	766.35	951.74	2.3336	1.0108	1.3503	601.4	-0.0023913	5.1223e-05	0.079829	supercritical
774.0	852.75	459.43	0.0021766	766.14	951.75	2.3327	1.0109	1.3505	602.29	-0.0025751	5.1316e-05	0.079934	supercritical
774.0	856.0	460.63	0.002171	765.93	951.76	2.3318	1.011	1.3508	603.17	-0.0027578	5.141e-05	0.080039	supercritical
774.0	859.25	461.82	0.0021654	765.72	951.78	2.3309	1.0111	1.3511	604.05	-0.0029394	5.1504e-05	0.080143	supercritical
774.0	862.5	463.01	0.0021598	765.51	951.79	2.33	1.0112	1.3513	604.93	-0.0031198	5.1597e-05	0.080248	supercritical
774.0	865.75	464.19	0.0021543	765.3	951.8	2.3291	1.0113	1.3516	605.81	-0.0032991	5.1691e-05	0.080353	supercritical
774.0	869.0	465.37	0.0021488	765.09	951.82	2.3282	1.0114	1.3518	606.69	-0.0034773	5.1785e-05	0.080457	supercritical
774.0	872.25	466.55	0.0021434	764.88	951.83	2.3273	1.0115	1.3521	607.57	-0.0036544	5.1879e-05	0.080561	supercritical
774.0	875.5	467.73	0.002138	764.67	951.85	2.3265	1.0117	1.3523	608.45	-0.0038304	5.1973e-05	0.080665	supercritical
774.0	878.75	468.9	0.0021327	764.46	951.87	2.3256	1.0118	1.3526	609.33	-0.0040053	5.2067e-05	0.080769	supercritical
774.0	882.0	470.07	0.0021274	764.25	951.88	2.3247	1.0119	1.3528	610.21	-0.0041791	5.2162e-05	0.080872	supercritical
774.0	885.25	471.23	0.0021221	764.05	951.9	2.3239	1.012	1.3531	611.09	-0.0043519	5.2256e-05	0.080976	supercritical
774.0	888.5	472.4	0.0021169	763.84	951.92	2.323	1.0121	1.3533	611.97	-0.0045236	5.2351e-05	0.081079	supercritical
774.0	891.75	473.55	0.0021117	763.63	951.94	2.3221	1.0122	1.3536	612.84	-0.0046942	5.2445e-05	0.081183	supercritical
774.0	895.0	474.71	0.0021065	763.43	951.96	2.3213	1.0123	1.3538	613.72	-0.0048639	5.254e-05	0.081286	supercritical
774.0	898.25	475.86	0.0021014	763.22	951.99	2.3204	1.0124	1.354	614.6	-0.0050324	5.2634e-05	0.081389	supercritical
774.0	901.5	477.01	0.0020964	763.02	952.01	2.3196	1.0125	1.3543	615.48	-0.0052	5.2729e-05	0.081491	supercritical
774.0	904.75	478.16	0.0020914	762.82	952.03	2.3187	1.0126	1.3545	616.35	-0.0053666	5.2824e-05	0.081594	supercritical
774.0	908.0	479.3	0.0020864	762.61	952.06	2.3179	1.0128	1.3548	617.23	-0.0055321	5.2919e-05	0.081696	supercritical
774.0	911.25	480.44	0.0020814	762.41	952.08	2.317	1.0129	1.355	618.11	-0.0056967	5.3014e-05	0.081799	supercritical
774.0	914.5	481.58	0.0020765	762.21	952.11	2.3162	1.013	1.3552	618.98	-0.0058602	5.3109e-05	0.081901	supercritical
774.0	917.75	482.71	0.0020716	762.01	952.13	2.3154	1.0131	1.3554	619.86	-0.0060228	5.3204e-05	0.082003	supercritical
774.0	921.0	483.84	0.0020668	761.81	952.16	2.3145	1.0132	1.3557	620.73	-0.0061844	5.3299e-05	0.082105	supercritical
774.0	924.25	484.97	0.002062	761.61	952.19	2.3137	1.0133	1.3559	621.61	-0.0063451	5.3394e-05	0.082206	supercritical
774.0	927.5	486.09	0.0020572	761.41	952.21	2.3129	1.0134	1.3561	622.48	-0.0065048	5.3489e-05	0.082308	supercritical
774.0	930.75	487.21	0.0020525	761.21	952.24	2.312	1.0135	1.3563	623.36	-0.0066635	5.3585e-05	0.082409	supercritical
774.0	934.0	488.33	0.0020478	761.01	952.27	2.3112	1.0136	1.3566	624.23	-0.0068213	5.368e-05	0.08251	supercritical
774.0	937.25	489.44	0.0020431	760.81	952.3	2.3104	1.0137	1.3568	625.11	-0.0069782	5.3776e-05	0.082612	supercritical
774.0	940.5	490.56	0.0020385	760.61	952.34	2.3096	1.0138	1.357	625.98	-0.0071341	5.3871e-05	0.082712	supercritical
774.0	943.75	491.66	0.0020339	760.42	952.37	2.3088	1.0139	1.3572	626.85	-0.0072892	5.3967e-05	0.082813	supercritical
774.0	947.0	492.77	0.0020293	760.22	952.4	2.3079	1.0141	1.3574	627.72	-0.0074433	5.4063e-05	0.082914	supercritical
774.0	950.25	493.87	0.0020248	760.02	952.43	2.3071	1.0142	1.3576	628.6	-0.0075965	5.4158e-05	0.083014	supercritical
774.0	953.5	494.97	0.0020203	759.83	952.47	2.3063	1.0143	1.3579	629.47	-0.0077489	5.4254e-05	0.083115	supercritical
774.0	956.75	496.07	0.0020159	759.63	952.5	2.3055	1.0144	1.3581	630.34	-0.0079003	5.435e-05	0.083215	supercritical
774.0	960.0	497.16	0.0020114	759.44	952.54	2.3047	1.0145	1.3583	631.21	-0.0080509	5.4446e-05	0.083315	supercritical
774.0	963.25	498.25	0.002007	759.25	952.57	2.3039	1.0146	1.3585	632.08	-0.0082006	5.4542e-05	0.083414	supercritical
774.0	966.5	499.34	0.0020026	759.05	952.61	2.3031	1.0147	1.3587	632.95	-0.0083494	5.4638e-05	0.083514	supercritical
774.0	969.75	500.43	0.0019983	758.86	952.65	2.3023	1.0148	1.3589	633.82	-0.0084974	5.4734e-05	0.083614	supercritical
774.0	973.0	501.51	0.001994	758.67	952.68	2.3016	1.0149	1.3591	634.69	-0.0086445	5.483e-05	0.083713	supercritical
774.0	976.25	502.59	0.0019897	758.48	952.72	2.3008	1.015	1.3593	635.56	-0.0087908	5.4926e-05	0.083812	supercritical
774.0	979.5	503.66	0.0019855	758.29	952.76	2.3	1.0151	1.3595	636.43	-0.0089362	5.5023e-05	0.083911	supercritical
774.0	982.75	504.74	0.0019812	758.1	952.8	2.2992	1.0152	1.3597	637.29	-0.0090808	5.5119e-05	0.08401	supercritical
774.0	986.0	505.81	0.001977	757.91	952.84	2.2984	1.0153	1.3599	638.16	-0.0092246	5.5215e-05	0.084109	supercritical
774.0	989.25	506.87	0.0019729	757.72	952.88	2.2977	1.0154	1.3601	639.03	-0.0093675	5.5312e-05	0.084207	supercritical
774.0	992.5	507.94	0.0019687	757.53	952.92	2.2969	1.0155	1.3603	639.89	-0.0095097	5.5408e-05	0.084306	supercritical
774.0	995.75	509.0	0.0019646	757.34	952.97	2.2961	1.0157	1.3605	640.76	-0.009651	5.5505e-05	0.084404	supercritical
774.0	999.0	510.06	0.0019606	757.15	953.01	2.2953	1.0158	1.3607	641.63	-0.0097915	5.5601e-05	0.084502	supercritical
774.0	1002.2	511.11	0.0019565	756.96	953.05	2.2946	1.0159	1.3609	642.49	-0.0099313	5.5698e-05	0.0846	supercritical
774.0	1005.5	512.17	0.0019525	756.78	953.1	2.2938	1.016	1.3611	643.36	-0.01007	5.5795e-05	0.084698	supercritical
774.0	1008.8	513.22	0.0019485	756.59	953.14	2.293	1.0161	1.3613	644.22	-0.010208	5.5891e-05	0.084796	supercritical
774.0	1012.0	514.27	0.0019445	756.4	953.19	2.2923	1.0162	1.3614	645.08	-0.010346	5.5988e-05	0.084893	supercritical
774.0	1015.2	515.31	0.0019406	756.22	953.23	2.2915	1.0163	1.3616	645.95	-0.010482	5.6085e-05	0.084991	supercritical
774.0	1018.5	516.35	0.0019367	756.03	953.28	2.2908	1.0164	1.3618	646.81	-0.010618	5.6182e-05	0.085088	supercritical
774.0	1021.8	517.39	0.0019328	755.85	953.33	2.29	1.0165	1.362	647.67	-0.010753	5.6279e-05	0.085185	supercritical
774.0	1025.0	518.43	0.0019289	755.66	953.38	2.2893	1.0166	1.3622	648.53	-0.010888	5.6376e-05	0.085282	supercritical
774.0	1028.2	519.46	0.0019251	755.48	953.42	2.2885	1.0167	1.3624	649.4	-0.011021	5.6473e-05	0.085379	supercritical
774.0	1031.5	520.49	0.0019212	755.3	953.47	2.2878	1.0168	1.3625	650.26	-0.011154	5.657e-05	0.085475	supercritical
774.0	1034.8	521.52	0.0019175	755.11	953.52	2.287	1.0169	1.3627	651.12	-0.011286	5.6667e-05	0.085572	supercritical
774.0	1038.0	522.55	0.0019137	754.93	953.57	2.2863	1.017	1.3629	651.98	-0.011418	5.6764e-05	0.085668	supercritical
774.0	1041.2	523.57	0.00191	754.75	953.62	2.2856	1.0171	1.3631	652.84	-0.011548	5.6861e-05	0.085764	supercritical
774.0	1044.5	524.59	0.0019062	754.57	953.68	2.2848	1.0172	1.3632	653.7	-0.011678	5.6958e-05	0.08586	supercritical
774.0	1047.8	525.61	0.0019025	754.39	953.73	2.2841	1.0173	1.3634	654.56	-0.011808	5.7056e-05	0.085956	supercritical
774.0	1051.0	526.63	0.0018989	754.21	953.78	2.2834	1.0174	1.3636	655.41	-0.011936	5.7153e-05	0.086052	supercritical
774.0	1054.2	527.64	0.0018952	754.03	953.83	2.2826	1.0175	1.3638	656.27	-0.012064	5.725e-05	0.086148	supercritical
774.0	1057.5	528.65	0.0018916	753.85	953.89	2.2819	1.0176	1.3639	657.13	-0.012191	5.7347e-05	0.086243	supercritical
774.0	1060.8	529.66	0.001888	753.67	953.94	2.2812	1.0177	1.3641	657.99	-0.012318	5.7445e-05	0.086338	supercritical
774.0	1064.0	530.66	0.0018844	753.49	954.0	2.2805	1.0178	1.3643	658.84	-0.012443	5.7542e-05	0.086433	supercritical
774.0	1067.2	531.66	0.0018809	753.31	954.05	2.2798	1.0179	1.3644	659.7	-0.012568	5.764e-05	0.086528	supercritical
774.0	1070.5	532.66	0.0018774	753.14	954.11	2.279	1.0181	1.3646	660.55	-0.012693	5.7737e-05	0.086623	supercritical
774.0	1073.8	533.66	0.0018739	752.96	954.16	2.2783	1.0182	1.3648	661.41	-0.012816	5.7835e-05	0.086718	supercritical
774.0	1077.0	534.66	0.0018704	752.78	954.22	2.2776	1.0183	1.3649	662.26	-0.012939	5.7932e-05	0.086813	supercritical
774.0	1080.2	535.65	0.0018669	752.61	954.28	2.2769	1.0184	1.3651	663.12	-0.013062	5.803e-05	0.086907	supercritical
774.0	1083.5	536.64	0.0018635	752.43	954.34	2.2762	1.0185	1.3652	663.97	-0.013184	5.8128e-05	0.087001	supercritical
774.0	1086.8	537.62	0.00186	752.26	954.4	2.2755	1.0186	1.3654	664.82	-0.013305	5.8225e-05	0.087095	supercritical
774.0	1090.0	538.61	0.0018566	752.08	954.46	2.2748	1.0187	1.3656	665.67	-0.013425	5.8323e-05	0.087189	supercritical
774.0	1093.2	539.59	0.0018533	751.91	954.52	2.2741	1.0188	1.3657	666.52	-0.013545	5.8421e-05	0.087283	supercritical
774.0	1096.5	540.57	0.0018499	751.73	954.58	2.2734	1.0189	1.3659	667.38	-0.013664	5.8518e-05	0.087377	supercritical
774.0	1099.8	541.55	0.0018466	751.56	954.64	2.2727	1.019	1.366	668.23	-0.013782	5.8616e-05	0.087471	supercritical
774.0	1103.0	542.52	0.0018432	751.39	954.7	2.272	1.0191	1.3662	669.08	-0.0139	5.8714e-05	0.087564	supercritical
774.0	1106.2	543.49	0.00184	751.22	954.76	2.2713	1.0192	1.3663	669.93	-0.014017	5.8812e-05	0.087657	supercritical
774.0	1109.5	544.46	0.0018367	751.04	954.82	2.2706	1.0193	1.3665	670.77	-0.014134	5.891e-05	0.087751	supercritical
774.0	1112.8	545.43	0.0018334	750.87	954.89	2.2699	1.0194	1.3666	671.62	-0.01425	5.9008e-05	0.087844	supercritical
774.0	1116.0	546.39	0.0018302	750.7	954.95	2.2692	1.0195	1.3668	672.47	-0.014365	5.9106e-05	0.087936	supercritical
774.0	1119.2	547.36	0.001827	750.53	955.01	2.2685	1.0196	1.3669	673.32	-0.01448	5.9204e-05	0.088029	supercritical
774.0	1122.5	548.32	0.0018238	750.36	955.08	2.2679	1.0197	1.3671	674.16	-0.014594	5.9301e-05	0.088122	supercritical
774.0	1125.8	549.27	0.0018206	750.19	955.14	2.2672	1.0198	1.3672	675.01	-0.014708	5.9399e-05	0.088214	supercritical
774.0	1129.0	550.23	0.0018174	750.02	955.21	2.2665	1.0199	1.3674	675.86	-0.014821	5.9498e-05	0.088307	supercritical
774.0	1132.2	551.18	0.0018143	749.85	955.27	2.2658	1.02	1.3675	676.7	-0.014933	5.9596e-05	0.088399	supercritical
774.0	1135.5	552.13	0.0018112	749.68	955.34	2.2652	1.0201	1.3677	677.55	-0.015045	5.9694e-05	0.088491	supercritical
774.0	1138.8	553.08	0.0018081	749.52	955.41	2.2645	1.0202	1.3678	678.39	-0.015156	5.9792e-05	0.088583	supercritical
774.0	1142.0	554.03	0.001805	749.35	955.48	2.2638	1.0203	1.368	679.23	-0.015266	5.989e-05	0.088675	supercritical
774.0	1145.2	554.97	0.0018019	749.18	955.54	2.2631	1.0204	1.3681	680.08	-0.015376	5.9988e-05	0.088766	supercritical
774.0	1148.5	555.91	0.0017989	749.01	955.61	2.2625	1.0205	1.3682	680.92	-0.015486	6.0086e-05	0.088858	supercritical
774.0	1151.8	556.85	0.0017958	748.85	955.68	2.2618	1.0206	1.3684	681.76	-0.015595	6.0184e-05	0.088949	supercritical
774.0	1155.0	557.79	0.0017928	748.68	955.75	2.2611	1.0207	1.3685	682.6	-0.015703	6.0283e-05	0.089041	supercritical
774.0	1158.2	558.72	0.0017898	748.52	955.82	2.2605	1.0208	1.3686	683.44	-0.015811	6.0381e-05	0.089132	supercritical
774.0	1161.5	559.65	0.0017868	748.35	955.89	2.2598	1.0209	1.3688	684.28	-0.015918	6.0479e-05	0.089223	supercritical
774.0	1164.8	560.58	0.0017839	748.19	955.96	2.2592	1.021	1.3689	685.12	-0.016024	6.0577e-05	0.089314	supercritical
774.0	1168.0	561.51	0.0017809	748.02	956.04	2.2585	1.0211	1.3691	685.96	-0.01613	6.0676e-05	0.089405	supercritical
774.0	1171.2	562.43	0.001778	747.86	956.11	2.2579	1.0212	1.3692	686.8	-0.016236	6.0774e-05	0.089495	supercritical
774.0	1174.5	563.36	0.0017751	747.7	956.18	2.2572	1.0213	1.3693	687.64	-0.016341	6.0872e-05	0.089586	supercritical
774.0	1177.8	564.28	0.0017722	747.53	956.25	2.2565	1.0214	1.3694	688.48	-0.016445	6.0971e-05	0.089676	supercritical
774.0	1181.0	565.19	0.0017693	747.37	956.33	2.2559	1.0215	1.3696	689.31	-0.016549	6.1069e-05	0.089766	supercritical
774.0	1184.2	566.11	0.0017664	747.21	956.4	2.2553	1.0216	1.3697	690.15	-0.016652	6.1167e-05	0.089857	supercritical
774.0	1187.5	567.02	0.0017636	747.05	956.47	2.2546	1.0217	1.3698	690.98	-0.016755	6.1266e-05	0.089947	supercritical
774.0	1190.8	567.93	0.0017608	746.89	956.55	2.254	1.0218	1.37	691.82	-0.016857	6.1364e-05	0.090036	supercritical
774.0	1194.0	568.84	0.001758	746.73	956.62	2.2533	1.0219	1.3701	692.65	-0.016959	6.1463e-05	0.090126	supercritical
774.0	1197.2	569.75	0.0017552	746.56	956.7	2.2527	1.022	1.3702	693.49	-0.01706	6.1561e-05	0.090216	supercritical
774.0	1200.5	570.66	0.0017524	746.4	956.78	2.252	1.0221	1.3703	694.32	-0.017161	6.1659e-05	0.090305	supercritical
774.0	1203.8	571.56	0.0017496	746.24	956.85	2.2514	1.0222	1.3705	695.15	-0.017261	6.1758e-05	0.090395	supercritical
774.0	1207.0	572.46	0.0017468	746.09	956.93	2.2508	1.0223	1.3706	695.98	-0.017361	6.1856e-05	0.090484	supercritical
774.0	1210.2	573.36	0.0017441	745.93	957.01	2.2501	1.0224	1.3707	696.82	-0.01746	6.1955e-05	0.090573	supercritical
774.0	1213.5	574.25	0.0017414	745.77	957.09	2.2495	1.0225	1.3708	697.65	-0.017559	6.2053e-05	0.090662	supercritical
774.0	1216.8	575.15	0.0017387	745.61	957.16	2.2489	1.0226	1.371	698.48	-0.017657	6.2152e-05	0.090751	supercritical
774.0	1220.0	576.04	0.001736	745.45	957.24	2.2483	1.0227	1.3711	699.31	-0.017754	6.225e-05	0.09084	supercritical
774.0	1223.2	576.93	0.0017333	745.29	957.32	2.2476	1.0228	1.3712	700.14	-0.017852	6.2349e-05	0.090929	supercritical
774.0	1226.5	577.82	0.0017306	745.14	957.4	2.247	1.0229	1.3713	700.97	-0.017948	6.2448e-05	0.091017	supercritical
774.0	1229.8	578.7	0.001728	744.98	957.48	2.2464	1.023	1.3714	701.79	-0.018044	6.2546e-05	0.091106	supercritical
774.0	1233.0	579.59	0.0017254	744.83	957.56	2.2458	1.0231	1.3715	702.62	-0.01814	6.2645e-05	0.091194	supercritical
774.0	1236.2	580.47	0.0017227	744.67	957.64	2.2451	1.0232	1.3717	703.45	-0.018235	6.2743e-05	0.091282	supercritical
774.0	1239.5	581.35	0.0017201	744.51	957.73	2.2445	1.0233	1.3718	704.27	-0.01833	6.2842e-05	0.091371	supercritical
774.0	1242.8	582.23	0.0017175	744.36	957.81	2.2439	1.0234	1.3719	705.1	-0.018424	6.2941e-05	0.091459	supercritical
774.0	1246.0	583.1	0.001715	744.2	957.89	2.2433	1.0235	1.372	705.92	-0.018518	6.3039e-05	0.091546	supercritical
774.0	1249.2	583.97	0.0017124	744.05	957.97	2.2427	1.0236	1.3721	706.75	-0.018611	6.3138e-05	0.091634	supercritical
774.0	1252.5	584.85	0.0017099	743.9	958.06	2.2421	1.0237	1.3722	707.57	-0.018704	6.3236e-05	0.091722	supercritical
774.0	1255.8	585.71	0.0017073	743.74	958.14	2.2415	1.0238	1.3723	708.4	-0.018797	6.3335e-05	0.091809	supercritical
774.0	1259.0	586.58	0.0017048	743.59	958.22	2.2409	1.0239	1.3725	709.22	-0.018888	6.3434e-05	0.091897	supercritical
774.0	1262.2	587.45	0.0017023	743.44	958.31	2.2402	1.024	1.3726	710.04	-0.01898	6.3532e-05	0.091984	supercritical
774.0	1265.5	588.31	0.0016998	743.29	958.39	2.2396	1.0241	1.3727	710.86	-0.019071	6.3631e-05	0.092071	supercritical
774.0	1268.8	589.17	0.0016973	743.13	958.48	2.239	1.0242	1.3728	711.68	-0.019161	6.373e-05	0.092158	supercritical
774.0	1272.0	590.03	0.0016948	742.98	958.56	2.2384	1.0243	1.3729	712.5	-0.019252	6.3828e-05	0.092245	supercritical
774.0	1275.2	590.89	0.0016924	742.83	958.65	2.2378	1.0244	1.373	713.32	-0.019341	6.3927e-05	0.092332	supercritical
774.0	1278.5	591.74	0.0016899	742.68	958.74	2.2372	1.0245	1.3731	714.14	-0.01943	6.4026e-05	0.092419	supercritical
774.0	1281.8	592.6	0.0016875	742.53	958.82	2.2366	1.0246	1.3732	714.96	-0.019519	6.4125e-05	0.092506	supercritical
774.0	1285.0	593.45	0.0016851	742.38	958.91	2.236	1.0247	1.3733	715.78	-0.019607	6.4223e-05	0.092592	supercritical
774.0	1288.2	594.3	0.0016827	742.23	959.0	2.2355	1.0248	1.3734	716.6	-0.019695	6.4322e-05	0.092679	supercritical
774.0	1291.5	595.14	0.0016803	742.08	959.09	2.2349	1.0249	1.3735	717.41	-0.019783	6.4421e-05	0.092765	supercritical
774.0	1294.8	595.99	0.0016779	741.93	959.17	2.2343	1.025	1.3736	718.23	-0.01987	6.4519e-05	0.092852	supercritical
774.0	1298.0	596.83	0.0016755	741.78	959.26	2.2337	1.0251	1.3737	719.04	-0.019956	6.4618e-05	0.092938	supercritical
774.0	1301.2	597.67	0.0016732	741.63	959.35	2.2331	1.0252	1.3738	719.86	-0.020043	6.4717e-05	0.093024	supercritical
774.0	1304.5	598.51	0.0016708	741.49	959.44	2.2325	1.0253	1.3739	720.67	-0.020128	6.4816e-05	0.09311	supercritical
774.0	1307.8	599.35	0.0016685	741.34	959.53	2.2319	1.0253	1.374	721.49	-0.020214	6.4914e-05	0.093196	supercritical
774.0	1311.0	600.19	0.0016661	741.19	959.62	2.2313	1.0254	1.3741	722.3	-0.020298	6.5013e-05	0.093281	supercritical
774.0	1314.2	601.02	0.0016638	741.04	959.71	2.2308	1.0255	1.3742	723.11	-0.020383	6.5112e-05	0.093367	supercritical
774.0	1317.5	601.85	0.0016615	740.9	959.81	2.2302	1.0256	1.3743	723.92	-0.020467	6.521e-05	0.093453	supercritical
774.0	1320.8	602.68	0.0016592	740.75	959.9	2.2296	1.0257	1.3744	724.73	-0.020551	6.5309e-05	0.093538	supercritical
774.0	1324.0	603.51	0.001657	740.61	959.99	2.229	1.0258	1.3745	725.55	-0.020634	6.5408e-05	0.093623	supercritical
774.0	1327.2	604.34	0.0016547	740.46	960.08	2.2284	1.0259	1.3746	726.36	-0.020717	6.5507e-05	0.093709	supercritical
774.0	1330.5	605.16	0.0016525	740.32	960.17	2.2279	1.026	1.3747	727.16	-0.020799	6.5605e-05	0.093794	supercritical
774.0	1333.8	605.98	0.0016502	740.17	960.27	2.2273	1.0261	1.3748	727.97	-0.020881	6.5704e-05	0.093879	supercritical
774.0	1337.0	606.8	0.001648	740.03	960.36	2.2267	1.0262	1.3749	728.78	-0.020963	6.5803e-05	0.093964	supercritical
774.0	1340.2	607.62	0.0016458	739.88	960.45	2.2262	1.0263	1.375	729.59	-0.021044	6.5902e-05	0.094049	supercritical
774.0	1343.5	608.44	0.0016435	739.74	960.55	2.2256	1.0264	1.3751	730.4	-0.021125	6.6e-05	0.094133	supercritical
774.0	1346.8	609.26	0.0016413	739.59	960.64	2.225	1.0265	1.3752	731.2	-0.021206	6.6099e-05	0.094218	supercritical
774.0	1350.0	610.07	0.0016392	739.45	960.74	2.2245	1.0266	1.3753	732.01	-0.021286	6.6198e-05	0.094303	supercritical
774.0	1353.2	610.88	0.001637	739.31	960.83	2.2239	1.0267	1.3754	732.81	-0.021365	6.6297e-05	0.094387	supercritical
774.0	1356.5	611.69	0.0016348	739.17	960.93	2.2233	1.0268	1.3755	733.62	-0.021445	6.6395e-05	0.094472	supercritical
774.0	1359.8	612.5	0.0016327	739.02	961.03	2.2228	1.0269	1.3756	734.42	-0.021524	6.6494e-05	0.094556	supercritical
774.0	1363.0	613.3	0.0016305	738.88	961.12	2.2222	1.027	1.3756	735.23	-0.021602	6.6593e-05	0.09464	supercritical
774.0	1366.2	614.11	0.0016284	738.74	961.22	2.2216	1.0271	1.3757	736.03	-0.021681	6.6692e-05	0.094724	supercritical
774.0	1369.5	614.91	0.0016262	738.6	961.32	2.2211	1.0272	1.3758	736.83	-0.021758	6.679e-05	0.094808	supercritical
774.0	1372.8	615.71	0.0016241	738.46	961.41	2.2205	1.0273	1.3759	737.63	-0.021836	6.6889e-05	0.094892	supercritical
774.0	1376.0	616.51	0.001622	738.32	961.51	2.22	1.0274	1.376	738.43	-0.021913	6.6988e-05	0.094976	supercritical
774.0	1379.2	617.31	0.0016199	738.18	961.61	2.2194	1.0275	1.3761	739.23	-0.02199	6.7087e-05	0.09506	supercritical
774.0	1382.5	618.1	0.0016178	738.04	961.71	2.2189	1.0276	1.3762	740.03	-0.022066	6.7185e-05	0.095144	supercritical
774.0	1385.8	618.9	0.0016158	737.9	961.81	2.2183	1.0277	1.3763	740.83	-0.022142	6.7284e-05	0.095227	supercritical
774.0	1389.0	619.69	0.0016137	737.76	961.91	2.2178	1.0278	1.3763	741.63	-0.022218	6.7383e-05	0.095311	supercritical
774.0	1392.2	620.48	0.0016117	737.62	962.01	2.2172	1.0279	1.3764	742.43	-0.022293	6.7481e-05	0.095394	supercritical
774.0	1395.5	621.27	0.0016096	737.48	962.11	2.2167	1.028	1.3765	743.23	-0.022368	6.758e-05	0.095478	supercritical
774.0	1398.8	622.06	0.0016076	737.35	962.21	2.2161	1.0281	1.3766	744.02	-0.022442	6.7679e-05	0.095561	supercritical
774.0	1402.0	622.84	0.0016055	737.21	962.31	2.2156	1.0281	1.3767	744.82	-0.022517	6.7778e-05	0.095644	supercritical
774.0	1405.2	623.63	0.0016035	737.07	962.41	2.215	1.0282	1.3768	745.61	-0.022591	6.7876e-05	0.095727	supercritical
774.0	1408.5	624.41	0.0016015	736.93	962.51	2.2145	1.0283	1.3769	746.41	-0.022664	6.7975e-05	0.09581	supercritical
774.0	1411.8	625.19	0.0015995	736.8	962.61	2.214	1.0284	1.3769	747.2	-0.022737	6.8074e-05	0.095893	supercritical
774.0	1415.0	625.97	0.0015975	736.66	962.71	2.2134	1.0285	1.377	748.0	-0.02281	6.8172e-05	0.095976	supercritical
774.0	1418.2	626.74	0.0015955	736.53	962.81	2.2129	1.0286	1.3771	748.79	-0.022883	6.8271e-05	0.096059	supercritical
774.0	1421.5	627.52	0.0015936	736.39	962.92	2.2123	1.0287	1.3772	749.58	-0.022955	6.837e-05	0.096141	supercritical
774.0	1424.8	628.29	0.0015916	736.25	963.02	2.2118	1.0288	1.3773	750.37	-0.023027	6.8468e-05	0.096224	supercritical
774.0	1428.0	629.06	0.0015897	736.12	963.12	2.2113	1.0289	1.3773	751.17	-0.023098	6.8567e-05	0.096307	supercritical
774.0	1431.2	629.83	0.0015877	735.98	963.23	2.2107	1.029	1.3774	751.96	-0.023169	6.8666e-05	0.096389	supercritical
774.0	1434.5	630.6	0.0015858	735.85	963.33	2.2102	1.0291	1.3775	752.75	-0.02324	6.8764e-05	0.096471	supercritical
774.0	1437.8	631.37	0.0015839	735.72	963.43	2.2097	1.0292	1.3776	753.54	-0.023311	6.8863e-05	0.096554	supercritical
774.0	1441.0	632.14	0.0015819	735.58	963.54	2.2091	1.0293	1.3776	754.32	-0.023381	6.8962e-05	0.096636	supercritical
774.0	1444.2	632.9	0.00158	735.45	963.64	2.2086	1.0294	1.3777	755.11	-0.023451	6.906e-05	0.096718	supercritical
774.0	1447.5	633.66	0.0015781	735.31	963.75	2.2081	1.0295	1.3778	755.9	-0.02352	6.9159e-05	0.0968	supercritical
774.0	1450.8	634.42	0.0015762	735.18	963.85	2.2076	1.0296	1.3779	756.69	-0.02359	6.9258e-05	0.096882	supercritical
774.0	1454.0	635.18	0.0015744	735.05	963.96	2.207	1.0297	1.3779	757.47	-0.023659	6.9356e-05	0.096964	supercritical
774.0	1457.2	635.94	0.0015725	734.92	964.07	2.2065	1.0298	1.378	758.26	-0.023727	6.9455e-05	0.097046	supercritical
774.0	1460.5	636.69	0.0015706	734.78	964.17	2.206	1.0299	1.3781	759.04	-0.023796	6.9553e-05	0.097128	supercritical
774.0	1463.8	637.45	0.0015688	734.65	964.28	2.2055	1.03	1.3782	759.83	-0.023864	6.9652e-05	0.09721	supercritical
774.0	1467.0	638.2	0.0015669	734.52	964.39	2.205	1.03	1.3782	760.61	-0.023931	6.975e-05	0.097291	supercritical
774.0	1470.2	638.95	0.0015651	734.39	964.49	2.2044	1.0301	1.3783	761.4	-0.023999	6.9849e-05	0.097373	supercritical
774.0	1473.5	639.7	0.0015632	734.26	964.6	2.2039	1.0302	1.3784	762.18	-0.024066	6.9948e-05	0.097454	supercritical
774.0	1476.8	640.45	0.0015614	734.13	964.71	2.2034	1.0303	1.3785	762.96	-0.024132	7.0046e-05	0.097536	supercritical
774.0	1480.0	641.19	0.0015596	734.0	964.82	2.2029	1.0304	1.3785	763.74	-0.024199	7.0145e-05	0.097617	supercritical
774.0	1483.2	641.94	0.0015578	733.87	964.93	2.2024	1.0305	1.3786	764.52	-0.024265	7.0243e-05	0.097698	supercritical
774.0	1486.5	642.68	0.001556	733.74	965.03	2.2019	1.0306	1.3787	765.31	-0.024331	7.0342e-05	0.09778	supercritical
774.0	1489.8	643.42	0.0015542	733.61	965.14	2.2013	1.0307	1.3787	766.09	-0.024397	7.044e-05	0.097861	supercritical
774.0	1493.0	644.16	0.0015524	733.48	965.25	2.2008	1.0308	1.3788	766.86	-0.024462	7.0539e-05	0.097942	supercritical
774.0	1496.2	644.9	0.0015506	733.35	965.36	2.2003	1.0309	1.3789	767.64	-0.024527	7.0637e-05	0.098023	supercritical
774.0	1499.5	645.64	0.0015489	733.22	965.47	2.1998	1.031	1.379	768.42	-0.024591	7.0736e-05	0.098104	supercritical
774.0	1502.8	646.37	0.0015471	733.09	965.58	2.1993	1.0311	1.379	769.2	-0.024656	7.0834e-05	0.098185	supercritical
774.0	1506.0	647.11	0.0015453	732.97	965.69	2.1988	1.0312	1.3791	769.98	-0.02472	7.0933e-05	0.098265	supercritical
774.0	1509.2	647.84	0.0015436	732.84	965.81	2.1983	1.0313	1.3792	770.75	-0.024784	7.1031e-05	0.098346	supercritical
774.0	1512.5	648.57	0.0015419	732.71	965.92	2.1978	1.0314	1.3792	771.53	-0.024847	7.1129e-05	0.098427	supercritical
774.0	1515.8	649.3	0.0015401	732.58	966.03	2.1973	1.0315	1.3793	772.3	-0.024911	7.1228e-05	0.098508	supercritical
774.0	1519.0	650.03	0.0015384	732.46	966.14	2.1968	1.0316	1.3794	773.08	-0.024974	7.1326e-05	0.098588	supercritical
774.0	1522.2	650.75	0.0015367	732.33	966.25	2.1963	1.0317	1.3794	773.85	-0.025036	7.1425e-05	0.098669	supercritical
774.0	1525.5	651.48	0.001535	732.21	966.36	2.1958	1.0317	1.3795	774.63	-0.025099	7.1523e-05	0.098749	supercritical
774.0	1528.8	652.2	0.0015333	732.08	966.48	2.1953	1.0318	1.3796	775.4	-0.025161	7.1621e-05	0.098829	supercritical
774.0	1532.0	652.92	0.0015316	731.95	966.59	2.1948	1.0319	1.3796	776.17	-0.025223	7.172e-05	0.09891	supercritical
774.0	1535.2	653.65	0.0015299	731.83	966.7	2.1943	1.032	1.3797	776.94	-0.025284	7.1818e-05	0.09899	supercritical
774.0	1538.5	654.36	0.0015282	731.7	966.82	2.1938	1.0321	1.3798	777.71	-0.025346	7.1917e-05	0.09907	supercritical
774.0	1541.8	655.08	0.0015265	731.58	966.93	2.1933	1.0322	1.3798	778.48	-0.025407	7.2015e-05	0.09915	supercritical
774.0	1545.0	655.8	0.0015249	731.45	967.04	2.1928	1.0323	1.3799	779.25	-0.025468	7.2113e-05	0.09923	supercritical
774.0	1548.2	656.51	0.0015232	731.33	967.16	2.1923	1.0324	1.3799	780.02	-0.025528	7.2212e-05	0.09931	supercritical
774.0	1551.5	657.23	0.0015215	731.21	967.27	2.1918	1.0325	1.38	780.79	-0.025588	7.231e-05	0.09939	supercritical
774.0	1554.8	657.94	0.0015199	731.08	967.39	2.1913	1.0326	1.3801	781.56	-0.025648	7.2408e-05	0.09947	supercritical
774.0	1558.0	658.65	0.0015183	730.96	967.5	2.1908	1.0327	1.3801	782.33	-0.025708	7.2506e-05	0.09955	supercritical
774.0	1561.2	659.36	0.0015166	730.84	967.62	2.1904	1.0328	1.3802	783.09	-0.025768	7.2605e-05	0.09963	supercritical
774.0	1564.5	660.06	0.001515	730.71	967.73	2.1899	1.0329	1.3803	783.86	-0.025827	7.2703e-05	0.09971	supercritical
774.0	1567.8	660.77	0.0015134	730.59	967.85	2.1894	1.033	1.3803	784.63	-0.025886	7.2801e-05	0.099789	supercritical
774.0	1571.0	661.48	0.0015118	730.47	967.97	2.1889	1.0331	1.3804	785.39	-0.025945	7.2899e-05	0.099869	supercritical
774.0	1574.2	662.18	0.0015102	730.35	968.08	2.1884	1.0331	1.3804	786.16	-0.026003	7.2997e-05	0.099948	supercritical
774.0	1577.5	662.88	0.0015086	730.22	968.2	2.1879	1.0332	1.3805	786.92	-0.026061	7.3096e-05	0.10003	supercritical
774.0	1580.8	663.58	0.001507	730.1	968.32	2.1875	1.0333	1.3805	787.68	-0.026119	7.3194e-05	0.10011	supercritical
774.0	1584.0	664.28	0.0015054	729.98	968.43	2.187	1.0334	1.3806	788.45	-0.026177	7.3292e-05	0.10019	supercritical
774.0	1587.2	664.98	0.0015038	729.86	968.55	2.1865	1.0335	1.3807	789.21	-0.026234	7.339e-05	0.10027	supercritical
774.0	1590.5	665.67	0.0015022	729.74	968.67	2.186	1.0336	1.3807	789.97	-0.026292	7.3488e-05	0.10035	supercritical
774.0	1593.8	666.37	0.0015007	729.62	968.79	2.1855	1.0337	1.3808	790.73	-0.026349	7.3586e-05	0.10042	supercritical
774.0	1597.0	667.06	0.0014991	729.5	968.91	2.1851	1.0338	1.3808	791.49	-0.026405	7.3685e-05	0.1005	supercritical
774.0	1600.2	667.76	0.0014976	729.38	969.03	2.1846	1.0339	1.3809	792.25	-0.026462	7.3783e-05	0.10058	supercritical
774.0	1603.5	668.45	0.001496	729.26	969.14	2.1841	1.034	1.381	793.01	-0.026518	7.3881e-05	0.10066	supercritical
774.0	1606.8	669.14	0.0014945	729.14	969.26	2.1836	1.0341	1.381	793.77	-0.026574	7.3979e-05	0.10074	supercritical
774.0	1610.0	669.82	0.0014929	729.02	969.38	2.1832	1.0342	1.3811	794.53	-0.02663	7.4077e-05	0.10082	supercritical
774.0	1613.2	670.51	0.0014914	728.9	969.5	2.1827	1.0343	1.3811	795.29	-0.026685	7.4175e-05	0.1009	supercritical
774.0	1616.5	671.2	0.0014899	728.78	969.62	2.1822	1.0344	1.3812	796.04	-0.026741	7.4273e-05	0.10098	supercritical
774.0	1619.8	671.88	0.0014884	728.67	969.74	2.1817	1.0344	1.3812	796.8	-0.026796	7.4371e-05	0.10106	supercritical
774.0	1623.0	672.56	0.0014868	728.55	969.86	2.1813	1.0345	1.3813	797.56	-0.026851	7.4469e-05	0.10114	supercritical
774.0	1626.2	673.25	0.0014853	728.43	969.98	2.1808	1.0346	1.3813	798.31	-0.026905	7.4567e-05	0.10121	supercritical
774.0	1629.5	673.93	0.0014838	728.31	970.1	2.1803	1.0347	1.3814	799.07	-0.02696	7.4665e-05	0.10129	supercritical
774.0	1632.8	674.6	0.0014824	728.19	970.23	2.1799	1.0348	1.3814	799.82	-0.027014	7.4763e-05	0.10137	supercritical
774.0	1636.0	675.28	0.0014809	728.08	970.35	2.1794	1.0349	1.3815	800.57	-0.027068	7.4861e-05	0.10145	supercritical
774.0	1639.2	675.96	0.0014794	727.96	970.47	2.1789	1.035	1.3816	801.33	-0.027121	7.4959e-05	0.10153	supercritical
774.0	1642.5	676.63	0.0014779	727.84	970.59	2.1785	1.0351	1.3816	802.08	-0.027175	7.5056e-05	0.10161	supercritical
774.0	1645.8	677.31	0.0014764	727.73	970.71	2.178	1.0352	1.3817	802.83	-0.027228	7.5154e-05	0.10169	supercritical
774.0	1649.0	677.98	0.001475	727.61	970.84	2.1776	1.0353	1.3817	803.58	-0.027281	7.5252e-05	0.10176	supercritical
774.0	1652.2	678.65	0.0014735	727.5	970.96	2.1771	1.0354	1.3818	804.33	-0.027334	7.535e-05	0.10184	supercritical
774.0	1655.5	679.32	0.0014721	727.38	971.08	2.1766	1.0355	1.3818	805.08	-0.027386	7.5448e-05	0.10192	supercritical
774.0	1658.8	679.99	0.0014706	727.27	971.2	2.1762	1.0356	1.3819	805.83	-0.027439	7.5546e-05	0.102	supercritical
774.0	1662.0	680.66	0.0014692	727.15	971.33	2.1757	1.0356	1.3819	806.58	-0.027491	7.5643e-05	0.10208	supercritical
774.0	1665.2	681.32	0.0014677	727.04	971.45	2.1753	1.0357	1.382	807.33	-0.027543	7.5741e-05	0.10216	supercritical
774.0	1668.5	681.99	0.0014663	726.92	971.57	2.1748	1.0358	1.382	808.08	-0.027594	7.5839e-05	0.10223	supercritical
774.0	1671.8	682.65	0.0014649	726.81	971.7	2.1744	1.0359	1.3821	808.82	-0.027646	7.5937e-05	0.10231	supercritical
774.0	1675.0	683.31	0.0014635	726.69	971.82	2.1739	1.036	1.3821	809.57	-0.027697	7.6034e-05	0.10239	supercritical
774.0	1678.2	683.97	0.001462	726.58	971.95	2.1734	1.0361	1.3822	810.32	-0.027748	7.6132e-05	0.10247	supercritical
774.0	1681.5	684.63	0.0014606	726.47	972.07	2.173	1.0362	1.3822	811.06	-0.027799	7.623e-05	0.10255	supercritical
774.0	1684.8	685.29	0.0014592	726.35	972.2	2.1725	1.0363	1.3823	811.81	-0.02785	7.6328e-05	0.10262	supercritical
774.0	1688.0	685.95	0.0014578	726.24	972.32	2.1721	1.0364	1.3823	812.55	-0.0279	7.6425e-05	0.1027	supercritical
774.0	1691.2	686.6	0.0014564	726.13	972.45	2.1716	1.0365	1.3824	813.3	-0.02795	7.6523e-05	0.10278	supercritical
774.0	1694.5	687.26	0.0014551	726.01	972.57	2.1712	1.0366	1.3824	814.04	-0.028	7.662e-05	0.10286	supercritical
774.0	1697.8	687.91	0.0014537	725.9	972.7	2.1707	1.0367	1.3825	814.78	-0.02805	7.6718e-05	0.10294	supercritical
774.0	1701.0	688.56	0.0014523	725.79	972.83	2.1703	1.0368	1.3825	815.52	-0.0281	7.6816e-05	0.10301	supercritical
774.0	1704.2	689.22	0.0014509	725.68	972.95	2.1699	1.0368	1.3826	816.27	-0.028149	7.6913e-05	0.10309	supercritical
774.0	1707.5	689.86	0.0014496	725.57	973.08	2.1694	1.0369	1.3826	817.01	-0.028198	7.7011e-05	0.10317	supercritical
774.0	1710.8	690.51	0.0014482	725.45	973.21	2.169	1.037	1.3826	817.75	-0.028247	7.7108e-05	0.10325	supercritical
774.0	1714.0	691.16	0.0014468	725.34	973.33	2.1685	1.0371	1.3827	818.49	-0.028296	7.7206e-05	0.10332	supercritical
774.0	1717.2	691.81	0.0014455	725.23	973.46	2.1681	1.0372	1.3827	819.23	-0.028345	7.7303e-05	0.1034	supercritical
774.0	1720.5	692.45	0.0014441	725.12	973.59	2.1676	1.0373	1.3828	819.97	-0.028393	7.7401e-05	0.10348	supercritical
774.0	1723.8	693.1	0.0014428	725.01	973.71	2.1672	1.0374	1.3828	820.7	-0.028441	7.7498e-05	0.10356	supercritical
774.0	1727.0	693.74	0.0014415	724.9	973.84	2.1668	1.0375	1.3829	821.44	-0.028489	7.7596e-05	0.10363	supercritical
774.0	1730.2	694.38	0.0014401	724.79	973.97	2.1663	1.0376	1.3829	822.18	-0.028537	7.7693e-05	0.10371	supercritical
774.0	1733.5	695.02	0.0014388	724.68	974.1	2.1659	1.0377	1.383	822.92	-0.028584	7.7791e-05	0.10379	supercritical
774.0	1736.8	695.66	0.0014375	724.57	974.23	2.1654	1.0378	1.383	823.65	-0.028632	7.7888e-05	0.10387	supercritical
774.0	1740.0	696.3	0.0014362	724.46	974.36	2.165	1.0378	1.3831	824.39	-0.028679	7.7985e-05	0.10394	supercritical
774.0	1743.2	696.93	0.0014349	724.35	974.49	2.1646	1.0379	1.3831	825.12	-0.028726	7.8083e-05	0.10402	supercritical
774.0	1746.5	697.57	0.0014335	724.25	974.61	2.1641	1.038	1.3831	825.86	-0.028773	7.818e-05	0.1041	supercritical
774.0	1749.8	698.2	0.0014322	724.14	974.74	2.1637	1.0381	1.3832	826.59	-0.02882	7.8277e-05	0.10418	supercritical
774.0	1753.0	698.84	0.0014309	724.03	974.87	2.1633	1.0382	1.3832	827.32	-0.028866	7.8375e-05	0.10425	supercritical
774.0	1756.2	699.47	0.0014297	723.92	975.0	2.1628	1.0383	1.3833	828.05	-0.028912	7.8472e-05	0.10433	supercritical
774.0	1759.5	700.1	0.0014284	723.81	975.13	2.1624	1.0384	1.3833	828.79	-0.028958	7.8569e-05	0.10441	supercritical
774.0	1762.8	700.73	0.0014271	723.71	975.26	2.162	1.0385	1.3834	829.52	-0.029004	7.8666e-05	0.10449	supercritical
774.0	1766.0	701.36	0.0014258	723.6	975.39	2.1615	1.0386	1.3834	830.25	-0.02905	7.8764e-05	0.10456	supercritical
774.0	1769.2	701.99	0.0014245	723.49	975.53	2.1611	1.0387	1.3834	830.98	-0.029095	7.8861e-05	0.10464	supercritical
774.0	1772.5	702.61	0.0014233	723.38	975.66	2.1607	1.0388	1.3835	831.71	-0.029141	7.8958e-05	0.10472	supercritical
774.0	1775.8	703.24	0.001422	723.28	975.79	2.1603	1.0389	1.3835	832.44	-0.029186	7.9055e-05	0.10479	supercritical
774.0	1779.0	703.86	0.0014207	723.17	975.92	2.1598	1.0389	1.3836	833.17	-0.029231	7.9152e-05	0.10487	supercritical
774.0	1782.2	704.48	0.0014195	723.06	976.05	2.1594	1.039	1.3836	833.89	-0.029276	7.925e-05	0.10495	supercritical
774.0	1785.5	705.11	0.0014182	722.96	976.18	2.159	1.0391	1.3836	834.62	-0.02932	7.9347e-05	0.10502	supercritical
774.0	1788.8	705.73	0.001417	722.85	976.31	2.1585	1.0392	1.3837	835.35	-0.029365	7.9444e-05	0.1051	supercritical
774.0	1792.0	706.35	0.0014157	722.75	976.45	2.1581	1.0393	1.3837	836.08	-0.029409	7.9541e-05	0.10518	supercritical
774.0	1795.2	706.96	0.0014145	722.64	976.58	2.1577	1.0394	1.3838	836.8	-0.029453	7.9638e-05	0.10526	supercritical
774.0	1798.5	707.58	0.0014133	722.54	976.71	2.1573	1.0395	1.3838	837.53	-0.029497	7.9735e-05	0.10533	supercritical
774.0	1801.8	708.2	0.001412	722.43	976.84	2.1569	1.0396	1.3838	838.25	-0.02954	7.9832e-05	0.10541	supercritical
774.0	1805.0	708.81	0.0014108	722.33	976.98	2.1564	1.0397	1.3839	838.98	-0.029584	7.9929e-05	0.10549	supercritical
774.0	1808.2	709.43	0.0014096	722.22	977.11	2.156	1.0398	1.3839	839.7	-0.029627	8.0026e-05	0.10556	supercritical
774.0	1811.5	710.04	0.0014084	722.12	977.24	2.1556	1.0398	1.384	840.42	-0.029671	8.0123e-05	0.10564	supercritical
774.0	1814.8	710.65	0.0014072	722.01	977.38	2.1552	1.0399	1.384	841.14	-0.029714	8.022e-05	0.10572	supercritical
774.0	1818.0	711.26	0.001406	721.91	977.51	2.1548	1.04	1.384	841.87	-0.029756	8.0317e-05	0.10579	supercritical
774.0	1821.2	711.87	0.0014047	721.81	977.64	2.1543	1.0401	1.3841	842.59	-0.029799	8.0414e-05	0.10587	supercritical
774.0	1824.5	712.48	0.0014035	721.7	977.78	2.1539	1.0402	1.3841	843.31	-0.029842	8.0511e-05	0.10595	supercritical
774.0	1827.8	713.09	0.0014024	721.6	977.91	2.1535	1.0403	1.3842	844.03	-0.029884	8.0607e-05	0.10602	supercritical
774.0	1831.0	713.7	0.0014012	721.5	978.05	2.1531	1.0404	1.3842	844.75	-0.029926	8.0704e-05	0.1061	supercritical
774.0	1834.2	714.3	0.0014	721.39	978.18	2.1527	1.0405	1.3842	845.47	-0.029968	8.0801e-05	0.10618	supercritical
774.0	1837.5	714.9	0.0013988	721.29	978.32	2.1523	1.0406	1.3843	846.18	-0.03001	8.0898e-05	0.10625	supercritical
774.0	1840.8	715.51	0.0013976	721.19	978.45	2.1519	1.0407	1.3843	846.9	-0.030051	8.0995e-05	0.10633	supercritical
774.0	1844.0	716.11	0.0013964	721.09	978.59	2.1514	1.0408	1.3843	847.62	-0.030093	8.1091e-05	0.10641	supercritical
774.0	1847.2	716.71	0.0013953	720.98	978.72	2.151	1.0408	1.3844	848.34	-0.030134	8.1188e-05	0.10648	supercritical
774.0	1850.5	717.31	0.0013941	720.88	978.86	2.1506	1.0409	1.3844	849.05	-0.030175	8.1285e-05	0.10656	supercritical
774.0	1853.8	717.91	0.0013929	720.78	978.99	2.1502	1.041	1.3845	849.77	-0.030216	8.1382e-05	0.10664	supercritical
774.0	1857.0	718.51	0.0013918	720.68	979.13	2.1498	1.0411	1.3845	850.48	-0.030257	8.1478e-05	0.10671	supercritical
774.0	1860.2	719.11	0.0013906	720.58	979.27	2.1494	1.0412	1.3845	851.2	-0.030298	8.1575e-05	0.10679	supercritical
774.0	1863.5	719.7	0.0013895	720.48	979.4	2.149	1.0413	1.3846	851.91	-0.030338	8.1672e-05	0.10686	supercritical
774.0	1866.8	720.3	0.0013883	720.38	979.54	2.1486	1.0414	1.3846	852.63	-0.030379	8.1768e-05	0.10694	supercritical
774.0	1870.0	720.89	0.0013872	720.28	979.68	2.1482	1.0415	1.3846	853.34	-0.030419	8.1865e-05	0.10702	supercritical
774.0	1873.2	721.48	0.001386	720.18	979.81	2.1478	1.0416	1.3847	854.05	-0.030459	8.1961e-05	0.10709	supercritical
774.0	1876.5	722.08	0.0013849	720.08	979.95	2.1474	1.0417	1.3847	854.76	-0.030499	8.2058e-05	0.10717	supercritical
774.0	1879.8	722.67	0.0013838	719.98	980.09	2.147	1.0417	1.3847	855.47	-0.030538	8.2154e-05	0.10725	supercritical
774.0	1883.0	723.26	0.0013826	719.88	980.23	2.1466	1.0418	1.3848	856.18	-0.030578	8.2251e-05	0.10732	supercritical
774.0	1886.2	723.84	0.0013815	719.78	980.36	2.1462	1.0419	1.3848	856.89	-0.030617	8.2347e-05	0.1074	supercritical
774.0	1889.5	724.43	0.0013804	719.68	980.5	2.1458	1.042	1.3848	857.6	-0.030657	8.2444e-05	0.10748	supercritical
774.0	1892.8	725.02	0.0013793	719.58	980.64	2.1454	1.0421	1.3849	858.31	-0.030696	8.254e-05	0.10755	supercritical
774.0	1896.0	725.6	0.0013782	719.48	980.78	2.145	1.0422	1.3849	859.02	-0.030735	8.2637e-05	0.10763	supercritical
774.0	1899.2	726.19	0.0013771	719.38	980.92	2.1446	1.0423	1.3849	859.73	-0.030773	8.2733e-05	0.1077	supercritical
774.0	1902.5	726.77	0.0013759	719.28	981.05	2.1442	1.0424	1.385	860.44	-0.030812	8.283e-05	0.10778	supercritical
774.0	1905.8	727.36	0.0013748	719.18	981.19	2.1438	1.0425	1.385	861.14	-0.03085	8.2926e-05	0.10786	supercritical
774.0	1909.0	727.94	0.0013737	719.08	981.33	2.1434	1.0425	1.385	861.85	-0.030889	8.3022e-05	0.10793	supercritical
774.0	1912.2	728.52	0.0013726	718.99	981.47	2.143	1.0426	1.3851	862.55	-0.030927	8.3119e-05	0.10801	supercritical
774.0	1915.5	729.1	0.0013716	718.89	981.61	2.1426	1.0427	1.3851	863.26	-0.030965	8.3215e-05	0.10809	supercritical
774.0	1918.8	729.68	0.0013705	718.79	981.75	2.1422	1.0428	1.3851	863.96	-0.031003	8.3311e-05	0.10816	supercritical
774.0	1922.0	730.26	0.0013694	718.69	981.89	2.1418	1.0429	1.3852	864.67	-0.031041	8.3408e-05	0.10824	supercritical
774.0	1925.2	730.83	0.0013683	718.6	982.03	2.1414	1.043	1.3852	865.37	-0.031078	8.3504e-05	0.10831	supercritical
774.0	1928.5	731.41	0.0013672	718.5	982.17	2.141	1.0431	1.3852	866.07	-0.031115	8.36e-05	0.10839	supercritical
774.0	1931.8	731.98	0.0013662	718.4	982.31	2.1406	1.0432	1.3853	866.78	-0.031153	8.3696e-05	0.10847	supercritical
774.0	1935.0	732.56	0.0013651	718.31	982.45	2.1402	1.0433	1.3853	867.48	-0.03119	8.3793e-05	0.10854	supercritical
774.0	1938.2	733.13	0.001364	718.21	982.59	2.1398	1.0434	1.3853	868.18	-0.031227	8.3889e-05	0.10862	supercritical
774.0	1941.5	733.7	0.001363	718.11	982.73	2.1394	1.0434	1.3854	868.88	-0.031264	8.3985e-05	0.10869	supercritical
774.0	1944.8	734.27	0.0013619	718.02	982.87	2.139	1.0435	1.3854	869.58	-0.0313	8.4081e-05	0.10877	supercritical
774.0	1948.0	734.84	0.0013608	717.92	983.01	2.1386	1.0436	1.3854	870.28	-0.031337	8.4177e-05	0.10885	supercritical
774.0	1951.2	735.41	0.0013598	717.83	983.15	2.1383	1.0437	1.3855	870.98	-0.031373	8.4273e-05	0.10892	supercritical
774.0	1954.5	735.98	0.0013587	717.73	983.3	2.1379	1.0438	1.3855	871.68	-0.031409	8.4369e-05	0.109	supercritical
774.0	1957.8	736.55	0.0013577	717.64	983.44	2.1375	1.0439	1.3855	872.37	-0.031446	8.4465e-05	0.10907	supercritical
774.0	1961.0	737.11	0.0013566	717.54	983.58	2.1371	1.044	1.3856	873.07	-0.031482	8.4561e-05	0.10915	supercritical
774.0	1964.2	737.68	0.0013556	717.45	983.72	2.1367	1.0441	1.3856	873.77	-0.031517	8.4657e-05	0.10923	supercritical
774.0	1967.5	738.24	0.0013546	717.35	983.86	2.1363	1.0442	1.3856	874.46	-0.031553	8.4753e-05	0.1093	supercritical
774.0	1970.8	738.81	0.0013535	717.26	984.01	2.1359	1.0442	1.3857	875.16	-0.031589	8.4849e-05	0.10938	supercritical
774.0	1974.0	739.37	0.0013525	717.16	984.15	2.1355	1.0443	1.3857	875.85	-0.031624	8.4945e-05	0.10945	supercritical
774.0	1977.2	739.93	0.0013515	717.07	984.29	2.1352	1.0444	1.3857	876.55	-0.031659	8.5041e-05	0.10953	supercritical
774.0	1980.5	740.49	0.0013505	716.98	984.43	2.1348	1.0445	1.3857	877.24	-0.031694	8.5137e-05	0.10961	supercritical
774.0	1983.8	741.05	0.0013494	716.88	984.58	2.1344	1.0446	1.3858	877.94	-0.031729	8.5233e-05	0.10968	supercritical
774.0	1987.0	741.61	0.0013484	716.79	984.72	2.134	1.0447	1.3858	878.63	-0.031764	8.5329e-05	0.10976	supercritical
774.0	1990.2	742.17	0.0013474	716.7	984.86	2.1336	1.0448	1.3858	879.32	-0.031799	8.5425e-05	0.10983	supercritical
774.0	1993.5	742.73	0.0013464	716.6	985.01	2.1333	1.0449	1.3859	880.01	-0.031833	8.552e-05	0.10991	supercritical
774.0	1996.8	743.28	0.0013454	716.51	985.15	2.1329	1.045	1.3859	880.7	-0.031868	8.5616e-05	0.10999	supercritical
774.0	2000.0	743.84	0.0013444	716.42	985.29	2.1325	1.045	1.3859	881.39	-0.031902	8.5712e-05	0.11006	supercritical
