Temperature (K)	Pressure (bar)	Density (kg/m3)	Volume (m3/kg)	Internal Energy (kJ/kg)	Enthalpy (kJ/kg)	Entropy (J/g*K)	Cv (J/g*K)	Cp (J/g*K)	Sound Spd. (m/s)	Joule-Thomson (K/bar)	Viscosity (Pa*s)	Therm. Cond. (W/m*K)	Phase
445.0	56.5	71.95	0.013898	538.94	617.46	2.3033	0.81326	1.0947	314.67	0.38716	2.2618e-05	0.031022	vapor
445.0	59.75	76.385	0.013092	537.86	616.08	2.2904	0.81485	1.1027	314.34	0.38521	2.2695e-05	0.031201	vapor
445.0	63.0	80.852	0.012368	536.78	614.7	2.278	0.81645	1.1108	314.04	0.38321	2.2774e-05	0.031384	vapor
445.0	66.25	85.352	0.011716	535.7	613.32	2.2661	0.81804	1.1189	313.75	0.38115	2.2856e-05	0.031571	vapor
445.0	69.5	89.884	0.011125	534.61	611.93	2.2546	0.81963	1.1272	313.49	0.37904	2.294e-05	0.031761	vapor
445.0	72.75	94.448	0.010588	533.51	610.54	2.2436	0.82122	1.1356	313.24	0.37687	2.3027e-05	0.031955	vapor
445.0	76.0	99.045	0.010096	532.42	609.15	2.2329	0.8228	1.1441	313.02	0.37464	2.3117e-05	0.032152	vapor
445.0	76.0	99.045	0.010096	532.42	609.15	2.2329	0.8228	1.1441	313.02	0.37464	2.3117e-05	0.032152	supercritical
445.0	76.0	99.045	0.010096	532.42	609.15	2.2329	0.8228	1.1441	313.02	0.37464	2.3117e-05	0.032152	supercritical
445.0	79.25	103.67	0.0096457	531.31	607.75	2.2226	0.82438	1.1527	312.82	0.37235	2.3209e-05	0.032354	supercritical
445.0	82.5	108.33	0.0092308	530.2	606.36	2.2125	0.82596	1.1615	312.64	0.37001	2.3304e-05	0.032559	supercritical
445.0	85.75	113.02	0.0088477	529.09	604.96	2.2028	0.82753	1.1703	312.49	0.36761	2.3401e-05	0.032768	supercritical
445.0	89.0	117.75	0.0084928	527.98	603.56	2.1933	0.8291	1.1792	312.36	0.36515	2.3502e-05	0.032982	supercritical
445.0	92.25	122.5	0.0081633	526.86	602.16	2.1841	0.83065	1.1882	312.25	0.36263	2.3605e-05	0.0332	supercritical
445.0	95.5	127.28	0.0078566	525.73	600.76	2.1751	0.83221	1.1973	312.17	0.36006	2.3712e-05	0.033422	supercritical
445.0	98.75	132.1	0.0075703	524.6	599.36	2.1663	0.83375	1.2065	312.11	0.35742	2.3821e-05	0.033648	supercritical
445.0	102.0	136.94	0.0073026	523.47	597.96	2.1577	0.83529	1.2157	312.09	0.35473	2.3934e-05	0.033878	supercritical
445.0	105.25	141.81	0.0070518	522.34	596.56	2.1494	0.83681	1.2251	312.08	0.35199	2.4049e-05	0.034113	supercritical
445.0	108.5	146.71	0.0068163	521.2	595.16	2.1411	0.83833	1.2345	312.11	0.34918	2.4168e-05	0.034353	supercritical
445.0	111.75	151.63	0.0065948	520.06	593.76	2.1331	0.83984	1.2439	312.17	0.34632	2.429e-05	0.034597	supercritical
445.0	115.0	156.59	0.0063862	518.91	592.36	2.1252	0.84133	1.2535	312.25	0.34341	2.4416e-05	0.034845	supercritical
445.0	118.25	161.57	0.0061894	517.77	590.96	2.1175	0.84282	1.263	312.37	0.34044	2.4545e-05	0.035098	supercritical
445.0	121.5	166.57	0.0060035	516.62	589.56	2.1099	0.84429	1.2727	312.52	0.33743	2.4677e-05	0.035356	supercritical
445.0	124.75	171.6	0.0058276	515.47	588.17	2.1024	0.84574	1.2823	312.69	0.33436	2.4813e-05	0.035619	supercritical
445.0	128.0	176.65	0.005661	514.31	586.77	2.0951	0.84719	1.292	312.9	0.33124	2.4952e-05	0.035886	supercritical
445.0	131.25	181.72	0.0055029	513.16	585.39	2.0879	0.84862	1.3018	313.15	0.32807	2.5095e-05	0.036157	supercritical
445.0	134.5	186.82	0.0053529	512.0	584.0	2.0808	0.85003	1.3115	313.42	0.32486	2.5242e-05	0.036434	supercritical
445.0	137.75	191.93	0.0052102	510.85	582.62	2.0739	0.85143	1.3212	313.73	0.3216	2.5392e-05	0.036714	supercritical
445.0	141.0	197.06	0.0050745	509.69	581.24	2.067	0.85281	1.331	314.08	0.3183	2.5546e-05	0.037	supercritical
445.0	144.25	202.21	0.0049452	508.53	579.86	2.0603	0.85417	1.3407	314.46	0.31496	2.5704e-05	0.03729	supercritical
445.0	147.5	207.38	0.004822	507.37	578.49	2.0536	0.85552	1.3504	314.87	0.31158	2.5865e-05	0.037585	supercritical
445.0	150.75	212.56	0.0047045	506.21	577.13	2.0471	0.85685	1.3601	315.32	0.30816	2.603e-05	0.037884	supercritical
445.0	154.0	217.76	0.0045923	505.05	575.77	2.0406	0.85815	1.3698	315.81	0.30471	2.6199e-05	0.038187	supercritical
445.0	157.25	222.97	0.004485	503.89	574.41	2.0343	0.85944	1.3794	316.33	0.30123	2.6372e-05	0.038495	supercritical
445.0	160.5	228.18	0.0043824	502.73	573.07	2.028	0.86071	1.389	316.9	0.29772	2.6549e-05	0.038807	supercritical
445.0	163.75	233.41	0.0042843	501.57	571.73	2.0218	0.86196	1.3985	317.49	0.29418	2.6729e-05	0.039123	supercritical
445.0	167.0	238.64	0.0041903	500.41	570.39	2.0157	0.86319	1.4079	318.13	0.29062	2.6913e-05	0.039444	supercritical
445.0	170.25	243.88	0.0041003	499.26	569.07	2.0097	0.8644	1.4172	318.81	0.28703	2.7101e-05	0.039768	supercritical
445.0	173.5	249.13	0.004014	498.11	567.75	2.0038	0.86558	1.4265	319.52	0.28343	2.7293e-05	0.040096	supercritical
445.0	176.75	254.38	0.0039312	496.96	566.44	1.998	0.86674	1.4356	320.27	0.27981	2.7489e-05	0.040428	supercritical
445.0	180.0	259.62	0.0038517	495.81	565.14	1.9922	0.86789	1.4446	321.06	0.27617	2.7688e-05	0.040763	supercritical
445.0	183.25	264.87	0.0037754	494.66	563.85	1.9865	0.869	1.4536	321.89	0.27252	2.7892e-05	0.041102	supercritical
445.0	186.5	270.12	0.0037021	493.52	562.56	1.9809	0.8701	1.4623	322.75	0.26887	2.8098e-05	0.041445	supercritical
445.0	189.75	275.36	0.0036316	492.38	561.29	1.9754	0.87117	1.471	323.66	0.26521	2.8309e-05	0.04179	supercritical
445.0	193.0	280.59	0.0035639	491.25	560.03	1.9699	0.87222	1.4795	324.6	0.26154	2.8523e-05	0.042139	supercritical
445.0	196.25	285.82	0.0034987	490.11	558.78	1.9645	0.87325	1.4879	325.58	0.25788	2.8741e-05	0.04249	supercritical
445.0	199.5	291.04	0.0034359	488.99	557.53	1.9592	0.87425	1.496	326.6	0.25421	2.8963e-05	0.042845	supercritical
445.0	202.75	296.25	0.0033755	487.86	556.3	1.9539	0.87523	1.5041	327.66	0.25055	2.9187e-05	0.043201	supercritical
445.0	206.0	301.44	0.0033174	486.75	555.08	1.9487	0.87618	1.5119	328.76	0.2469	2.9416e-05	0.043561	supercritical
445.0	209.25	306.63	0.0032613	485.63	553.88	1.9436	0.87712	1.5196	329.89	0.24326	2.9647e-05	0.043922	supercritical
445.0	212.5	311.79	0.0032073	484.53	552.68	1.9386	0.87803	1.5271	331.05	0.23962	2.9882e-05	0.044285	supercritical
445.0	215.75	316.94	0.0031552	483.43	551.5	1.9336	0.87891	1.5344	332.26	0.23601	3.012e-05	0.044651	supercritical
445.0	219.0	322.07	0.0031049	482.33	550.33	1.9287	0.87977	1.5415	333.5	0.23241	3.0362e-05	0.045018	supercritical
445.0	222.25	327.18	0.0030564	481.24	549.17	1.9238	0.88061	1.5484	334.77	0.22882	3.0606e-05	0.045387	supercritical
445.0	225.5	332.27	0.0030096	480.16	548.03	1.919	0.88143	1.5551	336.08	0.22526	3.0853e-05	0.045757	supercritical
445.0	228.75	337.33	0.0029644	479.08	546.89	1.9143	0.88222	1.5616	337.43	0.22172	3.1104e-05	0.046128	supercritical
445.0	232.0	342.37	0.0029208	478.01	545.78	1.9097	0.88299	1.5679	338.8	0.21821	3.1357e-05	0.046501	supercritical
445.0	235.25	347.39	0.0028786	476.95	544.67	1.9051	0.88374	1.574	340.21	0.21472	3.1612e-05	0.046874	supercritical
445.0	238.5	352.37	0.0028379	475.89	543.58	1.9005	0.88447	1.5799	341.65	0.21126	3.1871e-05	0.047248	supercritical
445.0	241.75	357.33	0.0027985	474.85	542.5	1.896	0.88518	1.5855	343.12	0.20784	3.2132e-05	0.047623	supercritical
445.0	245.0	362.26	0.0027604	473.81	541.44	1.8916	0.88586	1.591	344.62	0.20444	3.2395e-05	0.047998	supercritical
445.0	248.25	367.16	0.0027236	472.77	540.39	1.8873	0.88653	1.5962	346.16	0.20107	3.2661e-05	0.048374	supercritical
445.0	251.5	372.03	0.002688	471.75	539.35	1.8829	0.88717	1.6013	347.72	0.19775	3.2929e-05	0.048749	supercritical
445.0	254.75	376.87	0.0026535	470.73	538.33	1.8787	0.88779	1.6061	349.3	0.19445	3.3199e-05	0.049125	supercritical
445.0	258.0	381.67	0.0026201	469.72	537.32	1.8745	0.8884	1.6107	350.92	0.19119	3.3471e-05	0.049501	supercritical
445.0	261.25	386.44	0.0025878	468.72	536.33	1.8704	0.88898	1.6151	352.56	0.18797	3.3745e-05	0.049876	supercritical
445.0	264.5	391.17	0.0025564	467.73	535.35	1.8663	0.88955	1.6193	354.23	0.18479	3.4021e-05	0.050251	supercritical
445.0	267.75	395.86	0.0025261	466.74	534.38	1.8623	0.8901	1.6233	355.92	0.18165	3.4298e-05	0.050626	supercritical
445.0	271.0	400.53	0.0024967	465.77	533.43	1.8583	0.89063	1.6271	357.64	0.17855	3.4578e-05	0.050999	supercritical
445.0	274.25	405.15	0.0024682	464.8	532.49	1.8544	0.89114	1.6307	359.38	0.17549	3.4859e-05	0.051373	supercritical
445.0	277.5	409.73	0.0024406	463.84	531.57	1.8505	0.89164	1.6341	361.14	0.17246	3.5141e-05	0.051745	supercritical
445.0	280.75	414.28	0.0024138	462.89	530.66	1.8467	0.89212	1.6373	362.92	0.16948	3.5425e-05	0.052117	supercritical
445.0	284.0	418.79	0.0023878	461.95	529.77	1.8429	0.89258	1.6404	364.73	0.16654	3.571e-05	0.052488	supercritical
445.0	287.25	423.26	0.0023626	461.02	528.89	1.8392	0.89303	1.6432	366.55	0.16365	3.5996e-05	0.052857	supercritical
445.0	290.5	427.69	0.0023381	460.1	528.02	1.8356	0.89346	1.6459	368.39	0.16079	3.6283e-05	0.053226	supercritical
445.0	293.75	432.09	0.0023144	459.18	527.17	1.8319	0.89388	1.6484	370.26	0.15798	3.6571e-05	0.053593	supercritical
445.0	297.0	436.44	0.0022913	458.27	526.33	1.8284	0.89429	1.6507	372.14	0.15521	3.686e-05	0.053959	supercritical
445.0	300.25	440.75	0.0022689	457.38	525.5	1.8248	0.89468	1.6529	374.04	0.15248	3.715e-05	0.054323	supercritical
445.0	303.5	445.02	0.0022471	456.49	524.69	1.8214	0.89506	1.6549	375.95	0.14979	3.7441e-05	0.054687	supercritical
445.0	306.75	449.25	0.0022259	455.61	523.89	1.8179	0.89543	1.6567	377.88	0.14714	3.7732e-05	0.055048	supercritical
445.0	310.0	453.44	0.0022053	454.74	523.1	1.8146	0.89578	1.6584	379.83	0.14454	3.8024e-05	0.055409	supercritical
445.0	313.25	457.59	0.0021853	453.87	522.33	1.8112	0.89612	1.66	381.79	0.14197	3.8317e-05	0.055767	supercritical
445.0	316.5	461.7	0.0021659	453.02	521.57	1.8079	0.89646	1.6614	383.76	0.13945	3.861e-05	0.056124	supercritical
445.0	319.75	465.77	0.002147	452.18	520.82	1.8047	0.89678	1.6626	385.75	0.13697	3.8903e-05	0.05648	supercritical
445.0	323.0	469.8	0.0021286	451.34	520.09	1.8015	0.89709	1.6638	387.74	0.13452	3.9197e-05	0.056833	supercritical
445.0	326.25	473.79	0.0021106	450.51	519.37	1.7983	0.89739	1.6648	389.76	0.13212	3.9491e-05	0.057185	supercritical
445.0	329.5	477.74	0.0020932	449.69	518.66	1.7952	0.89768	1.6656	391.78	0.12976	3.9785e-05	0.057536	supercritical
445.0	332.75	481.65	0.0020762	448.88	517.96	1.7921	0.89796	1.6664	393.81	0.12743	4.0079e-05	0.057884	supercritical
445.0	336.0	485.52	0.0020597	448.08	517.28	1.789	0.89824	1.667	395.85	0.12515	4.0373e-05	0.058231	supercritical
445.0	339.25	489.35	0.0020435	447.28	516.61	1.786	0.8985	1.6675	397.91	0.1229	4.0667e-05	0.058576	supercritical
445.0	342.5	493.14	0.0020278	446.5	515.95	1.7831	0.89876	1.668	399.97	0.12069	4.0961e-05	0.058919	supercritical
445.0	345.75	496.89	0.0020125	445.72	515.3	1.7801	0.89901	1.6683	402.04	0.11852	4.1255e-05	0.05926	supercritical
445.0	349.0	500.6	0.0019976	444.95	514.66	1.7772	0.89925	1.6685	404.12	0.11638	4.1549e-05	0.059599	supercritical
445.0	352.25	504.27	0.0019831	444.18	514.04	1.7744	0.89949	1.6686	406.2	0.11429	4.1843e-05	0.059937	supercritical
445.0	355.5	507.91	0.0019689	443.43	513.42	1.7715	0.89972	1.6687	408.29	0.11222	4.2136e-05	0.060272	supercritical
445.0	358.75	511.5	0.001955	442.68	512.82	1.7688	0.89994	1.6686	410.39	0.1102	4.2429e-05	0.060606	supercritical
445.0	362.0	515.06	0.0019415	441.95	512.23	1.766	0.90016	1.6685	412.49	0.10821	4.2722e-05	0.060938	supercritical
445.0	365.25	518.59	0.0019283	441.21	511.65	1.7633	0.90037	1.6683	414.6	0.10625	4.3014e-05	0.061268	supercritical
445.0	368.5	522.07	0.0019155	440.49	511.08	1.7606	0.90058	1.668	416.71	0.10433	4.3306e-05	0.061596	supercritical
445.0	371.75	525.52	0.0019029	439.78	510.52	1.7579	0.90078	1.6677	418.83	0.10244	4.3598e-05	0.061922	supercritical
445.0	375.0	528.93	0.0018906	439.07	509.97	1.7553	0.90098	1.6672	420.95	0.10059	4.3889e-05	0.062246	supercritical
445.0	378.25	532.31	0.0018786	438.37	509.43	1.7527	0.90117	1.6668	423.08	0.098766	4.4179e-05	0.062569	supercritical
445.0	381.5	535.65	0.0018669	437.67	508.9	1.7502	0.90136	1.6662	425.2	0.096977	4.4469e-05	0.062889	supercritical
445.0	384.75	538.95	0.0018555	436.99	508.38	1.7476	0.90154	1.6657	427.33	0.09522	4.4758e-05	0.063208	supercritical
445.0	388.0	542.22	0.0018443	436.31	507.86	1.7451	0.90172	1.665	429.46	0.093494	4.5047e-05	0.063525	supercritical
445.0	391.25	545.46	0.0018333	435.63	507.36	1.7427	0.9019	1.6643	431.59	0.091799	4.5335e-05	0.06384	supercritical
445.0	394.5	548.66	0.0018226	434.97	506.87	1.7402	0.90207	1.6636	433.72	0.090134	4.5623e-05	0.064153	supercritical
445.0	397.75	551.83	0.0018121	434.31	506.39	1.7378	0.90224	1.6628	435.86	0.0885	4.5909e-05	0.064465	supercritical
445.0	401.0	554.97	0.0018019	433.66	505.91	1.7354	0.90241	1.662	437.99	0.086895	4.6195e-05	0.064774	supercritical
445.0	404.25	558.07	0.0017919	433.01	505.45	1.7331	0.90257	1.6612	440.13	0.085319	4.6481e-05	0.065082	supercritical
445.0	407.5	561.15	0.0017821	432.37	504.99	1.7308	0.90274	1.6603	442.26	0.083771	4.6766e-05	0.065388	supercritical
445.0	410.75	564.19	0.0017725	431.74	504.55	1.7284	0.90289	1.6594	444.39	0.082251	4.7049e-05	0.065693	supercritical
445.0	414.0	567.19	0.0017631	431.12	504.11	1.7262	0.90305	1.6585	446.52	0.080758	4.7333e-05	0.065995	supercritical
445.0	417.25	570.17	0.0017539	430.5	503.68	1.7239	0.90321	1.6575	448.65	0.079293	4.7615e-05	0.066296	supercritical
445.0	420.5	573.12	0.0017448	429.88	503.25	1.7217	0.90336	1.6565	450.78	0.077853	4.7897e-05	0.066596	supercritical
445.0	423.75	576.04	0.001736	429.27	502.84	1.7195	0.90351	1.6555	452.91	0.07644	4.8177e-05	0.066893	supercritical
445.0	427.0	578.93	0.0017273	428.67	502.43	1.7173	0.90366	1.6545	455.03	0.075052	4.8458e-05	0.067189	supercritical
445.0	430.25	581.79	0.0017188	428.08	502.03	1.7151	0.9038	1.6534	457.15	0.073689	4.8737e-05	0.067484	supercritical
445.0	433.5	584.62	0.0017105	427.49	501.64	1.713	0.90395	1.6524	459.27	0.07235	4.9015e-05	0.067776	supercritical
445.0	436.75	587.42	0.0017024	426.9	501.25	1.7109	0.90409	1.6513	461.39	0.071035	4.9293e-05	0.068067	supercritical
445.0	440.0	590.19	0.0016944	426.32	500.87	1.7088	0.90423	1.6502	463.5	0.069744	4.957e-05	0.068357	supercritical
445.0	443.25	592.94	0.0016865	425.75	500.5	1.7067	0.90438	1.6491	465.61	0.068475	4.9846e-05	0.068645	supercritical
445.0	446.5	595.66	0.0016788	425.18	500.14	1.7047	0.90452	1.648	467.72	0.067229	5.0121e-05	0.068931	supercritical
445.0	449.75	598.36	0.0016712	424.62	499.78	1.7027	0.90465	1.6469	469.82	0.066005	5.0395e-05	0.069216	supercritical
445.0	453.0	601.02	0.0016638	424.06	499.43	1.7007	0.90479	1.6457	471.92	0.064802	5.0668e-05	0.069499	supercritical
445.0	456.25	603.66	0.0016566	423.51	499.09	1.6987	0.90493	1.6446	474.02	0.063621	5.0941e-05	0.069781	supercritical
445.0	459.5	606.28	0.0016494	422.96	498.75	1.6967	0.90506	1.6434	476.11	0.06246	5.1213e-05	0.070062	supercritical
445.0	462.75	608.87	0.0016424	422.42	498.42	1.6948	0.9052	1.6423	478.2	0.061319	5.1484e-05	0.070341	supercritical
445.0	466.0	611.44	0.0016355	421.89	498.1	1.6929	0.90533	1.6411	480.28	0.060198	5.1754e-05	0.070618	supercritical
445.0	469.25	613.98	0.0016287	421.35	497.78	1.6909	0.90547	1.6399	482.36	0.059096	5.2023e-05	0.070894	supercritical
445.0	472.5	616.5	0.0016221	420.83	497.47	1.6891	0.9056	1.6388	484.44	0.058013	5.2292e-05	0.071169	supercritical
445.0	475.75	618.99	0.0016155	420.3	497.16	1.6872	0.90573	1.6376	486.51	0.056949	5.2559e-05	0.071443	supercritical
445.0	479.0	621.46	0.0016091	419.79	496.86	1.6853	0.90586	1.6364	488.57	0.055902	5.2826e-05	0.071715	supercritical
445.0	482.25	623.91	0.0016028	419.27	496.57	1.6835	0.90599	1.6352	490.64	0.054874	5.3092e-05	0.071985	supercritical
445.0	485.5	626.34	0.0015966	418.77	496.28	1.6817	0.90612	1.634	492.69	0.053862	5.3357e-05	0.072254	supercritical
445.0	488.75	628.74	0.0015905	418.26	496.0	1.6799	0.90625	1.6329	494.75	0.052867	5.3621e-05	0.072523	supercritical
445.0	492.0	631.12	0.0015845	417.76	495.72	1.6781	0.90638	1.6317	496.79	0.051889	5.3884e-05	0.072789	supercritical
445.0	495.25	633.48	0.0015786	417.27	495.45	1.6763	0.90651	1.6305	498.84	0.050927	5.4147e-05	0.073055	supercritical
445.0	498.5	635.82	0.0015728	416.78	495.18	1.6746	0.90664	1.6293	500.87	0.049981	5.4408e-05	0.073319	supercritical
445.0	501.75	638.14	0.0015671	416.29	494.92	1.6728	0.90677	1.6281	502.91	0.04905	5.4669e-05	0.073582	supercritical
445.0	505.0	640.43	0.0015614	415.81	494.66	1.6711	0.9069	1.627	504.94	0.048134	5.4929e-05	0.073844	supercritical
445.0	508.25	642.71	0.0015559	415.33	494.41	1.6694	0.90702	1.6258	506.96	0.047232	5.5189e-05	0.074104	supercritical
445.0	511.5	644.97	0.0015505	414.85	494.16	1.6677	0.90715	1.6246	508.98	0.046346	5.5447e-05	0.074363	supercritical
445.0	514.75	647.2	0.0015451	414.38	493.92	1.6661	0.90728	1.6234	510.99	0.045473	5.5705e-05	0.074622	supercritical
445.0	518.0	649.42	0.0015398	413.92	493.68	1.6644	0.9074	1.6222	513.0	0.044614	5.5961e-05	0.074879	supercritical
445.0	521.25	651.62	0.0015346	413.46	493.45	1.6627	0.90753	1.6211	515.01	0.043768	5.6217e-05	0.075134	supercritical
445.0	524.5	653.8	0.0015295	413.0	493.22	1.6611	0.90766	1.6199	517.01	0.042936	5.6472e-05	0.075389	supercritical
445.0	527.75	655.96	0.0015245	412.54	493.0	1.6595	0.90778	1.6187	519.0	0.042116	5.6727e-05	0.075643	supercritical
445.0	531.0	658.1	0.0015195	412.09	492.78	1.6579	0.90791	1.6176	520.99	0.041309	5.698e-05	0.075895	supercritical
445.0	534.25	660.23	0.0015146	411.64	492.56	1.6563	0.90804	1.6164	522.98	0.040515	5.7233e-05	0.076147	supercritical
445.0	537.5	662.33	0.0015098	411.2	492.35	1.6547	0.90816	1.6153	524.96	0.039732	5.7485e-05	0.076397	supercritical
445.0	540.75	664.42	0.0015051	410.76	492.14	1.6532	0.90829	1.6141	526.93	0.038961	5.7736e-05	0.076646	supercritical
445.0	544.0	666.49	0.0015004	410.32	491.94	1.6516	0.90842	1.613	528.9	0.038202	5.7987e-05	0.076894	supercritical
445.0	547.25	668.55	0.0014958	409.89	491.74	1.6501	0.90854	1.6118	530.87	0.037454	5.8236e-05	0.077141	supercritical
445.0	550.5	670.58	0.0014912	409.46	491.55	1.6485	0.90867	1.6107	532.83	0.036717	5.8485e-05	0.077388	supercritical
445.0	553.75	672.61	0.0014868	409.03	491.36	1.647	0.90879	1.6095	534.78	0.035991	5.8733e-05	0.077633	supercritical
445.0	557.0	674.61	0.0014823	408.61	491.17	1.6455	0.90892	1.6084	536.73	0.035275	5.898e-05	0.077877	supercritical
445.0	560.25	676.6	0.001478	408.19	490.99	1.644	0.90905	1.6073	538.68	0.03457	5.9227e-05	0.07812	supercritical
445.0	563.5	678.57	0.0014737	407.77	490.81	1.6426	0.90917	1.6061	540.62	0.033875	5.9473e-05	0.078362	supercritical
445.0	566.75	680.53	0.0014694	407.36	490.64	1.6411	0.9093	1.605	542.55	0.03319	5.9718e-05	0.078603	supercritical
445.0	570.0	682.47	0.0014653	406.95	490.47	1.6396	0.90943	1.6039	544.48	0.032515	5.9962e-05	0.078843	supercritical
445.0	573.25	684.39	0.0014611	406.54	490.3	1.6382	0.90955	1.6028	546.41	0.03185	6.0206e-05	0.079083	supercritical
445.0	576.5	686.31	0.0014571	406.13	490.13	1.6367	0.90968	1.6017	548.33	0.031193	6.0448e-05	0.079321	supercritical
445.0	579.75	688.2	0.0014531	405.73	489.97	1.6353	0.9098	1.6006	550.24	0.030546	6.0691e-05	0.079558	supercritical
445.0	583.0	690.08	0.0014491	405.33	489.82	1.6339	0.90993	1.5995	552.15	0.029908	6.0932e-05	0.079795	supercritical
445.0	586.25	691.95	0.0014452	404.94	489.66	1.6325	0.91006	1.5984	554.06	0.029279	6.1173e-05	0.08003	supercritical
445.0	589.5	693.8	0.0014413	404.55	489.51	1.6311	0.91018	1.5973	555.96	0.028659	6.1412e-05	0.080265	supercritical
445.0	592.75	695.64	0.0014375	404.16	489.36	1.6297	0.91031	1.5962	557.86	0.028047	6.1652e-05	0.080499	supercritical
445.0	596.0	697.46	0.0014338	403.77	489.22	1.6284	0.91044	1.5951	559.75	0.027443	6.189e-05	0.080732	supercritical
445.0	599.25	699.27	0.0014301	403.38	489.08	1.627	0.91056	1.5941	561.63	0.026848	6.2128e-05	0.080964	supercritical
445.0	602.5	701.07	0.0014264	403.0	488.94	1.6256	0.91069	1.593	563.51	0.02626	6.2365e-05	0.081195	supercritical
445.0	605.75	702.85	0.0014228	402.62	488.81	1.6243	0.91082	1.5919	565.39	0.025681	6.2601e-05	0.081605	supercritical
445.0	609.0	704.63	0.0014192	402.25	488.68	1.623	0.91094	1.5909	567.26	0.025109	6.2837e-05	0.081837	supercritical
445.0	612.25	706.38	0.0014157	401.87	488.55	1.6216	0.91107	1.5898	569.13	0.024545	6.3072e-05	0.082068	supercritical
445.0	615.5	708.13	0.0014122	401.5	488.42	1.6203	0.9112	1.5888	570.99	0.023988	6.3307e-05	0.082297	supercritical
445.0	618.75	709.86	0.0014087	401.14	488.3	1.619	0.91133	1.5878	572.85	0.023439	6.354e-05	0.082526	supercritical
445.0	622.0	711.58	0.0014053	400.77	488.18	1.6177	0.91145	1.5867	574.7	0.022897	6.3773e-05	0.082755	supercritical
445.0	625.25	713.29	0.001402	400.41	488.06	1.6164	0.91158	1.5857	576.54	0.022362	6.4006e-05	0.082982	supercritical
445.0	628.5	714.98	0.0013986	400.05	487.95	1.6152	0.91171	1.5847	578.39	0.021834	6.4237e-05	0.083209	supercritical
445.0	631.75	716.66	0.0013954	399.69	487.84	1.6139	0.91184	1.5837	580.22	0.021312	6.4468e-05	0.083434	supercritical
445.0	635.0	718.33	0.0013921	399.33	487.73	1.6126	0.91197	1.5826	582.06	0.020798	6.4699e-05	0.083659	supercritical
445.0	638.25	719.99	0.0013889	398.98	487.63	1.6114	0.91209	1.5816	583.88	0.02029	6.4928e-05	0.083884	supercritical
445.0	641.5	721.64	0.0013857	398.63	487.52	1.6101	0.91222	1.5806	585.71	0.019788	6.5157e-05	0.084107	supercritical
445.0	644.75	723.28	0.0013826	398.28	487.42	1.6089	0.91235	1.5796	587.52	0.019293	6.5386e-05	0.08433	supercritical
445.0	648.0	724.9	0.0013795	397.93	487.32	1.6077	0.91248	1.5787	589.34	0.018804	6.5614e-05	0.084552	supercritical
445.0	651.25	726.51	0.0013764	397.59	487.23	1.6065	0.91261	1.5777	591.14	0.018322	6.5841e-05	0.084773	supercritical
445.0	654.5	728.12	0.0013734	397.25	487.14	1.6052	0.91274	1.5767	592.95	0.017845	6.6068e-05	0.084994	supercritical
445.0	657.75	729.71	0.0013704	396.91	487.05	1.604	0.91287	1.5757	594.75	0.017375	6.6293e-05	0.085214	supercritical
445.0	661.0	731.29	0.0013675	396.57	486.96	1.6028	0.91299	1.5748	596.54	0.01691	6.6519e-05	0.085433	supercritical
445.0	664.25	732.86	0.0013645	396.24	486.87	1.6017	0.91312	1.5738	598.33	0.016451	6.6744e-05	0.085651	supercritical
445.0	667.5	734.42	0.0013616	395.9	486.79	1.6005	0.91325	1.5729	600.11	0.015998	6.6968e-05	0.085869	supercritical
445.0	670.75	735.97	0.0013588	395.57	486.71	1.5993	0.91338	1.5719	601.89	0.01555	6.7191e-05	0.086086	supercritical
445.0	674.0	737.5	0.0013559	395.24	486.63	1.5981	0.91351	1.571	603.66	0.015108	6.7414e-05	0.086303	supercritical
445.0	677.25	739.03	0.0013531	394.92	486.56	1.597	0.91364	1.5701	605.43	0.014671	6.7637e-05	0.086518	supercritical
445.0	680.5	740.55	0.0013503	394.59	486.48	1.5958	0.91377	1.5691	607.2	0.01424	6.7858e-05	0.086733	supercritical
445.0	683.75	742.06	0.0013476	394.27	486.41	1.5947	0.9139	1.5682	608.96	0.013814	6.808e-05	0.086948	supercritical
445.0	687.0	743.56	0.0013449	393.95	486.34	1.5935	0.91403	1.5673	610.71	0.013392	6.83e-05	0.087162	supercritical
445.0	690.25	745.05	0.0013422	393.63	486.27	1.5924	0.91416	1.5664	612.46	0.012976	6.852e-05	0.087375	supercritical
445.0	693.5	746.53	0.0013395	393.31	486.21	1.5913	0.9143	1.5655	614.21	0.012565	6.874e-05	0.087587	supercritical
445.0	696.75	748.0	0.0013369	393.0	486.15	1.5902	0.91443	1.5646	615.95	0.012159	6.8959e-05	0.087799	supercritical
445.0	700.0	749.46	0.0013343	392.68	486.09	1.589	0.91456	1.5637	617.68	0.011758	6.9177e-05	0.08801	supercritical
445.0	703.25	750.91	0.0013317	392.37	486.03	1.5879	0.91469	1.5628	619.41	0.011362	6.9395e-05	0.088221	supercritical
445.0	706.5	752.36	0.0013292	392.06	485.97	1.5868	0.91482	1.562	621.14	0.01097	6.9612e-05	0.088431	supercritical
445.0	709.75	753.79	0.0013266	391.76	485.92	1.5857	0.91495	1.5611	622.86	0.010583	6.9829e-05	0.088641	supercritical
445.0	713.0	755.21	0.0013241	391.45	485.86	1.5847	0.91508	1.5602	624.58	0.0102	7.0045e-05	0.088849	supercritical
445.0	716.25	756.63	0.0013216	391.15	485.81	1.5836	0.91521	1.5594	626.29	0.009822	7.0261e-05	0.089058	supercritical
445.0	719.5	758.04	0.0013192	390.85	485.76	1.5825	0.91535	1.5585	628.0	0.0094482	7.0476e-05	0.089265	supercritical
445.0	722.75	759.44	0.0013168	390.55	485.72	1.5814	0.91548	1.5577	629.7	0.0090788	7.0691e-05	0.089473	supercritical
445.0	726.0	760.83	0.0013144	390.25	485.67	1.5804	0.91561	1.5569	631.4	0.0087137	7.0905e-05	0.089679	supercritical
445.0	729.25	762.21	0.001312	389.95	485.63	1.5793	0.91574	1.556	633.09	0.0083528	7.1119e-05	0.089885	supercritical
445.0	732.5	763.58	0.0013096	389.66	485.59	1.5783	0.91588	1.5552	634.78	0.0079961	7.1332e-05	0.090091	supercritical
445.0	735.75	764.95	0.0013073	389.36	485.55	1.5772	0.91601	1.5544	636.46	0.0076434	7.1544e-05	0.090295	supercritical
445.0	739.0	766.31	0.001305	389.07	485.51	1.5762	0.91614	1.5536	638.14	0.0072947	7.1757e-05	0.0905	supercritical
445.0	742.25	767.65	0.0013027	388.78	485.47	1.5752	0.91627	1.5528	639.82	0.0069501	7.1968e-05	0.090704	supercritical
445.0	745.5	769.0	0.0013004	388.49	485.44	1.5741	0.91641	1.552	641.49	0.0066093	7.2179e-05	0.090907	supercritical
445.0	748.75	770.33	0.0012981	388.21	485.41	1.5731	0.91654	1.5512	643.15	0.0062724	7.239e-05	0.09111	supercritical
445.0	752.0	771.66	0.0012959	387.92	485.38	1.5721	0.91667	1.5504	644.81	0.0059392	7.26e-05	0.091312	supercritical
445.0	755.25	772.97	0.0012937	387.64	485.35	1.5711	0.91681	1.5496	646.47	0.0056098	7.281e-05	0.091513	supercritical
445.0	758.5	774.28	0.0012915	387.36	485.32	1.5701	0.91694	1.5488	648.12	0.0052841	7.3019e-05	0.091715	supercritical
445.0	761.75	775.59	0.0012893	387.08	485.29	1.5691	0.91708	1.5481	649.77	0.004962	7.3228e-05	0.091915	supercritical
445.0	765.0	776.88	0.0012872	386.8	485.27	1.5681	0.91721	1.5473	651.41	0.0046435	7.3436e-05	0.092115	supercritical
445.0	768.25	778.17	0.0012851	386.52	485.25	1.5671	0.91734	1.5466	653.05	0.0043285	7.3644e-05	0.092315	supercritical
445.0	771.5	779.45	0.001283	386.25	485.23	1.5661	0.91748	1.5458	654.68	0.0040169	7.3851e-05	0.092514	supercritical
445.0	774.75	780.73	0.0012809	385.97	485.21	1.5651	0.91761	1.5451	656.31	0.0037088	7.4058e-05	0.092713	supercritical
445.0	778.0	781.99	0.0012788	385.7	485.19	1.5641	0.91775	1.5443	657.93	0.003404	7.4264e-05	0.092911	supercritical
445.0	781.25	783.25	0.0012767	385.43	485.17	1.5632	0.91788	1.5436	659.55	0.0031026	7.447e-05	0.093109	supercritical
445.0	784.5	784.51	0.0012747	385.16	485.16	1.5622	0.91802	1.5429	661.17	0.0028044	7.4676e-05	0.093306	supercritical
445.0	787.75	785.75	0.0012727	384.89	485.14	1.5612	0.91815	1.5421	662.78	0.0025095	7.4881e-05	0.093503	supercritical
445.0	791.0	786.99	0.0012707	384.62	485.13	1.5603	0.91829	1.5414	664.38	0.0022177	7.5086e-05	0.0937	supercritical
445.0	794.25	788.22	0.0012687	384.36	485.12	1.5593	0.91842	1.5407	665.99	0.0019291	7.529e-05	0.093895	supercritical
445.0	797.5	789.45	0.0012667	384.09	485.11	1.5584	0.91856	1.54	667.58	0.0016436	7.5494e-05	0.094091	supercritical
445.0	800.75	790.67	0.0012648	383.83	485.11	1.5575	0.91869	1.5393	669.18	0.0013611	7.5697e-05	0.094286	supercritical
445.0	804.0	791.88	0.0012628	383.57	485.1	1.5565	0.91883	1.5386	670.77	0.0010816	7.59e-05	0.09448	supercritical
445.0	807.25	793.09	0.0012609	383.31	485.09	1.5556	0.91896	1.5379	672.35	0.00080501	7.6103e-05	0.094675	supercritical
445.0	810.5	794.29	0.001259	383.05	485.09	1.5547	0.9191	1.5373	673.93	0.00053138	7.6305e-05	0.094868	supercritical
445.0	813.75	795.48	0.0012571	382.79	485.09	1.5537	0.91924	1.5366	675.51	0.00026062	7.6506e-05	0.095061	supercritical
445.0	817.0	796.67	0.0012552	382.54	485.09	1.5528	0.91937	1.5359	677.08	-7.3039e-06	7.6708e-05	0.095254	supercritical
445.0	820.25	797.85	0.0012534	382.28	485.09	1.5519	0.91951	1.5353	678.65	-0.00027244	7.6909e-05	0.095447	supercritical
445.0	823.5	799.03	0.0012515	382.03	485.09	1.551	0.91965	1.5346	680.21	-0.00053481	7.7109e-05	0.095639	supercritical
445.0	826.75	800.2	0.0012497	381.78	485.09	1.5501	0.91978	1.5339	681.77	-0.00079448	7.7309e-05	0.09583	supercritical
445.0	830.0	801.36	0.0012479	381.53	485.1	1.5492	0.91992	1.5333	683.32	-0.0010515	7.7509e-05	0.096021	supercritical
445.0	833.25	802.52	0.0012461	381.28	485.11	1.5483	0.92006	1.5326	684.87	-0.0013058	7.7708e-05	0.096212	supercritical
445.0	836.5	803.67	0.0012443	381.03	485.11	1.5474	0.92019	1.532	686.42	-0.0015576	7.7907e-05	0.096403	supercritical
445.0	839.75	804.81	0.0012425	380.78	485.12	1.5465	0.92033	1.5314	687.96	-0.0018067	7.8106e-05	0.096593	supercritical
445.0	843.0	805.95	0.0012408	380.53	485.13	1.5456	0.92047	1.5307	689.5	-0.0020534	7.8304e-05	0.096782	supercritical
445.0	846.25	807.09	0.001239	380.29	485.14	1.5447	0.92061	1.5301	691.04	-0.0022975	7.8502e-05	0.096971	supercritical
445.0	849.5	808.22	0.0012373	380.05	485.15	1.5439	0.92074	1.5295	692.56	-0.0025392	7.8699e-05	0.09716	supercritical
445.0	852.75	809.34	0.0012356	379.8	485.17	1.543	0.92088	1.5289	694.09	-0.0027785	7.8896e-05	0.097349	supercritical
445.0	856.0	810.46	0.0012339	379.56	485.18	1.5421	0.92102	1.5283	695.61	-0.0030153	7.9093e-05	0.097537	supercritical
445.0	859.25	811.57	0.0012322	379.32	485.2	1.5413	0.92116	1.5277	697.13	-0.0032498	7.9289e-05	0.097724	supercritical
445.0	862.5	812.67	0.0012305	379.08	485.21	1.5404	0.92129	1.5271	698.64	-0.003482	7.9485e-05	0.097912	supercritical
445.0	865.75	813.77	0.0012288	378.84	485.23	1.5395	0.92143	1.5265	700.15	-0.0037119	7.9681e-05	0.098098	supercritical
445.0	869.0	814.87	0.0012272	378.61	485.25	1.5387	0.92157	1.5259	701.66	-0.0039395	7.9876e-05	0.098285	supercritical
445.0	872.25	815.96	0.0012255	378.37	485.27	1.5378	0.92171	1.5253	703.16	-0.0041649	8.0071e-05	0.098471	supercritical
445.0	875.5	817.05	0.0012239	378.14	485.29	1.537	0.92185	1.5247	704.66	-0.004388	8.0265e-05	0.098657	supercritical
445.0	878.75	818.13	0.0012223	377.9	485.31	1.5361	0.92199	1.5242	706.15	-0.004609	8.046e-05	0.098842	supercritical
445.0	882.0	819.2	0.0012207	377.67	485.34	1.5353	0.92212	1.5236	707.64	-0.0048278	8.0653e-05	0.099028	supercritical
445.0	885.25	820.27	0.0012191	377.44	485.36	1.5345	0.92226	1.523	709.13	-0.0050446	8.0847e-05	0.099212	supercritical
445.0	888.5	821.34	0.0012175	377.21	485.39	1.5336	0.9224	1.5225	710.61	-0.0052592	8.104e-05	0.099397	supercritical
445.0	891.75	822.39	0.001216	376.98	485.41	1.5328	0.92254	1.5219	712.09	-0.0054718	8.1233e-05	0.099581	supercritical
445.0	895.0	823.45	0.0012144	376.75	485.44	1.532	0.92268	1.5213	713.56	-0.0056823	8.1426e-05	0.099765	supercritical
445.0	898.25	824.5	0.0012129	376.52	485.47	1.5312	0.92282	1.5208	715.03	-0.0058908	8.1618e-05	0.099948	supercritical
445.0	901.5	825.54	0.0012113	376.3	485.5	1.5303	0.92296	1.5203	716.5	-0.0060974	8.181e-05	0.10013	supercritical
445.0	904.75	826.59	0.0012098	376.07	485.53	1.5295	0.9231	1.5197	717.96	-0.006302	8.2001e-05	0.10031	supercritical
445.0	908.0	827.62	0.0012083	375.85	485.56	1.5287	0.92324	1.5192	719.42	-0.0065046	8.2192e-05	0.1005	supercritical
445.0	911.25	828.65	0.0012068	375.63	485.59	1.5279	0.92338	1.5186	720.88	-0.0067054	8.2383e-05	0.10068	supercritical
445.0	914.5	829.68	0.0012053	375.4	485.63	1.5271	0.92352	1.5181	722.33	-0.0069042	8.2574e-05	0.10086	supercritical
445.0	917.75	830.7	0.0012038	375.18	485.66	1.5263	0.92366	1.5176	723.78	-0.0071013	8.2764e-05	0.10104	supercritical
445.0	921.0	831.72	0.0012023	374.96	485.7	1.5255	0.9238	1.5171	725.22	-0.0072964	8.2954e-05	0.10122	supercritical
445.0	924.25	832.73	0.0012009	374.74	485.73	1.5247	0.92394	1.5166	726.66	-0.0074898	8.3144e-05	0.1014	supercritical
445.0	927.5	833.74	0.0011994	374.53	485.77	1.5239	0.92408	1.5161	728.1	-0.0076814	8.3333e-05	0.10158	supercritical
445.0	930.75	834.74	0.001198	374.31	485.81	1.5231	0.92422	1.5155	729.53	-0.0078712	8.3522e-05	0.10176	supercritical
445.0	934.0	835.74	0.0011965	374.09	485.85	1.5223	0.92436	1.515	730.96	-0.0080593	8.3711e-05	0.10194	supercritical
445.0	937.25	836.73	0.0011951	373.88	485.89	1.5215	0.9245	1.5145	732.39	-0.0082457	8.3899e-05	0.10212	supercritical
445.0	940.5	837.73	0.0011937	373.66	485.93	1.5208	0.92464	1.514	733.81	-0.0084304	8.4088e-05	0.1023	supercritical
445.0	943.75	838.71	0.0011923	373.45	485.97	1.52	0.92478	1.5136	735.23	-0.0086134	8.4275e-05	0.10248	supercritical
445.0	947.0	839.69	0.0011909	373.24	486.01	1.5192	0.92492	1.5131	736.65	-0.0087948	8.4463e-05	0.10266	supercritical
445.0	950.25	840.67	0.0011895	373.02	486.06	1.5184	0.92506	1.5126	738.06	-0.0089745	8.465e-05	0.10284	supercritical
445.0	953.5	841.64	0.0011882	372.81	486.1	1.5177	0.9252	1.5121	739.47	-0.0091526	8.4837e-05	0.10302	supercritical
445.0	956.75	842.61	0.0011868	372.6	486.15	1.5169	0.92534	1.5116	740.87	-0.0093291	8.5024e-05	0.1032	supercritical
445.0	960.0	843.58	0.0011854	372.39	486.19	1.5161	0.92549	1.5112	742.27	-0.0095041	8.521e-05	0.10337	supercritical
445.0	963.25	844.54	0.0011841	372.19	486.24	1.5154	0.92563	1.5107	743.67	-0.0096775	8.5397e-05	0.10355	supercritical
445.0	966.5	845.5	0.0011827	371.98	486.29	1.5146	0.92577	1.5102	745.07	-0.0098494	8.5582e-05	0.10373	supercritical
445.0	969.75	846.45	0.0011814	371.77	486.34	1.5139	0.92591	1.5098	746.46	-0.01002	8.5768e-05	0.1039	supercritical
445.0	973.0	847.4	0.0011801	371.57	486.39	1.5131	0.92605	1.5093	747.85	-0.010189	8.5953e-05	0.10408	supercritical
445.0	976.25	848.34	0.0011788	371.36	486.44	1.5124	0.92619	1.5088	749.23	-0.010356	8.6138e-05	0.10426	supercritical
445.0	979.5	849.29	0.0011775	371.16	486.49	1.5116	0.92633	1.5084	750.61	-0.010522	8.6323e-05	0.10443	supercritical
445.0	982.75	850.22	0.0011762	370.95	486.54	1.5109	0.92648	1.5079	751.99	-0.010686	8.6508e-05	0.10461	supercritical
445.0	986.0	851.16	0.0011749	370.75	486.59	1.5102	0.92662	1.5075	753.36	-0.010849	8.6692e-05	0.10478	supercritical
445.0	989.25	852.09	0.0011736	370.55	486.65	1.5094	0.92676	1.5071	754.73	-0.011011	8.6876e-05	0.10496	supercritical
445.0	992.5	853.01	0.0011723	370.35	486.7	1.5087	0.9269	1.5066	756.1	-0.011171	8.706e-05	0.10513	supercritical
445.0	995.75	853.93	0.0011711	370.15	486.76	1.5079	0.92704	1.5062	757.47	-0.01133	8.7243e-05	0.10531	supercritical
445.0	999.0	854.85	0.0011698	369.95	486.81	1.5072	0.92719	1.5057	758.83	-0.011488	8.7426e-05	0.10548	supercritical
445.0	1002.2	855.77	0.0011685	369.75	486.87	1.5065	0.92733	1.5053	760.19	-0.011644	8.7609e-05	0.10566	supercritical
445.0	1005.5	856.68	0.0011673	369.56	486.93	1.5058	0.92747	1.5049	761.54	-0.011799	8.7792e-05	0.10583	supercritical
445.0	1008.8	857.59	0.0011661	369.36	486.99	1.505	0.92761	1.5045	762.89	-0.011953	8.7975e-05	0.106	supercritical
445.0	1012.0	858.49	0.0011648	369.16	487.04	1.5043	0.92775	1.5041	764.24	-0.012105	8.8157e-05	0.10618	supercritical
445.0	1015.2	859.39	0.0011636	368.97	487.1	1.5036	0.9279	1.5036	765.58	-0.012256	8.8339e-05	0.10635	supercritical
445.0	1018.5	860.29	0.0011624	368.77	487.16	1.5029	0.92804	1.5032	766.93	-0.012406	8.8521e-05	0.10652	supercritical
445.0	1021.8	861.18	0.0011612	368.58	487.22	1.5022	0.92818	1.5028	768.27	-0.012554	8.8702e-05	0.1067	supercritical
445.0	1025.0	862.07	0.00116	368.39	487.29	1.5015	0.92832	1.5024	769.6	-0.012701	8.8883e-05	0.10687	supercritical
445.0	1028.2	862.96	0.0011588	368.19	487.35	1.5008	0.92847	1.502	770.93	-0.012847	8.9064e-05	0.10704	supercritical
445.0	1031.5	863.84	0.0011576	368.0	487.41	1.5001	0.92861	1.5016	772.26	-0.012992	8.9245e-05	0.10721	supercritical
445.0	1034.8	864.72	0.0011564	367.81	487.48	1.4994	0.92875	1.5012	773.59	-0.013136	8.9426e-05	0.10738	supercritical
445.0	1038.0	865.59	0.0011553	367.62	487.54	1.4987	0.9289	1.5008	774.91	-0.013279	8.9606e-05	0.10756	supercritical
445.0	1041.2	866.47	0.0011541	367.43	487.61	1.498	0.92904	1.5004	776.23	-0.01342	8.9786e-05	0.10773	supercritical
445.0	1044.5	867.34	0.001153	367.24	487.67	1.4973	0.92918	1.5	777.55	-0.01356	8.9966e-05	0.1079	supercritical
445.0	1047.8	868.2	0.0011518	367.06	487.74	1.4966	0.92933	1.4996	778.86	-0.013699	9.0146e-05	0.10807	supercritical
445.0	1051.0	869.07	0.0011507	366.87	487.8	1.4959	0.92947	1.4992	780.17	-0.013837	9.0325e-05	0.10824	supercritical
445.0	1054.2	869.93	0.0011495	366.68	487.87	1.4952	0.92961	1.4989	781.48	-0.013974	9.0504e-05	0.10841	supercritical
445.0	1057.5	870.78	0.0011484	366.5	487.94	1.4945	0.92975	1.4985	782.79	-0.01411	9.0683e-05	0.10858	supercritical
445.0	1060.8	871.64	0.0011473	366.31	488.01	1.4938	0.9299	1.4981	784.09	-0.014244	9.0862e-05	0.10875	supercritical
445.0	1064.0	872.49	0.0011462	366.13	488.08	1.4932	0.93004	1.4977	785.39	-0.014378	9.104e-05	0.10892	supercritical
445.0	1067.2	873.33	0.001145	365.95	488.15	1.4925	0.93019	1.4974	786.68	-0.01451	9.1219e-05	0.10909	supercritical
445.0	1070.5	874.18	0.0011439	365.76	488.22	1.4918	0.93033	1.497	787.98	-0.014642	9.1397e-05	0.10926	supercritical
445.0	1073.8	875.02	0.0011428	365.58	488.29	1.4911	0.93047	1.4966	789.27	-0.014772	9.1575e-05	0.10943	supercritical
445.0	1077.0	875.85	0.0011417	365.4	488.36	1.4904	0.93062	1.4963	790.56	-0.014902	9.1752e-05	0.10959	supercritical
445.0	1080.2	876.69	0.0011407	365.22	488.44	1.4898	0.93076	1.4959	791.84	-0.01503	9.193e-05	0.10976	supercritical
445.0	1083.5	877.52	0.0011396	365.04	488.51	1.4891	0.9309	1.4955	793.12	-0.015157	9.2107e-05	0.10993	supercritical
445.0	1086.8	878.35	0.0011385	364.86	488.58	1.4884	0.93105	1.4952	794.4	-0.015284	9.2284e-05	0.1101	supercritical
445.0	1090.0	879.17	0.0011374	364.68	488.66	1.4878	0.93119	1.4948	795.68	-0.015409	9.2461e-05	0.11027	supercritical
445.0	1093.2	880.0	0.0011364	364.5	488.73	1.4871	0.93134	1.4945	796.95	-0.015534	9.2637e-05	0.11044	supercritical
445.0	1096.5	880.82	0.0011353	364.32	488.81	1.4865	0.93148	1.4941	798.22	-0.015657	9.2814e-05	0.1106	supercritical
445.0	1099.8	881.63	0.0011343	364.15	488.89	1.4858	0.93162	1.4938	799.49	-0.01578	9.299e-05	0.11077	supercritical
445.0	1103.0	882.45	0.0011332	363.97	488.96	1.4851	0.93177	1.4934	800.75	-0.015901	9.3166e-05	0.11094	supercritical
445.0	1106.2	883.26	0.0011322	363.79	489.04	1.4845	0.93191	1.4931	802.01	-0.016022	9.3342e-05	0.1111	supercritical
445.0	1109.5	884.07	0.0011311	363.62	489.12	1.4838	0.93206	1.4928	803.27	-0.016142	9.3518e-05	0.11127	supercritical
445.0	1112.8	884.87	0.0011301	363.44	489.2	1.4832	0.9322	1.4924	804.53	-0.016261	9.3693e-05	0.11144	supercritical
445.0	1116.0	885.67	0.0011291	363.27	489.28	1.4825	0.93234	1.4921	805.78	-0.016379	9.3868e-05	0.1116	supercritical
445.0	1119.2	886.47	0.0011281	363.1	489.36	1.4819	0.93249	1.4918	807.04	-0.016496	9.4043e-05	0.11177	supercritical
445.0	1122.5	887.27	0.0011271	362.92	489.44	1.4813	0.93263	1.4914	808.28	-0.016612	9.4218e-05	0.11194	supercritical
445.0	1125.8	888.07	0.001126	362.75	489.52	1.4806	0.93278	1.4911	809.53	-0.016727	9.4393e-05	0.1121	supercritical
445.0	1129.0	888.86	0.001125	362.58	489.6	1.48	0.93292	1.4908	810.77	-0.016842	9.4567e-05	0.11227	supercritical
445.0	1132.2	889.65	0.001124	362.41	489.68	1.4793	0.93307	1.4905	812.01	-0.016955	9.4741e-05	0.11243	supercritical
445.0	1135.5	890.43	0.0011231	362.24	489.76	1.4787	0.93321	1.4901	813.25	-0.017068	9.4916e-05	0.1126	supercritical
445.0	1138.8	891.21	0.0011221	362.07	489.85	1.4781	0.93336	1.4898	814.48	-0.01718	9.5089e-05	0.11276	supercritical
445.0	1142.0	892.0	0.0011211	361.9	489.93	1.4774	0.9335	1.4895	815.72	-0.017291	9.5263e-05	0.11293	supercritical
445.0	1145.2	892.77	0.0011201	361.73	490.01	1.4768	0.93364	1.4892	816.95	-0.017401	9.5437e-05	0.11309	supercritical
445.0	1148.5	893.55	0.0011191	361.56	490.1	1.4762	0.93379	1.4889	818.17	-0.017511	9.561e-05	0.11326	supercritical
445.0	1151.8	894.32	0.0011182	361.4	490.18	1.4756	0.93393	1.4886	819.4	-0.017619	9.5783e-05	0.11342	supercritical
445.0	1155.0	895.09	0.0011172	361.23	490.27	1.4749	0.93408	1.4883	820.62	-0.017727	9.5956e-05	0.11358	supercritical
445.0	1158.2	895.86	0.0011162	361.06	490.35	1.4743	0.93422	1.4879	821.84	-0.017834	9.6129e-05	0.11375	supercritical
445.0	1161.5	896.62	0.0011153	360.9	490.44	1.4737	0.93437	1.4876	823.06	-0.017941	9.6302e-05	0.11391	supercritical
445.0	1164.8	897.39	0.0011143	360.73	490.53	1.4731	0.93451	1.4873	824.27	-0.018046	9.6474e-05	0.11407	supercritical
445.0	1168.0	898.15	0.0011134	360.57	490.61	1.4725	0.93466	1.487	825.48	-0.018151	9.6647e-05	0.11424	supercritical
445.0	1171.2	898.9	0.0011125	360.41	490.7	1.4718	0.9348	1.4867	826.69	-0.018255	9.6819e-05	0.1144	supercritical
445.0	1174.5	899.66	0.0011115	360.24	490.79	1.4712	0.93495	1.4864	827.9	-0.018359	9.6991e-05	0.11456	supercritical
445.0	1177.8	900.41	0.0011106	360.08	490.88	1.4706	0.93509	1.4861	829.1	-0.018461	9.7163e-05	0.11473	supercritical
445.0	1181.0	901.16	0.0011097	359.92	490.97	1.47	0.93524	1.4859	830.3	-0.018563	9.7334e-05	0.11489	supercritical
445.0	1184.2	901.91	0.0011088	359.75	491.06	1.4694	0.93538	1.4856	831.5	-0.018664	9.7506e-05	0.11505	supercritical
445.0	1187.5	902.66	0.0011078	359.59	491.15	1.4688	0.93553	1.4853	832.7	-0.018764	9.7677e-05	0.11521	supercritical
445.0	1190.8	903.4	0.0011069	359.43	491.24	1.4682	0.93567	1.485	833.89	-0.018864	9.7848e-05	0.11538	supercritical
445.0	1194.0	904.14	0.001106	359.27	491.33	1.4676	0.93582	1.4847	835.09	-0.018963	9.8019e-05	0.11554	supercritical
445.0	1197.2	904.88	0.0011051	359.11	491.42	1.467	0.93596	1.4844	836.28	-0.019062	9.819e-05	0.1157	supercritical
445.0	1200.5	905.61	0.0011042	358.95	491.52	1.4664	0.93611	1.4841	837.46	-0.019159	9.836e-05	0.11586	supercritical
445.0	1203.8	906.35	0.0011033	358.8	491.61	1.4658	0.93625	1.4839	838.65	-0.019256	9.8531e-05	0.11602	supercritical
445.0	1207.0	907.08	0.0011024	358.64	491.7	1.4652	0.9364	1.4836	839.83	-0.019352	9.8701e-05	0.11618	supercritical
445.0	1210.2	907.81	0.0011016	358.48	491.8	1.4646	0.93655	1.4833	841.01	-0.019448	9.8871e-05	0.11635	supercritical
445.0	1213.5	908.53	0.0011007	358.32	491.89	1.464	0.93669	1.483	842.19	-0.019543	9.9041e-05	0.11651	supercritical
445.0	1216.8	909.26	0.0010998	358.17	491.98	1.4634	0.93684	1.4828	843.36	-0.019637	9.9211e-05	0.11667	supercritical
445.0	1220.0	909.98	0.0010989	358.01	492.08	1.4628	0.93698	1.4825	844.53	-0.019731	9.9381e-05	0.11683	supercritical
445.0	1223.2	910.7	0.0010981	357.85	492.17	1.4622	0.93713	1.4822	845.7	-0.019824	9.9551e-05	0.11699	supercritical
445.0	1226.5	911.42	0.0010972	357.7	492.27	1.4616	0.93727	1.4819	846.87	-0.019916	9.972e-05	0.11715	supercritical
445.0	1229.8	912.13	0.0010963	357.54	492.37	1.4611	0.93742	1.4817	848.04	-0.020008	9.9889e-05	0.11731	supercritical
445.0	1233.0	912.85	0.0010955	357.39	492.46	1.4605	0.93756	1.4814	849.2	-0.020099	0.00010006	0.11747	supercritical
445.0	1236.2	913.56	0.0010946	357.24	492.56	1.4599	0.93771	1.4812	850.36	-0.02019	0.00010023	0.11763	supercritical
445.0	1239.5	914.27	0.0010938	357.08	492.66	1.4593	0.93785	1.4809	851.52	-0.020279	0.0001004	0.11779	supercritical
445.0	1242.8	914.97	0.0010929	356.93	492.75	1.4587	0.938	1.4806	852.68	-0.020369	0.00010056	0.11795	supercritical
445.0	1246.0	915.68	0.0010921	356.78	492.85	1.4582	0.93815	1.4804	853.83	-0.020457	0.00010073	0.11811	supercritical
445.0	1249.2	916.38	0.0010913	356.63	492.95	1.4576	0.93829	1.4801	854.98	-0.020546	0.0001009	0.11827	supercritical
445.0	1252.5	917.08	0.0010904	356.48	493.05	1.457	0.93844	1.4799	856.13	-0.020633	0.00010107	0.11843	supercritical
445.0	1255.8	917.78	0.0010896	356.32	493.15	1.4564	0.93858	1.4796	857.28	-0.02072	0.00010124	0.11859	supercritical
445.0	1259.0	918.47	0.0010888	356.17	493.25	1.4559	0.93873	1.4794	858.43	-0.020806	0.00010141	0.11874	supercritical
445.0	1262.2	919.17	0.0010879	356.02	493.35	1.4553	0.93887	1.4791	859.57	-0.020892	0.00010157	0.1189	supercritical
445.0	1265.5	919.86	0.0010871	355.87	493.45	1.4547	0.93902	1.4789	860.71	-0.020977	0.00010174	0.11906	supercritical
445.0	1268.8	920.55	0.0010863	355.73	493.55	1.4542	0.93917	1.4786	861.85	-0.021062	0.00010191	0.11922	supercritical
445.0	1272.0	921.24	0.0010855	355.58	493.65	1.4536	0.93931	1.4784	862.98	-0.021146	0.00010208	0.11938	supercritical
445.0	1275.2	921.92	0.0010847	355.43	493.75	1.453	0.93946	1.4781	864.12	-0.02123	0.00010224	0.11954	supercritical
445.0	1278.5	922.61	0.0010839	355.28	493.86	1.4525	0.9396	1.4779	865.25	-0.021313	0.00010241	0.11969	supercritical
445.0	1281.8	923.29	0.0010831	355.13	493.96	1.4519	0.93975	1.4776	866.38	-0.021395	0.00010258	0.11985	supercritical
445.0	1285.0	923.97	0.0010823	354.99	494.06	1.4513	0.93989	1.4774	867.51	-0.021477	0.00010274	0.12001	supercritical
445.0	1288.2	924.65	0.0010815	354.84	494.17	1.4508	0.94004	1.4772	868.63	-0.021558	0.00010291	0.12017	supercritical
445.0	1291.5	925.32	0.0010807	354.7	494.27	1.4502	0.94019	1.4769	869.76	-0.021639	0.00010308	0.12032	supercritical
445.0	1294.8	926.0	0.0010799	354.55	494.37	1.4497	0.94033	1.4767	870.88	-0.02172	0.00010324	0.12048	supercritical
445.0	1298.0	926.67	0.0010791	354.41	494.48	1.4491	0.94048	1.4765	872.0	-0.021799	0.00010341	0.12064	supercritical
445.0	1301.2	927.34	0.0010784	354.26	494.58	1.4486	0.94062	1.4762	873.11	-0.021879	0.00010358	0.1208	supercritical
445.0	1304.5	928.01	0.0010776	354.12	494.69	1.448	0.94077	1.476	874.23	-0.021958	0.00010374	0.12095	supercritical
445.0	1307.8	928.67	0.0010768	353.97	494.79	1.4475	0.94091	1.4758	875.34	-0.022036	0.00010391	0.12111	supercritical
445.0	1311.0	929.34	0.001076	353.83	494.9	1.4469	0.94106	1.4755	876.45	-0.022114	0.00010407	0.12127	supercritical
445.0	1314.2	930.0	0.0010753	353.69	495.01	1.4464	0.94121	1.4753	877.56	-0.022191	0.00010424	0.12142	supercritical
445.0	1317.5	930.66	0.0010745	353.55	495.11	1.4458	0.94135	1.4751	878.67	-0.022268	0.00010441	0.12158	supercritical
445.0	1320.8	931.32	0.0010737	353.4	495.22	1.4453	0.9415	1.4749	879.77	-0.022344	0.00010457	0.12174	supercritical
445.0	1324.0	931.98	0.001073	353.26	495.33	1.4447	0.94164	1.4746	880.87	-0.02242	0.00010474	0.12189	supercritical
445.0	1327.2	932.63	0.0010722	353.12	495.43	1.4442	0.94179	1.4744	881.97	-0.022495	0.0001049	0.12205	supercritical
445.0	1330.5	933.28	0.0010715	352.98	495.54	1.4437	0.94194	1.4742	883.07	-0.02257	0.00010507	0.1222	supercritical
445.0	1333.8	933.94	0.0010707	352.84	495.65	1.4431	0.94208	1.474	884.17	-0.022645	0.00010523	0.12236	supercritical
445.0	1337.0	934.59	0.00107	352.7	495.76	1.4426	0.94223	1.4738	885.26	-0.022719	0.0001054	0.12251	supercritical
445.0	1340.2	935.23	0.0010693	352.56	495.87	1.4421	0.94237	1.4735	886.36	-0.022792	0.00010556	0.12267	supercritical
445.0	1343.5	935.88	0.0010685	352.42	495.98	1.4415	0.94252	1.4733	887.45	-0.022865	0.00010573	0.12283	supercritical
445.0	1346.8	936.52	0.0010678	352.28	496.09	1.441	0.94267	1.4731	888.53	-0.022938	0.00010589	0.12298	supercritical
445.0	1350.0	937.17	0.001067	352.14	496.2	1.4404	0.94281	1.4729	889.62	-0.02301	0.00010605	0.12314	supercritical
445.0	1353.2	937.81	0.0010663	352.01	496.31	1.4399	0.94296	1.4727	890.7	-0.023082	0.00010622	0.12329	supercritical
445.0	1356.5	938.44	0.0010656	351.87	496.42	1.4394	0.9431	1.4725	891.79	-0.023153	0.00010638	0.12345	supercritical
445.0	1359.8	939.08	0.0010649	351.73	496.53	1.4389	0.94325	1.4723	892.87	-0.023224	0.00010655	0.1236	supercritical
445.0	1363.0	939.72	0.0010641	351.6	496.64	1.4383	0.9434	1.4721	893.95	-0.023294	0.00010671	0.12375	supercritical
445.0	1366.2	940.35	0.0010634	351.46	496.75	1.4378	0.94354	1.4719	895.02	-0.023364	0.00010687	0.12391	supercritical
445.0	1369.5	940.98	0.0010627	351.32	496.86	1.4373	0.94369	1.4717	896.1	-0.023434	0.00010704	0.12406	supercritical
445.0	1372.8	941.61	0.001062	351.19	496.98	1.4368	0.94383	1.4714	897.17	-0.023503	0.0001072	0.12422	supercritical
445.0	1376.0	942.24	0.0010613	351.05	497.09	1.4362	0.94398	1.4712	898.24	-0.023572	0.00010736	0.12437	supercritical
445.0	1379.2	942.87	0.0010606	350.92	497.2	1.4357	0.94413	1.471	899.31	-0.02364	0.00010753	0.12453	supercritical
445.0	1382.5	943.49	0.0010599	350.78	497.31	1.4352	0.94427	1.4708	900.38	-0.023708	0.00010769	0.12468	supercritical
445.0	1385.8	944.12	0.0010592	350.65	497.43	1.4347	0.94442	1.4706	901.44	-0.023776	0.00010785	0.12483	supercritical
445.0	1389.0	944.74	0.0010585	350.52	497.54	1.4342	0.94456	1.4704	902.5	-0.023843	0.00010802	0.12499	supercritical
445.0	1392.2	945.36	0.0010578	350.38	497.66	1.4336	0.94471	1.4702	903.57	-0.023909	0.00010818	0.12514	supercritical
445.0	1395.5	945.98	0.0010571	350.25	497.77	1.4331	0.94486	1.4701	904.62	-0.023976	0.00010834	0.12529	supercritical
445.0	1398.8	946.6	0.0010564	350.12	497.88	1.4326	0.945	1.4699	905.68	-0.024042	0.00010851	0.12545	supercritical
445.0	1402.0	947.21	0.0010557	349.99	498.0	1.4321	0.94515	1.4697	906.74	-0.024107	0.00010867	0.1256	supercritical
445.0	1405.2	947.83	0.001055	349.85	498.11	1.4316	0.94529	1.4695	907.79	-0.024172	0.00010883	0.12575	supercritical
445.0	1408.5	948.44	0.0010544	349.72	498.23	1.4311	0.94544	1.4693	908.84	-0.024237	0.00010899	0.12591	supercritical
445.0	1411.8	949.05	0.0010537	349.59	498.35	1.4306	0.94559	1.4691	909.89	-0.024301	0.00010916	0.12606	supercritical
445.0	1415.0	949.66	0.001053	349.46	498.46	1.4301	0.94573	1.4689	910.94	-0.024365	0.00010932	0.12621	supercritical
445.0	1418.2	950.27	0.0010523	349.33	498.58	1.4296	0.94588	1.4687	911.99	-0.024429	0.00010948	0.12636	supercritical
445.0	1421.5	950.87	0.0010517	349.2	498.7	1.429	0.94602	1.4685	913.03	-0.024492	0.00010964	0.12652	supercritical
445.0	1424.8	951.48	0.001051	349.07	498.81	1.4285	0.94617	1.4683	914.08	-0.024555	0.0001098	0.12667	supercritical
445.0	1428.0	952.08	0.0010503	348.94	498.93	1.428	0.94632	1.4682	915.12	-0.024617	0.00010996	0.12682	supercritical
445.0	1431.2	952.68	0.0010497	348.81	499.05	1.4275	0.94646	1.468	916.16	-0.024679	0.00011013	0.12697	supercritical
445.0	1434.5	953.28	0.001049	348.68	499.17	1.427	0.94661	1.4678	917.19	-0.024741	0.00011029	0.12713	supercritical
445.0	1437.8	953.88	0.0010484	348.56	499.28	1.4265	0.94675	1.4676	918.23	-0.024803	0.00011045	0.12728	supercritical
445.0	1441.0	954.47	0.0010477	348.43	499.4	1.426	0.9469	1.4674	919.26	-0.024864	0.00011061	0.12743	supercritical
445.0	1444.2	955.07	0.001047	348.3	499.52	1.4255	0.94705	1.4672	920.29	-0.024924	0.00011077	0.12758	supercritical
445.0	1447.5	955.66	0.0010464	348.17	499.64	1.425	0.94719	1.4671	921.32	-0.024985	0.00011093	0.12773	supercritical
445.0	1450.8	956.26	0.0010457	348.05	499.76	1.4245	0.94734	1.4669	922.35	-0.025045	0.00011109	0.12788	supercritical
445.0	1454.0	956.85	0.0010451	347.92	499.88	1.424	0.94748	1.4667	923.38	-0.025104	0.00011125	0.12804	supercritical
445.0	1457.2	957.44	0.0010445	347.79	500.0	1.4236	0.94763	1.4665	924.41	-0.025164	0.00011142	0.12819	supercritical
445.0	1460.5	958.02	0.0010438	347.67	500.12	1.4231	0.94778	1.4664	925.43	-0.025223	0.00011158	0.12834	supercritical
445.0	1463.8	958.61	0.0010432	347.54	500.24	1.4226	0.94792	1.4662	926.45	-0.025281	0.00011174	0.12849	supercritical
445.0	1467.0	959.2	0.0010425	347.42	500.36	1.4221	0.94807	1.466	927.47	-0.02534	0.0001119	0.12864	supercritical
445.0	1470.2	959.78	0.0010419	347.29	500.48	1.4216	0.94821	1.4658	928.49	-0.025398	0.00011206	0.12879	supercritical
445.0	1473.5	960.36	0.0010413	347.17	500.6	1.4211	0.94836	1.4657	929.5	-0.025455	0.00011222	0.12894	supercritical
445.0	1476.8	960.94	0.0010406	347.05	500.72	1.4206	0.94851	1.4655	930.52	-0.025513	0.00011238	0.12909	supercritical
445.0	1480.0	961.52	0.00104	346.92	500.84	1.4201	0.94865	1.4653	931.53	-0.02557	0.00011254	0.12924	supercritical
445.0	1483.2	962.1	0.0010394	346.8	500.97	1.4196	0.9488	1.4652	932.54	-0.025626	0.0001127	0.12939	supercritical
445.0	1486.5	962.67	0.0010388	346.67	501.09	1.4192	0.94894	1.465	933.55	-0.025683	0.00011286	0.12954	supercritical
445.0	1489.8	963.25	0.0010382	346.55	501.21	1.4187	0.94909	1.4648	934.56	-0.025739	0.00011302	0.12969	supercritical
445.0	1493.0	963.82	0.0010375	346.43	501.33	1.4182	0.94923	1.4647	935.57	-0.025795	0.00011318	0.12984	supercritical
445.0	1496.2	964.4	0.0010369	346.31	501.46	1.4177	0.94938	1.4645	936.57	-0.02585	0.00011334	0.12999	supercritical
445.0	1499.5	964.97	0.0010363	346.19	501.58	1.4172	0.94953	1.4643	937.58	-0.025905	0.0001135	0.13014	supercritical
445.0	1502.8	965.54	0.0010357	346.06	501.7	1.4168	0.94967	1.4642	938.58	-0.02596	0.00011366	0.13029	supercritical
445.0	1506.0	966.1	0.0010351	345.94	501.83	1.4163	0.94982	1.464	939.58	-0.026015	0.00011382	0.13044	supercritical
445.0	1509.2	966.67	0.0010345	345.82	501.95	1.4158	0.94996	1.4638	940.57	-0.026069	0.00011398	0.13059	supercritical
445.0	1512.5	967.24	0.0010339	345.7	502.07	1.4153	0.95011	1.4637	941.57	-0.026123	0.00011414	0.13074	supercritical
445.0	1515.8	967.8	0.0010333	345.58	502.2	1.4148	0.95025	1.4635	942.57	-0.026176	0.0001143	0.13089	supercritical
445.0	1519.0	968.36	0.0010327	345.46	502.32	1.4144	0.9504	1.4634	943.56	-0.02623	0.00011445	0.13104	supercritical
445.0	1522.2	968.92	0.0010321	345.34	502.45	1.4139	0.95055	1.4632	944.55	-0.026283	0.00011461	0.13119	supercritical
445.0	1525.5	969.48	0.0010315	345.22	502.57	1.4134	0.95069	1.463	945.54	-0.026335	0.00011477	0.13134	supercritical
445.0	1528.8	970.04	0.0010309	345.1	502.7	1.413	0.95084	1.4629	946.53	-0.026388	0.00011493	0.13149	supercritical
445.0	1532.0	970.6	0.0010303	344.98	502.82	1.4125	0.95098	1.4627	947.52	-0.02644	0.00011509	0.13164	supercritical
445.0	1535.2	971.16	0.0010297	344.87	502.95	1.412	0.95113	1.4626	948.5	-0.026492	0.00011525	0.13179	supercritical
445.0	1538.5	971.71	0.0010291	344.75	503.08	1.4115	0.95127	1.4624	949.49	-0.026544	0.00011541	0.13194	supercritical
445.0	1541.8	972.27	0.0010285	344.63	503.2	1.4111	0.95142	1.4623	950.47	-0.026595	0.00011557	0.13209	supercritical
445.0	1545.0	972.82	0.0010279	344.51	503.33	1.4106	0.95157	1.4621	951.45	-0.026646	0.00011572	0.13223	supercritical
445.0	1548.2	973.37	0.0010274	344.39	503.46	1.4101	0.95171	1.462	952.43	-0.026697	0.00011588	0.13238	supercritical
445.0	1551.5	973.92	0.0010268	344.28	503.58	1.4097	0.95186	1.4618	953.4	-0.026747	0.00011604	0.13253	supercritical
445.0	1554.8	974.47	0.0010262	344.16	503.71	1.4092	0.952	1.4617	954.38	-0.026798	0.0001162	0.13268	supercritical
445.0	1558.0	975.01	0.0010256	344.04	503.84	1.4088	0.95215	1.4615	955.35	-0.026848	0.00011636	0.13283	supercritical
445.0	1561.2	975.56	0.0010251	343.93	503.96	1.4083	0.95229	1.4614	956.33	-0.026897	0.00011652	0.13298	supercritical
445.0	1564.5	976.1	0.0010245	343.81	504.09	1.4078	0.95244	1.4612	957.3	-0.026947	0.00011667	0.13313	supercritical
445.0	1567.8	976.65	0.0010239	343.7	504.22	1.4074	0.95258	1.4611	958.27	-0.026996	0.00011683	0.13327	supercritical
445.0	1571.0	977.19	0.0010233	343.58	504.35	1.4069	0.95273	1.4609	959.24	-0.027045	0.00011699	0.13342	supercritical
445.0	1574.2	977.73	0.0010228	343.47	504.48	1.4065	0.95287	1.4608	960.2	-0.027094	0.00011715	0.13357	supercritical
445.0	1577.5	978.27	0.0010222	343.35	504.61	1.406	0.95302	1.4606	961.17	-0.027142	0.00011731	0.13372	supercritical
445.0	1580.8	978.81	0.0010216	343.24	504.74	1.4055	0.95317	1.4605	962.13	-0.02719	0.00011746	0.13386	supercritical
445.0	1584.0	979.35	0.0010211	343.12	504.86	1.4051	0.95331	1.4604	963.09	-0.027238	0.00011762	0.13401	supercritical
445.0	1587.2	979.88	0.0010205	343.01	504.99	1.4046	0.95346	1.4602	964.05	-0.027286	0.00011778	0.13416	supercritical
445.0	1590.5	980.42	0.00102	342.9	505.12	1.4042	0.9536	1.4601	965.01	-0.027333	0.00011794	0.13431	supercritical
445.0	1593.8	980.95	0.0010194	342.78	505.25	1.4037	0.95375	1.4599	965.97	-0.02738	0.00011809	0.13445	supercritical
445.0	1597.0	981.48	0.0010189	342.67	505.38	1.4033	0.95389	1.4598	966.93	-0.027427	0.00011825	0.1346	supercritical
445.0	1600.2	982.02	0.0010183	342.56	505.51	1.4028	0.95404	1.4597	967.88	-0.027474	0.00011841	0.13475	supercritical
445.0	1603.5	982.55	0.0010178	342.45	505.64	1.4024	0.95418	1.4595	968.83	-0.02752	0.00011856	0.1349	supercritical
445.0	1606.8	983.08	0.0010172	342.33	505.77	1.4019	0.95433	1.4594	969.79	-0.027566	0.00011872	0.13504	supercritical
445.0	1610.0	983.6	0.0010167	342.22	505.91	1.4015	0.95447	1.4592	970.74	-0.027612	0.00011888	0.13519	supercritical
445.0	1613.2	984.13	0.0010161	342.11	506.04	1.401	0.95462	1.4591	971.68	-0.027658	0.00011904	0.13534	supercritical
445.0	1616.5	984.66	0.0010156	342.0	506.17	1.4006	0.95476	1.459	972.63	-0.027703	0.00011919	0.13548	supercritical
445.0	1619.8	985.18	0.001015	341.89	506.3	1.4001	0.95491	1.4588	973.58	-0.027749	0.00011935	0.13563	supercritical
445.0	1623.0	985.7	0.0010145	341.78	506.43	1.3997	0.95505	1.4587	974.52	-0.027794	0.00011951	0.13578	supercritical
445.0	1626.2	986.23	0.001014	341.67	506.56	1.3992	0.9552	1.4586	975.46	-0.027838	0.00011966	0.13592	supercritical
445.0	1629.5	986.75	0.0010134	341.56	506.69	1.3988	0.95534	1.4584	976.41	-0.027883	0.00011982	0.13607	supercritical
445.0	1632.8	987.27	0.0010129	341.45	506.83	1.3984	0.95549	1.4583	977.35	-0.027927	0.00011998	0.13622	supercritical
445.0	1636.0	987.78	0.0010124	341.34	506.96	1.3979	0.95563	1.4582	978.28	-0.027971	0.00012013	0.13636	supercritical
445.0	1639.2	988.3	0.0010118	341.23	507.09	1.3975	0.95578	1.458	979.22	-0.028015	0.00012029	0.13651	supercritical
445.0	1642.5	988.82	0.0010113	341.12	507.23	1.397	0.95592	1.4579	980.16	-0.028059	0.00012045	0.13666	supercritical
445.0	1645.8	989.33	0.0010108	341.01	507.36	1.3966	0.95607	1.4578	981.09	-0.028102	0.0001206	0.1368	supercritical
445.0	1649.0	989.85	0.0010103	340.9	507.49	1.3961	0.95621	1.4576	982.02	-0.028146	0.00012076	0.13695	supercritical
445.0	1652.2	990.36	0.0010097	340.79	507.62	1.3957	0.95636	1.4575	982.96	-0.028189	0.00012091	0.13709	supercritical
445.0	1655.5	990.87	0.0010092	340.68	507.76	1.3953	0.9565	1.4574	983.89	-0.028231	0.00012107	0.13724	supercritical
445.0	1658.8	991.38	0.0010087	340.58	507.89	1.3948	0.95665	1.4573	984.82	-0.028274	0.00012123	0.13738	supercritical
445.0	1662.0	991.89	0.0010082	340.47	508.03	1.3944	0.95679	1.4571	985.74	-0.028316	0.00012138	0.13753	supercritical
445.0	1665.2	992.4	0.0010077	340.36	508.16	1.394	0.95694	1.457	986.67	-0.028358	0.00012154	0.13768	supercritical
445.0	1668.5	992.91	0.0010071	340.25	508.29	1.3935	0.95708	1.4569	987.59	-0.0284	0.00012169	0.13782	supercritical
445.0	1671.8	993.42	0.0010066	340.15	508.43	1.3931	0.95723	1.4568	988.52	-0.028442	0.00012185	0.13797	supercritical
445.0	1675.0	993.92	0.0010061	340.04	508.56	1.3927	0.95737	1.4566	989.44	-0.028483	0.000122	0.13811	supercritical
445.0	1678.2	994.43	0.0010056	339.93	508.7	1.3922	0.95752	1.4565	990.36	-0.028525	0.00012216	0.13826	supercritical
445.0	1681.5	994.93	0.0010051	339.83	508.83	1.3918	0.95766	1.4564	991.28	-0.028566	0.00012232	0.1384	supercritical
445.0	1684.8	995.43	0.0010046	339.72	508.97	1.3914	0.95781	1.4563	992.2	-0.028607	0.00012247	0.13855	supercritical
445.0	1688.0	995.94	0.0010041	339.62	509.11	1.3909	0.95795	1.4562	993.11	-0.028647	0.00012263	0.13869	supercritical
445.0	1691.2	996.44	0.0010036	339.51	509.24	1.3905	0.9581	1.456	994.03	-0.028688	0.00012278	0.13884	supercritical
445.0	1694.5	996.94	0.0010031	339.41	509.38	1.3901	0.95824	1.4559	994.94	-0.028728	0.00012294	0.13898	supercritical
445.0	1697.8	997.43	0.0010026	339.3	509.51	1.3897	0.95839	1.4558	995.85	-0.028768	0.00012309	0.13913	supercritical
445.0	1701.0	997.93	0.0010021	339.2	509.65	1.3892	0.95853	1.4557	996.77	-0.028808	0.00012325	0.13927	supercritical
445.0	1704.2	998.43	0.0010016	339.09	509.79	1.3888	0.95867	1.4556	997.67	-0.028848	0.0001234	0.13942	supercritical
445.0	1707.5	998.92	0.0010011	338.99	509.92	1.3884	0.95882	1.4554	998.58	-0.028887	0.00012356	0.13956	supercritical
445.0	1710.8	999.42	0.0010006	338.88	510.06	1.388	0.95896	1.4553	999.49	-0.028927	0.00012371	0.13971	supercritical
445.0	1714.0	999.91	0.0010001	338.78	510.2	1.3875	0.95911	1.4552	1000.4	-0.028966	0.00012387	0.13985	supercritical
445.0	1717.2	1000.4	0.0009996	338.68	510.33	1.3871	0.95925	1.4551	1001.3	-0.029005	0.00012402	0.13999	supercritical
445.0	1720.5	1000.9	0.00099911	338.57	510.47	1.3867	0.9594	1.455	1002.2	-0.029043	0.00012418	0.14014	supercritical
445.0	1723.8	1001.4	0.00099862	338.47	510.61	1.3863	0.95954	1.4549	1003.1	-0.029082	0.00012433	0.14028	supercritical
445.0	1727.0	1001.9	0.00099813	338.37	510.74	1.3859	0.95969	1.4548	1004.0	-0.02912	0.00012449	0.14043	supercritical
445.0	1730.2	1002.4	0.00099764	338.26	510.88	1.3854	0.95983	1.4546	1004.9	-0.029158	0.00012464	0.14057	supercritical
445.0	1733.5	1002.8	0.00099716	338.16	511.02	1.385	0.95997	1.4545	1005.8	-0.029196	0.0001248	0.14072	supercritical
445.0	1736.8	1003.3	0.00099668	338.06	511.16	1.3846	0.96012	1.4544	1006.7	-0.029234	0.00012495	0.14086	supercritical
445.0	1740.0	1003.8	0.00099619	337.96	511.3	1.3842	0.96026	1.4543	1007.6	-0.029272	0.00012511	0.141	supercritical
445.0	1743.2	1004.3	0.00099571	337.86	511.44	1.3838	0.96041	1.4542	1008.5	-0.029309	0.00012526	0.14115	supercritical
445.0	1746.5	1004.8	0.00099524	337.76	511.57	1.3834	0.96055	1.4541	1009.4	-0.029346	0.00012541	0.14129	supercritical
445.0	1749.8	1005.3	0.00099476	337.65	511.71	1.3829	0.96069	1.454	1010.3	-0.029383	0.00012557	0.14143	supercritical
445.0	1753.0	1005.8	0.00099428	337.55	511.85	1.3825	0.96084	1.4539	1011.2	-0.02942	0.00012572	0.14158	supercritical
445.0	1756.2	1006.2	0.00099381	337.45	511.99	1.3821	0.96098	1.4538	1012.1	-0.029457	0.00012588	0.14172	supercritical
445.0	1759.5	1006.7	0.00099333	337.35	512.13	1.3817	0.96113	1.4536	1012.9	-0.029494	0.00012603	0.14187	supercritical
445.0	1762.8	1007.2	0.00099286	337.25	512.27	1.3813	0.96127	1.4535	1013.8	-0.02953	0.00012619	0.14201	supercritical
445.0	1766.0	1007.7	0.00099239	337.15	512.41	1.3809	0.96141	1.4534	1014.7	-0.029566	0.00012634	0.14215	supercritical
445.0	1769.2	1008.1	0.00099192	337.05	512.55	1.3805	0.96156	1.4533	1015.6	-0.029602	0.00012649	0.1423	supercritical
445.0	1772.5	1008.6	0.00099145	336.95	512.69	1.3801	0.9617	1.4532	1016.5	-0.029638	0.00012665	0.14244	supercritical
445.0	1775.8	1009.1	0.00099099	336.85	512.83	1.3796	0.96185	1.4531	1017.4	-0.029674	0.0001268	0.14258	supercritical
445.0	1779.0	1009.6	0.00099052	336.75	512.97	1.3792	0.96199	1.453	1018.2	-0.029709	0.00012696	0.14273	supercritical
445.0	1782.2	1010.0	0.00099006	336.66	513.11	1.3788	0.96213	1.4529	1019.1	-0.029745	0.00012711	0.14287	supercritical
445.0	1785.5	1010.5	0.0009896	336.56	513.25	1.3784	0.96228	1.4528	1020.0	-0.02978	0.00012726	0.14301	supercritical
445.0	1788.8	1011.0	0.00098913	336.46	513.39	1.378	0.96242	1.4527	1020.9	-0.029815	0.00012742	0.14315	supercritical
445.0	1792.0	1011.5	0.00098867	336.36	513.53	1.3776	0.96257	1.4526	1021.8	-0.02985	0.00012757	0.1433	supercritical
445.0	1795.2	1011.9	0.00098822	336.26	513.67	1.3772	0.96271	1.4525	1022.6	-0.029884	0.00012772	0.14344	supercritical
445.0	1798.5	1012.4	0.00098776	336.16	513.81	1.3768	0.96285	1.4524	1023.5	-0.029919	0.00012788	0.14358	supercritical
445.0	1801.8	1012.9	0.0009873	336.07	513.95	1.3764	0.963	1.4523	1024.4	-0.029953	0.00012803	0.14372	supercritical
445.0	1805.0	1013.3	0.00098685	335.97	514.1	1.376	0.96314	1.4522	1025.2	-0.029987	0.00012819	0.14387	supercritical
445.0	1808.2	1013.8	0.00098639	335.87	514.24	1.3756	0.96328	1.4521	1026.1	-0.030022	0.00012834	0.14401	supercritical
445.0	1811.5	1014.3	0.00098594	335.78	514.38	1.3752	0.96343	1.452	1027.0	-0.030055	0.00012849	0.14415	supercritical
445.0	1814.8	1014.7	0.00098549	335.68	514.52	1.3748	0.96357	1.4519	1027.8	-0.030089	0.00012865	0.14429	supercritical
445.0	1818.0	1015.2	0.00098504	335.58	514.66	1.3744	0.96371	1.4518	1028.7	-0.030123	0.0001288	0.14444	supercritical
445.0	1821.2	1015.6	0.00098459	335.49	514.81	1.374	0.96386	1.4517	1029.6	-0.030156	0.00012895	0.14458	supercritical
445.0	1824.5	1016.1	0.00098415	335.39	514.95	1.3736	0.964	1.4516	1030.4	-0.030189	0.00012911	0.14472	supercritical
445.0	1827.8	1016.6	0.0009837	335.29	515.09	1.3732	0.96414	1.4515	1031.3	-0.030222	0.00012926	0.14486	supercritical
445.0	1831.0	1017.0	0.00098326	335.2	515.23	1.3728	0.96429	1.4514	1032.2	-0.030255	0.00012941	0.14501	supercritical
445.0	1834.2	1017.5	0.00098281	335.1	515.38	1.3724	0.96443	1.4513	1033.0	-0.030288	0.00012956	0.14515	supercritical
445.0	1837.5	1017.9	0.00098237	335.01	515.52	1.372	0.96457	1.4512	1033.9	-0.030321	0.00012972	0.14529	supercritical
445.0	1840.8	1018.4	0.00098193	334.91	515.66	1.3716	0.96472	1.4511	1034.7	-0.030353	0.00012987	0.14543	supercritical
445.0	1844.0	1018.9	0.00098149	334.82	515.81	1.3712	0.96486	1.451	1035.6	-0.030386	0.00013002	0.14557	supercritical
445.0	1847.2	1019.3	0.00098105	334.72	515.95	1.3708	0.965	1.4509	1036.5	-0.030418	0.00013018	0.14571	supercritical
445.0	1850.5	1019.8	0.00098062	334.63	516.09	1.3704	0.96515	1.4508	1037.3	-0.03045	0.00013033	0.14586	supercritical
445.0	1853.8	1020.2	0.00098018	334.53	516.24	1.37	0.96529	1.4507	1038.2	-0.030482	0.00013048	0.146	supercritical
445.0	1857.0	1020.7	0.00097974	334.44	516.38	1.3696	0.96543	1.4506	1039.0	-0.030514	0.00013063	0.14614	supercritical
445.0	1860.2	1021.1	0.00097931	334.35	516.52	1.3692	0.96558	1.4506	1039.9	-0.030545	0.00013079	0.14628	supercritical
445.0	1863.5	1021.6	0.00097888	334.25	516.67	1.3689	0.96572	1.4505	1040.7	-0.030577	0.00013094	0.14642	supercritical
445.0	1866.8	1022.0	0.00097845	334.16	516.81	1.3685	0.96586	1.4504	1041.6	-0.030608	0.00013109	0.14656	supercritical
445.0	1870.0	1022.5	0.00097802	334.07	516.96	1.3681	0.966	1.4503	1042.4	-0.030639	0.00013125	0.14671	supercritical
445.0	1873.2	1022.9	0.00097759	333.97	517.1	1.3677	0.96615	1.4502	1043.3	-0.03067	0.0001314	0.14685	supercritical
445.0	1876.5	1023.4	0.00097716	333.88	517.25	1.3673	0.96629	1.4501	1044.1	-0.030701	0.00013155	0.14699	supercritical
445.0	1879.8	1023.8	0.00097673	333.79	517.39	1.3669	0.96643	1.45	1044.9	-0.030732	0.0001317	0.14713	supercritical
445.0	1883.0	1024.3	0.00097631	333.7	517.53	1.3665	0.96658	1.4499	1045.8	-0.030763	0.00013186	0.14727	supercritical
445.0	1886.2	1024.7	0.00097588	333.6	517.68	1.3661	0.96672	1.4498	1046.6	-0.030793	0.00013201	0.14741	supercritical
445.0	1889.5	1025.2	0.00097546	333.51	517.82	1.3657	0.96686	1.4497	1047.5	-0.030824	0.00013216	0.14755	supercritical
445.0	1892.8	1025.6	0.00097504	333.42	517.97	1.3654	0.967	1.4496	1048.3	-0.030854	0.00013231	0.14769	supercritical
445.0	1896.0	1026.0	0.00097462	333.33	518.12	1.365	0.96715	1.4496	1049.2	-0.030884	0.00013246	0.14783	supercritical
445.0	1899.2	1026.5	0.0009742	333.24	518.26	1.3646	0.96729	1.4495	1050.0	-0.030914	0.00013262	0.14797	supercritical
445.0	1902.5	1026.9	0.00097378	333.15	518.41	1.3642	0.96743	1.4494	1050.8	-0.030944	0.00013277	0.14812	supercritical
445.0	1905.8	1027.4	0.00097336	333.05	518.55	1.3638	0.96757	1.4493	1051.7	-0.030973	0.00013292	0.14826	supercritical
445.0	1909.0	1027.8	0.00097295	332.96	518.7	1.3634	0.96772	1.4492	1052.5	-0.031003	0.00013307	0.1484	supercritical
445.0	1912.2	1028.2	0.00097253	332.87	518.84	1.3631	0.96786	1.4491	1053.3	-0.031032	0.00013323	0.14854	supercritical
445.0	1915.5	1028.7	0.00097212	332.78	518.99	1.3627	0.968	1.449	1054.2	-0.031062	0.00013338	0.14868	supercritical
445.0	1918.8	1029.1	0.0009717	332.69	519.14	1.3623	0.96814	1.449	1055.0	-0.031091	0.00013353	0.14882	supercritical
445.0	1922.0	1029.6	0.00097129	332.6	519.28	1.3619	0.96829	1.4489	1055.8	-0.03112	0.00013368	0.14896	supercritical
445.0	1925.2	1030.0	0.00097088	332.51	519.43	1.3615	0.96843	1.4488	1056.7	-0.031149	0.00013383	0.1491	supercritical
445.0	1928.5	1030.4	0.00097047	332.42	519.58	1.3612	0.96857	1.4487	1057.5	-0.031178	0.00013398	0.14924	supercritical
445.0	1931.8	1030.9	0.00097006	332.33	519.72	1.3608	0.96871	1.4486	1058.3	-0.031206	0.00013414	0.14938	supercritical
445.0	1935.0	1031.3	0.00096965	332.24	519.87	1.3604	0.96886	1.4485	1059.1	-0.031235	0.00013429	0.14952	supercritical
445.0	1938.2	1031.7	0.00096925	332.15	520.02	1.36	0.969	1.4485	1060.0	-0.031263	0.00013444	0.14966	supercritical
445.0	1941.5	1032.2	0.00096884	332.06	520.17	1.3596	0.96914	1.4484	1060.8	-0.031292	0.00013459	0.1498	supercritical
445.0	1944.8	1032.6	0.00096844	331.98	520.31	1.3593	0.96928	1.4483	1061.6	-0.03132	0.00013474	0.14994	supercritical
445.0	1948.0	1033.0	0.00096803	331.89	520.46	1.3589	0.96942	1.4482	1062.4	-0.031348	0.0001349	0.15008	supercritical
445.0	1951.2	1033.5	0.00096763	331.8	520.61	1.3585	0.96957	1.4481	1063.2	-0.031376	0.00013505	0.15022	supercritical
445.0	1954.5	1033.9	0.00096723	331.71	520.76	1.3581	0.96971	1.4481	1064.1	-0.031403	0.0001352	0.15036	supercritical
445.0	1957.8	1034.3	0.00096683	331.62	520.9	1.3578	0.96985	1.448	1064.9	-0.031431	0.00013535	0.1505	supercritical
445.0	1961.0	1034.7	0.00096643	331.53	521.05	1.3574	0.96999	1.4479	1065.7	-0.031459	0.0001355	0.15064	supercritical
445.0	1964.2	1035.2	0.00096603	331.45	521.2	1.357	0.97013	1.4478	1066.5	-0.031486	0.00013565	0.15078	supercritical
445.0	1967.5	1035.6	0.00096563	331.36	521.35	1.3567	0.97028	1.4477	1067.3	-0.031513	0.0001358	0.15092	supercritical
445.0	1970.8	1036.0	0.00096524	331.27	521.5	1.3563	0.97042	1.4477	1068.1	-0.031541	0.00013596	0.15106	supercritical
445.0	1974.0	1036.4	0.00096484	331.18	521.64	1.3559	0.97056	1.4476	1069.0	-0.031568	0.00013611	0.1512	supercritical
445.0	1977.2	1036.9	0.00096445	331.1	521.79	1.3555	0.9707	1.4475	1069.8	-0.031595	0.00013626	0.15134	supercritical
445.0	1980.5	1037.3	0.00096405	331.01	521.94	1.3552	0.97084	1.4474	1070.6	-0.031621	0.00013641	0.15148	supercritical
445.0	1983.8	1037.7	0.00096366	330.92	522.09	1.3548	0.97098	1.4474	1071.4	-0.031648	0.00013656	0.15162	supercritical
445.0	1987.0	1038.1	0.00096327	330.84	522.24	1.3544	0.97113	1.4473	1072.2	-0.031675	0.00013671	0.15175	supercritical
445.0	1990.2	1038.6	0.00096288	330.75	522.39	1.3541	0.97127	1.4472	1073.0	-0.031701	0.00013686	0.15189	supercritical
445.0	1993.5	1039.0	0.00096249	330.67	522.54	1.3537	0.97141	1.4471	1073.8	-0.031728	0.00013701	0.15203	supercritical
445.0	1996.8	1039.4	0.0009621	330.58	522.69	1.3533	0.97155	1.447	1074.6	-0.031754	0.00013717	0.15217	supercritical
445.0	2000.0	1039.8	0.00096171	330.49	522.84	1.353	0.97169	1.447	1075.4	-0.03178	0.00013732	0.15231	supercritical
