Temperature (K)	Pressure (bar)	Density (kg/m3)	Volume (m3/kg)	Internal Energy (kJ/kg)	Enthalpy (kJ/kg)	Entropy (J/g*K)	Cv (J/g*K)	Cp (J/g*K)	Sound Spd. (m/s)	Joule-Thomson (K/bar)	Viscosity (Pa*s)	Therm. Cond. (W/m*K)	Phase
763.0	56.5	39.028	0.025623	830.64	975.41	2.908	0.96903	1.1773	420.54	0.097239	3.4234e-05	0.055175	vapor
763.0	59.75	41.26	0.024237	830.22	975.03	2.8969	0.96926	1.1786	420.89	0.096645	3.4267e-05	0.055255	vapor
763.0	63.0	43.49	0.022994	829.8	974.66	2.8864	0.96948	1.1799	421.24	0.096054	3.43e-05	0.055334	vapor
763.0	66.25	45.718	0.021873	829.39	974.3	2.8764	0.9697	1.1812	421.6	0.095465	3.4334e-05	0.055413	vapor
763.0	69.5	47.944	0.020858	828.97	973.93	2.8668	0.96992	1.1825	421.97	0.094878	3.4368e-05	0.055491	vapor
763.0	72.75	50.168	0.019933	828.56	973.57	2.8576	0.97015	1.1838	422.34	0.094293	3.4402e-05	0.055568	vapor
763.0	76.0	52.391	0.019087	828.14	973.21	2.8488	0.97037	1.1851	422.71	0.09371	3.4436e-05	0.055645	vapor
763.0	76.0	52.391	0.019087	828.14	973.21	2.8488	0.97037	1.1851	422.71	0.09371	3.4436e-05	0.055645	supercritical
763.0	76.0	52.391	0.019087	828.14	973.21	2.8488	0.97037	1.1851	422.71	0.09371	3.4436e-05	0.055645	supercritical
763.0	79.25	54.611	0.018311	827.73	972.85	2.8404	0.97059	1.1864	423.09	0.093129	3.4471e-05	0.055722	supercritical
763.0	82.5	56.829	0.017597	827.32	972.49	2.8323	0.97081	1.1877	423.47	0.09255	3.4506e-05	0.055798	supercritical
763.0	85.75	59.045	0.016936	826.9	972.13	2.8245	0.97103	1.189	423.86	0.091972	3.4541e-05	0.055873	supercritical
763.0	89.0	61.259	0.016324	826.49	971.78	2.8169	0.97124	1.1902	424.25	0.091396	3.4576e-05	0.055948	supercritical
763.0	92.25	63.471	0.015755	826.08	971.42	2.8096	0.97146	1.1915	424.64	0.090822	3.4612e-05	0.056023	supercritical
763.0	95.5	65.681	0.015225	825.67	971.07	2.8026	0.97168	1.1928	425.04	0.090249	3.4648e-05	0.056098	supercritical
763.0	98.75	67.888	0.01473	825.26	970.73	2.7957	0.9719	1.1941	425.44	0.089678	3.4685e-05	0.056172	supercritical
763.0	102.0	70.093	0.014267	824.86	970.38	2.7891	0.97211	1.1953	425.85	0.089108	3.4721e-05	0.056246	supercritical
763.0	105.25	72.295	0.013832	824.45	970.03	2.7827	0.97233	1.1966	426.26	0.08854	3.4758e-05	0.05632	supercritical
763.0	108.5	74.495	0.013424	824.04	969.69	2.7764	0.97254	1.1979	426.68	0.087973	3.4796e-05	0.056393	supercritical
763.0	111.75	76.693	0.013039	823.64	969.35	2.7703	0.97276	1.1991	427.1	0.087407	3.4833e-05	0.056467	supercritical
763.0	115.0	78.888	0.012676	823.23	969.01	2.7644	0.97297	1.2004	427.52	0.086842	3.4871e-05	0.05654	supercritical
763.0	118.25	81.08	0.012333	822.83	968.67	2.7587	0.97319	1.2016	427.95	0.086279	3.4909e-05	0.056613	supercritical
763.0	121.5	83.27	0.012009	822.42	968.33	2.753	0.9734	1.2029	428.38	0.085716	3.4948e-05	0.056686	supercritical
763.0	124.75	85.457	0.011702	822.02	968.0	2.7475	0.97361	1.2041	428.82	0.085155	3.4987e-05	0.056759	supercritical
763.0	128.0	87.642	0.01141	821.62	967.67	2.7422	0.97382	1.2054	429.26	0.084595	3.5026e-05	0.056832	supercritical
763.0	131.25	89.823	0.011133	821.22	967.34	2.7369	0.97403	1.2066	429.7	0.084035	3.5065e-05	0.056905	supercritical
763.0	134.5	92.002	0.010869	820.82	967.01	2.7318	0.97424	1.2078	430.15	0.083477	3.5105e-05	0.056978	supercritical
763.0	137.75	94.179	0.010618	820.42	966.68	2.7268	0.97445	1.209	430.61	0.08292	3.5145e-05	0.057051	supercritical
763.0	141.0	96.352	0.010379	820.02	966.36	2.7219	0.97466	1.2103	431.06	0.082363	3.5186e-05	0.057125	supercritical
763.0	144.25	98.522	0.01015	819.62	966.03	2.7171	0.97487	1.2115	431.53	0.081807	3.5227e-05	0.057198	supercritical
763.0	147.5	100.69	0.0099315	819.22	965.71	2.7124	0.97508	1.2127	431.99	0.081252	3.5268e-05	0.057271	supercritical
763.0	150.75	102.85	0.0097225	818.83	965.39	2.7078	0.97528	1.2139	432.46	0.080698	3.5309e-05	0.057345	supercritical
763.0	154.0	105.02	0.0095224	818.43	965.08	2.7033	0.97549	1.2151	432.94	0.080145	3.5351e-05	0.057418	supercritical
763.0	157.25	107.17	0.0093306	818.04	964.76	2.6989	0.9757	1.2163	433.41	0.079592	3.5394e-05	0.057492	supercritical
763.0	160.5	109.33	0.0091467	817.64	964.45	2.6945	0.9759	1.2175	433.9	0.07904	3.5436e-05	0.057566	supercritical
763.0	163.75	111.48	0.0089701	817.25	964.13	2.6903	0.97611	1.2187	434.38	0.078489	3.5479e-05	0.057641	supercritical
763.0	167.0	113.63	0.0088005	816.86	963.83	2.6861	0.97631	1.2199	434.87	0.077939	3.5522e-05	0.057715	supercritical
763.0	170.25	115.78	0.0086374	816.47	963.52	2.682	0.97651	1.221	435.37	0.077389	3.5566e-05	0.05779	supercritical
763.0	173.5	117.92	0.0084805	816.07	963.21	2.6779	0.97672	1.2222	435.87	0.07684	3.561e-05	0.057865	supercritical
763.0	176.75	120.06	0.0083294	815.68	962.91	2.6739	0.97692	1.2234	436.37	0.076292	3.5654e-05	0.05794	supercritical
763.0	180.0	122.19	0.0081838	815.3	962.6	2.67	0.97712	1.2245	436.88	0.075745	3.5699e-05	0.058016	supercritical
763.0	183.25	124.32	0.0080434	814.91	962.3	2.6662	0.97732	1.2257	437.39	0.075198	3.5744e-05	0.058092	supercritical
763.0	186.5	126.45	0.007908	814.52	962.01	2.6624	0.97752	1.2268	437.91	0.074651	3.5789e-05	0.058168	supercritical
763.0	189.75	128.58	0.0077773	814.13	961.71	2.6587	0.97772	1.228	438.43	0.074106	3.5835e-05	0.058245	supercritical
763.0	193.0	130.7	0.0076511	813.75	961.41	2.655	0.97792	1.2291	438.95	0.073561	3.5881e-05	0.058322	supercritical
763.0	196.25	132.82	0.007529	813.36	961.12	2.6514	0.97812	1.2303	439.48	0.073017	3.5927e-05	0.058399	supercritical
763.0	199.5	134.93	0.007411	812.98	960.83	2.6478	0.97831	1.2314	440.01	0.072473	3.5974e-05	0.058476	supercritical
763.0	202.75	137.04	0.0072969	812.6	960.54	2.6443	0.97851	1.2325	440.55	0.071931	3.6021e-05	0.058555	supercritical
763.0	206.0	139.15	0.0071864	812.21	960.25	2.6408	0.97871	1.2336	441.09	0.071389	3.6068e-05	0.058633	supercritical
763.0	209.25	141.26	0.0070794	811.83	959.97	2.6374	0.9789	1.2347	441.63	0.070847	3.6116e-05	0.058712	supercritical
763.0	212.5	143.36	0.0069757	811.45	959.68	2.6341	0.9791	1.2358	442.18	0.070307	3.6165e-05	0.058791	supercritical
763.0	215.75	145.45	0.0068751	811.07	959.4	2.6307	0.97929	1.2369	442.74	0.069767	3.6213e-05	0.058871	supercritical
763.0	219.0	147.54	0.0067776	810.69	959.12	2.6275	0.97948	1.238	443.29	0.069228	3.6262e-05	0.058951	supercritical
763.0	222.25	149.63	0.006683	810.32	958.85	2.6242	0.97968	1.2391	443.86	0.068689	3.6312e-05	0.059031	supercritical
763.0	225.5	151.72	0.0065912	809.94	958.57	2.6211	0.97987	1.2402	444.42	0.068152	3.6361e-05	0.059112	supercritical
763.0	228.75	153.8	0.006502	809.56	958.3	2.6179	0.98006	1.2413	444.99	0.067615	3.6411e-05	0.059194	supercritical
763.0	232.0	155.87	0.0064154	809.19	958.03	2.6148	0.98025	1.2424	445.57	0.067079	3.6462e-05	0.059276	supercritical
763.0	235.25	157.95	0.0063312	808.81	957.76	2.6117	0.98044	1.2434	446.14	0.066544	3.6513e-05	0.059358	supercritical
763.0	238.5	160.02	0.0062494	808.44	957.49	2.6087	0.98063	1.2445	446.73	0.066009	3.6564e-05	0.059441	supercritical
763.0	241.75	162.08	0.0061698	808.07	957.22	2.6057	0.98082	1.2455	447.31	0.065476	3.6615e-05	0.059524	supercritical
763.0	245.0	164.14	0.0060923	807.7	956.96	2.6027	0.98101	1.2466	447.9	0.064943	3.6667e-05	0.059608	supercritical
763.0	248.25	166.2	0.0060169	807.33	956.7	2.5998	0.98119	1.2476	448.5	0.064412	3.6719e-05	0.059692	supercritical
763.0	251.5	168.25	0.0059435	806.96	956.43	2.5969	0.98138	1.2486	449.1	0.063881	3.6772e-05	0.059777	supercritical
763.0	254.75	170.3	0.005872	806.59	956.18	2.5941	0.98157	1.2497	449.7	0.063351	3.6825e-05	0.059862	supercritical
763.0	258.0	172.34	0.0058024	806.22	955.92	2.5913	0.98175	1.2507	450.31	0.062822	3.6879e-05	0.059947	supercritical
763.0	261.25	174.38	0.0057345	805.85	955.67	2.5885	0.98194	1.2517	450.92	0.062295	3.6932e-05	0.060034	supercritical
763.0	264.5	176.42	0.0056684	805.48	955.41	2.5857	0.98212	1.2527	451.54	0.061768	3.6986e-05	0.06012	supercritical
763.0	267.75	178.45	0.0056039	805.12	955.16	2.583	0.9823	1.2537	452.15	0.061242	3.7041e-05	0.060207	supercritical
763.0	271.0	180.48	0.0055409	804.76	954.91	2.5803	0.98249	1.2547	452.78	0.060718	3.7096e-05	0.060295	supercritical
763.0	274.25	182.5	0.0054795	804.39	954.67	2.5776	0.98267	1.2557	453.41	0.060194	3.7151e-05	0.060383	supercritical
763.0	277.5	184.52	0.0054196	804.03	954.42	2.575	0.98285	1.2567	454.04	0.059672	3.7207e-05	0.060472	supercritical
763.0	280.75	186.53	0.0053611	803.67	954.18	2.5724	0.98303	1.2577	454.67	0.059151	3.7263e-05	0.060561	supercritical
763.0	284.0	188.54	0.005304	803.31	953.94	2.5698	0.98321	1.2586	455.31	0.058631	3.7319e-05	0.060651	supercritical
763.0	287.25	190.54	0.0052482	802.95	953.7	2.5672	0.98339	1.2596	455.95	0.058112	3.7376e-05	0.060741	supercritical
763.0	290.5	192.54	0.0051936	802.59	953.46	2.5647	0.98357	1.2606	456.6	0.057595	3.7433e-05	0.060831	supercritical
763.0	293.75	194.54	0.0051404	802.23	953.23	2.5622	0.98375	1.2615	457.25	0.057079	3.749e-05	0.060922	supercritical
763.0	297.0	196.53	0.0050883	801.87	953.0	2.5597	0.98393	1.2624	457.91	0.056564	3.7548e-05	0.061014	supercritical
763.0	300.25	198.52	0.0050374	801.52	952.76	2.5572	0.98411	1.2634	458.57	0.05605	3.7606e-05	0.061106	supercritical
763.0	303.5	200.5	0.0049876	801.16	952.54	2.5548	0.98428	1.2643	459.23	0.055538	3.7665e-05	0.061199	supercritical
763.0	306.75	202.47	0.0049389	800.81	952.31	2.5524	0.98446	1.2652	459.9	0.055027	3.7724e-05	0.061292	supercritical
763.0	310.0	204.45	0.0048912	800.45	952.08	2.55	0.98463	1.2662	460.57	0.054518	3.7783e-05	0.061385	supercritical
763.0	313.25	206.42	0.0048446	800.1	951.86	2.5476	0.98481	1.2671	461.24	0.05401	3.7843e-05	0.061479	supercritical
763.0	316.5	208.38	0.004799	799.75	951.64	2.5453	0.98498	1.268	461.92	0.053503	3.7903e-05	0.061574	supercritical
763.0	319.75	210.34	0.0047543	799.4	951.42	2.543	0.98516	1.2689	462.6	0.052998	3.7963e-05	0.061669	supercritical
763.0	323.0	212.29	0.0047105	799.05	951.2	2.5407	0.98533	1.2698	463.29	0.052495	3.8024e-05	0.061764	supercritical
763.0	326.25	214.24	0.0046677	798.7	950.99	2.5384	0.9855	1.2707	463.97	0.051993	3.8085e-05	0.06186	supercritical
763.0	329.5	216.18	0.0046257	798.35	950.77	2.5361	0.98567	1.2715	464.67	0.051493	3.8147e-05	0.061957	supercritical
763.0	332.75	218.12	0.0045846	798.01	950.56	2.5339	0.98584	1.2724	465.36	0.050994	3.8208e-05	0.062053	supercritical
763.0	336.0	220.06	0.0045443	797.66	950.35	2.5317	0.98602	1.2733	466.06	0.050497	3.8271e-05	0.062151	supercritical
763.0	339.25	221.99	0.0045048	797.32	950.14	2.5295	0.98619	1.2741	466.77	0.050002	3.8333e-05	0.062248	supercritical
763.0	342.5	223.91	0.004466	796.97	949.94	2.5273	0.98635	1.275	467.47	0.049508	3.8396e-05	0.062347	supercritical
763.0	345.75	225.83	0.0044281	796.63	949.73	2.5251	0.98652	1.2758	468.18	0.049016	3.8459e-05	0.062445	supercritical
763.0	349.0	227.75	0.0043908	796.29	949.53	2.523	0.98669	1.2767	468.9	0.048526	3.8523e-05	0.062544	supercritical
763.0	352.25	229.66	0.0043543	795.95	949.33	2.5208	0.98686	1.2775	469.62	0.048038	3.8587e-05	0.062644	supercritical
763.0	355.5	231.56	0.0043185	795.61	949.13	2.5187	0.98703	1.2783	470.34	0.047551	3.8651e-05	0.062744	supercritical
763.0	358.75	233.46	0.0042833	795.27	948.93	2.5166	0.98719	1.2792	471.06	0.047067	3.8716e-05	0.062844	supercritical
763.0	362.0	235.36	0.0042488	794.93	948.74	2.5146	0.98736	1.28	471.79	0.046584	3.878e-05	0.062945	supercritical
763.0	365.25	237.25	0.004215	794.59	948.55	2.5125	0.98752	1.2808	472.52	0.046103	3.8846e-05	0.063046	supercritical
763.0	368.5	239.13	0.0041818	794.26	948.36	2.5105	0.98769	1.2816	473.25	0.045624	3.8911e-05	0.063148	supercritical
763.0	371.75	241.01	0.0041491	793.92	948.17	2.5085	0.98785	1.2824	473.99	0.045147	3.8977e-05	0.06325	supercritical
763.0	375.0	242.89	0.0041171	793.59	947.98	2.5065	0.98802	1.2832	474.73	0.044671	3.9044e-05	0.063352	supercritical
763.0	378.25	244.76	0.0040856	793.25	947.79	2.5045	0.98818	1.284	475.48	0.044198	3.911e-05	0.063455	supercritical
763.0	381.5	246.63	0.0040547	792.92	947.61	2.5025	0.98834	1.2848	476.23	0.043727	3.9177e-05	0.063558	supercritical
763.0	384.75	248.49	0.0040244	792.59	947.43	2.5005	0.9885	1.2855	476.98	0.043257	3.9245e-05	0.063661	supercritical
763.0	388.0	250.34	0.0039946	792.26	947.25	2.4986	0.98867	1.2863	477.73	0.04279	3.9312e-05	0.063765	supercritical
763.0	391.25	252.19	0.0039652	791.93	947.07	2.4967	0.98883	1.2871	478.49	0.042325	3.938e-05	0.06387	supercritical
763.0	394.5	254.04	0.0039364	791.6	946.89	2.4947	0.98899	1.2878	479.25	0.041862	3.9449e-05	0.063974	supercritical
763.0	397.75	255.88	0.0039081	791.27	946.72	2.4928	0.98915	1.2886	480.01	0.041401	3.9517e-05	0.064079	supercritical
763.0	401.0	257.71	0.0038803	790.95	946.55	2.491	0.98931	1.2893	480.77	0.040942	3.9586e-05	0.064185	supercritical
763.0	404.25	259.54	0.003853	790.62	946.38	2.4891	0.98947	1.29	481.54	0.040485	3.9656e-05	0.06429	supercritical
763.0	407.5	261.37	0.0038261	790.3	946.21	2.4872	0.98962	1.2908	482.31	0.04003	3.9725e-05	0.064396	supercritical
763.0	410.75	263.19	0.0037996	789.97	946.04	2.4854	0.98978	1.2915	483.09	0.039578	3.9795e-05	0.064503	supercritical
763.0	414.0	265.0	0.0037736	789.65	945.88	2.4836	0.98994	1.2922	483.87	0.039128	3.9865e-05	0.064609	supercritical
763.0	417.25	266.81	0.003748	789.33	945.71	2.4817	0.99009	1.2929	484.65	0.038679	3.9936e-05	0.064716	supercritical
763.0	420.5	268.61	0.0037228	789.01	945.55	2.4799	0.99025	1.2936	485.43	0.038233	4.0007e-05	0.064823	supercritical
763.0	423.75	270.41	0.003698	788.69	945.39	2.4782	0.99041	1.2943	486.21	0.03779	4.0078e-05	0.064931	supercritical
763.0	427.0	272.21	0.0036737	788.37	945.23	2.4764	0.99056	1.295	487.0	0.037348	4.0149e-05	0.065039	supercritical
763.0	430.25	274.0	0.0036497	788.05	945.08	2.4746	0.99072	1.2957	487.79	0.036909	4.0221e-05	0.065147	supercritical
763.0	433.5	275.78	0.0036261	787.73	944.92	2.4729	0.99087	1.2964	488.59	0.036472	4.0293e-05	0.065255	supercritical
763.0	436.75	277.56	0.0036028	787.42	944.77	2.4711	0.99102	1.2971	489.38	0.036037	4.0366e-05	0.065364	supercritical
763.0	440.0	279.33	0.00358	787.1	944.62	2.4694	0.99118	1.2978	490.18	0.035605	4.0439e-05	0.065473	supercritical
763.0	443.25	281.1	0.0035574	786.79	944.47	2.4677	0.99133	1.2985	490.98	0.035175	4.0512e-05	0.065582	supercritical
763.0	446.5	282.86	0.0035353	786.47	944.32	2.466	0.99148	1.2991	491.78	0.034747	4.0585e-05	0.065692	supercritical
763.0	449.75	284.62	0.0035134	786.16	944.18	2.4643	0.99163	1.2998	492.59	0.034321	4.0658e-05	0.065802	supercritical
763.0	453.0	286.38	0.0034919	785.85	944.03	2.4626	0.99178	1.3004	493.4	0.033898	4.0732e-05	0.065912	supercritical
763.0	456.25	288.12	0.0034707	785.54	943.89	2.4609	0.99194	1.3011	494.21	0.033477	4.0807e-05	0.066022	supercritical
763.0	459.5	289.87	0.0034499	785.23	943.75	2.4593	0.99209	1.3017	495.02	0.033058	4.0881e-05	0.066132	supercritical
763.0	462.75	291.6	0.0034293	784.92	943.61	2.4576	0.99224	1.3024	495.84	0.032642	4.0956e-05	0.066243	supercritical
763.0	466.0	293.34	0.0034091	784.61	943.47	2.456	0.99238	1.303	496.66	0.032228	4.1031e-05	0.066354	supercritical
763.0	469.25	295.06	0.0033891	784.3	943.34	2.4544	0.99253	1.3036	497.47	0.031816	4.1106e-05	0.066465	supercritical
763.0	472.5	296.79	0.0033694	784.0	943.2	2.4527	0.99268	1.3043	498.3	0.031407	4.1182e-05	0.066576	supercritical
763.0	475.75	298.5	0.00335	783.69	943.07	2.4511	0.99283	1.3049	499.12	0.031	4.1258e-05	0.066688	supercritical
763.0	479.0	300.22	0.0033309	783.39	942.94	2.4495	0.99298	1.3055	499.95	0.030596	4.1334e-05	0.0668	supercritical
763.0	482.25	301.92	0.0033121	783.08	942.81	2.448	0.99312	1.3061	500.77	0.030194	4.141e-05	0.066911	supercritical
763.0	485.5	303.62	0.0032935	782.78	942.68	2.4464	0.99327	1.3067	501.6	0.029794	4.1487e-05	0.067024	supercritical
763.0	488.75	305.32	0.0032752	782.48	942.56	2.4448	0.99342	1.3073	502.44	0.029396	4.1564e-05	0.067136	supercritical
763.0	492.0	307.01	0.0032572	782.18	942.43	2.4433	0.99356	1.3079	503.27	0.029001	4.1641e-05	0.067248	supercritical
763.0	495.25	308.7	0.0032394	781.88	942.31	2.4417	0.99371	1.3085	504.11	0.028609	4.1719e-05	0.067361	supercritical
763.0	498.5	310.38	0.0032219	781.58	942.19	2.4402	0.99385	1.3091	504.94	0.028218	4.1797e-05	0.067473	supercritical
763.0	501.75	312.06	0.0032045	781.28	942.07	2.4387	0.994	1.3096	505.78	0.027831	4.1875e-05	0.067586	supercritical
763.0	505.0	313.73	0.0031875	780.99	941.95	2.4372	0.99414	1.3102	506.63	0.027445	4.1953e-05	0.067699	supercritical
763.0	508.25	315.39	0.0031706	780.69	941.84	2.4356	0.99428	1.3108	507.47	0.027062	4.2032e-05	0.067813	supercritical
763.0	511.5	317.06	0.003154	780.39	941.72	2.4342	0.99443	1.3114	508.31	0.026681	4.211e-05	0.067926	supercritical
763.0	514.75	318.71	0.0031376	780.1	941.61	2.4327	0.99457	1.3119	509.16	0.026303	4.2189e-05	0.068039	supercritical
763.0	518.0	320.36	0.0031215	779.81	941.5	2.4312	0.99471	1.3125	510.01	0.025926	4.2269e-05	0.068153	supercritical
763.0	521.25	322.01	0.0031055	779.51	941.39	2.4297	0.99485	1.313	510.86	0.025553	4.2348e-05	0.068266	supercritical
763.0	524.5	323.65	0.0030898	779.22	941.28	2.4283	0.995	1.3136	511.71	0.025181	4.2428e-05	0.06838	supercritical
763.0	527.75	325.29	0.0030742	778.93	941.17	2.4268	0.99514	1.3141	512.56	0.024812	4.2508e-05	0.068494	supercritical
763.0	531.0	326.92	0.0030589	778.64	941.07	2.4254	0.99528	1.3147	513.42	0.024446	4.2589e-05	0.068608	supercritical
763.0	534.25	328.54	0.0030437	778.35	940.96	2.4239	0.99542	1.3152	514.27	0.024081	4.2669e-05	0.068722	supercritical
763.0	537.5	330.16	0.0030288	778.06	940.86	2.4225	0.99556	1.3157	515.13	0.02372	4.275e-05	0.068836	supercritical
763.0	540.75	331.78	0.003014	777.78	940.76	2.4211	0.9957	1.3163	515.99	0.02336	4.2831e-05	0.06895	supercritical
763.0	544.0	333.39	0.0029995	777.49	940.66	2.4197	0.99584	1.3168	516.85	0.023003	4.2912e-05	0.069065	supercritical
763.0	547.25	335.0	0.0029851	777.21	940.56	2.4183	0.99597	1.3173	517.71	0.022648	4.2994e-05	0.069179	supercritical
763.0	550.5	336.6	0.0029709	776.92	940.47	2.4169	0.99611	1.3178	518.57	0.022295	4.3076e-05	0.069293	supercritical
763.0	553.75	338.2	0.0029569	776.64	940.37	2.4155	0.99625	1.3183	519.44	0.021945	4.3158e-05	0.069408	supercritical
763.0	557.0	339.79	0.002943	776.35	940.28	2.4141	0.99639	1.3188	520.3	0.021597	4.324e-05	0.069522	supercritical
763.0	560.25	341.37	0.0029293	776.07	940.19	2.4127	0.99653	1.3193	521.17	0.021251	4.3322e-05	0.069637	supercritical
763.0	563.5	342.96	0.0029158	775.79	940.1	2.4114	0.99666	1.3198	522.04	0.020908	4.3405e-05	0.069752	supercritical
763.0	566.75	344.53	0.0029025	775.51	940.01	2.41	0.9968	1.3203	522.91	0.020566	4.3488e-05	0.069866	supercritical
763.0	570.0	346.1	0.0028893	775.23	939.92	2.4087	0.99693	1.3208	523.78	0.020227	4.3571e-05	0.069981	supercritical
763.0	573.25	347.67	0.0028763	774.95	939.84	2.4073	0.99707	1.3213	524.65	0.019891	4.3654e-05	0.070096	supercritical
763.0	576.5	349.23	0.0028634	774.68	939.75	2.406	0.99721	1.3218	525.52	0.019557	4.3738e-05	0.07021	supercritical
763.0	579.75	350.79	0.0028507	774.4	939.67	2.4047	0.99734	1.3223	526.4	0.019224	4.3821e-05	0.070325	supercritical
763.0	583.0	352.34	0.0028381	774.12	939.59	2.4033	0.99748	1.3228	527.27	0.018895	4.3905e-05	0.07044	supercritical
763.0	586.25	353.89	0.0028257	773.85	939.5	2.402	0.99761	1.3232	528.15	0.018567	4.399e-05	0.070555	supercritical
763.0	589.5	355.43	0.0028135	773.57	939.43	2.4007	0.99774	1.3237	529.02	0.018241	4.4074e-05	0.07067	supercritical
763.0	592.75	356.97	0.0028013	773.3	939.35	2.3994	0.99788	1.3242	529.9	0.017918	4.4158e-05	0.070784	supercritical
763.0	596.0	358.51	0.0027893	773.03	939.27	2.3981	0.99801	1.3246	530.78	0.017597	4.4243e-05	0.070899	supercritical
763.0	599.25	360.04	0.0027775	772.75	939.2	2.3969	0.99814	1.3251	531.66	0.017278	4.4328e-05	0.071014	supercritical
763.0	602.5	361.56	0.0027658	772.48	939.12	2.3956	0.99828	1.3256	532.54	0.016962	4.4413e-05	0.071129	supercritical
763.0	605.75	363.08	0.0027542	772.21	939.05	2.3943	0.99841	1.326	533.42	0.016647	4.4499e-05	0.071244	supercritical
763.0	609.0	364.59	0.0027428	771.94	938.98	2.393	0.99854	1.3265	534.3	0.016335	4.4584e-05	0.071359	supercritical
763.0	612.25	366.1	0.0027315	771.68	938.91	2.3918	0.99867	1.3269	535.19	0.016025	4.467e-05	0.071473	supercritical
763.0	615.5	367.61	0.0027203	771.41	938.84	2.3905	0.9988	1.3273	536.07	0.015717	4.4756e-05	0.071588	supercritical
763.0	618.75	369.11	0.0027092	771.14	938.77	2.3893	0.99893	1.3278	536.95	0.015411	4.4842e-05	0.071703	supercritical
763.0	622.0	370.61	0.0026983	770.87	938.71	2.3881	0.99906	1.3282	537.84	0.015107	4.4929e-05	0.071817	supercritical
763.0	625.25	372.1	0.0026875	770.61	938.64	2.3868	0.99919	1.3287	538.72	0.014805	4.5015e-05	0.071932	supercritical
763.0	628.5	373.58	0.0026768	770.34	938.58	2.3856	0.99932	1.3291	539.61	0.014505	4.5102e-05	0.072047	supercritical
763.0	631.75	375.07	0.0026662	770.08	938.52	2.3844	0.99945	1.3295	540.5	0.014208	4.5189e-05	0.072161	supercritical
763.0	635.0	376.54	0.0026557	769.82	938.46	2.3832	0.99958	1.3299	541.38	0.013912	4.5276e-05	0.072276	supercritical
763.0	638.25	378.02	0.0026454	769.56	938.4	2.382	0.99971	1.3304	542.27	0.013619	4.5363e-05	0.07239	supercritical
763.0	641.5	379.48	0.0026352	769.29	938.34	2.3808	0.99984	1.3308	543.16	0.013327	4.545e-05	0.072505	supercritical
763.0	644.75	380.95	0.002625	769.03	938.28	2.3796	0.99997	1.3312	544.05	0.013038	4.5538e-05	0.072619	supercritical
763.0	648.0	382.41	0.002615	768.77	938.23	2.3784	1.0001	1.3316	544.94	0.01275	4.5626e-05	0.072734	supercritical
763.0	651.25	383.86	0.0026051	768.52	938.17	2.3772	1.0002	1.332	545.83	0.012465	4.5714e-05	0.072848	supercritical
763.0	654.5	385.31	0.0025953	768.26	938.12	2.376	1.0004	1.3324	546.72	0.012181	4.5802e-05	0.072962	supercritical
763.0	657.75	386.76	0.0025856	768.0	938.07	2.3748	1.0005	1.3328	547.61	0.0119	4.589e-05	0.073076	supercritical
763.0	661.0	388.2	0.002576	767.74	938.02	2.3737	1.0006	1.3332	548.51	0.01162	4.5979e-05	0.07319	supercritical
763.0	664.25	389.64	0.0025665	767.49	937.97	2.3725	1.0007	1.3336	549.4	0.011342	4.6067e-05	0.073304	supercritical
763.0	667.5	391.07	0.0025571	767.23	937.92	2.3714	1.0009	1.334	550.29	0.011067	4.6156e-05	0.073418	supercritical
763.0	670.75	392.5	0.0025478	766.98	937.87	2.3702	1.001	1.3344	551.18	0.010793	4.6245e-05	0.073532	supercritical
763.0	674.0	393.92	0.0025386	766.72	937.82	2.3691	1.0011	1.3348	552.08	0.010521	4.6334e-05	0.073646	supercritical
763.0	677.25	395.34	0.0025295	766.47	937.78	2.3679	1.0012	1.3352	552.97	0.010251	4.6424e-05	0.073759	supercritical
763.0	680.5	396.76	0.0025204	766.22	937.73	2.3668	1.0014	1.3355	553.87	0.0099825	4.6513e-05	0.073873	supercritical
763.0	683.75	398.17	0.0025115	765.97	937.69	2.3657	1.0015	1.3359	554.76	0.0097162	4.6603e-05	0.073986	supercritical
763.0	687.0	399.57	0.0025027	765.72	937.65	2.3645	1.0016	1.3363	555.66	0.0094516	4.6692e-05	0.0741	supercritical
763.0	690.25	400.98	0.0024939	765.47	937.61	2.3634	1.0017	1.3367	556.55	0.009189	4.6782e-05	0.074213	supercritical
763.0	693.5	402.38	0.0024852	765.22	937.57	2.3623	1.0019	1.3371	557.45	0.0089281	4.6872e-05	0.074326	supercritical
763.0	696.75	403.77	0.0024767	764.97	937.53	2.3612	1.002	1.3374	558.34	0.008669	4.6963e-05	0.07444	supercritical
763.0	700.0	405.16	0.0024682	764.72	937.5	2.3601	1.0021	1.3378	559.24	0.0084117	4.7053e-05	0.074553	supercritical
763.0	703.25	406.54	0.0024598	764.48	937.46	2.359	1.0022	1.3382	560.13	0.0081562	4.7143e-05	0.074665	supercritical
763.0	706.5	407.92	0.0024514	764.23	937.42	2.3579	1.0024	1.3385	561.03	0.0079024	4.7234e-05	0.074778	supercritical
763.0	709.75	409.3	0.0024432	763.99	937.39	2.3568	1.0025	1.3389	561.93	0.0076504	4.7325e-05	0.074891	supercritical
763.0	713.0	410.67	0.002435	763.74	937.36	2.3557	1.0026	1.3392	562.82	0.0074001	4.7416e-05	0.075004	supercritical
763.0	716.25	412.04	0.0024269	763.5	937.33	2.3547	1.0027	1.3396	563.72	0.0071515	4.7507e-05	0.075116	supercritical
763.0	719.5	413.41	0.0024189	763.25	937.3	2.3536	1.0028	1.3399	564.62	0.0069046	4.7598e-05	0.075228	supercritical
763.0	722.75	414.77	0.002411	763.01	937.27	2.3525	1.003	1.3403	565.52	0.0066595	4.7689e-05	0.075341	supercritical
763.0	726.0	416.12	0.0024031	762.77	937.24	2.3515	1.0031	1.3406	566.41	0.0064159	4.7781e-05	0.075453	supercritical
763.0	729.25	417.47	0.0023954	762.53	937.21	2.3504	1.0032	1.341	567.31	0.0061741	4.7872e-05	0.075565	supercritical
763.0	732.5	418.82	0.0023877	762.29	937.18	2.3494	1.0033	1.3413	568.21	0.0059338	4.7964e-05	0.075677	supercritical
763.0	735.75	420.17	0.00238	762.05	937.16	2.3483	1.0035	1.3417	569.11	0.0056953	4.8056e-05	0.075789	supercritical
763.0	739.0	421.5	0.0023725	761.81	937.13	2.3473	1.0036	1.342	570.0	0.0054583	4.8148e-05	0.0759	supercritical
763.0	742.25	422.84	0.002365	761.57	937.11	2.3462	1.0037	1.3423	570.9	0.0052229	4.824e-05	0.076012	supercritical
763.0	745.5	424.17	0.0023575	761.33	937.09	2.3452	1.0038	1.3427	571.8	0.0049891	4.8333e-05	0.076123	supercritical
763.0	748.75	425.5	0.0023502	761.1	937.07	2.3442	1.0039	1.343	572.7	0.0047569	4.8425e-05	0.076234	supercritical
763.0	752.0	426.82	0.0023429	760.86	937.05	2.3431	1.0041	1.3433	573.6	0.0045263	4.8517e-05	0.076346	supercritical
763.0	755.25	428.14	0.0023357	760.63	937.03	2.3421	1.0042	1.3436	574.49	0.0042972	4.861e-05	0.076457	supercritical
763.0	758.5	429.46	0.0023285	760.39	937.01	2.3411	1.0043	1.344	575.39	0.0040697	4.8703e-05	0.076568	supercritical
763.0	761.75	430.77	0.0023214	760.16	936.99	2.3401	1.0044	1.3443	576.29	0.0038437	4.8796e-05	0.076678	supercritical
763.0	765.0	432.08	0.0023144	759.92	936.98	2.3391	1.0045	1.3446	577.19	0.0036192	4.8889e-05	0.076789	supercritical
763.0	768.25	433.38	0.0023074	759.69	936.96	2.3381	1.0047	1.3449	578.09	0.0033961	4.8982e-05	0.076899	supercritical
763.0	771.5	434.68	0.0023005	759.46	936.95	2.3371	1.0048	1.3452	578.98	0.0031746	4.9075e-05	0.07701	supercritical
763.0	774.75	435.98	0.0022937	759.23	936.93	2.3361	1.0049	1.3455	579.88	0.0029546	4.9168e-05	0.07712	supercritical
763.0	778.0	437.27	0.0022869	759.0	936.92	2.3351	1.005	1.3458	580.78	0.002736	4.9262e-05	0.07723	supercritical
763.0	781.25	438.56	0.0022802	758.77	936.91	2.3341	1.0051	1.3462	581.68	0.0025188	4.9355e-05	0.07734	supercritical
763.0	784.5	439.84	0.0022735	758.54	936.9	2.3331	1.0052	1.3465	582.58	0.0023031	4.9449e-05	0.07745	supercritical
763.0	787.75	441.12	0.0022669	758.31	936.89	2.3321	1.0054	1.3468	583.47	0.0020888	4.9543e-05	0.077559	supercritical
763.0	791.0	442.4	0.0022604	758.08	936.88	2.3312	1.0055	1.3471	584.37	0.001876	4.9637e-05	0.077669	supercritical
763.0	794.25	443.67	0.0022539	757.86	936.87	2.3302	1.0056	1.3474	585.27	0.0016645	4.9731e-05	0.077778	supercritical
763.0	797.5	444.94	0.0022475	757.63	936.87	2.3292	1.0057	1.3477	586.16	0.0014544	4.9825e-05	0.077888	supercritical
763.0	800.75	446.21	0.0022411	757.4	936.86	2.3282	1.0058	1.3479	587.06	0.0012457	4.9919e-05	0.077997	supercritical
763.0	804.0	447.47	0.0022348	757.18	936.85	2.3273	1.0059	1.3482	587.96	0.0010383	5.0014e-05	0.078106	supercritical
763.0	807.25	448.73	0.0022285	756.95	936.85	2.3263	1.0061	1.3485	588.86	0.00083231	5.0108e-05	0.078214	supercritical
763.0	810.5	449.98	0.0022223	756.73	936.85	2.3254	1.0062	1.3488	589.75	0.00062764	5.0203e-05	0.078323	supercritical
763.0	813.75	451.23	0.0022161	756.51	936.84	2.3244	1.0063	1.3491	590.65	0.00042429	5.0297e-05	0.078431	supercritical
763.0	817.0	452.48	0.00221	756.28	936.84	2.3235	1.0064	1.3494	591.55	0.00022226	5.0392e-05	0.07854	supercritical
763.0	820.25	453.72	0.002204	756.06	936.84	2.3225	1.0065	1.3497	592.44	2.1535e-05	5.0487e-05	0.078648	supercritical
763.0	823.5	454.96	0.002198	755.84	936.84	2.3216	1.0066	1.3499	593.34	-0.0001779	5.0582e-05	0.078756	supercritical
763.0	826.75	456.2	0.002192	755.62	936.84	2.3207	1.0068	1.3502	594.23	-0.00037606	5.0677e-05	0.078864	supercritical
763.0	830.0	457.43	0.0021861	755.4	936.85	2.3197	1.0069	1.3505	595.13	-0.00057295	5.0772e-05	0.078971	supercritical
763.0	833.25	458.66	0.0021803	755.18	936.85	2.3188	1.007	1.3508	596.02	-0.00076858	5.0867e-05	0.079079	supercritical
763.0	836.5	459.89	0.0021744	754.96	936.85	2.3179	1.0071	1.351	596.92	-0.00096296	5.0962e-05	0.079186	supercritical
763.0	839.75	461.11	0.0021687	754.74	936.86	2.317	1.0072	1.3513	597.81	-0.0011561	5.1058e-05	0.079294	supercritical
763.0	843.0	462.33	0.002163	754.53	936.86	2.3161	1.0073	1.3516	598.71	-0.001348	5.1153e-05	0.079401	supercritical
763.0	846.25	463.54	0.0021573	754.31	936.87	2.3152	1.0074	1.3519	599.6	-0.0015387	5.1249e-05	0.079508	supercritical
763.0	849.5	464.75	0.0021517	754.09	936.88	2.3142	1.0076	1.3521	600.5	-0.0017283	5.1344e-05	0.079614	supercritical
763.0	852.75	465.96	0.0021461	753.88	936.88	2.3133	1.0077	1.3524	601.39	-0.0019166	5.144e-05	0.079721	supercritical
763.0	856.0	467.17	0.0021406	753.66	936.89	2.3124	1.0078	1.3526	602.29	-0.0021037	5.1536e-05	0.079827	supercritical
763.0	859.25	468.37	0.0021351	753.45	936.9	2.3115	1.0079	1.3529	603.18	-0.0022897	5.1632e-05	0.079934	supercritical
763.0	862.5	469.56	0.0021296	753.23	936.91	2.3106	1.008	1.3532	604.07	-0.0024745	5.1728e-05	0.08004	supercritical
763.0	865.75	470.76	0.0021242	753.02	936.93	2.3098	1.0081	1.3534	604.96	-0.0026581	5.1824e-05	0.080146	supercritical
763.0	869.0	471.95	0.0021189	752.81	936.94	2.3089	1.0082	1.3537	605.86	-0.0028406	5.192e-05	0.080252	supercritical
763.0	872.25	473.14	0.0021136	752.59	936.95	2.308	1.0083	1.3539	606.75	-0.003022	5.2016e-05	0.080357	supercritical
763.0	875.5	474.32	0.0021083	752.38	936.96	2.3071	1.0085	1.3542	607.64	-0.0032022	5.2113e-05	0.080463	supercritical
763.0	878.75	475.5	0.0021031	752.17	936.98	2.3062	1.0086	1.3544	608.53	-0.0033814	5.2209e-05	0.080568	supercritical
763.0	882.0	476.68	0.0020979	751.96	936.99	2.3053	1.0087	1.3547	609.42	-0.0035594	5.2305e-05	0.080673	supercritical
763.0	885.25	477.85	0.0020927	751.75	937.01	2.3045	1.0088	1.3549	610.32	-0.0037363	5.2402e-05	0.080778	supercritical
763.0	888.5	479.02	0.0020876	751.54	937.03	2.3036	1.0089	1.3551	611.21	-0.0039122	5.2498e-05	0.080883	supercritical
763.0	891.75	480.19	0.0020825	751.34	937.04	2.3027	1.009	1.3554	612.1	-0.004087	5.2595e-05	0.080988	supercritical
763.0	895.0	481.35	0.0020775	751.13	937.06	2.3019	1.0091	1.3556	612.99	-0.0042607	5.2692e-05	0.081093	supercritical
763.0	898.25	482.51	0.0020725	750.92	937.08	2.301	1.0092	1.3559	613.88	-0.0044333	5.2789e-05	0.081197	supercritical
763.0	901.5	483.67	0.0020675	750.71	937.1	2.3002	1.0094	1.3561	614.77	-0.0046049	5.2886e-05	0.081301	supercritical
763.0	904.75	484.82	0.0020626	750.51	937.12	2.2993	1.0095	1.3563	615.66	-0.0047755	5.2983e-05	0.081405	supercritical
763.0	908.0	485.97	0.0020577	750.3	937.14	2.2985	1.0096	1.3566	616.54	-0.004945	5.308e-05	0.081509	supercritical
763.0	911.25	487.12	0.0020529	750.1	937.17	2.2976	1.0097	1.3568	617.43	-0.0051136	5.3177e-05	0.081613	supercritical
763.0	914.5	488.26	0.0020481	749.89	937.19	2.2968	1.0098	1.357	618.32	-0.0052811	5.3274e-05	0.081716	supercritical
763.0	917.75	489.4	0.0020433	749.69	937.21	2.2959	1.0099	1.3573	619.21	-0.0054476	5.3371e-05	0.08182	supercritical
763.0	921.0	490.54	0.0020386	749.49	937.24	2.2951	1.01	1.3575	620.1	-0.0056131	5.3468e-05	0.081923	supercritical
763.0	924.25	491.68	0.0020339	749.28	937.26	2.2943	1.0101	1.3577	620.98	-0.0057776	5.3566e-05	0.082026	supercritical
763.0	927.5	492.81	0.0020292	749.08	937.29	2.2934	1.0102	1.3579	621.87	-0.0059411	5.3663e-05	0.082129	supercritical
763.0	930.75	493.93	0.0020246	748.88	937.31	2.2926	1.0104	1.3581	622.76	-0.0061037	5.3761e-05	0.082232	supercritical
763.0	934.0	495.06	0.00202	748.68	937.34	2.2918	1.0105	1.3584	623.64	-0.0062653	5.3858e-05	0.082334	supercritical
763.0	937.25	496.18	0.0020154	748.48	937.37	2.291	1.0106	1.3586	624.53	-0.0064259	5.3956e-05	0.082437	supercritical
763.0	940.5	497.3	0.0020109	748.28	937.4	2.2901	1.0107	1.3588	625.41	-0.0065856	5.4054e-05	0.082539	supercritical
763.0	943.75	498.42	0.0020064	748.08	937.43	2.2893	1.0108	1.359	626.3	-0.0067444	5.4151e-05	0.082641	supercritical
763.0	947.0	499.53	0.0020019	747.88	937.46	2.2885	1.0109	1.3592	627.18	-0.0069022	5.4249e-05	0.082743	supercritical
763.0	950.25	500.64	0.0019975	747.68	937.49	2.2877	1.011	1.3594	628.07	-0.0070591	5.4347e-05	0.082845	supercritical
763.0	953.5	501.74	0.001993	747.48	937.52	2.2869	1.0111	1.3596	628.95	-0.007215	5.4445e-05	0.082947	supercritical
763.0	956.75	502.85	0.0019887	747.29	937.55	2.2861	1.0112	1.3599	629.83	-0.0073701	5.4543e-05	0.083048	supercritical
763.0	960.0	503.95	0.0019843	747.09	937.59	2.2853	1.0113	1.3601	630.71	-0.0075243	5.4641e-05	0.083149	supercritical
763.0	963.25	505.04	0.00198	746.89	937.62	2.2845	1.0114	1.3603	631.6	-0.0076775	5.4739e-05	0.083251	supercritical
763.0	966.5	506.14	0.0019757	746.7	937.65	2.2837	1.0116	1.3605	632.48	-0.0078299	5.4837e-05	0.083352	supercritical
763.0	969.75	507.23	0.0019715	746.5	937.69	2.2829	1.0117	1.3607	633.36	-0.0079814	5.4935e-05	0.083452	supercritical
763.0	973.0	508.32	0.0019673	746.31	937.72	2.2821	1.0118	1.3609	634.24	-0.008132	5.5033e-05	0.083553	supercritical
763.0	976.25	509.4	0.0019631	746.11	937.76	2.2813	1.0119	1.3611	635.12	-0.0082818	5.5132e-05	0.083654	supercritical
763.0	979.5	510.49	0.0019589	745.92	937.8	2.2805	1.012	1.3613	636.0	-0.0084307	5.523e-05	0.083754	supercritical
763.0	982.75	511.56	0.0019548	745.73	937.83	2.2797	1.0121	1.3615	636.88	-0.0085787	5.5328e-05	0.083854	supercritical
763.0	986.0	512.64	0.0019507	745.54	937.87	2.2789	1.0122	1.3617	637.76	-0.0087259	5.5427e-05	0.083954	supercritical
763.0	989.25	513.71	0.0019466	745.34	937.91	2.2782	1.0123	1.3619	638.64	-0.0088722	5.5525e-05	0.084054	supercritical
763.0	992.5	514.79	0.0019426	745.15	937.95	2.2774	1.0124	1.362	639.52	-0.0090177	5.5624e-05	0.084154	supercritical
763.0	995.75	515.85	0.0019385	744.96	937.99	2.2766	1.0125	1.3622	640.39	-0.0091624	5.5722e-05	0.084253	supercritical
763.0	999.0	516.92	0.0019345	744.77	938.03	2.2758	1.0126	1.3624	641.27	-0.0093062	5.5821e-05	0.084353	supercritical
763.0	1002.2	517.98	0.0019306	744.58	938.07	2.2751	1.0127	1.3626	642.15	-0.0094493	5.592e-05	0.084452	supercritical
763.0	1005.5	519.04	0.0019266	744.39	938.12	2.2743	1.0128	1.3628	643.03	-0.0095915	5.6018e-05	0.084551	supercritical
763.0	1008.8	520.09	0.0019227	744.2	938.16	2.2736	1.013	1.363	643.9	-0.0097329	5.6117e-05	0.08465	supercritical
763.0	1012.0	521.15	0.0019188	744.02	938.2	2.2728	1.0131	1.3632	644.78	-0.0098736	5.6216e-05	0.084749	supercritical
763.0	1015.2	522.2	0.001915	743.83	938.25	2.272	1.0132	1.3634	645.65	-0.010013	5.6315e-05	0.084848	supercritical
763.0	1018.5	523.25	0.0019111	743.64	938.29	2.2713	1.0133	1.3635	646.53	-0.010152	5.6413e-05	0.084946	supercritical
763.0	1021.8	524.29	0.0019073	743.45	938.34	2.2705	1.0134	1.3637	647.4	-0.010291	5.6512e-05	0.085044	supercritical
763.0	1025.0	525.33	0.0019036	743.27	938.38	2.2698	1.0135	1.3639	648.27	-0.010428	5.6611e-05	0.085143	supercritical
763.0	1028.2	526.37	0.0018998	743.08	938.43	2.269	1.0136	1.3641	649.15	-0.010565	5.671e-05	0.085241	supercritical
763.0	1031.5	527.41	0.0018961	742.9	938.48	2.2683	1.0137	1.3642	650.02	-0.010701	5.6809e-05	0.085338	supercritical
763.0	1034.8	528.44	0.0018924	742.71	938.52	2.2675	1.0138	1.3644	650.89	-0.010836	5.6908e-05	0.085436	supercritical
763.0	1038.0	529.47	0.0018887	742.53	938.57	2.2668	1.0139	1.3646	651.76	-0.010971	5.7007e-05	0.085534	supercritical
763.0	1041.2	530.5	0.001885	742.35	938.62	2.266	1.014	1.3648	652.63	-0.011104	5.7106e-05	0.085631	supercritical
763.0	1044.5	531.53	0.0018814	742.16	938.67	2.2653	1.0141	1.3649	653.5	-0.011237	5.7206e-05	0.085728	supercritical
763.0	1047.8	532.55	0.0018778	741.98	938.72	2.2646	1.0142	1.3651	654.37	-0.011369	5.7305e-05	0.085826	supercritical
763.0	1051.0	533.57	0.0018742	741.8	938.77	2.2638	1.0143	1.3653	655.24	-0.011501	5.7404e-05	0.085922	supercritical
763.0	1054.2	534.59	0.0018706	741.62	938.82	2.2631	1.0144	1.3654	656.11	-0.011632	5.7503e-05	0.086019	supercritical
763.0	1057.5	535.6	0.0018671	741.43	938.88	2.2624	1.0145	1.3656	656.98	-0.011762	5.7603e-05	0.086116	supercritical
763.0	1060.8	536.62	0.0018635	741.25	938.93	2.2617	1.0146	1.3658	657.85	-0.011891	5.7702e-05	0.086212	supercritical
763.0	1064.0	537.63	0.00186	741.07	938.98	2.2609	1.0147	1.3659	658.72	-0.01202	5.7801e-05	0.086309	supercritical
763.0	1067.2	538.63	0.0018566	740.89	939.03	2.2602	1.0149	1.3661	659.58	-0.012148	5.7901e-05	0.086405	supercritical
763.0	1070.5	539.64	0.0018531	740.71	939.09	2.2595	1.015	1.3663	660.45	-0.012275	5.8e-05	0.086501	supercritical
763.0	1073.8	540.64	0.0018497	740.54	939.14	2.2588	1.0151	1.3664	661.31	-0.012401	5.8099e-05	0.086597	supercritical
763.0	1077.0	541.64	0.0018463	740.36	939.2	2.2581	1.0152	1.3666	662.18	-0.012527	5.8199e-05	0.086693	supercritical
763.0	1080.2	542.63	0.0018429	740.18	939.25	2.2574	1.0153	1.3667	663.04	-0.012652	5.8298e-05	0.086789	supercritical
763.0	1083.5	543.63	0.0018395	740.0	939.31	2.2566	1.0154	1.3669	663.91	-0.012777	5.8398e-05	0.086884	supercritical
763.0	1086.8	544.62	0.0018361	739.82	939.37	2.2559	1.0155	1.367	664.77	-0.0129	5.8497e-05	0.086979	supercritical
763.0	1090.0	545.61	0.0018328	739.65	939.43	2.2552	1.0156	1.3672	665.64	-0.013024	5.8597e-05	0.087075	supercritical
763.0	1093.2	546.59	0.0018295	739.47	939.48	2.2545	1.0157	1.3674	666.5	-0.013146	5.8697e-05	0.08717	supercritical
763.0	1096.5	547.58	0.0018262	739.3	939.54	2.2538	1.0158	1.3675	667.36	-0.013268	5.8796e-05	0.087265	supercritical
763.0	1099.8	548.56	0.001823	739.12	939.6	2.2531	1.0159	1.3677	668.22	-0.013389	5.8896e-05	0.087359	supercritical
763.0	1103.0	549.54	0.0018197	738.95	939.66	2.2524	1.016	1.3678	669.08	-0.013509	5.8996e-05	0.087454	supercritical
763.0	1106.2	550.51	0.0018165	738.77	939.72	2.2517	1.0161	1.368	669.94	-0.013629	5.9095e-05	0.087548	supercritical
763.0	1109.5	551.49	0.0018133	738.6	939.78	2.251	1.0162	1.3681	670.8	-0.013748	5.9195e-05	0.087643	supercritical
763.0	1112.8	552.46	0.0018101	738.43	939.84	2.2503	1.0163	1.3682	671.66	-0.013867	5.9295e-05	0.087737	supercritical
763.0	1116.0	553.43	0.0018069	738.25	939.91	2.2497	1.0164	1.3684	672.52	-0.013985	5.9395e-05	0.087831	supercritical
763.0	1119.2	554.39	0.0018038	738.08	939.97	2.249	1.0165	1.3685	673.38	-0.014102	5.9494e-05	0.087925	supercritical
763.0	1122.5	555.36	0.0018006	737.91	940.03	2.2483	1.0166	1.3687	674.24	-0.014219	5.9594e-05	0.088019	supercritical
763.0	1125.8	556.32	0.0017975	737.74	940.1	2.2476	1.0167	1.3688	675.09	-0.014335	5.9694e-05	0.088113	supercritical
763.0	1129.0	557.28	0.0017944	737.57	940.16	2.2469	1.0168	1.369	675.95	-0.01445	5.9794e-05	0.088206	supercritical
763.0	1132.2	558.23	0.0017914	737.4	940.22	2.2462	1.0169	1.3691	676.8	-0.014565	5.9894e-05	0.088299	supercritical
763.0	1135.5	559.19	0.0017883	737.23	940.29	2.2456	1.017	1.3692	677.66	-0.014679	5.9994e-05	0.088393	supercritical
763.0	1138.8	560.14	0.0017853	737.06	940.35	2.2449	1.0171	1.3694	678.51	-0.014793	6.0093e-05	0.088486	supercritical
763.0	1142.0	561.09	0.0017823	736.89	940.42	2.2442	1.0172	1.3695	679.37	-0.014906	6.0193e-05	0.088579	supercritical
763.0	1145.2	562.03	0.0017792	736.72	940.49	2.2435	1.0173	1.3696	680.22	-0.015018	6.0293e-05	0.088672	supercritical
763.0	1148.5	562.98	0.0017763	736.55	940.55	2.2429	1.0174	1.3698	681.07	-0.01513	6.0393e-05	0.088764	supercritical
763.0	1151.8	563.92	0.0017733	736.38	940.62	2.2422	1.0175	1.3699	681.93	-0.015241	6.0493e-05	0.088857	supercritical
763.0	1155.0	564.86	0.0017703	736.21	940.69	2.2415	1.0176	1.3701	682.78	-0.015352	6.0593e-05	0.088949	supercritical
763.0	1158.2	565.8	0.0017674	736.05	940.76	2.2409	1.0177	1.3702	683.63	-0.015462	6.0693e-05	0.089042	supercritical
763.0	1161.5	566.73	0.0017645	735.88	940.83	2.2402	1.0179	1.3703	684.48	-0.015571	6.0793e-05	0.089134	supercritical
763.0	1164.8	567.67	0.0017616	735.71	940.9	2.2396	1.018	1.3704	685.33	-0.01568	6.0893e-05	0.089226	supercritical
763.0	1168.0	568.6	0.0017587	735.55	940.97	2.2389	1.0181	1.3706	686.18	-0.015788	6.0993e-05	0.089318	supercritical
763.0	1171.2	569.52	0.0017559	735.38	941.04	2.2382	1.0182	1.3707	687.03	-0.015896	6.1093e-05	0.08941	supercritical
763.0	1174.5	570.45	0.001753	735.22	941.11	2.2376	1.0183	1.3708	687.88	-0.016003	6.1194e-05	0.089501	supercritical
763.0	1177.8	571.37	0.0017502	735.05	941.18	2.2369	1.0184	1.371	688.72	-0.01611	6.1294e-05	0.089593	supercritical
763.0	1181.0	572.3	0.0017473	734.89	941.25	2.2363	1.0185	1.3711	689.57	-0.016216	6.1394e-05	0.089684	supercritical
763.0	1184.2	573.21	0.0017445	734.73	941.32	2.2356	1.0186	1.3712	690.42	-0.016321	6.1494e-05	0.089776	supercritical
763.0	1187.5	574.13	0.0017418	734.56	941.4	2.235	1.0187	1.3713	691.26	-0.016426	6.1594e-05	0.089867	supercritical
763.0	1190.8	575.05	0.001739	734.4	941.47	2.2343	1.0188	1.3715	692.11	-0.016531	6.1694e-05	0.089958	supercritical
763.0	1194.0	575.96	0.0017362	734.24	941.55	2.2337	1.0189	1.3716	692.95	-0.016634	6.1794e-05	0.090049	supercritical
763.0	1197.2	576.87	0.0017335	734.08	941.62	2.2331	1.019	1.3717	693.8	-0.016738	6.1894e-05	0.09014	supercritical
763.0	1200.5	577.78	0.0017308	733.91	941.69	2.2324	1.0191	1.3718	694.64	-0.01684	6.1995e-05	0.09023	supercritical
763.0	1203.8	578.68	0.0017281	733.75	941.77	2.2318	1.0192	1.3719	695.48	-0.016943	6.2095e-05	0.090321	supercritical
763.0	1207.0	579.58	0.0017254	733.59	941.85	2.2311	1.0193	1.3721	696.33	-0.017044	6.2195e-05	0.090411	supercritical
763.0	1210.2	580.49	0.0017227	733.43	941.92	2.2305	1.0194	1.3722	697.17	-0.017146	6.2295e-05	0.090502	supercritical
763.0	1213.5	581.38	0.00172	733.27	942.0	2.2299	1.0195	1.3723	698.01	-0.017246	6.2395e-05	0.090592	supercritical
763.0	1216.8	582.28	0.0017174	733.11	942.08	2.2292	1.0196	1.3724	698.85	-0.017346	6.2496e-05	0.090682	supercritical
763.0	1220.0	583.18	0.0017147	732.95	942.15	2.2286	1.0197	1.3725	699.69	-0.017446	6.2596e-05	0.090772	supercritical
763.0	1223.2	584.07	0.0017121	732.8	942.23	2.228	1.0198	1.3726	700.53	-0.017545	6.2696e-05	0.090862	supercritical
763.0	1226.5	584.96	0.0017095	732.64	942.31	2.2274	1.0199	1.3728	701.37	-0.017644	6.2796e-05	0.090952	supercritical
763.0	1229.8	585.85	0.0017069	732.48	942.39	2.2267	1.02	1.3729	702.2	-0.017742	6.2897e-05	0.091041	supercritical
763.0	1233.0	586.73	0.0017044	732.32	942.47	2.2261	1.0201	1.373	703.04	-0.01784	6.2997e-05	0.091131	supercritical
763.0	1236.2	587.62	0.0017018	732.16	942.55	2.2255	1.0202	1.3731	703.88	-0.017937	6.3097e-05	0.09122	supercritical
763.0	1239.5	588.5	0.0016992	732.01	942.63	2.2249	1.0203	1.3732	704.71	-0.018033	6.3197e-05	0.091309	supercritical
763.0	1242.8	589.38	0.0016967	731.85	942.71	2.2243	1.0204	1.3733	705.55	-0.018129	6.3298e-05	0.091399	supercritical
763.0	1246.0	590.26	0.0016942	731.7	942.79	2.2236	1.0205	1.3734	706.38	-0.018225	6.3398e-05	0.091488	supercritical
763.0	1249.2	591.13	0.0016917	731.54	942.87	2.223	1.0206	1.3735	707.22	-0.01832	6.3498e-05	0.091577	supercritical
763.0	1252.5	592.01	0.0016892	731.38	942.95	2.2224	1.0207	1.3736	708.05	-0.018415	6.3598e-05	0.091665	supercritical
763.0	1255.8	592.88	0.0016867	731.23	943.04	2.2218	1.0208	1.3737	708.89	-0.018509	6.3699e-05	0.091754	supercritical
763.0	1259.0	593.75	0.0016842	731.08	943.12	2.2212	1.0209	1.3738	709.72	-0.018603	6.3799e-05	0.091843	supercritical
763.0	1262.2	594.61	0.0016818	730.92	943.2	2.2206	1.021	1.374	710.55	-0.018696	6.3899e-05	0.091931	supercritical
763.0	1265.5	595.48	0.0016793	730.77	943.29	2.22	1.0211	1.3741	711.38	-0.018789	6.4e-05	0.09202	supercritical
763.0	1268.8	596.34	0.0016769	730.61	943.37	2.2194	1.0212	1.3742	712.21	-0.018881	6.41e-05	0.092108	supercritical
763.0	1272.0	597.2	0.0016745	730.46	943.45	2.2188	1.0213	1.3743	713.04	-0.018973	6.42e-05	0.092196	supercritical
763.0	1275.2	598.06	0.0016721	730.31	943.54	2.2182	1.0214	1.3744	713.87	-0.019064	6.43e-05	0.092284	supercritical
763.0	1278.5	598.92	0.0016697	730.16	943.62	2.2176	1.0215	1.3745	714.7	-0.019155	6.4401e-05	0.092372	supercritical
763.0	1281.8	599.77	0.0016673	730.01	943.71	2.217	1.0216	1.3746	715.53	-0.019246	6.4501e-05	0.09246	supercritical
763.0	1285.0	600.63	0.0016649	729.85	943.8	2.2164	1.0217	1.3747	716.35	-0.019336	6.4601e-05	0.092548	supercritical
763.0	1288.2	601.48	0.0016626	729.7	943.88	2.2158	1.0218	1.3748	717.18	-0.019425	6.4702e-05	0.092635	supercritical
763.0	1291.5	602.33	0.0016602	729.55	943.97	2.2152	1.0219	1.3749	718.01	-0.019515	6.4802e-05	0.092723	supercritical
763.0	1294.8	603.18	0.0016579	729.4	944.06	2.2146	1.022	1.375	718.83	-0.019603	6.4902e-05	0.09281	supercritical
763.0	1298.0	604.02	0.0016556	729.25	944.15	2.214	1.0221	1.3751	719.66	-0.019692	6.5003e-05	0.092897	supercritical
763.0	1301.2	604.86	0.0016533	729.1	944.23	2.2134	1.0222	1.3752	720.48	-0.019779	6.5103e-05	0.092985	supercritical
763.0	1304.5	605.71	0.001651	728.95	944.32	2.2128	1.0223	1.3753	721.31	-0.019867	6.5203e-05	0.093072	supercritical
763.0	1307.8	606.54	0.0016487	728.8	944.41	2.2122	1.0224	1.3754	722.13	-0.019954	6.5303e-05	0.093159	supercritical
763.0	1311.0	607.38	0.0016464	728.66	944.5	2.2117	1.0225	1.3754	722.95	-0.02004	6.5404e-05	0.093246	supercritical
763.0	1314.2	608.22	0.0016441	728.51	944.59	2.2111	1.0226	1.3755	723.77	-0.020126	6.5504e-05	0.093333	supercritical
763.0	1317.5	609.05	0.0016419	728.36	944.68	2.2105	1.0227	1.3756	724.59	-0.020212	6.5604e-05	0.093419	supercritical
763.0	1320.8	609.88	0.0016397	728.21	944.77	2.2099	1.0228	1.3757	725.41	-0.020297	6.5705e-05	0.093506	supercritical
763.0	1324.0	610.71	0.0016374	728.07	944.86	2.2093	1.0229	1.3758	726.23	-0.020382	6.5805e-05	0.093592	supercritical
763.0	1327.2	611.54	0.0016352	727.92	944.95	2.2088	1.023	1.3759	727.05	-0.020466	6.5905e-05	0.093679	supercritical
763.0	1330.5	612.37	0.001633	727.77	945.05	2.2082	1.0231	1.376	727.87	-0.02055	6.6005e-05	0.093765	supercritical
763.0	1333.8	613.19	0.0016308	727.63	945.14	2.2076	1.0232	1.3761	728.69	-0.020634	6.6106e-05	0.093852	supercritical
763.0	1337.0	614.01	0.0016286	727.48	945.23	2.207	1.0233	1.3762	729.51	-0.020717	6.6206e-05	0.093938	supercritical
763.0	1340.2	614.83	0.0016265	727.34	945.32	2.2065	1.0234	1.3763	730.32	-0.0208	6.6306e-05	0.094024	supercritical
763.0	1343.5	615.65	0.0016243	727.19	945.42	2.2059	1.0235	1.3764	731.14	-0.020882	6.6407e-05	0.09411	supercritical
763.0	1346.8	616.47	0.0016221	727.05	945.51	2.2053	1.0235	1.3764	731.96	-0.020964	6.6507e-05	0.094196	supercritical
763.0	1350.0	617.28	0.00162	726.9	945.6	2.2048	1.0236	1.3765	732.77	-0.021046	6.6607e-05	0.094281	supercritical
763.0	1353.2	618.1	0.0016179	726.76	945.7	2.2042	1.0237	1.3766	733.59	-0.021127	6.6707e-05	0.094367	supercritical
763.0	1356.5	618.91	0.0016158	726.62	945.79	2.2036	1.0238	1.3767	734.4	-0.021208	6.6808e-05	0.094453	supercritical
763.0	1359.8	619.72	0.0016136	726.47	945.89	2.2031	1.0239	1.3768	735.21	-0.021288	6.6908e-05	0.094538	supercritical
763.0	1363.0	620.52	0.0016115	726.33	945.98	2.2025	1.024	1.3769	736.02	-0.021368	6.7008e-05	0.094624	supercritical
763.0	1366.2	621.33	0.0016095	726.19	946.08	2.2019	1.0241	1.377	736.84	-0.021448	6.7108e-05	0.094709	supercritical
763.0	1369.5	622.13	0.0016074	726.05	946.17	2.2014	1.0242	1.3771	737.65	-0.021527	6.7208e-05	0.094794	supercritical
763.0	1372.8	622.94	0.0016053	725.9	946.27	2.2008	1.0243	1.3771	738.46	-0.021606	6.7309e-05	0.094879	supercritical
763.0	1376.0	623.74	0.0016032	725.76	946.37	2.2003	1.0244	1.3772	739.27	-0.021684	6.7409e-05	0.094964	supercritical
763.0	1379.2	624.54	0.0016012	725.62	946.47	2.1997	1.0245	1.3773	740.08	-0.021763	6.7509e-05	0.095049	supercritical
763.0	1382.5	625.33	0.0015992	725.48	946.56	2.1992	1.0246	1.3774	740.89	-0.02184	6.7609e-05	0.095134	supercritical
763.0	1385.8	626.13	0.0015971	725.34	946.66	2.1986	1.0247	1.3775	741.69	-0.021918	6.771e-05	0.095219	supercritical
763.0	1389.0	626.92	0.0015951	725.2	946.76	2.1981	1.0248	1.3775	742.5	-0.021995	6.781e-05	0.095304	supercritical
763.0	1392.2	627.71	0.0015931	725.06	946.86	2.1975	1.0249	1.3776	743.31	-0.022071	6.791e-05	0.095388	supercritical
763.0	1395.5	628.5	0.0015911	724.92	946.96	2.197	1.025	1.3777	744.11	-0.022148	6.801e-05	0.095473	supercritical
763.0	1398.8	629.29	0.0015891	724.78	947.06	2.1964	1.0251	1.3778	744.92	-0.022224	6.811e-05	0.095557	supercritical
763.0	1402.0	630.08	0.0015871	724.64	947.16	2.1959	1.0252	1.3779	745.72	-0.022299	6.821e-05	0.095642	supercritical
763.0	1405.2	630.86	0.0015851	724.5	947.26	2.1953	1.0253	1.3779	746.53	-0.022374	6.831e-05	0.095726	supercritical
763.0	1408.5	631.64	0.0015832	724.37	947.36	2.1948	1.0254	1.378	747.33	-0.022449	6.8411e-05	0.09581	supercritical
763.0	1411.8	632.42	0.0015812	724.23	947.46	2.1942	1.0255	1.3781	748.14	-0.022524	6.8511e-05	0.095894	supercritical
763.0	1415.0	633.2	0.0015793	724.09	947.56	2.1937	1.0256	1.3782	748.94	-0.022598	6.8611e-05	0.095979	supercritical
763.0	1418.2	633.98	0.0015773	723.95	947.66	2.1932	1.0257	1.3782	749.74	-0.022672	6.8711e-05	0.096062	supercritical
763.0	1421.5	634.76	0.0015754	723.82	947.76	2.1926	1.0258	1.3783	750.54	-0.022745	6.8811e-05	0.096146	supercritical
763.0	1424.8	635.53	0.0015735	723.68	947.86	2.1921	1.0259	1.3784	751.34	-0.022818	6.8911e-05	0.09623	supercritical
763.0	1428.0	636.3	0.0015716	723.55	947.97	2.1915	1.026	1.3785	752.14	-0.022891	6.9011e-05	0.096314	supercritical
763.0	1431.2	637.08	0.0015697	723.41	948.07	2.191	1.0261	1.3785	752.94	-0.022963	6.9111e-05	0.096398	supercritical
763.0	1434.5	637.85	0.0015678	723.27	948.17	2.1905	1.0262	1.3786	753.74	-0.023035	6.9211e-05	0.096481	supercritical
763.0	1437.8	638.61	0.0015659	723.14	948.27	2.1899	1.0263	1.3787	754.54	-0.023107	6.9311e-05	0.096565	supercritical
763.0	1441.0	639.38	0.001564	723.0	948.38	2.1894	1.0264	1.3788	755.34	-0.023179	6.9411e-05	0.096648	supercritical
763.0	1444.2	640.14	0.0015621	722.87	948.48	2.1889	1.0265	1.3788	756.13	-0.02325	6.9511e-05	0.096732	supercritical
763.0	1447.5	640.91	0.0015603	722.73	948.59	2.1884	1.0266	1.3789	756.93	-0.023321	6.9611e-05	0.096815	supercritical
763.0	1450.8	641.67	0.0015584	722.6	948.69	2.1878	1.0267	1.379	757.72	-0.023391	6.9711e-05	0.096898	supercritical
763.0	1454.0	642.43	0.0015566	722.47	948.8	2.1873	1.0268	1.379	758.52	-0.023461	6.9811e-05	0.096981	supercritical
763.0	1457.2	643.18	0.0015548	722.33	948.9	2.1868	1.0268	1.3791	759.31	-0.023531	6.9911e-05	0.097064	supercritical
763.0	1460.5	643.94	0.0015529	722.2	949.01	2.1863	1.0269	1.3792	760.11	-0.0236	7.0011e-05	0.097147	supercritical
763.0	1463.8	644.7	0.0015511	722.07	949.11	2.1857	1.027	1.3793	760.9	-0.02367	7.0111e-05	0.09723	supercritical
763.0	1467.0	645.45	0.0015493	721.94	949.22	2.1852	1.0271	1.3793	761.69	-0.023738	7.0211e-05	0.097313	supercritical
763.0	1470.2	646.2	0.0015475	721.8	949.33	2.1847	1.0272	1.3794	762.48	-0.023807	7.0311e-05	0.097396	supercritical
763.0	1473.5	646.95	0.0015457	721.67	949.43	2.1842	1.0273	1.3795	763.28	-0.023875	7.0411e-05	0.097479	supercritical
763.0	1476.8	647.7	0.0015439	721.54	949.54	2.1837	1.0274	1.3795	764.07	-0.023943	7.0511e-05	0.097561	supercritical
763.0	1480.0	648.45	0.0015422	721.41	949.65	2.1831	1.0275	1.3796	764.86	-0.024011	7.0611e-05	0.097644	supercritical
763.0	1483.2	649.19	0.0015404	721.28	949.76	2.1826	1.0276	1.3797	765.65	-0.024078	7.0711e-05	0.097727	supercritical
763.0	1486.5	649.93	0.0015386	721.15	949.86	2.1821	1.0277	1.3797	766.43	-0.024145	7.0811e-05	0.097809	supercritical
763.0	1489.8	650.68	0.0015369	721.02	949.97	2.1816	1.0278	1.3798	767.22	-0.024212	7.091e-05	0.097891	supercritical
763.0	1493.0	651.42	0.0015351	720.89	950.08	2.1811	1.0279	1.3799	768.01	-0.024278	7.101e-05	0.097974	supercritical
763.0	1496.2	652.16	0.0015334	720.76	950.19	2.1806	1.028	1.3799	768.8	-0.024344	7.111e-05	0.098056	supercritical
763.0	1499.5	652.89	0.0015316	720.63	950.3	2.1801	1.0281	1.38	769.58	-0.02441	7.121e-05	0.098138	supercritical
763.0	1502.8	653.63	0.0015299	720.5	950.41	2.1796	1.0282	1.3801	770.37	-0.024475	7.131e-05	0.09822	supercritical
763.0	1506.0	654.36	0.0015282	720.37	950.52	2.1791	1.0283	1.3801	771.16	-0.024541	7.1409e-05	0.098302	supercritical
763.0	1509.2	655.1	0.0015265	720.24	950.63	2.1785	1.0284	1.3802	771.94	-0.024605	7.1509e-05	0.098384	supercritical
763.0	1512.5	655.83	0.0015248	720.11	950.74	2.178	1.0285	1.3802	772.72	-0.02467	7.1609e-05	0.098466	supercritical
763.0	1515.8	656.56	0.0015231	719.99	950.85	2.1775	1.0286	1.3803	773.51	-0.024734	7.1709e-05	0.098548	supercritical
763.0	1519.0	657.28	0.0015214	719.86	950.96	2.177	1.0287	1.3804	774.29	-0.024798	7.1808e-05	0.09863	supercritical
763.0	1522.2	658.01	0.0015197	719.73	951.07	2.1765	1.0288	1.3804	775.07	-0.024862	7.1908e-05	0.098712	supercritical
763.0	1525.5	658.74	0.0015181	719.6	951.18	2.176	1.0289	1.3805	775.85	-0.024926	7.2008e-05	0.098794	supercritical
763.0	1528.8	659.46	0.0015164	719.48	951.3	2.1755	1.029	1.3806	776.63	-0.024989	7.2107e-05	0.098875	supercritical
763.0	1532.0	660.18	0.0015147	719.35	951.41	2.175	1.029	1.3806	777.42	-0.025052	7.2207e-05	0.098957	supercritical
763.0	1535.2	660.9	0.0015131	719.23	951.52	2.1745	1.0291	1.3807	778.19	-0.025114	7.2307e-05	0.099038	supercritical
763.0	1538.5	661.62	0.0015114	719.1	951.63	2.174	1.0292	1.3807	778.97	-0.025177	7.2406e-05	0.09912	supercritical
763.0	1541.8	662.34	0.0015098	718.97	951.75	2.1735	1.0293	1.3808	779.75	-0.025239	7.2506e-05	0.099201	supercritical
763.0	1545.0	663.06	0.0015082	718.85	951.86	2.1731	1.0294	1.3809	780.53	-0.025301	7.2606e-05	0.099283	supercritical
763.0	1548.2	663.77	0.0015065	718.72	951.97	2.1726	1.0295	1.3809	781.31	-0.025362	7.2705e-05	0.099364	supercritical
763.0	1551.5	664.48	0.0015049	718.6	952.09	2.1721	1.0296	1.381	782.08	-0.025423	7.2805e-05	0.099445	supercritical
763.0	1554.8	665.2	0.0015033	718.47	952.2	2.1716	1.0297	1.381	782.86	-0.025484	7.2904e-05	0.099526	supercritical
763.0	1558.0	665.91	0.0015017	718.35	952.32	2.1711	1.0298	1.3811	783.64	-0.025545	7.3004e-05	0.099607	supercritical
763.0	1561.2	666.62	0.0015001	718.23	952.43	2.1706	1.0299	1.3811	784.41	-0.025606	7.3103e-05	0.099688	supercritical
763.0	1564.5	667.32	0.0014985	718.1	952.55	2.1701	1.03	1.3812	785.19	-0.025666	7.3203e-05	0.099769	supercritical
763.0	1567.8	668.03	0.0014969	717.98	952.66	2.1696	1.0301	1.3813	785.96	-0.025726	7.3302e-05	0.09985	supercritical
763.0	1571.0	668.73	0.0014954	717.86	952.78	2.1691	1.0302	1.3813	786.73	-0.025785	7.3402e-05	0.099931	supercritical
763.0	1574.2	669.44	0.0014938	717.73	952.89	2.1687	1.0303	1.3814	787.5	-0.025845	7.3501e-05	0.10001	supercritical
763.0	1577.5	670.14	0.0014922	717.61	953.01	2.1682	1.0304	1.3814	788.28	-0.025904	7.3601e-05	0.10009	supercritical
763.0	1580.8	670.84	0.0014907	717.49	953.13	2.1677	1.0305	1.3815	789.05	-0.025963	7.37e-05	0.10017	supercritical
763.0	1584.0	671.54	0.0014891	717.37	953.24	2.1672	1.0306	1.3815	789.82	-0.026021	7.3799e-05	0.10025	supercritical
763.0	1587.2	672.24	0.0014876	717.25	953.36	2.1667	1.0307	1.3816	790.59	-0.02608	7.3899e-05	0.10034	supercritical
763.0	1590.5	672.93	0.001486	717.12	953.48	2.1662	1.0308	1.3816	791.36	-0.026138	7.3998e-05	0.10042	supercritical
763.0	1593.8	673.63	0.0014845	717.0	953.59	2.1658	1.0308	1.3817	792.13	-0.026196	7.4097e-05	0.1005	supercritical
763.0	1597.0	674.32	0.001483	716.88	953.71	2.1653	1.0309	1.3817	792.9	-0.026253	7.4197e-05	0.10058	supercritical
763.0	1600.2	675.01	0.0014815	716.76	953.83	2.1648	1.031	1.3818	793.66	-0.026311	7.4296e-05	0.10066	supercritical
763.0	1603.5	675.7	0.0014799	716.64	953.95	2.1643	1.0311	1.3818	794.43	-0.026368	7.4395e-05	0.10074	supercritical
763.0	1606.8	676.39	0.0014784	716.52	954.07	2.1639	1.0312	1.3819	795.2	-0.026425	7.4495e-05	0.10082	supercritical
763.0	1610.0	677.08	0.0014769	716.4	954.19	2.1634	1.0313	1.3819	795.96	-0.026481	7.4594e-05	0.1009	supercritical
763.0	1613.2	677.77	0.0014754	716.28	954.31	2.1629	1.0314	1.382	796.73	-0.026538	7.4693e-05	0.10098	supercritical
763.0	1616.5	678.45	0.0014739	716.16	954.42	2.1624	1.0315	1.3821	797.49	-0.026594	7.4792e-05	0.10106	supercritical
763.0	1619.8	679.14	0.0014725	716.04	954.54	2.162	1.0316	1.3821	798.26	-0.02665	7.4892e-05	0.10114	supercritical
763.0	1623.0	679.82	0.001471	715.92	954.66	2.1615	1.0317	1.3822	799.02	-0.026706	7.4991e-05	0.10122	supercritical
763.0	1626.2	680.5	0.0014695	715.81	954.78	2.161	1.0318	1.3822	799.78	-0.026761	7.509e-05	0.1013	supercritical
763.0	1629.5	681.18	0.001468	715.69	954.9	2.1606	1.0319	1.3823	800.55	-0.026816	7.5189e-05	0.10138	supercritical
763.0	1632.8	681.86	0.0014666	715.57	955.03	2.1601	1.032	1.3823	801.31	-0.026871	7.5288e-05	0.10146	supercritical
763.0	1636.0	682.54	0.0014651	715.45	955.15	2.1596	1.0321	1.3824	802.07	-0.026926	7.5387e-05	0.10154	supercritical
763.0	1639.2	683.21	0.0014637	715.33	955.27	2.1592	1.0322	1.3824	802.83	-0.026981	7.5486e-05	0.10162	supercritical
763.0	1642.5	683.89	0.0014622	715.22	955.39	2.1587	1.0323	1.3824	803.59	-0.027035	7.5585e-05	0.1017	supercritical
763.0	1645.8	684.56	0.0014608	715.1	955.51	2.1582	1.0324	1.3825	804.35	-0.027089	7.5685e-05	0.10178	supercritical
763.0	1649.0	685.23	0.0014594	714.98	955.63	2.1578	1.0324	1.3825	805.11	-0.027143	7.5784e-05	0.10186	supercritical
763.0	1652.2	685.91	0.0014579	714.87	955.75	2.1573	1.0325	1.3826	805.87	-0.027196	7.5883e-05	0.10194	supercritical
763.0	1655.5	686.57	0.0014565	714.75	955.88	2.1569	1.0326	1.3826	806.62	-0.02725	7.5982e-05	0.10202	supercritical
763.0	1658.8	687.24	0.0014551	714.64	956.0	2.1564	1.0327	1.3827	807.38	-0.027303	7.6081e-05	0.1021	supercritical
763.0	1662.0	687.91	0.0014537	714.52	956.12	2.1559	1.0328	1.3827	808.14	-0.027356	7.6179e-05	0.10218	supercritical
763.0	1665.2	688.58	0.0014523	714.4	956.24	2.1555	1.0329	1.3828	808.89	-0.027408	7.6278e-05	0.10226	supercritical
763.0	1668.5	689.24	0.0014509	714.29	956.37	2.155	1.033	1.3828	809.65	-0.027461	7.6377e-05	0.10234	supercritical
763.0	1671.8	689.9	0.0014495	714.17	956.49	2.1546	1.0331	1.3829	810.4	-0.027513	7.6476e-05	0.10242	supercritical
763.0	1675.0	690.56	0.0014481	714.06	956.62	2.1541	1.0332	1.3829	811.16	-0.027565	7.6575e-05	0.1025	supercritical
763.0	1678.2	691.22	0.0014467	713.95	956.74	2.1537	1.0333	1.383	811.91	-0.027617	7.6674e-05	0.10257	supercritical
763.0	1681.5	691.88	0.0014453	713.83	956.86	2.1532	1.0334	1.383	812.66	-0.027669	7.6773e-05	0.10265	supercritical
763.0	1684.8	692.54	0.001444	713.72	956.99	2.1528	1.0335	1.383	813.42	-0.02772	7.6872e-05	0.10273	supercritical
763.0	1688.0	693.2	0.0014426	713.6	957.11	2.1523	1.0336	1.3831	814.17	-0.027771	7.697e-05	0.10281	supercritical
763.0	1691.2	693.85	0.0014412	713.49	957.24	2.1519	1.0337	1.3831	814.92	-0.027822	7.7069e-05	0.10289	supercritical
763.0	1694.5	694.51	0.0014399	713.38	957.36	2.1514	1.0338	1.3832	815.67	-0.027873	7.7168e-05	0.10297	supercritical
763.0	1697.8	695.16	0.0014385	713.26	957.49	2.151	1.0338	1.3832	816.42	-0.027923	7.7267e-05	0.10305	supercritical
763.0	1701.0	695.81	0.0014372	713.15	957.61	2.1505	1.0339	1.3833	817.17	-0.027974	7.7365e-05	0.10313	supercritical
763.0	1704.2	696.46	0.0014358	713.04	957.74	2.1501	1.034	1.3833	817.92	-0.028024	7.7464e-05	0.10321	supercritical
763.0	1707.5	697.11	0.0014345	712.93	957.87	2.1496	1.0341	1.3834	818.67	-0.028074	7.7563e-05	0.10329	supercritical
763.0	1710.8	697.76	0.0014332	712.82	957.99	2.1492	1.0342	1.3834	819.41	-0.028123	7.7661e-05	0.10337	supercritical
763.0	1714.0	698.41	0.0014318	712.7	958.12	2.1487	1.0343	1.3834	820.16	-0.028173	7.776e-05	0.10345	supercritical
763.0	1717.2	699.05	0.0014305	712.59	958.25	2.1483	1.0344	1.3835	820.91	-0.028222	7.7859e-05	0.10352	supercritical
763.0	1720.5	699.7	0.0014292	712.48	958.37	2.1478	1.0345	1.3835	821.65	-0.028271	7.7957e-05	0.1036	supercritical
763.0	1723.8	700.34	0.0014279	712.37	958.5	2.1474	1.0346	1.3836	822.4	-0.02832	7.8056e-05	0.10368	supercritical
763.0	1727.0	700.98	0.0014266	712.26	958.63	2.147	1.0347	1.3836	823.14	-0.028369	7.8154e-05	0.10376	supercritical
763.0	1730.2	701.62	0.0014253	712.15	958.75	2.1465	1.0348	1.3836	823.89	-0.028417	7.8253e-05	0.10384	supercritical
763.0	1733.5	702.26	0.001424	712.04	958.88	2.1461	1.0349	1.3837	824.63	-0.028465	7.8351e-05	0.10392	supercritical
763.0	1736.8	702.9	0.0014227	711.93	959.01	2.1456	1.035	1.3837	825.37	-0.028513	7.845e-05	0.104	supercritical
763.0	1740.0	703.54	0.0014214	711.82	959.14	2.1452	1.0351	1.3838	826.12	-0.028561	7.8548e-05	0.10408	supercritical
763.0	1743.2	704.18	0.0014201	711.71	959.27	2.1448	1.0351	1.3838	826.86	-0.028609	7.8647e-05	0.10416	supercritical
763.0	1746.5	704.81	0.0014188	711.6	959.4	2.1443	1.0352	1.3838	827.6	-0.028656	7.8745e-05	0.10423	supercritical
763.0	1749.8	705.44	0.0014175	711.49	959.53	2.1439	1.0353	1.3839	828.34	-0.028704	7.8844e-05	0.10431	supercritical
763.0	1753.0	706.08	0.0014163	711.38	959.65	2.1435	1.0354	1.3839	829.08	-0.028751	7.8942e-05	0.10439	supercritical
763.0	1756.2	706.71	0.001415	711.27	959.78	2.143	1.0355	1.384	829.82	-0.028798	7.904e-05	0.10447	supercritical
763.0	1759.5	707.34	0.0014138	711.16	959.91	2.1426	1.0356	1.384	830.56	-0.028844	7.9139e-05	0.10455	supercritical
763.0	1762.8	707.97	0.0014125	711.06	960.04	2.1422	1.0357	1.384	831.3	-0.028891	7.9237e-05	0.10463	supercritical
763.0	1766.0	708.59	0.0014112	710.95	960.17	2.1417	1.0358	1.3841	832.03	-0.028937	7.9335e-05	0.10471	supercritical
763.0	1769.2	709.22	0.00141	710.84	960.3	2.1413	1.0359	1.3841	832.77	-0.028983	7.9433e-05	0.10478	supercritical
763.0	1772.5	709.85	0.0014088	710.73	960.43	2.1409	1.036	1.3842	833.51	-0.029029	7.9532e-05	0.10486	supercritical
763.0	1775.8	710.47	0.0014075	710.63	960.57	2.1404	1.0361	1.3842	834.24	-0.029075	7.963e-05	0.10494	supercritical
763.0	1779.0	711.1	0.0014063	710.52	960.7	2.14	1.0362	1.3842	834.98	-0.029121	7.9728e-05	0.10502	supercritical
763.0	1782.2	711.72	0.0014051	710.41	960.83	2.1396	1.0363	1.3843	835.71	-0.029166	7.9826e-05	0.1051	supercritical
763.0	1785.5	712.34	0.0014038	710.31	960.96	2.1392	1.0363	1.3843	836.45	-0.029211	7.9925e-05	0.10518	supercritical
763.0	1788.8	712.96	0.0014026	710.2	961.09	2.1387	1.0364	1.3843	837.18	-0.029256	8.0023e-05	0.10525	supercritical
763.0	1792.0	713.58	0.0014014	710.09	961.22	2.1383	1.0365	1.3844	837.91	-0.029301	8.0121e-05	0.10533	supercritical
763.0	1795.2	714.19	0.0014002	709.99	961.35	2.1379	1.0366	1.3844	838.65	-0.029346	8.0219e-05	0.10541	supercritical
763.0	1798.5	714.81	0.001399	709.88	961.49	2.1375	1.0367	1.3845	839.38	-0.02939	8.0317e-05	0.10549	supercritical
763.0	1801.8	715.43	0.0013978	709.78	961.62	2.137	1.0368	1.3845	840.11	-0.029434	8.0415e-05	0.10557	supercritical
763.0	1805.0	716.04	0.0013966	709.67	961.75	2.1366	1.0369	1.3845	840.84	-0.029479	8.0513e-05	0.10565	supercritical
763.0	1808.2	716.65	0.0013954	709.57	961.88	2.1362	1.037	1.3846	841.57	-0.029522	8.0611e-05	0.10572	supercritical
763.0	1811.5	717.27	0.0013942	709.46	962.02	2.1358	1.0371	1.3846	842.3	-0.029566	8.0709e-05	0.1058	supercritical
763.0	1814.8	717.88	0.001393	709.36	962.15	2.1354	1.0372	1.3846	843.03	-0.02961	8.0807e-05	0.10588	supercritical
763.0	1818.0	718.49	0.0013918	709.25	962.28	2.1349	1.0373	1.3847	843.76	-0.029653	8.0905e-05	0.10596	supercritical
763.0	1821.2	719.1	0.0013906	709.15	962.42	2.1345	1.0374	1.3847	844.48	-0.029696	8.1003e-05	0.10604	supercritical
763.0	1824.5	719.7	0.0013895	709.04	962.55	2.1341	1.0375	1.3847	845.21	-0.029739	8.1101e-05	0.10611	supercritical
763.0	1827.8	720.31	0.0013883	708.94	962.68	2.1337	1.0375	1.3848	845.94	-0.029782	8.1199e-05	0.10619	supercritical
763.0	1831.0	720.92	0.0013871	708.84	962.82	2.1333	1.0376	1.3848	846.66	-0.029825	8.1296e-05	0.10627	supercritical
763.0	1834.2	721.52	0.001386	708.73	962.95	2.1329	1.0377	1.3848	847.39	-0.029867	8.1394e-05	0.10635	supercritical
763.0	1837.5	722.12	0.0013848	708.63	963.09	2.1324	1.0378	1.3849	848.11	-0.02991	8.1492e-05	0.10643	supercritical
763.0	1840.8	722.73	0.0013836	708.53	963.22	2.132	1.0379	1.3849	848.84	-0.029952	8.159e-05	0.10651	supercritical
763.0	1844.0	723.33	0.0013825	708.42	963.36	2.1316	1.038	1.3849	849.56	-0.029994	8.1688e-05	0.10658	supercritical
763.0	1847.2	723.93	0.0013814	708.32	963.49	2.1312	1.0381	1.385	850.28	-0.030036	8.1785e-05	0.10666	supercritical
763.0	1850.5	724.53	0.0013802	708.22	963.63	2.1308	1.0382	1.385	851.01	-0.030077	8.1883e-05	0.10674	supercritical
763.0	1853.8	725.13	0.0013791	708.12	963.76	2.1304	1.0383	1.385	851.73	-0.030119	8.1981e-05	0.10682	supercritical
763.0	1857.0	725.72	0.0013779	708.02	963.9	2.13	1.0384	1.3851	852.45	-0.03016	8.2078e-05	0.10689	supercritical
763.0	1860.2	726.32	0.0013768	707.91	964.03	2.1296	1.0385	1.3851	853.17	-0.030201	8.2176e-05	0.10697	supercritical
763.0	1863.5	726.91	0.0013757	707.81	964.17	2.1292	1.0386	1.3851	853.89	-0.030242	8.2274e-05	0.10705	supercritical
763.0	1866.8	727.51	0.0013746	707.71	964.31	2.1288	1.0386	1.3852	854.61	-0.030283	8.2371e-05	0.10713	supercritical
763.0	1870.0	728.1	0.0013734	707.61	964.44	2.1284	1.0387	1.3852	855.33	-0.030324	8.2469e-05	0.10721	supercritical
763.0	1873.2	728.69	0.0013723	707.51	964.58	2.1279	1.0388	1.3852	856.05	-0.030364	8.2567e-05	0.10728	supercritical
763.0	1876.5	729.28	0.0013712	707.41	964.72	2.1275	1.0389	1.3853	856.77	-0.030405	8.2664e-05	0.10736	supercritical
763.0	1879.8	729.87	0.0013701	707.31	964.85	2.1271	1.039	1.3853	857.48	-0.030445	8.2762e-05	0.10744	supercritical
763.0	1883.0	730.46	0.001369	707.21	964.99	2.1267	1.0391	1.3853	858.2	-0.030485	8.2859e-05	0.10752	supercritical
763.0	1886.2	731.05	0.0013679	707.11	965.13	2.1263	1.0392	1.3854	858.92	-0.030525	8.2957e-05	0.1076	supercritical
763.0	1889.5	731.64	0.0013668	707.01	965.27	2.1259	1.0393	1.3854	859.63	-0.030564	8.3054e-05	0.10767	supercritical
763.0	1892.8	732.22	0.0013657	706.91	965.4	2.1255	1.0394	1.3854	860.35	-0.030604	8.3151e-05	0.10775	supercritical
763.0	1896.0	732.81	0.0013646	706.81	965.54	2.1251	1.0395	1.3855	861.06	-0.030643	8.3249e-05	0.10783	supercritical
763.0	1899.2	733.39	0.0013635	706.71	965.68	2.1247	1.0396	1.3855	861.78	-0.030683	8.3346e-05	0.10791	supercritical
763.0	1902.5	733.97	0.0013624	706.61	965.82	2.1243	1.0396	1.3855	862.49	-0.030722	8.3444e-05	0.10798	supercritical
763.0	1905.8	734.56	0.0013614	706.51	965.96	2.1239	1.0397	1.3855	863.2	-0.03076	8.3541e-05	0.10806	supercritical
763.0	1909.0	735.14	0.0013603	706.41	966.09	2.1235	1.0398	1.3856	863.91	-0.030799	8.3638e-05	0.10814	supercritical
763.0	1912.2	735.72	0.0013592	706.32	966.23	2.1231	1.0399	1.3856	864.63	-0.030838	8.3736e-05	0.10822	supercritical
763.0	1915.5	736.29	0.0013582	706.22	966.37	2.1227	1.04	1.3856	865.34	-0.030876	8.3833e-05	0.10829	supercritical
763.0	1918.8	736.87	0.0013571	706.12	966.51	2.1223	1.0401	1.3857	866.05	-0.030914	8.393e-05	0.10837	supercritical
763.0	1922.0	737.45	0.001356	706.02	966.65	2.1219	1.0402	1.3857	866.76	-0.030953	8.4027e-05	0.10845	supercritical
763.0	1925.2	738.02	0.001355	705.92	966.79	2.1215	1.0403	1.3857	867.47	-0.030991	8.4124e-05	0.10853	supercritical
763.0	1928.5	738.6	0.0013539	705.83	966.93	2.1212	1.0404	1.3858	868.17	-0.031028	8.4222e-05	0.1086	supercritical
763.0	1931.8	739.17	0.0013529	705.73	967.07	2.1208	1.0405	1.3858	868.88	-0.031066	8.4319e-05	0.10868	supercritical
763.0	1935.0	739.75	0.0013518	705.63	967.21	2.1204	1.0406	1.3858	869.59	-0.031104	8.4416e-05	0.10876	supercritical
763.0	1938.2	740.32	0.0013508	705.54	967.35	2.12	1.0406	1.3858	870.3	-0.031141	8.4513e-05	0.10884	supercritical
763.0	1941.5	740.89	0.0013497	705.44	967.49	2.1196	1.0407	1.3859	871.0	-0.031178	8.461e-05	0.10891	supercritical
763.0	1944.8	741.46	0.0013487	705.34	967.63	2.1192	1.0408	1.3859	871.71	-0.031215	8.4707e-05	0.10899	supercritical
763.0	1948.0	742.03	0.0013477	705.25	967.77	2.1188	1.0409	1.3859	872.41	-0.031252	8.4804e-05	0.10907	supercritical
763.0	1951.2	742.6	0.0013466	705.15	967.91	2.1184	1.041	1.386	873.12	-0.031289	8.4901e-05	0.10915	supercritical
763.0	1954.5	743.16	0.0013456	705.06	968.05	2.118	1.0411	1.386	873.82	-0.031325	8.4998e-05	0.10922	supercritical
763.0	1957.8	743.73	0.0013446	704.96	968.19	2.1176	1.0412	1.386	874.53	-0.031362	8.5095e-05	0.1093	supercritical
763.0	1961.0	744.29	0.0013436	704.86	968.34	2.1173	1.0413	1.386	875.23	-0.031398	8.5192e-05	0.10938	supercritical
763.0	1964.2	744.86	0.0013425	704.77	968.48	2.1169	1.0414	1.3861	875.93	-0.031434	8.5289e-05	0.10946	supercritical
763.0	1967.5	745.42	0.0013415	704.67	968.62	2.1165	1.0415	1.3861	876.63	-0.03147	8.5386e-05	0.10953	supercritical
763.0	1970.8	745.98	0.0013405	704.58	968.76	2.1161	1.0416	1.3861	877.33	-0.031506	8.5483e-05	0.10961	supercritical
763.0	1974.0	746.55	0.0013395	704.48	968.9	2.1157	1.0416	1.3862	878.03	-0.031542	8.558e-05	0.10969	supercritical
763.0	1977.2	747.11	0.0013385	704.39	969.04	2.1153	1.0417	1.3862	878.73	-0.031578	8.5677e-05	0.10977	supercritical
763.0	1980.5	747.67	0.0013375	704.3	969.19	2.1149	1.0418	1.3862	879.43	-0.031613	8.5773e-05	0.10984	supercritical
763.0	1983.8	748.23	0.0013365	704.2	969.33	2.1146	1.0419	1.3862	880.13	-0.031649	8.587e-05	0.10992	supercritical
763.0	1987.0	748.78	0.0013355	704.11	969.47	2.1142	1.042	1.3863	880.83	-0.031684	8.5967e-05	0.11	supercritical
763.0	1990.2	749.34	0.0013345	704.01	969.62	2.1138	1.0421	1.3863	881.53	-0.031719	8.6064e-05	0.11008	supercritical
763.0	1993.5	749.9	0.0013335	703.92	969.76	2.1134	1.0422	1.3863	882.22	-0.031754	8.616e-05	0.11015	supercritical
763.0	1996.8	750.45	0.0013325	703.83	969.9	2.113	1.0423	1.3863	882.92	-0.031788	8.6257e-05	0.11023	supercritical
763.0	2000.0	751.0	0.0013315	703.73	970.04	2.1127	1.0424	1.3864	883.62	-0.031823	8.6354e-05	0.11031	supercritical
