Temperature (K)	Pressure (bar)	Density (kg/m3)	Volume (m3/kg)	Internal Energy (kJ/kg)	Enthalpy (kJ/kg)	Entropy (J/g*K)	Cv (J/g*K)	Cp (J/g*K)	Sound Spd. (m/s)	Joule-Thomson (K/bar)	Viscosity (Pa*s)	Therm. Cond. (W/m*K)	Phase
611.0	56.5	49.484	0.020209	686.28	800.46	2.6526	0.90076	1.1243	375.9	0.17702	2.8995e-05	0.043658	vapor
611.0	59.75	52.356	0.0191	685.69	799.82	2.6411	0.90123	1.1268	376.08	0.17605	2.9041e-05	0.043762	vapor
611.0	63.0	55.23	0.018106	685.1	799.17	2.6301	0.90169	1.1293	376.28	0.17509	2.9088e-05	0.043866	vapor
611.0	66.25	58.105	0.01721	684.52	798.53	2.6197	0.90214	1.1318	376.49	0.17412	2.9135e-05	0.04397	vapor
611.0	69.5	60.983	0.016398	683.93	797.89	2.6097	0.9026	1.1343	376.7	0.17315	2.9183e-05	0.044073	vapor
611.0	72.75	63.862	0.015659	683.34	797.26	2.6001	0.90306	1.1368	376.92	0.17218	2.9232e-05	0.044177	vapor
611.0	76.0	66.742	0.014983	682.75	796.62	2.5909	0.90351	1.1393	377.15	0.17121	2.9281e-05	0.044282	vapor
611.0	76.0	66.742	0.014983	682.75	796.62	2.5909	0.90351	1.1393	377.15	0.17121	2.9281e-05	0.044282	supercritical
611.0	76.0	66.742	0.014983	682.75	796.62	2.5909	0.90351	1.1393	377.15	0.17121	2.9281e-05	0.044282	supercritical
611.0	79.25	69.624	0.014363	682.16	795.99	2.5821	0.90396	1.1418	377.39	0.17024	2.9331e-05	0.044386	supercritical
611.0	82.5	72.507	0.013792	681.58	795.36	2.5736	0.90442	1.1443	377.64	0.16926	2.9382e-05	0.044491	supercritical
611.0	85.75	75.391	0.013264	680.99	794.73	2.5654	0.90486	1.1468	377.89	0.16828	2.9433e-05	0.044596	supercritical
611.0	89.0	78.276	0.012775	680.4	794.1	2.5574	0.90531	1.1493	378.16	0.1673	2.9485e-05	0.044701	supercritical
611.0	92.25	81.162	0.012321	679.82	793.48	2.5497	0.90576	1.1518	378.43	0.16631	2.9537e-05	0.044806	supercritical
611.0	95.5	84.048	0.011898	679.23	792.86	2.5423	0.9062	1.1543	378.71	0.16532	2.9591e-05	0.044913	supercritical
611.0	98.75	86.935	0.011503	678.65	792.24	2.535	0.90665	1.1568	379.0	0.16434	2.9644e-05	0.045019	supercritical
611.0	102.0	89.822	0.011133	678.06	791.62	2.528	0.90709	1.1593	379.3	0.16334	2.9699e-05	0.045126	supercritical
611.0	105.25	92.709	0.010786	677.48	791.01	2.5212	0.90753	1.1618	379.61	0.16235	2.9754e-05	0.045233	supercritical
611.0	108.5	95.596	0.010461	676.9	790.4	2.5145	0.90797	1.1643	379.92	0.16135	2.981e-05	0.045341	supercritical
611.0	111.75	98.484	0.010154	676.32	789.79	2.508	0.9084	1.1668	380.25	0.16035	2.9867e-05	0.04545	supercritical
611.0	115.0	101.37	0.0098648	675.73	789.18	2.5017	0.90883	1.1693	380.58	0.15935	2.9924e-05	0.045559	supercritical
611.0	118.25	104.26	0.0095917	675.15	788.58	2.4956	0.90927	1.1717	380.92	0.15834	2.9982e-05	0.045669	supercritical
611.0	121.5	107.14	0.0093333	674.57	787.97	2.4895	0.9097	1.1742	381.27	0.15733	3.0041e-05	0.045779	supercritical
611.0	124.75	110.03	0.0090885	674.0	787.37	2.4837	0.91012	1.1767	381.63	0.15632	3.01e-05	0.045891	supercritical
611.0	128.0	112.91	0.0088563	673.42	786.78	2.4779	0.91055	1.1791	382.0	0.15531	3.016e-05	0.046002	supercritical
611.0	131.25	115.8	0.0086358	672.84	786.18	2.4723	0.91097	1.1816	382.38	0.15429	3.0221e-05	0.046115	supercritical
611.0	134.5	118.68	0.008426	672.26	785.59	2.4668	0.9114	1.184	382.76	0.15327	3.0283e-05	0.046228	supercritical
611.0	137.75	121.56	0.0082263	671.69	785.0	2.4614	0.91182	1.1865	383.16	0.15225	3.0345e-05	0.046342	supercritical
611.0	141.0	124.44	0.008036	671.11	784.42	2.4561	0.91223	1.1889	383.56	0.15123	3.0408e-05	0.046457	supercritical
611.0	144.25	127.32	0.0078543	670.54	783.84	2.4509	0.91265	1.1913	383.97	0.1502	3.0472e-05	0.046573	supercritical
611.0	147.5	130.2	0.0076808	669.96	783.26	2.4458	0.91306	1.1937	384.4	0.14917	3.0537e-05	0.046689	supercritical
611.0	150.75	133.07	0.0075148	669.39	782.68	2.4409	0.91347	1.1962	384.83	0.14814	3.0602e-05	0.046806	supercritical
611.0	154.0	135.94	0.007356	668.82	782.1	2.436	0.91388	1.1986	385.27	0.14711	3.0668e-05	0.046925	supercritical
611.0	157.25	138.81	0.0072039	668.25	781.53	2.4312	0.91429	1.2009	385.72	0.14607	3.0735e-05	0.047044	supercritical
611.0	160.5	141.68	0.0070581	667.68	780.96	2.4264	0.91469	1.2033	386.18	0.14503	3.0803e-05	0.047164	supercritical
611.0	163.75	144.55	0.0069182	667.11	780.4	2.4218	0.91509	1.2057	386.64	0.14399	3.0871e-05	0.047284	supercritical
611.0	167.0	147.41	0.0067838	666.55	779.84	2.4172	0.91549	1.2081	387.12	0.14295	3.0941e-05	0.047406	supercritical
611.0	170.25	150.27	0.0066547	665.98	779.28	2.4127	0.91589	1.2104	387.61	0.14191	3.1011e-05	0.047529	supercritical
611.0	173.5	153.13	0.0065305	665.41	778.72	2.4083	0.91629	1.2127	388.1	0.14087	3.1081e-05	0.047652	supercritical
611.0	176.75	155.98	0.006411	664.85	778.17	2.404	0.91668	1.2151	388.61	0.13982	3.1153e-05	0.047777	supercritical
611.0	180.0	158.83	0.0062959	664.29	777.61	2.3997	0.91707	1.2174	389.12	0.13878	3.1225e-05	0.047902	supercritical
611.0	183.25	161.68	0.006185	663.73	777.07	2.3955	0.91746	1.2197	389.65	0.13773	3.1298e-05	0.048028	supercritical
611.0	186.5	164.52	0.0060781	663.17	776.52	2.3913	0.91784	1.222	390.18	0.13668	3.1372e-05	0.048155	supercritical
611.0	189.75	167.36	0.005975	662.61	775.98	2.3872	0.91823	1.2243	390.72	0.13563	3.1446e-05	0.048284	supercritical
611.0	193.0	170.2	0.0058754	662.05	775.44	2.3832	0.91861	1.2265	391.27	0.13458	3.1522e-05	0.048413	supercritical
611.0	196.25	173.03	0.0057792	661.49	774.91	2.3792	0.91899	1.2288	391.83	0.13353	3.1598e-05	0.048543	supercritical
611.0	199.5	175.86	0.0056863	660.94	774.38	2.3753	0.91936	1.231	392.4	0.13248	3.1675e-05	0.048674	supercritical
611.0	202.75	178.69	0.0055964	660.38	773.85	2.3714	0.91974	1.2332	392.98	0.13143	3.1753e-05	0.048806	supercritical
611.0	206.0	181.51	0.0055095	659.83	773.32	2.3676	0.92011	1.2355	393.57	0.13037	3.1831e-05	0.048939	supercritical
611.0	209.25	184.32	0.0054253	659.28	772.8	2.3639	0.92048	1.2376	394.17	0.12932	3.191e-05	0.049073	supercritical
611.0	212.5	187.13	0.0053439	658.73	772.28	2.3601	0.92085	1.2398	394.77	0.12827	3.199e-05	0.049208	supercritical
611.0	215.75	189.94	0.0052649	658.18	771.77	2.3565	0.92121	1.242	395.39	0.12722	3.2071e-05	0.049343	supercritical
611.0	219.0	192.74	0.0051884	657.63	771.26	2.3529	0.92157	1.2441	396.02	0.12617	3.2153e-05	0.04948	supercritical
611.0	222.25	195.53	0.0051143	657.08	770.75	2.3493	0.92193	1.2463	396.65	0.12512	3.2235e-05	0.049618	supercritical
611.0	225.5	198.32	0.0050423	656.54	770.24	2.3458	0.92229	1.2484	397.29	0.12407	3.2318e-05	0.049756	supercritical
611.0	228.75	201.11	0.0049725	655.99	769.74	2.3423	0.92264	1.2505	397.95	0.12302	3.2402e-05	0.049896	supercritical
611.0	232.0	203.88	0.0049048	655.45	769.24	2.3388	0.923	1.2526	398.61	0.12197	3.2487e-05	0.050036	supercritical
611.0	235.25	206.66	0.0048389	654.91	768.75	2.3354	0.92335	1.2547	399.28	0.12092	3.2572e-05	0.050177	supercritical
611.0	238.5	209.42	0.004775	654.37	768.26	2.3321	0.92369	1.2567	399.96	0.11988	3.2659e-05	0.05032	supercritical
611.0	241.75	212.19	0.0047129	653.83	767.77	2.3288	0.92404	1.2588	400.65	0.11884	3.2746e-05	0.050463	supercritical
611.0	245.0	214.94	0.0046525	653.3	767.28	2.3255	0.92438	1.2608	401.35	0.1178	3.2833e-05	0.050607	supercritical
611.0	248.25	217.69	0.0045937	652.76	766.8	2.3222	0.92472	1.2628	402.05	0.11676	3.2922e-05	0.050751	supercritical
611.0	251.5	220.43	0.0045366	652.23	766.33	2.319	0.92506	1.2648	402.77	0.11572	3.3011e-05	0.050897	supercritical
611.0	254.75	223.17	0.004481	651.7	765.85	2.3158	0.92539	1.2667	403.49	0.11468	3.3101e-05	0.051043	supercritical
611.0	258.0	225.9	0.0044268	651.17	765.38	2.3127	0.92573	1.2687	404.23	0.11365	3.3192e-05	0.051191	supercritical
611.0	261.25	228.62	0.0043741	650.64	764.91	2.3096	0.92606	1.2706	404.97	0.11262	3.3283e-05	0.051339	supercritical
611.0	264.5	231.33	0.0043228	650.11	764.45	2.3065	0.92639	1.2725	405.72	0.11159	3.3375e-05	0.051488	supercritical
611.0	267.75	234.04	0.0042727	649.59	763.99	2.3035	0.92671	1.2744	406.48	0.11057	3.3468e-05	0.051638	supercritical
611.0	271.0	236.74	0.004224	649.07	763.54	2.3005	0.92704	1.2763	407.24	0.10955	3.3562e-05	0.051788	supercritical
611.0	274.25	239.44	0.0041764	648.54	763.08	2.2975	0.92736	1.2782	408.02	0.10853	3.3656e-05	0.051939	supercritical
611.0	277.5	242.13	0.0041301	648.02	762.63	2.2946	0.92768	1.28	408.8	0.10751	3.3751e-05	0.052091	supercritical
611.0	280.75	244.81	0.0040849	647.51	762.19	2.2917	0.92799	1.2818	409.6	0.1065	3.3847e-05	0.052244	supercritical
611.0	284.0	247.48	0.0040408	646.99	761.75	2.2888	0.92831	1.2837	410.4	0.10549	3.3944e-05	0.052397	supercritical
611.0	287.25	250.14	0.0039977	646.47	761.31	2.2859	0.92862	1.2854	411.2	0.10449	3.4041e-05	0.052552	supercritical
611.0	290.5	252.8	0.0039557	645.96	760.87	2.2831	0.92893	1.2872	412.02	0.10349	3.4139e-05	0.052706	supercritical
611.0	293.75	255.45	0.0039147	645.45	760.44	2.2803	0.92924	1.289	412.84	0.10249	3.4237e-05	0.052862	supercritical
611.0	297.0	258.09	0.0038746	644.94	760.01	2.2775	0.92954	1.2907	413.68	0.1015	3.4337e-05	0.053018	supercritical
611.0	300.25	260.72	0.0038355	644.43	759.59	2.2748	0.92984	1.2924	414.52	0.10051	3.4437e-05	0.053175	supercritical
611.0	303.5	263.35	0.0037973	643.92	759.17	2.2721	0.93015	1.2941	415.36	0.099523	3.4537e-05	0.053332	supercritical
611.0	306.75	265.96	0.0037599	643.42	758.75	2.2694	0.93044	1.2958	416.22	0.098543	3.4639e-05	0.05349	supercritical
611.0	310.0	268.57	0.0037234	642.91	758.34	2.2667	0.93074	1.2975	417.08	0.097568	3.4741e-05	0.053649	supercritical
611.0	313.25	271.17	0.0036877	642.41	757.93	2.2641	0.93103	1.2991	417.95	0.096597	3.4843e-05	0.053808	supercritical
611.0	316.5	273.76	0.0036528	641.91	757.52	2.2614	0.93133	1.3007	418.83	0.095631	3.4946e-05	0.053968	supercritical
611.0	319.75	276.35	0.0036186	641.42	757.12	2.2588	0.93162	1.3023	419.71	0.09467	3.505e-05	0.054128	supercritical
611.0	323.0	278.92	0.0035852	640.92	756.72	2.2563	0.9319	1.3039	420.6	0.093714	3.5155e-05	0.054288	supercritical
611.0	326.25	281.49	0.0035525	640.43	756.33	2.2537	0.93219	1.3055	421.5	0.092763	3.526e-05	0.05445	supercritical
611.0	329.5	284.05	0.0035206	639.93	755.94	2.2512	0.93247	1.3071	422.41	0.091817	3.5366e-05	0.054611	supercritical
611.0	332.75	286.59	0.0034892	639.44	755.55	2.2487	0.93276	1.3086	423.32	0.090876	3.5472e-05	0.054774	supercritical
611.0	336.0	289.13	0.0034586	638.95	755.16	2.2462	0.93303	1.3101	424.24	0.089941	3.5579e-05	0.054936	supercritical
611.0	339.25	291.67	0.0034286	638.47	754.78	2.2438	0.93331	1.3116	425.16	0.089011	3.5687e-05	0.055099	supercritical
611.0	342.5	294.19	0.0033992	637.98	754.4	2.2413	0.93359	1.3131	426.09	0.088086	3.5795e-05	0.055263	supercritical
611.0	345.75	296.7	0.0033704	637.5	754.03	2.2389	0.93386	1.3146	427.03	0.087167	3.5904e-05	0.055427	supercritical
611.0	349.0	299.21	0.0033422	637.02	753.66	2.2365	0.93413	1.316	427.97	0.086253	3.6014e-05	0.055591	supercritical
611.0	352.25	301.7	0.0033145	636.54	753.29	2.2342	0.9344	1.3174	428.93	0.085345	3.6124e-05	0.055755	supercritical
611.0	355.5	304.19	0.0032875	636.06	752.93	2.2318	0.93467	1.3188	429.88	0.084443	3.6234e-05	0.05592	supercritical
611.0	358.75	306.66	0.0032609	635.58	752.57	2.2295	0.93493	1.3202	430.84	0.083547	3.6345e-05	0.056086	supercritical
611.0	362.0	309.13	0.0032349	635.11	752.21	2.2272	0.9352	1.3216	431.81	0.082656	3.6457e-05	0.056251	supercritical
611.0	365.25	311.59	0.0032093	634.64	751.86	2.2249	0.93546	1.323	432.79	0.081772	3.6569e-05	0.056417	supercritical
611.0	368.5	314.04	0.0031843	634.17	751.51	2.2226	0.93572	1.3243	433.77	0.080893	3.6682e-05	0.056583	supercritical
611.0	371.75	316.48	0.0031598	633.7	751.16	2.2204	0.93598	1.3257	434.75	0.08002	3.6795e-05	0.05675	supercritical
611.0	375.0	318.91	0.0031357	633.23	750.82	2.2181	0.93623	1.327	435.74	0.079153	3.6909e-05	0.056916	supercritical
611.0	378.25	321.33	0.003112	632.77	750.48	2.2159	0.93649	1.3283	436.74	0.078293	3.7024e-05	0.057083	supercritical
611.0	381.5	323.74	0.0030889	632.3	750.14	2.2137	0.93674	1.3295	437.74	0.077438	3.7138e-05	0.057251	supercritical
611.0	384.75	326.15	0.0030661	631.84	749.81	2.2115	0.93699	1.3308	438.74	0.076589	3.7254e-05	0.057418	supercritical
611.0	388.0	328.54	0.0030438	631.38	749.48	2.2094	0.93724	1.332	439.75	0.075747	3.737e-05	0.057585	supercritical
611.0	391.25	330.92	0.0030218	630.92	749.15	2.2072	0.93748	1.3333	440.77	0.07491	3.7486e-05	0.057753	supercritical
611.0	394.5	333.3	0.0030003	630.47	748.83	2.2051	0.93773	1.3345	441.79	0.07408	3.7603e-05	0.057921	supercritical
611.0	397.75	335.66	0.0029792	630.01	748.51	2.203	0.93797	1.3357	442.82	0.073256	3.772e-05	0.058089	supercritical
611.0	401.0	338.02	0.0029584	629.56	748.2	2.2009	0.93821	1.3369	443.85	0.072438	3.7838e-05	0.058257	supercritical
611.0	404.25	340.36	0.002938	629.11	747.88	2.1988	0.93845	1.338	444.88	0.071627	3.7956e-05	0.058425	supercritical
611.0	407.5	342.7	0.002918	628.66	747.57	2.1967	0.93869	1.3392	445.92	0.070821	3.8075e-05	0.058594	supercritical
611.0	410.75	345.03	0.0028983	628.22	747.27	2.1947	0.93893	1.3403	446.96	0.070022	3.8194e-05	0.058762	supercritical
611.0	414.0	347.35	0.002879	627.77	746.96	2.1926	0.93917	1.3415	448.01	0.069229	3.8314e-05	0.058931	supercritical
611.0	417.25	349.65	0.00286	627.33	746.66	2.1906	0.9394	1.3426	449.06	0.068442	3.8434e-05	0.059099	supercritical
611.0	420.5	351.95	0.0028413	626.89	746.36	2.1886	0.93963	1.3437	450.12	0.067661	3.8554e-05	0.059268	supercritical
611.0	423.75	354.24	0.0028229	626.45	746.07	2.1866	0.93986	1.3447	451.18	0.066887	3.8675e-05	0.059437	supercritical
611.0	427.0	356.52	0.0028049	626.01	745.78	2.1847	0.94009	1.3458	452.24	0.066118	3.8797e-05	0.059605	supercritical
611.0	430.25	358.79	0.0027871	625.58	745.49	2.1827	0.94032	1.3469	453.31	0.065356	3.8918e-05	0.059774	supercritical
611.0	433.5	361.05	0.0027697	625.14	745.21	2.1808	0.94054	1.3479	454.38	0.0646	3.9041e-05	0.059943	supercritical
611.0	436.75	363.3	0.0027525	624.71	744.93	2.1788	0.94077	1.3489	455.46	0.06385	3.9163e-05	0.060111	supercritical
611.0	440.0	365.54	0.0027356	624.28	744.65	2.1769	0.94099	1.3499	456.53	0.063107	3.9286e-05	0.06028	supercritical
611.0	443.25	367.78	0.002719	623.85	744.37	2.175	0.94121	1.3509	457.61	0.062369	3.9409e-05	0.060449	supercritical
611.0	446.5	370.0	0.0027027	623.42	744.1	2.1731	0.94143	1.3519	458.7	0.061637	3.9533e-05	0.060617	supercritical
611.0	449.75	372.21	0.0026866	623.0	743.83	2.1712	0.94165	1.3529	459.79	0.060912	3.9657e-05	0.060786	supercritical
611.0	453.0	374.42	0.0026708	622.58	743.56	2.1694	0.94187	1.3538	460.88	0.060192	3.9781e-05	0.060954	supercritical
611.0	456.25	376.61	0.0026553	622.16	743.3	2.1675	0.94208	1.3548	461.97	0.059479	3.9906e-05	0.061123	supercritical
611.0	459.5	378.8	0.0026399	621.74	743.04	2.1657	0.9423	1.3557	463.07	0.058771	4.0031e-05	0.061291	supercritical
611.0	462.75	380.97	0.0026249	621.32	742.78	2.1639	0.94251	1.3566	464.17	0.058069	4.0157e-05	0.061459	supercritical
611.0	466.0	383.14	0.00261	620.9	742.53	2.1621	0.94272	1.3575	465.27	0.057374	4.0282e-05	0.061628	supercritical
611.0	469.25	385.3	0.0025954	620.49	742.28	2.1603	0.94293	1.3584	466.38	0.056684	4.0409e-05	0.061796	supercritical
611.0	472.5	387.44	0.002581	620.08	742.03	2.1585	0.94314	1.3593	467.49	0.056	4.0535e-05	0.061964	supercritical
611.0	475.75	389.58	0.0025668	619.66	741.78	2.1567	0.94335	1.3602	468.6	0.055322	4.0662e-05	0.062131	supercritical
611.0	479.0	391.71	0.0025529	619.26	741.54	2.155	0.94356	1.361	469.71	0.054649	4.0789e-05	0.062299	supercritical
611.0	482.25	393.83	0.0025392	618.85	741.3	2.1532	0.94376	1.3619	470.83	0.053982	4.0916e-05	0.062466	supercritical
611.0	485.5	395.94	0.0025256	618.44	741.06	2.1515	0.94396	1.3627	471.94	0.053321	4.1044e-05	0.062634	supercritical
611.0	488.75	398.05	0.0025123	618.04	740.83	2.1498	0.94417	1.3635	473.07	0.052666	4.1172e-05	0.062801	supercritical
611.0	492.0	400.14	0.0024991	617.64	740.59	2.148	0.94437	1.3643	474.19	0.052016	4.13e-05	0.062968	supercritical
611.0	495.25	402.22	0.0024862	617.24	740.37	2.1463	0.94457	1.3651	475.31	0.051372	4.1429e-05	0.063135	supercritical
611.0	498.5	404.3	0.0024734	616.84	740.14	2.1447	0.94477	1.3659	476.44	0.050733	4.1558e-05	0.063302	supercritical
611.0	501.75	406.36	0.0024609	616.44	739.92	2.143	0.94497	1.3667	477.57	0.0501	4.1687e-05	0.063468	supercritical
611.0	505.0	408.42	0.0024485	616.05	739.69	2.1413	0.94516	1.3674	478.7	0.049472	4.1816e-05	0.063634	supercritical
611.0	508.25	410.47	0.0024363	615.65	739.48	2.1396	0.94536	1.3682	479.83	0.048849	4.1946e-05	0.0638	supercritical
611.0	511.5	412.5	0.0024242	615.26	739.26	2.138	0.94555	1.3689	480.97	0.048232	4.2075e-05	0.063966	supercritical
611.0	514.75	414.53	0.0024124	614.87	739.05	2.1364	0.94575	1.3697	482.11	0.04762	4.2206e-05	0.064132	supercritical
611.0	518.0	416.55	0.0024007	614.48	738.84	2.1347	0.94594	1.3704	483.24	0.047014	4.2336e-05	0.064297	supercritical
611.0	521.25	418.57	0.0023891	614.09	738.63	2.1331	0.94613	1.3711	484.39	0.046413	4.2466e-05	0.064463	supercritical
611.0	524.5	420.57	0.0023777	613.71	738.42	2.1315	0.94632	1.3718	485.53	0.045816	4.2597e-05	0.064627	supercritical
611.0	527.75	422.56	0.0023665	613.33	738.22	2.1299	0.94651	1.3725	486.67	0.045225	4.2728e-05	0.064792	supercritical
611.0	531.0	424.55	0.0023554	612.94	738.02	2.1283	0.9467	1.3731	487.82	0.044639	4.286e-05	0.064957	supercritical
611.0	534.25	426.52	0.0023445	612.56	737.82	2.1268	0.94689	1.3738	488.96	0.044058	4.2991e-05	0.065121	supercritical
611.0	537.5	428.49	0.0023338	612.19	737.62	2.1252	0.94707	1.3745	490.11	0.043482	4.3123e-05	0.065285	supercritical
611.0	540.75	430.45	0.0023231	611.81	737.43	2.1237	0.94726	1.3751	491.26	0.042911	4.3255e-05	0.065449	supercritical
611.0	544.0	432.4	0.0023127	611.43	737.24	2.1221	0.94744	1.3758	492.41	0.042345	4.3387e-05	0.065612	supercritical
611.0	547.25	434.34	0.0023023	611.06	737.05	2.1206	0.94763	1.3764	493.56	0.041784	4.3519e-05	0.065775	supercritical
611.0	550.5	436.28	0.0022921	610.69	736.87	2.119	0.94781	1.377	494.72	0.041227	4.3652e-05	0.065938	supercritical
611.0	553.75	438.2	0.002282	610.32	736.68	2.1175	0.94799	1.3776	495.87	0.040675	4.3784e-05	0.066101	supercritical
611.0	557.0	440.12	0.0022721	609.95	736.5	2.116	0.94817	1.3782	497.03	0.040128	4.3917e-05	0.066263	supercritical
611.0	560.25	442.03	0.0022623	609.58	736.32	2.1145	0.94835	1.3788	498.19	0.039586	4.405e-05	0.066425	supercritical
611.0	563.5	443.93	0.0022526	609.21	736.15	2.113	0.94853	1.3794	499.34	0.039048	4.4183e-05	0.066587	supercritical
611.0	566.75	445.82	0.0022431	608.85	735.97	2.1116	0.94871	1.38	500.5	0.038515	4.4317e-05	0.066749	supercritical
611.0	570.0	447.7	0.0022336	608.49	735.8	2.1101	0.94888	1.3805	501.66	0.037986	4.445e-05	0.06691	supercritical
611.0	573.25	449.58	0.0022243	608.12	735.63	2.1086	0.94906	1.3811	502.82	0.037462	4.4584e-05	0.067071	supercritical
611.0	576.5	451.44	0.0022151	607.77	735.47	2.1072	0.94924	1.3816	503.99	0.036942	4.4718e-05	0.067232	supercritical
611.0	579.75	453.3	0.002206	607.41	735.3	2.1057	0.94941	1.3822	505.15	0.036427	4.4852e-05	0.067392	supercritical
611.0	583.0	455.15	0.0021971	607.05	735.14	2.1043	0.94958	1.3827	506.31	0.035916	4.4986e-05	0.067552	supercritical
611.0	586.25	456.99	0.0021882	606.69	734.98	2.1029	0.94976	1.3832	507.48	0.035409	4.512e-05	0.067712	supercritical
611.0	589.5	458.83	0.0021795	606.34	734.82	2.1014	0.94993	1.3837	508.64	0.034906	4.5255e-05	0.067871	supercritical
611.0	592.75	460.65	0.0021708	605.99	734.67	2.1	0.9501	1.3842	509.81	0.034408	4.5389e-05	0.068031	supercritical
611.0	596.0	462.47	0.0021623	605.64	734.51	2.0986	0.95027	1.3847	510.97	0.033914	4.5524e-05	0.068189	supercritical
611.0	599.25	464.28	0.0021539	605.29	734.36	2.0972	0.95044	1.3852	512.14	0.033424	4.5659e-05	0.068348	supercritical
611.0	602.5	466.08	0.0021455	604.94	734.21	2.0958	0.95061	1.3857	513.31	0.032938	4.5794e-05	0.068506	supercritical
611.0	605.75	467.88	0.0021373	604.6	734.06	2.0945	0.95078	1.3862	514.48	0.032456	4.5929e-05	0.068664	supercritical
611.0	609.0	469.66	0.0021292	604.25	733.92	2.0931	0.95095	1.3866	515.65	0.031978	4.6064e-05	0.068822	supercritical
611.0	612.25	471.44	0.0021212	603.91	733.78	2.0917	0.95111	1.3871	516.82	0.031504	4.6199e-05	0.068979	supercritical
611.0	615.5	473.21	0.0021132	603.57	733.63	2.0904	0.95128	1.3875	517.99	0.031034	4.6335e-05	0.069136	supercritical
611.0	618.75	474.97	0.0021054	603.23	733.5	2.089	0.95145	1.388	519.16	0.030568	4.647e-05	0.069292	supercritical
611.0	622.0	476.73	0.0020976	602.89	733.36	2.0877	0.95161	1.3884	520.33	0.030106	4.6606e-05	0.069449	supercritical
611.0	625.25	478.48	0.00209	602.55	733.22	2.0863	0.95177	1.3888	521.5	0.029648	4.6741e-05	0.069605	supercritical
611.0	628.5	480.22	0.0020824	602.21	733.09	2.085	0.95194	1.3893	522.67	0.029193	4.6877e-05	0.06976	supercritical
611.0	631.75	481.95	0.0020749	601.88	732.96	2.0837	0.9521	1.3897	523.84	0.028742	4.7013e-05	0.069916	supercritical
611.0	635.0	483.67	0.0020675	601.54	732.83	2.0824	0.95226	1.3901	525.02	0.028295	4.7149e-05	0.070071	supercritical
611.0	638.25	485.39	0.0020602	601.21	732.7	2.0811	0.95242	1.3905	526.19	0.027851	4.7285e-05	0.070225	supercritical
611.0	641.5	487.1	0.002053	600.88	732.58	2.0798	0.95259	1.3909	527.36	0.027411	4.7421e-05	0.07038	supercritical
611.0	644.75	488.8	0.0020458	600.55	732.46	2.0785	0.95275	1.3913	528.54	0.026975	4.7557e-05	0.070534	supercritical
611.0	648.0	490.5	0.0020387	600.23	732.34	2.0772	0.95291	1.3916	529.71	0.026542	4.7693e-05	0.070687	supercritical
611.0	651.25	492.19	0.0020317	599.9	732.22	2.0759	0.95307	1.392	530.88	0.026113	4.783e-05	0.070841	supercritical
611.0	654.5	493.87	0.0020248	599.57	732.1	2.0747	0.95322	1.3924	532.06	0.025688	4.7966e-05	0.070994	supercritical
611.0	657.75	495.54	0.002018	599.25	731.98	2.0734	0.95338	1.3927	533.23	0.025265	4.8103e-05	0.071146	supercritical
611.0	661.0	497.21	0.0020112	598.93	731.87	2.0721	0.95354	1.3931	534.4	0.024846	4.8239e-05	0.071299	supercritical
611.0	664.25	498.87	0.0020045	598.61	731.76	2.0709	0.9537	1.3934	535.58	0.024431	4.8376e-05	0.071451	supercritical
611.0	667.5	500.52	0.0019979	598.29	731.65	2.0696	0.95385	1.3938	536.75	0.024019	4.8512e-05	0.071602	supercritical
611.0	670.75	502.16	0.0019914	597.97	731.54	2.0684	0.95401	1.3941	537.92	0.02361	4.8649e-05	0.071754	supercritical
611.0	674.0	503.8	0.0019849	597.65	731.44	2.0672	0.95416	1.3944	539.1	0.023205	4.8786e-05	0.071905	supercritical
611.0	677.25	505.43	0.0019785	597.34	731.33	2.0659	0.95432	1.3947	540.27	0.022803	4.8922e-05	0.072055	supercritical
611.0	680.5	507.06	0.0019722	597.02	731.23	2.0647	0.95447	1.395	541.45	0.022404	4.9059e-05	0.072206	supercritical
611.0	683.75	508.67	0.0019659	596.71	731.13	2.0635	0.95463	1.3954	542.62	0.022008	4.9196e-05	0.072356	supercritical
611.0	687.0	510.28	0.0019597	596.4	731.03	2.0623	0.95478	1.3957	543.79	0.021615	4.9333e-05	0.072506	supercritical
611.0	690.25	511.89	0.0019536	596.09	730.93	2.0611	0.95493	1.396	544.97	0.021226	4.947e-05	0.072655	supercritical
611.0	693.5	513.48	0.0019475	595.78	730.84	2.0599	0.95509	1.3962	546.14	0.02084	4.9607e-05	0.072804	supercritical
611.0	696.75	515.07	0.0019415	595.47	730.74	2.0587	0.95524	1.3965	547.31	0.020457	4.9744e-05	0.072953	supercritical
611.0	700.0	516.65	0.0019355	595.16	730.65	2.0575	0.95539	1.3968	548.48	0.020076	4.9881e-05	0.073101	supercritical
611.0	703.25	518.23	0.0019296	594.86	730.56	2.0564	0.95554	1.3971	549.66	0.019699	5.0018e-05	0.073249	supercritical
611.0	706.5	519.8	0.0019238	594.55	730.47	2.0552	0.95569	1.3974	550.83	0.019325	5.0155e-05	0.073397	supercritical
611.0	709.75	521.36	0.001918	594.25	730.38	2.054	0.95584	1.3976	552.0	0.018954	5.0292e-05	0.073544	supercritical
611.0	713.0	522.92	0.0019123	593.95	730.3	2.0529	0.95599	1.3979	553.17	0.018586	5.0429e-05	0.073692	supercritical
611.0	716.25	524.47	0.0019067	593.65	730.22	2.0517	0.95614	1.3981	554.34	0.018221	5.0566e-05	0.073838	supercritical
611.0	719.5	526.01	0.0019011	593.35	730.13	2.0506	0.95629	1.3984	555.51	0.017859	5.0703e-05	0.073985	supercritical
611.0	722.75	527.55	0.0018956	593.05	730.05	2.0494	0.95643	1.3986	556.68	0.017499	5.084e-05	0.074131	supercritical
611.0	726.0	529.08	0.0018901	592.76	729.97	2.0483	0.95658	1.3989	557.85	0.017143	5.0977e-05	0.074277	supercritical
611.0	729.25	530.6	0.0018846	592.46	729.9	2.0472	0.95673	1.3991	559.02	0.016789	5.1114e-05	0.074422	supercritical
611.0	732.5	532.12	0.0018793	592.17	729.82	2.046	0.95688	1.3993	560.19	0.016438	5.1251e-05	0.074567	supercritical
611.0	735.75	533.63	0.0018739	591.87	729.75	2.0449	0.95702	1.3996	561.36	0.01609	5.1389e-05	0.074712	supercritical
611.0	739.0	535.14	0.0018687	591.58	729.68	2.0438	0.95717	1.3998	562.53	0.015744	5.1526e-05	0.074857	supercritical
611.0	742.25	536.64	0.0018635	591.29	729.6	2.0427	0.95731	1.4	563.7	0.015402	5.1663e-05	0.075001	supercritical
611.0	745.5	538.13	0.0018583	591.0	729.54	2.0416	0.95746	1.4002	564.86	0.015062	5.18e-05	0.075145	supercritical
611.0	748.75	539.62	0.0018532	590.71	729.47	2.0405	0.9576	1.4004	566.03	0.014725	5.1937e-05	0.075288	supercritical
611.0	752.0	541.1	0.0018481	590.42	729.4	2.0394	0.95775	1.4006	567.19	0.01439	5.2074e-05	0.075432	supercritical
611.0	755.25	542.57	0.0018431	590.14	729.34	2.0383	0.95789	1.4008	568.36	0.014058	5.2211e-05	0.075575	supercritical
611.0	758.5	544.04	0.0018381	589.85	729.27	2.0372	0.95804	1.401	569.52	0.013728	5.2348e-05	0.075717	supercritical
611.0	761.75	545.5	0.0018332	589.57	729.21	2.0362	0.95818	1.4012	570.69	0.013402	5.2485e-05	0.07586	supercritical
611.0	765.0	546.96	0.0018283	589.29	729.15	2.0351	0.95832	1.4014	571.85	0.013077	5.2622e-05	0.076002	supercritical
611.0	768.25	548.41	0.0018235	589.01	729.09	2.034	0.95847	1.4016	573.01	0.012756	5.2759e-05	0.076143	supercritical
611.0	771.5	549.85	0.0018187	588.72	729.04	2.033	0.95861	1.4017	574.18	0.012437	5.2896e-05	0.076285	supercritical
611.0	774.75	551.29	0.0018139	588.45	728.98	2.0319	0.95875	1.4019	575.34	0.01212	5.3033e-05	0.076426	supercritical
611.0	778.0	552.72	0.0018092	588.17	728.92	2.0308	0.95889	1.4021	576.5	0.011806	5.317e-05	0.076567	supercritical
611.0	781.25	554.15	0.0018046	587.89	728.87	2.0298	0.95903	1.4023	577.66	0.011494	5.3307e-05	0.076707	supercritical
611.0	784.5	555.57	0.0017999	587.61	728.82	2.0288	0.95918	1.4024	578.82	0.011185	5.3444e-05	0.076848	supercritical
611.0	787.75	556.99	0.0017954	587.34	728.77	2.0277	0.95932	1.4026	579.98	0.010878	5.3581e-05	0.076988	supercritical
611.0	791.0	558.4	0.0017908	587.07	728.72	2.0267	0.95946	1.4027	581.13	0.010573	5.3718e-05	0.077127	supercritical
611.0	794.25	559.8	0.0017863	586.79	728.67	2.0257	0.9596	1.4029	582.29	0.010271	5.3855e-05	0.077267	supercritical
611.0	797.5	561.2	0.0017819	586.52	728.63	2.0246	0.95974	1.403	583.45	0.0099715	5.3991e-05	0.077406	supercritical
611.0	800.75	562.59	0.0017775	586.25	728.58	2.0236	0.95988	1.4032	584.6	0.009674	5.4128e-05	0.077544	supercritical
611.0	804.0	563.98	0.0017731	585.98	728.54	2.0226	0.96002	1.4033	585.76	0.0093789	5.4265e-05	0.077683	supercritical
611.0	807.25	565.36	0.0017688	585.71	728.5	2.0216	0.96015	1.4035	586.91	0.0090861	5.4401e-05	0.077821	supercritical
611.0	810.5	566.74	0.0017645	585.44	728.46	2.0206	0.96029	1.4036	588.06	0.0087955	5.4538e-05	0.077959	supercritical
611.0	813.75	568.11	0.0017602	585.18	728.42	2.0196	0.96043	1.4037	589.22	0.0085072	5.4675e-05	0.078097	supercritical
611.0	817.0	569.47	0.001756	584.91	728.38	2.0186	0.96057	1.4039	590.37	0.0082211	5.4811e-05	0.078234	supercritical
611.0	820.25	570.83	0.0017518	584.65	728.34	2.0176	0.96071	1.404	591.52	0.0079372	5.4948e-05	0.078371	supercritical
611.0	823.5	572.19	0.0017477	584.39	728.31	2.0166	0.96085	1.4041	592.67	0.0076555	5.5084e-05	0.078508	supercritical
611.0	826.75	573.54	0.0017436	584.12	728.27	2.0156	0.96098	1.4042	593.81	0.007376	5.5221e-05	0.078644	supercritical
611.0	830.0	574.88	0.0017395	583.86	728.24	2.0146	0.96112	1.4044	594.96	0.0070986	5.5357e-05	0.07878	supercritical
611.0	833.25	576.22	0.0017354	583.6	728.21	2.0137	0.96126	1.4045	596.11	0.0068233	5.5493e-05	0.078916	supercritical
611.0	836.5	577.56	0.0017314	583.34	728.18	2.0127	0.96139	1.4046	597.25	0.0065502	5.563e-05	0.079052	supercritical
611.0	839.75	578.88	0.0017275	583.08	728.15	2.0117	0.96153	1.4047	598.4	0.0062792	5.5766e-05	0.079187	supercritical
611.0	843.0	580.21	0.0017235	582.83	728.12	2.0107	0.96167	1.4048	599.54	0.0060102	5.5902e-05	0.079322	supercritical
611.0	846.25	581.53	0.0017196	582.57	728.09	2.0098	0.9618	1.4049	600.68	0.0057433	5.6038e-05	0.079457	supercritical
611.0	849.5	582.84	0.0017157	582.31	728.07	2.0088	0.96194	1.405	601.83	0.0054784	5.6174e-05	0.079592	supercritical
611.0	852.75	584.15	0.0017119	582.06	728.04	2.0079	0.96207	1.4051	602.97	0.0052156	5.631e-05	0.079726	supercritical
611.0	856.0	585.45	0.0017081	581.81	728.02	2.0069	0.96221	1.4052	604.11	0.0049547	5.6446e-05	0.07986	supercritical
611.0	859.25	586.75	0.0017043	581.55	728.0	2.006	0.96234	1.4053	605.25	0.0046959	5.6582e-05	0.079994	supercritical
611.0	862.5	588.04	0.0017006	581.3	727.98	2.0051	0.96248	1.4054	606.38	0.0044389	5.6718e-05	0.080128	supercritical
611.0	865.75	589.33	0.0016968	581.05	727.96	2.0041	0.96261	1.4055	607.52	0.004184	5.6854e-05	0.080261	supercritical
611.0	869.0	590.61	0.0016932	580.8	727.94	2.0032	0.96275	1.4056	608.66	0.003931	5.699e-05	0.080394	supercritical
611.0	872.25	591.89	0.0016895	580.55	727.92	2.0023	0.96288	1.4057	609.79	0.0036798	5.7125e-05	0.080527	supercritical
611.0	875.5	593.16	0.0016859	580.31	727.9	2.0013	0.96301	1.4058	610.92	0.0034306	5.7261e-05	0.080659	supercritical
611.0	878.75	594.43	0.0016823	580.06	727.89	2.0004	0.96315	1.4058	612.06	0.0031833	5.7397e-05	0.080792	supercritical
611.0	882.0	595.7	0.0016787	579.81	727.88	1.9995	0.96328	1.4059	613.19	0.0029378	5.7532e-05	0.080924	supercritical
611.0	885.25	596.96	0.0016752	579.57	727.86	1.9986	0.96341	1.406	614.32	0.0026941	5.7668e-05	0.081055	supercritical
611.0	888.5	598.21	0.0016717	579.32	727.85	1.9977	0.96355	1.4061	615.45	0.0024523	5.7803e-05	0.081187	supercritical
611.0	891.75	599.46	0.0016682	579.08	727.84	1.9968	0.96368	1.4061	616.58	0.0022123	5.7938e-05	0.081318	supercritical
611.0	895.0	600.71	0.0016647	578.84	727.83	1.9959	0.96381	1.4062	617.7	0.0019741	5.8074e-05	0.081449	supercritical
611.0	898.25	601.95	0.0016613	578.6	727.82	1.995	0.96394	1.4063	618.83	0.0017376	5.8209e-05	0.08158	supercritical
611.0	901.5	603.18	0.0016579	578.36	727.81	1.9941	0.96408	1.4064	619.95	0.0015029	5.8344e-05	0.081711	supercritical
611.0	904.75	604.41	0.0016545	578.12	727.81	1.9932	0.96421	1.4064	621.08	0.00127	5.8479e-05	0.081841	supercritical
611.0	908.0	605.64	0.0016511	577.88	727.8	1.9923	0.96434	1.4065	622.2	0.0010387	5.8614e-05	0.081971	supercritical
611.0	911.25	606.86	0.0016478	577.64	727.8	1.9914	0.96447	1.4065	623.32	0.00080921	5.8749e-05	0.082101	supercritical
611.0	914.5	608.08	0.0016445	577.4	727.8	1.9905	0.9646	1.4066	624.44	0.00058138	5.8884e-05	0.08223	supercritical
611.0	917.75	609.29	0.0016412	577.17	727.79	1.9896	0.96473	1.4067	625.56	0.00035523	5.9019e-05	0.08236	supercritical
611.0	921.0	610.5	0.001638	576.93	727.79	1.9888	0.96486	1.4067	626.68	0.00013074	5.9154e-05	0.082489	supercritical
611.0	924.25	611.71	0.0016348	576.7	727.79	1.9879	0.96499	1.4068	627.8	-9.2106e-05	5.9288e-05	0.082618	supercritical
611.0	927.5	612.91	0.0016316	576.46	727.79	1.987	0.96513	1.4068	628.91	-0.00031332	5.9423e-05	0.082747	supercritical
611.0	930.75	614.1	0.0016284	576.23	727.79	1.9862	0.96526	1.4069	630.03	-0.00053292	5.9557e-05	0.082875	supercritical
611.0	934.0	615.29	0.0016252	576.0	727.8	1.9853	0.96539	1.4069	631.14	-0.00075093	5.9692e-05	0.083003	supercritical
611.0	937.25	616.48	0.0016221	575.77	727.8	1.9845	0.96552	1.407	632.26	-0.00096735	5.9826e-05	0.083131	supercritical
611.0	940.5	617.66	0.001619	575.54	727.81	1.9836	0.96565	1.407	633.37	-0.0011822	5.9961e-05	0.083259	supercritical
611.0	943.75	618.84	0.0016159	575.31	727.81	1.9828	0.96578	1.4071	634.48	-0.0013955	6.0095e-05	0.083387	supercritical
611.0	947.0	620.01	0.0016129	575.08	727.82	1.9819	0.96591	1.4071	635.59	-0.0016073	6.0229e-05	0.083514	supercritical
611.0	950.25	621.18	0.0016098	574.85	727.83	1.9811	0.96604	1.4072	636.7	-0.0018175	6.0363e-05	0.083641	supercritical
611.0	953.5	622.35	0.0016068	574.63	727.84	1.9802	0.96616	1.4072	637.8	-0.0020262	6.0497e-05	0.083768	supercritical
611.0	956.75	623.51	0.0016038	574.4	727.85	1.9794	0.96629	1.4072	638.91	-0.0022334	6.0631e-05	0.083895	supercritical
611.0	960.0	624.67	0.0016008	574.18	727.86	1.9785	0.96642	1.4073	640.01	-0.0024392	6.0765e-05	0.084022	supercritical
611.0	963.25	625.82	0.0015979	573.95	727.87	1.9777	0.96655	1.4073	641.12	-0.0026435	6.0899e-05	0.084148	supercritical
611.0	966.5	626.97	0.001595	573.73	727.88	1.9769	0.96668	1.4074	642.22	-0.0028463	6.1033e-05	0.084274	supercritical
611.0	969.75	628.12	0.0015921	573.5	727.89	1.9761	0.96681	1.4074	643.32	-0.0030477	6.1166e-05	0.0844	supercritical
611.0	973.0	629.26	0.0015892	573.28	727.91	1.9752	0.96694	1.4074	644.42	-0.0032476	6.13e-05	0.084526	supercritical
611.0	976.25	630.4	0.0015863	573.06	727.92	1.9744	0.96707	1.4074	645.52	-0.0034462	6.1433e-05	0.084651	supercritical
611.0	979.5	631.53	0.0015835	572.84	727.94	1.9736	0.96719	1.4075	646.62	-0.0036433	6.1567e-05	0.084776	supercritical
611.0	982.75	632.66	0.0015806	572.62	727.96	1.9728	0.96732	1.4075	647.72	-0.0038391	6.17e-05	0.084902	supercritical
611.0	986.0	633.78	0.0015778	572.4	727.98	1.972	0.96745	1.4075	648.81	-0.0040335	6.1833e-05	0.085027	supercritical
611.0	989.25	634.9	0.001575	572.18	727.99	1.9712	0.96758	1.4076	649.91	-0.0042265	6.1967e-05	0.085151	supercritical
611.0	992.5	636.02	0.0015723	571.97	728.01	1.9704	0.96771	1.4076	651.0	-0.0044182	6.21e-05	0.085276	supercritical
611.0	995.75	637.13	0.0015695	571.75	728.03	1.9696	0.96783	1.4076	652.09	-0.0046086	6.2233e-05	0.0854	supercritical
611.0	999.0	638.24	0.0015668	571.53	728.06	1.9688	0.96796	1.4076	653.18	-0.0047976	6.2366e-05	0.085524	supercritical
611.0	1002.2	639.35	0.0015641	571.32	728.08	1.968	0.96809	1.4077	654.27	-0.0049853	6.2499e-05	0.085648	supercritical
611.0	1005.5	640.45	0.0015614	571.1	728.1	1.9672	0.96822	1.4077	655.36	-0.0051717	6.2632e-05	0.085772	supercritical
611.0	1008.8	641.55	0.0015587	570.89	728.13	1.9664	0.96834	1.4077	656.45	-0.0053569	6.2764e-05	0.085896	supercritical
611.0	1012.0	642.65	0.0015561	570.68	728.15	1.9656	0.96847	1.4077	657.54	-0.0055407	6.2897e-05	0.086019	supercritical
611.0	1015.2	643.74	0.0015534	570.46	728.18	1.9648	0.9686	1.4077	658.62	-0.0057233	6.3029e-05	0.086142	supercritical
611.0	1018.5	644.82	0.0015508	570.25	728.2	1.964	0.96872	1.4077	659.71	-0.0059047	6.3162e-05	0.086265	supercritical
611.0	1021.8	645.91	0.0015482	570.04	728.23	1.9633	0.96885	1.4078	660.79	-0.0060848	6.3294e-05	0.086388	supercritical
611.0	1025.0	646.99	0.0015456	569.83	728.26	1.9625	0.96898	1.4078	661.87	-0.0062637	6.3427e-05	0.086511	supercritical
611.0	1028.2	648.06	0.0015431	569.62	728.29	1.9617	0.9691	1.4078	662.95	-0.0064414	6.3559e-05	0.086633	supercritical
611.0	1031.5	649.13	0.0015405	569.41	728.32	1.9609	0.96923	1.4078	664.03	-0.0066179	6.3691e-05	0.086756	supercritical
611.0	1034.8	650.2	0.001538	569.21	728.35	1.9602	0.96935	1.4078	665.11	-0.0067932	6.3823e-05	0.086878	supercritical
611.0	1038.0	651.27	0.0015355	569.0	728.38	1.9594	0.96948	1.4078	666.19	-0.0069673	6.3955e-05	0.087	supercritical
611.0	1041.2	652.33	0.001533	568.79	728.41	1.9586	0.96961	1.4078	667.26	-0.0071402	6.4087e-05	0.087122	supercritical
611.0	1044.5	653.39	0.0015305	568.59	728.45	1.9579	0.96973	1.4078	668.34	-0.007312	6.4219e-05	0.087243	supercritical
611.0	1047.8	654.44	0.001528	568.38	728.48	1.9571	0.96986	1.4078	669.41	-0.0074826	6.4351e-05	0.087365	supercritical
611.0	1051.0	655.49	0.0015256	568.18	728.51	1.9564	0.96998	1.4078	670.48	-0.0076521	6.4482e-05	0.087486	supercritical
611.0	1054.2	656.54	0.0015231	567.97	728.55	1.9556	0.97011	1.4078	671.56	-0.0078205	6.4614e-05	0.087607	supercritical
611.0	1057.5	657.59	0.0015207	567.77	728.59	1.9549	0.97023	1.4079	672.63	-0.0079877	6.4745e-05	0.087728	supercritical
611.0	1060.8	658.63	0.0015183	567.57	728.62	1.9541	0.97036	1.4079	673.7	-0.0081539	6.4877e-05	0.087849	supercritical
611.0	1064.0	659.66	0.0015159	567.37	728.66	1.9534	0.97048	1.4079	674.76	-0.0083189	6.5008e-05	0.087969	supercritical
611.0	1067.2	660.7	0.0015136	567.16	728.7	1.9526	0.97061	1.4079	675.83	-0.0084829	6.5139e-05	0.08809	supercritical
611.0	1070.5	661.73	0.0015112	566.96	728.74	1.9519	0.97073	1.4079	676.9	-0.0086458	6.5271e-05	0.08821	supercritical
611.0	1073.8	662.75	0.0015089	566.76	728.78	1.9511	0.97086	1.4079	677.96	-0.0088076	6.5402e-05	0.08833	supercritical
611.0	1077.0	663.78	0.0015065	566.56	728.82	1.9504	0.97098	1.4079	679.02	-0.0089684	6.5533e-05	0.08845	supercritical
611.0	1080.2	664.8	0.0015042	566.37	728.86	1.9497	0.97111	1.4079	680.09	-0.0091281	6.5664e-05	0.08857	supercritical
611.0	1083.5	665.82	0.0015019	566.17	728.9	1.9489	0.97123	1.4078	681.15	-0.0092868	6.5794e-05	0.08869	supercritical
611.0	1086.8	666.83	0.0014996	565.97	728.94	1.9482	0.97136	1.4078	682.21	-0.0094444	6.5925e-05	0.088809	supercritical
611.0	1090.0	667.84	0.0014974	565.78	728.99	1.9475	0.97148	1.4078	683.27	-0.009601	6.6056e-05	0.088929	supercritical
611.0	1093.2	668.85	0.0014951	565.58	729.03	1.9468	0.97161	1.4078	684.32	-0.0097566	6.6186e-05	0.089048	supercritical
611.0	1096.5	669.85	0.0014929	565.38	729.08	1.946	0.97173	1.4078	685.38	-0.0099113	6.6317e-05	0.089167	supercritical
611.0	1099.8	670.85	0.0014906	565.19	729.12	1.9453	0.97185	1.4078	686.44	-0.010065	6.6447e-05	0.089286	supercritical
611.0	1103.0	671.85	0.0014884	565.0	729.17	1.9446	0.97198	1.4078	687.49	-0.010218	6.6578e-05	0.089405	supercritical
611.0	1106.2	672.84	0.0014862	564.8	729.22	1.9439	0.9721	1.4078	688.54	-0.010369	6.6708e-05	0.089524	supercritical
611.0	1109.5	673.83	0.001484	564.61	729.26	1.9432	0.97223	1.4078	689.6	-0.01052	6.6838e-05	0.089642	supercritical
611.0	1112.8	674.82	0.0014819	564.42	729.31	1.9425	0.97235	1.4078	690.65	-0.01067	6.6968e-05	0.08976	supercritical
611.0	1116.0	675.81	0.0014797	564.23	729.36	1.9418	0.97247	1.4078	691.7	-0.010818	6.7098e-05	0.089879	supercritical
611.0	1119.2	676.79	0.0014776	564.04	729.41	1.9411	0.9726	1.4078	692.74	-0.010966	6.7228e-05	0.089997	supercritical
611.0	1122.5	677.77	0.0014754	563.85	729.46	1.9404	0.97272	1.4078	693.79	-0.011113	6.7358e-05	0.090115	supercritical
611.0	1125.8	678.74	0.0014733	563.66	729.51	1.9397	0.97284	1.4077	694.84	-0.011259	6.7487e-05	0.090232	supercritical
611.0	1129.0	679.72	0.0014712	563.47	729.57	1.939	0.97297	1.4077	695.88	-0.011404	6.7617e-05	0.09035	supercritical
611.0	1132.2	680.69	0.0014691	563.28	729.62	1.9383	0.97309	1.4077	696.93	-0.011548	6.7747e-05	0.090468	supercritical
611.0	1135.5	681.65	0.001467	563.09	729.67	1.9376	0.97321	1.4077	697.97	-0.011691	6.7876e-05	0.090585	supercritical
611.0	1138.8	682.62	0.001465	562.9	729.72	1.9369	0.97334	1.4077	699.01	-0.011834	6.8005e-05	0.090702	supercritical
611.0	1142.0	683.58	0.0014629	562.72	729.78	1.9362	0.97346	1.4077	700.05	-0.011975	6.8135e-05	0.090819	supercritical
611.0	1145.2	684.53	0.0014608	562.53	729.83	1.9355	0.97358	1.4076	701.09	-0.012116	6.8264e-05	0.090936	supercritical
611.0	1148.5	685.49	0.0014588	562.35	729.89	1.9348	0.97371	1.4076	702.13	-0.012256	6.8393e-05	0.091053	supercritical
611.0	1151.8	686.44	0.0014568	562.16	729.95	1.9341	0.97383	1.4076	703.17	-0.012394	6.8522e-05	0.09117	supercritical
611.0	1155.0	687.39	0.0014548	561.98	730.0	1.9335	0.97395	1.4076	704.2	-0.012532	6.8651e-05	0.091287	supercritical
611.0	1158.2	688.33	0.0014528	561.79	730.06	1.9328	0.97407	1.4076	705.24	-0.012669	6.878e-05	0.091403	supercritical
611.0	1161.5	689.28	0.0014508	561.61	730.12	1.9321	0.9742	1.4076	706.27	-0.012806	6.8909e-05	0.091519	supercritical
611.0	1164.8	690.22	0.0014488	561.43	730.18	1.9314	0.97432	1.4075	707.3	-0.012941	6.9037e-05	0.091636	supercritical
611.0	1168.0	691.15	0.0014469	561.24	730.24	1.9307	0.97444	1.4075	708.34	-0.013076	6.9166e-05	0.091752	supercritical
611.0	1171.2	692.09	0.0014449	561.06	730.3	1.9301	0.97456	1.4075	709.37	-0.01321	6.9295e-05	0.091868	supercritical
611.0	1174.5	693.02	0.001443	560.88	730.36	1.9294	0.97469	1.4075	710.4	-0.013342	6.9423e-05	0.091983	supercritical
611.0	1177.8	693.95	0.001441	560.7	730.42	1.9287	0.97481	1.4075	711.42	-0.013475	6.9551e-05	0.092099	supercritical
611.0	1181.0	694.87	0.0014391	560.52	730.48	1.9281	0.97493	1.4074	712.45	-0.013606	6.968e-05	0.092215	supercritical
611.0	1184.2	695.8	0.0014372	560.34	730.54	1.9274	0.97505	1.4074	713.48	-0.013736	6.9808e-05	0.09233	supercritical
611.0	1187.5	696.72	0.0014353	560.17	730.61	1.9268	0.97517	1.4074	714.5	-0.013866	6.9936e-05	0.092446	supercritical
611.0	1190.8	697.63	0.0014334	559.99	730.67	1.9261	0.9753	1.4074	715.52	-0.013995	7.0064e-05	0.092561	supercritical
611.0	1194.0	698.55	0.0014315	559.81	730.74	1.9254	0.97542	1.4073	716.55	-0.014123	7.0192e-05	0.092676	supercritical
611.0	1197.2	699.46	0.0014297	559.63	730.8	1.9248	0.97554	1.4073	717.57	-0.014251	7.032e-05	0.092791	supercritical
611.0	1200.5	700.37	0.0014278	559.46	730.87	1.9241	0.97566	1.4073	718.59	-0.014377	7.0447e-05	0.092906	supercritical
611.0	1203.8	701.28	0.001426	559.28	730.93	1.9235	0.97578	1.4073	719.61	-0.014503	7.0575e-05	0.093021	supercritical
611.0	1207.0	702.18	0.0014241	559.11	731.0	1.9228	0.9759	1.4072	720.62	-0.014628	7.0703e-05	0.093135	supercritical
611.0	1210.2	703.08	0.0014223	558.93	731.07	1.9222	0.97603	1.4072	721.64	-0.014753	7.083e-05	0.09325	supercritical
611.0	1213.5	703.98	0.0014205	558.76	731.13	1.9215	0.97615	1.4072	722.66	-0.014876	7.0957e-05	0.093364	supercritical
611.0	1216.8	704.88	0.0014187	558.58	731.2	1.9209	0.97627	1.4072	723.67	-0.014999	7.1085e-05	0.093479	supercritical
611.0	1220.0	705.77	0.0014169	558.41	731.27	1.9203	0.97639	1.4071	724.68	-0.015121	7.1212e-05	0.093593	supercritical
611.0	1223.2	706.66	0.0014151	558.24	731.34	1.9196	0.97651	1.4071	725.7	-0.015243	7.1339e-05	0.093707	supercritical
611.0	1226.5	707.55	0.0014133	558.06	731.41	1.919	0.97663	1.4071	726.71	-0.015363	7.1466e-05	0.093821	supercritical
611.0	1229.8	708.43	0.0014116	557.89	731.48	1.9183	0.97675	1.407	727.72	-0.015483	7.1593e-05	0.093935	supercritical
611.0	1233.0	709.32	0.0014098	557.72	731.55	1.9177	0.97687	1.407	728.73	-0.015603	7.172e-05	0.094049	supercritical
611.0	1236.2	710.2	0.0014081	557.55	731.62	1.9171	0.977	1.407	729.73	-0.015721	7.1847e-05	0.094163	supercritical
611.0	1239.5	711.07	0.0014063	557.38	731.7	1.9164	0.97712	1.407	730.74	-0.015839	7.1974e-05	0.094276	supercritical
611.0	1242.8	711.95	0.0014046	557.21	731.77	1.9158	0.97724	1.4069	731.74	-0.015956	7.21e-05	0.09439	supercritical
611.0	1246.0	712.82	0.0014029	557.04	731.84	1.9152	0.97736	1.4069	732.75	-0.016073	7.2227e-05	0.094503	supercritical
611.0	1249.2	713.69	0.0014012	556.87	731.92	1.9146	0.97748	1.4069	733.75	-0.016188	7.2353e-05	0.094616	supercritical
611.0	1252.5	714.56	0.0013995	556.71	731.99	1.9139	0.9776	1.4068	734.75	-0.016303	7.248e-05	0.09473	supercritical
611.0	1255.8	715.42	0.0013978	556.54	732.06	1.9133	0.97772	1.4068	735.75	-0.016418	7.2606e-05	0.094843	supercritical
611.0	1259.0	716.29	0.0013961	556.37	732.14	1.9127	0.97784	1.4068	736.75	-0.016532	7.2732e-05	0.094956	supercritical
611.0	1262.2	717.15	0.0013944	556.21	732.22	1.9121	0.97796	1.4067	737.75	-0.016645	7.2858e-05	0.095069	supercritical
611.0	1265.5	718.0	0.0013927	556.04	732.29	1.9115	0.97808	1.4067	738.75	-0.016757	7.2984e-05	0.095182	supercritical
611.0	1268.8	718.86	0.0013911	555.87	732.37	1.9108	0.9782	1.4067	739.75	-0.016869	7.311e-05	0.095294	supercritical
611.0	1272.0	719.71	0.0013894	555.71	732.45	1.9102	0.97832	1.4066	740.74	-0.01698	7.3236e-05	0.095407	supercritical
611.0	1275.2	720.56	0.0013878	555.54	732.52	1.9096	0.97844	1.4066	741.73	-0.01709	7.3362e-05	0.095519	supercritical
611.0	1278.5	721.41	0.0013862	555.38	732.6	1.909	0.97856	1.4066	742.73	-0.0172	7.3488e-05	0.095632	supercritical
611.0	1281.8	722.26	0.0013845	555.22	732.68	1.9084	0.97868	1.4065	743.72	-0.017309	7.3613e-05	0.095744	supercritical
611.0	1285.0	723.1	0.0013829	555.05	732.76	1.9078	0.9788	1.4065	744.71	-0.017418	7.3739e-05	0.095856	supercritical
611.0	1288.2	723.94	0.0013813	554.89	732.84	1.9072	0.97892	1.4065	745.7	-0.017526	7.3864e-05	0.095969	supercritical
611.0	1291.5	724.78	0.0013797	554.73	732.92	1.9066	0.97904	1.4064	746.69	-0.017633	7.399e-05	0.096081	supercritical
611.0	1294.8	725.62	0.0013781	554.57	733.0	1.906	0.97916	1.4064	747.67	-0.01774	7.4115e-05	0.096193	supercritical
611.0	1298.0	726.45	0.0013766	554.41	733.08	1.9054	0.97928	1.4064	748.66	-0.017846	7.424e-05	0.096305	supercritical
611.0	1301.2	727.28	0.001375	554.24	733.16	1.9048	0.9794	1.4063	749.64	-0.017951	7.4365e-05	0.096416	supercritical
611.0	1304.5	728.11	0.0013734	554.08	733.25	1.9042	0.97952	1.4063	750.63	-0.018056	7.449e-05	0.096528	supercritical
611.0	1307.8	728.94	0.0013719	553.92	733.33	1.9036	0.97964	1.4063	751.61	-0.01816	7.4615e-05	0.09664	supercritical
611.0	1311.0	729.76	0.0013703	553.77	733.41	1.903	0.97976	1.4062	752.59	-0.018264	7.474e-05	0.096751	supercritical
611.0	1314.2	730.58	0.0013688	553.61	733.5	1.9024	0.97988	1.4062	753.57	-0.018367	7.4865e-05	0.096863	supercritical
611.0	1317.5	731.4	0.0013672	553.45	733.58	1.9018	0.98	1.4061	754.55	-0.018469	7.499e-05	0.096974	supercritical
611.0	1320.8	732.22	0.0013657	553.29	733.67	1.9012	0.98012	1.4061	755.53	-0.018571	7.5114e-05	0.097086	supercritical
611.0	1324.0	733.04	0.0013642	553.13	733.75	1.9007	0.98024	1.4061	756.51	-0.018672	7.5239e-05	0.097197	supercritical
611.0	1327.2	733.85	0.0013627	552.98	733.84	1.9001	0.98036	1.406	757.48	-0.018773	7.5363e-05	0.097308	supercritical
611.0	1330.5	734.66	0.0013612	552.82	733.92	1.8995	0.98048	1.406	758.46	-0.018873	7.5488e-05	0.097419	supercritical
611.0	1333.8	735.47	0.0013597	552.66	734.01	1.8989	0.9806	1.406	759.43	-0.018972	7.5612e-05	0.09753	supercritical
611.0	1337.0	736.28	0.0013582	552.51	734.1	1.8983	0.98072	1.4059	760.4	-0.019071	7.5736e-05	0.097641	supercritical
611.0	1340.2	737.08	0.0013567	552.35	734.18	1.8977	0.98084	1.4059	761.37	-0.01917	7.586e-05	0.097752	supercritical
611.0	1343.5	737.89	0.0013552	552.2	734.27	1.8972	0.98096	1.4059	762.34	-0.019268	7.5984e-05	0.097862	supercritical
611.0	1346.8	738.69	0.0013538	552.04	734.36	1.8966	0.98108	1.4058	763.31	-0.019365	7.6108e-05	0.097973	supercritical
611.0	1350.0	739.48	0.0013523	551.89	734.45	1.896	0.9812	1.4058	764.28	-0.019462	7.6232e-05	0.098084	supercritical
611.0	1353.2	740.28	0.0013508	551.73	734.54	1.8954	0.98132	1.4057	765.24	-0.019558	7.6356e-05	0.098194	supercritical
611.0	1356.5	741.07	0.0013494	551.58	734.63	1.8949	0.98144	1.4057	766.21	-0.019653	7.648e-05	0.098305	supercritical
611.0	1359.8	741.87	0.001348	551.43	734.72	1.8943	0.98155	1.4057	767.17	-0.019748	7.6604e-05	0.098415	supercritical
611.0	1363.0	742.66	0.0013465	551.28	734.81	1.8937	0.98167	1.4056	768.14	-0.019843	7.6727e-05	0.098525	supercritical
611.0	1366.2	743.44	0.0013451	551.12	734.9	1.8932	0.98179	1.4056	769.1	-0.019937	7.6851e-05	0.098636	supercritical
611.0	1369.5	744.23	0.0013437	550.97	734.99	1.8926	0.98191	1.4056	770.06	-0.02003	7.6974e-05	0.098746	supercritical
611.0	1372.8	745.01	0.0013423	550.82	735.08	1.892	0.98203	1.4055	771.02	-0.020123	7.7097e-05	0.098856	supercritical
611.0	1376.0	745.79	0.0013409	550.67	735.17	1.8915	0.98215	1.4055	771.98	-0.020216	7.7221e-05	0.098966	supercritical
611.0	1379.2	746.57	0.0013395	550.52	735.27	1.8909	0.98227	1.4054	772.94	-0.020308	7.7344e-05	0.099076	supercritical
611.0	1382.5	747.35	0.0013381	550.37	735.36	1.8904	0.98239	1.4054	773.89	-0.020399	7.7467e-05	0.099186	supercritical
611.0	1385.8	748.13	0.0013367	550.22	735.45	1.8898	0.9825	1.4054	774.85	-0.02049	7.759e-05	0.099296	supercritical
611.0	1389.0	748.9	0.0013353	550.07	735.55	1.8892	0.98262	1.4053	775.8	-0.02058	7.7713e-05	0.099405	supercritical
611.0	1392.2	749.67	0.0013339	549.92	735.64	1.8887	0.98274	1.4053	776.75	-0.02067	7.7836e-05	0.099515	supercritical
611.0	1395.5	750.44	0.0013326	549.78	735.73	1.8881	0.98286	1.4053	777.71	-0.020759	7.7959e-05	0.099625	supercritical
611.0	1398.8	751.21	0.0013312	549.63	735.83	1.8876	0.98298	1.4052	778.66	-0.020848	7.8081e-05	0.099734	supercritical
611.0	1402.0	751.97	0.0013298	549.48	735.92	1.887	0.9831	1.4052	779.6	-0.020937	7.8204e-05	0.099844	supercritical
611.0	1405.2	752.74	0.0013285	549.33	736.02	1.8865	0.98322	1.4051	780.55	-0.021024	7.8327e-05	0.099953	supercritical
611.0	1408.5	753.5	0.0013271	549.19	736.12	1.8859	0.98333	1.4051	781.5	-0.021112	7.8449e-05	0.10006	supercritical
611.0	1411.8	754.26	0.0013258	549.04	736.21	1.8854	0.98345	1.4051	782.45	-0.021199	7.8571e-05	0.10017	supercritical
611.0	1415.0	755.01	0.0013245	548.9	736.31	1.8848	0.98357	1.405	783.39	-0.021285	7.8694e-05	0.10028	supercritical
611.0	1418.2	755.77	0.0013232	548.75	736.41	1.8843	0.98369	1.405	784.33	-0.021371	7.8816e-05	0.10039	supercritical
611.0	1421.5	756.52	0.0013218	548.61	736.51	1.8837	0.98381	1.4049	785.28	-0.021456	7.8938e-05	0.1005	supercritical
611.0	1424.8	757.27	0.0013205	548.46	736.6	1.8832	0.98393	1.4049	786.22	-0.021541	7.906e-05	0.10061	supercritical
611.0	1428.0	758.02	0.0013192	548.32	736.7	1.8827	0.98404	1.4049	787.16	-0.021626	7.9182e-05	0.10072	supercritical
611.0	1431.2	758.77	0.0013179	548.17	736.8	1.8821	0.98416	1.4048	788.1	-0.02171	7.9304e-05	0.10083	supercritical
611.0	1434.5	759.52	0.0013166	548.03	736.9	1.8816	0.98428	1.4048	789.04	-0.021793	7.9426e-05	0.10093	supercritical
611.0	1437.8	760.26	0.0013153	547.89	737.0	1.881	0.9844	1.4048	789.97	-0.021877	7.9548e-05	0.10104	supercritical
611.0	1441.0	761.0	0.0013141	547.75	737.1	1.8805	0.98452	1.4047	790.91	-0.021959	7.967e-05	0.10115	supercritical
611.0	1444.2	761.75	0.0013128	547.6	737.2	1.88	0.98463	1.4047	791.84	-0.022041	7.9791e-05	0.10126	supercritical
611.0	1447.5	762.48	0.0013115	547.46	737.3	1.8794	0.98475	1.4046	792.78	-0.022123	7.9913e-05	0.10137	supercritical
611.0	1450.8	763.22	0.0013102	547.32	737.4	1.8789	0.98487	1.4046	793.71	-0.022204	8.0034e-05	0.10148	supercritical
611.0	1454.0	763.96	0.001309	547.18	737.5	1.8784	0.98499	1.4046	794.64	-0.022285	8.0156e-05	0.10159	supercritical
611.0	1457.2	764.69	0.0013077	547.04	737.61	1.8779	0.9851	1.4045	795.57	-0.022365	8.0277e-05	0.1017	supercritical
611.0	1460.5	765.42	0.0013065	546.9	737.71	1.8773	0.98522	1.4045	796.5	-0.022445	8.0398e-05	0.1018	supercritical
611.0	1463.8	766.15	0.0013052	546.76	737.81	1.8768	0.98534	1.4045	797.43	-0.022525	8.0519e-05	0.10191	supercritical
611.0	1467.0	766.88	0.001304	546.62	737.91	1.8763	0.98546	1.4044	798.35	-0.022604	8.0641e-05	0.10202	supercritical
611.0	1470.2	767.6	0.0013028	546.48	738.02	1.8757	0.98558	1.4044	799.28	-0.022682	8.0762e-05	0.10213	supercritical
611.0	1473.5	768.33	0.0013015	546.34	738.12	1.8752	0.98569	1.4043	800.2	-0.022761	8.0883e-05	0.10224	supercritical
611.0	1476.8	769.05	0.0013003	546.2	738.23	1.8747	0.98581	1.4043	801.13	-0.022838	8.1004e-05	0.10234	supercritical
611.0	1480.0	769.77	0.0012991	546.06	738.33	1.8742	0.98593	1.4043	802.05	-0.022916	8.1124e-05	0.10245	supercritical
611.0	1483.2	770.49	0.0012979	545.93	738.43	1.8737	0.98605	1.4042	802.97	-0.022993	8.1245e-05	0.10256	supercritical
611.0	1486.5	771.2	0.0012967	545.79	738.54	1.8731	0.98616	1.4042	803.89	-0.023069	8.1366e-05	0.10267	supercritical
611.0	1489.8	771.92	0.0012955	545.65	738.64	1.8726	0.98628	1.4042	804.81	-0.023145	8.1486e-05	0.10278	supercritical
611.0	1493.0	772.63	0.0012943	545.52	738.75	1.8721	0.9864	1.4041	805.73	-0.023221	8.1607e-05	0.10288	supercritical
611.0	1496.2	773.35	0.0012931	545.38	738.86	1.8716	0.98651	1.4041	806.64	-0.023296	8.1727e-05	0.10299	supercritical
611.0	1499.5	774.06	0.0012919	545.24	738.96	1.8711	0.98663	1.404	807.56	-0.023371	8.1848e-05	0.1031	supercritical
611.0	1502.8	774.76	0.0012907	545.11	739.07	1.8706	0.98675	1.404	808.47	-0.023445	8.1968e-05	0.10321	supercritical
611.0	1506.0	775.47	0.0012895	544.97	739.18	1.8701	0.98687	1.404	809.39	-0.023519	8.2088e-05	0.10332	supercritical
611.0	1509.2	776.18	0.0012884	544.84	739.28	1.8696	0.98698	1.4039	810.3	-0.023593	8.2209e-05	0.10342	supercritical
611.0	1512.5	776.88	0.0012872	544.7	739.39	1.869	0.9871	1.4039	811.21	-0.023666	8.2329e-05	0.10353	supercritical
611.0	1515.8	777.58	0.001286	544.57	739.5	1.8685	0.98722	1.4039	812.12	-0.023739	8.2449e-05	0.10364	supercritical
611.0	1519.0	778.28	0.0012849	544.44	739.61	1.868	0.98733	1.4038	813.03	-0.023811	8.2569e-05	0.10375	supercritical
611.0	1522.2	778.98	0.0012837	544.3	739.72	1.8675	0.98745	1.4038	813.94	-0.023883	8.2689e-05	0.10385	supercritical
611.0	1525.5	779.67	0.0012826	544.17	739.83	1.867	0.98757	1.4038	814.84	-0.023955	8.2808e-05	0.10396	supercritical
611.0	1528.8	780.37	0.0012814	544.04	739.94	1.8665	0.98769	1.4037	815.75	-0.024026	8.2928e-05	0.10407	supercritical
611.0	1532.0	781.06	0.0012803	543.9	740.05	1.866	0.9878	1.4037	816.65	-0.024097	8.3048e-05	0.10418	supercritical
611.0	1535.2	781.75	0.0012792	543.77	740.16	1.8655	0.98792	1.4036	817.56	-0.024168	8.3167e-05	0.10428	supercritical
611.0	1538.5	782.44	0.001278	543.64	740.27	1.865	0.98804	1.4036	818.46	-0.024238	8.3287e-05	0.10439	supercritical
611.0	1541.8	783.13	0.0012769	543.51	740.38	1.8645	0.98815	1.4036	819.36	-0.024308	8.3406e-05	0.1045	supercritical
611.0	1545.0	783.82	0.0012758	543.38	740.49	1.864	0.98827	1.4035	820.26	-0.024377	8.3526e-05	0.1046	supercritical
611.0	1548.2	784.51	0.0012747	543.25	740.6	1.8635	0.98839	1.4035	821.16	-0.024446	8.3645e-05	0.10471	supercritical
611.0	1551.5	785.19	0.0012736	543.12	740.71	1.863	0.9885	1.4035	822.06	-0.024515	8.3764e-05	0.10482	supercritical
611.0	1554.8	785.87	0.0012725	542.99	740.82	1.8625	0.98862	1.4034	822.95	-0.024583	8.3884e-05	0.10493	supercritical
611.0	1558.0	786.55	0.0012714	542.86	740.94	1.862	0.98874	1.4034	823.85	-0.024651	8.4003e-05	0.10503	supercritical
611.0	1561.2	787.23	0.0012703	542.73	741.05	1.8616	0.98885	1.4034	824.74	-0.024718	8.4122e-05	0.10514	supercritical
611.0	1564.5	787.91	0.0012692	542.6	741.16	1.8611	0.98897	1.4033	825.64	-0.024785	8.4241e-05	0.10525	supercritical
611.0	1567.8	788.58	0.0012681	542.47	741.27	1.8606	0.98908	1.4033	826.53	-0.024852	8.436e-05	0.10535	supercritical
611.0	1571.0	789.26	0.001267	542.34	741.39	1.8601	0.9892	1.4033	827.42	-0.024919	8.4479e-05	0.10546	supercritical
611.0	1574.2	789.93	0.0012659	542.21	741.5	1.8596	0.98932	1.4032	828.31	-0.024985	8.4597e-05	0.10557	supercritical
611.0	1577.5	790.6	0.0012649	542.08	741.62	1.8591	0.98943	1.4032	829.2	-0.025051	8.4716e-05	0.10567	supercritical
611.0	1580.8	791.27	0.0012638	541.96	741.73	1.8586	0.98955	1.4032	830.09	-0.025116	8.4835e-05	0.10578	supercritical
611.0	1584.0	791.94	0.0012627	541.83	741.84	1.8581	0.98967	1.4031	830.97	-0.025181	8.4953e-05	0.10589	supercritical
611.0	1587.2	792.61	0.0012617	541.7	741.96	1.8577	0.98978	1.4031	831.86	-0.025246	8.5072e-05	0.10599	supercritical
611.0	1590.5	793.27	0.0012606	541.58	742.08	1.8572	0.9899	1.4031	832.74	-0.02531	8.519e-05	0.1061	supercritical
611.0	1593.8	793.93	0.0012596	541.45	742.19	1.8567	0.99002	1.403	833.63	-0.025374	8.5309e-05	0.10621	supercritical
611.0	1597.0	794.6	0.0012585	541.32	742.31	1.8562	0.99013	1.403	834.51	-0.025438	8.5427e-05	0.10631	supercritical
611.0	1600.2	795.26	0.0012575	541.2	742.42	1.8557	0.99025	1.403	835.39	-0.025501	8.5546e-05	0.10642	supercritical
611.0	1603.5	795.92	0.0012564	541.07	742.54	1.8553	0.99036	1.4029	836.27	-0.025564	8.5664e-05	0.10653	supercritical
611.0	1606.8	796.57	0.0012554	540.95	742.66	1.8548	0.99048	1.4029	837.15	-0.025627	8.5782e-05	0.10663	supercritical
611.0	1610.0	797.23	0.0012543	540.82	742.77	1.8543	0.9906	1.4029	838.03	-0.025689	8.59e-05	0.10674	supercritical
611.0	1613.2	797.88	0.0012533	540.7	742.89	1.8538	0.99071	1.4028	838.91	-0.025751	8.6018e-05	0.10685	supercritical
611.0	1616.5	798.54	0.0012523	540.57	743.01	1.8534	0.99083	1.4028	839.78	-0.025813	8.6136e-05	0.10695	supercritical
611.0	1619.8	799.19	0.0012513	540.45	743.13	1.8529	0.99094	1.4028	840.66	-0.025874	8.6254e-05	0.10706	supercritical
611.0	1623.0	799.84	0.0012503	540.33	743.24	1.8524	0.99106	1.4027	841.53	-0.025935	8.6372e-05	0.10717	supercritical
611.0	1626.2	800.49	0.0012492	540.2	743.36	1.8519	0.99118	1.4027	842.4	-0.025996	8.6489e-05	0.10727	supercritical
611.0	1629.5	801.14	0.0012482	540.08	743.48	1.8515	0.99129	1.4027	843.27	-0.026056	8.6607e-05	0.10738	supercritical
611.0	1632.8	801.78	0.0012472	539.96	743.6	1.851	0.99141	1.4026	844.15	-0.026117	8.6725e-05	0.10748	supercritical
611.0	1636.0	802.43	0.0012462	539.84	743.72	1.8505	0.99152	1.4026	845.02	-0.026176	8.6842e-05	0.10759	supercritical
611.0	1639.2	803.07	0.0012452	539.71	743.84	1.8501	0.99164	1.4026	845.88	-0.026236	8.696e-05	0.1077	supercritical
611.0	1642.5	803.71	0.0012442	539.59	743.96	1.8496	0.99175	1.4025	846.75	-0.026295	8.7077e-05	0.1078	supercritical
611.0	1645.8	804.35	0.0012432	539.47	744.08	1.8491	0.99187	1.4025	847.62	-0.026354	8.7195e-05	0.10791	supercritical
611.0	1649.0	804.99	0.0012423	539.35	744.2	1.8487	0.99198	1.4025	848.48	-0.026412	8.7312e-05	0.10801	supercritical
611.0	1652.2	805.63	0.0012413	539.23	744.32	1.8482	0.9921	1.4024	849.35	-0.026471	8.7429e-05	0.10812	supercritical
611.0	1655.5	806.26	0.0012403	539.11	744.44	1.8477	0.99222	1.4024	850.21	-0.026529	8.7546e-05	0.10823	supercritical
611.0	1658.8	806.9	0.0012393	538.99	744.56	1.8473	0.99233	1.4024	851.07	-0.026586	8.7664e-05	0.10833	supercritical
611.0	1662.0	807.53	0.0012383	538.87	744.68	1.8468	0.99245	1.4023	851.93	-0.026644	8.7781e-05	0.10844	supercritical
611.0	1665.2	808.16	0.0012374	538.75	744.8	1.8464	0.99256	1.4023	852.79	-0.026701	8.7898e-05	0.10854	supercritical
611.0	1668.5	808.79	0.0012364	538.63	744.93	1.8459	0.99268	1.4023	853.65	-0.026757	8.8015e-05	0.10865	supercritical
611.0	1671.8	809.42	0.0012354	538.51	745.05	1.8454	0.99279	1.4023	854.51	-0.026814	8.8132e-05	0.10876	supercritical
611.0	1675.0	810.05	0.0012345	538.39	745.17	1.845	0.99291	1.4022	855.37	-0.02687	8.8248e-05	0.10886	supercritical
611.0	1678.2	810.68	0.0012335	538.27	745.29	1.8445	0.99302	1.4022	856.22	-0.026926	8.8365e-05	0.10897	supercritical
611.0	1681.5	811.3	0.0012326	538.16	745.41	1.8441	0.99314	1.4022	857.08	-0.026982	8.8482e-05	0.10907	supercritical
611.0	1684.8	811.93	0.0012316	538.04	745.54	1.8436	0.99325	1.4021	857.93	-0.027037	8.8599e-05	0.10918	supercritical
611.0	1688.0	812.55	0.0012307	537.92	745.66	1.8432	0.99337	1.4021	858.79	-0.027092	8.8715e-05	0.10928	supercritical
611.0	1691.2	813.17	0.0012298	537.8	745.78	1.8427	0.99348	1.4021	859.64	-0.027147	8.8832e-05	0.10939	supercritical
611.0	1694.5	813.79	0.0012288	537.69	745.91	1.8423	0.9936	1.4021	860.49	-0.027201	8.8948e-05	0.1095	supercritical
611.0	1697.8	814.41	0.0012279	537.57	746.03	1.8418	0.99371	1.402	861.34	-0.027255	8.9065e-05	0.1096	supercritical
611.0	1701.0	815.03	0.001227	537.45	746.16	1.8414	0.99383	1.402	862.19	-0.027309	8.9181e-05	0.10971	supercritical
611.0	1704.2	815.64	0.001226	537.34	746.28	1.8409	0.99394	1.402	863.04	-0.027363	8.9297e-05	0.10981	supercritical
611.0	1707.5	816.26	0.0012251	537.22	746.41	1.8405	0.99406	1.4019	863.88	-0.027416	8.9413e-05	0.10992	supercritical
611.0	1710.8	816.87	0.0012242	537.1	746.53	1.84	0.99417	1.4019	864.73	-0.02747	8.953e-05	0.11002	supercritical
611.0	1714.0	817.48	0.0012233	536.99	746.66	1.8396	0.99429	1.4019	865.57	-0.027522	8.9646e-05	0.11013	supercritical
611.0	1717.2	818.1	0.0012224	536.87	746.78	1.8391	0.9944	1.4019	866.42	-0.027575	8.9762e-05	0.11024	supercritical
611.0	1720.5	818.71	0.0012214	536.76	746.91	1.8387	0.99452	1.4018	867.26	-0.027627	8.9878e-05	0.11034	supercritical
611.0	1723.8	819.31	0.0012205	536.64	747.03	1.8382	0.99463	1.4018	868.1	-0.027679	8.9994e-05	0.11045	supercritical
611.0	1727.0	819.92	0.0012196	536.53	747.16	1.8378	0.99475	1.4018	868.94	-0.027731	9.011e-05	0.11055	supercritical
611.0	1730.2	820.53	0.0012187	536.42	747.29	1.8374	0.99486	1.4017	869.78	-0.027783	9.0226e-05	0.11066	supercritical
611.0	1733.5	821.13	0.0012178	536.3	747.41	1.8369	0.99498	1.4017	870.62	-0.027834	9.0341e-05	0.11076	supercritical
611.0	1736.8	821.73	0.0012169	536.19	747.54	1.8365	0.99509	1.4017	871.46	-0.027885	9.0457e-05	0.11087	supercritical
611.0	1740.0	822.34	0.001216	536.08	747.67	1.836	0.99521	1.4017	872.29	-0.027936	9.0573e-05	0.11097	supercritical
611.0	1743.2	822.94	0.0012152	535.96	747.79	1.8356	0.99532	1.4016	873.13	-0.027986	9.0688e-05	0.11108	supercritical
611.0	1746.5	823.54	0.0012143	535.85	747.92	1.8352	0.99544	1.4016	873.96	-0.028036	9.0804e-05	0.11118	supercritical
611.0	1749.8	824.14	0.0012134	535.74	748.05	1.8347	0.99555	1.4016	874.8	-0.028086	9.092e-05	0.11129	supercritical
611.0	1753.0	824.73	0.0012125	535.62	748.18	1.8343	0.99567	1.4016	875.63	-0.028136	9.1035e-05	0.11139	supercritical
611.0	1756.2	825.33	0.0012116	535.51	748.31	1.8339	0.99578	1.4015	876.46	-0.028185	9.115e-05	0.1115	supercritical
611.0	1759.5	825.92	0.0012108	535.4	748.43	1.8334	0.99589	1.4015	877.29	-0.028235	9.1266e-05	0.11161	supercritical
611.0	1762.8	826.52	0.0012099	535.29	748.56	1.833	0.99601	1.4015	878.12	-0.028284	9.1381e-05	0.11171	supercritical
611.0	1766.0	827.11	0.001209	535.18	748.69	1.8326	0.99612	1.4015	878.95	-0.028332	9.1496e-05	0.11182	supercritical
611.0	1769.2	827.7	0.0012082	535.07	748.82	1.8321	0.99624	1.4014	879.78	-0.028381	9.1611e-05	0.11192	supercritical
611.0	1772.5	828.29	0.0012073	534.96	748.95	1.8317	0.99635	1.4014	880.6	-0.028429	9.1727e-05	0.11203	supercritical
611.0	1775.8	828.88	0.0012064	534.85	749.08	1.8313	0.99647	1.4014	881.43	-0.028477	9.1842e-05	0.11213	supercritical
611.0	1779.0	829.47	0.0012056	534.74	749.21	1.8308	0.99658	1.4014	882.26	-0.028525	9.1957e-05	0.11224	supercritical
611.0	1782.2	830.06	0.0012047	534.63	749.34	1.8304	0.9967	1.4013	883.08	-0.028573	9.2072e-05	0.11234	supercritical
611.0	1785.5	830.64	0.0012039	534.52	749.47	1.83	0.99681	1.4013	883.9	-0.02862	9.2187e-05	0.11245	supercritical
611.0	1788.8	831.22	0.001203	534.41	749.6	1.8296	0.99692	1.4013	884.72	-0.028667	9.2301e-05	0.11255	supercritical
611.0	1792.0	831.81	0.0012022	534.3	749.73	1.8291	0.99704	1.4013	885.54	-0.028714	9.2416e-05	0.11266	supercritical
611.0	1795.2	832.39	0.0012014	534.19	749.86	1.8287	0.99715	1.4012	886.36	-0.028761	9.2531e-05	0.11276	supercritical
611.0	1798.5	832.97	0.0012005	534.08	749.99	1.8283	0.99727	1.4012	887.18	-0.028807	9.2646e-05	0.11287	supercritical
611.0	1801.8	833.55	0.0011997	533.97	750.13	1.8279	0.99738	1.4012	888.0	-0.028853	9.276e-05	0.11297	supercritical
611.0	1805.0	834.13	0.0011989	533.86	750.26	1.8274	0.99749	1.4012	888.82	-0.028899	9.2875e-05	0.11308	supercritical
611.0	1808.2	834.71	0.001198	533.76	750.39	1.827	0.99761	1.4011	889.63	-0.028945	9.2989e-05	0.11318	supercritical
611.0	1811.5	835.28	0.0011972	533.65	750.52	1.8266	0.99772	1.4011	890.45	-0.02899	9.3104e-05	0.11329	supercritical
611.0	1814.8	835.86	0.0011964	533.54	750.65	1.8262	0.99784	1.4011	891.26	-0.029036	9.3218e-05	0.11339	supercritical
611.0	1818.0	836.43	0.0011956	533.43	750.78	1.8258	0.99795	1.4011	892.08	-0.029081	9.3333e-05	0.1135	supercritical
611.0	1821.2	837.0	0.0011947	533.33	750.92	1.8253	0.99806	1.4011	892.89	-0.029125	9.3447e-05	0.1136	supercritical
611.0	1824.5	837.58	0.0011939	533.22	751.05	1.8249	0.99818	1.401	893.7	-0.02917	9.3561e-05	0.11371	supercritical
611.0	1827.8	838.15	0.0011931	533.11	751.18	1.8245	0.99829	1.401	894.51	-0.029214	9.3676e-05	0.11381	supercritical
611.0	1831.0	838.72	0.0011923	533.01	751.32	1.8241	0.9984	1.401	895.32	-0.029259	9.379e-05	0.11392	supercritical
611.0	1834.2	839.28	0.0011915	532.9	751.45	1.8237	0.99852	1.401	896.13	-0.029303	9.3904e-05	0.11402	supercritical
611.0	1837.5	839.85	0.0011907	532.79	751.58	1.8233	0.99863	1.4009	896.93	-0.029346	9.4018e-05	0.11413	supercritical
611.0	1840.8	840.42	0.0011899	532.69	751.72	1.8228	0.99875	1.4009	897.74	-0.02939	9.4132e-05	0.11423	supercritical
611.0	1844.0	840.98	0.0011891	532.58	751.85	1.8224	0.99886	1.4009	898.55	-0.029433	9.4246e-05	0.11434	supercritical
611.0	1847.2	841.55	0.0011883	532.48	751.98	1.822	0.99897	1.4009	899.35	-0.029476	9.436e-05	0.11444	supercritical
611.0	1850.5	842.11	0.0011875	532.37	752.12	1.8216	0.99909	1.4009	900.15	-0.029519	9.4474e-05	0.11455	supercritical
611.0	1853.8	842.67	0.0011867	532.27	752.25	1.8212	0.9992	1.4008	900.96	-0.029562	9.4588e-05	0.11465	supercritical
611.0	1857.0	843.23	0.0011859	532.16	752.39	1.8208	0.99931	1.4008	901.76	-0.029604	9.4702e-05	0.11476	supercritical
611.0	1860.2	843.79	0.0011851	532.06	752.52	1.8204	0.99943	1.4008	902.56	-0.029647	9.4815e-05	0.11486	supercritical
611.0	1863.5	844.35	0.0011843	531.96	752.66	1.82	0.99954	1.4008	903.36	-0.029689	9.4929e-05	0.11497	supercritical
611.0	1866.8	844.91	0.0011836	531.85	752.79	1.8195	0.99965	1.4008	904.16	-0.029731	9.5043e-05	0.11507	supercritical
611.0	1870.0	845.46	0.0011828	531.75	752.93	1.8191	0.99977	1.4007	904.96	-0.029772	9.5156e-05	0.11518	supercritical
611.0	1873.2	846.02	0.001182	531.65	753.06	1.8187	0.99988	1.4007	905.75	-0.029814	9.527e-05	0.11528	supercritical
611.0	1876.5	846.57	0.0011812	531.54	753.2	1.8183	0.99999	1.4007	906.55	-0.029855	9.5383e-05	0.11538	supercritical
611.0	1879.8	847.13	0.0011805	531.44	753.34	1.8179	1.0001	1.4007	907.35	-0.029896	9.5497e-05	0.11549	supercritical
611.0	1883.0	847.68	0.0011797	531.34	753.47	1.8175	1.0002	1.4007	908.14	-0.029937	9.561e-05	0.11559	supercritical
611.0	1886.2	848.23	0.0011789	531.23	753.61	1.8171	1.0003	1.4006	908.93	-0.029978	9.5724e-05	0.1157	supercritical
611.0	1889.5	848.78	0.0011782	531.13	753.75	1.8167	1.0004	1.4006	909.73	-0.030019	9.5837e-05	0.1158	supercritical
611.0	1892.8	849.33	0.0011774	531.03	753.88	1.8163	1.0006	1.4006	910.52	-0.030059	9.595e-05	0.11591	supercritical
611.0	1896.0	849.88	0.0011766	530.93	754.02	1.8159	1.0007	1.4006	911.31	-0.030099	9.6063e-05	0.11601	supercritical
611.0	1899.2	850.43	0.0011759	530.83	754.16	1.8155	1.0008	1.4006	912.1	-0.030139	9.6177e-05	0.11612	supercritical
611.0	1902.5	850.97	0.0011751	530.73	754.29	1.8151	1.0009	1.4005	912.89	-0.030179	9.629e-05	0.11622	supercritical
611.0	1905.8	851.52	0.0011744	530.62	754.43	1.8147	1.001	1.4005	913.67	-0.030218	9.6403e-05	0.11633	supercritical
611.0	1909.0	852.06	0.0011736	530.52	754.57	1.8143	1.0011	1.4005	914.46	-0.030258	9.6516e-05	0.11643	supercritical
611.0	1912.2	852.61	0.0011729	530.42	754.71	1.8139	1.0012	1.4005	915.25	-0.030297	9.6629e-05	0.11654	supercritical
611.0	1915.5	853.15	0.0011721	530.32	754.84	1.8135	1.0014	1.4005	916.03	-0.030336	9.6742e-05	0.11664	supercritical
611.0	1918.8	853.69	0.0011714	530.22	754.98	1.8131	1.0015	1.4005	916.82	-0.030375	9.6855e-05	0.11675	supercritical
611.0	1922.0	854.23	0.0011706	530.12	755.12	1.8127	1.0016	1.4004	917.6	-0.030413	9.6968e-05	0.11685	supercritical
611.0	1925.2	854.77	0.0011699	530.02	755.26	1.8123	1.0017	1.4004	918.38	-0.030452	9.708e-05	0.11696	supercritical
611.0	1928.5	855.31	0.0011692	529.92	755.4	1.8119	1.0018	1.4004	919.17	-0.03049	9.7193e-05	0.11706	supercritical
611.0	1931.8	855.84	0.0011684	529.82	755.54	1.8115	1.0019	1.4004	919.95	-0.030528	9.7306e-05	0.11716	supercritical
611.0	1935.0	856.38	0.0011677	529.72	755.68	1.8111	1.002	1.4004	920.73	-0.030566	9.7419e-05	0.11727	supercritical
611.0	1938.2	856.92	0.001167	529.63	755.81	1.8107	1.0021	1.4004	921.51	-0.030604	9.7531e-05	0.11737	supercritical
611.0	1941.5	857.45	0.0011662	529.53	755.95	1.8104	1.0023	1.4003	922.28	-0.030642	9.7644e-05	0.11748	supercritical
611.0	1944.8	857.98	0.0011655	529.43	756.09	1.81	1.0024	1.4003	923.06	-0.030679	9.7756e-05	0.11758	supercritical
611.0	1948.0	858.52	0.0011648	529.33	756.23	1.8096	1.0025	1.4003	923.84	-0.030716	9.7869e-05	0.11769	supercritical
611.0	1951.2	859.05	0.0011641	529.23	756.37	1.8092	1.0026	1.4003	924.61	-0.030753	9.7981e-05	0.11779	supercritical
611.0	1954.5	859.58	0.0011634	529.13	756.51	1.8088	1.0027	1.4003	925.39	-0.03079	9.8094e-05	0.1179	supercritical
611.0	1957.8	860.11	0.0011626	529.04	756.65	1.8084	1.0028	1.4003	926.16	-0.030827	9.8206e-05	0.118	supercritical
611.0	1961.0	860.64	0.0011619	528.94	756.79	1.808	1.0029	1.4002	926.93	-0.030863	9.8318e-05	0.11811	supercritical
611.0	1964.2	861.16	0.0011612	528.84	756.93	1.8076	1.003	1.4002	927.71	-0.0309	9.8431e-05	0.11821	supercritical
611.0	1967.5	861.69	0.0011605	528.74	757.08	1.8072	1.0032	1.4002	928.48	-0.030936	9.8543e-05	0.11831	supercritical
611.0	1970.8	862.22	0.0011598	528.65	757.22	1.8068	1.0033	1.4002	929.25	-0.030972	9.8655e-05	0.11842	supercritical
611.0	1974.0	862.74	0.0011591	528.55	757.36	1.8065	1.0034	1.4002	930.02	-0.031008	9.8767e-05	0.11852	supercritical
611.0	1977.2	863.26	0.0011584	528.45	757.5	1.8061	1.0035	1.4002	930.79	-0.031044	9.8879e-05	0.11863	supercritical
611.0	1980.5	863.79	0.0011577	528.36	757.64	1.8057	1.0036	1.4002	931.55	-0.031079	9.8991e-05	0.11873	supercritical
611.0	1983.8	864.31	0.001157	528.26	757.78	1.8053	1.0037	1.4001	932.32	-0.031115	9.9103e-05	0.11884	supercritical
611.0	1987.0	864.83	0.0011563	528.17	757.92	1.8049	1.0038	1.4001	933.09	-0.03115	9.9215e-05	0.11894	supercritical
611.0	1990.2	865.35	0.0011556	528.07	758.06	1.8045	1.0039	1.4001	933.85	-0.031185	9.9327e-05	0.11905	supercritical
611.0	1993.5	865.87	0.0011549	527.98	758.21	1.8042	1.0041	1.4001	934.62	-0.03122	9.9439e-05	0.11915	supercritical
611.0	1996.8	866.39	0.0011542	527.88	758.35	1.8038	1.0042	1.4001	935.38	-0.031255	9.9551e-05	0.11926	supercritical
611.0	2000.0	866.91	0.0011535	527.79	758.49	1.8034	1.0043	1.4001	936.14	-0.031289	9.9663e-05	0.11936	supercritical
