Temperature (K)	Pressure (bar)	Density (kg/m3)	Volume (m3/kg)	Internal Energy (kJ/kg)	Enthalpy (kJ/kg)	Entropy (J/g*K)	Cv (J/g*K)	Cp (J/g*K)	Sound Spd. (m/s)	Joule-Thomson (K/bar)	Viscosity (Pa*s)	Therm. Cond. (W/m*K)	Phase
567.0	56.5	53.773	0.018597	646.24	751.32	2.5691	0.87823	1.1099	361.39	0.21361	2.7376e-05	0.040268	vapor
567.0	59.75	56.921	0.017568	645.58	750.55	2.5574	0.87883	1.1131	361.5	0.21248	2.7427e-05	0.040384	vapor
567.0	63.0	60.073	0.016646	644.91	749.78	2.5462	0.87944	1.1163	361.62	0.21134	2.748e-05	0.040499	vapor
567.0	66.25	63.23	0.015815	644.24	749.01	2.5356	0.88004	1.1195	361.75	0.2102	2.7533e-05	0.040615	vapor
567.0	69.5	66.392	0.015062	643.57	748.25	2.5254	0.88063	1.1227	361.88	0.20905	2.7587e-05	0.040732	vapor
567.0	72.75	69.558	0.014377	642.9	747.49	2.5156	0.88123	1.1259	362.03	0.2079	2.7642e-05	0.040849	vapor
567.0	76.0	72.728	0.01375	642.23	746.73	2.5062	0.88182	1.1291	362.19	0.20674	2.7698e-05	0.040967	vapor
567.0	76.0	72.728	0.01375	642.23	746.73	2.5062	0.88182	1.1291	362.19	0.20674	2.7698e-05	0.040967	supercritical
567.0	76.0	72.728	0.01375	642.23	746.73	2.5062	0.88182	1.1291	362.19	0.20674	2.7698e-05	0.040967	supercritical
567.0	79.25	75.902	0.013175	641.56	745.97	2.4971	0.88242	1.1323	362.36	0.20557	2.7755e-05	0.041085	supercritical
567.0	82.5	79.08	0.012645	640.89	745.21	2.4884	0.88301	1.1355	362.54	0.2044	2.7812e-05	0.041204	supercritical
567.0	85.75	82.261	0.012156	640.22	744.46	2.48	0.88359	1.1387	362.73	0.20322	2.7871e-05	0.041323	supercritical
567.0	89.0	85.446	0.011703	639.55	743.71	2.4718	0.88418	1.142	362.93	0.20203	2.793e-05	0.041444	supercritical
567.0	92.25	88.635	0.011282	638.88	742.96	2.4639	0.88476	1.1452	363.14	0.20083	2.799e-05	0.041565	supercritical
567.0	95.5	91.826	0.01089	638.21	742.21	2.4562	0.88534	1.1484	363.36	0.19963	2.8051e-05	0.041687	supercritical
567.0	98.75	95.021	0.010524	637.55	741.47	2.4488	0.88592	1.1516	363.6	0.19843	2.8114e-05	0.04181	supercritical
567.0	102.0	98.218	0.010181	636.88	740.73	2.4416	0.8865	1.1549	363.84	0.19721	2.8177e-05	0.041933	supercritical
567.0	105.25	101.42	0.0098603	636.21	739.99	2.4345	0.88707	1.1581	364.1	0.19599	2.824e-05	0.042058	supercritical
567.0	108.5	104.62	0.0095585	635.54	739.25	2.4276	0.88764	1.1613	364.36	0.19476	2.8305e-05	0.042183	supercritical
567.0	111.75	107.82	0.0092745	634.88	738.52	2.421	0.88821	1.1646	364.64	0.19353	2.8371e-05	0.04231	supercritical
567.0	115.0	111.03	0.0090067	634.21	737.79	2.4144	0.88877	1.1678	364.93	0.19229	2.8438e-05	0.042438	supercritical
567.0	118.25	114.24	0.0087538	633.55	737.06	2.4081	0.88934	1.171	365.23	0.19104	2.8506e-05	0.042566	supercritical
567.0	121.5	117.44	0.0085147	632.88	736.34	2.4018	0.8899	1.1742	365.54	0.18979	2.8574e-05	0.042696	supercritical
567.0	124.75	120.65	0.0082881	632.22	735.61	2.3957	0.89045	1.1774	365.86	0.18853	2.8644e-05	0.042826	supercritical
567.0	128.0	123.87	0.0080733	631.55	734.89	2.3898	0.89101	1.1806	366.2	0.18726	2.8715e-05	0.042958	supercritical
567.0	131.25	127.08	0.0078693	630.89	734.18	2.3839	0.89156	1.1838	366.55	0.18599	2.8786e-05	0.043091	supercritical
567.0	134.5	130.29	0.0076752	630.23	733.46	2.3782	0.8921	1.187	366.9	0.18472	2.8859e-05	0.043225	supercritical
567.0	137.75	133.5	0.0074905	629.57	732.75	2.3726	0.89265	1.1902	367.27	0.18343	2.8933e-05	0.04336	supercritical
567.0	141.0	136.71	0.0073145	628.91	732.04	2.3671	0.89319	1.1934	367.65	0.18214	2.9007e-05	0.043497	supercritical
567.0	144.25	139.93	0.0071466	628.25	731.34	2.3617	0.89372	1.1966	368.05	0.18085	2.9083e-05	0.043634	supercritical
567.0	147.5	143.14	0.0069862	627.59	730.64	2.3565	0.89426	1.1997	368.45	0.17955	2.916e-05	0.043773	supercritical
567.0	150.75	146.35	0.0068329	626.93	729.94	2.3513	0.89479	1.2029	368.87	0.17825	2.9238e-05	0.043913	supercritical
567.0	154.0	149.56	0.0066862	626.27	729.24	2.3462	0.89531	1.206	369.3	0.17694	2.9316e-05	0.044054	supercritical
567.0	157.25	152.77	0.0065458	625.62	728.55	2.3412	0.89584	1.2092	369.74	0.17562	2.9396e-05	0.044197	supercritical
567.0	160.5	155.98	0.0064112	624.96	727.86	2.3362	0.89636	1.2123	370.2	0.1743	2.9477e-05	0.04434	supercritical
567.0	163.75	159.18	0.006282	624.31	727.18	2.3314	0.89687	1.2154	370.66	0.17298	2.9559e-05	0.044485	supercritical
567.0	167.0	162.39	0.006158	623.66	726.49	2.3266	0.89739	1.2185	371.14	0.17165	2.9642e-05	0.044632	supercritical
567.0	170.25	165.59	0.0060389	623.0	725.82	2.3219	0.8979	1.2216	371.63	0.17032	2.9726e-05	0.044779	supercritical
567.0	173.5	168.79	0.0059244	622.35	725.14	2.3173	0.8984	1.2246	372.13	0.16899	2.9811e-05	0.044928	supercritical
567.0	176.75	171.99	0.0058143	621.7	724.47	2.3128	0.8989	1.2277	372.65	0.16765	2.9897e-05	0.045078	supercritical
567.0	180.0	175.18	0.0057083	621.06	723.8	2.3083	0.8994	1.2307	373.18	0.16631	2.9984e-05	0.045229	supercritical
567.0	183.25	178.38	0.0056061	620.41	723.14	2.3039	0.8999	1.2337	373.72	0.16497	3.0072e-05	0.045382	supercritical
567.0	186.5	181.57	0.0055077	619.76	722.48	2.2995	0.90039	1.2367	374.27	0.16363	3.0162e-05	0.045535	supercritical
567.0	189.75	184.75	0.0054127	619.12	721.83	2.2952	0.90087	1.2397	374.83	0.16228	3.0252e-05	0.04569	supercritical
567.0	193.0	187.93	0.0053211	618.48	721.17	2.291	0.90136	1.2426	375.41	0.16093	3.0343e-05	0.045847	supercritical
567.0	196.25	191.11	0.0052326	617.84	720.53	2.2868	0.90184	1.2456	376.0	0.15958	3.0436e-05	0.046004	supercritical
567.0	199.5	194.28	0.0051472	617.2	719.88	2.2827	0.90231	1.2485	376.6	0.15823	3.0529e-05	0.046163	supercritical
567.0	202.75	197.45	0.0050646	616.56	719.24	2.2787	0.90278	1.2514	377.22	0.15687	3.0624e-05	0.046323	supercritical
567.0	206.0	200.61	0.0049847	615.92	718.61	2.2747	0.90325	1.2543	377.84	0.15552	3.0719e-05	0.046484	supercritical
567.0	209.25	203.77	0.0049075	615.29	717.97	2.2707	0.90372	1.2571	378.48	0.15417	3.0816e-05	0.046647	supercritical
567.0	212.5	206.92	0.0048327	614.65	717.35	2.2668	0.90418	1.2599	379.13	0.15281	3.0914e-05	0.04681	supercritical
567.0	215.75	210.07	0.0047603	614.02	716.72	2.263	0.90463	1.2628	379.8	0.15146	3.1013e-05	0.046975	supercritical
567.0	219.0	213.21	0.0046901	613.39	716.1	2.2592	0.90508	1.2655	380.47	0.15011	3.1112e-05	0.047141	supercritical
567.0	222.25	216.35	0.0046221	612.76	715.49	2.2554	0.90553	1.2683	381.16	0.14875	3.1213e-05	0.047308	supercritical
567.0	225.5	219.48	0.0045562	612.13	714.88	2.2517	0.90598	1.271	381.86	0.1474	3.1315e-05	0.047477	supercritical
567.0	228.75	222.6	0.0044923	611.51	714.27	2.2481	0.90642	1.2738	382.57	0.14605	3.1418e-05	0.047646	supercritical
567.0	232.0	225.72	0.0044302	610.89	713.67	2.2444	0.90686	1.2764	383.29	0.1447	3.1522e-05	0.047816	supercritical
567.0	235.25	228.83	0.00437	610.27	713.07	2.2409	0.90729	1.2791	384.03	0.14336	3.1626e-05	0.047988	supercritical
567.0	238.5	231.94	0.0043115	609.65	712.48	2.2373	0.90772	1.2817	384.78	0.14201	3.1732e-05	0.048161	supercritical
567.0	241.75	235.03	0.0042547	609.03	711.89	2.2338	0.90814	1.2844	385.54	0.14067	3.1839e-05	0.048334	supercritical
567.0	245.0	238.12	0.0041996	608.41	711.3	2.2304	0.90857	1.2869	386.31	0.13933	3.1947e-05	0.048509	supercritical
567.0	248.25	241.2	0.0041459	607.8	710.72	2.227	0.90898	1.2895	387.09	0.138	3.2056e-05	0.048685	supercritical
567.0	251.5	244.27	0.0040938	607.19	710.14	2.2236	0.9094	1.292	387.88	0.13667	3.2166e-05	0.048861	supercritical
567.0	254.75	247.34	0.004043	606.58	709.57	2.2202	0.90981	1.2945	388.69	0.13534	3.2277e-05	0.049039	supercritical
567.0	258.0	250.4	0.0039937	605.97	709.01	2.2169	0.91021	1.297	389.51	0.13401	3.2389e-05	0.049218	supercritical
567.0	261.25	253.44	0.0039456	605.36	708.44	2.2137	0.91062	1.2995	390.33	0.13269	3.2501e-05	0.049397	supercritical
567.0	264.5	256.48	0.0038989	604.76	707.89	2.2104	0.91102	1.3019	391.17	0.13138	3.2615e-05	0.049577	supercritical
567.0	267.75	259.51	0.0038534	604.16	707.33	2.2072	0.91141	1.3043	392.02	0.13007	3.273e-05	0.049759	supercritical
567.0	271.0	262.54	0.003809	603.56	706.78	2.2041	0.9118	1.3067	392.88	0.12876	3.2845e-05	0.049941	supercritical
567.0	274.25	265.55	0.0037658	602.96	706.24	2.2009	0.91219	1.309	393.76	0.12746	3.2962e-05	0.050124	supercritical
567.0	277.5	268.55	0.0037237	602.37	705.7	2.1978	0.91257	1.3113	394.64	0.12616	3.3079e-05	0.050307	supercritical
567.0	280.75	271.55	0.0036826	601.77	705.16	2.1948	0.91295	1.3136	395.53	0.12487	3.3198e-05	0.050492	supercritical
567.0	284.0	274.53	0.0036426	601.18	704.63	2.1917	0.91333	1.3159	396.43	0.12359	3.3317e-05	0.050677	supercritical
567.0	287.25	277.5	0.0036035	600.59	704.11	2.1887	0.9137	1.3181	397.35	0.12231	3.3437e-05	0.050863	supercritical
567.0	290.5	280.47	0.0035655	600.01	703.58	2.1858	0.91407	1.3203	398.27	0.12104	3.3558e-05	0.05105	supercritical
567.0	293.75	283.42	0.0035283	599.42	703.07	2.1828	0.91444	1.3224	399.21	0.11977	3.368e-05	0.051237	supercritical
567.0	297.0	286.37	0.003492	598.84	702.55	2.1799	0.9148	1.3246	400.15	0.11851	3.3802e-05	0.051425	supercritical
567.0	300.25	289.3	0.0034566	598.26	702.05	2.177	0.91516	1.3267	401.1	0.11726	3.3926e-05	0.051613	supercritical
567.0	303.5	292.22	0.003422	597.68	701.54	2.1742	0.91552	1.3288	402.06	0.11601	3.405e-05	0.051802	supercritical
567.0	306.75	295.14	0.0033883	597.11	701.04	2.1713	0.91587	1.3309	403.04	0.11477	3.4176e-05	0.051992	supercritical
567.0	310.0	298.04	0.0033553	596.54	700.55	2.1685	0.91622	1.3329	404.02	0.11354	3.4302e-05	0.052182	supercritical
567.0	313.25	300.93	0.003323	595.97	700.06	2.1657	0.91656	1.3349	405.01	0.11232	3.4429e-05	0.052373	supercritical
567.0	316.5	303.81	0.0032915	595.4	699.58	2.163	0.91691	1.3369	406.01	0.1111	3.4556e-05	0.052564	supercritical
567.0	319.75	306.68	0.0032607	594.83	699.1	2.1603	0.91724	1.3388	407.01	0.10989	3.4685e-05	0.052756	supercritical
567.0	323.0	309.54	0.0032306	594.27	698.62	2.1576	0.91758	1.3407	408.03	0.10869	3.4814e-05	0.052948	supercritical
567.0	326.25	312.38	0.0032012	593.71	698.15	2.1549	0.91791	1.3426	409.06	0.1075	3.4944e-05	0.053141	supercritical
567.0	329.5	315.22	0.0031724	593.15	697.68	2.1522	0.91824	1.3445	410.09	0.10631	3.5074e-05	0.053334	supercritical
567.0	332.75	318.04	0.0031442	592.6	697.22	2.1496	0.91857	1.3463	411.13	0.10514	3.5206e-05	0.053527	supercritical
567.0	336.0	320.86	0.0031167	592.04	696.76	2.147	0.91889	1.3481	412.18	0.10397	3.5338e-05	0.053721	supercritical
567.0	339.25	323.66	0.0030897	591.49	696.31	2.1444	0.91921	1.3499	413.24	0.10281	3.5471e-05	0.053915	supercritical
567.0	342.5	326.45	0.0030633	590.94	695.86	2.1419	0.91952	1.3517	414.3	0.10166	3.5604e-05	0.054109	supercritical
567.0	345.75	329.22	0.0030375	590.39	695.42	2.1393	0.91984	1.3534	415.38	0.10051	3.5739e-05	0.054304	supercritical
567.0	349.0	331.99	0.0030122	589.85	694.98	2.1368	0.92015	1.3551	416.46	0.099379	3.5874e-05	0.054498	supercritical
567.0	352.25	334.74	0.0029874	589.31	694.54	2.1343	0.92045	1.3568	417.55	0.098253	3.6009e-05	0.054694	supercritical
567.0	355.5	337.48	0.0029631	588.77	694.11	2.1319	0.92076	1.3584	418.64	0.097135	3.6145e-05	0.054889	supercritical
567.0	358.75	340.21	0.0029393	588.23	693.68	2.1294	0.92106	1.36	419.74	0.096027	3.6282e-05	0.055084	supercritical
567.0	362.0	342.93	0.002916	587.7	693.26	2.127	0.92136	1.3616	420.85	0.094927	3.642e-05	0.05528	supercritical
567.0	365.25	345.64	0.0028932	587.17	692.84	2.1246	0.92165	1.3632	421.97	0.093836	3.6558e-05	0.055476	supercritical
567.0	368.5	348.33	0.0028708	586.64	692.43	2.1222	0.92195	1.3648	423.09	0.092754	3.6697e-05	0.055671	supercritical
567.0	371.75	351.01	0.0028489	586.11	692.02	2.1199	0.92224	1.3663	424.22	0.091681	3.6836e-05	0.055867	supercritical
567.0	375.0	353.68	0.0028274	585.59	691.61	2.1175	0.92252	1.3678	425.35	0.090616	3.6976e-05	0.056063	supercritical
567.0	378.25	356.34	0.0028063	585.06	691.21	2.1152	0.92281	1.3693	426.49	0.089561	3.7116e-05	0.05626	supercritical
567.0	381.5	358.98	0.0027856	584.54	690.82	2.1129	0.92309	1.3707	427.64	0.088514	3.7257e-05	0.056456	supercritical
567.0	384.75	361.62	0.0027654	584.03	690.42	2.1106	0.92337	1.3721	428.79	0.087477	3.7399e-05	0.056652	supercritical
567.0	388.0	364.24	0.0027455	583.51	690.04	2.1084	0.92365	1.3735	429.95	0.086448	3.7541e-05	0.056848	supercritical
567.0	391.25	366.85	0.0027259	583.0	689.65	2.1061	0.92392	1.3749	431.11	0.085429	3.7684e-05	0.057044	supercritical
567.0	394.5	369.44	0.0027068	582.49	689.27	2.1039	0.92419	1.3763	432.28	0.084418	3.7827e-05	0.05724	supercritical
567.0	397.75	372.03	0.002688	581.98	688.9	2.1017	0.92446	1.3776	433.45	0.083416	3.7971e-05	0.057437	supercritical
567.0	401.0	374.6	0.0026695	581.48	688.53	2.0995	0.92473	1.3789	434.63	0.082423	3.8115e-05	0.057633	supercritical
567.0	404.25	377.16	0.0026514	580.98	688.16	2.0973	0.92499	1.3802	435.81	0.081439	3.8259e-05	0.057829	supercritical
567.0	407.5	379.7	0.0026336	580.48	687.8	2.0952	0.92525	1.3814	437.0	0.080464	3.8405e-05	0.058025	supercritical
567.0	410.75	382.24	0.0026162	579.98	687.44	2.093	0.92551	1.3827	438.2	0.079497	3.855e-05	0.05822	supercritical
567.0	414.0	384.76	0.002599	579.48	687.08	2.0909	0.92577	1.3839	439.39	0.07854	3.8696e-05	0.058416	supercritical
567.0	417.25	387.27	0.0025822	578.99	686.73	2.0888	0.92602	1.3851	440.6	0.077591	3.8843e-05	0.058612	supercritical
567.0	420.5	389.77	0.0025656	578.5	686.38	2.0867	0.92628	1.3863	441.8	0.07665	3.899e-05	0.058807	supercritical
567.0	423.75	392.26	0.0025494	578.01	686.04	2.0846	0.92653	1.3874	443.01	0.075719	3.9137e-05	0.059002	supercritical
567.0	427.0	394.73	0.0025334	577.52	685.7	2.0826	0.92677	1.3886	444.23	0.074796	3.9285e-05	0.059197	supercritical
567.0	430.25	397.19	0.0025177	577.04	685.36	2.0805	0.92702	1.3897	445.45	0.073881	3.9433e-05	0.059392	supercritical
567.0	433.5	399.64	0.0025023	576.56	685.03	2.0785	0.92726	1.3908	446.67	0.072975	3.9581e-05	0.059587	supercritical
567.0	436.75	402.08	0.0024871	576.08	684.7	2.0765	0.92751	1.3919	447.9	0.072078	3.973e-05	0.059781	supercritical
567.0	440.0	404.5	0.0024722	575.6	684.38	2.0745	0.92775	1.3929	449.13	0.071189	3.9879e-05	0.059975	supercritical
567.0	443.25	406.91	0.0024575	575.13	684.06	2.0725	0.92798	1.3939	450.36	0.070308	4.0029e-05	0.060169	supercritical
567.0	446.5	409.32	0.0024431	574.66	683.74	2.0706	0.92822	1.395	451.6	0.069435	4.0179e-05	0.060363	supercritical
567.0	449.75	411.7	0.0024289	574.19	683.43	2.0686	0.92845	1.396	452.84	0.068571	4.0329e-05	0.060557	supercritical
567.0	453.0	414.08	0.002415	573.72	683.12	2.0667	0.92868	1.3969	454.09	0.067715	4.048e-05	0.06075	supercritical
567.0	456.25	416.45	0.0024013	573.26	682.82	2.0648	0.92891	1.3979	455.33	0.066867	4.0631e-05	0.060943	supercritical
567.0	459.5	418.8	0.0023878	572.8	682.51	2.0629	0.92914	1.3988	456.58	0.066026	4.0782e-05	0.061136	supercritical
567.0	462.75	421.14	0.0023745	572.34	682.22	2.061	0.92937	1.3997	457.84	0.065194	4.0934e-05	0.061328	supercritical
567.0	466.0	423.47	0.0023614	571.88	681.92	2.0591	0.92959	1.4007	459.09	0.06437	4.1086e-05	0.06152	supercritical
567.0	469.25	425.79	0.0023486	571.42	681.63	2.0572	0.92981	1.4015	460.35	0.063554	4.1238e-05	0.061712	supercritical
567.0	472.5	428.09	0.0023359	570.97	681.34	2.0554	0.93004	1.4024	461.62	0.062745	4.139e-05	0.061903	supercritical
567.0	475.75	430.39	0.0023235	570.52	681.06	2.0536	0.93025	1.4033	462.88	0.061944	4.1543e-05	0.062094	supercritical
567.0	479.0	432.67	0.0023112	570.07	680.78	2.0517	0.93047	1.4041	464.15	0.06115	4.1696e-05	0.062285	supercritical
567.0	482.25	434.94	0.0022992	569.62	680.5	2.0499	0.93069	1.4049	465.42	0.060365	4.1849e-05	0.062476	supercritical
567.0	485.5	437.2	0.0022873	569.18	680.23	2.0481	0.9309	1.4057	466.69	0.059586	4.2002e-05	0.062666	supercritical
567.0	488.75	439.45	0.0022756	568.74	679.95	2.0463	0.93111	1.4065	467.96	0.058815	4.2156e-05	0.062855	supercritical
567.0	492.0	441.68	0.0022641	568.3	679.69	2.0446	0.93133	1.4073	469.24	0.058051	4.231e-05	0.063045	supercritical
567.0	495.25	443.91	0.0022527	567.86	679.42	2.0428	0.93153	1.408	470.52	0.057295	4.2464e-05	0.063234	supercritical
567.0	498.5	446.12	0.0022415	567.42	679.16	2.0411	0.93174	1.4087	471.8	0.056546	4.2618e-05	0.063422	supercritical
567.0	501.75	448.32	0.0022305	566.99	678.91	2.0393	0.93195	1.4095	473.08	0.055803	4.2773e-05	0.063611	supercritical
567.0	505.0	450.51	0.0022197	566.56	678.65	2.0376	0.93215	1.4102	474.37	0.055068	4.2928e-05	0.063799	supercritical
567.0	508.25	452.69	0.002209	566.13	678.4	2.0359	0.93236	1.4108	475.65	0.05434	4.3083e-05	0.063986	supercritical
567.0	511.5	454.86	0.0021985	565.7	678.15	2.0342	0.93256	1.4115	476.94	0.053619	4.3238e-05	0.064173	supercritical
567.0	514.75	457.02	0.0021881	565.28	677.91	2.0325	0.93276	1.4122	478.23	0.052904	4.3393e-05	0.06436	supercritical
567.0	518.0	459.16	0.0021779	564.85	677.67	2.0308	0.93296	1.4128	479.52	0.052196	4.3548e-05	0.064546	supercritical
567.0	521.25	461.3	0.0021678	564.43	677.43	2.0292	0.93316	1.4135	480.82	0.051495	4.3704e-05	0.064732	supercritical
567.0	524.5	463.42	0.0021579	564.01	677.19	2.0275	0.93335	1.4141	482.11	0.050801	4.386e-05	0.064917	supercritical
567.0	527.75	465.53	0.0021481	563.6	676.96	2.0259	0.93355	1.4147	483.41	0.050113	4.4016e-05	0.065102	supercritical
567.0	531.0	467.64	0.0021384	563.18	676.73	2.0242	0.93374	1.4153	484.71	0.049432	4.4172e-05	0.065287	supercritical
567.0	534.25	469.73	0.0021289	562.77	676.51	2.0226	0.93394	1.4158	486.0	0.048757	4.4328e-05	0.065471	supercritical
567.0	537.5	471.81	0.0021195	562.36	676.29	2.021	0.93413	1.4164	487.3	0.048088	4.4484e-05	0.065655	supercritical
567.0	540.75	473.88	0.0021102	561.95	676.07	2.0194	0.93432	1.4169	488.61	0.047426	4.4641e-05	0.065838	supercritical
567.0	544.0	475.94	0.0021011	561.55	675.85	2.0178	0.93451	1.4175	489.91	0.046769	4.4797e-05	0.066021	supercritical
567.0	547.25	477.99	0.0020921	561.14	675.63	2.0162	0.9347	1.418	491.21	0.046119	4.4954e-05	0.066204	supercritical
567.0	550.5	480.02	0.0020832	560.74	675.42	2.0147	0.93488	1.4185	492.52	0.045476	4.511e-05	0.066386	supercritical
567.0	553.75	482.05	0.0020745	560.34	675.22	2.0131	0.93507	1.419	493.82	0.044838	4.5267e-05	0.066568	supercritical
567.0	557.0	484.07	0.0020658	559.94	675.01	2.0116	0.93525	1.4195	495.13	0.044206	4.5424e-05	0.066749	supercritical
567.0	560.25	486.08	0.0020573	559.55	674.81	2.01	0.93544	1.4199	496.44	0.04358	4.5581e-05	0.06693	supercritical
567.0	563.5	488.07	0.0020489	559.15	674.61	2.0085	0.93562	1.4204	497.75	0.04296	4.5738e-05	0.06711	supercritical
567.0	566.75	490.06	0.0020406	558.76	674.41	2.007	0.9358	1.4209	499.05	0.042345	4.5895e-05	0.06729	supercritical
567.0	570.0	492.04	0.0020324	558.37	674.22	2.0055	0.93598	1.4213	500.36	0.041737	4.6052e-05	0.067469	supercritical
567.0	573.25	494.0	0.0020243	557.98	674.03	2.004	0.93616	1.4217	501.67	0.041134	4.621e-05	0.067648	supercritical
567.0	576.5	495.96	0.0020163	557.6	673.84	2.0025	0.93634	1.4221	502.99	0.040536	4.6367e-05	0.067827	supercritical
567.0	579.75	497.9	0.0020084	557.21	673.65	2.001	0.93652	1.4225	504.3	0.039945	4.6524e-05	0.068005	supercritical
567.0	583.0	499.84	0.0020006	556.83	673.47	1.9995	0.93669	1.4229	505.61	0.039358	4.6682e-05	0.068183	supercritical
567.0	586.25	501.77	0.001993	556.45	673.29	1.998	0.93687	1.4233	506.92	0.038777	4.6839e-05	0.06836	supercritical
567.0	589.5	503.68	0.0019854	556.07	673.11	1.9966	0.93704	1.4237	508.23	0.038202	4.6997e-05	0.068537	supercritical
567.0	592.75	505.59	0.0019779	555.69	672.93	1.9951	0.93722	1.424	509.55	0.037632	4.7154e-05	0.068713	supercritical
567.0	596.0	507.49	0.0019705	555.32	672.76	1.9937	0.93739	1.4244	510.86	0.037067	4.7312e-05	0.068889	supercritical
567.0	599.25	509.37	0.0019632	554.95	672.59	1.9923	0.93756	1.4247	512.17	0.036508	4.7469e-05	0.069064	supercritical
567.0	602.5	511.25	0.001956	554.57	672.42	1.9909	0.93773	1.425	513.49	0.035953	4.7627e-05	0.069239	supercritical
567.0	605.75	513.12	0.0019489	554.2	672.26	1.9895	0.9379	1.4254	514.8	0.035404	4.7784e-05	0.069414	supercritical
567.0	609.0	514.98	0.0019418	553.84	672.09	1.9881	0.93807	1.4257	516.12	0.03486	4.7942e-05	0.069588	supercritical
567.0	612.25	516.83	0.0019349	553.47	671.93	1.9867	0.93824	1.426	517.43	0.034321	4.81e-05	0.069762	supercritical
567.0	615.5	518.67	0.001928	553.11	671.78	1.9853	0.93841	1.4263	518.74	0.033787	4.8257e-05	0.069935	supercritical
567.0	618.75	520.5	0.0019212	552.74	671.62	1.9839	0.93858	1.4266	520.06	0.033257	4.8415e-05	0.070108	supercritical
567.0	622.0	522.32	0.0019145	552.38	671.47	1.9825	0.93874	1.4268	521.37	0.032733	4.8572e-05	0.07028	supercritical
567.0	625.25	524.13	0.0019079	552.02	671.32	1.9812	0.93891	1.4271	522.69	0.032214	4.873e-05	0.070452	supercritical
567.0	628.5	525.94	0.0019014	551.67	671.17	1.9798	0.93908	1.4274	524.0	0.031699	4.8887e-05	0.070623	supercritical
567.0	631.75	527.73	0.0018949	551.31	671.02	1.9785	0.93924	1.4276	525.31	0.031189	4.9045e-05	0.070794	supercritical
567.0	635.0	529.52	0.0018885	550.96	670.88	1.9771	0.9394	1.4278	526.63	0.030684	4.9202e-05	0.070965	supercritical
567.0	638.25	531.3	0.0018822	550.61	670.74	1.9758	0.93957	1.4281	527.94	0.030183	4.936e-05	0.071135	supercritical
567.0	641.5	533.06	0.001876	550.26	670.6	1.9745	0.93973	1.4283	529.25	0.029687	4.9517e-05	0.071305	supercritical
567.0	644.75	534.82	0.0018698	549.91	670.46	1.9732	0.93989	1.4285	530.57	0.029196	4.9675e-05	0.071474	supercritical
567.0	648.0	536.57	0.0018637	549.56	670.33	1.9719	0.94005	1.4287	531.88	0.028709	4.9832e-05	0.071643	supercritical
567.0	651.25	538.31	0.0018577	549.22	670.2	1.9706	0.94021	1.4289	533.19	0.028227	4.9989e-05	0.071811	supercritical
567.0	654.5	540.05	0.0018517	548.87	670.07	1.9693	0.94037	1.4291	534.5	0.027749	5.0147e-05	0.071979	supercritical
567.0	657.75	541.77	0.0018458	548.53	669.94	1.968	0.94053	1.4293	535.81	0.027275	5.0304e-05	0.072147	supercritical
567.0	661.0	543.49	0.00184	548.19	669.81	1.9667	0.94069	1.4295	537.12	0.026806	5.0461e-05	0.072314	supercritical
567.0	664.25	545.2	0.0018342	547.85	669.69	1.9654	0.94085	1.4297	538.43	0.026341	5.0618e-05	0.07248	supercritical
567.0	667.5	546.9	0.0018285	547.51	669.57	1.9642	0.941	1.4299	539.74	0.025881	5.0775e-05	0.072647	supercritical
567.0	670.75	548.59	0.0018229	547.18	669.45	1.9629	0.94116	1.43	541.05	0.025424	5.0932e-05	0.072813	supercritical
567.0	674.0	550.27	0.0018173	546.85	669.33	1.9617	0.94132	1.4302	542.36	0.024972	5.1089e-05	0.072978	supercritical
567.0	677.25	551.94	0.0018118	546.51	669.22	1.9604	0.94147	1.4303	543.66	0.024524	5.1246e-05	0.073143	supercritical
567.0	680.5	553.61	0.0018063	546.18	669.1	1.9592	0.94163	1.4305	544.97	0.02408	5.1403e-05	0.073308	supercritical
567.0	683.75	555.27	0.0018009	545.85	668.99	1.958	0.94178	1.4306	546.27	0.02364	5.156e-05	0.073472	supercritical
567.0	687.0	556.92	0.0017956	545.53	668.88	1.9567	0.94194	1.4307	547.58	0.023204	5.1717e-05	0.073635	supercritical
567.0	690.25	558.56	0.0017903	545.2	668.78	1.9555	0.94209	1.4309	548.88	0.022772	5.1873e-05	0.073799	supercritical
567.0	693.5	560.2	0.0017851	544.88	668.67	1.9543	0.94224	1.431	550.19	0.022345	5.203e-05	0.073962	supercritical
567.0	696.75	561.82	0.0017799	544.55	668.57	1.9531	0.9424	1.4311	551.49	0.021921	5.2186e-05	0.074124	supercritical
567.0	700.0	563.44	0.0017748	544.23	668.47	1.9519	0.94255	1.4312	552.79	0.0215	5.2343e-05	0.074286	supercritical
567.0	703.25	565.05	0.0017697	543.91	668.37	1.9507	0.9427	1.4313	554.09	0.021084	5.2499e-05	0.074448	supercritical
567.0	706.5	566.66	0.0017647	543.59	668.27	1.9495	0.94285	1.4314	555.39	0.020672	5.2655e-05	0.07461	supercritical
567.0	709.75	568.25	0.0017598	543.28	668.18	1.9483	0.943	1.4315	556.69	0.020263	5.2811e-05	0.074771	supercritical
567.0	713.0	569.84	0.0017549	542.96	668.08	1.9472	0.94315	1.4316	557.98	0.019858	5.2967e-05	0.074931	supercritical
567.0	716.25	571.42	0.00175	542.65	667.99	1.946	0.9433	1.4317	559.28	0.019456	5.3123e-05	0.075091	supercritical
567.0	719.5	572.99	0.0017452	542.33	667.9	1.9449	0.94345	1.4318	560.58	0.019059	5.3279e-05	0.075251	supercritical
567.0	722.75	574.56	0.0017405	542.02	667.81	1.9437	0.9436	1.4319	561.87	0.018665	5.3435e-05	0.07541	supercritical
567.0	726.0	576.12	0.0017358	541.71	667.73	1.9426	0.94375	1.4319	563.16	0.018274	5.3591e-05	0.075569	supercritical
567.0	729.25	577.67	0.0017311	541.4	667.64	1.9414	0.9439	1.432	564.46	0.017887	5.3746e-05	0.075728	supercritical
567.0	732.5	579.21	0.0017265	541.1	667.56	1.9403	0.94405	1.4321	565.75	0.017503	5.3902e-05	0.075886	supercritical
567.0	735.75	580.75	0.0017219	540.79	667.48	1.9391	0.9442	1.4321	567.04	0.017123	5.4057e-05	0.076044	supercritical
567.0	739.0	582.28	0.0017174	540.49	667.4	1.938	0.94434	1.4322	568.32	0.016747	5.4213e-05	0.076202	supercritical
567.0	742.25	583.8	0.0017129	540.18	667.33	1.9369	0.94449	1.4322	569.61	0.016373	5.4368e-05	0.076359	supercritical
567.0	745.5	585.32	0.0017085	539.88	667.25	1.9358	0.94464	1.4323	570.9	0.016003	5.4523e-05	0.076516	supercritical
567.0	748.75	586.83	0.0017041	539.58	667.18	1.9347	0.94478	1.4323	572.18	0.015637	5.4678e-05	0.076672	supercritical
567.0	752.0	588.33	0.0016997	539.28	667.1	1.9336	0.94493	1.4324	573.47	0.015273	5.4833e-05	0.076828	supercritical
567.0	755.25	589.82	0.0016954	538.99	667.03	1.9325	0.94507	1.4324	574.75	0.014913	5.4988e-05	0.076984	supercritical
567.0	758.5	591.31	0.0016912	538.69	666.97	1.9314	0.94522	1.4325	576.03	0.014556	5.5142e-05	0.077139	supercritical
567.0	761.75	592.79	0.0016869	538.4	666.9	1.9303	0.94536	1.4325	577.31	0.014203	5.5297e-05	0.077294	supercritical
567.0	765.0	594.27	0.0016828	538.1	666.83	1.9292	0.94551	1.4325	578.59	0.013852	5.5451e-05	0.077449	supercritical
567.0	768.25	595.73	0.0016786	537.81	666.77	1.9281	0.94565	1.4325	579.87	0.013505	5.5606e-05	0.077603	supercritical
567.0	771.5	597.19	0.0016745	537.52	666.71	1.9271	0.9458	1.4326	581.14	0.01316	5.576e-05	0.077757	supercritical
567.0	774.75	598.65	0.0016704	537.23	666.65	1.926	0.94594	1.4326	582.42	0.012819	5.5914e-05	0.07791	supercritical
567.0	778.0	600.1	0.0016664	536.94	666.59	1.9249	0.94608	1.4326	583.69	0.01248	5.6068e-05	0.078063	supercritical
567.0	781.25	601.54	0.0016624	536.65	666.53	1.9239	0.94623	1.4326	584.96	0.012145	5.6222e-05	0.078216	supercritical
567.0	784.5	602.97	0.0016585	536.37	666.47	1.9228	0.94637	1.4326	586.23	0.011813	5.6376e-05	0.078369	supercritical
567.0	787.75	604.4	0.0016545	536.08	666.42	1.9218	0.94651	1.4326	587.5	0.011483	5.6529e-05	0.078521	supercritical
567.0	791.0	605.82	0.0016506	535.8	666.37	1.9208	0.94665	1.4327	588.77	0.011157	5.6683e-05	0.078673	supercritical
567.0	794.25	607.24	0.0016468	535.52	666.32	1.9197	0.94679	1.4327	590.03	0.010833	5.6836e-05	0.078824	supercritical
567.0	797.5	608.65	0.001643	535.24	666.27	1.9187	0.94694	1.4327	591.3	0.010512	5.6989e-05	0.078976	supercritical
567.0	800.75	610.05	0.0016392	534.96	666.22	1.9177	0.94708	1.4327	592.56	0.010194	5.7143e-05	0.079126	supercritical
567.0	804.0	611.45	0.0016355	534.68	666.17	1.9166	0.94722	1.4327	593.83	0.0098781	5.7296e-05	0.079277	supercritical
567.0	807.25	612.84	0.0016318	534.4	666.13	1.9156	0.94736	1.4326	595.09	0.0095653	5.7449e-05	0.079427	supercritical
567.0	810.5	614.22	0.0016281	534.13	666.08	1.9146	0.9475	1.4326	596.35	0.0092553	5.7601e-05	0.079577	supercritical
567.0	813.75	615.6	0.0016244	533.85	666.04	1.9136	0.94764	1.4326	597.6	0.0089479	5.7754e-05	0.079727	supercritical
567.0	817.0	616.97	0.0016208	533.58	666.0	1.9126	0.94778	1.4326	598.86	0.0086432	5.7907e-05	0.079876	supercritical
567.0	820.25	618.34	0.0016172	533.31	665.96	1.9116	0.94792	1.4326	600.11	0.008341	5.8059e-05	0.080025	supercritical
567.0	823.5	619.7	0.0016137	533.04	665.92	1.9106	0.94806	1.4326	601.37	0.0080415	5.8211e-05	0.080174	supercritical
567.0	826.75	621.06	0.0016102	532.77	665.89	1.9096	0.9482	1.4326	602.62	0.0077445	5.8363e-05	0.080322	supercritical
567.0	830.0	622.41	0.0016067	532.5	665.85	1.9086	0.94834	1.4325	603.87	0.00745	5.8515e-05	0.08047	supercritical
567.0	833.25	623.75	0.0016032	532.23	665.82	1.9077	0.94848	1.4325	605.12	0.0071579	5.8667e-05	0.080618	supercritical
567.0	836.5	625.09	0.0015998	531.96	665.78	1.9067	0.94862	1.4325	606.37	0.0068684	5.8819e-05	0.080765	supercritical
567.0	839.75	626.42	0.0015964	531.7	665.75	1.9057	0.94875	1.4325	607.61	0.0065813	5.8971e-05	0.080913	supercritical
567.0	843.0	627.75	0.001593	531.43	665.72	1.9047	0.94889	1.4324	608.86	0.0062966	5.9122e-05	0.081059	supercritical
567.0	846.25	629.07	0.0015897	531.17	665.69	1.9038	0.94903	1.4324	610.1	0.0060142	5.9274e-05	0.081206	supercritical
567.0	849.5	630.38	0.0015863	530.91	665.67	1.9028	0.94917	1.4324	611.34	0.0057342	5.9425e-05	0.081352	supercritical
567.0	852.75	631.69	0.0015831	530.65	665.64	1.9019	0.94931	1.4323	612.58	0.0054566	5.9576e-05	0.081498	supercritical
567.0	856.0	633.0	0.0015798	530.38	665.62	1.9009	0.94944	1.4323	613.82	0.0051812	5.9727e-05	0.081644	supercritical
567.0	859.25	634.29	0.0015766	530.13	665.59	1.9	0.94958	1.4323	615.06	0.0049081	5.9878e-05	0.081789	supercritical
567.0	862.5	635.59	0.0015733	529.87	665.57	1.899	0.94972	1.4322	616.3	0.0046373	6.0029e-05	0.081935	supercritical
567.0	865.75	636.87	0.0015702	529.61	665.55	1.8981	0.94986	1.4322	617.53	0.0043687	6.0179e-05	0.082079	supercritical
567.0	869.0	638.16	0.001567	529.36	665.53	1.8972	0.94999	1.4321	618.76	0.0041023	6.033e-05	0.082224	supercritical
567.0	872.25	639.43	0.0015639	529.1	665.51	1.8962	0.95013	1.4321	619.99	0.003838	6.048e-05	0.082368	supercritical
567.0	875.5	640.71	0.0015608	528.85	665.49	1.8953	0.95026	1.432	621.22	0.0035759	6.063e-05	0.082512	supercritical
567.0	878.75	641.97	0.0015577	528.59	665.48	1.8944	0.9504	1.432	622.45	0.0033159	6.078e-05	0.082656	supercritical
567.0	882.0	643.23	0.0015546	528.34	665.46	1.8935	0.95054	1.4319	623.68	0.0030581	6.093e-05	0.0828	supercritical
567.0	885.25	644.49	0.0015516	528.09	665.45	1.8926	0.95067	1.4319	624.91	0.0028023	6.108e-05	0.082943	supercritical
567.0	888.5	645.74	0.0015486	527.84	665.44	1.8916	0.95081	1.4318	626.13	0.0025486	6.123e-05	0.083086	supercritical
567.0	891.75	646.99	0.0015456	527.59	665.42	1.8907	0.95094	1.4318	627.35	0.0022969	6.1379e-05	0.083229	supercritical
567.0	895.0	648.23	0.0015427	527.35	665.41	1.8898	0.95108	1.4317	628.57	0.0020472	6.1529e-05	0.083371	supercritical
567.0	898.25	649.46	0.0015397	527.1	665.41	1.8889	0.95122	1.4317	629.79	0.0017995	6.1678e-05	0.083513	supercritical
567.0	901.5	650.69	0.0015368	526.85	665.4	1.888	0.95135	1.4316	631.01	0.0015537	6.1827e-05	0.083655	supercritical
567.0	904.75	651.92	0.0015339	526.61	665.39	1.8871	0.95149	1.4316	632.23	0.0013099	6.1976e-05	0.083797	supercritical
567.0	908.0	653.14	0.0015311	526.37	665.39	1.8863	0.95162	1.4315	633.44	0.0010681	6.2125e-05	0.083939	supercritical
567.0	911.25	654.36	0.0015282	526.12	665.38	1.8854	0.95175	1.4314	634.65	0.00082809	6.2273e-05	0.08408	supercritical
567.0	914.5	655.57	0.0015254	525.88	665.38	1.8845	0.95189	1.4314	635.87	0.00059	6.2422e-05	0.084221	supercritical
567.0	917.75	656.77	0.0015226	525.64	665.38	1.8836	0.95202	1.4313	637.08	0.00035378	6.257e-05	0.084361	supercritical
567.0	921.0	657.98	0.0015198	525.4	665.37	1.8827	0.95216	1.4312	638.29	0.00011939	6.2719e-05	0.084502	supercritical
567.0	924.25	659.17	0.0015171	525.16	665.37	1.8819	0.95229	1.4312	639.49	-0.00011317	6.2867e-05	0.084642	supercritical
567.0	927.5	660.36	0.0015143	524.92	665.38	1.881	0.95243	1.4311	640.7	-0.00034393	6.3015e-05	0.084782	supercritical
567.0	930.75	661.55	0.0015116	524.69	665.38	1.8801	0.95256	1.431	641.9	-0.00057291	6.3163e-05	0.084922	supercritical
567.0	934.0	662.73	0.0015089	524.45	665.38	1.8793	0.95269	1.431	643.11	-0.00080013	6.3311e-05	0.085062	supercritical
567.0	937.25	663.91	0.0015062	524.21	665.39	1.8784	0.95283	1.4309	644.31	-0.0010256	6.3458e-05	0.085201	supercritical
567.0	940.5	665.09	0.0015036	523.98	665.39	1.8776	0.95296	1.4308	645.51	-0.0012494	6.3606e-05	0.08534	supercritical
567.0	943.75	666.25	0.0015009	523.75	665.4	1.8767	0.95309	1.4308	646.71	-0.0014714	6.3753e-05	0.085479	supercritical
567.0	947.0	667.42	0.0014983	523.51	665.4	1.8759	0.95323	1.4307	647.9	-0.0016917	6.39e-05	0.085617	supercritical
567.0	950.25	668.58	0.0014957	523.28	665.41	1.875	0.95336	1.4306	649.1	-0.0019104	6.4047e-05	0.085756	supercritical
567.0	953.5	669.73	0.0014931	523.05	665.42	1.8742	0.95349	1.4305	650.29	-0.0021274	6.4194e-05	0.085894	supercritical
567.0	956.75	670.88	0.0014906	522.82	665.43	1.8734	0.95363	1.4305	651.49	-0.0023428	6.4341e-05	0.086032	supercritical
567.0	960.0	672.03	0.001488	522.59	665.44	1.8725	0.95376	1.4304	652.68	-0.0025566	6.4488e-05	0.08617	supercritical
567.0	963.25	673.17	0.0014855	522.37	665.46	1.8717	0.95389	1.4303	653.87	-0.0027688	6.4634e-05	0.086307	supercritical
567.0	966.5	674.31	0.001483	522.14	665.47	1.8709	0.95402	1.4302	655.05	-0.0029793	6.4781e-05	0.086445	supercritical
567.0	969.75	675.44	0.0014805	521.91	665.48	1.87	0.95416	1.4302	656.24	-0.0031883	6.4927e-05	0.086582	supercritical
567.0	973.0	676.57	0.001478	521.69	665.5	1.8692	0.95429	1.4301	657.43	-0.0033958	6.5073e-05	0.086719	supercritical
567.0	976.25	677.7	0.0014756	521.46	665.52	1.8684	0.95442	1.43	658.61	-0.0036017	6.5219e-05	0.086855	supercritical
567.0	979.5	678.82	0.0014731	521.24	665.53	1.8676	0.95455	1.4299	659.79	-0.0038061	6.5365e-05	0.086992	supercritical
567.0	982.75	679.93	0.0014707	521.01	665.55	1.8668	0.95469	1.4298	660.97	-0.004009	6.5511e-05	0.087128	supercritical
567.0	986.0	681.05	0.0014683	520.79	665.57	1.866	0.95482	1.4297	662.15	-0.0042104	6.5656e-05	0.087264	supercritical
567.0	989.25	682.15	0.0014659	520.57	665.59	1.8652	0.95495	1.4297	663.33	-0.0044103	6.5801e-05	0.0874	supercritical
567.0	992.5	683.26	0.0014636	520.35	665.61	1.8644	0.95508	1.4296	664.5	-0.0046087	6.5947e-05	0.087536	supercritical
567.0	995.75	684.36	0.0014612	520.13	665.63	1.8636	0.95521	1.4295	665.68	-0.0048057	6.6092e-05	0.087671	supercritical
567.0	999.0	685.45	0.0014589	519.91	665.66	1.8628	0.95534	1.4294	666.85	-0.0050013	6.6237e-05	0.087806	supercritical
567.0	1002.2	686.54	0.0014566	519.69	665.68	1.862	0.95548	1.4293	668.02	-0.0051954	6.6382e-05	0.087941	supercritical
567.0	1005.5	687.63	0.0014543	519.48	665.7	1.8612	0.95561	1.4292	669.19	-0.0053881	6.6527e-05	0.088076	supercritical
567.0	1008.8	688.72	0.001452	519.26	665.73	1.8604	0.95574	1.4291	670.36	-0.0055795	6.6671e-05	0.088211	supercritical
567.0	1012.0	689.79	0.0014497	519.05	665.76	1.8596	0.95587	1.4291	671.53	-0.0057694	6.6816e-05	0.088345	supercritical
567.0	1015.2	690.87	0.0014474	518.83	665.78	1.8588	0.956	1.429	672.69	-0.005958	6.696e-05	0.08848	supercritical
567.0	1018.5	691.94	0.0014452	518.62	665.81	1.858	0.95613	1.4289	673.86	-0.0061453	6.7104e-05	0.088614	supercritical
567.0	1021.8	693.01	0.001443	518.4	665.84	1.8573	0.95626	1.4288	675.02	-0.0063312	6.7248e-05	0.088748	supercritical
567.0	1025.0	694.07	0.0014408	518.19	665.87	1.8565	0.95639	1.4287	676.18	-0.0065157	6.7392e-05	0.088881	supercritical
567.0	1028.2	695.13	0.0014386	517.98	665.9	1.8557	0.95652	1.4286	677.34	-0.006699	6.7536e-05	0.089015	supercritical
567.0	1031.5	696.19	0.0014364	517.77	665.93	1.855	0.95665	1.4285	678.5	-0.006881	6.768e-05	0.089148	supercritical
567.0	1034.8	697.24	0.0014342	517.56	665.96	1.8542	0.95678	1.4284	679.66	-0.0070616	6.7823e-05	0.089282	supercritical
567.0	1038.0	698.29	0.0014321	517.35	666.0	1.8534	0.95692	1.4283	680.81	-0.007241	6.7967e-05	0.089415	supercritical
567.0	1041.2	699.33	0.0014299	517.14	666.03	1.8527	0.95705	1.4282	681.97	-0.0074191	6.811e-05	0.089547	supercritical
567.0	1044.5	700.38	0.0014278	516.93	666.07	1.8519	0.95718	1.4281	683.12	-0.007596	6.8253e-05	0.08968	supercritical
567.0	1047.8	701.41	0.0014257	516.73	666.1	1.8512	0.95731	1.4281	684.27	-0.0077716	6.8396e-05	0.089813	supercritical
567.0	1051.0	702.45	0.0014236	516.52	666.14	1.8504	0.95744	1.428	685.42	-0.007946	6.8539e-05	0.089945	supercritical
567.0	1054.2	703.48	0.0014215	516.31	666.18	1.8496	0.95757	1.4279	686.57	-0.0081191	6.8681e-05	0.090077	supercritical
567.0	1057.5	704.5	0.0014194	516.11	666.21	1.8489	0.9577	1.4278	687.71	-0.0082911	6.8824e-05	0.090209	supercritical
567.0	1060.8	705.53	0.0014174	515.9	666.25	1.8482	0.95783	1.4277	688.86	-0.0084618	6.8967e-05	0.090341	supercritical
567.0	1064.0	706.54	0.0014153	515.7	666.29	1.8474	0.95796	1.4276	690.0	-0.0086314	6.9109e-05	0.090472	supercritical
567.0	1067.2	707.56	0.0014133	515.5	666.33	1.8467	0.95809	1.4275	691.14	-0.0087998	6.9251e-05	0.090604	supercritical
567.0	1070.5	708.57	0.0014113	515.3	666.37	1.8459	0.95822	1.4274	692.28	-0.008967	6.9393e-05	0.090735	supercritical
567.0	1073.8	709.58	0.0014093	515.09	666.42	1.8452	0.95835	1.4273	693.42	-0.009133	6.9535e-05	0.090866	supercritical
567.0	1077.0	710.59	0.0014073	514.89	666.46	1.8445	0.95848	1.4272	694.56	-0.009298	6.9677e-05	0.090997	supercritical
567.0	1080.2	711.59	0.0014053	514.69	666.5	1.8437	0.95861	1.4271	695.69	-0.0094617	6.9818e-05	0.091128	supercritical
567.0	1083.5	712.58	0.0014033	514.49	666.55	1.843	0.95873	1.427	696.83	-0.0096244	6.996e-05	0.091259	supercritical
567.0	1086.8	713.58	0.0014014	514.3	666.59	1.8423	0.95886	1.4269	697.96	-0.0097859	7.0101e-05	0.091389	supercritical
567.0	1090.0	714.57	0.0013994	514.1	666.64	1.8416	0.95899	1.4268	699.09	-0.0099463	7.0243e-05	0.09152	supercritical
567.0	1093.2	715.56	0.0013975	513.9	666.68	1.8409	0.95912	1.4267	700.22	-0.010106	7.0384e-05	0.09165	supercritical
567.0	1096.5	716.54	0.0013956	513.7	666.73	1.8401	0.95925	1.4266	701.35	-0.010264	7.0525e-05	0.09178	supercritical
567.0	1099.8	717.52	0.0013937	513.51	666.78	1.8394	0.95938	1.4265	702.48	-0.010421	7.0666e-05	0.09191	supercritical
567.0	1103.0	718.5	0.0013918	513.31	666.83	1.8387	0.95951	1.4264	703.6	-0.010577	7.0806e-05	0.09204	supercritical
567.0	1106.2	719.48	0.0013899	513.12	666.88	1.838	0.95964	1.4263	704.73	-0.010732	7.0947e-05	0.092169	supercritical
567.0	1109.5	720.45	0.001388	512.93	666.93	1.8373	0.95977	1.4262	705.85	-0.010886	7.1087e-05	0.092299	supercritical
567.0	1112.8	721.41	0.0013862	512.73	666.98	1.8366	0.9599	1.4261	706.97	-0.011039	7.1228e-05	0.092428	supercritical
567.0	1116.0	722.38	0.0013843	512.54	667.03	1.8359	0.96003	1.426	708.09	-0.011191	7.1368e-05	0.092557	supercritical
567.0	1119.2	723.34	0.0013825	512.35	667.08	1.8352	0.96016	1.4259	709.21	-0.011342	7.1508e-05	0.092686	supercritical
567.0	1122.5	724.3	0.0013806	512.16	667.13	1.8345	0.96028	1.4258	710.32	-0.011492	7.1648e-05	0.092815	supercritical
567.0	1125.8	725.25	0.0013788	511.97	667.19	1.8338	0.96041	1.4257	711.44	-0.01164	7.1788e-05	0.092944	supercritical
567.0	1129.0	726.2	0.001377	511.78	667.24	1.8331	0.96054	1.4256	712.55	-0.011788	7.1928e-05	0.093072	supercritical
567.0	1132.2	727.15	0.0013752	511.59	667.3	1.8324	0.96067	1.4255	713.66	-0.011935	7.2067e-05	0.093201	supercritical
567.0	1135.5	728.1	0.0013734	511.4	667.35	1.8317	0.9608	1.4254	714.77	-0.012081	7.2207e-05	0.093329	supercritical
567.0	1138.8	729.04	0.0013717	511.21	667.41	1.831	0.96093	1.4253	715.88	-0.012226	7.2346e-05	0.093457	supercritical
567.0	1142.0	729.98	0.0013699	511.02	667.47	1.8303	0.96106	1.4252	716.99	-0.01237	7.2485e-05	0.093585	supercritical
567.0	1145.2	730.91	0.0013681	510.84	667.52	1.8297	0.96118	1.4251	718.1	-0.012513	7.2624e-05	0.093713	supercritical
567.0	1148.5	731.85	0.0013664	510.65	667.58	1.829	0.96131	1.425	719.2	-0.012655	7.2763e-05	0.093841	supercritical
567.0	1151.8	732.78	0.0013647	510.47	667.64	1.8283	0.96144	1.4249	720.3	-0.012796	7.2902e-05	0.093969	supercritical
567.0	1155.0	733.7	0.0013629	510.28	667.7	1.8276	0.96157	1.4248	721.4	-0.012936	7.3041e-05	0.094096	supercritical
567.0	1158.2	734.63	0.0013612	510.1	667.76	1.8269	0.9617	1.4247	722.5	-0.013075	7.3179e-05	0.094223	supercritical
567.0	1161.5	735.55	0.0013595	509.91	667.82	1.8263	0.96182	1.4246	723.6	-0.013213	7.3318e-05	0.094351	supercritical
567.0	1164.8	736.47	0.0013578	509.73	667.88	1.8256	0.96195	1.4245	724.7	-0.013351	7.3456e-05	0.094478	supercritical
567.0	1168.0	737.38	0.0013561	509.55	667.95	1.8249	0.96208	1.4244	725.8	-0.013487	7.3594e-05	0.094605	supercritical
567.0	1171.2	738.29	0.0013545	509.37	668.01	1.8243	0.96221	1.4243	726.89	-0.013623	7.3733e-05	0.094732	supercritical
567.0	1174.5	739.2	0.0013528	509.18	668.07	1.8236	0.96234	1.4242	727.98	-0.013757	7.387e-05	0.094858	supercritical
567.0	1177.8	740.11	0.0013512	509.0	668.14	1.8229	0.96246	1.4241	729.07	-0.013891	7.4008e-05	0.094985	supercritical
567.0	1181.0	741.01	0.0013495	508.82	668.2	1.8223	0.96259	1.424	730.16	-0.014024	7.4146e-05	0.095111	supercritical
567.0	1184.2	741.91	0.0013479	508.64	668.27	1.8216	0.96272	1.4239	731.25	-0.014156	7.4284e-05	0.095238	supercritical
567.0	1187.5	742.81	0.0013462	508.47	668.33	1.821	0.96285	1.4238	732.34	-0.014287	7.4421e-05	0.095364	supercritical
567.0	1190.8	743.7	0.0013446	508.29	668.4	1.8203	0.96298	1.4237	733.42	-0.014418	7.4558e-05	0.09549	supercritical
567.0	1194.0	744.6	0.001343	508.11	668.46	1.8197	0.9631	1.4236	734.5	-0.014547	7.4696e-05	0.095616	supercritical
567.0	1197.2	745.49	0.0013414	507.93	668.53	1.819	0.96323	1.4235	735.59	-0.014676	7.4833e-05	0.095742	supercritical
567.0	1200.5	746.37	0.0013398	507.76	668.6	1.8184	0.96336	1.4234	736.67	-0.014803	7.497e-05	0.095868	supercritical
567.0	1203.8	747.26	0.0013382	507.58	668.67	1.8177	0.96349	1.4233	737.74	-0.01493	7.5107e-05	0.095993	supercritical
567.0	1207.0	748.14	0.0013367	507.4	668.74	1.8171	0.96361	1.4232	738.82	-0.015056	7.5243e-05	0.096119	supercritical
567.0	1210.2	749.01	0.0013351	507.23	668.81	1.8164	0.96374	1.4231	739.9	-0.015182	7.538e-05	0.096244	supercritical
567.0	1213.5	749.89	0.0013335	507.06	668.88	1.8158	0.96387	1.423	740.97	-0.015306	7.5517e-05	0.09637	supercritical
567.0	1216.8	750.76	0.001332	506.88	668.95	1.8151	0.964	1.4229	742.05	-0.01543	7.5653e-05	0.096495	supercritical
567.0	1220.0	751.63	0.0013304	506.71	669.02	1.8145	0.96412	1.4228	743.12	-0.015553	7.5789e-05	0.09662	supercritical
567.0	1223.2	752.5	0.0013289	506.54	669.09	1.8139	0.96425	1.4227	744.19	-0.015675	7.5925e-05	0.096745	supercritical
567.0	1226.5	753.36	0.0013274	506.36	669.17	1.8132	0.96438	1.4226	745.25	-0.015796	7.6061e-05	0.09687	supercritical
567.0	1229.8	754.23	0.0013259	506.19	669.24	1.8126	0.9645	1.4225	746.32	-0.015917	7.6197e-05	0.096994	supercritical
567.0	1233.0	755.08	0.0013244	506.02	669.31	1.812	0.96463	1.4224	747.39	-0.016036	7.6333e-05	0.097119	supercritical
567.0	1236.2	755.94	0.0013229	505.85	669.39	1.8114	0.96476	1.4223	748.45	-0.016155	7.6469e-05	0.097244	supercritical
567.0	1239.5	756.8	0.0013214	505.68	669.46	1.8107	0.96489	1.4222	749.51	-0.016273	7.6604e-05	0.097368	supercritical
567.0	1242.8	757.65	0.0013199	505.51	669.54	1.8101	0.96501	1.4221	750.57	-0.016391	7.674e-05	0.097492	supercritical
567.0	1246.0	758.5	0.0013184	505.34	669.61	1.8095	0.96514	1.422	751.63	-0.016508	7.6875e-05	0.097617	supercritical
567.0	1249.2	759.34	0.0013169	505.17	669.69	1.8089	0.96527	1.4219	752.69	-0.016624	7.7011e-05	0.097741	supercritical
567.0	1252.5	760.19	0.0013155	505.01	669.77	1.8082	0.96539	1.4218	753.75	-0.016739	7.7146e-05	0.097865	supercritical
567.0	1255.8	761.03	0.001314	504.84	669.85	1.8076	0.96552	1.4217	754.8	-0.016853	7.7281e-05	0.097989	supercritical
567.0	1259.0	761.87	0.0013126	504.67	669.92	1.807	0.96565	1.4216	755.86	-0.016967	7.7416e-05	0.098112	supercritical
567.0	1262.2	762.7	0.0013111	504.51	670.0	1.8064	0.96577	1.4215	756.91	-0.01708	7.755e-05	0.098236	supercritical
567.0	1265.5	763.54	0.0013097	504.34	670.08	1.8058	0.9659	1.4214	757.96	-0.017192	7.7685e-05	0.09836	supercritical
567.0	1268.8	764.37	0.0013083	504.17	670.16	1.8052	0.96603	1.4213	759.01	-0.017304	7.782e-05	0.098483	supercritical
567.0	1272.0	765.2	0.0013069	504.01	670.24	1.8046	0.96615	1.4213	760.06	-0.017415	7.7954e-05	0.098607	supercritical
567.0	1275.2	766.02	0.0013054	503.85	670.32	1.804	0.96628	1.4212	761.1	-0.017525	7.8088e-05	0.09873	supercritical
567.0	1278.5	766.85	0.001304	503.68	670.4	1.8034	0.96641	1.4211	762.15	-0.017635	7.8223e-05	0.098853	supercritical
567.0	1281.8	767.67	0.0013026	503.52	670.49	1.8028	0.96653	1.421	763.19	-0.017743	7.8357e-05	0.098976	supercritical
567.0	1285.0	768.49	0.0013013	503.36	670.57	1.8022	0.96666	1.4209	764.23	-0.017851	7.8491e-05	0.099099	supercritical
567.0	1288.2	769.3	0.0012999	503.19	670.65	1.8016	0.96679	1.4208	765.27	-0.017959	7.8625e-05	0.099222	supercritical
567.0	1291.5	770.12	0.0012985	503.03	670.73	1.801	0.96691	1.4207	766.31	-0.018066	7.8758e-05	0.099345	supercritical
567.0	1294.8	770.93	0.0012971	502.87	670.82	1.8004	0.96704	1.4206	767.35	-0.018172	7.8892e-05	0.099468	supercritical
567.0	1298.0	771.74	0.0012958	502.71	670.9	1.7998	0.96716	1.4205	768.38	-0.018277	7.9026e-05	0.099591	supercritical
567.0	1301.2	772.55	0.0012944	502.55	670.99	1.7992	0.96729	1.4204	769.42	-0.018382	7.9159e-05	0.099713	supercritical
567.0	1304.5	773.35	0.0012931	502.39	671.07	1.7986	0.96742	1.4203	770.45	-0.018486	7.9293e-05	0.099836	supercritical
567.0	1307.8	774.15	0.0012917	502.23	671.16	1.798	0.96754	1.4202	771.48	-0.018589	7.9426e-05	0.099958	supercritical
567.0	1311.0	774.95	0.0012904	502.07	671.24	1.7974	0.96767	1.4201	772.51	-0.018692	7.9559e-05	0.10008	supercritical
567.0	1314.2	775.75	0.0012891	501.91	671.33	1.7968	0.9678	1.42	773.54	-0.018794	7.9692e-05	0.1002	supercritical
567.0	1317.5	776.55	0.0012877	501.76	671.42	1.7962	0.96792	1.4199	774.57	-0.018896	7.9825e-05	0.10032	supercritical
567.0	1320.8	777.34	0.0012864	501.6	671.5	1.7956	0.96805	1.4199	775.59	-0.018997	7.9958e-05	0.10045	supercritical
567.0	1324.0	778.13	0.0012851	501.44	671.59	1.7951	0.96817	1.4198	776.61	-0.019097	8.009e-05	0.10057	supercritical
567.0	1327.2	778.92	0.0012838	501.28	671.68	1.7945	0.9683	1.4197	777.64	-0.019197	8.0223e-05	0.10069	supercritical
567.0	1330.5	779.71	0.0012825	501.13	671.77	1.7939	0.96843	1.4196	778.66	-0.019296	8.0356e-05	0.10081	supercritical
567.0	1333.8	780.49	0.0012812	500.97	671.86	1.7933	0.96855	1.4195	779.68	-0.019394	8.0488e-05	0.10093	supercritical
567.0	1337.0	781.28	0.00128	500.82	671.95	1.7928	0.96868	1.4194	780.7	-0.019492	8.062e-05	0.10106	supercritical
567.0	1340.2	782.06	0.0012787	500.66	672.04	1.7922	0.9688	1.4193	781.71	-0.019589	8.0753e-05	0.10118	supercritical
567.0	1343.5	782.84	0.0012774	500.51	672.13	1.7916	0.96893	1.4192	782.73	-0.019686	8.0885e-05	0.1013	supercritical
567.0	1346.8	783.61	0.0012761	500.35	672.22	1.791	0.96906	1.4191	783.74	-0.019782	8.1017e-05	0.10142	supercritical
567.0	1350.0	784.38	0.0012749	500.2	672.31	1.7905	0.96918	1.419	784.75	-0.019878	8.1149e-05	0.10154	supercritical
567.0	1353.2	785.16	0.0012736	500.05	672.4	1.7899	0.96931	1.419	785.77	-0.019972	8.128e-05	0.10166	supercritical
567.0	1356.5	785.93	0.0012724	499.9	672.49	1.7893	0.96943	1.4189	786.77	-0.020067	8.1412e-05	0.10178	supercritical
567.0	1359.8	786.69	0.0012711	499.74	672.59	1.7888	0.96956	1.4188	787.78	-0.02016	8.1544e-05	0.10191	supercritical
567.0	1363.0	787.46	0.0012699	499.59	672.68	1.7882	0.96968	1.4187	788.79	-0.020254	8.1675e-05	0.10203	supercritical
567.0	1366.2	788.22	0.0012687	499.44	672.77	1.7876	0.96981	1.4186	789.79	-0.020346	8.1806e-05	0.10215	supercritical
567.0	1369.5	788.98	0.0012675	499.29	672.87	1.7871	0.96993	1.4185	790.8	-0.020438	8.1938e-05	0.10227	supercritical
567.0	1372.8	789.74	0.0012662	499.14	672.96	1.7865	0.97006	1.4184	791.8	-0.02053	8.2069e-05	0.10239	supercritical
567.0	1376.0	790.5	0.001265	498.99	673.06	1.786	0.97019	1.4184	792.8	-0.02062	8.22e-05	0.10251	supercritical
567.0	1379.2	791.25	0.0012638	498.84	673.15	1.7854	0.97031	1.4183	793.8	-0.020711	8.2331e-05	0.10263	supercritical
567.0	1382.5	792.01	0.0012626	498.69	673.25	1.7848	0.97044	1.4182	794.8	-0.020801	8.2462e-05	0.10275	supercritical
567.0	1385.8	792.76	0.0012614	498.54	673.34	1.7843	0.97056	1.4181	795.79	-0.02089	8.2593e-05	0.10287	supercritical
567.0	1389.0	793.51	0.0012602	498.4	673.44	1.7837	0.97069	1.418	796.79	-0.020979	8.2723e-05	0.10299	supercritical
567.0	1392.2	794.25	0.001259	498.25	673.54	1.7832	0.97081	1.4179	797.78	-0.021067	8.2854e-05	0.10311	supercritical
567.0	1395.5	795.0	0.0012579	498.1	673.64	1.7826	0.97094	1.4179	798.78	-0.021154	8.2985e-05	0.10323	supercritical
567.0	1398.8	795.74	0.0012567	497.95	673.73	1.7821	0.97106	1.4178	799.77	-0.021241	8.3115e-05	0.10335	supercritical
567.0	1402.0	796.48	0.0012555	497.81	673.83	1.7815	0.97119	1.4177	800.76	-0.021328	8.3245e-05	0.10347	supercritical
567.0	1405.2	797.22	0.0012544	497.66	673.93	1.781	0.97131	1.4176	801.74	-0.021414	8.3376e-05	0.10359	supercritical
567.0	1408.5	797.96	0.0012532	497.52	674.03	1.7805	0.97144	1.4175	802.73	-0.0215	8.3506e-05	0.10371	supercritical
567.0	1411.8	798.69	0.001252	497.37	674.13	1.7799	0.97156	1.4174	803.72	-0.021585	8.3636e-05	0.10383	supercritical
567.0	1415.0	799.43	0.0012509	497.23	674.23	1.7794	0.97169	1.4174	804.7	-0.021669	8.3766e-05	0.10395	supercritical
567.0	1418.2	800.16	0.0012498	497.08	674.33	1.7788	0.97181	1.4173	805.68	-0.021753	8.3896e-05	0.10407	supercritical
567.0	1421.5	800.89	0.0012486	496.94	674.43	1.7783	0.97194	1.4172	806.66	-0.021837	8.4025e-05	0.10419	supercritical
567.0	1424.8	801.61	0.0012475	496.79	674.53	1.7778	0.97206	1.4171	807.64	-0.02192	8.4155e-05	0.10431	supercritical
567.0	1428.0	802.34	0.0012464	496.65	674.63	1.7772	0.97219	1.417	808.62	-0.022003	8.4285e-05	0.10443	supercritical
567.0	1431.2	803.06	0.0012452	496.51	674.73	1.7767	0.97231	1.417	809.6	-0.022085	8.4414e-05	0.10455	supercritical
567.0	1434.5	803.78	0.0012441	496.36	674.83	1.7761	0.97244	1.4169	810.57	-0.022166	8.4543e-05	0.10467	supercritical
567.0	1437.8	804.5	0.001243	496.22	674.94	1.7756	0.97256	1.4168	811.55	-0.022247	8.4673e-05	0.10479	supercritical
567.0	1441.0	805.22	0.0012419	496.08	675.04	1.7751	0.97269	1.4167	812.52	-0.022328	8.4802e-05	0.10491	supercritical
567.0	1444.2	805.94	0.0012408	495.94	675.14	1.7746	0.97281	1.4167	813.49	-0.022408	8.4931e-05	0.10503	supercritical
567.0	1447.5	806.65	0.0012397	495.8	675.24	1.774	0.97294	1.4166	814.46	-0.022488	8.506e-05	0.10515	supercritical
567.0	1450.8	807.36	0.0012386	495.66	675.35	1.7735	0.97306	1.4165	815.43	-0.022567	8.5189e-05	0.10527	supercritical
567.0	1454.0	808.07	0.0012375	495.52	675.45	1.773	0.97319	1.4164	816.4	-0.022646	8.5318e-05	0.10539	supercritical
567.0	1457.2	808.78	0.0012364	495.38	675.56	1.7724	0.97331	1.4163	817.36	-0.022724	8.5447e-05	0.10551	supercritical
567.0	1460.5	809.49	0.0012353	495.24	675.66	1.7719	0.97344	1.4163	818.33	-0.022802	8.5575e-05	0.10562	supercritical
567.0	1463.8	810.2	0.0012343	495.1	675.77	1.7714	0.97356	1.4162	819.29	-0.022879	8.5704e-05	0.10574	supercritical
567.0	1467.0	810.9	0.0012332	494.96	675.87	1.7709	0.97369	1.4161	820.25	-0.022956	8.5832e-05	0.10586	supercritical
567.0	1470.2	811.6	0.0012321	494.82	675.98	1.7704	0.97381	1.416	821.21	-0.023033	8.5961e-05	0.10598	supercritical
567.0	1473.5	812.3	0.0012311	494.69	676.08	1.7698	0.97394	1.416	822.17	-0.023109	8.6089e-05	0.1061	supercritical
567.0	1476.8	813.0	0.00123	494.55	676.19	1.7693	0.97406	1.4159	823.13	-0.023184	8.6217e-05	0.10622	supercritical
567.0	1480.0	813.7	0.001229	494.41	676.3	1.7688	0.97418	1.4158	824.09	-0.023259	8.6345e-05	0.10634	supercritical
567.0	1483.2	814.39	0.0012279	494.27	676.4	1.7683	0.97431	1.4157	825.04	-0.023334	8.6474e-05	0.10646	supercritical
567.0	1486.5	815.08	0.0012269	494.14	676.51	1.7678	0.97443	1.4157	826.0	-0.023408	8.6602e-05	0.10658	supercritical
567.0	1489.8	815.77	0.0012258	494.0	676.62	1.7673	0.97456	1.4156	826.95	-0.023482	8.6729e-05	0.10669	supercritical
567.0	1493.0	816.46	0.0012248	493.87	676.73	1.7668	0.97468	1.4155	827.9	-0.023556	8.6857e-05	0.10681	supercritical
567.0	1496.2	817.15	0.0012238	493.73	676.84	1.7662	0.97481	1.4155	828.85	-0.023629	8.6985e-05	0.10693	supercritical
567.0	1499.5	817.84	0.0012227	493.6	676.95	1.7657	0.97493	1.4154	829.8	-0.023701	8.7113e-05	0.10705	supercritical
567.0	1502.8	818.52	0.0012217	493.46	677.05	1.7652	0.97506	1.4153	830.74	-0.023774	8.724e-05	0.10717	supercritical
567.0	1506.0	819.2	0.0012207	493.33	677.16	1.7647	0.97518	1.4152	831.69	-0.023845	8.7368e-05	0.10729	supercritical
567.0	1509.2	819.89	0.0012197	493.19	677.27	1.7642	0.9753	1.4152	832.64	-0.023917	8.7495e-05	0.1074	supercritical
567.0	1512.5	820.56	0.0012187	493.06	677.38	1.7637	0.97543	1.4151	833.58	-0.023988	8.7622e-05	0.10752	supercritical
567.0	1515.8	821.24	0.0012177	492.93	677.49	1.7632	0.97555	1.415	834.52	-0.024058	8.775e-05	0.10764	supercritical
567.0	1519.0	821.92	0.0012167	492.79	677.61	1.7627	0.97568	1.415	835.46	-0.024128	8.7877e-05	0.10776	supercritical
567.0	1522.2	822.59	0.0012157	492.66	677.72	1.7622	0.9758	1.4149	836.4	-0.024198	8.8004e-05	0.10788	supercritical
567.0	1525.5	823.27	0.0012147	492.53	677.83	1.7617	0.97592	1.4148	837.34	-0.024268	8.8131e-05	0.10799	supercritical
567.0	1528.8	823.94	0.0012137	492.4	677.94	1.7612	0.97605	1.4148	838.27	-0.024336	8.8258e-05	0.10811	supercritical
567.0	1532.0	824.61	0.0012127	492.27	678.05	1.7607	0.97617	1.4147	839.21	-0.024405	8.8384e-05	0.10823	supercritical
567.0	1535.2	825.27	0.0012117	492.13	678.16	1.7602	0.9763	1.4146	840.14	-0.024473	8.8511e-05	0.10835	supercritical
567.0	1538.5	825.94	0.0012107	492.0	678.28	1.7597	0.97642	1.4146	841.08	-0.024541	8.8638e-05	0.10847	supercritical
567.0	1541.8	826.61	0.0012098	491.87	678.39	1.7592	0.97654	1.4145	842.01	-0.024608	8.8764e-05	0.10858	supercritical
567.0	1545.0	827.27	0.0012088	491.74	678.5	1.7587	0.97667	1.4144	842.94	-0.024676	8.8891e-05	0.1087	supercritical
567.0	1548.2	827.93	0.0012078	491.61	678.62	1.7582	0.97679	1.4144	843.87	-0.024742	8.9017e-05	0.10882	supercritical
567.0	1551.5	828.59	0.0012069	491.48	678.73	1.7577	0.97692	1.4143	844.79	-0.024809	8.9144e-05	0.10894	supercritical
567.0	1554.8	829.25	0.0012059	491.36	678.84	1.7573	0.97704	1.4142	845.72	-0.024874	8.927e-05	0.10905	supercritical
567.0	1558.0	829.91	0.001205	491.23	678.96	1.7568	0.97716	1.4142	846.64	-0.02494	8.9396e-05	0.10917	supercritical
567.0	1561.2	830.56	0.001204	491.1	679.07	1.7563	0.97729	1.4141	847.57	-0.025005	8.9522e-05	0.10929	supercritical
567.0	1564.5	831.22	0.0012031	490.97	679.19	1.7558	0.97741	1.414	848.49	-0.02507	8.9648e-05	0.10941	supercritical
567.0	1567.8	831.87	0.0012021	490.84	679.3	1.7553	0.97753	1.414	849.41	-0.025135	8.9774e-05	0.10952	supercritical
567.0	1571.0	832.52	0.0012012	490.72	679.42	1.7548	0.97766	1.4139	850.33	-0.025199	8.99e-05	0.10964	supercritical
567.0	1574.2	833.17	0.0012002	490.59	679.54	1.7543	0.97778	1.4139	851.25	-0.025262	9.0026e-05	0.10976	supercritical
567.0	1577.5	833.82	0.0011993	490.46	679.65	1.7539	0.9779	1.4138	852.17	-0.025326	9.0152e-05	0.10988	supercritical
567.0	1580.8	834.46	0.0011984	490.34	679.77	1.7534	0.97803	1.4137	853.08	-0.025389	9.0277e-05	0.10999	supercritical
567.0	1584.0	835.11	0.0011975	490.21	679.89	1.7529	0.97815	1.4137	854.0	-0.025452	9.0403e-05	0.11011	supercritical
567.0	1587.2	835.75	0.0011965	490.08	680.0	1.7524	0.97828	1.4136	854.91	-0.025514	9.0528e-05	0.11023	supercritical
567.0	1590.5	836.39	0.0011956	489.96	680.12	1.7519	0.9784	1.4135	855.83	-0.025576	9.0654e-05	0.11034	supercritical
567.0	1593.8	837.03	0.0011947	489.83	680.24	1.7515	0.97852	1.4135	856.74	-0.025638	9.0779e-05	0.11046	supercritical
567.0	1597.0	837.67	0.0011938	489.71	680.36	1.751	0.97865	1.4134	857.65	-0.025699	9.0904e-05	0.11058	supercritical
567.0	1600.2	838.31	0.0011929	489.58	680.47	1.7505	0.97877	1.4134	858.55	-0.02576	9.103e-05	0.1107	supercritical
567.0	1603.5	838.94	0.001192	489.46	680.59	1.75	0.97889	1.4133	859.46	-0.025821	9.1155e-05	0.11081	supercritical
567.0	1606.8	839.58	0.0011911	489.33	680.71	1.7496	0.97902	1.4132	860.37	-0.025881	9.128e-05	0.11093	supercritical
567.0	1610.0	840.21	0.0011902	489.21	680.83	1.7491	0.97914	1.4132	861.27	-0.025941	9.1405e-05	0.11105	supercritical
567.0	1613.2	840.84	0.0011893	489.09	680.95	1.7486	0.97926	1.4131	862.18	-0.026001	9.153e-05	0.11116	supercritical
567.0	1616.5	841.47	0.0011884	488.97	681.07	1.7481	0.97939	1.4131	863.08	-0.02606	9.1654e-05	0.11128	supercritical
567.0	1619.8	842.1	0.0011875	488.84	681.19	1.7477	0.97951	1.413	863.98	-0.026119	9.1779e-05	0.1114	supercritical
567.0	1623.0	842.73	0.0011866	488.72	681.31	1.7472	0.97963	1.4129	864.88	-0.026178	9.1904e-05	0.11151	supercritical
567.0	1626.2	843.36	0.0011857	488.6	681.43	1.7467	0.97976	1.4129	865.78	-0.026237	9.2029e-05	0.11163	supercritical
567.0	1629.5	843.98	0.0011849	488.48	681.55	1.7463	0.97988	1.4128	866.68	-0.026295	9.2153e-05	0.11175	supercritical
567.0	1632.8	844.6	0.001184	488.35	681.67	1.7458	0.98	1.4128	867.57	-0.026352	9.2278e-05	0.11186	supercritical
567.0	1636.0	845.23	0.0011831	488.23	681.79	1.7453	0.98012	1.4127	868.47	-0.02641	9.2402e-05	0.11198	supercritical
567.0	1639.2	845.85	0.0011822	488.11	681.91	1.7449	0.98025	1.4127	869.36	-0.026467	9.2526e-05	0.1121	supercritical
567.0	1642.5	846.46	0.0011814	487.99	682.03	1.7444	0.98037	1.4126	870.26	-0.026524	9.2651e-05	0.11221	supercritical
567.0	1645.8	847.08	0.0011805	487.87	682.16	1.7439	0.98049	1.4126	871.15	-0.026581	9.2775e-05	0.11233	supercritical
567.0	1649.0	847.7	0.0011797	487.75	682.28	1.7435	0.98062	1.4125	872.04	-0.026637	9.2899e-05	0.11245	supercritical
567.0	1652.2	848.31	0.0011788	487.63	682.4	1.743	0.98074	1.4124	872.93	-0.026693	9.3023e-05	0.11256	supercritical
567.0	1655.5	848.93	0.001178	487.51	682.52	1.7426	0.98086	1.4124	873.82	-0.026749	9.3147e-05	0.11268	supercritical
567.0	1658.8	849.54	0.0011771	487.39	682.65	1.7421	0.98099	1.4123	874.7	-0.026804	9.3271e-05	0.11279	supercritical
567.0	1662.0	850.15	0.0011763	487.27	682.77	1.7417	0.98111	1.4123	875.59	-0.026859	9.3395e-05	0.11291	supercritical
567.0	1665.2	850.76	0.0011754	487.16	682.89	1.7412	0.98123	1.4122	876.47	-0.026914	9.3519e-05	0.11303	supercritical
567.0	1668.5	851.37	0.0011746	487.04	683.02	1.7407	0.98135	1.4122	877.36	-0.026968	9.3642e-05	0.11314	supercritical
567.0	1671.8	851.98	0.0011737	486.92	683.14	1.7403	0.98148	1.4121	878.24	-0.027023	9.3766e-05	0.11326	supercritical
567.0	1675.0	852.58	0.0011729	486.8	683.26	1.7398	0.9816	1.4121	879.12	-0.027076	9.389e-05	0.11338	supercritical
567.0	1678.2	853.18	0.0011721	486.68	683.39	1.7394	0.98172	1.412	880.0	-0.02713	9.4013e-05	0.11349	supercritical
567.0	1681.5	853.79	0.0011713	486.57	683.51	1.7389	0.98184	1.412	880.88	-0.027184	9.4137e-05	0.11361	supercritical
567.0	1684.8	854.39	0.0011704	486.45	683.64	1.7385	0.98197	1.4119	881.76	-0.027237	9.426e-05	0.11372	supercritical
567.0	1688.0	854.99	0.0011696	486.33	683.76	1.738	0.98209	1.4119	882.63	-0.027289	9.4383e-05	0.11384	supercritical
567.0	1691.2	855.59	0.0011688	486.22	683.89	1.7376	0.98221	1.4118	883.51	-0.027342	9.4507e-05	0.11396	supercritical
567.0	1694.5	856.19	0.001168	486.1	684.01	1.7371	0.98233	1.4118	884.38	-0.027394	9.463e-05	0.11407	supercritical
567.0	1697.8	856.78	0.0011672	485.99	684.14	1.7367	0.98246	1.4117	885.25	-0.027446	9.4753e-05	0.11419	supercritical
567.0	1701.0	857.38	0.0011663	485.87	684.27	1.7362	0.98258	1.4117	886.13	-0.027498	9.4876e-05	0.1143	supercritical
567.0	1704.2	857.97	0.0011655	485.76	684.39	1.7358	0.9827	1.4116	887.0	-0.027549	9.4999e-05	0.11442	supercritical
567.0	1707.5	858.57	0.0011647	485.64	684.52	1.7353	0.98282	1.4116	887.87	-0.027601	9.5122e-05	0.11454	supercritical
567.0	1710.8	859.16	0.0011639	485.53	684.65	1.7349	0.98295	1.4115	888.74	-0.027652	9.5245e-05	0.11465	supercritical
567.0	1714.0	859.75	0.0011631	485.41	684.77	1.7345	0.98307	1.4115	889.6	-0.027702	9.5368e-05	0.11477	supercritical
567.0	1717.2	860.34	0.0011623	485.3	684.9	1.734	0.98319	1.4114	890.47	-0.027753	9.549e-05	0.11488	supercritical
567.0	1720.5	860.92	0.0011615	485.18	685.03	1.7336	0.98331	1.4114	891.33	-0.027803	9.5613e-05	0.115	supercritical
567.0	1723.8	861.51	0.0011608	485.07	685.16	1.7331	0.98344	1.4113	892.2	-0.027853	9.5736e-05	0.11511	supercritical
567.0	1727.0	862.1	0.00116	484.96	685.28	1.7327	0.98356	1.4113	893.06	-0.027902	9.5858e-05	0.11523	supercritical
567.0	1730.2	862.68	0.0011592	484.84	685.41	1.7323	0.98368	1.4112	893.92	-0.027952	9.5981e-05	0.11535	supercritical
567.0	1733.5	863.26	0.0011584	484.73	685.54	1.7318	0.9838	1.4112	894.78	-0.028001	9.6103e-05	0.11546	supercritical
567.0	1736.8	863.84	0.0011576	484.62	685.67	1.7314	0.98392	1.4111	895.64	-0.02805	9.6226e-05	0.11558	supercritical
567.0	1740.0	864.42	0.0011568	484.51	685.8	1.7309	0.98405	1.4111	896.5	-0.028098	9.6348e-05	0.11569	supercritical
567.0	1743.2	865.0	0.0011561	484.39	685.93	1.7305	0.98417	1.411	897.36	-0.028147	9.647e-05	0.11581	supercritical
567.0	1746.5	865.58	0.0011553	484.28	686.05	1.7301	0.98429	1.411	898.21	-0.028195	9.6593e-05	0.11592	supercritical
567.0	1749.8	866.16	0.0011545	484.17	686.18	1.7296	0.98441	1.4109	899.07	-0.028243	9.6715e-05	0.11604	supercritical
567.0	1753.0	866.73	0.0011538	484.06	686.31	1.7292	0.98454	1.4109	899.92	-0.02829	9.6837e-05	0.11616	supercritical
567.0	1756.2	867.31	0.001153	483.95	686.44	1.7288	0.98466	1.4109	900.78	-0.028338	9.6959e-05	0.11627	supercritical
567.0	1759.5	867.88	0.0011522	483.84	686.57	1.7283	0.98478	1.4108	901.63	-0.028385	9.7081e-05	0.11639	supercritical
567.0	1762.8	868.45	0.0011515	483.73	686.7	1.7279	0.9849	1.4108	902.48	-0.028432	9.7203e-05	0.1165	supercritical
567.0	1766.0	869.03	0.0011507	483.62	686.83	1.7275	0.98502	1.4107	903.33	-0.028479	9.7325e-05	0.11662	supercritical
567.0	1769.2	869.6	0.00115	483.51	686.97	1.7271	0.98514	1.4107	904.18	-0.028525	9.7446e-05	0.11673	supercritical
567.0	1772.5	870.16	0.0011492	483.4	687.1	1.7266	0.98527	1.4106	905.02	-0.028571	9.7568e-05	0.11685	supercritical
567.0	1775.8	870.73	0.0011485	483.29	687.23	1.7262	0.98539	1.4106	905.87	-0.028617	9.769e-05	0.11696	supercritical
567.0	1779.0	871.3	0.0011477	483.18	687.36	1.7258	0.98551	1.4105	906.72	-0.028663	9.7811e-05	0.11708	supercritical
567.0	1782.2	871.86	0.001147	483.07	687.49	1.7253	0.98563	1.4105	907.56	-0.028709	9.7933e-05	0.11719	supercritical
567.0	1785.5	872.43	0.0011462	482.96	687.62	1.7249	0.98575	1.4105	908.4	-0.028754	9.8054e-05	0.11731	supercritical
567.0	1788.8	872.99	0.0011455	482.85	687.75	1.7245	0.98588	1.4104	909.24	-0.028799	9.8176e-05	0.11742	supercritical
567.0	1792.0	873.55	0.0011448	482.75	687.89	1.7241	0.986	1.4104	910.09	-0.028844	9.8297e-05	0.11754	supercritical
567.0	1795.2	874.11	0.001144	482.64	688.02	1.7237	0.98612	1.4103	910.93	-0.028889	9.8419e-05	0.11765	supercritical
567.0	1798.5	874.67	0.0011433	482.53	688.15	1.7232	0.98624	1.4103	911.76	-0.028933	9.854e-05	0.11777	supercritical
567.0	1801.8	875.23	0.0011426	482.42	688.28	1.7228	0.98636	1.4102	912.6	-0.028977	9.8661e-05	0.11788	supercritical
567.0	1805.0	875.79	0.0011418	482.32	688.42	1.7224	0.98648	1.4102	913.44	-0.029021	9.8782e-05	0.118	supercritical
567.0	1808.2	876.34	0.0011411	482.21	688.55	1.722	0.9866	1.4102	914.27	-0.029065	9.8903e-05	0.11812	supercritical
567.0	1811.5	876.9	0.0011404	482.1	688.68	1.7216	0.98673	1.4101	915.11	-0.029108	9.9025e-05	0.11823	supercritical
567.0	1814.8	877.45	0.0011397	482.0	688.82	1.7211	0.98685	1.4101	915.94	-0.029152	9.9146e-05	0.11835	supercritical
567.0	1818.0	878.01	0.0011389	481.89	688.95	1.7207	0.98697	1.41	916.78	-0.029195	9.9266e-05	0.11846	supercritical
567.0	1821.2	878.56	0.0011382	481.78	689.08	1.7203	0.98709	1.41	917.61	-0.029238	9.9387e-05	0.11858	supercritical
567.0	1824.5	879.11	0.0011375	481.68	689.22	1.7199	0.98721	1.41	918.44	-0.029281	9.9508e-05	0.11869	supercritical
567.0	1827.8	879.66	0.0011368	481.57	689.35	1.7195	0.98733	1.4099	919.27	-0.029323	9.9629e-05	0.11881	supercritical
567.0	1831.0	880.21	0.0011361	481.47	689.49	1.7191	0.98745	1.4099	920.1	-0.029365	9.975e-05	0.11892	supercritical
567.0	1834.2	880.76	0.0011354	481.36	689.62	1.7186	0.98758	1.4098	920.92	-0.029407	9.987e-05	0.11904	supercritical
567.0	1837.5	881.3	0.0011347	481.26	689.76	1.7182	0.9877	1.4098	921.75	-0.029449	9.9991e-05	0.11915	supercritical
567.0	1840.8	881.85	0.001134	481.15	689.89	1.7178	0.98782	1.4098	922.57	-0.029491	0.00010011	0.11927	supercritical
567.0	1844.0	882.39	0.0011333	481.05	690.03	1.7174	0.98794	1.4097	923.4	-0.029532	0.00010023	0.11938	supercritical
567.0	1847.2	882.94	0.0011326	480.94	690.16	1.717	0.98806	1.4097	924.22	-0.029574	0.00010035	0.1195	supercritical
567.0	1850.5	883.48	0.0011319	480.84	690.3	1.7166	0.98818	1.4097	925.04	-0.029615	0.00010047	0.11961	supercritical
567.0	1853.8	884.02	0.0011312	480.74	690.43	1.7162	0.9883	1.4096	925.87	-0.029656	0.00010059	0.11972	supercritical
567.0	1857.0	884.56	0.0011305	480.63	690.57	1.7158	0.98842	1.4096	926.69	-0.029696	0.00010071	0.11984	supercritical
567.0	1860.2	885.1	0.0011298	480.53	690.7	1.7154	0.98854	1.4095	927.51	-0.029737	0.00010083	0.11995	supercritical
567.0	1863.5	885.64	0.0011291	480.43	690.84	1.715	0.98867	1.4095	928.32	-0.029777	0.00010095	0.12007	supercritical
567.0	1866.8	886.17	0.0011284	480.32	690.98	1.7145	0.98879	1.4095	929.14	-0.029817	0.00010107	0.12018	supercritical
567.0	1870.0	886.71	0.0011278	480.22	691.11	1.7141	0.98891	1.4094	929.96	-0.029857	0.00010119	0.1203	supercritical
567.0	1873.2	887.25	0.0011271	480.12	691.25	1.7137	0.98903	1.4094	930.77	-0.029897	0.00010131	0.12041	supercritical
567.0	1876.5	887.78	0.0011264	480.02	691.39	1.7133	0.98915	1.4094	931.59	-0.029936	0.00010143	0.12053	supercritical
567.0	1879.8	888.31	0.0011257	479.92	691.53	1.7129	0.98927	1.4093	932.4	-0.029976	0.00010155	0.12064	supercritical
567.0	1883.0	888.84	0.0011251	479.81	691.66	1.7125	0.98939	1.4093	933.21	-0.030015	0.00010167	0.12076	supercritical
567.0	1886.2	889.38	0.0011244	479.71	691.8	1.7121	0.98951	1.4093	934.02	-0.030054	0.00010179	0.12087	supercritical
567.0	1889.5	889.91	0.0011237	479.61	691.94	1.7117	0.98963	1.4092	934.83	-0.030093	0.00010191	0.12099	supercritical
567.0	1892.8	890.43	0.001123	479.51	692.08	1.7113	0.98975	1.4092	935.64	-0.030131	0.00010203	0.1211	supercritical
567.0	1896.0	890.96	0.0011224	479.41	692.21	1.7109	0.98987	1.4092	936.45	-0.03017	0.00010215	0.12122	supercritical
567.0	1899.2	891.49	0.0011217	479.31	692.35	1.7105	0.98999	1.4091	937.26	-0.030208	0.00010227	0.12133	supercritical
567.0	1902.5	892.02	0.0011211	479.21	692.49	1.7101	0.99012	1.4091	938.07	-0.030246	0.00010239	0.12145	supercritical
567.0	1905.8	892.54	0.0011204	479.11	692.63	1.7097	0.99024	1.409	938.87	-0.030284	0.00010251	0.12156	supercritical
567.0	1909.0	893.07	0.0011197	479.01	692.77	1.7093	0.99036	1.409	939.68	-0.030322	0.00010263	0.12167	supercritical
567.0	1912.2	893.59	0.0011191	478.91	692.91	1.7089	0.99048	1.409	940.48	-0.030359	0.00010275	0.12179	supercritical
567.0	1915.5	894.11	0.0011184	478.81	693.05	1.7085	0.9906	1.4089	941.28	-0.030396	0.00010287	0.1219	supercritical
567.0	1918.8	894.63	0.0011178	478.71	693.19	1.7081	0.99072	1.4089	942.08	-0.030434	0.00010299	0.12202	supercritical
567.0	1922.0	895.15	0.0011171	478.61	693.32	1.7077	0.99084	1.4089	942.88	-0.030471	0.00010311	0.12213	supercritical
567.0	1925.2	895.67	0.0011165	478.51	693.46	1.7074	0.99096	1.4089	943.68	-0.030507	0.00010323	0.12225	supercritical
567.0	1928.5	896.19	0.0011158	478.42	693.6	1.707	0.99108	1.4088	944.48	-0.030544	0.00010335	0.12236	supercritical
567.0	1931.8	896.71	0.0011152	478.32	693.74	1.7066	0.9912	1.4088	945.28	-0.030581	0.00010347	0.12248	supercritical
567.0	1935.0	897.22	0.0011145	478.22	693.88	1.7062	0.99132	1.4088	946.08	-0.030617	0.00010359	0.12259	supercritical
567.0	1938.2	897.74	0.0011139	478.12	694.02	1.7058	0.99144	1.4087	946.87	-0.030653	0.00010371	0.12271	supercritical
567.0	1941.5	898.25	0.0011133	478.02	694.17	1.7054	0.99156	1.4087	947.67	-0.030689	0.00010382	0.12282	supercritical
567.0	1944.8	898.77	0.0011126	477.93	694.31	1.705	0.99168	1.4087	948.46	-0.030725	0.00010394	0.12293	supercritical
567.0	1948.0	899.28	0.001112	477.83	694.45	1.7046	0.9918	1.4086	949.26	-0.03076	0.00010406	0.12305	supercritical
567.0	1951.2	899.79	0.0011114	477.73	694.59	1.7042	0.99192	1.4086	950.05	-0.030796	0.00010418	0.12316	supercritical
567.0	1954.5	900.3	0.0011107	477.63	694.73	1.7038	0.99204	1.4086	950.84	-0.030831	0.0001043	0.12328	supercritical
567.0	1957.8	900.81	0.0011101	477.54	694.87	1.7034	0.99216	1.4085	951.63	-0.030866	0.00010442	0.12339	supercritical
567.0	1961.0	901.32	0.0011095	477.44	695.01	1.7031	0.99228	1.4085	952.42	-0.030901	0.00010454	0.12351	supercritical
567.0	1964.2	901.83	0.0011089	477.35	695.15	1.7027	0.9924	1.4085	953.21	-0.030936	0.00010466	0.12362	supercritical
567.0	1967.5	902.34	0.0011082	477.25	695.29	1.7023	0.99252	1.4084	953.99	-0.030971	0.00010478	0.12373	supercritical
567.0	1970.8	902.84	0.0011076	477.15	695.44	1.7019	0.99264	1.4084	954.78	-0.031005	0.00010489	0.12385	supercritical
567.0	1974.0	903.35	0.001107	477.06	695.58	1.7015	0.99276	1.4084	955.57	-0.03104	0.00010501	0.12396	supercritical
567.0	1977.2	903.85	0.0011064	476.96	695.72	1.7011	0.99288	1.4084	956.35	-0.031074	0.00010513	0.12408	supercritical
567.0	1980.5	904.36	0.0011058	476.87	695.86	1.7008	0.993	1.4083	957.14	-0.031108	0.00010525	0.12419	supercritical
567.0	1983.8	904.86	0.0011051	476.77	696.0	1.7004	0.99312	1.4083	957.92	-0.031142	0.00010537	0.12431	supercritical
567.0	1987.0	905.36	0.0011045	476.68	696.15	1.7	0.99324	1.4083	958.7	-0.031176	0.00010549	0.12442	supercritical
567.0	1990.2	905.86	0.0011039	476.58	696.29	1.6996	0.99336	1.4082	959.48	-0.031209	0.0001056	0.12453	supercritical
567.0	1993.5	906.36	0.0011033	476.49	696.43	1.6992	0.99348	1.4082	960.26	-0.031243	0.00010572	0.12465	supercritical
567.0	1996.8	906.86	0.0011027	476.39	696.58	1.6988	0.9936	1.4082	961.04	-0.031276	0.00010584	0.12476	supercritical
567.0	2000.0	907.36	0.0011021	476.3	696.72	1.6985	0.99372	1.4082	961.82	-0.031309	0.00010596	0.12488	supercritical
