Temperature (K)	Pressure (bar)	Density (kg/m3)	Volume (m3/kg)	Internal Energy (kJ/kg)	Enthalpy (kJ/kg)	Entropy (J/g*K)	Cv (J/g*K)	Cp (J/g*K)	Sound Spd. (m/s)	Joule-Thomson (K/bar)	Viscosity (Pa*s)	Therm. Cond. (W/m*K)	Phase
716.0	56.5	41.723	0.023967	785.03	920.45	2.8337	0.94957	1.1612	407.46	0.11645	3.2669e-05	0.05166	vapor
716.0	59.75	44.117	0.022667	784.57	920.01	2.8225	0.94984	1.1628	407.78	0.11577	3.2705e-05	0.051746	vapor
716.0	63.0	46.509	0.021501	784.12	919.57	2.8119	0.95011	1.1643	408.1	0.11509	3.2742e-05	0.051831	vapor
716.0	66.25	48.899	0.02045	783.66	919.14	2.8018	0.95038	1.1659	408.42	0.11441	3.2779e-05	0.051915	vapor
716.0	69.5	51.289	0.019497	783.2	918.71	2.7921	0.95065	1.1674	408.75	0.11373	3.2816e-05	0.051999	vapor
716.0	72.75	53.677	0.01863	782.74	918.28	2.7828	0.95092	1.169	409.09	0.11305	3.2854e-05	0.052083	vapor
716.0	76.0	56.063	0.017837	782.29	917.85	2.774	0.95119	1.1705	409.43	0.11238	3.2892e-05	0.052166	vapor
716.0	76.0	56.063	0.017837	782.29	917.85	2.774	0.95119	1.1705	409.43	0.11238	3.2892e-05	0.052166	supercritical
716.0	76.0	56.063	0.017837	782.29	917.85	2.774	0.95119	1.1705	409.43	0.11238	3.2892e-05	0.052166	supercritical
716.0	79.25	58.449	0.017109	781.83	917.42	2.7654	0.95146	1.1721	409.78	0.11171	3.293e-05	0.052249	supercritical
716.0	82.5	60.832	0.016439	781.38	917.0	2.7572	0.95173	1.1736	410.13	0.11103	3.2969e-05	0.052331	supercritical
716.0	85.75	63.214	0.015819	780.92	916.57	2.7493	0.95199	1.1752	410.48	0.11036	3.3008e-05	0.052414	supercritical
716.0	89.0	65.594	0.015245	780.47	916.15	2.7417	0.95226	1.1767	410.85	0.10969	3.3048e-05	0.052496	supercritical
716.0	92.25	67.972	0.014712	780.02	915.74	2.7343	0.95252	1.1782	411.21	0.10902	3.3088e-05	0.052578	supercritical
716.0	95.5	70.349	0.014215	779.57	915.32	2.7272	0.95279	1.1798	411.59	0.10836	3.3128e-05	0.052659	supercritical
716.0	98.75	72.723	0.013751	779.12	914.9	2.7202	0.95305	1.1813	411.96	0.10769	3.3169e-05	0.052741	supercritical
716.0	102.0	75.096	0.013316	778.67	914.49	2.7135	0.95331	1.1828	412.35	0.10703	3.321e-05	0.052822	supercritical
716.0	105.25	77.467	0.012909	778.22	914.08	2.707	0.95357	1.1843	412.73	0.10636	3.3251e-05	0.052904	supercritical
716.0	108.5	79.835	0.012526	777.77	913.67	2.7007	0.95383	1.1859	413.13	0.1057	3.3293e-05	0.052985	supercritical
716.0	111.75	82.201	0.012165	777.32	913.27	2.6945	0.95409	1.1874	413.52	0.10503	3.3335e-05	0.053067	supercritical
716.0	115.0	84.566	0.011825	776.87	912.86	2.6885	0.95435	1.1889	413.93	0.10437	3.3377e-05	0.053148	supercritical
716.0	118.25	86.927	0.011504	776.43	912.46	2.6826	0.95461	1.1904	414.34	0.10371	3.342e-05	0.05323	supercritical
716.0	121.5	89.287	0.0112	775.98	912.06	2.6769	0.95487	1.1919	414.75	0.10305	3.3464e-05	0.053311	supercritical
716.0	124.75	91.644	0.010912	775.54	911.66	2.6713	0.95512	1.1934	415.17	0.10239	3.3507e-05	0.053393	supercritical
716.0	128.0	93.999	0.010638	775.09	911.27	2.6659	0.95538	1.1949	415.59	0.10173	3.3551e-05	0.053475	supercritical
716.0	131.25	96.351	0.010379	774.65	910.87	2.6606	0.95563	1.1963	416.02	0.10107	3.3596e-05	0.053556	supercritical
716.0	134.5	98.7	0.010132	774.21	910.48	2.6554	0.95589	1.1978	416.46	0.10041	3.3641e-05	0.053639	supercritical
716.0	137.75	101.05	0.0098964	773.77	910.09	2.6503	0.95614	1.1993	416.9	0.099754	3.3686e-05	0.053721	supercritical
716.0	141.0	103.39	0.009672	773.33	909.7	2.6453	0.95639	1.2008	417.34	0.099096	3.3732e-05	0.053804	supercritical
716.0	144.25	105.73	0.0094578	772.89	909.32	2.6404	0.95664	1.2022	417.79	0.098439	3.3778e-05	0.053886	supercritical
716.0	147.5	108.07	0.0092532	772.45	908.93	2.6356	0.95689	1.2037	418.25	0.097782	3.3825e-05	0.05397	supercritical
716.0	150.75	110.41	0.0090574	772.01	908.55	2.6309	0.95714	1.2051	418.71	0.097126	3.3872e-05	0.054053	supercritical
716.0	154.0	112.74	0.00887	771.57	908.17	2.6263	0.95739	1.2066	419.17	0.09647	3.3919e-05	0.054137	supercritical
716.0	157.25	115.07	0.0086905	771.14	907.8	2.6218	0.95764	1.208	419.64	0.095814	3.3967e-05	0.054221	supercritical
716.0	160.5	117.4	0.0085182	770.7	907.42	2.6174	0.95789	1.2094	420.12	0.095159	3.4015e-05	0.054305	supercritical
716.0	163.75	119.72	0.0083529	770.27	907.05	2.6131	0.95813	1.2109	420.6	0.094504	3.4064e-05	0.05439	supercritical
716.0	167.0	122.04	0.0081941	769.83	906.68	2.6088	0.95838	1.2123	421.09	0.09385	3.4113e-05	0.054475	supercritical
716.0	170.25	124.36	0.0080415	769.4	906.31	2.6046	0.95862	1.2137	421.58	0.093196	3.4163e-05	0.054561	supercritical
716.0	173.5	126.67	0.0078946	768.97	905.94	2.6005	0.95886	1.2151	422.07	0.092542	3.4213e-05	0.054647	supercritical
716.0	176.75	128.98	0.0077532	768.54	905.58	2.5964	0.9591	1.2165	422.58	0.091889	3.4263e-05	0.054733	supercritical
716.0	180.0	131.29	0.007617	768.11	905.21	2.5924	0.95935	1.2179	423.08	0.091236	3.4314e-05	0.05482	supercritical
716.0	183.25	133.59	0.0074856	767.68	904.85	2.5885	0.95959	1.2193	423.6	0.090583	3.4365e-05	0.054907	supercritical
716.0	186.5	135.89	0.0073589	767.25	904.5	2.5846	0.95982	1.2207	424.11	0.089931	3.4417e-05	0.054995	supercritical
716.0	189.75	138.19	0.0072367	766.83	904.14	2.5808	0.96006	1.2221	424.64	0.08928	3.4469e-05	0.055083	supercritical
716.0	193.0	140.48	0.0071186	766.4	903.79	2.577	0.9603	1.2234	425.16	0.088629	3.4522e-05	0.055172	supercritical
716.0	196.25	142.77	0.0070045	765.97	903.44	2.5733	0.96054	1.2248	425.7	0.087978	3.4575e-05	0.055261	supercritical
716.0	199.5	145.05	0.0068941	765.55	903.09	2.5697	0.96077	1.2262	426.24	0.087328	3.4628e-05	0.055351	supercritical
716.0	202.75	147.33	0.0067874	765.13	902.74	2.5661	0.96101	1.2275	426.78	0.086679	3.4682e-05	0.055441	supercritical
716.0	206.0	149.61	0.0066841	764.7	902.4	2.5626	0.96124	1.2288	427.33	0.08603	3.4736e-05	0.055532	supercritical
716.0	209.25	151.88	0.006584	764.28	902.05	2.5591	0.96147	1.2302	427.88	0.085381	3.4791e-05	0.055623	supercritical
716.0	212.5	154.15	0.0064871	763.86	901.71	2.5556	0.9617	1.2315	428.44	0.084734	3.4846e-05	0.055715	supercritical
716.0	215.75	156.42	0.0063932	763.44	901.38	2.5523	0.96194	1.2328	429.01	0.084087	3.4902e-05	0.055807	supercritical
716.0	219.0	158.68	0.0063021	763.02	901.04	2.5489	0.96216	1.2341	429.58	0.083441	3.4958e-05	0.0559	supercritical
716.0	222.25	160.93	0.0062137	762.61	900.71	2.5456	0.96239	1.2354	430.15	0.082795	3.5015e-05	0.055994	supercritical
716.0	225.5	163.19	0.0061279	762.19	900.37	2.5423	0.96262	1.2367	430.73	0.08215	3.5072e-05	0.056088	supercritical
716.0	228.75	165.44	0.0060446	761.77	900.05	2.5391	0.96285	1.238	431.32	0.081506	3.5129e-05	0.056182	supercritical
716.0	232.0	167.68	0.0059637	761.36	899.72	2.5359	0.96307	1.2393	431.91	0.080863	3.5187e-05	0.056278	supercritical
716.0	235.25	169.92	0.0058851	760.95	899.39	2.5328	0.9633	1.2406	432.51	0.080221	3.5246e-05	0.056373	supercritical
716.0	238.5	172.16	0.0058087	760.53	899.07	2.5297	0.96352	1.2418	433.11	0.07958	3.5305e-05	0.05647	supercritical
716.0	241.75	174.39	0.0057344	760.12	898.75	2.5266	0.96375	1.2431	433.71	0.078939	3.5364e-05	0.056567	supercritical
716.0	245.0	176.61	0.0056621	759.71	898.43	2.5236	0.96397	1.2443	434.32	0.0783	3.5424e-05	0.056664	supercritical
716.0	248.25	178.83	0.0055918	759.3	898.12	2.5206	0.96419	1.2456	434.94	0.077662	3.5484e-05	0.056762	supercritical
716.0	251.5	181.05	0.0055233	758.89	897.8	2.5176	0.96441	1.2468	435.56	0.077024	3.5545e-05	0.056861	supercritical
716.0	254.75	183.26	0.0054566	758.49	897.49	2.5147	0.96463	1.2481	436.19	0.076388	3.5606e-05	0.05696	supercritical
716.0	258.0	185.47	0.0053917	758.08	897.19	2.5118	0.96485	1.2493	436.82	0.075753	3.5667e-05	0.05706	supercritical
716.0	261.25	187.67	0.0053284	757.67	896.88	2.5089	0.96507	1.2505	437.46	0.07512	3.5729e-05	0.05716	supercritical
716.0	264.5	189.87	0.0052667	757.27	896.57	2.5061	0.96528	1.2517	438.1	0.074487	3.5792e-05	0.057261	supercritical
716.0	267.75	192.07	0.0052066	756.87	896.27	2.5033	0.9655	1.2529	438.75	0.073856	3.5854e-05	0.057363	supercritical
716.0	271.0	194.25	0.0051479	756.47	895.97	2.5006	0.96571	1.2541	439.4	0.073227	3.5918e-05	0.057465	supercritical
716.0	274.25	196.44	0.0050907	756.06	895.68	2.4978	0.96593	1.2552	440.05	0.072598	3.5982e-05	0.057568	supercritical
716.0	277.5	198.62	0.0050348	755.66	895.38	2.4951	0.96614	1.2564	440.72	0.071972	3.6046e-05	0.057671	supercritical
716.0	280.75	200.79	0.0049803	755.26	895.09	2.4924	0.96635	1.2576	441.38	0.071346	3.611e-05	0.057775	supercritical
716.0	284.0	202.96	0.0049271	754.87	894.8	2.4898	0.96656	1.2587	442.05	0.070722	3.6175e-05	0.057879	supercritical
716.0	287.25	205.12	0.0048752	754.47	894.51	2.4871	0.96677	1.2599	442.73	0.0701	3.6241e-05	0.057984	supercritical
716.0	290.5	207.28	0.0048244	754.07	894.22	2.4845	0.96698	1.261	443.41	0.06948	3.6307e-05	0.05809	supercritical
716.0	293.75	209.43	0.0047748	753.68	893.94	2.482	0.96719	1.2621	444.1	0.068861	3.6373e-05	0.058196	supercritical
716.0	297.0	211.58	0.0047263	753.29	893.66	2.4794	0.9674	1.2632	444.79	0.068244	3.644e-05	0.058303	supercritical
716.0	300.25	213.72	0.004679	752.89	893.38	2.4769	0.96761	1.2643	445.48	0.067628	3.6507e-05	0.05841	supercritical
716.0	303.5	215.86	0.0046326	752.5	893.1	2.4744	0.96781	1.2654	446.18	0.067015	3.6575e-05	0.058517	supercritical
716.0	306.75	217.99	0.0045873	752.11	892.83	2.4719	0.96802	1.2665	446.89	0.066403	3.6643e-05	0.058626	supercritical
716.0	310.0	220.12	0.004543	751.72	892.56	2.4695	0.96822	1.2676	447.6	0.065793	3.6712e-05	0.058735	supercritical
716.0	313.25	222.24	0.0044997	751.33	892.29	2.467	0.96842	1.2687	448.31	0.065185	3.6781e-05	0.058844	supercritical
716.0	316.5	224.35	0.0044572	750.95	892.02	2.4646	0.96863	1.2698	449.03	0.06458	3.685e-05	0.058954	supercritical
716.0	319.75	226.47	0.0044157	750.56	891.75	2.4622	0.96883	1.2708	449.75	0.063976	3.692e-05	0.059064	supercritical
716.0	323.0	228.57	0.004375	750.18	891.49	2.4599	0.96903	1.2719	450.48	0.063374	3.699e-05	0.059175	supercritical
716.0	326.25	230.67	0.0043352	749.79	891.23	2.4575	0.96923	1.2729	451.21	0.062775	3.7061e-05	0.059286	supercritical
716.0	329.5	232.76	0.0042962	749.41	890.97	2.4552	0.96943	1.2739	451.95	0.062177	3.7132e-05	0.059398	supercritical
716.0	332.75	234.85	0.004258	749.03	890.71	2.4529	0.96962	1.275	452.69	0.061582	3.7204e-05	0.05951	supercritical
716.0	336.0	236.93	0.0042206	748.65	890.46	2.4506	0.96982	1.276	453.44	0.060989	3.7275e-05	0.059623	supercritical
716.0	339.25	239.01	0.0041839	748.27	890.21	2.4484	0.97002	1.277	454.18	0.060398	3.7348e-05	0.059736	supercritical
716.0	342.5	241.08	0.004148	747.89	889.96	2.4461	0.97021	1.278	454.94	0.05981	3.7421e-05	0.05985	supercritical
716.0	345.75	243.15	0.0041127	747.51	889.71	2.4439	0.97041	1.279	455.7	0.059224	3.7494e-05	0.059964	supercritical
716.0	349.0	245.21	0.0040782	747.14	889.47	2.4417	0.9706	1.28	456.46	0.05864	3.7567e-05	0.060079	supercritical
716.0	352.25	247.26	0.0040443	746.76	889.22	2.4395	0.97079	1.2809	457.22	0.058059	3.7641e-05	0.060194	supercritical
716.0	355.5	249.31	0.0040111	746.39	888.98	2.4374	0.97098	1.2819	457.99	0.057481	3.7716e-05	0.06031	supercritical
716.0	358.75	251.35	0.0039785	746.02	888.75	2.4352	0.97118	1.2829	458.77	0.056904	3.779e-05	0.060426	supercritical
716.0	362.0	253.39	0.0039465	745.65	888.51	2.4331	0.97137	1.2838	459.55	0.056331	3.7865e-05	0.060542	supercritical
716.0	365.25	255.42	0.0039151	745.28	888.28	2.431	0.97156	1.2848	460.33	0.05576	3.7941e-05	0.060659	supercritical
716.0	368.5	257.45	0.0038843	744.91	888.04	2.4289	0.97174	1.2857	461.12	0.055191	3.8017e-05	0.060776	supercritical
716.0	371.75	259.46	0.0038541	744.54	887.81	2.4268	0.97193	1.2866	461.91	0.054625	3.8093e-05	0.060894	supercritical
716.0	375.0	261.48	0.0038244	744.17	887.59	2.4248	0.97212	1.2875	462.7	0.054062	3.817e-05	0.061012	supercritical
716.0	378.25	263.49	0.0037953	743.81	887.36	2.4227	0.97231	1.2884	463.5	0.053502	3.8247e-05	0.06113	supercritical
716.0	381.5	265.49	0.0037667	743.44	887.14	2.4207	0.97249	1.2894	464.3	0.052944	3.8325e-05	0.061249	supercritical
716.0	384.75	267.48	0.0037385	743.08	886.92	2.4187	0.97268	1.2902	465.1	0.052389	3.8403e-05	0.061368	supercritical
716.0	388.0	269.47	0.0037109	742.71	886.7	2.4167	0.97286	1.2911	465.91	0.051836	3.8481e-05	0.061487	supercritical
716.0	391.25	271.46	0.0036838	742.35	886.48	2.4147	0.97304	1.292	466.73	0.051287	3.8559e-05	0.061607	supercritical
716.0	394.5	273.44	0.0036572	741.99	886.27	2.4127	0.97323	1.2929	467.54	0.05074	3.8638e-05	0.061727	supercritical
716.0	397.75	275.41	0.003631	741.63	886.06	2.4108	0.97341	1.2937	468.36	0.050196	3.8718e-05	0.061848	supercritical
716.0	401.0	277.37	0.0036052	741.28	885.85	2.4088	0.97359	1.2946	469.18	0.049655	3.8797e-05	0.061968	supercritical
716.0	404.25	279.33	0.0035799	740.92	885.64	2.4069	0.97377	1.2955	470.01	0.049117	3.8878e-05	0.062089	supercritical
716.0	407.5	281.29	0.0035551	740.56	885.43	2.405	0.97395	1.2963	470.84	0.048582	3.8958e-05	0.062211	supercritical
716.0	410.75	283.24	0.0035306	740.21	885.23	2.4031	0.97413	1.2971	471.67	0.048049	3.9039e-05	0.062333	supercritical
716.0	414.0	285.18	0.0035066	739.86	885.03	2.4012	0.97431	1.298	472.51	0.04752	3.912e-05	0.062455	supercritical
716.0	417.25	287.12	0.0034829	739.5	884.83	2.3994	0.97448	1.2988	473.35	0.046994	3.9201e-05	0.062577	supercritical
716.0	420.5	289.05	0.0034597	739.15	884.63	2.3975	0.97466	1.2996	474.19	0.04647	3.9283e-05	0.062699	supercritical
716.0	423.75	290.97	0.0034368	738.8	884.44	2.3957	0.97484	1.3004	475.03	0.04595	3.9365e-05	0.062822	supercritical
716.0	427.0	292.89	0.0034143	738.45	884.24	2.3939	0.97501	1.3012	475.88	0.045432	3.9448e-05	0.062945	supercritical
716.0	430.25	294.8	0.0033921	738.1	884.05	2.3921	0.97519	1.302	476.73	0.044918	3.9531e-05	0.063068	supercritical
716.0	433.5	296.71	0.0033703	737.76	883.86	2.3903	0.97536	1.3028	477.59	0.044406	3.9614e-05	0.063192	supercritical
716.0	436.75	298.61	0.0033489	737.41	883.68	2.3885	0.97553	1.3035	478.44	0.043898	3.9698e-05	0.063316	supercritical
716.0	440.0	300.5	0.0033278	737.07	883.49	2.3867	0.97571	1.3043	479.3	0.043392	3.9782e-05	0.06344	supercritical
716.0	443.25	302.39	0.003307	736.72	883.31	2.3849	0.97588	1.3051	480.17	0.04289	3.9866e-05	0.063564	supercritical
716.0	446.5	304.27	0.0032865	736.38	883.13	2.3832	0.97605	1.3058	481.03	0.04239	3.995e-05	0.063688	supercritical
716.0	449.75	306.15	0.0032664	736.04	882.95	2.3815	0.97622	1.3066	481.9	0.041894	4.0035e-05	0.063813	supercritical
716.0	453.0	308.02	0.0032466	735.7	882.77	2.3797	0.97639	1.3073	482.77	0.041401	4.012e-05	0.063938	supercritical
716.0	456.25	309.88	0.003227	735.36	882.6	2.378	0.97656	1.3081	483.64	0.040911	4.0206e-05	0.064063	supercritical
716.0	459.5	311.74	0.0032078	735.02	882.42	2.3763	0.97673	1.3088	484.52	0.040424	4.0292e-05	0.064188	supercritical
716.0	462.75	313.59	0.0031889	734.69	882.25	2.3746	0.9769	1.3095	485.4	0.03994	4.0378e-05	0.064313	supercritical
716.0	466.0	315.44	0.0031702	734.35	882.08	2.3729	0.97706	1.3102	486.28	0.039459	4.0464e-05	0.064438	supercritical
716.0	469.25	317.28	0.0031518	734.02	881.92	2.3713	0.97723	1.3109	487.16	0.038981	4.0551e-05	0.064564	supercritical
716.0	472.5	319.11	0.0031337	733.68	881.75	2.3696	0.9774	1.3116	488.05	0.038506	4.0638e-05	0.06469	supercritical
716.0	475.75	320.94	0.0031159	733.35	881.59	2.368	0.97756	1.3123	488.94	0.038034	4.0726e-05	0.064816	supercritical
716.0	479.0	322.76	0.0030983	733.02	881.43	2.3663	0.97773	1.313	489.83	0.037566	4.0813e-05	0.064942	supercritical
716.0	482.25	324.58	0.0030809	732.69	881.27	2.3647	0.97789	1.3137	490.72	0.0371	4.0901e-05	0.065068	supercritical
716.0	485.5	326.39	0.0030638	732.36	881.11	2.3631	0.97805	1.3144	491.61	0.036638	4.0989e-05	0.065194	supercritical
716.0	488.75	328.19	0.003047	732.03	880.95	2.3615	0.97822	1.3151	492.51	0.036178	4.1078e-05	0.06532	supercritical
716.0	492.0	329.99	0.0030304	731.7	880.8	2.3599	0.97838	1.3157	493.41	0.035722	4.1167e-05	0.065447	supercritical
716.0	495.25	331.78	0.003014	731.38	880.65	2.3583	0.97854	1.3164	494.31	0.035269	4.1256e-05	0.065573	supercritical
716.0	498.5	333.57	0.0029979	731.05	880.5	2.3567	0.9787	1.317	495.21	0.034819	4.1345e-05	0.0657	supercritical
716.0	501.75	335.35	0.002982	730.73	880.35	2.3552	0.97886	1.3177	496.12	0.034371	4.1435e-05	0.065827	supercritical
716.0	505.0	337.12	0.0029663	730.41	880.2	2.3536	0.97902	1.3183	497.02	0.033927	4.1525e-05	0.065954	supercritical
716.0	508.25	338.89	0.0029508	730.09	880.06	2.3521	0.97918	1.319	497.93	0.033486	4.1615e-05	0.066081	supercritical
716.0	511.5	340.66	0.0029355	729.77	879.92	2.3505	0.97934	1.3196	498.84	0.033048	4.1705e-05	0.066207	supercritical
716.0	514.75	342.41	0.0029205	729.45	879.78	2.349	0.9795	1.3202	499.75	0.032613	4.1796e-05	0.066334	supercritical
716.0	518.0	344.16	0.0029056	729.13	879.64	2.3475	0.97966	1.3208	500.67	0.032181	4.1887e-05	0.066461	supercritical
716.0	521.25	345.91	0.0028909	728.81	879.5	2.346	0.97981	1.3215	501.58	0.031752	4.1978e-05	0.066588	supercritical
716.0	524.5	347.65	0.0028765	728.49	879.36	2.3445	0.97997	1.3221	502.5	0.031326	4.207e-05	0.066716	supercritical
716.0	527.75	349.38	0.0028622	728.18	879.23	2.343	0.98013	1.3227	503.42	0.030903	4.2162e-05	0.066843	supercritical
716.0	531.0	351.11	0.0028481	727.86	879.1	2.3415	0.98028	1.3233	504.34	0.030483	4.2254e-05	0.06697	supercritical
716.0	534.25	352.83	0.0028342	727.55	878.97	2.3401	0.98044	1.3239	505.26	0.030066	4.2346e-05	0.067097	supercritical
716.0	537.5	354.55	0.0028205	727.24	878.84	2.3386	0.98059	1.3245	506.18	0.029652	4.2439e-05	0.067224	supercritical
716.0	540.75	356.26	0.002807	726.93	878.71	2.3371	0.98075	1.325	507.11	0.029241	4.2531e-05	0.067351	supercritical
716.0	544.0	357.96	0.0027936	726.62	878.59	2.3357	0.9809	1.3256	508.04	0.028833	4.2624e-05	0.067479	supercritical
716.0	547.25	359.66	0.0027804	726.31	878.46	2.3343	0.98105	1.3262	508.96	0.028428	4.2718e-05	0.067606	supercritical
716.0	550.5	361.35	0.0027674	726.0	878.34	2.3328	0.9812	1.3268	509.89	0.028025	4.2811e-05	0.067733	supercritical
716.0	553.75	363.04	0.0027545	725.69	878.22	2.3314	0.98136	1.3273	510.82	0.027626	4.2905e-05	0.06786	supercritical
716.0	557.0	364.72	0.0027418	725.39	878.1	2.33	0.98151	1.3279	511.75	0.027229	4.2999e-05	0.067987	supercritical
716.0	560.25	366.4	0.0027293	725.08	877.99	2.3286	0.98166	1.3284	512.69	0.026835	4.3093e-05	0.068114	supercritical
716.0	563.5	368.07	0.0027169	724.78	877.87	2.3272	0.98181	1.329	513.62	0.026444	4.3187e-05	0.068242	supercritical
716.0	566.75	369.73	0.0027046	724.47	877.76	2.3258	0.98196	1.3295	514.56	0.026056	4.3282e-05	0.068369	supercritical
716.0	570.0	371.39	0.0026926	724.17	877.65	2.3244	0.98211	1.3301	515.49	0.025671	4.3377e-05	0.068496	supercritical
716.0	573.25	373.05	0.0026806	723.87	877.54	2.323	0.98226	1.3306	516.43	0.025288	4.3472e-05	0.068623	supercritical
716.0	576.5	374.69	0.0026688	723.57	877.43	2.3217	0.98241	1.3311	517.37	0.024908	4.3567e-05	0.068749	supercritical
716.0	579.75	376.34	0.0026572	723.27	877.32	2.3203	0.98256	1.3316	518.31	0.024531	4.3663e-05	0.068876	supercritical
716.0	583.0	377.97	0.0026457	722.97	877.22	2.319	0.9827	1.3322	519.25	0.024157	4.3759e-05	0.069003	supercritical
716.0	586.25	379.61	0.0026343	722.68	877.11	2.3176	0.98285	1.3327	520.19	0.023785	4.3855e-05	0.06913	supercritical
716.0	589.5	381.23	0.0026231	722.38	877.01	2.3163	0.983	1.3332	521.13	0.023416	4.3951e-05	0.069257	supercritical
716.0	592.75	382.85	0.002612	722.08	876.91	2.315	0.98314	1.3337	522.08	0.02305	4.4047e-05	0.069383	supercritical
716.0	596.0	384.47	0.002601	721.79	876.81	2.3136	0.98329	1.3342	523.02	0.022687	4.4144e-05	0.06951	supercritical
716.0	599.25	386.08	0.0025902	721.5	876.71	2.3123	0.98343	1.3347	523.97	0.022326	4.424e-05	0.069636	supercritical
716.0	602.5	387.68	0.0025795	721.21	876.62	2.311	0.98358	1.3352	524.91	0.021968	4.4337e-05	0.069763	supercritical
716.0	605.75	389.28	0.0025689	720.91	876.52	2.3097	0.98372	1.3357	525.86	0.021612	4.4434e-05	0.069889	supercritical
716.0	609.0	390.87	0.0025584	720.62	876.43	2.3084	0.98387	1.3362	526.81	0.021259	4.4532e-05	0.070015	supercritical
716.0	612.25	392.46	0.002548	720.33	876.34	2.3071	0.98401	1.3367	527.75	0.020909	4.4629e-05	0.070141	supercritical
716.0	615.5	394.04	0.0025378	720.05	876.25	2.3059	0.98416	1.3371	528.7	0.020561	4.4727e-05	0.070267	supercritical
716.0	618.75	395.62	0.0025277	719.76	876.16	2.3046	0.9843	1.3376	529.65	0.020216	4.4825e-05	0.070393	supercritical
716.0	622.0	397.19	0.0025177	719.47	876.07	2.3033	0.98444	1.3381	530.6	0.019873	4.4923e-05	0.070519	supercritical
716.0	625.25	398.76	0.0025078	719.19	875.99	2.3021	0.98458	1.3385	531.55	0.019532	4.5021e-05	0.070645	supercritical
716.0	628.5	400.32	0.002498	718.9	875.9	2.3008	0.98472	1.339	532.51	0.019195	4.512e-05	0.07077	supercritical
716.0	631.75	401.87	0.0024883	718.62	875.82	2.2996	0.98487	1.3395	533.46	0.018859	4.5218e-05	0.070896	supercritical
716.0	635.0	403.42	0.0024788	718.34	875.74	2.2983	0.98501	1.3399	534.41	0.018526	4.5317e-05	0.071021	supercritical
716.0	638.25	404.97	0.0024693	718.05	875.66	2.2971	0.98515	1.3404	535.36	0.018196	4.5416e-05	0.071146	supercritical
716.0	641.5	406.51	0.00246	717.77	875.58	2.2959	0.98529	1.3408	536.32	0.017868	4.5515e-05	0.071272	supercritical
716.0	644.75	408.04	0.0024507	717.49	875.5	2.2946	0.98543	1.3412	537.27	0.017542	4.5614e-05	0.071397	supercritical
716.0	648.0	409.57	0.0024416	717.21	875.43	2.2934	0.98557	1.3417	538.23	0.017219	4.5714e-05	0.071521	supercritical
716.0	651.25	411.1	0.0024325	716.94	875.35	2.2922	0.98571	1.3421	539.18	0.016898	4.5813e-05	0.071646	supercritical
716.0	654.5	412.62	0.0024235	716.66	875.28	2.291	0.98584	1.3425	540.14	0.016579	4.5913e-05	0.071771	supercritical
716.0	657.75	414.13	0.0024147	716.38	875.21	2.2898	0.98598	1.343	541.09	0.016263	4.6013e-05	0.071895	supercritical
716.0	661.0	415.64	0.0024059	716.11	875.14	2.2886	0.98612	1.3434	542.05	0.015949	4.6113e-05	0.07202	supercritical
716.0	664.25	417.15	0.0023972	715.83	875.07	2.2874	0.98626	1.3438	543.01	0.015637	4.6213e-05	0.072144	supercritical
716.0	667.5	418.65	0.0023887	715.56	875.0	2.2862	0.98639	1.3442	543.96	0.015328	4.6314e-05	0.072268	supercritical
716.0	670.75	420.14	0.0023802	715.29	874.93	2.2851	0.98653	1.3446	544.92	0.01502	4.6414e-05	0.072392	supercritical
716.0	674.0	421.63	0.0023718	715.01	874.87	2.2839	0.98667	1.345	545.88	0.014715	4.6515e-05	0.072516	supercritical
716.0	677.25	423.11	0.0023634	714.74	874.81	2.2827	0.9868	1.3454	546.84	0.014412	4.6616e-05	0.072639	supercritical
716.0	680.5	424.59	0.0023552	714.47	874.74	2.2816	0.98694	1.3458	547.8	0.014112	4.6717e-05	0.072763	supercritical
716.0	683.75	426.07	0.002347	714.2	874.68	2.2804	0.98708	1.3462	548.76	0.013813	4.6818e-05	0.072886	supercritical
716.0	687.0	427.54	0.002339	713.93	874.62	2.2793	0.98721	1.3466	549.71	0.013517	4.6919e-05	0.073009	supercritical
716.0	690.25	429.0	0.002331	713.67	874.56	2.2781	0.98735	1.347	550.67	0.013222	4.7021e-05	0.073132	supercritical
716.0	693.5	430.46	0.0023231	713.4	874.51	2.277	0.98748	1.3474	551.63	0.01293	4.7122e-05	0.073255	supercritical
716.0	696.75	431.92	0.0023153	713.13	874.45	2.2759	0.98761	1.3478	552.59	0.01264	4.7224e-05	0.073378	supercritical
716.0	700.0	433.37	0.0023075	712.87	874.4	2.2747	0.98775	1.3482	553.55	0.012352	4.7326e-05	0.0735	supercritical
716.0	703.25	434.81	0.0022998	712.61	874.34	2.2736	0.98788	1.3486	554.51	0.012066	4.7428e-05	0.073622	supercritical
716.0	706.5	436.25	0.0022923	712.34	874.29	2.2725	0.98801	1.3489	555.47	0.011782	4.753e-05	0.073745	supercritical
716.0	709.75	437.69	0.0022847	712.08	874.24	2.2714	0.98815	1.3493	556.43	0.0115	4.7632e-05	0.073867	supercritical
716.0	713.0	439.12	0.0022773	711.82	874.19	2.2703	0.98828	1.3497	557.39	0.01122	4.7734e-05	0.073989	supercritical
716.0	716.25	440.55	0.0022699	711.56	874.14	2.2692	0.98841	1.35	558.35	0.010942	4.7837e-05	0.07411	supercritical
716.0	719.5	441.97	0.0022626	711.3	874.09	2.2681	0.98854	1.3504	559.31	0.010666	4.7939e-05	0.074232	supercritical
716.0	722.75	443.38	0.0022554	711.04	874.05	2.267	0.98867	1.3508	560.27	0.010392	4.8042e-05	0.074353	supercritical
716.0	726.0	444.8	0.0022482	710.78	874.0	2.2659	0.98881	1.3511	561.24	0.01012	4.8145e-05	0.074474	supercritical
716.0	729.25	446.2	0.0022411	710.52	873.96	2.2648	0.98894	1.3515	562.2	0.0098492	4.8248e-05	0.074595	supercritical
716.0	732.5	447.61	0.0022341	710.27	873.92	2.2638	0.98907	1.3518	563.16	0.0095808	4.8351e-05	0.074716	supercritical
716.0	735.75	449.0	0.0022271	710.01	873.87	2.2627	0.9892	1.3522	564.12	0.0093142	4.8454e-05	0.074837	supercritical
716.0	739.0	450.4	0.0022203	709.76	873.83	2.2616	0.98933	1.3525	565.08	0.0090495	4.8557e-05	0.074957	supercritical
716.0	742.25	451.79	0.0022134	709.5	873.79	2.2606	0.98946	1.3528	566.04	0.0087866	4.8661e-05	0.075077	supercritical
716.0	745.5	453.17	0.0022067	709.25	873.76	2.2595	0.98959	1.3532	567.0	0.0085255	4.8764e-05	0.075197	supercritical
716.0	748.75	454.55	0.0022	709.0	873.72	2.2585	0.98972	1.3535	567.96	0.0082662	4.8868e-05	0.075317	supercritical
716.0	752.0	455.93	0.0021933	708.75	873.68	2.2574	0.98985	1.3538	568.92	0.0080087	4.8971e-05	0.075437	supercritical
716.0	755.25	457.3	0.0021868	708.49	873.65	2.2564	0.98998	1.3542	569.88	0.0077529	4.9075e-05	0.075557	supercritical
716.0	758.5	458.67	0.0021802	708.24	873.62	2.2553	0.9901	1.3545	570.84	0.007499	4.9179e-05	0.075676	supercritical
716.0	761.75	460.03	0.0021738	707.99	873.58	2.2543	0.99023	1.3548	571.8	0.0072467	4.9283e-05	0.075795	supercritical
716.0	765.0	461.39	0.0021674	707.75	873.55	2.2533	0.99036	1.3551	572.76	0.0069962	4.9387e-05	0.075914	supercritical
716.0	768.25	462.74	0.002161	707.5	873.52	2.2522	0.99049	1.3555	573.72	0.0067473	4.9492e-05	0.076033	supercritical
716.0	771.5	464.09	0.0021548	707.25	873.49	2.2512	0.99061	1.3558	574.68	0.0065002	4.9596e-05	0.076152	supercritical
716.0	774.75	465.43	0.0021485	707.01	873.46	2.2502	0.99074	1.3561	575.64	0.0062547	4.97e-05	0.07627	supercritical
716.0	778.0	466.77	0.0021424	706.76	873.44	2.2492	0.99087	1.3564	576.6	0.0060109	4.9805e-05	0.076388	supercritical
716.0	781.25	468.11	0.0021363	706.52	873.41	2.2482	0.991	1.3567	577.56	0.0057687	4.9909e-05	0.076506	supercritical
716.0	784.5	469.44	0.0021302	706.27	873.39	2.2472	0.99112	1.357	578.52	0.0055281	5.0014e-05	0.076624	supercritical
716.0	787.75	470.77	0.0021242	706.03	873.36	2.2462	0.99125	1.3573	579.48	0.0052891	5.0119e-05	0.076742	supercritical
716.0	791.0	472.09	0.0021182	705.79	873.34	2.2452	0.99137	1.3576	580.44	0.0050518	5.0224e-05	0.076859	supercritical
716.0	794.25	473.41	0.0021123	705.55	873.32	2.2442	0.9915	1.3579	581.4	0.004816	5.0329e-05	0.076977	supercritical
716.0	797.5	474.72	0.0021065	705.3	873.3	2.2432	0.99162	1.3582	582.36	0.0045818	5.0434e-05	0.077094	supercritical
716.0	800.75	476.03	0.0021007	705.06	873.28	2.2422	0.99175	1.3585	583.32	0.0043492	5.0539e-05	0.077211	supercritical
716.0	804.0	477.34	0.0020949	704.83	873.26	2.2413	0.99188	1.3588	584.28	0.004118	5.0644e-05	0.077327	supercritical
716.0	807.25	478.64	0.0020892	704.59	873.24	2.2403	0.992	1.359	585.23	0.0038884	5.0749e-05	0.077444	supercritical
716.0	810.5	479.94	0.0020836	704.35	873.22	2.2393	0.99212	1.3593	586.19	0.0036604	5.0854e-05	0.07756	supercritical
716.0	813.75	481.23	0.002078	704.11	873.21	2.2383	0.99225	1.3596	587.15	0.0034338	5.096e-05	0.077676	supercritical
716.0	817.0	482.52	0.0020724	703.88	873.19	2.2374	0.99237	1.3599	588.11	0.0032087	5.1065e-05	0.077792	supercritical
716.0	820.25	483.81	0.0020669	703.64	873.18	2.2364	0.9925	1.3602	589.06	0.0029851	5.1171e-05	0.077908	supercritical
716.0	823.5	485.09	0.0020615	703.41	873.17	2.2355	0.99262	1.3604	590.02	0.0027629	5.1277e-05	0.078023	supercritical
716.0	826.75	486.37	0.0020561	703.17	873.16	2.2345	0.99274	1.3607	590.98	0.0025422	5.1382e-05	0.078139	supercritical
716.0	830.0	487.64	0.0020507	702.94	873.14	2.2336	0.99287	1.361	591.93	0.0023229	5.1488e-05	0.078254	supercritical
716.0	833.25	488.91	0.0020454	702.71	873.14	2.2326	0.99299	1.3612	592.89	0.002105	5.1594e-05	0.078369	supercritical
716.0	836.5	490.18	0.0020401	702.47	873.13	2.2317	0.99311	1.3615	593.85	0.0018886	5.17e-05	0.078484	supercritical
716.0	839.75	491.44	0.0020348	702.24	873.12	2.2308	0.99323	1.3618	594.8	0.0016735	5.1806e-05	0.078598	supercritical
716.0	843.0	492.7	0.0020296	702.01	873.11	2.2298	0.99336	1.362	595.76	0.0014599	5.1912e-05	0.078713	supercritical
716.0	846.25	493.95	0.0020245	701.78	873.11	2.2289	0.99348	1.3623	596.71	0.0012476	5.2018e-05	0.078827	supercritical
716.0	849.5	495.2	0.0020194	701.55	873.1	2.228	0.9936	1.3625	597.67	0.0010366	5.2124e-05	0.078941	supercritical
716.0	852.75	496.45	0.0020143	701.33	873.1	2.227	0.99372	1.3628	598.62	0.00082705	5.223e-05	0.079055	supercritical
716.0	856.0	497.69	0.0020093	701.1	873.09	2.2261	0.99384	1.363	599.57	0.0006188	5.2337e-05	0.079168	supercritical
716.0	859.25	498.93	0.0020043	700.87	873.09	2.2252	0.99396	1.3633	600.53	0.00041188	5.2443e-05	0.079282	supercritical
716.0	862.5	500.16	0.0019994	700.64	873.09	2.2243	0.99409	1.3635	601.48	0.00020627	5.2549e-05	0.079395	supercritical
716.0	865.75	501.39	0.0019945	700.42	873.09	2.2234	0.99421	1.3637	602.43	1.9672e-06	5.2656e-05	0.079508	supercritical
716.0	869.0	502.62	0.0019896	700.19	873.09	2.2225	0.99433	1.364	603.39	-0.00020104	5.2762e-05	0.079621	supercritical
716.0	872.25	503.84	0.0019848	699.97	873.09	2.2216	0.99445	1.3642	604.34	-0.00040277	5.2869e-05	0.079733	supercritical
716.0	875.5	505.06	0.00198	699.75	873.09	2.2207	0.99457	1.3645	605.29	-0.00060322	5.2976e-05	0.079846	supercritical
716.0	878.75	506.27	0.0019752	699.52	873.1	2.2198	0.99469	1.3647	606.24	-0.00080241	5.3082e-05	0.079958	supercritical
716.0	882.0	507.48	0.0019705	699.3	873.1	2.2189	0.99481	1.3649	607.19	-0.0010004	5.3189e-05	0.08007	supercritical
716.0	885.25	508.69	0.0019658	699.08	873.1	2.218	0.99493	1.3651	608.14	-0.0011971	5.3296e-05	0.080182	supercritical
716.0	888.5	509.9	0.0019612	698.86	873.11	2.2171	0.99505	1.3654	609.09	-0.0013925	5.3403e-05	0.080294	supercritical
716.0	891.75	511.1	0.0019566	698.64	873.12	2.2163	0.99517	1.3656	610.04	-0.0015868	5.351e-05	0.080405	supercritical
716.0	895.0	512.29	0.001952	698.42	873.12	2.2154	0.99529	1.3658	610.99	-0.0017798	5.3617e-05	0.080516	supercritical
716.0	898.25	513.49	0.0019475	698.2	873.13	2.2145	0.9954	1.366	611.94	-0.0019716	5.3723e-05	0.080627	supercritical
716.0	901.5	514.67	0.001943	697.98	873.14	2.2136	0.99552	1.3663	612.89	-0.0021623	5.3831e-05	0.080738	supercritical
716.0	904.75	515.86	0.0019385	697.77	873.15	2.2128	0.99564	1.3665	613.83	-0.0023517	5.3938e-05	0.080849	supercritical
716.0	908.0	517.04	0.0019341	697.55	873.16	2.2119	0.99576	1.3667	614.78	-0.00254	5.4045e-05	0.08096	supercritical
716.0	911.25	518.22	0.0019297	697.33	873.17	2.2111	0.99588	1.3669	615.73	-0.0027272	5.4152e-05	0.08107	supercritical
716.0	914.5	519.4	0.0019253	697.12	873.19	2.2102	0.996	1.3671	616.68	-0.0029131	5.4259e-05	0.08118	supercritical
716.0	917.75	520.57	0.001921	696.9	873.2	2.2093	0.99612	1.3673	617.62	-0.003098	5.4366e-05	0.08129	supercritical
716.0	921.0	521.73	0.0019167	696.69	873.21	2.2085	0.99623	1.3675	618.57	-0.0032817	5.4474e-05	0.0814	supercritical
716.0	924.25	522.9	0.0019124	696.47	873.23	2.2076	0.99635	1.3677	619.51	-0.0034642	5.4581e-05	0.081509	supercritical
716.0	927.5	524.06	0.0019082	696.26	873.25	2.2068	0.99647	1.3679	620.46	-0.0036457	5.4688e-05	0.081619	supercritical
716.0	930.75	525.22	0.001904	696.05	873.26	2.206	0.99659	1.3681	621.4	-0.003826	5.4796e-05	0.081728	supercritical
716.0	934.0	526.37	0.0018998	695.84	873.28	2.2051	0.9967	1.3683	622.34	-0.0040052	5.4903e-05	0.081837	supercritical
716.0	937.25	527.52	0.0018957	695.63	873.3	2.2043	0.99682	1.3685	623.29	-0.0041834	5.501e-05	0.081946	supercritical
716.0	940.5	528.67	0.0018916	695.42	873.32	2.2034	0.99694	1.3687	624.23	-0.0043604	5.5118e-05	0.082055	supercritical
716.0	943.75	529.81	0.0018875	695.21	873.34	2.2026	0.99705	1.3689	625.17	-0.0045364	5.5225e-05	0.082163	supercritical
716.0	947.0	530.95	0.0018834	695.0	873.36	2.2018	0.99717	1.3691	626.11	-0.0047113	5.5333e-05	0.082271	supercritical
716.0	950.25	532.09	0.0018794	694.79	873.38	2.201	0.99729	1.3693	627.05	-0.0048852	5.5441e-05	0.08238	supercritical
716.0	953.5	533.22	0.0018754	694.58	873.4	2.2001	0.9974	1.3695	628.0	-0.005058	5.5548e-05	0.082488	supercritical
716.0	956.75	534.35	0.0018714	694.37	873.42	2.1993	0.99752	1.3697	628.94	-0.0052297	5.5656e-05	0.082595	supercritical
716.0	960.0	535.48	0.0018675	694.17	873.45	2.1985	0.99763	1.3698	629.87	-0.0054004	5.5763e-05	0.082703	supercritical
716.0	963.25	536.6	0.0018636	693.96	873.47	2.1977	0.99775	1.37	630.81	-0.0055701	5.5871e-05	0.08281	supercritical
716.0	966.5	537.72	0.0018597	693.76	873.5	2.1969	0.99786	1.3702	631.75	-0.0057388	5.5979e-05	0.082917	supercritical
716.0	969.75	538.84	0.0018559	693.55	873.52	2.1961	0.99798	1.3704	632.69	-0.0059065	5.6087e-05	0.083025	supercritical
716.0	973.0	539.95	0.001852	693.35	873.55	2.1953	0.9981	1.3706	633.63	-0.0060731	5.6194e-05	0.083131	supercritical
716.0	976.25	541.06	0.0018482	693.14	873.58	2.1945	0.99821	1.3707	634.56	-0.0062388	5.6302e-05	0.083238	supercritical
716.0	979.5	542.17	0.0018445	692.94	873.61	2.1937	0.99833	1.3709	635.5	-0.0064034	5.641e-05	0.083345	supercritical
716.0	982.75	543.27	0.0018407	692.74	873.63	2.1929	0.99844	1.3711	636.44	-0.0065671	5.6518e-05	0.083451	supercritical
716.0	986.0	544.37	0.001837	692.54	873.66	2.1921	0.99855	1.3713	637.37	-0.0067298	5.6626e-05	0.083557	supercritical
716.0	989.25	545.47	0.0018333	692.34	873.69	2.1913	0.99867	1.3714	638.3	-0.0068915	5.6733e-05	0.083663	supercritical
716.0	992.5	546.56	0.0018296	692.13	873.73	2.1905	0.99878	1.3716	639.24	-0.0070523	5.6841e-05	0.083769	supercritical
716.0	995.75	547.65	0.001826	691.93	873.76	2.1897	0.9989	1.3718	640.17	-0.0072121	5.6949e-05	0.083874	supercritical
716.0	999.0	548.74	0.0018224	691.74	873.79	2.1889	0.99901	1.3719	641.1	-0.007371	5.7057e-05	0.08398	supercritical
716.0	1002.2	549.82	0.0018188	691.54	873.82	2.1882	0.99913	1.3721	642.04	-0.0075289	5.7165e-05	0.084085	supercritical
716.0	1005.5	550.9	0.0018152	691.34	873.86	2.1874	0.99924	1.3722	642.97	-0.0076859	5.7273e-05	0.08419	supercritical
716.0	1008.8	551.98	0.0018117	691.14	873.89	2.1866	0.99935	1.3724	643.9	-0.007842	5.7381e-05	0.084295	supercritical
716.0	1012.0	553.06	0.0018081	690.94	873.93	2.1858	0.99947	1.3726	644.83	-0.0079971	5.7489e-05	0.0844	supercritical
716.0	1015.2	554.13	0.0018046	690.75	873.96	2.1851	0.99958	1.3727	645.76	-0.0081513	5.7597e-05	0.084505	supercritical
716.0	1018.5	555.2	0.0018012	690.55	874.0	2.1843	0.99969	1.3729	646.69	-0.0083047	5.7705e-05	0.084609	supercritical
716.0	1021.8	556.26	0.0017977	690.36	874.04	2.1835	0.99981	1.373	647.62	-0.0084571	5.7813e-05	0.084713	supercritical
716.0	1025.0	557.33	0.0017943	690.16	874.07	2.1828	0.99992	1.3732	648.54	-0.0086086	5.7921e-05	0.084818	supercritical
716.0	1028.2	558.39	0.0017909	689.97	874.11	2.182	1.0	1.3733	649.47	-0.0087592	5.8029e-05	0.084921	supercritical
716.0	1031.5	559.44	0.0017875	689.77	874.15	2.1813	1.0001	1.3735	650.4	-0.008909	5.8137e-05	0.085025	supercritical
716.0	1034.8	560.5	0.0017841	689.58	874.19	2.1805	1.0003	1.3736	651.32	-0.0090579	5.8245e-05	0.085129	supercritical
716.0	1038.0	561.55	0.0017808	689.39	874.23	2.1798	1.0004	1.3738	652.25	-0.0092059	5.8354e-05	0.085232	supercritical
716.0	1041.2	562.59	0.0017775	689.19	874.28	2.179	1.0005	1.3739	653.17	-0.009353	5.8462e-05	0.085336	supercritical
716.0	1044.5	563.64	0.0017742	689.0	874.32	2.1783	1.0006	1.3741	654.1	-0.0094993	5.857e-05	0.085439	supercritical
716.0	1047.8	564.68	0.0017709	688.81	874.36	2.1775	1.0007	1.3742	655.02	-0.0096448	5.8678e-05	0.085542	supercritical
716.0	1051.0	565.72	0.0017677	688.62	874.4	2.1768	1.0008	1.3743	655.94	-0.0097893	5.8786e-05	0.085644	supercritical
716.0	1054.2	566.75	0.0017644	688.43	874.45	2.176	1.0009	1.3745	656.86	-0.0099331	5.8894e-05	0.085747	supercritical
716.0	1057.5	567.79	0.0017612	688.24	874.49	2.1753	1.001	1.3746	657.79	-0.010076	5.9002e-05	0.08585	supercritical
716.0	1060.8	568.82	0.001758	688.05	874.54	2.1746	1.0012	1.3748	658.71	-0.010218	5.911e-05	0.085952	supercritical
716.0	1064.0	569.84	0.0017549	687.87	874.58	2.1738	1.0013	1.3749	659.63	-0.010359	5.9219e-05	0.086054	supercritical
716.0	1067.2	570.87	0.0017517	687.68	874.63	2.1731	1.0014	1.375	660.55	-0.0105	5.9327e-05	0.086156	supercritical
716.0	1070.5	571.89	0.0017486	687.49	874.68	2.1724	1.0015	1.3752	661.46	-0.010639	5.9435e-05	0.086258	supercritical
716.0	1073.8	572.91	0.0017455	687.3	874.73	2.1716	1.0016	1.3753	662.38	-0.010778	5.9543e-05	0.08636	supercritical
716.0	1077.0	573.92	0.0017424	687.12	874.77	2.1709	1.0017	1.3754	663.3	-0.010916	5.9651e-05	0.086461	supercritical
716.0	1080.2	574.94	0.0017393	686.93	874.82	2.1702	1.0018	1.3756	664.22	-0.011054	5.9759e-05	0.086563	supercritical
716.0	1083.5	575.95	0.0017363	686.75	874.87	2.1695	1.0019	1.3757	665.13	-0.01119	5.9868e-05	0.086664	supercritical
716.0	1086.8	576.95	0.0017332	686.56	874.92	2.1688	1.002	1.3758	666.05	-0.011326	5.9976e-05	0.086765	supercritical
716.0	1090.0	577.96	0.0017302	686.38	874.97	2.168	1.0022	1.3759	666.96	-0.011461	6.0084e-05	0.086866	supercritical
716.0	1093.2	578.96	0.0017272	686.2	875.03	2.1673	1.0023	1.3761	667.88	-0.011595	6.0192e-05	0.086967	supercritical
716.0	1096.5	579.96	0.0017243	686.01	875.08	2.1666	1.0024	1.3762	668.79	-0.011728	6.03e-05	0.087067	supercritical
716.0	1099.8	580.96	0.0017213	685.83	875.13	2.1659	1.0025	1.3763	669.7	-0.011861	6.0409e-05	0.087168	supercritical
716.0	1103.0	581.95	0.0017184	685.65	875.18	2.1652	1.0026	1.3764	670.61	-0.011993	6.0517e-05	0.087268	supercritical
716.0	1106.2	582.94	0.0017154	685.47	875.24	2.1645	1.0027	1.3766	671.52	-0.012124	6.0625e-05	0.087369	supercritical
716.0	1109.5	583.93	0.0017125	685.29	875.29	2.1638	1.0028	1.3767	672.44	-0.012254	6.0733e-05	0.087469	supercritical
716.0	1112.8	584.91	0.0017097	685.11	875.35	2.1631	1.0029	1.3768	673.35	-0.012384	6.0841e-05	0.087568	supercritical
716.0	1116.0	585.9	0.0017068	684.93	875.4	2.1624	1.003	1.3769	674.25	-0.012513	6.0949e-05	0.087668	supercritical
716.0	1119.2	586.88	0.0017039	684.75	875.46	2.1617	1.0031	1.377	675.16	-0.012641	6.1058e-05	0.087768	supercritical
716.0	1122.5	587.85	0.0017011	684.57	875.52	2.161	1.0033	1.3771	676.07	-0.012768	6.1166e-05	0.087867	supercritical
716.0	1125.8	588.83	0.0016983	684.39	875.57	2.1603	1.0034	1.3773	676.98	-0.012895	6.1274e-05	0.087967	supercritical
716.0	1129.0	589.8	0.0016955	684.21	875.63	2.1596	1.0035	1.3774	677.88	-0.013021	6.1382e-05	0.088066	supercritical
716.0	1132.2	590.77	0.0016927	684.03	875.69	2.1589	1.0036	1.3775	678.79	-0.013146	6.149e-05	0.088165	supercritical
716.0	1135.5	591.74	0.0016899	683.86	875.75	2.1583	1.0037	1.3776	679.69	-0.013271	6.1598e-05	0.088264	supercritical
716.0	1138.8	592.7	0.0016872	683.68	875.81	2.1576	1.0038	1.3777	680.6	-0.013395	6.1706e-05	0.088363	supercritical
716.0	1142.0	593.66	0.0016845	683.5	875.87	2.1569	1.0039	1.3778	681.5	-0.013518	6.1815e-05	0.088461	supercritical
716.0	1145.2	594.62	0.0016817	683.33	875.93	2.1562	1.004	1.3779	682.4	-0.01364	6.1923e-05	0.08856	supercritical
716.0	1148.5	595.58	0.001679	683.15	875.99	2.1555	1.0041	1.378	683.31	-0.013762	6.2031e-05	0.088658	supercritical
716.0	1151.8	596.53	0.0016764	682.98	876.05	2.1549	1.0042	1.3781	684.21	-0.013883	6.2139e-05	0.088757	supercritical
716.0	1155.0	597.48	0.0016737	682.8	876.12	2.1542	1.0043	1.3782	685.11	-0.014004	6.2247e-05	0.088855	supercritical
716.0	1158.2	598.43	0.001671	682.63	876.18	2.1535	1.0045	1.3783	686.01	-0.014124	6.2355e-05	0.088953	supercritical
716.0	1161.5	599.38	0.0016684	682.46	876.24	2.1528	1.0046	1.3784	686.91	-0.014243	6.2463e-05	0.089051	supercritical
716.0	1164.8	600.32	0.0016658	682.29	876.31	2.1522	1.0047	1.3785	687.81	-0.014361	6.2571e-05	0.089148	supercritical
716.0	1168.0	601.26	0.0016632	682.11	876.37	2.1515	1.0048	1.3786	688.7	-0.014479	6.2679e-05	0.089246	supercritical
716.0	1171.2	602.2	0.0016606	681.94	876.44	2.1509	1.0049	1.3787	689.6	-0.014596	6.2787e-05	0.089343	supercritical
716.0	1174.5	603.14	0.001658	681.77	876.5	2.1502	1.005	1.3788	690.5	-0.014713	6.2895e-05	0.089441	supercritical
716.0	1177.8	604.07	0.0016554	681.6	876.57	2.1495	1.0051	1.3789	691.39	-0.014829	6.3003e-05	0.089538	supercritical
716.0	1181.0	605.01	0.0016529	681.43	876.63	2.1489	1.0052	1.379	692.29	-0.014944	6.3111e-05	0.089635	supercritical
716.0	1184.2	605.93	0.0016503	681.26	876.7	2.1482	1.0053	1.3791	693.18	-0.015059	6.3219e-05	0.089732	supercritical
716.0	1187.5	606.86	0.0016478	681.09	876.77	2.1476	1.0054	1.3792	694.07	-0.015173	6.3327e-05	0.089829	supercritical
716.0	1190.8	607.79	0.0016453	680.92	876.84	2.1469	1.0055	1.3793	694.97	-0.015286	6.3435e-05	0.089926	supercritical
716.0	1194.0	608.71	0.0016428	680.75	876.91	2.1463	1.0056	1.3794	695.86	-0.015399	6.3543e-05	0.090022	supercritical
716.0	1197.2	609.63	0.0016403	680.59	876.98	2.1456	1.0058	1.3795	696.75	-0.015511	6.3651e-05	0.090119	supercritical
716.0	1200.5	610.54	0.0016379	680.42	877.05	2.145	1.0059	1.3796	697.64	-0.015623	6.3759e-05	0.090215	supercritical
716.0	1203.8	611.46	0.0016354	680.25	877.12	2.1443	1.006	1.3797	698.53	-0.015733	6.3867e-05	0.090311	supercritical
716.0	1207.0	612.37	0.001633	680.08	877.19	2.1437	1.0061	1.3798	699.42	-0.015844	6.3975e-05	0.090407	supercritical
716.0	1210.2	613.28	0.0016306	679.92	877.26	2.143	1.0062	1.3799	700.31	-0.015954	6.4083e-05	0.090503	supercritical
716.0	1213.5	614.19	0.0016282	679.75	877.33	2.1424	1.0063	1.38	701.2	-0.016063	6.4191e-05	0.090599	supercritical
716.0	1216.8	615.09	0.0016258	679.59	877.4	2.1418	1.0064	1.3801	702.08	-0.016171	6.4299e-05	0.090695	supercritical
716.0	1220.0	616.0	0.0016234	679.42	877.47	2.1411	1.0065	1.3802	702.97	-0.016279	6.4407e-05	0.090791	supercritical
716.0	1223.2	616.9	0.001621	679.26	877.55	2.1405	1.0066	1.3802	703.85	-0.016387	6.4514e-05	0.090886	supercritical
716.0	1226.5	617.8	0.0016187	679.09	877.62	2.1399	1.0067	1.3803	704.74	-0.016493	6.4622e-05	0.090982	supercritical
716.0	1229.8	618.69	0.0016163	678.93	877.7	2.1392	1.0068	1.3804	705.62	-0.0166	6.473e-05	0.091077	supercritical
716.0	1233.0	619.59	0.001614	678.77	877.77	2.1386	1.0069	1.3805	706.51	-0.016705	6.4838e-05	0.091172	supercritical
716.0	1236.2	620.48	0.0016117	678.6	877.85	2.138	1.007	1.3806	707.39	-0.01681	6.4946e-05	0.091267	supercritical
716.0	1239.5	621.37	0.0016094	678.44	877.92	2.1373	1.0071	1.3807	708.27	-0.016915	6.5053e-05	0.091362	supercritical
716.0	1242.8	622.25	0.0016071	678.28	878.0	2.1367	1.0073	1.3807	709.15	-0.017019	6.5161e-05	0.091457	supercritical
716.0	1246.0	623.14	0.0016048	678.12	878.07	2.1361	1.0074	1.3808	710.03	-0.017122	6.5269e-05	0.091552	supercritical
716.0	1249.2	624.02	0.0016025	677.96	878.15	2.1355	1.0075	1.3809	710.91	-0.017225	6.5376e-05	0.091646	supercritical
716.0	1252.5	624.9	0.0016003	677.8	878.23	2.1349	1.0076	1.381	711.79	-0.017328	6.5484e-05	0.091741	supercritical
716.0	1255.8	625.78	0.001598	677.64	878.31	2.1342	1.0077	1.3811	712.67	-0.017429	6.5592e-05	0.091835	supercritical
716.0	1259.0	626.65	0.0015958	677.48	878.39	2.1336	1.0078	1.3811	713.55	-0.017531	6.5699e-05	0.09193	supercritical
716.0	1262.2	627.53	0.0015936	677.32	878.46	2.133	1.0079	1.3812	714.42	-0.017631	6.5807e-05	0.092024	supercritical
716.0	1265.5	628.4	0.0015913	677.16	878.54	2.1324	1.008	1.3813	715.3	-0.017732	6.5915e-05	0.092118	supercritical
716.0	1268.8	629.27	0.0015891	677.0	878.62	2.1318	1.0081	1.3814	716.17	-0.017831	6.6022e-05	0.092212	supercritical
716.0	1272.0	630.14	0.001587	676.84	878.7	2.1312	1.0082	1.3815	717.05	-0.01793	6.613e-05	0.092306	supercritical
716.0	1275.2	631.0	0.0015848	676.69	878.78	2.1306	1.0083	1.3815	717.92	-0.018029	6.6237e-05	0.092399	supercritical
716.0	1278.5	631.86	0.0015826	676.53	878.87	2.13	1.0084	1.3816	718.79	-0.018127	6.6345e-05	0.092493	supercritical
716.0	1281.8	632.73	0.0015805	676.37	878.95	2.1294	1.0085	1.3817	719.67	-0.018225	6.6452e-05	0.092587	supercritical
716.0	1285.0	633.58	0.0015783	676.22	879.03	2.1288	1.0086	1.3818	720.54	-0.018322	6.656e-05	0.09268	supercritical
716.0	1288.2	634.44	0.0015762	676.06	879.11	2.1282	1.0087	1.3818	721.41	-0.018418	6.6667e-05	0.092774	supercritical
716.0	1291.5	635.29	0.0015741	675.9	879.19	2.1276	1.0088	1.3819	722.28	-0.018515	6.6775e-05	0.092867	supercritical
716.0	1294.8	636.15	0.001572	675.75	879.28	2.127	1.0089	1.382	723.15	-0.01861	6.6882e-05	0.09296	supercritical
716.0	1298.0	637.0	0.0015699	675.59	879.36	2.1264	1.0091	1.382	724.02	-0.018705	6.6989e-05	0.093053	supercritical
716.0	1301.2	637.85	0.0015678	675.44	879.45	2.1258	1.0092	1.3821	724.88	-0.0188	6.7097e-05	0.093146	supercritical
716.0	1304.5	638.69	0.0015657	675.29	879.53	2.1252	1.0093	1.3822	725.75	-0.018894	6.7204e-05	0.093239	supercritical
716.0	1307.8	639.54	0.0015636	675.13	879.62	2.1246	1.0094	1.3822	726.62	-0.018988	6.7312e-05	0.093332	supercritical
716.0	1311.0	640.38	0.0015616	674.98	879.7	2.124	1.0095	1.3823	727.48	-0.019081	6.7419e-05	0.093424	supercritical
716.0	1314.2	641.22	0.0015595	674.83	879.79	2.1234	1.0096	1.3824	728.35	-0.019174	6.7526e-05	0.093517	supercritical
716.0	1317.5	642.06	0.0015575	674.67	879.87	2.1228	1.0097	1.3825	729.21	-0.019266	6.7633e-05	0.09361	supercritical
716.0	1320.8	642.89	0.0015555	674.52	879.96	2.1222	1.0098	1.3825	730.08	-0.019357	6.7741e-05	0.093702	supercritical
716.0	1324.0	643.72	0.0015535	674.37	880.05	2.1217	1.0099	1.3826	730.94	-0.019449	6.7848e-05	0.093794	supercritical
716.0	1327.2	644.56	0.0015515	674.22	880.14	2.1211	1.01	1.3826	731.8	-0.01954	6.7955e-05	0.093887	supercritical
716.0	1330.5	645.39	0.0015495	674.07	880.22	2.1205	1.0101	1.3827	732.66	-0.01963	6.8062e-05	0.093979	supercritical
716.0	1333.8	646.21	0.0015475	673.92	880.31	2.1199	1.0102	1.3828	733.52	-0.01972	6.8169e-05	0.094071	supercritical
716.0	1337.0	647.04	0.0015455	673.77	880.4	2.1193	1.0103	1.3828	734.38	-0.019809	6.8276e-05	0.094163	supercritical
716.0	1340.2	647.86	0.0015435	673.62	880.49	2.1188	1.0104	1.3829	735.24	-0.019898	6.8383e-05	0.094255	supercritical
716.0	1343.5	648.69	0.0015416	673.47	880.58	2.1182	1.0105	1.383	736.1	-0.019987	6.8491e-05	0.094346	supercritical
716.0	1346.8	649.51	0.0015396	673.32	880.67	2.1176	1.0106	1.383	736.96	-0.020075	6.8598e-05	0.094438	supercritical
716.0	1350.0	650.32	0.0015377	673.17	880.76	2.117	1.0107	1.3831	737.82	-0.020163	6.8705e-05	0.09453	supercritical
716.0	1353.2	651.14	0.0015358	673.02	880.85	2.1165	1.0108	1.3831	738.67	-0.02025	6.8812e-05	0.094621	supercritical
716.0	1356.5	651.95	0.0015339	672.88	880.94	2.1159	1.0109	1.3832	739.53	-0.020337	6.8919e-05	0.094713	supercritical
716.0	1359.8	652.77	0.0015319	672.73	881.03	2.1153	1.011	1.3833	740.38	-0.020423	6.9025e-05	0.094804	supercritical
716.0	1363.0	653.58	0.00153	672.58	881.13	2.1148	1.0111	1.3833	741.24	-0.020509	6.9132e-05	0.094895	supercritical
716.0	1366.2	654.38	0.0015282	672.43	881.22	2.1142	1.0113	1.3834	742.09	-0.020594	6.9239e-05	0.094987	supercritical
716.0	1369.5	655.19	0.0015263	672.29	881.31	2.1136	1.0114	1.3834	742.94	-0.020679	6.9346e-05	0.095078	supercritical
716.0	1372.8	655.99	0.0015244	672.14	881.4	2.1131	1.0115	1.3835	743.8	-0.020764	6.9453e-05	0.095169	supercritical
716.0	1376.0	656.8	0.0015225	672.0	881.5	2.1125	1.0116	1.3836	744.65	-0.020848	6.956e-05	0.09526	supercritical
716.0	1379.2	657.6	0.0015207	671.85	881.59	2.112	1.0117	1.3836	745.5	-0.020932	6.9667e-05	0.095351	supercritical
716.0	1382.5	658.4	0.0015188	671.71	881.69	2.1114	1.0118	1.3837	746.35	-0.021016	6.9773e-05	0.095441	supercritical
716.0	1385.8	659.19	0.001517	671.56	881.78	2.1108	1.0119	1.3837	747.2	-0.021099	6.988e-05	0.095532	supercritical
716.0	1389.0	659.99	0.0015152	671.42	881.88	2.1103	1.012	1.3838	748.04	-0.021181	6.9987e-05	0.095623	supercritical
716.0	1392.2	660.78	0.0015134	671.27	881.97	2.1097	1.0121	1.3838	748.89	-0.021263	7.0093e-05	0.095713	supercritical
716.0	1395.5	661.57	0.0015115	671.13	882.07	2.1092	1.0122	1.3839	749.74	-0.021345	7.02e-05	0.095804	supercritical
716.0	1398.8	662.36	0.0015097	670.99	882.16	2.1086	1.0123	1.3839	750.59	-0.021426	7.0307e-05	0.095894	supercritical
716.0	1402.0	663.15	0.001508	670.84	882.26	2.1081	1.0124	1.384	751.43	-0.021507	7.0413e-05	0.095985	supercritical
716.0	1405.2	663.94	0.0015062	670.7	882.36	2.1075	1.0125	1.3841	752.28	-0.021588	7.052e-05	0.096075	supercritical
716.0	1408.5	664.72	0.0015044	670.56	882.45	2.107	1.0126	1.3841	753.12	-0.021668	7.0626e-05	0.096165	supercritical
716.0	1411.8	665.5	0.0015026	670.42	882.55	2.1064	1.0127	1.3842	753.96	-0.021748	7.0733e-05	0.096255	supercritical
716.0	1415.0	666.28	0.0015009	670.28	882.65	2.1059	1.0128	1.3842	754.81	-0.021827	7.0839e-05	0.096345	supercritical
716.0	1418.2	667.06	0.0014991	670.14	882.75	2.1053	1.0129	1.3843	755.65	-0.021906	7.0946e-05	0.096435	supercritical
716.0	1421.5	667.84	0.0014974	670.0	882.85	2.1048	1.013	1.3843	756.49	-0.021985	7.1052e-05	0.096525	supercritical
716.0	1424.8	668.61	0.0014956	669.86	882.95	2.1043	1.0131	1.3844	757.33	-0.022063	7.1159e-05	0.096615	supercritical
716.0	1428.0	669.39	0.0014939	669.72	883.05	2.1037	1.0132	1.3844	758.17	-0.022141	7.1265e-05	0.096705	supercritical
716.0	1431.2	670.16	0.0014922	669.58	883.14	2.1032	1.0133	1.3845	759.01	-0.022219	7.1371e-05	0.096794	supercritical
716.0	1434.5	670.93	0.0014905	669.44	883.25	2.1027	1.0134	1.3845	759.85	-0.022296	7.1478e-05	0.096884	supercritical
716.0	1437.8	671.7	0.0014888	669.3	883.35	2.1021	1.0135	1.3845	760.69	-0.022373	7.1584e-05	0.096973	supercritical
716.0	1441.0	672.46	0.0014871	669.16	883.45	2.1016	1.0136	1.3846	761.52	-0.022449	7.169e-05	0.097063	supercritical
716.0	1444.2	673.23	0.0014854	669.02	883.55	2.101	1.0137	1.3846	762.36	-0.022525	7.1796e-05	0.097152	supercritical
716.0	1447.5	673.99	0.0014837	668.88	883.65	2.1005	1.0138	1.3847	763.19	-0.022601	7.1903e-05	0.097242	supercritical
716.0	1450.8	674.75	0.001482	668.75	883.75	2.1	1.0139	1.3847	764.03	-0.022676	7.2009e-05	0.097331	supercritical
716.0	1454.0	675.51	0.0014804	668.61	883.85	2.0995	1.014	1.3848	764.86	-0.022751	7.2115e-05	0.09742	supercritical
716.0	1457.2	676.27	0.0014787	668.47	883.96	2.0989	1.0141	1.3848	765.7	-0.022826	7.2221e-05	0.097509	supercritical
716.0	1460.5	677.03	0.001477	668.34	884.06	2.0984	1.0142	1.3849	766.53	-0.0229	7.2327e-05	0.097598	supercritical
716.0	1463.8	677.78	0.0014754	668.2	884.16	2.0979	1.0143	1.3849	767.36	-0.022974	7.2433e-05	0.097687	supercritical
716.0	1467.0	678.53	0.0014738	668.06	884.27	2.0973	1.0144	1.385	768.19	-0.023047	7.2539e-05	0.097776	supercritical
716.0	1470.2	679.28	0.0014721	667.93	884.37	2.0968	1.0146	1.385	769.02	-0.023121	7.2645e-05	0.097865	supercritical
716.0	1473.5	680.03	0.0014705	667.79	884.47	2.0963	1.0147	1.385	769.85	-0.023193	7.2751e-05	0.097954	supercritical
716.0	1476.8	680.78	0.0014689	667.66	884.58	2.0958	1.0148	1.3851	770.68	-0.023266	7.2857e-05	0.098043	supercritical
716.0	1480.0	681.53	0.0014673	667.52	884.68	2.0953	1.0149	1.3851	771.51	-0.023338	7.2963e-05	0.098132	supercritical
716.0	1483.2	682.27	0.0014657	667.39	884.79	2.0947	1.015	1.3852	772.34	-0.02341	7.3069e-05	0.09822	supercritical
716.0	1486.5	683.02	0.0014641	667.26	884.89	2.0942	1.0151	1.3852	773.17	-0.023482	7.3174e-05	0.098309	supercritical
716.0	1489.8	683.76	0.0014625	667.12	885.0	2.0937	1.0152	1.3853	773.99	-0.023553	7.328e-05	0.098397	supercritical
716.0	1493.0	684.5	0.0014609	666.99	885.11	2.0932	1.0153	1.3853	774.82	-0.023624	7.3386e-05	0.098486	supercritical
716.0	1496.2	685.23	0.0014594	666.86	885.21	2.0927	1.0154	1.3853	775.64	-0.023694	7.3492e-05	0.098574	supercritical
716.0	1499.5	685.97	0.0014578	666.72	885.32	2.0922	1.0155	1.3854	776.47	-0.023764	7.3597e-05	0.098663	supercritical
716.0	1502.8	686.7	0.0014562	666.59	885.43	2.0917	1.0156	1.3854	777.29	-0.023834	7.3703e-05	0.098751	supercritical
716.0	1506.0	687.44	0.0014547	666.46	885.53	2.0911	1.0157	1.3855	778.12	-0.023904	7.3809e-05	0.098839	supercritical
716.0	1509.2	688.17	0.0014531	666.33	885.64	2.0906	1.0158	1.3855	778.94	-0.023973	7.3914e-05	0.098927	supercritical
716.0	1512.5	688.9	0.0014516	666.2	885.75	2.0901	1.0159	1.3855	779.76	-0.024042	7.402e-05	0.099016	supercritical
716.0	1515.8	689.63	0.0014501	666.07	885.86	2.0896	1.016	1.3856	780.58	-0.02411	7.4125e-05	0.099104	supercritical
716.0	1519.0	690.35	0.0014485	665.93	885.97	2.0891	1.0161	1.3856	781.4	-0.024178	7.4231e-05	0.099192	supercritical
716.0	1522.2	691.08	0.001447	665.8	886.08	2.0886	1.0162	1.3857	782.22	-0.024246	7.4336e-05	0.09928	supercritical
716.0	1525.5	691.8	0.0014455	665.67	886.19	2.0881	1.0163	1.3857	783.04	-0.024314	7.4442e-05	0.099368	supercritical
716.0	1528.8	692.52	0.001444	665.54	886.3	2.0876	1.0164	1.3857	783.86	-0.024381	7.4547e-05	0.099455	supercritical
716.0	1532.0	693.24	0.0014425	665.42	886.41	2.0871	1.0165	1.3858	784.67	-0.024448	7.4653e-05	0.099543	supercritical
716.0	1535.2	693.96	0.001441	665.29	886.52	2.0866	1.0166	1.3858	785.49	-0.024515	7.4758e-05	0.099631	supercritical
716.0	1538.5	694.68	0.0014395	665.16	886.63	2.0861	1.0167	1.3858	786.31	-0.024581	7.4863e-05	0.099719	supercritical
716.0	1541.8	695.4	0.001438	665.03	886.74	2.0856	1.0168	1.3859	787.12	-0.024647	7.4969e-05	0.099806	supercritical
716.0	1545.0	696.11	0.0014366	664.9	886.85	2.0851	1.0169	1.3859	787.94	-0.024713	7.5074e-05	0.099894	supercritical
716.0	1548.2	696.82	0.0014351	664.77	886.96	2.0846	1.017	1.3859	788.75	-0.024779	7.5179e-05	0.099982	supercritical
716.0	1551.5	697.53	0.0014336	664.64	887.07	2.0841	1.0171	1.386	789.56	-0.024844	7.5284e-05	0.10007	supercritical
716.0	1554.8	698.24	0.0014322	664.52	887.18	2.0836	1.0172	1.386	790.38	-0.024909	7.539e-05	0.10016	supercritical
716.0	1558.0	698.95	0.0014307	664.39	887.3	2.0831	1.0173	1.386	791.19	-0.024973	7.5495e-05	0.10024	supercritical
716.0	1561.2	699.66	0.0014293	664.26	887.41	2.0826	1.0174	1.3861	792.0	-0.025037	7.56e-05	0.10033	supercritical
716.0	1564.5	700.36	0.0014278	664.14	887.52	2.0821	1.0175	1.3861	792.81	-0.025101	7.5705e-05	0.10042	supercritical
716.0	1567.8	701.07	0.0014264	664.01	887.63	2.0817	1.0176	1.3861	793.62	-0.025165	7.581e-05	0.10051	supercritical
716.0	1571.0	701.77	0.001425	663.89	887.75	2.0812	1.0177	1.3862	794.43	-0.025228	7.5915e-05	0.10059	supercritical
716.0	1574.2	702.47	0.0014235	663.76	887.86	2.0807	1.0178	1.3862	795.24	-0.025292	7.602e-05	0.10068	supercritical
716.0	1577.5	703.17	0.0014221	663.63	887.98	2.0802	1.0179	1.3862	796.04	-0.025354	7.6125e-05	0.10077	supercritical
716.0	1580.8	703.87	0.0014207	663.51	888.09	2.0797	1.018	1.3863	796.85	-0.025417	7.623e-05	0.10085	supercritical
716.0	1584.0	704.56	0.0014193	663.38	888.2	2.0792	1.0181	1.3863	797.66	-0.025479	7.6335e-05	0.10094	supercritical
716.0	1587.2	705.26	0.0014179	663.26	888.32	2.0787	1.0182	1.3863	798.46	-0.025541	7.6439e-05	0.10103	supercritical
716.0	1590.5	705.95	0.0014165	663.14	888.43	2.0783	1.0183	1.3864	799.27	-0.025603	7.6544e-05	0.10112	supercritical
716.0	1593.8	706.64	0.0014151	663.01	888.55	2.0778	1.0184	1.3864	800.07	-0.025664	7.6649e-05	0.1012	supercritical
716.0	1597.0	707.33	0.0014138	662.89	888.67	2.0773	1.0185	1.3864	800.87	-0.025725	7.6754e-05	0.10129	supercritical
716.0	1600.2	708.02	0.0014124	662.77	888.78	2.0768	1.0186	1.3865	801.68	-0.025786	7.6858e-05	0.10138	supercritical
716.0	1603.5	708.71	0.001411	662.64	888.9	2.0763	1.0187	1.3865	802.48	-0.025847	7.6963e-05	0.10146	supercritical
716.0	1606.8	709.4	0.0014096	662.52	889.02	2.0759	1.0188	1.3865	803.28	-0.025907	7.7068e-05	0.10155	supercritical
716.0	1610.0	710.08	0.0014083	662.4	889.13	2.0754	1.0189	1.3866	804.08	-0.025967	7.7172e-05	0.10164	supercritical
716.0	1613.2	710.76	0.0014069	662.28	889.25	2.0749	1.019	1.3866	804.88	-0.026027	7.7277e-05	0.10172	supercritical
716.0	1616.5	711.45	0.0014056	662.15	889.37	2.0744	1.0191	1.3866	805.68	-0.026086	7.7381e-05	0.10181	supercritical
716.0	1619.8	712.13	0.0014042	662.03	889.48	2.074	1.0192	1.3866	806.48	-0.026146	7.7486e-05	0.1019	supercritical
716.0	1623.0	712.81	0.0014029	661.91	889.6	2.0735	1.0193	1.3867	807.28	-0.026205	7.759e-05	0.10198	supercritical
716.0	1626.2	713.48	0.0014016	661.79	889.72	2.073	1.0194	1.3867	808.07	-0.026263	7.7695e-05	0.10207	supercritical
716.0	1629.5	714.16	0.0014002	661.67	889.84	2.0725	1.0195	1.3867	808.87	-0.026322	7.7799e-05	0.10216	supercritical
716.0	1632.8	714.84	0.0013989	661.55	889.96	2.0721	1.0196	1.3868	809.67	-0.02638	7.7904e-05	0.10224	supercritical
716.0	1636.0	715.51	0.0013976	661.43	890.08	2.0716	1.0197	1.3868	810.46	-0.026438	7.8008e-05	0.10233	supercritical
716.0	1639.2	716.18	0.0013963	661.31	890.2	2.0711	1.0198	1.3868	811.26	-0.026496	7.8112e-05	0.10242	supercritical
716.0	1642.5	716.85	0.001395	661.19	890.32	2.0707	1.0199	1.3868	812.05	-0.026553	7.8217e-05	0.1025	supercritical
716.0	1645.8	717.52	0.0013937	661.07	890.44	2.0702	1.02	1.3869	812.84	-0.02661	7.8321e-05	0.10259	supercritical
716.0	1649.0	718.19	0.0013924	660.95	890.56	2.0697	1.0201	1.3869	813.63	-0.026667	7.8425e-05	0.10267	supercritical
716.0	1652.2	718.86	0.0013911	660.83	890.68	2.0693	1.0202	1.3869	814.43	-0.026724	7.8529e-05	0.10276	supercritical
716.0	1655.5	719.52	0.0013898	660.71	890.8	2.0688	1.0203	1.3869	815.22	-0.02678	7.8633e-05	0.10285	supercritical
716.0	1658.8	720.19	0.0013885	660.59	890.92	2.0684	1.0204	1.387	816.01	-0.026836	7.8737e-05	0.10293	supercritical
716.0	1662.0	720.85	0.0013873	660.48	891.04	2.0679	1.0205	1.387	816.8	-0.026892	7.8842e-05	0.10302	supercritical
716.0	1665.2	721.51	0.001386	660.36	891.16	2.0674	1.0206	1.387	817.59	-0.026948	7.8946e-05	0.1031	supercritical
716.0	1668.5	722.17	0.0013847	660.24	891.28	2.067	1.0207	1.387	818.37	-0.027003	7.905e-05	0.10319	supercritical
716.0	1671.8	722.83	0.0013835	660.12	891.4	2.0665	1.0208	1.3871	819.16	-0.027058	7.9154e-05	0.10328	supercritical
716.0	1675.0	723.49	0.0013822	660.01	891.53	2.0661	1.0209	1.3871	819.95	-0.027113	7.9257e-05	0.10336	supercritical
716.0	1678.2	724.14	0.0013809	659.89	891.65	2.0656	1.021	1.3871	820.73	-0.027168	7.9361e-05	0.10345	supercritical
716.0	1681.5	724.8	0.0013797	659.77	891.77	2.0652	1.0211	1.3871	821.52	-0.027222	7.9465e-05	0.10353	supercritical
716.0	1684.8	725.45	0.0013785	659.66	891.89	2.0647	1.0212	1.3872	822.3	-0.027276	7.9569e-05	0.10362	supercritical
716.0	1688.0	726.1	0.0013772	659.54	892.02	2.0642	1.0213	1.3872	823.09	-0.02733	7.9673e-05	0.10371	supercritical
716.0	1691.2	726.75	0.001376	659.43	892.14	2.0638	1.0214	1.3872	823.87	-0.027384	7.9777e-05	0.10379	supercritical
716.0	1694.5	727.4	0.0013748	659.31	892.26	2.0633	1.0215	1.3872	824.65	-0.027437	7.988e-05	0.10388	supercritical
716.0	1697.8	728.05	0.0013735	659.2	892.39	2.0629	1.0216	1.3873	825.44	-0.027491	7.9984e-05	0.10396	supercritical
716.0	1701.0	728.7	0.0013723	659.08	892.51	2.0624	1.0217	1.3873	826.22	-0.027544	8.0088e-05	0.10405	supercritical
716.0	1704.2	729.35	0.0013711	658.97	892.64	2.062	1.0218	1.3873	827.0	-0.027596	8.0191e-05	0.10414	supercritical
716.0	1707.5	729.99	0.0013699	658.85	892.76	2.0615	1.0219	1.3873	827.78	-0.027649	8.0295e-05	0.10422	supercritical
716.0	1710.8	730.63	0.0013687	658.74	892.88	2.0611	1.022	1.3874	828.56	-0.027701	8.0399e-05	0.10431	supercritical
716.0	1714.0	731.27	0.0013675	658.62	893.01	2.0606	1.0221	1.3874	829.34	-0.027753	8.0502e-05	0.10439	supercritical
716.0	1717.2	731.92	0.0013663	658.51	893.13	2.0602	1.0222	1.3874	830.11	-0.027805	8.0606e-05	0.10448	supercritical
716.0	1720.5	732.56	0.0013651	658.4	893.26	2.0598	1.0223	1.3874	830.89	-0.027857	8.0709e-05	0.10456	supercritical
716.0	1723.8	733.19	0.0013639	658.28	893.39	2.0593	1.0224	1.3874	831.67	-0.027908	8.0813e-05	0.10465	supercritical
716.0	1727.0	733.83	0.0013627	658.17	893.51	2.0589	1.0225	1.3875	832.44	-0.027959	8.0916e-05	0.10474	supercritical
716.0	1730.2	734.47	0.0013615	658.06	893.64	2.0584	1.0226	1.3875	833.22	-0.02801	8.1019e-05	0.10482	supercritical
716.0	1733.5	735.1	0.0013604	657.95	893.76	2.058	1.0227	1.3875	833.99	-0.028061	8.1123e-05	0.10491	supercritical
716.0	1736.8	735.73	0.0013592	657.83	893.89	2.0575	1.0228	1.3875	834.77	-0.028111	8.1226e-05	0.10499	supercritical
716.0	1740.0	736.37	0.001358	657.72	894.02	2.0571	1.0229	1.3875	835.54	-0.028162	8.1329e-05	0.10508	supercritical
716.0	1743.2	737.0	0.0013569	657.61	894.15	2.0567	1.023	1.3876	836.31	-0.028212	8.1433e-05	0.10516	supercritical
716.0	1746.5	737.63	0.0013557	657.5	894.27	2.0562	1.0231	1.3876	837.08	-0.028261	8.1536e-05	0.10525	supercritical
716.0	1749.8	738.26	0.0013545	657.39	894.4	2.0558	1.0232	1.3876	837.85	-0.028311	8.1639e-05	0.10533	supercritical
716.0	1753.0	738.88	0.0013534	657.28	894.53	2.0554	1.0233	1.3876	838.62	-0.02836	8.1742e-05	0.10542	supercritical
716.0	1756.2	739.51	0.0013522	657.17	894.66	2.0549	1.0234	1.3877	839.39	-0.02841	8.1845e-05	0.1055	supercritical
716.0	1759.5	740.13	0.0013511	657.06	894.78	2.0545	1.0235	1.3877	840.16	-0.028458	8.1948e-05	0.10559	supercritical
716.0	1762.8	740.76	0.00135	656.95	894.91	2.0541	1.0236	1.3877	840.93	-0.028507	8.2051e-05	0.10567	supercritical
716.0	1766.0	741.38	0.0013488	656.84	895.04	2.0536	1.0237	1.3877	841.7	-0.028556	8.2154e-05	0.10576	supercritical
716.0	1769.2	742.0	0.0013477	656.73	895.17	2.0532	1.0238	1.3877	842.46	-0.028604	8.2257e-05	0.10585	supercritical
716.0	1772.5	742.62	0.0013466	656.62	895.3	2.0528	1.0239	1.3878	843.23	-0.028652	8.236e-05	0.10593	supercritical
716.0	1775.8	743.24	0.0013455	656.51	895.43	2.0523	1.024	1.3878	843.99	-0.0287	8.2463e-05	0.10602	supercritical
716.0	1779.0	743.86	0.0013443	656.4	895.56	2.0519	1.0241	1.3878	844.76	-0.028748	8.2566e-05	0.1061	supercritical
716.0	1782.2	744.47	0.0013432	656.29	895.69	2.0515	1.0242	1.3878	845.52	-0.028795	8.2669e-05	0.10619	supercritical
716.0	1785.5	745.09	0.0013421	656.18	895.82	2.051	1.0243	1.3878	846.29	-0.028842	8.2772e-05	0.10627	supercritical
716.0	1788.8	745.7	0.001341	656.07	895.95	2.0506	1.0244	1.3878	847.05	-0.028889	8.2875e-05	0.10636	supercritical
716.0	1792.0	746.32	0.0013399	655.97	896.08	2.0502	1.0245	1.3879	847.81	-0.028936	8.2977e-05	0.10644	supercritical
716.0	1795.2	746.93	0.0013388	655.86	896.21	2.0498	1.0246	1.3879	848.57	-0.028983	8.308e-05	0.10653	supercritical
716.0	1798.5	747.54	0.0013377	655.75	896.34	2.0493	1.0247	1.3879	849.33	-0.029029	8.3183e-05	0.10661	supercritical
716.0	1801.8	748.15	0.0013366	655.64	896.47	2.0489	1.0248	1.3879	850.09	-0.029076	8.3285e-05	0.1067	supercritical
716.0	1805.0	748.76	0.0013355	655.54	896.6	2.0485	1.0249	1.3879	850.85	-0.029122	8.3388e-05	0.10678	supercritical
716.0	1808.2	749.37	0.0013345	655.43	896.73	2.0481	1.025	1.388	851.61	-0.029168	8.3491e-05	0.10687	supercritical
716.0	1811.5	749.97	0.0013334	655.32	896.87	2.0476	1.0251	1.388	852.37	-0.029213	8.3593e-05	0.10695	supercritical
716.0	1814.8	750.58	0.0013323	655.22	897.0	2.0472	1.0252	1.388	853.12	-0.029259	8.3696e-05	0.10704	supercritical
716.0	1818.0	751.18	0.0013312	655.11	897.13	2.0468	1.0253	1.388	853.88	-0.029304	8.3798e-05	0.10712	supercritical
716.0	1821.2	751.78	0.0013302	655.0	897.26	2.0464	1.0254	1.388	854.64	-0.029349	8.3901e-05	0.10721	supercritical
716.0	1824.5	752.39	0.0013291	654.9	897.39	2.046	1.0255	1.3881	855.39	-0.029394	8.4003e-05	0.10729	supercritical
716.0	1827.8	752.99	0.001328	654.79	897.53	2.0456	1.0256	1.3881	856.15	-0.029438	8.4105e-05	0.10738	supercritical
716.0	1831.0	753.59	0.001327	654.69	897.66	2.0451	1.0257	1.3881	856.9	-0.029483	8.4208e-05	0.10746	supercritical
716.0	1834.2	754.18	0.0013259	654.58	897.79	2.0447	1.0257	1.3881	857.65	-0.029527	8.431e-05	0.10755	supercritical
716.0	1837.5	754.78	0.0013249	654.48	897.93	2.0443	1.0258	1.3881	858.4	-0.029571	8.4412e-05	0.10763	supercritical
716.0	1840.8	755.38	0.0013238	654.37	898.06	2.0439	1.0259	1.3881	859.16	-0.029615	8.4515e-05	0.10772	supercritical
716.0	1844.0	755.97	0.0013228	654.27	898.19	2.0435	1.026	1.3882	859.91	-0.029659	8.4617e-05	0.1078	supercritical
716.0	1847.2	756.57	0.0013218	654.17	898.33	2.0431	1.0261	1.3882	860.66	-0.029702	8.4719e-05	0.10789	supercritical
716.0	1850.5	757.16	0.0013207	654.06	898.46	2.0426	1.0262	1.3882	861.41	-0.029746	8.4821e-05	0.10797	supercritical
716.0	1853.8	757.75	0.0013197	653.96	898.6	2.0422	1.0263	1.3882	862.16	-0.029789	8.4923e-05	0.10806	supercritical
716.0	1857.0	758.34	0.0013187	653.85	898.73	2.0418	1.0264	1.3882	862.9	-0.029832	8.5025e-05	0.10814	supercritical
716.0	1860.2	758.93	0.0013176	653.75	898.86	2.0414	1.0265	1.3882	863.65	-0.029875	8.5127e-05	0.10822	supercritical
716.0	1863.5	759.52	0.0013166	653.65	899.0	2.041	1.0266	1.3883	864.4	-0.029917	8.5229e-05	0.10831	supercritical
716.0	1866.8	760.11	0.0013156	653.55	899.13	2.0406	1.0267	1.3883	865.14	-0.02996	8.5331e-05	0.10839	supercritical
716.0	1870.0	760.7	0.0013146	653.44	899.27	2.0402	1.0268	1.3883	865.89	-0.030002	8.5433e-05	0.10848	supercritical
716.0	1873.2	761.28	0.0013136	653.34	899.41	2.0398	1.0269	1.3883	866.63	-0.030044	8.5535e-05	0.10856	supercritical
716.0	1876.5	761.87	0.0013126	653.24	899.54	2.0394	1.027	1.3883	867.38	-0.030086	8.5637e-05	0.10865	supercritical
716.0	1879.8	762.45	0.0013116	653.14	899.68	2.039	1.0271	1.3883	868.12	-0.030127	8.5739e-05	0.10873	supercritical
716.0	1883.0	763.03	0.0013106	653.03	899.81	2.0386	1.0272	1.3884	868.86	-0.030169	8.5841e-05	0.10882	supercritical
716.0	1886.2	763.61	0.0013096	652.93	899.95	2.0382	1.0273	1.3884	869.61	-0.03021	8.5943e-05	0.1089	supercritical
716.0	1889.5	764.19	0.0013086	652.83	900.09	2.0378	1.0274	1.3884	870.35	-0.030251	8.6044e-05	0.10899	supercritical
716.0	1892.8	764.77	0.0013076	652.73	900.22	2.0374	1.0275	1.3884	871.09	-0.030292	8.6146e-05	0.10907	supercritical
716.0	1896.0	765.35	0.0013066	652.63	900.36	2.037	1.0276	1.3884	871.83	-0.030333	8.6248e-05	0.10916	supercritical
716.0	1899.2	765.93	0.0013056	652.53	900.5	2.0366	1.0277	1.3884	872.57	-0.030374	8.635e-05	0.10924	supercritical
716.0	1902.5	766.5	0.0013046	652.43	900.63	2.0361	1.0278	1.3885	873.31	-0.030414	8.6451e-05	0.10933	supercritical
716.0	1905.8	767.08	0.0013036	652.33	900.77	2.0357	1.0279	1.3885	874.04	-0.030454	8.6553e-05	0.10941	supercritical
716.0	1909.0	767.65	0.0013027	652.23	900.91	2.0354	1.028	1.3885	874.78	-0.030494	8.6654e-05	0.1095	supercritical
716.0	1912.2	768.23	0.0013017	652.13	901.05	2.035	1.0281	1.3885	875.52	-0.030534	8.6756e-05	0.10958	supercritical
716.0	1915.5	768.8	0.0013007	652.03	901.18	2.0346	1.0282	1.3885	876.25	-0.030574	8.6857e-05	0.10966	supercritical
716.0	1918.8	769.37	0.0012998	651.93	901.32	2.0342	1.0283	1.3885	876.99	-0.030614	8.6959e-05	0.10975	supercritical
716.0	1922.0	769.94	0.0012988	651.83	901.46	2.0338	1.0284	1.3885	877.72	-0.030653	8.706e-05	0.10983	supercritical
716.0	1925.2	770.51	0.0012978	651.73	901.6	2.0334	1.0285	1.3886	878.46	-0.030692	8.7162e-05	0.10992	supercritical
716.0	1928.5	771.08	0.0012969	651.63	901.74	2.033	1.0286	1.3886	879.19	-0.030731	8.7263e-05	0.11	supercritical
716.0	1931.8	771.64	0.0012959	651.53	901.88	2.0326	1.0287	1.3886	879.92	-0.03077	8.7365e-05	0.11009	supercritical
716.0	1935.0	772.21	0.001295	651.44	902.01	2.0322	1.0288	1.3886	880.65	-0.030809	8.7466e-05	0.11017	supercritical
716.0	1938.2	772.78	0.001294	651.34	902.15	2.0318	1.0289	1.3886	881.38	-0.030847	8.7567e-05	0.11026	supercritical
716.0	1941.5	773.34	0.0012931	651.24	902.29	2.0314	1.029	1.3886	882.12	-0.030886	8.7668e-05	0.11034	supercritical
716.0	1944.8	773.9	0.0012922	651.14	902.43	2.031	1.0291	1.3887	882.84	-0.030924	8.777e-05	0.11043	supercritical
716.0	1948.0	774.47	0.0012912	651.04	902.57	2.0306	1.0292	1.3887	883.57	-0.030962	8.7871e-05	0.11051	supercritical
716.0	1951.2	775.03	0.0012903	650.95	902.71	2.0302	1.0293	1.3887	884.3	-0.031	8.7972e-05	0.1106	supercritical
716.0	1954.5	775.59	0.0012893	650.85	902.85	2.0298	1.0293	1.3887	885.03	-0.031038	8.8073e-05	0.11068	supercritical
716.0	1957.8	776.15	0.0012884	650.75	902.99	2.0294	1.0294	1.3887	885.76	-0.031075	8.8174e-05	0.11076	supercritical
716.0	1961.0	776.7	0.0012875	650.66	903.13	2.0291	1.0295	1.3887	886.48	-0.031113	8.8275e-05	0.11085	supercritical
716.0	1964.2	777.26	0.0012866	650.56	903.27	2.0287	1.0296	1.3887	887.21	-0.03115	8.8376e-05	0.11093	supercritical
716.0	1967.5	777.82	0.0012856	650.46	903.41	2.0283	1.0297	1.3888	887.93	-0.031187	8.8477e-05	0.11102	supercritical
716.0	1970.8	778.37	0.0012847	650.37	903.55	2.0279	1.0298	1.3888	888.66	-0.031224	8.8578e-05	0.1111	supercritical
716.0	1974.0	778.93	0.0012838	650.27	903.7	2.0275	1.0299	1.3888	889.38	-0.031261	8.8679e-05	0.11119	supercritical
716.0	1977.2	779.48	0.0012829	650.17	903.84	2.0271	1.03	1.3888	890.11	-0.031297	8.878e-05	0.11127	supercritical
716.0	1980.5	780.03	0.001282	650.08	903.98	2.0267	1.0301	1.3888	890.83	-0.031334	8.8881e-05	0.11136	supercritical
716.0	1983.8	780.59	0.0012811	649.98	904.12	2.0263	1.0302	1.3888	891.55	-0.03137	8.8982e-05	0.11144	supercritical
716.0	1987.0	781.14	0.0012802	649.89	904.26	2.026	1.0303	1.3888	892.27	-0.031406	8.9083e-05	0.11153	supercritical
716.0	1990.2	781.69	0.0012793	649.79	904.4	2.0256	1.0304	1.3889	892.99	-0.031442	8.9184e-05	0.11161	supercritical
716.0	1993.5	782.24	0.0012784	649.7	904.55	2.0252	1.0305	1.3889	893.71	-0.031478	8.9285e-05	0.11169	supercritical
716.0	1996.8	782.78	0.0012775	649.6	904.69	2.0248	1.0306	1.3889	894.43	-0.031514	8.9385e-05	0.11178	supercritical
716.0	2000.0	783.33	0.0012766	649.51	904.83	2.0244	1.0307	1.3889	895.15	-0.03155	8.9486e-05	0.11186	supercritical
