Temperature (K)	Pressure (bar)	Density (kg/m3)	Volume (m3/kg)	Internal Energy (kJ/kg)	Enthalpy (kJ/kg)	Entropy (J/g*K)	Cv (J/g*K)	Cp (J/g*K)	Sound Spd. (m/s)	Joule-Thomson (K/bar)	Viscosity (Pa*s)	Therm. Cond. (W/m*K)	Phase
697.0	56.5	42.929	0.023294	766.84	898.45	2.8026	0.94128	1.1545	402.01	0.12536	3.2023e-05	0.050226	vapor
697.0	59.75	45.395	0.022029	766.36	897.98	2.7913	0.94158	1.1562	402.31	0.12463	3.206e-05	0.050314	vapor
697.0	63.0	47.861	0.020894	765.88	897.51	2.7807	0.94188	1.1579	402.61	0.12391	3.2099e-05	0.050402	vapor
697.0	66.25	50.325	0.019871	765.4	897.05	2.7705	0.94217	1.1596	402.92	0.12319	3.2137e-05	0.050489	vapor
697.0	69.5	52.788	0.018944	764.93	896.58	2.7608	0.94247	1.1613	403.23	0.12247	3.2176e-05	0.050576	vapor
697.0	72.75	55.251	0.018099	764.45	896.12	2.7515	0.94276	1.163	403.55	0.12175	3.2216e-05	0.050662	vapor
697.0	76.0	57.712	0.017327	763.98	895.66	2.7426	0.94305	1.1646	403.88	0.12103	3.2256e-05	0.050749	vapor
697.0	76.0	57.712	0.017327	763.98	895.66	2.7426	0.94305	1.1646	403.88	0.12103	3.2256e-05	0.050749	supercritical
697.0	76.0	57.712	0.017327	763.98	895.66	2.7426	0.94305	1.1646	403.88	0.12103	3.2256e-05	0.050749	supercritical
697.0	79.25	60.172	0.016619	763.5	895.21	2.734	0.94334	1.1663	404.21	0.12031	3.2296e-05	0.050835	supercritical
697.0	82.5	62.63	0.015967	763.03	894.75	2.7257	0.94363	1.168	404.55	0.1196	3.2336e-05	0.05092	supercritical
697.0	85.75	65.088	0.015364	762.55	894.3	2.7178	0.94392	1.1696	404.89	0.11888	3.2377e-05	0.051006	supercritical
697.0	89.0	67.544	0.014805	762.08	893.85	2.7101	0.94421	1.1713	405.24	0.11817	3.2419e-05	0.051091	supercritical
697.0	92.25	69.998	0.014286	761.61	893.4	2.7027	0.9445	1.173	405.59	0.11746	3.246e-05	0.051176	supercritical
697.0	95.5	72.451	0.013803	761.14	892.95	2.6955	0.94479	1.1746	405.95	0.11675	3.2503e-05	0.051261	supercritical
697.0	98.75	74.902	0.013351	760.67	892.51	2.6885	0.94507	1.1763	406.32	0.11603	3.2545e-05	0.051347	supercritical
697.0	102.0	77.351	0.012928	760.2	892.07	2.6818	0.94536	1.1779	406.69	0.11532	3.2588e-05	0.051432	supercritical
697.0	105.25	79.798	0.012532	759.73	891.63	2.6752	0.94564	1.1796	407.06	0.11461	3.2631e-05	0.051517	supercritical
697.0	108.5	82.244	0.012159	759.26	891.19	2.6688	0.94593	1.1812	407.45	0.1139	3.2675e-05	0.051602	supercritical
697.0	111.75	84.688	0.011808	758.8	890.75	2.6626	0.94621	1.1828	407.83	0.11319	3.272e-05	0.051687	supercritical
697.0	115.0	87.129	0.011477	758.33	890.32	2.6566	0.94649	1.1845	408.23	0.11248	3.2764e-05	0.051772	supercritical
697.0	118.25	89.569	0.011165	757.86	889.88	2.6507	0.94677	1.1861	408.63	0.11178	3.2809e-05	0.051858	supercritical
697.0	121.5	92.006	0.010869	757.4	889.45	2.6449	0.94705	1.1877	409.03	0.11107	3.2855e-05	0.051943	supercritical
697.0	124.75	94.441	0.010589	756.93	889.03	2.6393	0.94733	1.1893	409.44	0.11036	3.2901e-05	0.052029	supercritical
697.0	128.0	96.874	0.010323	756.47	888.6	2.6338	0.94761	1.191	409.86	0.10965	3.2947e-05	0.052115	supercritical
697.0	131.25	99.304	0.01007	756.01	888.18	2.6284	0.94788	1.1926	410.28	0.10894	3.2994e-05	0.052201	supercritical
697.0	134.5	101.73	0.0098297	755.55	887.76	2.6232	0.94816	1.1942	410.71	0.10824	3.3041e-05	0.052288	supercritical
697.0	137.75	104.16	0.0096008	755.09	887.34	2.6181	0.94843	1.1958	411.14	0.10753	3.3089e-05	0.052375	supercritical
697.0	141.0	106.58	0.0093826	754.63	886.92	2.613	0.94871	1.1974	411.58	0.10682	3.3137e-05	0.052462	supercritical
697.0	144.25	109.0	0.0091743	754.17	886.51	2.6081	0.94898	1.1989	412.02	0.10612	3.3186e-05	0.052549	supercritical
697.0	147.5	111.42	0.0089752	753.71	886.09	2.6033	0.94925	1.2005	412.47	0.10541	3.3235e-05	0.052637	supercritical
697.0	150.75	113.83	0.0087849	753.25	885.68	2.5986	0.94952	1.2021	412.93	0.1047	3.3285e-05	0.052725	supercritical
697.0	154.0	116.24	0.0086026	752.8	885.28	2.5939	0.94979	1.2037	413.39	0.104	3.3335e-05	0.052813	supercritical
697.0	157.25	118.65	0.008428	752.34	884.87	2.5894	0.95006	1.2052	413.86	0.10329	3.3385e-05	0.052902	supercritical
697.0	160.5	121.06	0.0082605	751.89	884.47	2.5849	0.95032	1.2068	414.33	0.10259	3.3436e-05	0.052992	supercritical
697.0	163.75	123.46	0.0080998	751.43	884.07	2.5805	0.95059	1.2083	414.81	0.10188	3.3488e-05	0.053081	supercritical
697.0	167.0	125.86	0.0079454	750.98	883.67	2.5762	0.95086	1.2099	415.29	0.10118	3.3539e-05	0.053172	supercritical
697.0	170.25	128.26	0.0077969	750.53	883.27	2.572	0.95112	1.2114	415.78	0.10047	3.3592e-05	0.053262	supercritical
697.0	173.5	130.65	0.0076541	750.08	882.88	2.5678	0.95138	1.2129	416.28	0.099765	3.3645e-05	0.053354	supercritical
697.0	176.75	133.04	0.0075167	749.63	882.48	2.5637	0.95164	1.2144	416.78	0.09906	3.3698e-05	0.053445	supercritical
697.0	180.0	135.42	0.0073842	749.18	882.09	2.5597	0.95191	1.216	417.29	0.098356	3.3752e-05	0.053538	supercritical
697.0	183.25	137.81	0.0072566	748.73	881.71	2.5557	0.95217	1.2175	417.8	0.097651	3.3806e-05	0.05363	supercritical
697.0	186.5	140.19	0.0071334	748.28	881.32	2.5518	0.95242	1.219	418.32	0.096947	3.3861e-05	0.053724	supercritical
697.0	189.75	142.56	0.0070146	747.84	880.94	2.548	0.95268	1.2205	418.84	0.096244	3.3916e-05	0.053817	supercritical
697.0	193.0	144.93	0.0068998	747.39	880.56	2.5442	0.95294	1.2219	419.37	0.09554	3.3972e-05	0.053912	supercritical
697.0	196.25	147.3	0.0067889	746.95	880.18	2.5404	0.95319	1.2234	419.91	0.094837	3.4028e-05	0.054007	supercritical
697.0	199.5	149.66	0.0066817	746.5	879.8	2.5367	0.95345	1.2249	420.45	0.094135	3.4085e-05	0.054102	supercritical
697.0	202.75	152.02	0.006578	746.06	879.43	2.5331	0.9537	1.2264	421.0	0.093433	3.4142e-05	0.054198	supercritical
697.0	206.0	154.38	0.0064776	745.62	879.06	2.5295	0.95395	1.2278	421.55	0.092731	3.42e-05	0.054295	supercritical
697.0	209.25	156.73	0.0063804	745.18	878.69	2.526	0.9542	1.2292	422.11	0.09203	3.4258e-05	0.054392	supercritical
697.0	212.5	159.08	0.0062862	744.74	878.32	2.5225	0.95445	1.2307	422.68	0.09133	3.4316e-05	0.05449	supercritical
697.0	215.75	161.42	0.0061949	744.3	877.96	2.5191	0.9547	1.2321	423.25	0.09063	3.4375e-05	0.054588	supercritical
697.0	219.0	163.76	0.0061065	743.87	877.6	2.5157	0.95495	1.2335	423.83	0.089931	3.4435e-05	0.054687	supercritical
697.0	222.25	166.1	0.0060206	743.43	877.24	2.5124	0.9552	1.2349	424.41	0.089232	3.4495e-05	0.054787	supercritical
697.0	225.5	168.43	0.0059373	743.0	876.88	2.5091	0.95544	1.2363	425.0	0.088535	3.4556e-05	0.054887	supercritical
697.0	228.75	170.75	0.0058564	742.56	876.53	2.5058	0.95569	1.2377	425.59	0.087838	3.4617e-05	0.054988	supercritical
697.0	232.0	173.07	0.0057779	742.13	876.17	2.5026	0.95593	1.2391	426.19	0.087142	3.4678e-05	0.05509	supercritical
697.0	235.25	175.39	0.0057015	741.7	875.82	2.4994	0.95617	1.2405	426.79	0.086447	3.474e-05	0.055192	supercritical
697.0	238.5	177.7	0.0056273	741.27	875.48	2.4963	0.95641	1.2419	427.4	0.085752	3.4803e-05	0.055295	supercritical
697.0	241.75	180.01	0.0055552	740.84	875.13	2.4932	0.95665	1.2432	428.02	0.085059	3.4866e-05	0.055398	supercritical
697.0	245.0	182.31	0.005485	740.41	874.79	2.4901	0.95689	1.2446	428.64	0.084367	3.493e-05	0.055502	supercritical
697.0	248.25	184.61	0.0054167	739.98	874.45	2.4871	0.95713	1.2459	429.27	0.083676	3.4994e-05	0.055607	supercritical
697.0	251.5	186.91	0.0053503	739.55	874.11	2.4841	0.95736	1.2473	429.9	0.082987	3.5058e-05	0.055712	supercritical
697.0	254.75	189.2	0.0052855	739.13	873.78	2.4811	0.9576	1.2486	430.54	0.082298	3.5123e-05	0.055818	supercritical
697.0	258.0	191.48	0.0052225	738.7	873.44	2.4782	0.95783	1.2499	431.18	0.081611	3.5189e-05	0.055925	supercritical
697.0	261.25	193.76	0.0051611	738.28	873.11	2.4753	0.95807	1.2512	431.83	0.080925	3.5254e-05	0.056032	supercritical
697.0	264.5	196.03	0.0051012	737.86	872.79	2.4724	0.9583	1.2525	432.49	0.080241	3.5321e-05	0.056139	supercritical
697.0	267.75	198.3	0.0050429	737.44	872.46	2.4696	0.95853	1.2538	433.15	0.079558	3.5388e-05	0.056248	supercritical
697.0	271.0	200.56	0.004986	737.02	872.14	2.4668	0.95876	1.2551	433.82	0.078876	3.5455e-05	0.056357	supercritical
697.0	274.25	202.82	0.0049305	736.6	871.82	2.464	0.95899	1.2563	434.49	0.078196	3.5523e-05	0.056466	supercritical
697.0	277.5	205.07	0.0048763	736.18	871.5	2.4613	0.95922	1.2576	435.16	0.077518	3.5591e-05	0.056577	supercritical
697.0	280.75	207.32	0.0048234	735.77	871.18	2.4586	0.95944	1.2588	435.85	0.076842	3.566e-05	0.056687	supercritical
697.0	284.0	209.56	0.0047718	735.35	870.87	2.4559	0.95967	1.2601	436.53	0.076167	3.573e-05	0.056799	supercritical
697.0	287.25	211.8	0.0047215	734.94	870.56	2.4532	0.9599	1.2613	437.23	0.075494	3.5799e-05	0.056911	supercritical
697.0	290.5	214.03	0.0046722	734.52	870.25	2.4506	0.96012	1.2625	437.93	0.074823	3.587e-05	0.057023	supercritical
697.0	293.75	216.26	0.0046241	734.11	869.95	2.448	0.96034	1.2637	438.63	0.074153	3.594e-05	0.057136	supercritical
697.0	297.0	218.48	0.0045772	733.7	869.64	2.4454	0.96056	1.2649	439.34	0.073486	3.6011e-05	0.05725	supercritical
697.0	300.25	220.69	0.0045312	733.29	869.34	2.4429	0.96078	1.2661	440.05	0.072821	3.6083e-05	0.057364	supercritical
697.0	303.5	222.9	0.0044863	732.88	869.04	2.4403	0.961	1.2673	440.77	0.072158	3.6155e-05	0.057479	supercritical
697.0	306.75	225.1	0.0044424	732.48	868.75	2.4378	0.96122	1.2685	441.49	0.071497	3.6228e-05	0.057595	supercritical
697.0	310.0	227.3	0.0043995	732.07	868.45	2.4353	0.96144	1.2697	442.22	0.070838	3.6301e-05	0.057711	supercritical
697.0	313.25	229.49	0.0043574	731.67	868.16	2.4329	0.96166	1.2708	442.96	0.070181	3.6374e-05	0.057827	supercritical
697.0	316.5	231.68	0.0043163	731.26	867.87	2.4305	0.96187	1.272	443.7	0.069527	3.6448e-05	0.057944	supercritical
697.0	319.75	233.86	0.0042761	730.86	867.59	2.428	0.96209	1.2731	444.44	0.068875	3.6523e-05	0.058062	supercritical
697.0	323.0	236.03	0.0042367	730.46	867.3	2.4256	0.9623	1.2742	445.19	0.068225	3.6598e-05	0.05818	supercritical
697.0	326.25	238.2	0.0041981	730.06	867.02	2.4233	0.96251	1.2753	445.94	0.067578	3.6673e-05	0.058298	supercritical
697.0	329.5	240.36	0.0041604	729.66	866.74	2.4209	0.96272	1.2764	446.7	0.066933	3.6749e-05	0.058417	supercritical
697.0	332.75	242.52	0.0041234	729.26	866.47	2.4186	0.96293	1.2775	447.46	0.066291	3.6825e-05	0.058537	supercritical
697.0	336.0	244.67	0.0040871	728.87	866.19	2.4163	0.96314	1.2786	448.23	0.065651	3.6902e-05	0.058657	supercritical
697.0	339.25	246.81	0.0040516	728.47	865.92	2.414	0.96335	1.2797	449.0	0.065015	3.6979e-05	0.058777	supercritical
697.0	342.5	248.95	0.0040168	728.08	865.65	2.4117	0.96356	1.2808	449.78	0.06438	3.7056e-05	0.058898	supercritical
697.0	345.75	251.09	0.0039827	727.68	865.39	2.4095	0.96376	1.2818	450.56	0.063749	3.7134e-05	0.05902	supercritical
697.0	349.0	253.21	0.0039493	727.29	865.12	2.4073	0.96397	1.2829	451.35	0.06312	3.7213e-05	0.059142	supercritical
697.0	352.25	255.33	0.0039165	726.9	864.86	2.4051	0.96418	1.2839	452.14	0.062494	3.7291e-05	0.059264	supercritical
697.0	355.5	257.45	0.0038843	726.51	864.6	2.4029	0.96438	1.285	452.93	0.06187	3.7371e-05	0.059387	supercritical
697.0	358.75	259.55	0.0038528	726.12	864.34	2.4007	0.96458	1.286	453.73	0.06125	3.745e-05	0.05951	supercritical
697.0	362.0	261.66	0.0038218	725.74	864.09	2.3985	0.96478	1.287	454.53	0.060633	3.753e-05	0.059634	supercritical
697.0	365.25	263.75	0.0037915	725.35	863.84	2.3964	0.96498	1.288	455.34	0.060018	3.7611e-05	0.059758	supercritical
697.0	368.5	265.84	0.0037617	724.97	863.59	2.3943	0.96518	1.289	456.15	0.059407	3.7692e-05	0.059882	supercritical
697.0	371.75	267.92	0.0037324	724.59	863.34	2.3922	0.96538	1.29	456.97	0.058798	3.7773e-05	0.060007	supercritical
697.0	375.0	270.0	0.0037037	724.2	863.09	2.3901	0.96558	1.291	457.79	0.058193	3.7855e-05	0.060132	supercritical
697.0	378.25	272.07	0.0036755	723.82	862.85	2.388	0.96578	1.2919	458.61	0.05759	3.7937e-05	0.060258	supercritical
697.0	381.5	274.13	0.0036479	723.44	862.61	2.386	0.96597	1.2929	459.44	0.056991	3.802e-05	0.060383	supercritical
697.0	384.75	276.19	0.0036207	723.06	862.37	2.3839	0.96617	1.2938	460.27	0.056395	3.8103e-05	0.06051	supercritical
697.0	388.0	278.24	0.003594	722.69	862.13	2.3819	0.96636	1.2948	461.11	0.055802	3.8186e-05	0.060636	supercritical
697.0	391.25	280.29	0.0035678	722.31	861.9	2.3799	0.96656	1.2957	461.95	0.055212	3.827e-05	0.060763	supercritical
697.0	394.5	282.32	0.003542	721.94	861.67	2.3779	0.96675	1.2966	462.79	0.054625	3.8354e-05	0.06089	supercritical
697.0	397.75	284.36	0.0035167	721.56	861.44	2.3759	0.96694	1.2976	463.64	0.054042	3.8438e-05	0.061018	supercritical
697.0	401.0	286.38	0.0034918	721.19	861.21	2.374	0.96713	1.2985	464.49	0.053462	3.8523e-05	0.061146	supercritical
697.0	404.25	288.4	0.0034674	720.82	860.99	2.372	0.96732	1.2994	465.34	0.052885	3.8609e-05	0.061274	supercritical
697.0	407.5	290.41	0.0034434	720.45	860.77	2.3701	0.96751	1.3003	466.2	0.052311	3.8694e-05	0.061402	supercritical
697.0	410.75	292.42	0.0034197	720.08	860.55	2.3682	0.9677	1.3011	467.06	0.051741	3.878e-05	0.061531	supercritical
697.0	414.0	294.42	0.0033965	719.71	860.33	2.3663	0.96789	1.302	467.92	0.051174	3.8867e-05	0.06166	supercritical
697.0	417.25	296.41	0.0033737	719.35	860.11	2.3644	0.96807	1.3029	468.79	0.05061	3.8953e-05	0.061789	supercritical
697.0	420.5	298.4	0.0033512	718.98	859.9	2.3625	0.96826	1.3037	469.66	0.05005	3.9041e-05	0.061919	supercritical
697.0	423.75	300.38	0.0033291	718.62	859.69	2.3607	0.96845	1.3046	470.54	0.049493	3.9128e-05	0.062049	supercritical
697.0	427.0	302.36	0.0033074	718.26	859.48	2.3588	0.96863	1.3054	471.41	0.04894	3.9216e-05	0.062178	supercritical
697.0	430.25	304.32	0.003286	717.9	859.27	2.357	0.96881	1.3063	472.3	0.048389	3.9304e-05	0.062309	supercritical
697.0	433.5	306.29	0.0032649	717.54	859.07	2.3552	0.969	1.3071	473.18	0.047843	3.9393e-05	0.062439	supercritical
697.0	436.75	308.24	0.0032442	717.18	858.87	2.3534	0.96918	1.3079	474.07	0.0473	3.9482e-05	0.06257	supercritical
697.0	440.0	310.19	0.0032238	716.82	858.67	2.3516	0.96936	1.3087	474.96	0.04676	3.9571e-05	0.0627	supercritical
697.0	443.25	312.13	0.0032038	716.46	858.47	2.3498	0.96954	1.3095	475.85	0.046223	3.9661e-05	0.062831	supercritical
697.0	446.5	314.07	0.003184	716.11	858.27	2.348	0.96972	1.3103	476.74	0.04569	3.9751e-05	0.062962	supercritical
697.0	449.75	315.99	0.0031646	715.75	858.08	2.3463	0.9699	1.3111	477.64	0.045161	3.9841e-05	0.063094	supercritical
697.0	453.0	317.92	0.0031455	715.4	857.89	2.3445	0.97008	1.3119	478.54	0.044635	3.9931e-05	0.063225	supercritical
697.0	456.25	319.83	0.0031266	715.05	857.7	2.3428	0.97025	1.3127	479.45	0.044112	4.0022e-05	0.063357	supercritical
697.0	459.5	321.74	0.0031081	714.7	857.51	2.3411	0.97043	1.3134	480.35	0.043593	4.0114e-05	0.063489	supercritical
697.0	462.75	323.65	0.0030898	714.35	857.33	2.3393	0.97061	1.3142	481.26	0.043077	4.0205e-05	0.063621	supercritical
697.0	466.0	325.54	0.0030718	714.0	857.15	2.3376	0.97078	1.3149	482.17	0.042565	4.0297e-05	0.063753	supercritical
697.0	469.25	327.43	0.0030541	713.65	856.96	2.336	0.97096	1.3157	483.09	0.042056	4.0389e-05	0.063885	supercritical
697.0	472.5	329.32	0.0030366	713.31	856.79	2.3343	0.97113	1.3164	484.0	0.041551	4.0482e-05	0.064017	supercritical
697.0	475.75	331.19	0.0030194	712.96	856.61	2.3326	0.9713	1.3172	484.92	0.041049	4.0575e-05	0.064149	supercritical
697.0	479.0	333.07	0.0030024	712.62	856.43	2.331	0.97147	1.3179	485.84	0.04055	4.0668e-05	0.064282	supercritical
697.0	482.25	334.93	0.0029857	712.28	856.26	2.3293	0.97165	1.3186	486.76	0.040055	4.0761e-05	0.064414	supercritical
697.0	485.5	336.79	0.0029692	711.94	856.09	2.3277	0.97182	1.3193	487.69	0.039563	4.0855e-05	0.064547	supercritical
697.0	488.75	338.64	0.002953	711.6	855.92	2.3261	0.97199	1.32	488.62	0.039075	4.0949e-05	0.06468	supercritical
697.0	492.0	340.49	0.002937	711.26	855.76	2.3244	0.97216	1.3207	489.55	0.03859	4.1043e-05	0.064812	supercritical
697.0	495.25	342.33	0.0029212	710.92	855.59	2.3228	0.97233	1.3214	490.48	0.038109	4.1138e-05	0.064945	supercritical
697.0	498.5	344.16	0.0029056	710.58	855.43	2.3213	0.97249	1.3221	491.41	0.037631	4.1233e-05	0.065078	supercritical
697.0	501.75	345.98	0.0028903	710.25	855.27	2.3197	0.97266	1.3228	492.35	0.037156	4.1328e-05	0.065211	supercritical
697.0	505.0	347.8	0.0028752	709.91	855.11	2.3181	0.97283	1.3234	493.29	0.036685	4.1424e-05	0.065344	supercritical
697.0	508.25	349.62	0.0028603	709.58	854.95	2.3165	0.97299	1.3241	494.23	0.036217	4.1519e-05	0.065477	supercritical
697.0	511.5	351.43	0.0028456	709.25	854.8	2.315	0.97316	1.3248	495.17	0.035753	4.1615e-05	0.06561	supercritical
697.0	514.75	353.23	0.002831	708.92	854.64	2.3134	0.97332	1.3254	496.11	0.035292	4.1712e-05	0.065743	supercritical
697.0	518.0	355.02	0.0028167	708.59	854.49	2.3119	0.97349	1.3261	497.06	0.034834	4.1808e-05	0.065876	supercritical
697.0	521.25	356.81	0.0028026	708.26	854.34	2.3104	0.97365	1.3267	498.0	0.034379	4.1905e-05	0.066009	supercritical
697.0	524.5	358.59	0.0027887	707.93	854.2	2.3089	0.97382	1.3273	498.95	0.033928	4.2002e-05	0.066142	supercritical
697.0	527.75	360.37	0.0027749	707.6	854.05	2.3074	0.97398	1.328	499.9	0.03348	4.2099e-05	0.066275	supercritical
697.0	531.0	362.14	0.0027614	707.28	853.91	2.3059	0.97414	1.3286	500.85	0.033035	4.2197e-05	0.066408	supercritical
697.0	534.25	363.9	0.002748	706.96	853.77	2.3044	0.9743	1.3292	501.81	0.032594	4.2295e-05	0.066541	supercritical
697.0	537.5	365.66	0.0027348	706.63	853.63	2.3029	0.97446	1.3298	502.76	0.032156	4.2393e-05	0.066674	supercritical
697.0	540.75	367.41	0.0027217	706.31	853.49	2.3014	0.97462	1.3304	503.72	0.031721	4.2491e-05	0.066807	supercritical
697.0	544.0	369.16	0.0027089	705.99	853.35	2.3	0.97478	1.331	504.67	0.031289	4.259e-05	0.06694	supercritical
697.0	547.25	370.9	0.0026962	705.67	853.22	2.2985	0.97494	1.3316	505.63	0.03086	4.2689e-05	0.067073	supercritical
697.0	550.5	372.63	0.0026836	705.35	853.08	2.2971	0.9751	1.3322	506.59	0.030435	4.2788e-05	0.067206	supercritical
697.0	553.75	374.36	0.0026712	705.03	852.95	2.2956	0.97526	1.3328	507.55	0.030013	4.2887e-05	0.067338	supercritical
697.0	557.0	376.08	0.002659	704.72	852.82	2.2942	0.97541	1.3334	508.52	0.029594	4.2987e-05	0.067471	supercritical
697.0	560.25	377.79	0.0026469	704.4	852.7	2.2928	0.97557	1.3339	509.48	0.029178	4.3086e-05	0.067604	supercritical
697.0	563.5	379.5	0.002635	704.09	852.57	2.2914	0.97573	1.3345	510.45	0.028765	4.3186e-05	0.067736	supercritical
697.0	566.75	381.21	0.0026233	703.78	852.45	2.29	0.97588	1.3351	511.41	0.028355	4.3286e-05	0.067869	supercritical
697.0	570.0	382.9	0.0026116	703.46	852.33	2.2886	0.97604	1.3356	512.38	0.027948	4.3387e-05	0.068001	supercritical
697.0	573.25	384.59	0.0026001	703.15	852.21	2.2872	0.97619	1.3362	513.35	0.027545	4.3488e-05	0.068134	supercritical
697.0	576.5	386.28	0.0025888	702.84	852.09	2.2858	0.97635	1.3367	514.32	0.027144	4.3588e-05	0.068266	supercritical
697.0	579.75	387.96	0.0025776	702.53	851.97	2.2844	0.9765	1.3372	515.29	0.026746	4.3689e-05	0.068398	supercritical
697.0	583.0	389.63	0.0025665	702.23	851.85	2.2831	0.97665	1.3378	516.26	0.026352	4.3791e-05	0.06853	supercritical
697.0	586.25	391.3	0.0025556	701.92	851.74	2.2817	0.97681	1.3383	517.23	0.02596	4.3892e-05	0.068662	supercritical
697.0	589.5	392.96	0.0025448	701.61	851.63	2.2804	0.97696	1.3388	518.21	0.025571	4.3994e-05	0.068794	supercritical
697.0	592.75	394.62	0.0025341	701.31	851.52	2.279	0.97711	1.3394	519.18	0.025185	4.4096e-05	0.068926	supercritical
697.0	596.0	396.27	0.0025236	701.0	851.41	2.2777	0.97726	1.3399	520.16	0.024802	4.4198e-05	0.069058	supercritical
697.0	599.25	397.91	0.0025131	700.7	851.3	2.2764	0.97741	1.3404	521.13	0.024422	4.43e-05	0.069189	supercritical
697.0	602.5	399.55	0.0025028	700.4	851.2	2.275	0.97756	1.3409	522.11	0.024044	4.4403e-05	0.069321	supercritical
697.0	605.75	401.18	0.0024926	700.1	851.09	2.2737	0.97771	1.3414	523.09	0.02367	4.4505e-05	0.069452	supercritical
697.0	609.0	402.81	0.0024826	699.8	850.99	2.2724	0.97786	1.3419	524.07	0.023298	4.4608e-05	0.069583	supercritical
697.0	612.25	404.43	0.0024726	699.5	850.89	2.2711	0.97801	1.3424	525.05	0.022929	4.4711e-05	0.069714	supercritical
697.0	615.5	406.04	0.0024628	699.2	850.79	2.2698	0.97816	1.3429	526.03	0.022563	4.4814e-05	0.069845	supercritical
697.0	618.75	407.65	0.0024531	698.91	850.69	2.2685	0.9783	1.3433	527.01	0.0222	4.4918e-05	0.069976	supercritical
697.0	622.0	409.26	0.0024435	698.61	850.6	2.2673	0.97845	1.3438	527.99	0.021839	4.5021e-05	0.070107	supercritical
697.0	625.25	410.86	0.0024339	698.32	850.5	2.266	0.9786	1.3443	528.97	0.021481	4.5125e-05	0.070237	supercritical
697.0	628.5	412.45	0.0024245	698.03	850.41	2.2647	0.97875	1.3448	529.95	0.021126	4.5229e-05	0.070368	supercritical
697.0	631.75	414.04	0.0024153	697.73	850.32	2.2635	0.97889	1.3452	530.94	0.020773	4.5333e-05	0.070498	supercritical
697.0	635.0	415.62	0.0024061	697.44	850.23	2.2622	0.97904	1.3457	531.92	0.020423	4.5437e-05	0.070628	supercritical
697.0	638.25	417.19	0.002397	697.15	850.14	2.261	0.97918	1.3461	532.9	0.020075	4.5542e-05	0.070758	supercritical
697.0	641.5	418.76	0.002388	696.86	850.05	2.2597	0.97933	1.3466	533.89	0.01973	4.5646e-05	0.070888	supercritical
697.0	644.75	420.33	0.0023791	696.57	849.97	2.2585	0.97947	1.347	534.87	0.019388	4.5751e-05	0.071017	supercritical
697.0	648.0	421.89	0.0023703	696.29	849.88	2.2573	0.97961	1.3475	535.86	0.019048	4.5856e-05	0.071147	supercritical
697.0	651.25	423.44	0.0023616	696.0	849.8	2.256	0.97976	1.3479	536.84	0.018711	4.5961e-05	0.071276	supercritical
697.0	654.5	424.99	0.002353	695.71	849.72	2.2548	0.9799	1.3484	537.83	0.018376	4.6066e-05	0.071405	supercritical
697.0	657.75	426.53	0.0023445	695.43	849.64	2.2536	0.98004	1.3488	538.82	0.018044	4.6171e-05	0.071534	supercritical
697.0	661.0	428.07	0.0023361	695.15	849.56	2.2524	0.98019	1.3492	539.8	0.017714	4.6277e-05	0.071663	supercritical
697.0	664.25	429.6	0.0023277	694.86	849.48	2.2512	0.98033	1.3496	540.79	0.017386	4.6382e-05	0.071792	supercritical
697.0	667.5	431.13	0.0023195	694.58	849.41	2.25	0.98047	1.3501	541.78	0.017061	4.6488e-05	0.07192	supercritical
697.0	670.75	432.65	0.0023113	694.3	849.33	2.2488	0.98061	1.3505	542.77	0.016738	4.6594e-05	0.072049	supercritical
697.0	674.0	434.17	0.0023032	694.02	849.26	2.2476	0.98075	1.3509	543.76	0.016418	4.67e-05	0.072177	supercritical
697.0	677.25	435.68	0.0022953	693.74	849.19	2.2465	0.98089	1.3513	544.74	0.0161	4.6806e-05	0.072305	supercritical
697.0	680.5	437.19	0.0022873	693.46	849.12	2.2453	0.98103	1.3517	545.73	0.015784	4.6913e-05	0.072433	supercritical
697.0	683.75	438.69	0.0022795	693.19	849.05	2.2441	0.98117	1.3521	546.72	0.015471	4.7019e-05	0.07256	supercritical
697.0	687.0	440.18	0.0022718	692.91	848.98	2.243	0.98131	1.3525	547.71	0.01516	4.7126e-05	0.072688	supercritical
697.0	690.25	441.68	0.0022641	692.64	848.92	2.2418	0.98145	1.3529	548.7	0.014851	4.7233e-05	0.072815	supercritical
697.0	693.5	443.16	0.0022565	692.36	848.85	2.2407	0.98159	1.3533	549.69	0.014544	4.7339e-05	0.072942	supercritical
697.0	696.75	444.64	0.002249	692.09	848.79	2.2395	0.98173	1.3537	550.68	0.014239	4.7446e-05	0.073069	supercritical
697.0	700.0	446.12	0.0022416	691.82	848.73	2.2384	0.98186	1.354	551.67	0.013937	4.7554e-05	0.073195	supercritical
697.0	703.25	447.59	0.0022342	691.55	848.67	2.2373	0.982	1.3544	552.66	0.013637	4.7661e-05	0.073322	supercritical
697.0	706.5	449.05	0.0022269	691.27	848.61	2.2362	0.98214	1.3548	553.65	0.013339	4.7768e-05	0.073448	supercritical
697.0	709.75	450.51	0.0022197	691.01	848.55	2.235	0.98227	1.3552	554.64	0.013043	4.7876e-05	0.073574	supercritical
697.0	713.0	451.97	0.0022126	690.74	848.49	2.2339	0.98241	1.3555	555.63	0.01275	4.7983e-05	0.0737	supercritical
697.0	716.25	453.42	0.0022055	690.47	848.44	2.2328	0.98255	1.3559	556.62	0.012458	4.8091e-05	0.073826	supercritical
697.0	719.5	454.86	0.0021985	690.2	848.38	2.2317	0.98268	1.3563	557.61	0.012168	4.8199e-05	0.073951	supercritical
697.0	722.75	456.3	0.0021915	689.94	848.33	2.2306	0.98282	1.3566	558.6	0.011881	4.8307e-05	0.074077	supercritical
697.0	726.0	457.74	0.0021847	689.67	848.28	2.2295	0.98295	1.357	559.59	0.011595	4.8415e-05	0.074202	supercritical
697.0	729.25	459.17	0.0021779	689.41	848.23	2.2284	0.98309	1.3573	560.58	0.011312	4.8523e-05	0.074327	supercritical
697.0	732.5	460.59	0.0021711	689.14	848.18	2.2273	0.98322	1.3577	561.57	0.01103	4.8631e-05	0.074451	supercritical
697.0	735.75	462.01	0.0021644	688.88	848.13	2.2263	0.98336	1.358	562.56	0.010751	4.8739e-05	0.074576	supercritical
697.0	739.0	463.43	0.0021578	688.62	848.08	2.2252	0.98349	1.3583	563.56	0.010473	4.8848e-05	0.0747	supercritical
697.0	742.25	464.84	0.0021513	688.36	848.04	2.2241	0.98362	1.3587	564.55	0.010198	4.8956e-05	0.074824	supercritical
697.0	745.5	466.25	0.0021448	688.1	847.99	2.223	0.98376	1.359	565.54	0.0099241	4.9065e-05	0.074948	supercritical
697.0	748.75	467.65	0.0021384	687.84	847.95	2.222	0.98389	1.3593	566.53	0.0096523	4.9174e-05	0.075072	supercritical
697.0	752.0	469.04	0.002132	687.58	847.91	2.2209	0.98402	1.3597	567.52	0.0093824	4.9283e-05	0.075195	supercritical
697.0	755.25	470.44	0.0021257	687.32	847.87	2.2199	0.98415	1.36	568.51	0.0091143	4.9392e-05	0.075318	supercritical
697.0	758.5	471.82	0.0021194	687.07	847.83	2.2188	0.98429	1.3603	569.5	0.0088482	4.9501e-05	0.075441	supercritical
697.0	761.75	473.21	0.0021132	686.81	847.79	2.2178	0.98442	1.3606	570.49	0.0085838	4.961e-05	0.075564	supercritical
697.0	765.0	474.58	0.0021071	686.56	847.75	2.2168	0.98455	1.3609	571.48	0.0083213	4.9719e-05	0.075687	supercritical
697.0	768.25	475.96	0.002101	686.3	847.71	2.2157	0.98468	1.3612	572.47	0.0080605	4.9828e-05	0.075809	supercritical
697.0	771.5	477.33	0.002095	686.05	847.68	2.2147	0.98481	1.3616	573.46	0.0078016	4.9937e-05	0.075932	supercritical
697.0	774.75	478.69	0.002089	685.8	847.64	2.2137	0.98494	1.3619	574.44	0.0075444	5.0047e-05	0.076054	supercritical
697.0	778.0	480.05	0.0020831	685.55	847.61	2.2126	0.98507	1.3622	575.43	0.007289	5.0156e-05	0.076175	supercritical
697.0	781.25	481.4	0.0020773	685.29	847.58	2.2116	0.9852	1.3625	576.42	0.0070353	5.0266e-05	0.076297	supercritical
697.0	784.5	482.76	0.0020714	685.05	847.55	2.2106	0.98533	1.3628	577.41	0.0067833	5.0376e-05	0.076418	supercritical
697.0	787.75	484.1	0.0020657	684.8	847.52	2.2096	0.98546	1.363	578.4	0.0065331	5.0485e-05	0.07654	supercritical
697.0	791.0	485.44	0.00206	684.55	847.49	2.2086	0.98559	1.3633	579.39	0.0062845	5.0595e-05	0.07666	supercritical
697.0	794.25	486.78	0.0020543	684.3	847.46	2.2076	0.98572	1.3636	580.38	0.0060376	5.0705e-05	0.076781	supercritical
697.0	797.5	488.11	0.0020487	684.05	847.44	2.2066	0.98585	1.3639	581.36	0.0057923	5.0815e-05	0.076902	supercritical
697.0	800.75	489.44	0.0020432	683.81	847.41	2.2056	0.98598	1.3642	582.35	0.0055487	5.0925e-05	0.077022	supercritical
697.0	804.0	490.76	0.0020376	683.56	847.39	2.2046	0.9861	1.3645	583.34	0.0053068	5.1035e-05	0.077142	supercritical
697.0	807.25	492.08	0.0020322	683.32	847.37	2.2037	0.98623	1.3647	584.33	0.0050664	5.1145e-05	0.077262	supercritical
697.0	810.5	493.4	0.0020268	683.08	847.34	2.2027	0.98636	1.365	585.31	0.0048277	5.1256e-05	0.077382	supercritical
697.0	813.75	494.71	0.0020214	682.83	847.32	2.2017	0.98649	1.3653	586.3	0.0045905	5.1366e-05	0.077501	supercritical
697.0	817.0	496.02	0.0020161	682.59	847.3	2.2007	0.98661	1.3655	587.29	0.0043549	5.1476e-05	0.077621	supercritical
697.0	820.25	497.32	0.0020108	682.35	847.28	2.1998	0.98674	1.3658	588.27	0.0041209	5.1587e-05	0.07774	supercritical
697.0	823.5	498.62	0.0020056	682.11	847.27	2.1988	0.98687	1.3661	589.26	0.0038884	5.1697e-05	0.077859	supercritical
697.0	826.75	499.91	0.0020004	681.87	847.25	2.1979	0.98699	1.3663	590.24	0.0036575	5.1808e-05	0.077977	supercritical
697.0	830.0	501.2	0.0019952	681.63	847.23	2.1969	0.98712	1.3666	591.23	0.003428	5.1918e-05	0.078096	supercritical
697.0	833.25	502.48	0.0019901	681.39	847.22	2.1959	0.98725	1.3668	592.21	0.0032001	5.2029e-05	0.078214	supercritical
697.0	836.5	503.76	0.0019851	681.16	847.21	2.195	0.98737	1.3671	593.2	0.0029737	5.214e-05	0.078332	supercritical
697.0	839.75	505.04	0.00198	680.92	847.19	2.1941	0.9875	1.3673	594.18	0.0027488	5.225e-05	0.07845	supercritical
697.0	843.0	506.31	0.0019751	680.68	847.18	2.1931	0.98762	1.3676	595.16	0.0025253	5.2361e-05	0.078567	supercritical
697.0	846.25	507.58	0.0019701	680.45	847.17	2.1922	0.98775	1.3678	596.15	0.0023033	5.2472e-05	0.078685	supercritical
697.0	849.5	508.85	0.0019652	680.21	847.16	2.1913	0.98787	1.3681	597.13	0.0020827	5.2583e-05	0.078802	supercritical
697.0	852.75	510.11	0.0019604	679.98	847.15	2.1903	0.988	1.3683	598.11	0.0018636	5.2694e-05	0.078919	supercritical
697.0	856.0	511.36	0.0019556	679.75	847.14	2.1894	0.98812	1.3685	599.09	0.0016458	5.2805e-05	0.079036	supercritical
697.0	859.25	512.61	0.0019508	679.52	847.14	2.1885	0.98825	1.3688	600.08	0.0014295	5.2916e-05	0.079152	supercritical
697.0	862.5	513.86	0.001946	679.29	847.13	2.1876	0.98837	1.369	601.06	0.0012146	5.3027e-05	0.079268	supercritical
697.0	865.75	515.11	0.0019413	679.05	847.13	2.1866	0.9885	1.3692	602.04	0.0010011	5.3138e-05	0.079385	supercritical
697.0	869.0	516.35	0.0019367	678.83	847.12	2.1857	0.98862	1.3695	603.02	0.00078896	5.3249e-05	0.079501	supercritical
697.0	872.25	517.58	0.0019321	678.6	847.12	2.1848	0.98874	1.3697	604.0	0.00057818	5.3361e-05	0.079616	supercritical
697.0	875.5	518.81	0.0019275	678.37	847.12	2.1839	0.98887	1.3699	604.98	0.00036875	5.3472e-05	0.079732	supercritical
697.0	878.75	520.04	0.0019229	678.14	847.12	2.183	0.98899	1.3701	605.96	0.00016066	5.3583e-05	0.079847	supercritical
697.0	882.0	521.27	0.0019184	677.91	847.12	2.1821	0.98911	1.3703	606.93	-4.6093e-05	5.3695e-05	0.079962	supercritical
697.0	885.25	522.49	0.0019139	677.69	847.12	2.1812	0.98923	1.3706	607.91	-0.00025153	5.3806e-05	0.080077	supercritical
697.0	888.5	523.7	0.0019095	677.46	847.12	2.1804	0.98936	1.3708	608.89	-0.00045565	5.3917e-05	0.080192	supercritical
697.0	891.75	524.92	0.0019051	677.24	847.12	2.1795	0.98948	1.371	609.87	-0.00065848	5.4029e-05	0.080306	supercritical
697.0	895.0	526.13	0.0019007	677.01	847.12	2.1786	0.9896	1.3712	610.84	-0.00086001	5.414e-05	0.080421	supercritical
697.0	898.25	527.33	0.0018963	676.79	847.13	2.1777	0.98972	1.3714	611.82	-0.0010603	5.4252e-05	0.080535	supercritical
697.0	901.5	528.53	0.001892	676.57	847.13	2.1768	0.98984	1.3716	612.79	-0.0012592	5.4363e-05	0.080649	supercritical
697.0	904.75	529.73	0.0018878	676.35	847.14	2.176	0.98997	1.3718	613.77	-0.001457	5.4475e-05	0.080762	supercritical
697.0	908.0	530.92	0.0018835	676.12	847.15	2.1751	0.99009	1.372	614.74	-0.0016535	5.4587e-05	0.080876	supercritical
697.0	911.25	532.11	0.0018793	675.9	847.15	2.1742	0.99021	1.3722	615.72	-0.0018487	5.4698e-05	0.080989	supercritical
697.0	914.5	533.3	0.0018751	675.68	847.16	2.1734	0.99033	1.3724	616.69	-0.0020427	5.481e-05	0.081102	supercritical
697.0	917.75	534.48	0.001871	675.46	847.17	2.1725	0.99045	1.3726	617.66	-0.0022355	5.4921e-05	0.081215	supercritical
697.0	921.0	535.66	0.0018669	675.25	847.18	2.1716	0.99057	1.3728	618.64	-0.002427	5.5033e-05	0.081328	supercritical
697.0	924.25	536.83	0.0018628	675.03	847.19	2.1708	0.99069	1.373	619.61	-0.0026174	5.5145e-05	0.08144	supercritical
697.0	927.5	538.01	0.0018587	674.81	847.21	2.1699	0.99081	1.3731	620.58	-0.0028066	5.5257e-05	0.081553	supercritical
697.0	930.75	539.17	0.0018547	674.59	847.22	2.1691	0.99093	1.3733	621.55	-0.0029946	5.5368e-05	0.081665	supercritical
697.0	934.0	540.34	0.0018507	674.38	847.23	2.1682	0.99105	1.3735	622.52	-0.0031814	5.548e-05	0.081777	supercritical
697.0	937.25	541.5	0.0018467	674.16	847.25	2.1674	0.99117	1.3737	623.49	-0.0033671	5.5592e-05	0.081889	supercritical
697.0	940.5	542.66	0.0018428	673.95	847.26	2.1666	0.99129	1.3739	624.46	-0.0035516	5.5704e-05	0.082	supercritical
697.0	943.75	543.81	0.0018389	673.74	847.28	2.1657	0.99141	1.374	625.43	-0.0037349	5.5816e-05	0.082111	supercritical
697.0	947.0	544.96	0.001835	673.52	847.3	2.1649	0.99153	1.3742	626.4	-0.0039171	5.5928e-05	0.082223	supercritical
697.0	950.25	546.1	0.0018312	673.31	847.31	2.1641	0.99165	1.3744	627.36	-0.0040982	5.6039e-05	0.082334	supercritical
697.0	953.5	547.25	0.0018273	673.1	847.33	2.1632	0.99177	1.3746	628.33	-0.0042781	5.6151e-05	0.082444	supercritical
697.0	956.75	548.39	0.0018235	672.89	847.35	2.1624	0.99189	1.3747	629.3	-0.004457	5.6263e-05	0.082555	supercritical
697.0	960.0	549.52	0.0018198	672.68	847.37	2.1616	0.992	1.3749	630.26	-0.0046347	5.6375e-05	0.082665	supercritical
697.0	963.25	550.65	0.001816	672.47	847.39	2.1608	0.99212	1.3751	631.23	-0.0048113	5.6487e-05	0.082776	supercritical
697.0	966.5	551.78	0.0018123	672.26	847.42	2.16	0.99224	1.3752	632.19	-0.0049869	5.6599e-05	0.082886	supercritical
697.0	969.75	552.91	0.0018086	672.05	847.44	2.1592	0.99236	1.3754	633.15	-0.0051613	5.6711e-05	0.082996	supercritical
697.0	973.0	554.03	0.001805	671.84	847.46	2.1584	0.99248	1.3756	634.12	-0.0053347	5.6823e-05	0.083105	supercritical
697.0	976.25	555.15	0.0018013	671.63	847.49	2.1575	0.99259	1.3757	635.08	-0.005507	5.6935e-05	0.083215	supercritical
697.0	979.5	556.26	0.0017977	671.43	847.51	2.1567	0.99271	1.3759	636.04	-0.0056783	5.7047e-05	0.083324	supercritical
697.0	982.75	557.38	0.0017941	671.22	847.54	2.1559	0.99283	1.376	637.0	-0.0058485	5.7159e-05	0.083433	supercritical
697.0	986.0	558.48	0.0017906	671.01	847.56	2.1551	0.99295	1.3762	637.96	-0.0060177	5.7271e-05	0.083542	supercritical
697.0	989.25	559.59	0.001787	670.81	847.59	2.1543	0.99306	1.3763	638.92	-0.0061858	5.7383e-05	0.083651	supercritical
697.0	992.5	560.69	0.0017835	670.61	847.62	2.1536	0.99318	1.3765	639.88	-0.0063529	5.7495e-05	0.083759	supercritical
697.0	995.75	561.79	0.00178	670.4	847.65	2.1528	0.9933	1.3766	640.84	-0.006519	5.7607e-05	0.083868	supercritical
697.0	999.0	562.88	0.0017766	670.2	847.68	2.152	0.99342	1.3768	641.8	-0.0066841	5.7719e-05	0.083976	supercritical
697.0	1002.2	563.98	0.0017731	670.0	847.71	2.1512	0.99353	1.3769	642.75	-0.0068482	5.7831e-05	0.084084	supercritical
697.0	1005.5	565.07	0.0017697	669.79	847.74	2.1504	0.99365	1.3771	643.71	-0.0070112	5.7943e-05	0.084192	supercritical
697.0	1008.8	566.15	0.0017663	669.59	847.77	2.1496	0.99377	1.3772	644.67	-0.0071733	5.8055e-05	0.0843	supercritical
697.0	1012.0	567.23	0.0017629	669.39	847.8	2.1489	0.99388	1.3774	645.62	-0.0073344	5.8167e-05	0.084407	supercritical
697.0	1015.2	568.31	0.0017596	669.19	847.84	2.1481	0.994	1.3775	646.57	-0.0074946	5.8279e-05	0.084514	supercritical
697.0	1018.5	569.39	0.0017563	668.99	847.87	2.1473	0.99411	1.3776	647.53	-0.0076537	5.8391e-05	0.084622	supercritical
697.0	1021.8	570.46	0.001753	668.79	847.9	2.1465	0.99423	1.3778	648.48	-0.0078119	5.8503e-05	0.084729	supercritical
697.0	1025.0	571.53	0.0017497	668.6	847.94	2.1458	0.99435	1.3779	649.43	-0.0079691	5.8615e-05	0.084835	supercritical
697.0	1028.2	572.6	0.0017464	668.4	847.98	2.145	0.99446	1.3781	650.38	-0.0081254	5.8727e-05	0.084942	supercritical
697.0	1031.5	573.66	0.0017432	668.2	848.01	2.1443	0.99458	1.3782	651.34	-0.0082808	5.884e-05	0.085049	supercritical
697.0	1034.8	574.72	0.00174	668.01	848.05	2.1435	0.99469	1.3783	652.29	-0.0084352	5.8952e-05	0.085155	supercritical
697.0	1038.0	575.78	0.0017368	667.81	848.09	2.1427	0.99481	1.3785	653.24	-0.0085887	5.9064e-05	0.085261	supercritical
697.0	1041.2	576.83	0.0017336	667.61	848.13	2.142	0.99492	1.3786	654.18	-0.0087413	5.9176e-05	0.085367	supercritical
697.0	1044.5	577.88	0.0017305	667.42	848.17	2.1412	0.99504	1.3787	655.13	-0.0088929	5.9288e-05	0.085473	supercritical
697.0	1047.8	578.93	0.0017273	667.23	848.21	2.1405	0.99515	1.3788	656.08	-0.0090437	5.94e-05	0.085579	supercritical
697.0	1051.0	579.97	0.0017242	667.03	848.25	2.1397	0.99527	1.379	657.03	-0.0091936	5.9512e-05	0.085684	supercritical
697.0	1054.2	581.01	0.0017211	666.84	848.29	2.139	0.99538	1.3791	657.97	-0.0093425	5.9624e-05	0.085789	supercritical
697.0	1057.5	582.05	0.0017181	666.65	848.33	2.1383	0.9955	1.3792	658.92	-0.0094906	5.9736e-05	0.085895	supercritical
697.0	1060.8	583.09	0.001715	666.46	848.37	2.1375	0.99561	1.3793	659.86	-0.0096378	5.9848e-05	0.086	supercritical
697.0	1064.0	584.12	0.001712	666.26	848.42	2.1368	0.99572	1.3794	660.8	-0.0097841	5.996e-05	0.086105	supercritical
697.0	1067.2	585.15	0.001709	666.07	848.46	2.136	0.99584	1.3796	661.75	-0.0099296	6.0072e-05	0.086209	supercritical
697.0	1070.5	586.18	0.001706	665.88	848.51	2.1353	0.99595	1.3797	662.69	-0.010074	6.0184e-05	0.086314	supercritical
697.0	1073.8	587.2	0.001703	665.69	848.55	2.1346	0.99607	1.3798	663.63	-0.010218	6.0296e-05	0.086418	supercritical
697.0	1077.0	588.22	0.0017	665.5	848.6	2.1339	0.99618	1.3799	664.57	-0.010361	6.0408e-05	0.086522	supercritical
697.0	1080.2	589.24	0.0016971	665.32	848.65	2.1331	0.99629	1.38	665.51	-0.010503	6.052e-05	0.086626	supercritical
697.0	1083.5	590.25	0.0016942	665.13	848.69	2.1324	0.99641	1.3801	666.45	-0.010644	6.0631e-05	0.08673	supercritical
697.0	1086.8	591.27	0.0016913	664.94	848.74	2.1317	0.99652	1.3803	667.39	-0.010784	6.0743e-05	0.086834	supercritical
697.0	1090.0	592.28	0.0016884	664.75	848.79	2.131	0.99663	1.3804	668.33	-0.010924	6.0855e-05	0.086938	supercritical
697.0	1093.2	593.28	0.0016855	664.57	848.84	2.1303	0.99675	1.3805	669.26	-0.011063	6.0967e-05	0.087041	supercritical
697.0	1096.5	594.29	0.0016827	664.38	848.89	2.1295	0.99686	1.3806	670.2	-0.011201	6.1079e-05	0.087145	supercritical
697.0	1099.8	595.29	0.0016799	664.2	848.94	2.1288	0.99697	1.3807	671.13	-0.011338	6.1191e-05	0.087248	supercritical
697.0	1103.0	596.28	0.0016771	664.01	848.99	2.1281	0.99709	1.3808	672.07	-0.011474	6.1303e-05	0.087351	supercritical
697.0	1106.2	597.28	0.0016743	663.83	849.04	2.1274	0.9972	1.3809	673.0	-0.01161	6.1415e-05	0.087454	supercritical
697.0	1109.5	598.27	0.0016715	663.64	849.09	2.1267	0.99731	1.381	673.94	-0.011744	6.1527e-05	0.087556	supercritical
697.0	1112.8	599.26	0.0016687	663.46	849.15	2.126	0.99742	1.3811	674.87	-0.011878	6.1638e-05	0.087659	supercritical
697.0	1116.0	600.25	0.001666	663.28	849.2	2.1253	0.99754	1.3812	675.8	-0.012011	6.175e-05	0.087761	supercritical
697.0	1119.2	601.23	0.0016633	663.1	849.26	2.1246	0.99765	1.3813	676.73	-0.012144	6.1862e-05	0.087864	supercritical
697.0	1122.5	602.21	0.0016605	662.91	849.31	2.1239	0.99776	1.3814	677.66	-0.012276	6.1974e-05	0.087966	supercritical
697.0	1125.8	603.19	0.0016578	662.73	849.37	2.1232	0.99787	1.3815	678.59	-0.012406	6.2086e-05	0.088068	supercritical
697.0	1129.0	604.17	0.0016552	662.55	849.42	2.1225	0.99799	1.3816	679.52	-0.012537	6.2197e-05	0.08817	supercritical
697.0	1132.2	605.14	0.0016525	662.37	849.48	2.1218	0.9981	1.3817	680.45	-0.012666	6.2309e-05	0.088272	supercritical
697.0	1135.5	606.11	0.0016499	662.19	849.54	2.1212	0.99821	1.3818	681.37	-0.012795	6.2421e-05	0.088373	supercritical
697.0	1138.8	607.08	0.0016472	662.01	849.59	2.1205	0.99832	1.3819	682.3	-0.012922	6.2532e-05	0.088475	supercritical
697.0	1142.0	608.04	0.0016446	661.84	849.65	2.1198	0.99843	1.382	683.22	-0.01305	6.2644e-05	0.088576	supercritical
697.0	1145.2	609.01	0.001642	661.66	849.71	2.1191	0.99855	1.3821	684.15	-0.013176	6.2756e-05	0.088677	supercritical
697.0	1148.5	609.97	0.0016394	661.48	849.77	2.1184	0.99866	1.3822	685.07	-0.013302	6.2867e-05	0.088778	supercritical
697.0	1151.8	610.92	0.0016369	661.3	849.83	2.1177	0.99877	1.3823	686.0	-0.013427	6.2979e-05	0.088879	supercritical
697.0	1155.0	611.88	0.0016343	661.13	849.89	2.1171	0.99888	1.3824	686.92	-0.013551	6.3091e-05	0.08898	supercritical
697.0	1158.2	612.83	0.0016318	660.95	849.95	2.1164	0.99899	1.3824	687.84	-0.013675	6.3202e-05	0.089081	supercritical
697.0	1161.5	613.78	0.0016293	660.78	850.01	2.1157	0.9991	1.3825	688.76	-0.013798	6.3314e-05	0.089181	supercritical
697.0	1164.8	614.72	0.0016267	660.6	850.08	2.1151	0.99921	1.3826	689.68	-0.01392	6.3425e-05	0.089282	supercritical
697.0	1168.0	615.67	0.0016242	660.43	850.14	2.1144	0.99932	1.3827	690.6	-0.014041	6.3537e-05	0.089382	supercritical
697.0	1171.2	616.61	0.0016218	660.25	850.2	2.1137	0.99943	1.3828	691.52	-0.014162	6.3648e-05	0.089482	supercritical
697.0	1174.5	617.55	0.0016193	660.08	850.27	2.1131	0.99955	1.3829	692.44	-0.014282	6.376e-05	0.089582	supercritical
697.0	1177.8	618.49	0.0016169	659.91	850.33	2.1124	0.99966	1.383	693.35	-0.014402	6.3871e-05	0.089682	supercritical
697.0	1181.0	619.42	0.0016144	659.73	850.4	2.1117	0.99977	1.383	694.27	-0.01452	6.3982e-05	0.089782	supercritical
697.0	1184.2	620.35	0.001612	659.56	850.46	2.1111	0.99988	1.3831	695.18	-0.014639	6.4094e-05	0.089881	supercritical
697.0	1187.5	621.28	0.0016096	659.39	850.53	2.1104	0.99999	1.3832	696.1	-0.014756	6.4205e-05	0.089981	supercritical
697.0	1190.8	622.21	0.0016072	659.22	850.59	2.1098	1.0001	1.3833	697.01	-0.014873	6.4317e-05	0.09008	supercritical
697.0	1194.0	623.13	0.0016048	659.05	850.66	2.1091	1.0002	1.3834	697.92	-0.014989	6.4428e-05	0.09018	supercritical
697.0	1197.2	624.05	0.0016024	658.88	850.73	2.1085	1.0003	1.3834	698.84	-0.015105	6.4539e-05	0.090279	supercritical
697.0	1200.5	624.97	0.0016001	658.71	850.8	2.1078	1.0004	1.3835	699.75	-0.015219	6.465e-05	0.090378	supercritical
697.0	1203.8	625.89	0.0015977	658.54	850.87	2.1072	1.0005	1.3836	700.66	-0.015334	6.4762e-05	0.090477	supercritical
697.0	1207.0	626.8	0.0015954	658.37	850.93	2.1065	1.0006	1.3837	701.57	-0.015447	6.4873e-05	0.090575	supercritical
697.0	1210.2	627.71	0.0015931	658.2	851.0	2.1059	1.0008	1.3837	702.48	-0.01556	6.4984e-05	0.090674	supercritical
697.0	1213.5	628.62	0.0015908	658.03	851.07	2.1052	1.0009	1.3838	703.39	-0.015673	6.5095e-05	0.090773	supercritical
697.0	1216.8	629.53	0.0015885	657.87	851.15	2.1046	1.001	1.3839	704.29	-0.015784	6.5206e-05	0.090871	supercritical
697.0	1220.0	630.44	0.0015862	657.7	851.22	2.104	1.0011	1.384	705.2	-0.015896	6.5318e-05	0.090969	supercritical
697.0	1223.2	631.34	0.0015839	657.53	851.29	2.1033	1.0012	1.384	706.11	-0.016006	6.5429e-05	0.091068	supercritical
697.0	1226.5	632.24	0.0015817	657.37	851.36	2.1027	1.0013	1.3841	707.01	-0.016116	6.554e-05	0.091166	supercritical
697.0	1229.8	633.14	0.0015794	657.2	851.43	2.1021	1.0014	1.3842	707.91	-0.016225	6.5651e-05	0.091264	supercritical
697.0	1233.0	634.03	0.0015772	657.04	851.51	2.1014	1.0015	1.3842	708.82	-0.016334	6.5762e-05	0.091362	supercritical
697.0	1236.2	634.92	0.001575	656.87	851.58	2.1008	1.0016	1.3843	709.72	-0.016442	6.5873e-05	0.091459	supercritical
697.0	1239.5	635.81	0.0015728	656.71	851.65	2.1002	1.0017	1.3844	710.62	-0.01655	6.5984e-05	0.091557	supercritical
697.0	1242.8	636.7	0.0015706	656.54	851.73	2.0995	1.0019	1.3845	711.52	-0.016657	6.6095e-05	0.091655	supercritical
697.0	1246.0	637.59	0.0015684	656.38	851.8	2.0989	1.002	1.3845	712.42	-0.016763	6.6206e-05	0.091752	supercritical
697.0	1249.2	638.47	0.0015662	656.22	851.88	2.0983	1.0021	1.3846	713.32	-0.016869	6.6316e-05	0.091849	supercritical
697.0	1252.5	639.35	0.0015641	656.06	851.96	2.0977	1.0022	1.3847	714.22	-0.016974	6.6427e-05	0.091947	supercritical
697.0	1255.8	640.23	0.0015619	655.89	852.03	2.0971	1.0023	1.3847	715.12	-0.017079	6.6538e-05	0.092044	supercritical
697.0	1259.0	641.11	0.0015598	655.73	852.11	2.0964	1.0024	1.3848	716.02	-0.017183	6.6649e-05	0.092141	supercritical
697.0	1262.2	641.98	0.0015577	655.57	852.19	2.0958	1.0025	1.3848	716.91	-0.017287	6.676e-05	0.092238	supercritical
697.0	1265.5	642.86	0.0015556	655.41	852.27	2.0952	1.0026	1.3849	717.81	-0.01739	6.687e-05	0.092334	supercritical
697.0	1268.8	643.73	0.0015535	655.25	852.34	2.0946	1.0027	1.385	718.71	-0.017492	6.6981e-05	0.092431	supercritical
697.0	1272.0	644.59	0.0015514	655.09	852.42	2.094	1.0028	1.385	719.6	-0.017594	6.7092e-05	0.092528	supercritical
697.0	1275.2	645.46	0.0015493	654.93	852.5	2.0934	1.0029	1.3851	720.49	-0.017695	6.7202e-05	0.092624	supercritical
697.0	1278.5	646.32	0.0015472	654.77	852.58	2.0928	1.003	1.3852	721.39	-0.017796	6.7313e-05	0.092721	supercritical
697.0	1281.8	647.19	0.0015452	654.61	852.66	2.0922	1.0032	1.3852	722.28	-0.017896	6.7424e-05	0.092817	supercritical
697.0	1285.0	648.04	0.0015431	654.45	852.74	2.0916	1.0033	1.3853	723.17	-0.017996	6.7534e-05	0.092913	supercritical
697.0	1288.2	648.9	0.0015411	654.3	852.82	2.091	1.0034	1.3853	724.06	-0.018095	6.7645e-05	0.093009	supercritical
697.0	1291.5	649.76	0.001539	654.14	852.91	2.0904	1.0035	1.3854	724.95	-0.018194	6.7755e-05	0.093105	supercritical
697.0	1294.8	650.61	0.001537	653.98	852.99	2.0898	1.0036	1.3854	725.84	-0.018292	6.7866e-05	0.093201	supercritical
697.0	1298.0	651.46	0.001535	653.83	853.07	2.0892	1.0037	1.3855	726.72	-0.01839	6.7976e-05	0.093297	supercritical
697.0	1301.2	652.31	0.001533	653.67	853.15	2.0886	1.0038	1.3856	727.61	-0.018487	6.8086e-05	0.093393	supercritical
697.0	1304.5	653.15	0.001531	653.51	853.24	2.088	1.0039	1.3856	728.5	-0.018584	6.8197e-05	0.093488	supercritical
697.0	1307.8	654.0	0.0015291	653.36	853.32	2.0874	1.004	1.3857	729.38	-0.01868	6.8307e-05	0.093584	supercritical
697.0	1311.0	654.84	0.0015271	653.2	853.41	2.0868	1.0041	1.3857	730.27	-0.018776	6.8417e-05	0.093679	supercritical
697.0	1314.2	655.68	0.0015251	653.05	853.49	2.0862	1.0042	1.3858	731.15	-0.018871	6.8528e-05	0.093775	supercritical
697.0	1317.5	656.52	0.0015232	652.9	853.58	2.0856	1.0043	1.3858	732.04	-0.018966	6.8638e-05	0.09387	supercritical
697.0	1320.8	657.35	0.0015213	652.74	853.66	2.085	1.0045	1.3859	732.92	-0.01906	6.8748e-05	0.093965	supercritical
697.0	1324.0	658.19	0.0015193	652.59	853.75	2.0844	1.0046	1.3859	733.8	-0.019154	6.8858e-05	0.09406	supercritical
697.0	1327.2	659.02	0.0015174	652.44	853.83	2.0838	1.0047	1.386	734.68	-0.019247	6.8968e-05	0.094155	supercritical
697.0	1330.5	659.85	0.0015155	652.28	853.92	2.0833	1.0048	1.386	735.56	-0.01934	6.9078e-05	0.09425	supercritical
697.0	1333.8	660.68	0.0015136	652.13	854.01	2.0827	1.0049	1.3861	736.44	-0.019432	6.9188e-05	0.094345	supercritical
697.0	1337.0	661.5	0.0015117	651.98	854.1	2.0821	1.005	1.3861	737.32	-0.019524	6.9298e-05	0.09444	supercritical
697.0	1340.2	662.33	0.0015098	651.83	854.18	2.0815	1.0051	1.3862	738.2	-0.019615	6.9408e-05	0.094534	supercritical
697.0	1343.5	663.15	0.001508	651.68	854.27	2.081	1.0052	1.3862	739.08	-0.019706	6.9518e-05	0.094629	supercritical
697.0	1346.8	663.97	0.0015061	651.53	854.36	2.0804	1.0053	1.3863	739.95	-0.019796	6.9628e-05	0.094723	supercritical
697.0	1350.0	664.78	0.0015042	651.38	854.45	2.0798	1.0054	1.3863	740.83	-0.019886	6.9738e-05	0.094818	supercritical
697.0	1353.2	665.6	0.0015024	651.23	854.54	2.0792	1.0055	1.3864	741.7	-0.019976	6.9848e-05	0.094912	supercritical
697.0	1356.5	666.41	0.0015006	651.08	854.63	2.0787	1.0056	1.3864	742.58	-0.020065	6.9958e-05	0.095006	supercritical
697.0	1359.8	667.22	0.0014987	650.93	854.72	2.0781	1.0057	1.3865	743.45	-0.020153	7.0068e-05	0.0951	supercritical
697.0	1363.0	668.03	0.0014969	650.78	854.81	2.0775	1.0058	1.3865	744.32	-0.020241	7.0177e-05	0.095195	supercritical
697.0	1366.2	668.84	0.0014951	650.63	854.9	2.077	1.006	1.3866	745.19	-0.020329	7.0287e-05	0.095289	supercritical
697.0	1369.5	669.65	0.0014933	650.49	855.0	2.0764	1.0061	1.3866	746.06	-0.020416	7.0397e-05	0.095382	supercritical
697.0	1372.8	670.45	0.0014915	650.34	855.09	2.0758	1.0062	1.3867	746.93	-0.020503	7.0506e-05	0.095476	supercritical
697.0	1376.0	671.25	0.0014897	650.19	855.18	2.0753	1.0063	1.3867	747.8	-0.020589	7.0616e-05	0.09557	supercritical
697.0	1379.2	672.05	0.001488	650.04	855.27	2.0747	1.0064	1.3867	748.67	-0.020675	7.0726e-05	0.095664	supercritical
697.0	1382.5	672.85	0.0014862	649.9	855.37	2.0741	1.0065	1.3868	749.54	-0.020761	7.0835e-05	0.095757	supercritical
697.0	1385.8	673.65	0.0014845	649.75	855.46	2.0736	1.0066	1.3868	750.41	-0.020846	7.0945e-05	0.095851	supercritical
697.0	1389.0	674.44	0.0014827	649.61	855.56	2.073	1.0067	1.3869	751.27	-0.020931	7.1054e-05	0.095944	supercritical
697.0	1392.2	675.23	0.001481	649.46	855.65	2.0725	1.0068	1.3869	752.14	-0.021015	7.1163e-05	0.096038	supercritical
697.0	1395.5	676.02	0.0014792	649.32	855.74	2.0719	1.0069	1.3869	753.01	-0.021099	7.1273e-05	0.096131	supercritical
697.0	1398.8	676.81	0.0014775	649.17	855.84	2.0714	1.007	1.387	753.87	-0.021182	7.1382e-05	0.096224	supercritical
697.0	1402.0	677.6	0.0014758	649.03	855.94	2.0708	1.0071	1.387	754.73	-0.021265	7.1492e-05	0.096317	supercritical
697.0	1405.2	678.38	0.0014741	648.89	856.03	2.0703	1.0072	1.3871	755.6	-0.021348	7.1601e-05	0.09641	supercritical
697.0	1408.5	679.17	0.0014724	648.74	856.13	2.0697	1.0073	1.3871	756.46	-0.02143	7.171e-05	0.096503	supercritical
697.0	1411.8	679.95	0.0014707	648.6	856.22	2.0692	1.0074	1.3871	757.32	-0.021512	7.1819e-05	0.096596	supercritical
697.0	1415.0	680.73	0.001469	648.46	856.32	2.0686	1.0075	1.3872	758.18	-0.021593	7.1928e-05	0.096689	supercritical
697.0	1418.2	681.51	0.0014673	648.31	856.42	2.0681	1.0076	1.3872	759.04	-0.021674	7.2038e-05	0.096782	supercritical
697.0	1421.5	682.28	0.0014657	648.17	856.52	2.0675	1.0078	1.3873	759.9	-0.021754	7.2147e-05	0.096875	supercritical
697.0	1424.8	683.06	0.001464	648.03	856.62	2.067	1.0079	1.3873	760.76	-0.021835	7.2256e-05	0.096968	supercritical
697.0	1428.0	683.83	0.0014624	647.89	856.71	2.0665	1.008	1.3873	761.61	-0.021914	7.2365e-05	0.09706	supercritical
697.0	1431.2	684.6	0.0014607	647.75	856.81	2.0659	1.0081	1.3874	762.47	-0.021994	7.2474e-05	0.097153	supercritical
697.0	1434.5	685.37	0.0014591	647.61	856.91	2.0654	1.0082	1.3874	763.33	-0.022073	7.2583e-05	0.097245	supercritical
697.0	1437.8	686.13	0.0014574	647.47	857.01	2.0648	1.0083	1.3874	764.18	-0.022151	7.2692e-05	0.097338	supercritical
697.0	1441.0	686.9	0.0014558	647.33	857.11	2.0643	1.0084	1.3875	765.03	-0.02223	7.2801e-05	0.09743	supercritical
697.0	1444.2	687.66	0.0014542	647.19	857.21	2.0638	1.0085	1.3875	765.89	-0.022307	7.2909e-05	0.097522	supercritical
697.0	1447.5	688.42	0.0014526	647.05	857.31	2.0632	1.0086	1.3875	766.74	-0.022385	7.3018e-05	0.097614	supercritical
697.0	1450.8	689.18	0.001451	646.91	857.41	2.0627	1.0087	1.3876	767.59	-0.022462	7.3127e-05	0.097706	supercritical
697.0	1454.0	689.94	0.0014494	646.77	857.52	2.0622	1.0088	1.3876	768.44	-0.022539	7.3236e-05	0.097799	supercritical
697.0	1457.2	690.7	0.0014478	646.64	857.62	2.0616	1.0089	1.3876	769.29	-0.022615	7.3344e-05	0.097891	supercritical
697.0	1460.5	691.45	0.0014462	646.5	857.72	2.0611	1.009	1.3877	770.14	-0.022691	7.3453e-05	0.097983	supercritical
697.0	1463.8	692.2	0.0014447	646.36	857.82	2.0606	1.0091	1.3877	770.99	-0.022767	7.3562e-05	0.098074	supercritical
697.0	1467.0	692.95	0.0014431	646.22	857.93	2.0601	1.0092	1.3877	771.84	-0.022842	7.367e-05	0.098166	supercritical
697.0	1470.2	693.7	0.0014415	646.09	858.03	2.0595	1.0093	1.3878	772.69	-0.022917	7.3779e-05	0.098258	supercritical
697.0	1473.5	694.45	0.00144	645.95	858.13	2.059	1.0094	1.3878	773.54	-0.022991	7.3887e-05	0.09835	supercritical
697.0	1476.8	695.2	0.0014384	645.81	858.24	2.0585	1.0095	1.3878	774.38	-0.023065	7.3996e-05	0.098441	supercritical
697.0	1480.0	695.94	0.0014369	645.68	858.34	2.058	1.0096	1.3879	775.23	-0.023139	7.4104e-05	0.098533	supercritical
697.0	1483.2	696.68	0.0014354	645.54	858.44	2.0575	1.0098	1.3879	776.07	-0.023213	7.4212e-05	0.098625	supercritical
697.0	1486.5	697.42	0.0014338	645.41	858.55	2.0569	1.0099	1.3879	776.92	-0.023286	7.4321e-05	0.098716	supercritical
697.0	1489.8	698.16	0.0014323	645.27	858.65	2.0564	1.01	1.388	777.76	-0.023359	7.4429e-05	0.098807	supercritical
697.0	1493.0	698.9	0.0014308	645.14	858.76	2.0559	1.0101	1.388	778.6	-0.023431	7.4537e-05	0.098899	supercritical
697.0	1496.2	699.64	0.0014293	645.01	858.87	2.0554	1.0102	1.388	779.44	-0.023503	7.4646e-05	0.09899	supercritical
697.0	1499.5	700.37	0.0014278	644.87	858.97	2.0549	1.0103	1.388	780.28	-0.023575	7.4754e-05	0.099081	supercritical
697.0	1502.8	701.1	0.0014263	644.74	859.08	2.0544	1.0104	1.3881	781.12	-0.023646	7.4862e-05	0.099173	supercritical
697.0	1506.0	701.83	0.0014248	644.61	859.19	2.0538	1.0105	1.3881	781.96	-0.023717	7.497e-05	0.099264	supercritical
697.0	1509.2	702.56	0.0014234	644.47	859.29	2.0533	1.0106	1.3881	782.8	-0.023788	7.5078e-05	0.099355	supercritical
697.0	1512.5	703.29	0.0014219	644.34	859.4	2.0528	1.0107	1.3881	783.64	-0.023858	7.5186e-05	0.099446	supercritical
697.0	1515.8	704.02	0.0014204	644.21	859.51	2.0523	1.0108	1.3882	784.47	-0.023928	7.5294e-05	0.099537	supercritical
697.0	1519.0	704.74	0.001419	644.08	859.62	2.0518	1.0109	1.3882	785.31	-0.023998	7.5402e-05	0.099628	supercritical
697.0	1522.2	705.47	0.0014175	643.95	859.72	2.0513	1.011	1.3882	786.15	-0.024067	7.551e-05	0.099719	supercritical
697.0	1525.5	706.19	0.0014161	643.81	859.83	2.0508	1.0111	1.3883	786.98	-0.024136	7.5618e-05	0.09981	supercritical
697.0	1528.8	706.91	0.0014146	643.68	859.94	2.0503	1.0112	1.3883	787.82	-0.024205	7.5726e-05	0.0999	supercritical
697.0	1532.0	707.62	0.0014132	643.55	860.05	2.0498	1.0113	1.3883	788.65	-0.024274	7.5834e-05	0.099991	supercritical
697.0	1535.2	708.34	0.0014117	643.42	860.16	2.0493	1.0114	1.3883	789.48	-0.024342	7.5941e-05	0.10008	supercritical
697.0	1538.5	709.06	0.0014103	643.29	860.27	2.0488	1.0115	1.3884	790.31	-0.024409	7.6049e-05	0.10017	supercritical
697.0	1541.8	709.77	0.0014089	643.16	860.38	2.0483	1.0116	1.3884	791.14	-0.024477	7.6157e-05	0.10026	supercritical
697.0	1545.0	710.48	0.0014075	643.03	860.49	2.0478	1.0117	1.3884	791.97	-0.024544	7.6264e-05	0.10035	supercritical
697.0	1548.2	711.19	0.0014061	642.91	860.6	2.0473	1.0118	1.3884	792.8	-0.024611	7.6372e-05	0.10044	supercritical
697.0	1551.5	711.9	0.0014047	642.78	860.71	2.0468	1.0119	1.3884	793.63	-0.024677	7.648e-05	0.10053	supercritical
697.0	1554.8	712.61	0.0014033	642.65	860.83	2.0463	1.012	1.3885	794.46	-0.024743	7.6587e-05	0.10063	supercritical
697.0	1558.0	713.31	0.0014019	642.52	860.94	2.0458	1.0122	1.3885	795.29	-0.024809	7.6695e-05	0.10072	supercritical
697.0	1561.2	714.02	0.0014005	642.39	861.05	2.0453	1.0123	1.3885	796.11	-0.024875	7.6802e-05	0.10081	supercritical
697.0	1564.5	714.72	0.0013991	642.27	861.16	2.0448	1.0124	1.3885	796.94	-0.02494	7.6909e-05	0.1009	supercritical
697.0	1567.8	715.42	0.0013978	642.14	861.28	2.0443	1.0125	1.3886	797.76	-0.025005	7.7017e-05	0.10099	supercritical
697.0	1571.0	716.12	0.0013964	642.01	861.39	2.0439	1.0126	1.3886	798.59	-0.02507	7.7124e-05	0.10108	supercritical
697.0	1574.2	716.82	0.0013951	641.89	861.5	2.0434	1.0127	1.3886	799.41	-0.025134	7.7232e-05	0.10117	supercritical
697.0	1577.5	717.52	0.0013937	641.76	861.61	2.0429	1.0128	1.3886	800.23	-0.025198	7.7339e-05	0.10126	supercritical
697.0	1580.8	718.21	0.0013923	641.63	861.73	2.0424	1.0129	1.3886	801.06	-0.025262	7.7446e-05	0.10135	supercritical
697.0	1584.0	718.9	0.001391	641.51	861.84	2.0419	1.013	1.3887	801.88	-0.025325	7.7553e-05	0.10144	supercritical
697.0	1587.2	719.6	0.0013897	641.38	861.96	2.0414	1.0131	1.3887	802.7	-0.025388	7.766e-05	0.10153	supercritical
697.0	1590.5	720.29	0.0013883	641.26	862.07	2.0409	1.0132	1.3887	803.52	-0.025451	7.7767e-05	0.10162	supercritical
697.0	1593.8	720.98	0.001387	641.13	862.19	2.0405	1.0133	1.3887	804.34	-0.025514	7.7874e-05	0.10171	supercritical
697.0	1597.0	721.66	0.0013857	641.01	862.3	2.04	1.0134	1.3887	805.15	-0.025576	7.7981e-05	0.1018	supercritical
697.0	1600.2	722.35	0.0013844	640.88	862.42	2.0395	1.0135	1.3888	805.97	-0.025638	7.8088e-05	0.10189	supercritical
697.0	1603.5	723.03	0.0013831	640.76	862.53	2.039	1.0136	1.3888	806.79	-0.0257	7.8195e-05	0.10198	supercritical
697.0	1606.8	723.72	0.0013818	640.64	862.65	2.0385	1.0137	1.3888	807.6	-0.025761	7.8302e-05	0.10207	supercritical
697.0	1610.0	724.4	0.0013805	640.51	862.77	2.0381	1.0138	1.3888	808.42	-0.025822	7.8409e-05	0.10216	supercritical
697.0	1613.2	725.08	0.0013792	640.39	862.88	2.0376	1.0139	1.3888	809.23	-0.025883	7.8516e-05	0.10225	supercritical
697.0	1616.5	725.76	0.0013779	640.27	863.0	2.0371	1.014	1.3889	810.05	-0.025944	7.8623e-05	0.10234	supercritical
697.0	1619.8	726.44	0.0013766	640.15	863.12	2.0366	1.0141	1.3889	810.86	-0.026004	7.873e-05	0.10242	supercritical
697.0	1623.0	727.11	0.0013753	640.02	863.23	2.0362	1.0142	1.3889	811.67	-0.026064	7.8836e-05	0.10251	supercritical
697.0	1626.2	727.79	0.001374	639.9	863.35	2.0357	1.0143	1.3889	812.48	-0.026124	7.8943e-05	0.1026	supercritical
697.0	1629.5	728.46	0.0013728	639.78	863.47	2.0352	1.0144	1.3889	813.3	-0.026183	7.905e-05	0.10269	supercritical
697.0	1632.8	729.13	0.0013715	639.66	863.59	2.0348	1.0145	1.389	814.11	-0.026243	7.9156e-05	0.10278	supercritical
697.0	1636.0	729.8	0.0013702	639.54	863.71	2.0343	1.0146	1.389	814.91	-0.026302	7.9263e-05	0.10287	supercritical
697.0	1639.2	730.47	0.001369	639.42	863.83	2.0338	1.0147	1.389	815.72	-0.02636	7.9369e-05	0.10296	supercritical
697.0	1642.5	731.14	0.0013677	639.3	863.95	2.0333	1.0148	1.389	816.53	-0.026419	7.9476e-05	0.10305	supercritical
697.0	1645.8	731.81	0.0013665	639.18	864.06	2.0329	1.0149	1.389	817.34	-0.026477	7.9582e-05	0.10314	supercritical
697.0	1649.0	732.47	0.0013652	639.06	864.18	2.0324	1.015	1.389	818.14	-0.026535	7.9689e-05	0.10323	supercritical
697.0	1652.2	733.14	0.001364	638.94	864.3	2.032	1.0151	1.3891	818.95	-0.026592	7.9795e-05	0.10332	supercritical
697.0	1655.5	733.8	0.0013628	638.82	864.42	2.0315	1.0152	1.3891	819.75	-0.026649	7.9901e-05	0.10341	supercritical
697.0	1658.8	734.46	0.0013615	638.7	864.55	2.031	1.0153	1.3891	820.56	-0.026707	8.0007e-05	0.1035	supercritical
697.0	1662.0	735.12	0.0013603	638.58	864.67	2.0306	1.0154	1.3891	821.36	-0.026763	8.0114e-05	0.10359	supercritical
697.0	1665.2	735.78	0.0013591	638.46	864.79	2.0301	1.0156	1.3891	822.16	-0.02682	8.022e-05	0.10368	supercritical
697.0	1668.5	736.44	0.0013579	638.34	864.91	2.0296	1.0157	1.3891	822.96	-0.026876	8.0326e-05	0.10376	supercritical
697.0	1671.8	737.09	0.0013567	638.23	865.03	2.0292	1.0158	1.3892	823.77	-0.026932	8.0432e-05	0.10385	supercritical
697.0	1675.0	737.75	0.0013555	638.11	865.15	2.0287	1.0159	1.3892	824.57	-0.026988	8.0538e-05	0.10394	supercritical
697.0	1678.2	738.4	0.0013543	637.99	865.27	2.0283	1.016	1.3892	825.37	-0.027043	8.0644e-05	0.10403	supercritical
697.0	1681.5	739.05	0.0013531	637.87	865.4	2.0278	1.0161	1.3892	826.16	-0.027099	8.075e-05	0.10412	supercritical
697.0	1684.8	739.7	0.0013519	637.76	865.52	2.0274	1.0162	1.3892	826.96	-0.027154	8.0856e-05	0.10421	supercritical
697.0	1688.0	740.35	0.0013507	637.64	865.64	2.0269	1.0163	1.3892	827.76	-0.027208	8.0962e-05	0.1043	supercritical
697.0	1691.2	741.0	0.0013495	637.52	865.76	2.0265	1.0164	1.3892	828.56	-0.027263	8.1068e-05	0.10439	supercritical
697.0	1694.5	741.64	0.0013484	637.41	865.89	2.026	1.0165	1.3893	829.35	-0.027317	8.1174e-05	0.10448	supercritical
697.0	1697.8	742.29	0.0013472	637.29	866.01	2.0256	1.0166	1.3893	830.15	-0.027371	8.128e-05	0.10457	supercritical
697.0	1701.0	742.93	0.001346	637.18	866.13	2.0251	1.0167	1.3893	830.94	-0.027425	8.1386e-05	0.10465	supercritical
697.0	1704.2	743.58	0.0013449	637.06	866.26	2.0247	1.0168	1.3893	831.73	-0.027479	8.1491e-05	0.10474	supercritical
697.0	1707.5	744.22	0.0013437	636.95	866.38	2.0242	1.0169	1.3893	832.53	-0.027532	8.1597e-05	0.10483	supercritical
697.0	1710.8	744.86	0.0013425	636.83	866.51	2.0238	1.017	1.3893	833.32	-0.027585	8.1703e-05	0.10492	supercritical
697.0	1714.0	745.5	0.0013414	636.72	866.63	2.0233	1.0171	1.3893	834.11	-0.027638	8.1808e-05	0.10501	supercritical
697.0	1717.2	746.13	0.0013402	636.6	866.76	2.0229	1.0172	1.3894	834.9	-0.02769	8.1914e-05	0.1051	supercritical
697.0	1720.5	746.77	0.0013391	636.49	866.88	2.0224	1.0173	1.3894	835.69	-0.027742	8.2019e-05	0.10519	supercritical
697.0	1723.8	747.4	0.001338	636.38	867.01	2.022	1.0174	1.3894	836.48	-0.027795	8.2125e-05	0.10528	supercritical
697.0	1727.0	748.04	0.0013368	636.26	867.13	2.0215	1.0175	1.3894	837.27	-0.027846	8.223e-05	0.10536	supercritical
697.0	1730.2	748.67	0.0013357	636.15	867.26	2.0211	1.0176	1.3894	838.06	-0.027898	8.2336e-05	0.10545	supercritical
697.0	1733.5	749.3	0.0013346	636.04	867.38	2.0206	1.0177	1.3894	838.84	-0.027949	8.2441e-05	0.10554	supercritical
697.0	1736.8	749.93	0.0013335	635.92	867.51	2.0202	1.0178	1.3894	839.63	-0.028001	8.2547e-05	0.10563	supercritical
697.0	1740.0	750.56	0.0013323	635.81	867.64	2.0198	1.0179	1.3894	840.41	-0.028051	8.2652e-05	0.10572	supercritical
697.0	1743.2	751.19	0.0013312	635.7	867.76	2.0193	1.018	1.3895	841.2	-0.028102	8.2757e-05	0.10581	supercritical
697.0	1746.5	751.81	0.0013301	635.59	867.89	2.0189	1.0181	1.3895	841.98	-0.028153	8.2862e-05	0.1059	supercritical
697.0	1749.8	752.44	0.001329	635.47	868.02	2.0185	1.0182	1.3895	842.76	-0.028203	8.2968e-05	0.10598	supercritical
697.0	1753.0	753.06	0.0013279	635.36	868.15	2.018	1.0183	1.3895	843.55	-0.028253	8.3073e-05	0.10607	supercritical
697.0	1756.2	753.69	0.0013268	635.25	868.27	2.0176	1.0184	1.3895	844.33	-0.028303	8.3178e-05	0.10616	supercritical
697.0	1759.5	754.31	0.0013257	635.14	868.4	2.0171	1.0185	1.3895	845.11	-0.028352	8.3283e-05	0.10625	supercritical
697.0	1762.8	754.93	0.0013246	635.03	868.53	2.0167	1.0186	1.3895	845.89	-0.028402	8.3388e-05	0.10634	supercritical
697.0	1766.0	755.55	0.0013235	634.92	868.66	2.0163	1.0187	1.3895	846.67	-0.028451	8.3493e-05	0.10643	supercritical
697.0	1769.2	756.16	0.0013225	634.81	868.79	2.0158	1.0188	1.3896	847.45	-0.0285	8.3598e-05	0.10651	supercritical
697.0	1772.5	756.78	0.0013214	634.7	868.92	2.0154	1.0189	1.3896	848.23	-0.028548	8.3703e-05	0.1066	supercritical
697.0	1775.8	757.4	0.0013203	634.59	869.04	2.015	1.019	1.3896	849.0	-0.028597	8.3808e-05	0.10669	supercritical
697.0	1779.0	758.01	0.0013192	634.48	869.17	2.0146	1.0191	1.3896	849.78	-0.028645	8.3913e-05	0.10678	supercritical
697.0	1782.2	758.62	0.0013182	634.37	869.3	2.0141	1.0192	1.3896	850.55	-0.028693	8.4018e-05	0.10687	supercritical
697.0	1785.5	759.24	0.0013171	634.26	869.43	2.0137	1.0193	1.3896	851.33	-0.028741	8.4122e-05	0.10696	supercritical
697.0	1788.8	759.85	0.0013161	634.15	869.56	2.0133	1.0194	1.3896	852.1	-0.028788	8.4227e-05	0.10704	supercritical
697.0	1792.0	760.46	0.001315	634.04	869.69	2.0128	1.0195	1.3896	852.88	-0.028836	8.4332e-05	0.10713	supercritical
697.0	1795.2	761.06	0.0013139	633.94	869.82	2.0124	1.0196	1.3897	853.65	-0.028883	8.4436e-05	0.10722	supercritical
697.0	1798.5	761.67	0.0013129	633.83	869.95	2.012	1.0197	1.3897	854.42	-0.02893	8.4541e-05	0.10731	supercritical
697.0	1801.8	762.28	0.0013119	633.72	870.08	2.0116	1.0198	1.3897	855.19	-0.028976	8.4646e-05	0.1074	supercritical
697.0	1805.0	762.88	0.0013108	633.61	870.22	2.0111	1.0199	1.3897	855.96	-0.029023	8.475e-05	0.10748	supercritical
697.0	1808.2	763.49	0.0013098	633.51	870.35	2.0107	1.02	1.3897	856.73	-0.029069	8.4855e-05	0.10757	supercritical
697.0	1811.5	764.09	0.0013087	633.4	870.48	2.0103	1.0201	1.3897	857.5	-0.029115	8.4959e-05	0.10766	supercritical
697.0	1814.8	764.69	0.0013077	633.29	870.61	2.0099	1.0202	1.3897	858.27	-0.029161	8.5064e-05	0.10775	supercritical
697.0	1818.0	765.29	0.0013067	633.18	870.74	2.0095	1.0203	1.3897	859.04	-0.029207	8.5168e-05	0.10784	supercritical
697.0	1821.2	765.89	0.0013057	633.08	870.87	2.009	1.0204	1.3897	859.8	-0.029253	8.5273e-05	0.10793	supercritical
697.0	1824.5	766.49	0.0013047	632.97	871.01	2.0086	1.0205	1.3898	860.57	-0.029298	8.5377e-05	0.10801	supercritical
697.0	1827.8	767.09	0.0013036	632.87	871.14	2.0082	1.0206	1.3898	861.34	-0.029343	8.5481e-05	0.1081	supercritical
697.0	1831.0	767.68	0.0013026	632.76	871.27	2.0078	1.0207	1.3898	862.1	-0.029388	8.5585e-05	0.10819	supercritical
697.0	1834.2	768.28	0.0013016	632.65	871.4	2.0074	1.0208	1.3898	862.86	-0.029433	8.569e-05	0.10828	supercritical
697.0	1837.5	768.87	0.0013006	632.55	871.54	2.0069	1.0209	1.3898	863.63	-0.029477	8.5794e-05	0.10837	supercritical
697.0	1840.8	769.46	0.0012996	632.44	871.67	2.0065	1.021	1.3898	864.39	-0.029521	8.5898e-05	0.10845	supercritical
697.0	1844.0	770.05	0.0012986	632.34	871.8	2.0061	1.0211	1.3898	865.15	-0.029565	8.6002e-05	0.10854	supercritical
697.0	1847.2	770.64	0.0012976	632.23	871.94	2.0057	1.0212	1.3898	865.91	-0.029609	8.6106e-05	0.10863	supercritical
697.0	1850.5	771.23	0.0012966	632.13	872.07	2.0053	1.0213	1.3898	866.67	-0.029653	8.621e-05	0.10872	supercritical
697.0	1853.8	771.82	0.0012956	632.03	872.2	2.0049	1.0214	1.3898	867.43	-0.029697	8.6314e-05	0.10881	supercritical
697.0	1857.0	772.41	0.0012947	631.92	872.34	2.0045	1.0215	1.3899	868.19	-0.02974	8.6418e-05	0.10889	supercritical
697.0	1860.2	773.0	0.0012937	631.82	872.47	2.0041	1.0216	1.3899	868.95	-0.029783	8.6522e-05	0.10898	supercritical
697.0	1863.5	773.58	0.0012927	631.72	872.61	2.0036	1.0217	1.3899	869.7	-0.029826	8.6626e-05	0.10907	supercritical
697.0	1866.8	774.16	0.0012917	631.61	872.74	2.0032	1.0218	1.3899	870.46	-0.029869	8.673e-05	0.10916	supercritical
697.0	1870.0	774.75	0.0012907	631.51	872.88	2.0028	1.0219	1.3899	871.22	-0.029911	8.6834e-05	0.10925	supercritical
697.0	1873.2	775.33	0.0012898	631.41	873.01	2.0024	1.022	1.3899	871.97	-0.029954	8.6938e-05	0.10933	supercritical
697.0	1876.5	775.91	0.0012888	631.3	873.15	2.002	1.0221	1.3899	872.73	-0.029996	8.7041e-05	0.10942	supercritical
697.0	1879.8	776.49	0.0012878	631.2	873.28	2.0016	1.0222	1.3899	873.48	-0.030038	8.7145e-05	0.10951	supercritical
697.0	1883.0	777.07	0.0012869	631.1	873.42	2.0012	1.0223	1.3899	874.23	-0.03008	8.7249e-05	0.1096	supercritical
697.0	1886.2	777.65	0.0012859	631.0	873.56	2.0008	1.0224	1.3899	874.98	-0.030121	8.7352e-05	0.10968	supercritical
697.0	1889.5	778.22	0.001285	630.9	873.69	2.0004	1.0225	1.39	875.74	-0.030163	8.7456e-05	0.10977	supercritical
697.0	1892.8	778.8	0.001284	630.79	873.83	2.0	1.0226	1.39	876.49	-0.030204	8.756e-05	0.10986	supercritical
697.0	1896.0	779.37	0.0012831	630.69	873.96	1.9996	1.0227	1.39	877.24	-0.030245	8.7663e-05	0.10995	supercritical
697.0	1899.2	779.95	0.0012821	630.59	874.1	1.9992	1.0228	1.39	877.99	-0.030286	8.7767e-05	0.11004	supercritical
697.0	1902.5	780.52	0.0012812	630.49	874.24	1.9988	1.0229	1.39	878.73	-0.030326	8.787e-05	0.11012	supercritical
697.0	1905.8	781.09	0.0012803	630.39	874.38	1.9984	1.023	1.39	879.48	-0.030367	8.7974e-05	0.11021	supercritical
697.0	1909.0	781.66	0.0012793	630.29	874.51	1.998	1.0231	1.39	880.23	-0.030407	8.8077e-05	0.1103	supercritical
697.0	1912.2	782.23	0.0012784	630.19	874.65	1.9976	1.0232	1.39	880.98	-0.030448	8.818e-05	0.11039	supercritical
697.0	1915.5	782.8	0.0012775	630.09	874.79	1.9972	1.0233	1.39	881.72	-0.030488	8.8284e-05	0.11048	supercritical
697.0	1918.8	783.37	0.0012765	629.99	874.93	1.9968	1.0234	1.39	882.47	-0.030527	8.8387e-05	0.11056	supercritical
697.0	1922.0	783.93	0.0012756	629.89	875.06	1.9964	1.0235	1.3901	883.21	-0.030567	8.849e-05	0.11065	supercritical
697.0	1925.2	784.5	0.0012747	629.79	875.2	1.996	1.0236	1.3901	883.95	-0.030606	8.8594e-05	0.11074	supercritical
697.0	1928.5	785.06	0.0012738	629.69	875.34	1.9956	1.0237	1.3901	884.7	-0.030646	8.8697e-05	0.11083	supercritical
697.0	1931.8	785.62	0.0012729	629.59	875.48	1.9952	1.0238	1.3901	885.44	-0.030685	8.88e-05	0.11091	supercritical
697.0	1935.0	786.19	0.001272	629.49	875.62	1.9948	1.0239	1.3901	886.18	-0.030724	8.8903e-05	0.111	supercritical
697.0	1938.2	786.75	0.0012711	629.39	875.76	1.9944	1.024	1.3901	886.92	-0.030763	8.9006e-05	0.11109	supercritical
697.0	1941.5	787.31	0.0012701	629.3	875.9	1.994	1.0241	1.3901	887.66	-0.030801	8.9109e-05	0.11118	supercritical
697.0	1944.8	787.87	0.0012692	629.2	876.03	1.9936	1.0242	1.3901	888.4	-0.03084	8.9212e-05	0.11127	supercritical
697.0	1948.0	788.43	0.0012683	629.1	876.17	1.9932	1.0243	1.3901	889.14	-0.030878	8.9315e-05	0.11135	supercritical
697.0	1951.2	788.98	0.0012675	629.0	876.31	1.9929	1.0244	1.3901	889.88	-0.030916	8.9418e-05	0.11144	supercritical
697.0	1954.5	789.54	0.0012666	628.9	876.45	1.9925	1.0245	1.3901	890.61	-0.030954	8.9521e-05	0.11153	supercritical
697.0	1957.8	790.1	0.0012657	628.81	876.59	1.9921	1.0246	1.3902	891.35	-0.030992	8.9624e-05	0.11162	supercritical
697.0	1961.0	790.65	0.0012648	628.71	876.73	1.9917	1.0247	1.3902	892.08	-0.031029	8.9727e-05	0.1117	supercritical
697.0	1964.2	791.2	0.0012639	628.61	876.87	1.9913	1.0248	1.3902	892.82	-0.031067	8.983e-05	0.11179	supercritical
697.0	1967.5	791.76	0.001263	628.52	877.01	1.9909	1.0249	1.3902	893.55	-0.031104	8.9932e-05	0.11188	supercritical
697.0	1970.8	792.31	0.0012621	628.42	877.15	1.9905	1.025	1.3902	894.29	-0.031141	9.0035e-05	0.11197	supercritical
697.0	1974.0	792.86	0.0012613	628.32	877.3	1.9901	1.0251	1.3902	895.02	-0.031178	9.0138e-05	0.11206	supercritical
697.0	1977.2	793.41	0.0012604	628.23	877.44	1.9897	1.0252	1.3902	895.75	-0.031215	9.0241e-05	0.11214	supercritical
697.0	1980.5	793.96	0.0012595	628.13	877.58	1.9894	1.0253	1.3902	896.48	-0.031252	9.0343e-05	0.11223	supercritical
697.0	1983.8	794.51	0.0012586	628.04	877.72	1.989	1.0254	1.3902	897.21	-0.031288	9.0446e-05	0.11232	supercritical
697.0	1987.0	795.05	0.0012578	627.94	877.86	1.9886	1.0255	1.3902	897.94	-0.031324	9.0548e-05	0.11241	supercritical
697.0	1990.2	795.6	0.0012569	627.84	878.0	1.9882	1.0256	1.3903	898.67	-0.031361	9.0651e-05	0.11249	supercritical
697.0	1993.5	796.14	0.0012561	627.75	878.14	1.9878	1.0257	1.3903	899.4	-0.031397	9.0754e-05	0.11258	supercritical
697.0	1996.8	796.69	0.0012552	627.65	878.29	1.9874	1.0258	1.3903	900.13	-0.031432	9.0856e-05	0.11267	supercritical
697.0	2000.0	797.23	0.0012543	627.56	878.43	1.9871	1.0259	1.3903	900.86	-0.031468	9.0959e-05	0.11276	supercritical
