Temperature (K)	Pressure (bar)	Density (kg/m3)	Volume (m3/kg)	Internal Energy (kJ/kg)	Enthalpy (kJ/kg)	Entropy (J/g*K)	Cv (J/g*K)	Cp (J/g*K)	Sound Spd. (m/s)	Joule-Thomson (K/bar)	Viscosity (Pa*s)	Therm. Cond. (W/m*K)	Phase
494.0	56.5	63.128	0.015841	581.49	670.99	2.4175	0.83907	1.093	334.91	0.29988	2.4576e-05	0.034666	vapor
494.0	59.75	66.91	0.014945	580.63	669.93	2.4052	0.84009	1.0981	334.81	0.29836	2.464e-05	0.03481	vapor
494.0	63.0	70.708	0.014143	579.76	668.86	2.3935	0.84112	1.1034	334.73	0.29681	2.4705e-05	0.034955	vapor
494.0	66.25	74.52	0.013419	578.9	667.8	2.3822	0.84214	1.1086	334.66	0.29523	2.4772e-05	0.035102	vapor
494.0	69.5	78.348	0.012764	578.03	666.73	2.3715	0.84316	1.1139	334.61	0.29364	2.4841e-05	0.035251	vapor
494.0	72.75	82.19	0.012167	577.16	665.67	2.3611	0.84418	1.1192	334.57	0.29202	2.4911e-05	0.035401	vapor
494.0	76.0	86.047	0.011622	576.29	664.61	2.3512	0.84519	1.1246	334.55	0.29037	2.4983e-05	0.035554	vapor
494.0	76.0	86.047	0.011622	576.29	664.61	2.3512	0.84519	1.1246	334.55	0.29037	2.4983e-05	0.035554	supercritical
494.0	76.0	86.047	0.011622	576.29	664.61	2.3512	0.84519	1.1246	334.55	0.29037	2.4983e-05	0.035554	supercritical
494.0	79.25	89.918	0.011121	575.41	663.55	2.3415	0.8462	1.13	334.54	0.2887	2.5056e-05	0.035708	supercritical
494.0	82.5	93.802	0.010661	574.54	662.49	2.3322	0.84721	1.1354	334.55	0.28701	2.5131e-05	0.035863	supercritical
494.0	85.75	97.701	0.010235	573.66	661.43	2.3232	0.84821	1.1409	334.57	0.28529	2.5207e-05	0.036021	supercritical
494.0	89.0	101.61	0.0098413	572.79	660.37	2.3145	0.84921	1.1463	334.62	0.28355	2.5286e-05	0.036181	supercritical
494.0	92.25	105.54	0.0094753	571.91	659.32	2.306	0.85021	1.1519	334.68	0.28178	2.5365e-05	0.036342	supercritical
494.0	95.5	109.47	0.0091346	571.03	658.26	2.2977	0.8512	1.1574	334.75	0.27999	2.5447e-05	0.036506	supercritical
494.0	98.75	113.42	0.0088165	570.15	657.21	2.2897	0.85218	1.1629	334.85	0.27817	2.553e-05	0.036672	supercritical
494.0	102.0	117.39	0.0085189	569.27	656.16	2.2819	0.85316	1.1685	334.96	0.27633	2.5615e-05	0.03684	supercritical
494.0	105.25	121.36	0.00824	568.39	655.11	2.2742	0.85414	1.1741	335.09	0.27447	2.5702e-05	0.03701	supercritical
494.0	108.5	125.34	0.0079781	567.5	654.07	2.2668	0.85511	1.1797	335.24	0.27258	2.579e-05	0.037182	supercritical
494.0	111.75	129.34	0.0077317	566.62	653.02	2.2595	0.85607	1.1853	335.4	0.27067	2.588e-05	0.037356	supercritical
494.0	115.0	133.34	0.0074994	565.74	651.98	2.2524	0.85703	1.191	335.59	0.26874	2.5973e-05	0.037533	supercritical
494.0	118.25	137.36	0.0072802	564.85	650.94	2.2454	0.85798	1.1966	335.79	0.26679	2.6067e-05	0.037712	supercritical
494.0	121.5	141.38	0.007073	563.97	649.91	2.2386	0.85893	1.2023	336.01	0.26481	2.6162e-05	0.037893	supercritical
494.0	124.75	145.42	0.0068768	563.08	648.87	2.2319	0.85986	1.2079	336.26	0.26281	2.626e-05	0.038077	supercritical
494.0	128.0	149.46	0.0066908	562.2	647.84	2.2254	0.8608	1.2136	336.52	0.2608	2.636e-05	0.038263	supercritical
494.0	131.25	153.51	0.0065143	561.32	646.82	2.219	0.86172	1.2193	336.8	0.25876	2.6461e-05	0.038451	supercritical
494.0	134.5	157.57	0.0063465	560.43	645.79	2.2126	0.86264	1.2249	337.1	0.2567	2.6565e-05	0.038641	supercritical
494.0	137.75	161.63	0.0061869	559.55	644.77	2.2065	0.86355	1.2306	337.43	0.25462	2.667e-05	0.038834	supercritical
494.0	141.0	165.7	0.0060349	558.66	643.75	2.2004	0.86445	1.2362	337.77	0.25253	2.6778e-05	0.039029	supercritical
494.0	144.25	169.78	0.00589	557.78	642.74	2.1944	0.86535	1.2419	338.14	0.25041	2.6887e-05	0.039227	supercritical
494.0	147.5	173.86	0.0057518	556.9	641.73	2.1885	0.86623	1.2475	338.52	0.24828	2.6999e-05	0.039427	supercritical
494.0	150.75	177.95	0.0056197	556.01	640.73	2.1828	0.86711	1.2531	338.93	0.24613	2.7112e-05	0.03963	supercritical
494.0	154.0	182.04	0.0054934	555.13	639.73	2.1771	0.86798	1.2587	339.36	0.24397	2.7227e-05	0.039834	supercritical
494.0	157.25	186.13	0.0053726	554.25	638.73	2.1715	0.86884	1.2643	339.81	0.24179	2.7345e-05	0.040042	supercritical
494.0	160.5	190.23	0.0052568	553.37	637.74	2.166	0.8697	1.2698	340.28	0.2396	2.7464e-05	0.040251	supercritical
494.0	163.75	194.33	0.005146	552.49	636.76	2.1606	0.87054	1.2754	340.77	0.2374	2.7586e-05	0.040463	supercritical
494.0	167.0	198.43	0.0050396	551.61	635.77	2.1552	0.87137	1.2809	341.29	0.23518	2.7709e-05	0.040677	supercritical
494.0	170.25	202.53	0.0049375	550.74	634.8	2.15	0.8722	1.2863	341.83	0.23296	2.7835e-05	0.040894	supercritical
494.0	173.5	206.63	0.0048395	549.86	633.83	2.1448	0.87302	1.2917	342.38	0.23072	2.7963e-05	0.041112	supercritical
494.0	176.75	210.73	0.0047453	548.99	632.86	2.1397	0.87383	1.2971	342.97	0.22847	2.8092e-05	0.041333	supercritical
494.0	180.0	214.84	0.0046547	548.11	631.9	2.1347	0.87462	1.3025	343.57	0.22622	2.8224e-05	0.041557	supercritical
494.0	183.25	218.93	0.0045676	547.24	630.95	2.1297	0.87541	1.3078	344.2	0.22395	2.8358e-05	0.041782	supercritical
494.0	186.5	223.03	0.0044837	546.38	630.0	2.1248	0.87619	1.3131	344.84	0.22168	2.8494e-05	0.042009	supercritical
494.0	189.75	227.13	0.0044028	545.51	629.05	2.12	0.87696	1.3183	345.52	0.21941	2.8631e-05	0.042239	supercritical
494.0	193.0	231.22	0.004325	544.64	628.12	2.1152	0.87772	1.3235	346.21	0.21713	2.8771e-05	0.042471	supercritical
494.0	196.25	235.3	0.0042498	543.78	627.19	2.1105	0.87847	1.3286	346.92	0.21485	2.8913e-05	0.042705	supercritical
494.0	199.5	239.38	0.0041774	542.92	626.26	2.1058	0.87921	1.3337	347.66	0.21256	2.9057e-05	0.042941	supercritical
494.0	202.75	243.46	0.0041074	542.06	625.34	2.1013	0.87994	1.3387	348.42	0.21027	2.9203e-05	0.043178	supercritical
494.0	206.0	247.53	0.0040399	541.21	624.43	2.0967	0.88066	1.3437	349.2	0.20799	2.935e-05	0.043418	supercritical
494.0	209.25	251.59	0.0039747	540.36	623.53	2.0923	0.88137	1.3486	350.01	0.2057	2.95e-05	0.04366	supercritical
494.0	212.5	255.65	0.0039116	539.51	622.63	2.0879	0.88207	1.3535	350.83	0.20341	2.9652e-05	0.043903	supercritical
494.0	215.75	259.7	0.0038507	538.66	621.74	2.0835	0.88276	1.3582	351.68	0.20113	2.9805e-05	0.044148	supercritical
494.0	219.0	263.73	0.0037917	537.81	620.85	2.0792	0.88344	1.363	352.55	0.19885	2.9961e-05	0.044395	supercritical
494.0	222.25	267.76	0.0037346	536.97	619.97	2.0749	0.88411	1.3676	353.44	0.19657	3.0118e-05	0.044644	supercritical
494.0	225.5	271.78	0.0036794	536.13	619.1	2.0707	0.88477	1.3722	354.35	0.1943	3.0277e-05	0.044894	supercritical
494.0	228.75	275.79	0.0036259	535.3	618.24	2.0666	0.88542	1.3767	355.28	0.19203	3.0439e-05	0.045145	supercritical
494.0	232.0	279.79	0.0035741	534.47	617.39	2.0625	0.88606	1.3812	356.23	0.18977	3.0601e-05	0.045398	supercritical
494.0	235.25	283.78	0.0035239	533.64	616.54	2.0584	0.88669	1.3856	357.21	0.18751	3.0766e-05	0.045653	supercritical
494.0	238.5	287.75	0.0034752	532.81	615.7	2.0544	0.88731	1.3899	358.2	0.18527	3.0933e-05	0.045909	supercritical
494.0	241.75	291.71	0.003428	531.99	614.86	2.0505	0.88792	1.3941	359.22	0.18303	3.1101e-05	0.046166	supercritical
494.0	245.0	295.66	0.0033823	531.17	614.04	2.0466	0.88852	1.3983	360.25	0.18081	3.1271e-05	0.046424	supercritical
494.0	248.25	299.59	0.0033379	530.36	613.22	2.0427	0.88911	1.4024	361.3	0.17859	3.1442e-05	0.046684	supercritical
494.0	251.5	303.51	0.0032947	529.55	612.41	2.0389	0.8897	1.4064	362.38	0.17639	3.1616e-05	0.046945	supercritical
494.0	254.75	307.42	0.0032529	528.74	611.61	2.0351	0.89027	1.4104	363.47	0.17419	3.1791e-05	0.047207	supercritical
494.0	258.0	311.31	0.0032123	527.94	610.81	2.0314	0.89083	1.4142	364.58	0.17201	3.1967e-05	0.047469	supercritical
494.0	261.25	315.18	0.0031728	527.14	610.03	2.0277	0.89138	1.418	365.71	0.16984	3.2145e-05	0.047733	supercritical
494.0	264.5	319.04	0.0031344	526.34	609.25	2.024	0.89193	1.4217	366.86	0.16769	3.2325e-05	0.047998	supercritical
494.0	267.75	322.88	0.0030971	525.55	608.48	2.0204	0.89246	1.4254	368.02	0.16555	3.2506e-05	0.048263	supercritical
494.0	271.0	326.7	0.0030609	524.77	607.72	2.0168	0.89298	1.4289	369.21	0.16342	3.2689e-05	0.04853	supercritical
494.0	274.25	330.51	0.0030256	523.98	606.96	2.0133	0.8935	1.4324	370.41	0.16131	3.2873e-05	0.048796	supercritical
494.0	277.5	334.3	0.0029913	523.2	606.21	2.0098	0.89401	1.4358	371.62	0.15922	3.3058e-05	0.049064	supercritical
494.0	280.75	338.07	0.002958	522.43	605.47	2.0064	0.89451	1.4391	372.86	0.15714	3.3245e-05	0.049332	supercritical
494.0	284.0	341.82	0.0029255	521.66	604.74	2.003	0.895	1.4424	374.11	0.15508	3.3433e-05	0.049601	supercritical
494.0	287.25	345.55	0.0028939	520.89	604.02	1.9996	0.89548	1.4456	375.37	0.15303	3.3623e-05	0.04987	supercritical
494.0	290.5	349.27	0.0028631	520.13	603.31	1.9962	0.89595	1.4486	376.65	0.15101	3.3814e-05	0.050139	supercritical
494.0	293.75	352.96	0.0028332	519.37	602.6	1.9929	0.89641	1.4517	377.95	0.149	3.4006e-05	0.050409	supercritical
494.0	297.0	356.64	0.002804	518.62	601.9	1.9897	0.89687	1.4546	379.26	0.14701	3.4199e-05	0.050679	supercritical
494.0	300.25	360.29	0.0027755	517.87	601.21	1.9864	0.89732	1.4575	380.58	0.14503	3.4393e-05	0.05095	supercritical
494.0	303.5	363.93	0.0027478	517.13	600.53	1.9832	0.89775	1.4603	381.92	0.14308	3.4589e-05	0.051221	supercritical
494.0	306.75	367.54	0.0027208	516.39	599.85	1.9801	0.89819	1.463	383.27	0.14114	3.4785e-05	0.051491	supercritical
494.0	310.0	371.13	0.0026945	515.66	599.18	1.9769	0.89861	1.4657	384.64	0.13923	3.4983e-05	0.051762	supercritical
494.0	313.25	374.71	0.0026688	514.92	598.52	1.9738	0.89903	1.4682	386.01	0.13733	3.5182e-05	0.052033	supercritical
494.0	316.5	378.26	0.0026437	514.2	597.87	1.9708	0.89944	1.4707	387.41	0.13545	3.5381e-05	0.052304	supercritical
494.0	319.75	381.79	0.0026193	513.48	597.23	1.9677	0.89984	1.4732	388.81	0.13359	3.5582e-05	0.052575	supercritical
494.0	323.0	385.3	0.0025954	512.76	596.59	1.9647	0.90023	1.4755	390.22	0.13175	3.5784e-05	0.052846	supercritical
494.0	326.25	388.78	0.0025721	512.05	595.97	1.9618	0.90062	1.4778	391.65	0.12993	3.5986e-05	0.053117	supercritical
494.0	329.5	392.25	0.0025494	511.34	595.35	1.9588	0.901	1.4801	393.09	0.12813	3.6189e-05	0.053388	supercritical
494.0	332.75	395.69	0.0025272	510.64	594.73	1.9559	0.90137	1.4822	394.54	0.12635	3.6394e-05	0.053658	supercritical
494.0	336.0	399.12	0.0025055	509.94	594.13	1.953	0.90174	1.4843	396.0	0.12458	3.6598e-05	0.053928	supercritical
494.0	339.25	402.52	0.0024844	509.25	593.53	1.9502	0.9021	1.4863	397.47	0.12284	3.6804e-05	0.054198	supercritical
494.0	342.5	405.9	0.0024637	508.56	592.94	1.9474	0.90245	1.4883	398.95	0.12112	3.7011e-05	0.054468	supercritical
494.0	345.75	409.25	0.0024435	507.88	592.36	1.9446	0.9028	1.4902	400.44	0.11942	3.7218e-05	0.054737	supercritical
494.0	349.0	412.59	0.0024237	507.2	591.78	1.9418	0.90314	1.492	401.94	0.11773	3.7426e-05	0.055006	supercritical
494.0	352.25	415.9	0.0024044	506.52	591.22	1.9391	0.90348	1.4938	403.44	0.11607	3.7634e-05	0.055274	supercritical
494.0	355.5	419.19	0.0023856	505.85	590.66	1.9364	0.90381	1.4955	404.96	0.11442	3.7843e-05	0.055542	supercritical
494.0	358.75	422.46	0.0023671	505.18	590.1	1.9337	0.90413	1.4971	406.49	0.1128	3.8053e-05	0.05581	supercritical
494.0	362.0	425.7	0.0023491	504.52	589.56	1.931	0.90445	1.4987	408.02	0.11119	3.8263e-05	0.056077	supercritical
494.0	365.25	428.93	0.0023314	503.87	589.02	1.9284	0.90476	1.5003	409.56	0.1096	3.8474e-05	0.056344	supercritical
494.0	368.5	432.13	0.0023141	503.22	588.49	1.9258	0.90507	1.5017	411.11	0.10804	3.8685e-05	0.05661	supercritical
494.0	371.75	435.31	0.0022972	502.57	587.97	1.9232	0.90537	1.5032	412.67	0.10649	3.8897e-05	0.056875	supercritical
494.0	375.0	438.47	0.0022807	501.92	587.45	1.9207	0.90567	1.5045	414.23	0.10495	3.9109e-05	0.05714	supercritical
494.0	378.25	441.6	0.0022645	501.29	586.94	1.9181	0.90596	1.5058	415.8	0.10344	3.9322e-05	0.057404	supercritical
494.0	381.5	444.71	0.0022486	500.65	586.44	1.9156	0.90625	1.5071	417.38	0.10195	3.9535e-05	0.057668	supercritical
494.0	384.75	447.81	0.0022331	500.02	585.94	1.9131	0.90653	1.5083	418.96	0.10047	3.9748e-05	0.057931	supercritical
494.0	388.0	450.88	0.0022179	499.4	585.45	1.9107	0.90681	1.5094	420.55	0.099012	3.9962e-05	0.058193	supercritical
494.0	391.25	453.92	0.002203	498.78	584.97	1.9083	0.90709	1.5105	422.15	0.097571	4.0176e-05	0.058455	supercritical
494.0	394.5	456.95	0.0021884	498.16	584.49	1.9059	0.90736	1.5116	423.75	0.096148	4.039e-05	0.058716	supercritical
494.0	397.75	459.95	0.0021741	497.55	584.03	1.9035	0.90762	1.5126	425.36	0.094743	4.0604e-05	0.058976	supercritical
494.0	401.0	462.94	0.0021601	496.94	583.56	1.9011	0.90788	1.5136	426.97	0.093355	4.0819e-05	0.059235	supercritical
494.0	404.25	465.9	0.0021464	496.34	583.11	1.8988	0.90814	1.5145	428.59	0.091984	4.1034e-05	0.059494	supercritical
494.0	407.5	468.84	0.0021329	495.74	582.66	1.8965	0.9084	1.5153	430.22	0.09063	4.1249e-05	0.059752	supercritical
494.0	410.75	471.76	0.0021197	495.15	582.21	1.8942	0.90865	1.5162	431.84	0.089293	4.1465e-05	0.060009	supercritical
494.0	414.0	474.65	0.0021068	494.56	581.78	1.8919	0.90889	1.517	433.48	0.087973	4.168e-05	0.060265	supercritical
494.0	417.25	477.53	0.0020941	493.97	581.35	1.8896	0.90913	1.5177	435.11	0.086669	4.1896e-05	0.060521	supercritical
494.0	420.5	480.38	0.0020817	493.39	580.92	1.8874	0.90937	1.5184	436.75	0.085382	4.2112e-05	0.060775	supercritical
494.0	423.75	483.22	0.0020695	492.81	580.5	1.8852	0.90961	1.519	438.4	0.08411	4.2328e-05	0.061029	supercritical
494.0	427.0	486.03	0.0020575	492.24	580.09	1.883	0.90984	1.5197	440.05	0.082855	4.2543e-05	0.061282	supercritical
494.0	430.25	488.83	0.0020457	491.67	579.69	1.8808	0.91007	1.5202	441.7	0.081615	4.2759e-05	0.061534	supercritical
494.0	433.5	491.6	0.0020342	491.1	579.29	1.8787	0.9103	1.5208	443.35	0.080391	4.2976e-05	0.061786	supercritical
494.0	436.75	494.35	0.0020229	490.54	578.89	1.8765	0.91052	1.5213	445.01	0.079182	4.3192e-05	0.062036	supercritical
494.0	440.0	497.08	0.0020117	489.99	578.5	1.8744	0.91074	1.5218	446.67	0.077989	4.3408e-05	0.062286	supercritical
494.0	443.25	499.79	0.0020008	489.43	578.12	1.8723	0.91096	1.5222	448.34	0.076811	4.3624e-05	0.062535	supercritical
494.0	446.5	502.49	0.0019901	488.88	577.74	1.8702	0.91117	1.5226	450.0	0.075648	4.384e-05	0.062783	supercritical
494.0	449.75	505.16	0.0019796	488.34	577.37	1.8682	0.91139	1.523	451.67	0.074499	4.4056e-05	0.06303	supercritical
494.0	453.0	507.81	0.0019692	487.8	577.01	1.8662	0.9116	1.5233	453.34	0.073365	4.4272e-05	0.063276	supercritical
494.0	456.25	510.44	0.0019591	487.26	576.64	1.8641	0.9118	1.5236	455.01	0.072246	4.4487e-05	0.063521	supercritical
494.0	459.5	513.06	0.0019491	486.73	576.29	1.8621	0.91201	1.5239	456.69	0.071141	4.4703e-05	0.063766	supercritical
494.0	462.75	515.65	0.0019393	486.2	575.94	1.8601	0.91221	1.5242	458.37	0.07005	4.4919e-05	0.064009	supercritical
494.0	466.0	518.23	0.0019297	485.67	575.6	1.8582	0.91241	1.5244	460.04	0.068973	4.5134e-05	0.064252	supercritical
494.0	469.25	520.78	0.0019202	485.15	575.26	1.8562	0.91261	1.5246	461.72	0.067909	4.535e-05	0.064494	supercritical
494.0	472.5	523.32	0.0019109	484.63	574.92	1.8543	0.91281	1.5248	463.4	0.06686	4.5565e-05	0.064735	supercritical
494.0	475.75	525.84	0.0019017	484.12	574.59	1.8524	0.913	1.5249	465.08	0.065824	4.578e-05	0.064975	supercritical
494.0	479.0	528.34	0.0018927	483.61	574.27	1.8505	0.91319	1.5251	466.77	0.064801	4.5995e-05	0.065214	supercritical
494.0	482.25	530.82	0.0018839	483.1	573.95	1.8486	0.91338	1.5252	468.45	0.063791	4.621e-05	0.065452	supercritical
494.0	485.5	533.28	0.0018752	482.6	573.64	1.8467	0.91357	1.5252	470.13	0.062795	4.6425e-05	0.06569	supercritical
494.0	488.75	535.73	0.0018666	482.1	573.33	1.8448	0.91376	1.5253	471.82	0.061811	4.6639e-05	0.065926	supercritical
494.0	492.0	538.16	0.0018582	481.6	573.02	1.843	0.91394	1.5253	473.5	0.06084	4.6853e-05	0.066162	supercritical
494.0	495.25	540.57	0.0018499	481.11	572.73	1.8412	0.91413	1.5253	475.18	0.059882	4.7068e-05	0.066397	supercritical
494.0	498.5	542.96	0.0018417	480.62	572.43	1.8394	0.91431	1.5253	476.87	0.058936	4.7281e-05	0.066631	supercritical
494.0	501.75	545.34	0.0018337	480.13	572.14	1.8376	0.91449	1.5253	478.55	0.058002	4.7495e-05	0.066864	supercritical
494.0	505.0	547.7	0.0018258	479.65	571.86	1.8358	0.91467	1.5253	480.24	0.05708	4.7708e-05	0.067096	supercritical
494.0	508.25	550.04	0.0018181	479.17	571.58	1.834	0.91485	1.5252	481.92	0.056171	4.7921e-05	0.067327	supercritical
494.0	511.5	552.36	0.0018104	478.7	571.3	1.8323	0.91502	1.5252	483.6	0.055273	4.8134e-05	0.067558	supercritical
494.0	514.75	554.67	0.0018029	478.22	571.03	1.8305	0.9152	1.5251	485.29	0.054386	4.8347e-05	0.067787	supercritical
494.0	518.0	556.96	0.0017955	477.76	570.76	1.8288	0.91537	1.525	486.97	0.053512	4.8559e-05	0.068016	supercritical
494.0	521.25	559.24	0.0017882	477.29	570.5	1.8271	0.91554	1.5248	488.65	0.052648	4.8771e-05	0.068244	supercritical
494.0	524.5	561.5	0.001781	476.83	570.24	1.8254	0.91571	1.5247	490.33	0.051796	4.8983e-05	0.068471	supercritical
494.0	527.75	563.74	0.0017739	476.37	569.98	1.8237	0.91588	1.5246	492.01	0.050955	4.9195e-05	0.068697	supercritical
494.0	531.0	565.97	0.0017669	475.91	569.73	1.822	0.91605	1.5244	493.69	0.050124	4.9406e-05	0.068923	supercritical
494.0	534.25	568.18	0.00176	475.46	569.49	1.8204	0.91622	1.5242	495.37	0.049305	4.9617e-05	0.069148	supercritical
494.0	537.5	570.37	0.0017532	475.01	569.24	1.8187	0.91638	1.5241	497.04	0.048496	4.9828e-05	0.069371	supercritical
494.0	540.75	572.55	0.0017466	474.56	569.01	1.8171	0.91655	1.5239	498.72	0.047697	5.0038e-05	0.069594	supercritical
494.0	544.0	574.72	0.00174	474.12	568.77	1.8155	0.91671	1.5237	500.39	0.046909	5.0248e-05	0.069817	supercritical
494.0	547.25	576.87	0.0017335	473.68	568.54	1.8139	0.91688	1.5234	502.06	0.046131	5.0458e-05	0.070038	supercritical
494.0	550.5	579.0	0.0017271	473.24	568.32	1.8123	0.91704	1.5232	503.73	0.045363	5.0667e-05	0.070259	supercritical
494.0	553.75	581.12	0.0017208	472.8	568.09	1.8107	0.9172	1.523	505.4	0.044605	5.0876e-05	0.070478	supercritical
494.0	557.0	583.23	0.0017146	472.37	567.87	1.8091	0.91736	1.5227	507.06	0.043856	5.1085e-05	0.070697	supercritical
494.0	560.25	585.32	0.0017085	471.94	567.66	1.8076	0.91752	1.5225	508.73	0.043117	5.1294e-05	0.070916	supercritical
494.0	563.5	587.4	0.0017024	471.52	567.45	1.806	0.91768	1.5222	510.39	0.042388	5.1502e-05	0.071133	supercritical
494.0	566.75	589.46	0.0016965	471.09	567.24	1.8045	0.91784	1.522	512.05	0.041668	5.171e-05	0.07135	supercritical
494.0	570.0	591.51	0.0016906	470.67	567.03	1.8029	0.91799	1.5217	513.71	0.040957	5.1917e-05	0.071566	supercritical
494.0	573.25	593.54	0.0016848	470.25	566.83	1.8014	0.91815	1.5214	515.37	0.040255	5.2124e-05	0.071781	supercritical
494.0	576.5	595.56	0.0016791	469.84	566.64	1.7999	0.91831	1.5211	517.02	0.039562	5.2331e-05	0.071996	supercritical
494.0	579.75	597.57	0.0016734	469.42	566.44	1.7984	0.91846	1.5208	518.67	0.038878	5.2538e-05	0.072209	supercritical
494.0	583.0	599.56	0.0016679	469.01	566.25	1.7969	0.91862	1.5205	520.32	0.038202	5.2744e-05	0.072422	supercritical
494.0	586.25	601.54	0.0016624	468.61	566.07	1.7955	0.91877	1.5202	521.97	0.037535	5.295e-05	0.072634	supercritical
494.0	589.5	603.51	0.001657	468.2	565.88	1.794	0.91892	1.5199	523.62	0.036876	5.3155e-05	0.072846	supercritical
494.0	592.75	605.46	0.0016516	467.8	565.7	1.7925	0.91908	1.5196	525.26	0.036226	5.336e-05	0.073057	supercritical
494.0	596.0	607.4	0.0016463	467.4	565.52	1.7911	0.91923	1.5192	526.9	0.035583	5.3565e-05	0.073267	supercritical
494.0	599.25	609.33	0.0016411	467.0	565.35	1.7897	0.91938	1.5189	528.54	0.034949	5.377e-05	0.073476	supercritical
494.0	602.5	611.25	0.001636	466.61	565.18	1.7882	0.91953	1.5186	530.18	0.034322	5.3974e-05	0.073685	supercritical
494.0	605.75	613.15	0.0016309	466.22	565.01	1.7868	0.91968	1.5182	531.81	0.033703	5.4177e-05	0.073893	supercritical
494.0	609.0	615.04	0.0016259	465.83	564.85	1.7854	0.91983	1.5179	533.44	0.033092	5.4381e-05	0.074101	supercritical
494.0	612.25	616.92	0.001621	465.44	564.68	1.784	0.91998	1.5176	535.07	0.032488	5.4584e-05	0.074307	supercritical
494.0	615.5	618.79	0.0016161	465.06	564.53	1.7826	0.92013	1.5172	536.7	0.031892	5.4786e-05	0.074513	supercritical
494.0	618.75	620.64	0.0016112	464.67	564.37	1.7813	0.92028	1.5169	538.32	0.031303	5.4989e-05	0.074719	supercritical
494.0	622.0	622.49	0.0016065	464.29	564.22	1.7799	0.92043	1.5165	539.94	0.030721	5.5191e-05	0.074923	supercritical
494.0	625.25	624.32	0.0016018	463.92	564.07	1.7785	0.92058	1.5161	541.56	0.030146	5.5392e-05	0.075127	supercritical
494.0	628.5	626.14	0.0015971	463.54	563.92	1.7772	0.92072	1.5158	543.18	0.029578	5.5594e-05	0.075331	supercritical
494.0	631.75	627.94	0.0015925	463.17	563.78	1.7758	0.92087	1.5154	544.79	0.029016	5.5794e-05	0.075533	supercritical
494.0	635.0	629.74	0.001588	462.8	563.63	1.7745	0.92102	1.515	546.4	0.028462	5.5995e-05	0.075736	supercritical
494.0	638.25	631.52	0.0015835	462.43	563.5	1.7732	0.92116	1.5147	548.01	0.027914	5.6195e-05	0.075937	supercritical
494.0	641.5	633.3	0.001579	462.06	563.36	1.7719	0.92131	1.5143	549.61	0.027372	5.6395e-05	0.076138	supercritical
494.0	644.75	635.06	0.0015747	461.7	563.23	1.7706	0.92146	1.5139	551.22	0.026837	5.6594e-05	0.076338	supercritical
494.0	648.0	636.81	0.0015703	461.34	563.1	1.7693	0.9216	1.5135	552.82	0.026308	5.6794e-05	0.076538	supercritical
494.0	651.25	638.55	0.001566	460.98	562.97	1.768	0.92175	1.5132	554.41	0.025785	5.6992e-05	0.076737	supercritical
494.0	654.5	640.28	0.0015618	460.62	562.84	1.7667	0.92189	1.5128	556.01	0.025269	5.7191e-05	0.076935	supercritical
494.0	657.75	642.0	0.0015576	460.27	562.72	1.7654	0.92204	1.5124	557.6	0.024758	5.7389e-05	0.077133	supercritical
494.0	661.0	643.71	0.0015535	459.91	562.6	1.7642	0.92218	1.512	559.19	0.024253	5.7586e-05	0.077331	supercritical
494.0	664.25	645.41	0.0015494	459.56	562.48	1.7629	0.92232	1.5116	560.78	0.023754	5.7784e-05	0.077527	supercritical
494.0	667.5	647.1	0.0015454	459.21	562.36	1.7616	0.92247	1.5112	562.36	0.023261	5.7981e-05	0.077723	supercritical
494.0	670.75	648.78	0.0015414	458.87	562.25	1.7604	0.92261	1.5108	563.94	0.022773	5.8177e-05	0.077919	supercritical
494.0	674.0	650.45	0.0015374	458.52	562.14	1.7592	0.92275	1.5105	565.52	0.022291	5.8374e-05	0.078114	supercritical
494.0	677.25	652.11	0.0015335	458.18	562.03	1.7579	0.9229	1.5101	567.1	0.021814	5.857e-05	0.078308	supercritical
494.0	680.5	653.76	0.0015296	457.84	561.93	1.7567	0.92304	1.5097	568.67	0.021343	5.8765e-05	0.078502	supercritical
494.0	683.75	655.39	0.0015258	457.5	561.82	1.7555	0.92318	1.5093	570.24	0.020876	5.896e-05	0.078695	supercritical
494.0	687.0	657.02	0.001522	457.16	561.72	1.7543	0.92332	1.5089	571.81	0.020415	5.9155e-05	0.078888	supercritical
494.0	690.25	658.64	0.0015183	456.82	561.62	1.7531	0.92347	1.5085	573.37	0.019959	5.935e-05	0.079081	supercritical
494.0	693.5	660.25	0.0015146	456.49	561.53	1.7519	0.92361	1.5081	574.93	0.019508	5.9544e-05	0.079272	supercritical
494.0	696.75	661.85	0.0015109	456.16	561.43	1.7507	0.92375	1.5077	576.49	0.019062	5.9738e-05	0.079463	supercritical
494.0	700.0	663.45	0.0015073	455.83	561.34	1.7495	0.92389	1.5073	578.05	0.018621	5.9931e-05	0.079654	supercritical
494.0	703.25	665.03	0.0015037	455.5	561.25	1.7484	0.92403	1.5069	579.61	0.018185	6.0124e-05	0.079844	supercritical
494.0	706.5	666.6	0.0015001	455.18	561.16	1.7472	0.92417	1.5065	581.16	0.017753	6.0317e-05	0.080034	supercritical
494.0	709.75	668.16	0.0014966	454.85	561.08	1.746	0.92431	1.5061	582.71	0.017326	6.0509e-05	0.080223	supercritical
494.0	713.0	669.72	0.0014932	454.53	560.99	1.7449	0.92446	1.5057	584.25	0.016904	6.0701e-05	0.080412	supercritical
494.0	716.25	671.27	0.0014897	454.21	560.91	1.7437	0.9246	1.5053	585.8	0.016486	6.0893e-05	0.0806	supercritical
494.0	719.5	672.8	0.0014863	453.89	560.83	1.7426	0.92474	1.5049	587.34	0.016072	6.1085e-05	0.080787	supercritical
494.0	722.75	674.33	0.0014829	453.57	560.75	1.7415	0.92488	1.5045	588.87	0.015663	6.1276e-05	0.080974	supercritical
494.0	726.0	675.85	0.0014796	453.26	560.68	1.7403	0.92502	1.5041	590.41	0.015258	6.1466e-05	0.081161	supercritical
494.0	729.25	677.36	0.0014763	452.94	560.6	1.7392	0.92516	1.5036	591.94	0.014858	6.1657e-05	0.081347	supercritical
494.0	732.5	678.87	0.001473	452.63	560.53	1.7381	0.9253	1.5032	593.47	0.014461	6.1847e-05	0.081533	supercritical
494.0	735.75	680.36	0.0014698	452.32	560.46	1.737	0.92544	1.5028	595.0	0.014069	6.2036e-05	0.081718	supercritical
494.0	739.0	681.85	0.0014666	452.01	560.39	1.7359	0.92558	1.5024	596.52	0.013681	6.2226e-05	0.081903	supercritical
494.0	742.25	683.33	0.0014634	451.71	560.33	1.7348	0.92572	1.502	598.04	0.013297	6.2415e-05	0.082087	supercritical
494.0	745.5	684.8	0.0014603	451.4	560.26	1.7337	0.92586	1.5016	599.56	0.012916	6.2603e-05	0.082271	supercritical
494.0	748.75	686.26	0.0014572	451.1	560.2	1.7326	0.92599	1.5012	601.08	0.01254	6.2792e-05	0.082454	supercritical
494.0	752.0	687.72	0.0014541	450.79	560.14	1.7315	0.92613	1.5008	602.59	0.012167	6.2979e-05	0.082637	supercritical
494.0	755.25	689.16	0.001451	450.49	560.08	1.7304	0.92627	1.5004	604.1	0.011799	6.3167e-05	0.08282	supercritical
494.0	758.5	690.6	0.001448	450.2	560.03	1.7294	0.92641	1.5	605.61	0.011434	6.3354e-05	0.083002	supercritical
494.0	761.75	692.03	0.001445	449.9	559.97	1.7283	0.92655	1.4996	607.12	0.011072	6.3541e-05	0.083183	supercritical
494.0	765.0	693.45	0.0014421	449.6	559.92	1.7273	0.92669	1.4992	608.62	0.010714	6.3728e-05	0.083365	supercritical
494.0	768.25	694.87	0.0014391	449.31	559.87	1.7262	0.92683	1.4988	610.12	0.01036	6.3914e-05	0.083545	supercritical
494.0	771.5	696.28	0.0014362	449.02	559.82	1.7252	0.92697	1.4984	611.62	0.01001	6.41e-05	0.083726	supercritical
494.0	774.75	697.68	0.0014333	448.72	559.77	1.7241	0.92711	1.498	613.11	0.0096626	6.4286e-05	0.083906	supercritical
494.0	778.0	699.07	0.0014305	448.43	559.72	1.7231	0.92724	1.4976	614.6	0.0093189	6.4471e-05	0.084085	supercritical
494.0	781.25	700.46	0.0014276	448.15	559.68	1.7221	0.92738	1.4972	616.09	0.0089785	6.4656e-05	0.084264	supercritical
494.0	784.5	701.84	0.0014248	447.86	559.64	1.721	0.92752	1.4968	617.58	0.0086416	6.4841e-05	0.084443	supercritical
494.0	787.75	703.21	0.0014221	447.57	559.6	1.72	0.92766	1.4964	619.06	0.0083079	6.5025e-05	0.084621	supercritical
494.0	791.0	704.57	0.0014193	447.29	559.56	1.719	0.9278	1.496	620.54	0.0079775	6.5209e-05	0.084799	supercritical
494.0	794.25	705.93	0.0014166	447.01	559.52	1.718	0.92794	1.4956	622.02	0.0076503	6.5393e-05	0.084976	supercritical
494.0	797.5	707.28	0.0014139	446.73	559.48	1.717	0.92807	1.4952	623.5	0.0073263	6.5577e-05	0.085153	supercritical
494.0	800.75	708.62	0.0014112	446.45	559.45	1.716	0.92821	1.4948	624.97	0.0070054	6.576e-05	0.08533	supercritical
494.0	804.0	709.96	0.0014085	446.17	559.41	1.715	0.92835	1.4944	626.44	0.0066877	6.5942e-05	0.085506	supercritical
494.0	807.25	711.29	0.0014059	445.89	559.38	1.714	0.92849	1.494	627.91	0.0063729	6.6125e-05	0.085682	supercritical
494.0	810.5	712.61	0.0014033	445.62	559.35	1.713	0.92863	1.4936	629.37	0.0060612	6.6307e-05	0.085858	supercritical
494.0	813.75	713.93	0.0014007	445.34	559.32	1.712	0.92876	1.4932	630.83	0.0057525	6.6489e-05	0.086033	supercritical
494.0	817.0	715.24	0.0013981	445.07	559.3	1.7111	0.9289	1.4928	632.29	0.0054467	6.667e-05	0.086208	supercritical
494.0	820.25	716.54	0.0013956	444.8	559.27	1.7101	0.92904	1.4924	633.75	0.0051438	6.6852e-05	0.086382	supercritical
494.0	823.5	717.84	0.0013931	444.53	559.25	1.7091	0.92918	1.492	635.2	0.0048438	6.7033e-05	0.086556	supercritical
494.0	826.75	719.13	0.0013906	444.26	559.22	1.7082	0.92932	1.4916	636.66	0.0045466	6.7213e-05	0.08673	supercritical
494.0	830.0	720.41	0.0013881	443.99	559.2	1.7072	0.92945	1.4912	638.1	0.0042523	6.7394e-05	0.086903	supercritical
494.0	833.25	721.69	0.0013856	443.72	559.18	1.7062	0.92959	1.4908	639.55	0.0039606	6.7574e-05	0.087076	supercritical
494.0	836.5	722.96	0.0013832	443.46	559.16	1.7053	0.92973	1.4904	640.99	0.0036718	6.7753e-05	0.087248	supercritical
494.0	839.75	724.23	0.0013808	443.2	559.15	1.7044	0.92987	1.49	642.43	0.0033856	6.7933e-05	0.087421	supercritical
494.0	843.0	725.48	0.0013784	442.93	559.13	1.7034	0.93	1.4896	643.87	0.0031021	6.8112e-05	0.087593	supercritical
494.0	846.25	726.74	0.001376	442.67	559.12	1.7025	0.93014	1.4893	645.3	0.0028212	6.829e-05	0.087764	supercritical
494.0	849.5	727.98	0.0013737	442.41	559.1	1.7015	0.93028	1.4889	646.74	0.0025429	6.8469e-05	0.087935	supercritical
494.0	852.75	729.22	0.0013713	442.15	559.09	1.7006	0.93042	1.4885	648.17	0.0022672	6.8647e-05	0.088106	supercritical
494.0	856.0	730.46	0.001369	441.9	559.08	1.6997	0.93055	1.4881	649.59	0.0019941	6.8825e-05	0.088277	supercritical
494.0	859.25	731.69	0.0013667	441.64	559.07	1.6988	0.93069	1.4877	651.02	0.0017234	6.9003e-05	0.088447	supercritical
494.0	862.5	732.91	0.0013644	441.38	559.07	1.6979	0.93083	1.4873	652.44	0.0014553	6.918e-05	0.088617	supercritical
494.0	865.75	734.13	0.0013622	441.13	559.06	1.697	0.93097	1.487	653.86	0.0011896	6.9357e-05	0.088786	supercritical
494.0	869.0	735.34	0.0013599	440.88	559.05	1.6961	0.9311	1.4866	655.27	0.00092627	6.9534e-05	0.088955	supercritical
494.0	872.25	736.54	0.0013577	440.63	559.05	1.6952	0.93124	1.4862	656.68	0.00066539	6.971e-05	0.089124	supercritical
494.0	875.5	737.74	0.0013555	440.37	559.05	1.6943	0.93138	1.4858	658.09	0.00040688	6.9887e-05	0.089293	supercritical
494.0	878.75	738.94	0.0013533	440.13	559.05	1.6934	0.93152	1.4855	659.5	0.00015071	7.0062e-05	0.089461	supercritical
494.0	882.0	740.13	0.0013511	439.88	559.05	1.6925	0.93165	1.4851	660.91	-0.00010314	7.0238e-05	0.089629	supercritical
494.0	885.25	741.31	0.001349	439.63	559.05	1.6916	0.93179	1.4847	662.31	-0.0003547	7.0413e-05	0.089797	supercritical
494.0	888.5	742.49	0.0013468	439.38	559.05	1.6907	0.93193	1.4844	663.71	-0.00060399	7.0588e-05	0.089964	supercritical
494.0	891.75	743.66	0.0013447	439.14	559.05	1.6898	0.93206	1.484	665.11	-0.00085105	7.0763e-05	0.090131	supercritical
494.0	895.0	744.83	0.0013426	438.9	559.06	1.6889	0.9322	1.4836	666.5	-0.0010959	7.0938e-05	0.090298	supercritical
494.0	898.25	745.99	0.0013405	438.65	559.06	1.6881	0.93234	1.4833	667.89	-0.0013386	7.1112e-05	0.090464	supercritical
494.0	901.5	747.15	0.0013384	438.41	559.07	1.6872	0.93248	1.4829	669.28	-0.001579	7.1286e-05	0.09063	supercritical
494.0	904.75	748.3	0.0013364	438.17	559.08	1.6863	0.93261	1.4825	670.66	-0.0018174	7.146e-05	0.090796	supercritical
494.0	908.0	749.44	0.0013343	437.93	559.09	1.6855	0.93275	1.4822	672.05	-0.0020536	7.1633e-05	0.090962	supercritical
494.0	911.25	750.58	0.0013323	437.69	559.1	1.6846	0.93289	1.4818	673.43	-0.0022878	7.1806e-05	0.091127	supercritical
494.0	914.5	751.72	0.0013303	437.46	559.11	1.6838	0.93303	1.4814	674.81	-0.0025199	7.1979e-05	0.091292	supercritical
494.0	917.75	752.85	0.0013283	437.22	559.12	1.6829	0.93316	1.4811	676.18	-0.0027499	7.2152e-05	0.091456	supercritical
494.0	921.0	753.98	0.0013263	436.98	559.14	1.6821	0.9333	1.4807	677.55	-0.0029779	7.2324e-05	0.091621	supercritical
494.0	924.25	755.1	0.0013243	436.75	559.15	1.6812	0.93344	1.4804	678.92	-0.0032039	7.2496e-05	0.091785	supercritical
494.0	927.5	756.21	0.0013224	436.52	559.17	1.6804	0.93357	1.48	680.29	-0.003428	7.2668e-05	0.091949	supercritical
494.0	930.75	757.32	0.0013204	436.28	559.18	1.6796	0.93371	1.4797	681.65	-0.00365	7.284e-05	0.092112	supercritical
494.0	934.0	758.43	0.0013185	436.05	559.2	1.6787	0.93385	1.4793	683.01	-0.0038702	7.3011e-05	0.092276	supercritical
494.0	937.25	759.53	0.0013166	435.82	559.22	1.6779	0.93399	1.479	684.37	-0.0040884	7.3182e-05	0.092439	supercritical
494.0	940.5	760.63	0.0013147	435.59	559.24	1.6771	0.93412	1.4786	685.73	-0.0043047	7.3353e-05	0.092601	supercritical
494.0	943.75	761.72	0.0013128	435.37	559.26	1.6763	0.93426	1.4783	687.08	-0.0045192	7.3523e-05	0.092764	supercritical
494.0	947.0	762.81	0.0013109	435.14	559.28	1.6754	0.9344	1.478	688.43	-0.0047318	7.3694e-05	0.092926	supercritical
494.0	950.25	763.89	0.0013091	434.91	559.31	1.6746	0.93453	1.4776	689.78	-0.0049426	7.3864e-05	0.093088	supercritical
494.0	953.5	764.97	0.0013072	434.69	559.33	1.6738	0.93467	1.4773	691.13	-0.0051515	7.4033e-05	0.09325	supercritical
494.0	956.75	766.04	0.0013054	434.46	559.36	1.673	0.93481	1.4769	692.47	-0.0053587	7.4203e-05	0.093411	supercritical
494.0	960.0	767.11	0.0013036	434.24	559.38	1.6722	0.93495	1.4766	693.81	-0.0055641	7.4372e-05	0.093572	supercritical
494.0	963.25	768.17	0.0013018	434.02	559.41	1.6714	0.93508	1.4763	695.15	-0.0057678	7.4541e-05	0.093733	supercritical
494.0	966.5	769.23	0.0013	433.79	559.44	1.6706	0.93522	1.4759	696.48	-0.0059697	7.471e-05	0.093894	supercritical
494.0	969.75	770.29	0.0012982	433.57	559.47	1.6698	0.93536	1.4756	697.81	-0.0061699	7.4879e-05	0.094055	supercritical
494.0	973.0	771.34	0.0012964	433.35	559.5	1.669	0.9355	1.4753	699.14	-0.0063684	7.5047e-05	0.094215	supercritical
494.0	976.25	772.38	0.0012947	433.13	559.53	1.6682	0.93563	1.475	700.47	-0.0065652	7.5215e-05	0.094375	supercritical
494.0	979.5	773.43	0.0012929	432.92	559.56	1.6674	0.93577	1.4746	701.79	-0.0067604	7.5383e-05	0.094534	supercritical
494.0	982.75	774.46	0.0012912	432.7	559.59	1.6667	0.93591	1.4743	703.12	-0.0069539	7.5551e-05	0.094694	supercritical
494.0	986.0	775.5	0.0012895	432.48	559.63	1.6659	0.93604	1.474	704.43	-0.0071458	7.5718e-05	0.094853	supercritical
494.0	989.25	776.53	0.0012878	432.27	559.66	1.6651	0.93618	1.4737	705.75	-0.007336	7.5885e-05	0.095012	supercritical
494.0	992.5	777.55	0.0012861	432.05	559.7	1.6643	0.93632	1.4734	707.06	-0.0075247	7.6052e-05	0.095171	supercritical
494.0	995.75	778.57	0.0012844	431.84	559.73	1.6636	0.93646	1.473	708.37	-0.0077119	7.6219e-05	0.09533	supercritical
494.0	999.0	779.59	0.0012827	431.63	559.77	1.6628	0.93659	1.4727	709.68	-0.0078974	7.6385e-05	0.095488	supercritical
494.0	1002.2	780.6	0.0012811	431.42	559.81	1.662	0.93673	1.4724	710.99	-0.0080814	7.6551e-05	0.095646	supercritical
494.0	1005.5	781.61	0.0012794	431.2	559.85	1.6613	0.93687	1.4721	712.29	-0.0082639	7.6717e-05	0.095804	supercritical
494.0	1008.8	782.62	0.0012778	430.99	559.89	1.6605	0.93701	1.4718	713.59	-0.0084449	7.6883e-05	0.095961	supercritical
494.0	1012.0	783.62	0.0012761	430.79	559.93	1.6597	0.93714	1.4715	714.89	-0.0086244	7.7049e-05	0.096119	supercritical
494.0	1015.2	784.61	0.0012745	430.58	559.97	1.659	0.93728	1.4712	716.19	-0.0088024	7.7214e-05	0.096276	supercritical
494.0	1018.5	785.6	0.0012729	430.37	560.01	1.6582	0.93742	1.4709	717.48	-0.008979	7.7379e-05	0.096433	supercritical
494.0	1021.8	786.59	0.0012713	430.16	560.06	1.6575	0.93755	1.4706	718.77	-0.0091541	7.7544e-05	0.09659	supercritical
494.0	1025.0	787.58	0.0012697	429.96	560.1	1.6567	0.93769	1.4703	720.06	-0.0093278	7.7709e-05	0.096746	supercritical
494.0	1028.2	788.56	0.0012681	429.75	560.15	1.656	0.93783	1.47	721.34	-0.0095	7.7873e-05	0.096903	supercritical
494.0	1031.5	789.54	0.0012666	429.55	560.19	1.6553	0.93797	1.4697	722.62	-0.0096709	7.8037e-05	0.097059	supercritical
494.0	1034.8	790.51	0.001265	429.34	560.24	1.6545	0.9381	1.4694	723.9	-0.0098404	7.8201e-05	0.097215	supercritical
494.0	1038.0	791.48	0.0012635	429.14	560.29	1.6538	0.93824	1.4691	725.18	-0.010009	7.8365e-05	0.097371	supercritical
494.0	1041.2	792.44	0.0012619	428.94	560.33	1.653	0.93838	1.4688	726.46	-0.010175	7.8529e-05	0.097526	supercritical
494.0	1044.5	793.41	0.0012604	428.74	560.38	1.6523	0.93852	1.4685	727.73	-0.010341	7.8692e-05	0.097681	supercritical
494.0	1047.8	794.37	0.0012589	428.54	560.43	1.6516	0.93865	1.4682	729.0	-0.010505	7.8855e-05	0.097837	supercritical
494.0	1051.0	795.32	0.0012574	428.34	560.48	1.6509	0.93879	1.4679	730.27	-0.010668	7.9018e-05	0.097991	supercritical
494.0	1054.2	796.27	0.0012559	428.14	560.54	1.6501	0.93893	1.4676	731.53	-0.010829	7.9181e-05	0.098146	supercritical
494.0	1057.5	797.22	0.0012544	427.94	560.59	1.6494	0.93907	1.4674	732.79	-0.010989	7.9343e-05	0.098301	supercritical
494.0	1060.8	798.16	0.0012529	427.74	560.64	1.6487	0.9392	1.4671	734.05	-0.011148	7.9506e-05	0.098455	supercritical
494.0	1064.0	799.1	0.0012514	427.54	560.69	1.648	0.93934	1.4668	735.31	-0.011306	7.9668e-05	0.098609	supercritical
494.0	1067.2	800.04	0.0012499	427.35	560.75	1.6473	0.93948	1.4665	736.56	-0.011462	7.983e-05	0.098763	supercritical
494.0	1070.5	800.97	0.0012485	427.15	560.8	1.6466	0.93962	1.4662	737.82	-0.011617	7.9991e-05	0.098917	supercritical
494.0	1073.8	801.9	0.001247	426.96	560.86	1.6459	0.93975	1.466	739.07	-0.011771	8.0153e-05	0.09907	supercritical
494.0	1077.0	802.83	0.0012456	426.76	560.91	1.6451	0.93989	1.4657	740.31	-0.011924	8.0314e-05	0.099224	supercritical
494.0	1080.2	803.75	0.0012442	426.57	560.97	1.6444	0.94003	1.4654	741.56	-0.012075	8.0475e-05	0.099377	supercritical
494.0	1083.5	804.67	0.0012427	426.38	561.03	1.6437	0.94017	1.4652	742.8	-0.012226	8.0636e-05	0.09953	supercritical
494.0	1086.8	805.59	0.0012413	426.19	561.09	1.643	0.9403	1.4649	744.04	-0.012375	8.0797e-05	0.099683	supercritical
494.0	1090.0	806.5	0.0012399	426.0	561.15	1.6423	0.94044	1.4646	745.28	-0.012523	8.0958e-05	0.099835	supercritical
494.0	1093.2	807.41	0.0012385	425.81	561.21	1.6417	0.94058	1.4643	746.51	-0.01267	8.1118e-05	0.099988	supercritical
494.0	1096.5	808.32	0.0012371	425.62	561.27	1.641	0.94072	1.4641	747.75	-0.012816	8.1278e-05	0.10014	supercritical
494.0	1099.8	809.22	0.0012358	425.43	561.33	1.6403	0.94085	1.4638	748.98	-0.01296	8.1438e-05	0.10029	supercritical
494.0	1103.0	810.12	0.0012344	425.24	561.39	1.6396	0.94099	1.4636	750.2	-0.013104	8.1598e-05	0.10044	supercritical
494.0	1106.2	811.02	0.001233	425.05	561.45	1.6389	0.94113	1.4633	751.43	-0.013246	8.1757e-05	0.1006	supercritical
494.0	1109.5	811.91	0.0012317	424.86	561.52	1.6382	0.94127	1.463	752.65	-0.013387	8.1917e-05	0.10075	supercritical
494.0	1112.8	812.8	0.0012303	424.68	561.58	1.6375	0.9414	1.4628	753.87	-0.013528	8.2076e-05	0.1009	supercritical
494.0	1116.0	813.69	0.001229	424.49	561.65	1.6369	0.94154	1.4625	755.09	-0.013667	8.2235e-05	0.10105	supercritical
494.0	1119.2	814.57	0.0012276	424.31	561.71	1.6362	0.94168	1.4623	756.31	-0.013805	8.2394e-05	0.1012	supercritical
494.0	1122.5	815.45	0.0012263	424.12	561.78	1.6355	0.94182	1.462	757.52	-0.013942	8.2553e-05	0.10135	supercritical
494.0	1125.8	816.33	0.001225	423.94	561.84	1.6348	0.94195	1.4618	758.73	-0.014078	8.2711e-05	0.1015	supercritical
494.0	1129.0	817.2	0.0012237	423.76	561.91	1.6342	0.94209	1.4615	759.94	-0.014213	8.2869e-05	0.10165	supercritical
494.0	1132.2	818.08	0.0012224	423.57	561.98	1.6335	0.94223	1.4613	761.15	-0.014347	8.3027e-05	0.1018	supercritical
494.0	1135.5	818.94	0.0012211	423.39	562.05	1.6328	0.94237	1.461	762.35	-0.01448	8.3185e-05	0.10195	supercritical
494.0	1138.8	819.81	0.0012198	423.21	562.12	1.6322	0.9425	1.4608	763.55	-0.014612	8.3343e-05	0.1021	supercritical
494.0	1142.0	820.67	0.0012185	423.03	562.19	1.6315	0.94264	1.4605	764.75	-0.014743	8.3501e-05	0.10225	supercritical
494.0	1145.2	821.53	0.0012172	422.85	562.26	1.6309	0.94278	1.4603	765.95	-0.014873	8.3658e-05	0.1024	supercritical
494.0	1148.5	822.39	0.001216	422.67	562.33	1.6302	0.94292	1.4601	767.15	-0.015002	8.3815e-05	0.10255	supercritical
494.0	1151.8	823.24	0.0012147	422.49	562.4	1.6295	0.94305	1.4598	768.34	-0.01513	8.3972e-05	0.1027	supercritical
494.0	1155.0	824.09	0.0012135	422.32	562.47	1.6289	0.94319	1.4596	769.53	-0.015257	8.4129e-05	0.10285	supercritical
494.0	1158.2	824.94	0.0012122	422.14	562.54	1.6282	0.94333	1.4594	770.72	-0.015383	8.4286e-05	0.103	supercritical
494.0	1161.5	825.79	0.001211	421.96	562.62	1.6276	0.94347	1.4591	771.9	-0.015508	8.4443e-05	0.10315	supercritical
494.0	1164.8	826.63	0.0012097	421.79	562.69	1.6269	0.9436	1.4589	773.09	-0.015632	8.4599e-05	0.1033	supercritical
494.0	1168.0	827.47	0.0012085	421.61	562.77	1.6263	0.94374	1.4587	774.27	-0.015756	8.4755e-05	0.10345	supercritical
494.0	1171.2	828.3	0.0012073	421.44	562.84	1.6257	0.94388	1.4584	775.45	-0.015878	8.4911e-05	0.1036	supercritical
494.0	1174.5	829.14	0.0012061	421.26	562.92	1.625	0.94402	1.4582	776.62	-0.016	8.5067e-05	0.10375	supercritical
494.0	1177.8	829.97	0.0012049	421.09	562.99	1.6244	0.94416	1.458	777.8	-0.016121	8.5223e-05	0.10389	supercritical
494.0	1181.0	830.8	0.0012037	420.92	563.07	1.6237	0.94429	1.4578	778.97	-0.016241	8.5378e-05	0.10404	supercritical
494.0	1184.2	831.62	0.0012025	420.74	563.15	1.6231	0.94443	1.4575	780.14	-0.01636	8.5534e-05	0.10419	supercritical
494.0	1187.5	832.44	0.0012013	420.57	563.22	1.6225	0.94457	1.4573	781.31	-0.016478	8.5689e-05	0.10434	supercritical
494.0	1190.8	833.26	0.0012001	420.4	563.3	1.6218	0.94471	1.4571	782.47	-0.016595	8.5844e-05	0.10449	supercritical
494.0	1194.0	834.08	0.0011989	420.23	563.38	1.6212	0.94484	1.4569	783.64	-0.016711	8.5999e-05	0.10463	supercritical
494.0	1197.2	834.9	0.0011978	420.06	563.46	1.6206	0.94498	1.4566	784.8	-0.016827	8.6154e-05	0.10478	supercritical
494.0	1200.5	835.71	0.0011966	419.89	563.54	1.62	0.94512	1.4564	785.96	-0.016942	8.6308e-05	0.10493	supercritical
494.0	1203.8	836.52	0.0011954	419.72	563.62	1.6193	0.94526	1.4562	787.11	-0.017056	8.6463e-05	0.10507	supercritical
494.0	1207.0	837.33	0.0011943	419.55	563.7	1.6187	0.94539	1.456	788.27	-0.017169	8.6617e-05	0.10522	supercritical
494.0	1210.2	838.13	0.0011931	419.38	563.78	1.6181	0.94553	1.4558	789.42	-0.017281	8.6771e-05	0.10537	supercritical
494.0	1213.5	838.93	0.001192	419.22	563.86	1.6175	0.94567	1.4556	790.57	-0.017393	8.6925e-05	0.10552	supercritical
494.0	1216.8	839.73	0.0011909	419.05	563.95	1.6169	0.94581	1.4554	791.72	-0.017504	8.7079e-05	0.10566	supercritical
494.0	1220.0	840.53	0.0011897	418.88	564.03	1.6162	0.94595	1.4552	792.87	-0.017614	8.7233e-05	0.10581	supercritical
494.0	1223.2	841.32	0.0011886	418.72	564.11	1.6156	0.94608	1.4549	794.01	-0.017723	8.7386e-05	0.10595	supercritical
494.0	1226.5	842.11	0.0011875	418.55	564.2	1.615	0.94622	1.4547	795.15	-0.017831	8.754e-05	0.1061	supercritical
494.0	1229.8	842.9	0.0011864	418.39	564.28	1.6144	0.94636	1.4545	796.29	-0.017939	8.7693e-05	0.10625	supercritical
494.0	1233.0	843.69	0.0011853	418.22	564.37	1.6138	0.9465	1.4543	797.43	-0.018046	8.7846e-05	0.10639	supercritical
494.0	1236.2	844.47	0.0011842	418.06	564.45	1.6132	0.94663	1.4541	798.57	-0.018152	8.7999e-05	0.10654	supercritical
494.0	1239.5	845.25	0.0011831	417.9	564.54	1.6126	0.94677	1.4539	799.7	-0.018258	8.8152e-05	0.10668	supercritical
494.0	1242.8	846.03	0.001182	417.73	564.63	1.612	0.94691	1.4537	800.83	-0.018362	8.8304e-05	0.10683	supercritical
494.0	1246.0	846.81	0.0011809	417.57	564.71	1.6114	0.94705	1.4535	801.96	-0.018466	8.8457e-05	0.10698	supercritical
494.0	1249.2	847.58	0.0011798	417.41	564.8	1.6108	0.94718	1.4533	803.09	-0.01857	8.8609e-05	0.10712	supercritical
494.0	1252.5	848.36	0.0011788	417.25	564.89	1.6102	0.94732	1.4531	804.21	-0.018672	8.8761e-05	0.10727	supercritical
494.0	1255.8	849.13	0.0011777	417.09	564.98	1.6096	0.94746	1.4529	805.34	-0.018774	8.8913e-05	0.10741	supercritical
494.0	1259.0	849.89	0.0011766	416.93	565.07	1.609	0.9476	1.4527	806.46	-0.018875	8.9065e-05	0.10756	supercritical
494.0	1262.2	850.66	0.0011756	416.77	565.15	1.6084	0.94774	1.4525	807.58	-0.018976	8.9217e-05	0.1077	supercritical
494.0	1265.5	851.42	0.0011745	416.61	565.24	1.6078	0.94787	1.4523	808.69	-0.019076	8.9369e-05	0.10785	supercritical
494.0	1268.8	852.18	0.0011735	416.45	565.33	1.6072	0.94801	1.4522	809.81	-0.019175	8.952e-05	0.10799	supercritical
494.0	1272.0	852.94	0.0011724	416.29	565.43	1.6066	0.94815	1.452	810.92	-0.019273	8.9672e-05	0.10813	supercritical
494.0	1275.2	853.69	0.0011714	416.14	565.52	1.606	0.94829	1.4518	812.03	-0.019371	8.9823e-05	0.10828	supercritical
494.0	1278.5	854.45	0.0011703	415.98	565.61	1.6055	0.94842	1.4516	813.14	-0.019468	8.9974e-05	0.10842	supercritical
494.0	1281.8	855.2	0.0011693	415.82	565.7	1.6049	0.94856	1.4514	814.25	-0.019565	9.0125e-05	0.10857	supercritical
494.0	1285.0	855.95	0.0011683	415.67	565.79	1.6043	0.9487	1.4512	815.35	-0.019661	9.0276e-05	0.10871	supercritical
494.0	1288.2	856.69	0.0011673	415.51	565.89	1.6037	0.94884	1.451	816.46	-0.019756	9.0426e-05	0.10885	supercritical
494.0	1291.5	857.44	0.0011663	415.36	565.98	1.6031	0.94897	1.4509	817.56	-0.019851	9.0577e-05	0.109	supercritical
494.0	1294.8	858.18	0.0011653	415.2	566.07	1.6026	0.94911	1.4507	818.66	-0.019945	9.0727e-05	0.10914	supercritical
494.0	1298.0	858.92	0.0011643	415.05	566.17	1.602	0.94925	1.4505	819.76	-0.020038	9.0878e-05	0.10929	supercritical
494.0	1301.2	859.66	0.0011633	414.89	566.26	1.6014	0.94939	1.4503	820.85	-0.020131	9.1028e-05	0.10943	supercritical
494.0	1304.5	860.39	0.0011623	414.74	566.36	1.6008	0.94953	1.4501	821.94	-0.020223	9.1178e-05	0.10957	supercritical
494.0	1307.8	861.13	0.0011613	414.59	566.45	1.6003	0.94966	1.45	823.04	-0.020314	9.1328e-05	0.10972	supercritical
494.0	1311.0	861.86	0.0011603	414.44	566.55	1.5997	0.9498	1.4498	824.13	-0.020405	9.1477e-05	0.10986	supercritical
494.0	1314.2	862.59	0.0011593	414.28	566.64	1.5991	0.94994	1.4496	825.21	-0.020495	9.1627e-05	0.11	supercritical
494.0	1317.5	863.32	0.0011583	414.13	566.74	1.5986	0.95008	1.4494	826.3	-0.020585	9.1776e-05	0.11015	supercritical
494.0	1320.8	864.04	0.0011574	413.98	566.84	1.598	0.95021	1.4493	827.38	-0.020674	9.1926e-05	0.11029	supercritical
494.0	1324.0	864.76	0.0011564	413.83	566.94	1.5974	0.95035	1.4491	828.46	-0.020763	9.2075e-05	0.11043	supercritical
494.0	1327.2	865.49	0.0011554	413.68	567.03	1.5969	0.95049	1.4489	829.54	-0.020851	9.2224e-05	0.11057	supercritical
494.0	1330.5	866.2	0.0011545	413.53	567.13	1.5963	0.95063	1.4487	830.62	-0.020938	9.2373e-05	0.11072	supercritical
494.0	1333.8	866.92	0.0011535	413.38	567.23	1.5958	0.95076	1.4486	831.7	-0.021025	9.2522e-05	0.11086	supercritical
494.0	1337.0	867.64	0.0011526	413.23	567.33	1.5952	0.9509	1.4484	832.77	-0.021111	9.2671e-05	0.111	supercritical
494.0	1340.2	868.35	0.0011516	413.09	567.43	1.5946	0.95104	1.4482	833.85	-0.021197	9.282e-05	0.11114	supercritical
494.0	1343.5	869.06	0.0011507	412.94	567.53	1.5941	0.95118	1.4481	834.92	-0.021282	9.2968e-05	0.11128	supercritical
494.0	1346.8	869.77	0.0011497	412.79	567.63	1.5935	0.95131	1.4479	835.98	-0.021367	9.3117e-05	0.11143	supercritical
494.0	1350.0	870.48	0.0011488	412.64	567.73	1.593	0.95145	1.4477	837.05	-0.021451	9.3265e-05	0.11157	supercritical
494.0	1353.2	871.18	0.0011479	412.5	567.83	1.5924	0.95159	1.4476	838.12	-0.021535	9.3413e-05	0.11171	supercritical
494.0	1356.5	871.88	0.0011469	412.35	567.93	1.5919	0.95173	1.4474	839.18	-0.021618	9.3561e-05	0.11185	supercritical
494.0	1359.8	872.58	0.001146	412.21	568.04	1.5913	0.95187	1.4472	840.24	-0.0217	9.3709e-05	0.11199	supercritical
494.0	1363.0	873.28	0.0011451	412.06	568.14	1.5908	0.952	1.4471	841.3	-0.021782	9.3857e-05	0.11213	supercritical
494.0	1366.2	873.98	0.0011442	411.92	568.24	1.5902	0.95214	1.4469	842.36	-0.021864	9.4004e-05	0.11228	supercritical
494.0	1369.5	874.68	0.0011433	411.77	568.34	1.5897	0.95228	1.4468	843.41	-0.021945	9.4152e-05	0.11242	supercritical
494.0	1372.8	875.37	0.0011424	411.63	568.45	1.5891	0.95242	1.4466	844.47	-0.022025	9.4299e-05	0.11256	supercritical
494.0	1376.0	876.06	0.0011415	411.48	568.55	1.5886	0.95255	1.4465	845.52	-0.022105	9.4447e-05	0.1127	supercritical
494.0	1379.2	876.75	0.0011406	411.34	568.66	1.5881	0.95269	1.4463	846.57	-0.022184	9.4594e-05	0.11284	supercritical
494.0	1382.5	877.44	0.0011397	411.2	568.76	1.5875	0.95283	1.4461	847.62	-0.022263	9.4741e-05	0.11298	supercritical
494.0	1385.8	878.12	0.0011388	411.06	568.86	1.587	0.95297	1.446	848.67	-0.022342	9.4888e-05	0.11312	supercritical
494.0	1389.0	878.81	0.0011379	410.91	568.97	1.5865	0.9531	1.4458	849.71	-0.02242	9.5035e-05	0.11326	supercritical
494.0	1392.2	879.49	0.001137	410.77	569.08	1.5859	0.95324	1.4457	850.76	-0.022497	9.5182e-05	0.1134	supercritical
494.0	1395.5	880.17	0.0011361	410.63	569.18	1.5854	0.95338	1.4455	851.8	-0.022574	9.5329e-05	0.11354	supercritical
494.0	1398.8	880.85	0.0011353	410.49	569.29	1.5849	0.95352	1.4454	852.84	-0.022651	9.5475e-05	0.11369	supercritical
494.0	1402.0	881.52	0.0011344	410.35	569.39	1.5843	0.95365	1.4452	853.88	-0.022727	9.5622e-05	0.11383	supercritical
494.0	1405.2	882.2	0.0011335	410.21	569.5	1.5838	0.95379	1.4451	854.91	-0.022803	9.5768e-05	0.11397	supercritical
494.0	1408.5	882.87	0.0011327	410.07	569.61	1.5833	0.95393	1.4449	855.95	-0.022878	9.5914e-05	0.11411	supercritical
494.0	1411.8	883.54	0.0011318	409.93	569.72	1.5827	0.95407	1.4448	856.98	-0.022952	9.606e-05	0.11425	supercritical
494.0	1415.0	884.21	0.001131	409.79	569.82	1.5822	0.9542	1.4446	858.01	-0.023027	9.6206e-05	0.11439	supercritical
494.0	1418.2	884.88	0.0011301	409.66	569.93	1.5817	0.95434	1.4445	859.04	-0.0231	9.6352e-05	0.11453	supercritical
494.0	1421.5	885.54	0.0011293	409.52	570.04	1.5812	0.95448	1.4444	860.07	-0.023174	9.6498e-05	0.11467	supercritical
494.0	1424.8	886.21	0.0011284	409.38	570.15	1.5806	0.95461	1.4442	861.1	-0.023247	9.6644e-05	0.11481	supercritical
494.0	1428.0	886.87	0.0011276	409.24	570.26	1.5801	0.95475	1.4441	862.12	-0.023319	9.6789e-05	0.11495	supercritical
494.0	1431.2	887.53	0.0011267	409.11	570.37	1.5796	0.95489	1.4439	863.14	-0.023391	9.6935e-05	0.11509	supercritical
494.0	1434.5	888.19	0.0011259	408.97	570.48	1.5791	0.95503	1.4438	864.16	-0.023463	9.708e-05	0.11522	supercritical
494.0	1437.8	888.85	0.0011251	408.83	570.59	1.5786	0.95516	1.4436	865.18	-0.023534	9.7226e-05	0.11536	supercritical
494.0	1441.0	889.5	0.0011242	408.7	570.7	1.5781	0.9553	1.4435	866.2	-0.023605	9.7371e-05	0.1155	supercritical
494.0	1444.2	890.16	0.0011234	408.56	570.81	1.5775	0.95544	1.4434	867.22	-0.023675	9.7516e-05	0.11564	supercritical
494.0	1447.5	890.81	0.0011226	408.43	570.92	1.577	0.95558	1.4432	868.23	-0.023745	9.7661e-05	0.11578	supercritical
494.0	1450.8	891.46	0.0011218	408.29	571.03	1.5765	0.95571	1.4431	869.25	-0.023814	9.7806e-05	0.11592	supercritical
494.0	1454.0	892.11	0.0011209	408.16	571.14	1.576	0.95585	1.443	870.26	-0.023883	9.7951e-05	0.11606	supercritical
494.0	1457.2	892.75	0.0011201	408.03	571.26	1.5755	0.95599	1.4428	871.27	-0.023952	9.8095e-05	0.1162	supercritical
494.0	1460.5	893.4	0.0011193	407.89	571.37	1.575	0.95613	1.4427	872.27	-0.02402	9.824e-05	0.11634	supercritical
494.0	1463.8	894.04	0.0011185	407.76	571.48	1.5745	0.95626	1.4425	873.28	-0.024088	9.8385e-05	0.11648	supercritical
494.0	1467.0	894.68	0.0011177	407.63	571.59	1.574	0.9564	1.4424	874.29	-0.024156	9.8529e-05	0.11662	supercritical
494.0	1470.2	895.32	0.0011169	407.49	571.71	1.5735	0.95654	1.4423	875.29	-0.024223	9.8673e-05	0.11675	supercritical
494.0	1473.5	895.96	0.0011161	407.36	571.82	1.573	0.95667	1.4421	876.29	-0.024289	9.8818e-05	0.11689	supercritical
494.0	1476.8	896.6	0.0011153	407.23	571.94	1.5725	0.95681	1.442	877.29	-0.024356	9.8962e-05	0.11703	supercritical
494.0	1480.0	897.24	0.0011145	407.1	572.05	1.572	0.95695	1.4419	878.29	-0.024422	9.9106e-05	0.11717	supercritical
494.0	1483.2	897.87	0.0011137	406.97	572.16	1.5714	0.95709	1.4418	879.28	-0.024487	9.925e-05	0.11731	supercritical
494.0	1486.5	898.5	0.001113	406.84	572.28	1.5709	0.95722	1.4416	880.28	-0.024552	9.9393e-05	0.11745	supercritical
494.0	1489.8	899.13	0.0011122	406.71	572.39	1.5705	0.95736	1.4415	881.27	-0.024617	9.9537e-05	0.11758	supercritical
494.0	1493.0	899.76	0.0011114	406.58	572.51	1.57	0.9575	1.4414	882.27	-0.024681	9.9681e-05	0.11772	supercritical
494.0	1496.2	900.39	0.0011106	406.45	572.63	1.5695	0.95763	1.4412	883.26	-0.024745	9.9824e-05	0.11786	supercritical
494.0	1499.5	901.02	0.0011099	406.32	572.74	1.569	0.95777	1.4411	884.24	-0.024809	9.9968e-05	0.118	supercritical
494.0	1502.8	901.64	0.0011091	406.19	572.86	1.5685	0.95791	1.441	885.23	-0.024872	0.00010011	0.11814	supercritical
494.0	1506.0	902.26	0.0011083	406.06	572.98	1.568	0.95805	1.4409	886.22	-0.024935	0.00010025	0.11827	supercritical
494.0	1509.2	902.89	0.0011076	405.93	573.09	1.5675	0.95818	1.4407	887.2	-0.024998	0.0001004	0.11841	supercritical
494.0	1512.5	903.51	0.0011068	405.81	573.21	1.567	0.95832	1.4406	888.18	-0.02506	0.00010054	0.11855	supercritical
494.0	1515.8	904.12	0.001106	405.68	573.33	1.5665	0.95846	1.4405	889.17	-0.025122	0.00010068	0.11869	supercritical
494.0	1519.0	904.74	0.0011053	405.55	573.44	1.566	0.95859	1.4404	890.14	-0.025183	0.00010083	0.11882	supercritical
494.0	1522.2	905.36	0.0011045	405.42	573.56	1.5655	0.95873	1.4403	891.12	-0.025245	0.00010097	0.11896	supercritical
494.0	1525.5	905.97	0.0011038	405.3	573.68	1.565	0.95887	1.4401	892.1	-0.025305	0.00010111	0.1191	supercritical
494.0	1528.8	906.58	0.001103	405.17	573.8	1.5645	0.959	1.44	893.07	-0.025366	0.00010126	0.11924	supercritical
494.0	1532.0	907.2	0.0011023	405.05	573.92	1.5641	0.95914	1.4399	894.05	-0.025426	0.0001014	0.11937	supercritical
494.0	1535.2	907.8	0.0011016	404.92	574.04	1.5636	0.95928	1.4398	895.02	-0.025486	0.00010154	0.11951	supercritical
494.0	1538.5	908.41	0.0011008	404.8	574.16	1.5631	0.95942	1.4397	895.99	-0.025545	0.00010168	0.11965	supercritical
494.0	1541.8	909.02	0.0011001	404.67	574.28	1.5626	0.95955	1.4395	896.96	-0.025604	0.00010182	0.11978	supercritical
494.0	1545.0	909.63	0.0010994	404.55	574.4	1.5621	0.95969	1.4394	897.93	-0.025663	0.00010197	0.11992	supercritical
494.0	1548.2	910.23	0.0010986	404.42	574.52	1.5617	0.95983	1.4393	898.89	-0.025722	0.00010211	0.12006	supercritical
494.0	1551.5	910.83	0.0010979	404.3	574.64	1.5612	0.95996	1.4392	899.86	-0.02578	0.00010225	0.1202	supercritical
494.0	1554.8	911.43	0.0010972	404.17	574.76	1.5607	0.9601	1.4391	900.82	-0.025838	0.00010239	0.12033	supercritical
494.0	1558.0	912.03	0.0010965	404.05	574.88	1.5602	0.96024	1.439	901.78	-0.025895	0.00010254	0.12047	supercritical
494.0	1561.2	912.63	0.0010957	403.93	575.0	1.5597	0.96037	1.4389	902.74	-0.025952	0.00010268	0.12061	supercritical
494.0	1564.5	913.23	0.001095	403.81	575.12	1.5593	0.96051	1.4387	903.7	-0.026009	0.00010282	0.12074	supercritical
494.0	1567.8	913.82	0.0010943	403.68	575.24	1.5588	0.96065	1.4386	904.66	-0.026066	0.00010296	0.12088	supercritical
494.0	1571.0	914.42	0.0010936	403.56	575.37	1.5583	0.96078	1.4385	905.61	-0.026122	0.0001031	0.12101	supercritical
494.0	1574.2	915.01	0.0010929	403.44	575.49	1.5579	0.96092	1.4384	906.57	-0.026178	0.00010324	0.12115	supercritical
494.0	1577.5	915.6	0.0010922	403.32	575.61	1.5574	0.96106	1.4383	907.52	-0.026234	0.00010339	0.12129	supercritical
494.0	1580.8	916.19	0.0010915	403.2	575.73	1.5569	0.96119	1.4382	908.47	-0.026289	0.00010353	0.12142	supercritical
494.0	1584.0	916.78	0.0010908	403.08	575.86	1.5564	0.96133	1.4381	909.42	-0.026344	0.00010367	0.12156	supercritical
494.0	1587.2	917.37	0.0010901	402.96	575.98	1.556	0.96147	1.438	910.37	-0.026399	0.00010381	0.1217	supercritical
494.0	1590.5	917.95	0.0010894	402.84	576.1	1.5555	0.9616	1.4379	911.32	-0.026453	0.00010395	0.12183	supercritical
494.0	1593.8	918.54	0.0010887	402.72	576.23	1.555	0.96174	1.4378	912.26	-0.026507	0.00010409	0.12197	supercritical
494.0	1597.0	919.12	0.001088	402.6	576.35	1.5546	0.96188	1.4377	913.2	-0.026561	0.00010423	0.1221	supercritical
494.0	1600.2	919.7	0.0010873	402.48	576.47	1.5541	0.96201	1.4375	914.15	-0.026615	0.00010437	0.12224	supercritical
494.0	1603.5	920.28	0.0010866	402.36	576.6	1.5537	0.96215	1.4374	915.09	-0.026668	0.00010451	0.12238	supercritical
494.0	1606.8	920.86	0.0010859	402.24	576.72	1.5532	0.96229	1.4373	916.03	-0.026721	0.00010465	0.12251	supercritical
494.0	1610.0	921.44	0.0010853	402.12	576.85	1.5527	0.96242	1.4372	916.97	-0.026774	0.0001048	0.12265	supercritical
494.0	1613.2	922.02	0.0010846	402.0	576.97	1.5523	0.96256	1.4371	917.9	-0.026826	0.00010494	0.12278	supercritical
494.0	1616.5	922.59	0.0010839	401.89	577.1	1.5518	0.96269	1.437	918.84	-0.026878	0.00010508	0.12292	supercritical
494.0	1619.8	923.16	0.0010832	401.77	577.22	1.5513	0.96283	1.4369	919.77	-0.02693	0.00010522	0.12305	supercritical
494.0	1623.0	923.74	0.0010826	401.65	577.35	1.5509	0.96297	1.4368	920.71	-0.026982	0.00010536	0.12319	supercritical
494.0	1626.2	924.31	0.0010819	401.53	577.48	1.5504	0.9631	1.4367	921.64	-0.027033	0.0001055	0.12332	supercritical
494.0	1629.5	924.88	0.0010812	401.42	577.6	1.55	0.96324	1.4366	922.57	-0.027084	0.00010564	0.12346	supercritical
494.0	1632.8	925.45	0.0010806	401.3	577.73	1.5495	0.96338	1.4365	923.5	-0.027135	0.00010578	0.12359	supercritical
494.0	1636.0	926.02	0.0010799	401.19	577.86	1.5491	0.96351	1.4364	924.43	-0.027185	0.00010592	0.12373	supercritical
494.0	1639.2	926.58	0.0010792	401.07	577.98	1.5486	0.96365	1.4363	925.35	-0.027236	0.00010606	0.12387	supercritical
494.0	1642.5	927.15	0.0010786	400.95	578.11	1.5482	0.96378	1.4362	926.28	-0.027286	0.0001062	0.124	supercritical
494.0	1645.8	927.71	0.0010779	400.84	578.24	1.5477	0.96392	1.4361	927.2	-0.027335	0.00010634	0.12414	supercritical
494.0	1649.0	928.27	0.0010773	400.72	578.37	1.5473	0.96406	1.436	928.12	-0.027385	0.00010648	0.12427	supercritical
494.0	1652.2	928.83	0.0010766	400.61	578.49	1.5468	0.96419	1.4359	929.04	-0.027434	0.00010662	0.12441	supercritical
494.0	1655.5	929.39	0.001076	400.5	578.62	1.5464	0.96433	1.4358	929.96	-0.027483	0.00010676	0.12454	supercritical
494.0	1658.8	929.95	0.0010753	400.38	578.75	1.5459	0.96447	1.4357	930.88	-0.027532	0.0001069	0.12467	supercritical
494.0	1662.0	930.51	0.0010747	400.27	578.88	1.5455	0.9646	1.4356	931.8	-0.02758	0.00010704	0.12481	supercritical
494.0	1665.2	931.07	0.001074	400.15	579.01	1.545	0.96474	1.4355	932.71	-0.027628	0.00010717	0.12494	supercritical
494.0	1668.5	931.62	0.0010734	400.04	579.14	1.5446	0.96487	1.4354	933.63	-0.027676	0.00010731	0.12508	supercritical
494.0	1671.8	932.18	0.0010728	399.93	579.27	1.5441	0.96501	1.4354	934.54	-0.027724	0.00010745	0.12521	supercritical
494.0	1675.0	932.73	0.0010721	399.81	579.4	1.5437	0.96515	1.4353	935.45	-0.027771	0.00010759	0.12535	supercritical
494.0	1678.2	933.28	0.0010715	399.7	579.52	1.5432	0.96528	1.4352	936.36	-0.027819	0.00010773	0.12548	supercritical
494.0	1681.5	933.83	0.0010709	399.59	579.65	1.5428	0.96542	1.4351	937.27	-0.027866	0.00010787	0.12562	supercritical
494.0	1684.8	934.38	0.0010702	399.48	579.78	1.5424	0.96555	1.435	938.18	-0.027912	0.00010801	0.12575	supercritical
494.0	1688.0	934.93	0.0010696	399.37	579.92	1.5419	0.96569	1.4349	939.08	-0.027959	0.00010815	0.12589	supercritical
494.0	1691.2	935.48	0.001069	399.26	580.05	1.5415	0.96583	1.4348	939.99	-0.028005	0.00010829	0.12602	supercritical
494.0	1694.5	936.02	0.0010684	399.14	580.18	1.541	0.96596	1.4347	940.89	-0.028051	0.00010843	0.12615	supercritical
494.0	1697.8	936.57	0.0010677	399.03	580.31	1.5406	0.9661	1.4346	941.8	-0.028097	0.00010857	0.12629	supercritical
494.0	1701.0	937.11	0.0010671	398.92	580.44	1.5402	0.96623	1.4345	942.7	-0.028142	0.0001087	0.12642	supercritical
494.0	1704.2	937.65	0.0010665	398.81	580.57	1.5397	0.96637	1.4344	943.6	-0.028188	0.00010884	0.12656	supercritical
494.0	1707.5	938.19	0.0010659	398.7	580.7	1.5393	0.9665	1.4344	944.5	-0.028233	0.00010898	0.12669	supercritical
494.0	1710.8	938.73	0.0010653	398.59	580.83	1.5389	0.96664	1.4343	945.39	-0.028278	0.00010912	0.12682	supercritical
494.0	1714.0	939.27	0.0010647	398.48	580.96	1.5384	0.96678	1.4342	946.29	-0.028322	0.00010926	0.12696	supercritical
494.0	1717.2	939.81	0.001064	398.37	581.1	1.538	0.96691	1.4341	947.18	-0.028367	0.0001094	0.12709	supercritical
494.0	1720.5	940.35	0.0010634	398.27	581.23	1.5376	0.96705	1.434	948.08	-0.028411	0.00010953	0.12723	supercritical
494.0	1723.8	940.88	0.0010628	398.16	581.36	1.5371	0.96718	1.4339	948.97	-0.028455	0.00010967	0.12736	supercritical
494.0	1727.0	941.42	0.0010622	398.05	581.49	1.5367	0.96732	1.4338	949.86	-0.028498	0.00010981	0.12749	supercritical
494.0	1730.2	941.95	0.0010616	397.94	581.63	1.5363	0.96745	1.4337	950.75	-0.028542	0.00010995	0.12763	supercritical
494.0	1733.5	942.48	0.001061	397.83	581.76	1.5358	0.96759	1.4337	951.64	-0.028585	0.00011009	0.12776	supercritical
494.0	1736.8	943.02	0.0010604	397.72	581.89	1.5354	0.96772	1.4336	952.53	-0.028628	0.00011023	0.12789	supercritical
494.0	1740.0	943.55	0.0010598	397.62	582.03	1.535	0.96786	1.4335	953.41	-0.028671	0.00011036	0.12803	supercritical
494.0	1743.2	944.07	0.0010592	397.51	582.16	1.5346	0.968	1.4334	954.3	-0.028714	0.0001105	0.12816	supercritical
494.0	1746.5	944.6	0.0010586	397.4	582.29	1.5341	0.96813	1.4333	955.18	-0.028756	0.00011064	0.12829	supercritical
494.0	1749.8	945.13	0.0010581	397.3	582.43	1.5337	0.96827	1.4332	956.07	-0.028799	0.00011078	0.12843	supercritical
494.0	1753.0	945.65	0.0010575	397.19	582.56	1.5333	0.9684	1.4332	956.95	-0.028841	0.00011091	0.12856	supercritical
494.0	1756.2	946.18	0.0010569	397.08	582.7	1.5329	0.96854	1.4331	957.83	-0.028882	0.00011105	0.12869	supercritical
494.0	1759.5	946.7	0.0010563	396.98	582.83	1.5324	0.96867	1.433	958.71	-0.028924	0.00011119	0.12883	supercritical
494.0	1762.8	947.23	0.0010557	396.87	582.97	1.532	0.96881	1.4329	959.58	-0.028966	0.00011133	0.12896	supercritical
494.0	1766.0	947.75	0.0010551	396.77	583.1	1.5316	0.96894	1.4328	960.46	-0.029007	0.00011146	0.12909	supercritical
494.0	1769.2	948.27	0.0010546	396.66	583.24	1.5312	0.96908	1.4328	961.33	-0.029048	0.0001116	0.12923	supercritical
494.0	1772.5	948.79	0.001054	396.55	583.37	1.5308	0.96921	1.4327	962.21	-0.029089	0.00011174	0.12936	supercritical
494.0	1775.8	949.31	0.0010534	396.45	583.51	1.5303	0.96935	1.4326	963.08	-0.029129	0.00011188	0.12949	supercritical
494.0	1779.0	949.82	0.0010528	396.35	583.64	1.5299	0.96948	1.4325	963.95	-0.02917	0.00011201	0.12963	supercritical
494.0	1782.2	950.34	0.0010523	396.24	583.78	1.5295	0.96962	1.4324	964.82	-0.02921	0.00011215	0.12976	supercritical
494.0	1785.5	950.85	0.0010517	396.14	583.92	1.5291	0.96975	1.4324	965.69	-0.02925	0.00011229	0.12989	supercritical
494.0	1788.8	951.37	0.0010511	396.03	584.05	1.5287	0.96989	1.4323	966.56	-0.02929	0.00011243	0.13002	supercritical
494.0	1792.0	951.88	0.0010506	395.93	584.19	1.5283	0.97002	1.4322	967.43	-0.029329	0.00011256	0.13016	supercritical
494.0	1795.2	952.39	0.00105	395.83	584.32	1.5278	0.97016	1.4321	968.29	-0.029369	0.0001127	0.13029	supercritical
494.0	1798.5	952.91	0.0010494	395.72	584.46	1.5274	0.97029	1.4321	969.16	-0.029408	0.00011284	0.13042	supercritical
494.0	1801.8	953.42	0.0010489	395.62	584.6	1.527	0.97043	1.432	970.02	-0.029447	0.00011297	0.13056	supercritical
494.0	1805.0	953.92	0.0010483	395.52	584.74	1.5266	0.97056	1.4319	970.89	-0.029486	0.00011311	0.13069	supercritical
494.0	1808.2	954.43	0.0010477	395.41	584.87	1.5262	0.9707	1.4318	971.75	-0.029525	0.00011325	0.13082	supercritical
494.0	1811.5	954.94	0.0010472	395.31	585.01	1.5258	0.97083	1.4318	972.61	-0.029563	0.00011338	0.13095	supercritical
494.0	1814.8	955.45	0.0010466	395.21	585.15	1.5254	0.97097	1.4317	973.47	-0.029602	0.00011352	0.13109	supercritical
494.0	1818.0	955.95	0.0010461	395.11	585.29	1.525	0.9711	1.4316	974.32	-0.02964	0.00011366	0.13122	supercritical
494.0	1821.2	956.46	0.0010455	395.01	585.42	1.5246	0.97124	1.4315	975.18	-0.029678	0.00011379	0.13135	supercritical
494.0	1824.5	956.96	0.001045	394.91	585.56	1.5241	0.97137	1.4315	976.04	-0.029715	0.00011393	0.13148	supercritical
494.0	1827.8	957.46	0.0010444	394.8	585.7	1.5237	0.97151	1.4314	976.89	-0.029753	0.00011407	0.13161	supercritical
494.0	1831.0	957.96	0.0010439	394.7	585.84	1.5233	0.97164	1.4313	977.74	-0.02979	0.0001142	0.13175	supercritical
494.0	1834.2	958.46	0.0010433	394.6	585.98	1.5229	0.97178	1.4312	978.6	-0.029828	0.00011434	0.13188	supercritical
494.0	1837.5	958.96	0.0010428	394.5	586.12	1.5225	0.97191	1.4312	979.45	-0.029865	0.00011448	0.13201	supercritical
494.0	1840.8	959.46	0.0010423	394.4	586.26	1.5221	0.97204	1.4311	980.3	-0.029902	0.00011461	0.13214	supercritical
494.0	1844.0	959.96	0.0010417	394.3	586.39	1.5217	0.97218	1.431	981.15	-0.029938	0.00011475	0.13228	supercritical
494.0	1847.2	960.45	0.0010412	394.2	586.53	1.5213	0.97231	1.431	981.99	-0.029975	0.00011488	0.13241	supercritical
494.0	1850.5	960.95	0.0010406	394.1	586.67	1.5209	0.97245	1.4309	982.84	-0.030011	0.00011502	0.13254	supercritical
494.0	1853.8	961.44	0.0010401	394.0	586.81	1.5205	0.97258	1.4308	983.69	-0.030048	0.00011516	0.13267	supercritical
494.0	1857.0	961.94	0.0010396	393.9	586.95	1.5201	0.97272	1.4307	984.53	-0.030084	0.00011529	0.1328	supercritical
494.0	1860.2	962.43	0.001039	393.81	587.09	1.5197	0.97285	1.4307	985.37	-0.030119	0.00011543	0.13294	supercritical
494.0	1863.5	962.92	0.0010385	393.71	587.23	1.5193	0.97299	1.4306	986.22	-0.030155	0.00011556	0.13307	supercritical
494.0	1866.8	963.41	0.001038	393.61	587.37	1.5189	0.97312	1.4305	987.06	-0.030191	0.0001157	0.1332	supercritical
494.0	1870.0	963.9	0.0010374	393.51	587.51	1.5185	0.97325	1.4305	987.9	-0.030226	0.00011584	0.13333	supercritical
494.0	1873.2	964.39	0.0010369	393.41	587.65	1.5181	0.97339	1.4304	988.74	-0.030261	0.00011597	0.13346	supercritical
494.0	1876.5	964.88	0.0010364	393.31	587.79	1.5177	0.97352	1.4303	989.57	-0.030296	0.00011611	0.13359	supercritical
494.0	1879.8	965.37	0.0010359	393.22	587.94	1.5173	0.97366	1.4303	990.41	-0.030331	0.00011624	0.13373	supercritical
494.0	1883.0	965.85	0.0010354	393.12	588.08	1.5169	0.97379	1.4302	991.25	-0.030366	0.00011638	0.13386	supercritical
494.0	1886.2	966.34	0.0010348	393.02	588.22	1.5165	0.97393	1.4301	992.08	-0.030401	0.00011651	0.13399	supercritical
494.0	1889.5	966.82	0.0010343	392.93	588.36	1.5161	0.97406	1.4301	992.91	-0.030435	0.00011665	0.13412	supercritical
494.0	1892.8	967.31	0.0010338	392.83	588.5	1.5157	0.97419	1.43	993.75	-0.030469	0.00011678	0.13425	supercritical
494.0	1896.0	967.79	0.0010333	392.73	588.64	1.5153	0.97433	1.4299	994.58	-0.030503	0.00011692	0.13438	supercritical
494.0	1899.2	968.27	0.0010328	392.64	588.78	1.515	0.97446	1.4299	995.41	-0.030537	0.00011706	0.13451	supercritical
494.0	1902.5	968.75	0.0010323	392.54	588.93	1.5146	0.9746	1.4298	996.24	-0.030571	0.00011719	0.13465	supercritical
494.0	1905.8	969.23	0.0010317	392.44	589.07	1.5142	0.97473	1.4297	997.07	-0.030605	0.00011733	0.13478	supercritical
494.0	1909.0	969.71	0.0010312	392.35	589.21	1.5138	0.97486	1.4297	997.89	-0.030638	0.00011746	0.13491	supercritical
494.0	1912.2	970.19	0.0010307	392.25	589.35	1.5134	0.975	1.4296	998.72	-0.030671	0.0001176	0.13504	supercritical
494.0	1915.5	970.67	0.0010302	392.16	589.5	1.513	0.97513	1.4296	999.54	-0.030705	0.00011773	0.13517	supercritical
494.0	1918.8	971.14	0.0010297	392.06	589.64	1.5126	0.97526	1.4295	1000.4	-0.030738	0.00011787	0.1353	supercritical
494.0	1922.0	971.62	0.0010292	391.97	589.78	1.5122	0.9754	1.4294	1001.2	-0.03077	0.000118	0.13543	supercritical
494.0	1925.2	972.09	0.0010287	391.87	589.92	1.5118	0.97553	1.4294	1002.0	-0.030803	0.00011814	0.13556	supercritical
494.0	1928.5	972.57	0.0010282	391.78	590.07	1.5115	0.97567	1.4293	1002.8	-0.030836	0.00011827	0.13569	supercritical
494.0	1931.8	973.04	0.0010277	391.68	590.21	1.5111	0.9758	1.4292	1003.7	-0.030868	0.00011841	0.13583	supercritical
494.0	1935.0	973.51	0.0010272	391.59	590.35	1.5107	0.97593	1.4292	1004.5	-0.0309	0.00011854	0.13596	supercritical
494.0	1938.2	973.98	0.0010267	391.5	590.5	1.5103	0.97607	1.4291	1005.3	-0.030933	0.00011868	0.13609	supercritical
494.0	1941.5	974.45	0.0010262	391.4	590.64	1.5099	0.9762	1.4291	1006.1	-0.030965	0.00011881	0.13622	supercritical
494.0	1944.8	974.92	0.0010257	391.31	590.79	1.5095	0.97633	1.429	1006.9	-0.030996	0.00011895	0.13635	supercritical
494.0	1948.0	975.39	0.0010252	391.22	590.93	1.5091	0.97647	1.4289	1007.7	-0.031028	0.00011908	0.13648	supercritical
494.0	1951.2	975.86	0.0010247	391.12	591.07	1.5088	0.9766	1.4289	1008.6	-0.03106	0.00011921	0.13661	supercritical
494.0	1954.5	976.33	0.0010242	391.03	591.22	1.5084	0.97673	1.4288	1009.4	-0.031091	0.00011935	0.13674	supercritical
494.0	1957.8	976.79	0.0010238	390.94	591.36	1.508	0.97687	1.4288	1010.2	-0.031122	0.00011948	0.13687	supercritical
494.0	1961.0	977.26	0.0010233	390.84	591.51	1.5076	0.977	1.4287	1011.0	-0.031154	0.00011962	0.137	supercritical
494.0	1964.2	977.72	0.0010228	390.75	591.65	1.5072	0.97713	1.4286	1011.8	-0.031185	0.00011975	0.13713	supercritical
494.0	1967.5	978.19	0.0010223	390.66	591.8	1.5069	0.97727	1.4286	1012.6	-0.031215	0.00011989	0.13726	supercritical
494.0	1970.8	978.65	0.0010218	390.57	591.94	1.5065	0.9774	1.4285	1013.4	-0.031246	0.00012002	0.1374	supercritical
494.0	1974.0	979.11	0.0010213	390.48	592.09	1.5061	0.97753	1.4285	1014.2	-0.031277	0.00012016	0.13753	supercritical
494.0	1977.2	979.57	0.0010209	390.38	592.23	1.5057	0.97767	1.4284	1015.0	-0.031307	0.00012029	0.13766	supercritical
494.0	1980.5	980.03	0.0010204	390.29	592.38	1.5053	0.9778	1.4284	1015.8	-0.031337	0.00012042	0.13779	supercritical
494.0	1983.8	980.49	0.0010199	390.2	592.52	1.505	0.97793	1.4283	1016.6	-0.031368	0.00012056	0.13792	supercritical
494.0	1987.0	980.95	0.0010194	390.11	592.67	1.5046	0.97807	1.4282	1017.4	-0.031398	0.00012069	0.13805	supercritical
494.0	1990.2	981.41	0.0010189	390.02	592.81	1.5042	0.9782	1.4282	1018.2	-0.031428	0.00012083	0.13818	supercritical
494.0	1993.5	981.87	0.0010185	389.93	592.96	1.5038	0.97833	1.4281	1019.0	-0.031457	0.00012096	0.13831	supercritical
494.0	1996.8	982.32	0.001018	389.84	593.11	1.5035	0.97847	1.4281	1019.8	-0.031487	0.0001211	0.13844	supercritical
494.0	2000.0	982.78	0.0010175	389.75	593.25	1.5031	0.9786	1.428	1020.6	-0.031517	0.00012123	0.13857	supercritical
