Temperature (K)	Pressure (bar)	Density (kg/m3)	Volume (m3/kg)	Internal Energy (kJ/kg)	Enthalpy (kJ/kg)	Entropy (J/g*K)	Cv (J/g*K)	Cp (J/g*K)	Sound Spd. (m/s)	Joule-Thomson (K/bar)	Viscosity (Pa*s)	Therm. Cond. (W/m*K)	Phase
457.0	56.5	69.523	0.014384	549.32	630.59	2.3324	0.81937	1.0925	319.87	0.36274	2.3102e-05	0.031881	vapor
457.0	59.75	73.772	0.013555	548.3	629.3	2.3197	0.82079	1.0996	319.61	0.36091	2.3176e-05	0.032047	vapor
457.0	63.0	78.048	0.012813	547.29	628.01	2.3075	0.82221	1.1068	319.37	0.35904	2.3251e-05	0.032216	vapor
457.0	66.25	82.35	0.012143	546.26	626.71	2.2958	0.82363	1.1141	319.14	0.35713	2.3329e-05	0.032388	vapor
457.0	69.5	86.68	0.011537	545.24	625.42	2.2846	0.82504	1.1214	318.94	0.35517	2.3409e-05	0.032563	vapor
457.0	72.75	91.035	0.010985	544.21	624.13	2.2737	0.82646	1.1288	318.76	0.35316	2.3491e-05	0.03274	vapor
457.0	76.0	95.417	0.01048	543.18	622.83	2.2632	0.82786	1.1363	318.59	0.35111	2.3575e-05	0.03292	vapor
457.0	76.0	95.417	0.01048	543.18	622.83	2.2632	0.82786	1.1363	318.59	0.35111	2.3575e-05	0.03292	supercritical
457.0	76.0	95.417	0.01048	543.18	622.83	2.2632	0.82786	1.1363	318.59	0.35111	2.3575e-05	0.03292	supercritical
457.0	79.25	99.825	0.010017	542.14	621.53	2.2531	0.82927	1.1439	318.45	0.34901	2.3661e-05	0.033104	supercritical
457.0	82.5	104.26	0.0095915	541.1	620.23	2.2433	0.83067	1.1516	318.32	0.34686	2.375e-05	0.03329	supercritical
457.0	85.75	108.72	0.0091981	540.06	618.94	2.2338	0.83207	1.1593	318.22	0.34467	2.3842e-05	0.033479	supercritical
457.0	89.0	113.2	0.0088338	539.02	617.64	2.2245	0.83346	1.1671	318.14	0.34243	2.3935e-05	0.033672	supercritical
457.0	92.25	117.71	0.0084954	537.97	616.34	2.2155	0.83484	1.175	318.08	0.34015	2.4032e-05	0.033867	supercritical
457.0	95.5	122.24	0.0081804	536.92	615.04	2.2068	0.83622	1.1829	318.04	0.33782	2.413e-05	0.034066	supercritical
457.0	98.75	126.8	0.0078864	535.86	613.74	2.1982	0.83759	1.1909	318.03	0.33544	2.4232e-05	0.034269	supercritical
457.0	102.0	131.38	0.0076114	534.81	612.44	2.1899	0.83895	1.1989	318.04	0.33302	2.4336e-05	0.034474	supercritical
457.0	105.25	135.98	0.0073538	533.75	611.15	2.1817	0.84031	1.207	318.08	0.33055	2.4443e-05	0.034684	supercritical
457.0	108.5	140.61	0.0071119	532.69	609.85	2.1737	0.84166	1.2152	318.14	0.32803	2.4552e-05	0.034896	supercritical
457.0	111.75	145.26	0.0068844	531.62	608.55	2.1659	0.84299	1.2234	318.23	0.32548	2.4664e-05	0.035112	supercritical
457.0	115.0	149.92	0.00667	530.56	607.26	2.1583	0.84432	1.2316	318.34	0.32287	2.4779e-05	0.035332	supercritical
457.0	118.25	154.61	0.0064678	529.49	605.97	2.1508	0.84564	1.2399	318.48	0.32023	2.4897e-05	0.035555	supercritical
457.0	121.5	159.32	0.0062767	528.42	604.68	2.1434	0.84695	1.2482	318.64	0.31754	2.5018e-05	0.035782	supercritical
457.0	124.75	164.05	0.0060958	527.35	603.39	2.1362	0.84825	1.2565	318.84	0.31482	2.5142e-05	0.036012	supercritical
457.0	128.0	168.79	0.0059245	526.28	602.11	2.1291	0.84953	1.2649	319.06	0.31205	2.5269e-05	0.036246	supercritical
457.0	131.25	173.55	0.0057619	525.2	600.83	2.1222	0.85081	1.2733	319.31	0.30925	2.5399e-05	0.036484	supercritical
457.0	134.5	178.33	0.0056075	524.13	599.55	2.1153	0.85207	1.2816	319.59	0.3064	2.5531e-05	0.036725	supercritical
457.0	137.75	183.13	0.0054607	523.05	598.28	2.1086	0.85332	1.29	319.9	0.30353	2.5667e-05	0.03697	supercritical
457.0	141.0	187.93	0.005321	521.98	597.0	2.102	0.85455	1.2984	320.24	0.30062	2.5806e-05	0.037218	supercritical
457.0	144.25	192.76	0.0051879	520.9	595.74	2.0955	0.85577	1.3068	320.6	0.29767	2.5949e-05	0.03747	supercritical
457.0	147.5	197.59	0.005061	519.83	594.48	2.0891	0.85698	1.3151	321.0	0.29469	2.6094e-05	0.037726	supercritical
457.0	150.75	202.44	0.0049398	518.75	593.22	2.0828	0.85817	1.3234	321.43	0.29169	2.6242e-05	0.037985	supercritical
457.0	154.0	207.29	0.0048241	517.68	591.97	2.0766	0.85935	1.3317	321.9	0.28865	2.6394e-05	0.038248	supercritical
457.0	157.25	212.16	0.0047135	516.6	590.72	2.0704	0.86051	1.34	322.39	0.28559	2.6549e-05	0.038515	supercritical
457.0	160.5	217.03	0.0046077	515.53	589.48	2.0644	0.86166	1.3482	322.92	0.28251	2.6707e-05	0.038785	supercritical
457.0	163.75	221.91	0.0045063	514.45	588.25	2.0585	0.86279	1.3564	323.47	0.2794	2.6868e-05	0.039058	supercritical
457.0	167.0	226.8	0.0044093	513.38	587.02	2.0526	0.8639	1.3645	324.06	0.27628	2.7033e-05	0.039335	supercritical
457.0	170.25	231.69	0.0043162	512.31	585.8	2.0468	0.865	1.3726	324.69	0.27313	2.72e-05	0.039615	supercritical
457.0	173.5	236.58	0.0042269	511.24	584.58	2.0411	0.86608	1.3806	325.34	0.26997	2.7371e-05	0.039898	supercritical
457.0	176.75	241.47	0.0041412	510.18	583.37	2.0355	0.86714	1.3885	326.03	0.26679	2.7545e-05	0.040185	supercritical
457.0	180.0	246.37	0.0040589	509.11	582.17	2.03	0.86818	1.3963	326.75	0.2636	2.7722e-05	0.040475	supercritical
457.0	183.25	251.26	0.0039799	508.05	580.98	2.0245	0.86921	1.4041	327.51	0.2604	2.7903e-05	0.040768	supercritical
457.0	186.5	256.16	0.0039038	506.99	579.8	2.0191	0.87022	1.4118	328.3	0.25719	2.8086e-05	0.041064	supercritical
457.0	189.75	261.05	0.0038307	505.93	578.62	2.0138	0.87121	1.4193	329.12	0.25397	2.8273e-05	0.041362	supercritical
457.0	193.0	265.93	0.0037603	504.88	577.45	2.0085	0.87218	1.4268	329.97	0.25075	2.8463e-05	0.041664	supercritical
457.0	196.25	270.81	0.0036926	503.83	576.29	2.0034	0.87314	1.4341	330.86	0.24752	2.8656e-05	0.041968	supercritical
457.0	199.5	275.69	0.0036273	502.78	575.15	1.9982	0.87407	1.4414	331.78	0.2443	2.8852e-05	0.042275	supercritical
457.0	202.75	280.55	0.0035644	501.74	574.01	1.9932	0.87499	1.4485	332.73	0.24107	2.9051e-05	0.042585	supercritical
457.0	206.0	285.41	0.0035038	500.7	572.88	1.9882	0.87589	1.4555	333.72	0.23785	2.9253e-05	0.042897	supercritical
457.0	209.25	290.25	0.0034453	499.66	571.76	1.9833	0.87677	1.4624	334.73	0.23463	2.9457e-05	0.043211	supercritical
457.0	212.5	295.08	0.0033889	498.63	570.65	1.9784	0.87763	1.4691	335.78	0.23143	2.9665e-05	0.043528	supercritical
457.0	215.75	299.9	0.0033345	497.61	569.55	1.9736	0.87847	1.4757	336.86	0.22823	2.9876e-05	0.043846	supercritical
457.0	219.0	304.7	0.0032819	496.58	568.46	1.9689	0.8793	1.4821	337.97	0.22504	3.0089e-05	0.044167	supercritical
457.0	222.25	309.49	0.0032311	495.57	567.38	1.9642	0.8801	1.4884	339.11	0.22186	3.0305e-05	0.044489	supercritical
457.0	225.5	314.26	0.0031821	494.55	566.31	1.9596	0.88089	1.4946	340.29	0.2187	3.0524e-05	0.044814	supercritical
457.0	228.75	319.01	0.0031347	493.55	565.25	1.955	0.88166	1.5006	341.49	0.21555	3.0745e-05	0.045139	supercritical
457.0	232.0	323.75	0.0030888	492.55	564.21	1.9505	0.88241	1.5065	342.72	0.21242	3.0969e-05	0.045467	supercritical
457.0	235.25	328.46	0.0030445	491.55	563.17	1.9461	0.88314	1.5122	343.98	0.20931	3.1195e-05	0.045796	supercritical
457.0	238.5	333.15	0.0030016	490.56	562.15	1.9417	0.88386	1.5177	345.27	0.20621	3.1424e-05	0.046126	supercritical
457.0	241.75	337.82	0.0029601	489.58	561.14	1.9374	0.88456	1.5231	346.59	0.20314	3.1655e-05	0.046458	supercritical
457.0	245.0	342.47	0.00292	488.6	560.14	1.9331	0.88524	1.5283	347.93	0.2001	3.1889e-05	0.04679	supercritical
457.0	248.25	347.09	0.0028811	487.63	559.15	1.9289	0.8859	1.5334	349.3	0.19707	3.2124e-05	0.047124	supercritical
457.0	251.5	351.69	0.0028434	486.66	558.18	1.9247	0.88655	1.5383	350.7	0.19408	3.2362e-05	0.047458	supercritical
457.0	254.75	356.26	0.0028069	485.71	557.21	1.9206	0.88718	1.5431	352.12	0.19111	3.2602e-05	0.047793	supercritical
457.0	258.0	360.81	0.0027715	484.75	556.26	1.9165	0.88779	1.5477	353.57	0.18816	3.2843e-05	0.048129	supercritical
457.0	261.25	365.33	0.0027373	483.81	555.32	1.9125	0.88839	1.5521	355.04	0.18525	3.3087e-05	0.048465	supercritical
457.0	264.5	369.82	0.002704	482.87	554.39	1.9085	0.88897	1.5564	356.54	0.18236	3.3333e-05	0.048802	supercritical
457.0	267.75	374.28	0.0026718	481.94	553.47	1.9046	0.88953	1.5605	358.05	0.17951	3.358e-05	0.049139	supercritical
457.0	271.0	378.71	0.0026405	481.01	552.57	1.9007	0.89008	1.5645	359.6	0.17668	3.3829e-05	0.049477	supercritical
457.0	274.25	383.12	0.0026102	480.09	551.68	1.8969	0.89062	1.5683	361.16	0.17389	3.408e-05	0.049814	supercritical
457.0	277.5	387.49	0.0025807	479.18	550.8	1.8931	0.89114	1.572	362.74	0.17112	3.4332e-05	0.050152	supercritical
457.0	280.75	391.83	0.0025521	478.28	549.93	1.8894	0.89164	1.5755	364.35	0.16839	3.4586e-05	0.05049	supercritical
457.0	284.0	396.14	0.0025244	477.38	549.07	1.8857	0.89214	1.5788	365.97	0.1657	3.4841e-05	0.050827	supercritical
457.0	287.25	400.42	0.0024974	476.49	548.23	1.8821	0.89262	1.582	367.61	0.16303	3.5097e-05	0.051165	supercritical
457.0	290.5	404.66	0.0024712	475.61	547.4	1.8785	0.89308	1.5851	369.28	0.1604	3.5355e-05	0.051502	supercritical
457.0	293.75	408.88	0.0024457	474.73	546.57	1.875	0.89353	1.588	370.96	0.1578	3.5614e-05	0.051838	supercritical
457.0	297.0	413.06	0.002421	473.86	545.77	1.8715	0.89397	1.5908	372.65	0.15524	3.5874e-05	0.052175	supercritical
457.0	300.25	417.21	0.0023969	473.0	544.97	1.868	0.8944	1.5935	374.37	0.15271	3.6135e-05	0.052511	supercritical
457.0	303.5	421.32	0.0023735	472.15	544.18	1.8646	0.89482	1.596	376.1	0.15021	3.6397e-05	0.052846	supercritical
457.0	306.75	425.4	0.0023507	471.3	543.41	1.8612	0.89522	1.5983	377.84	0.14775	3.666e-05	0.05318	supercritical
457.0	310.0	429.45	0.0023286	470.46	542.65	1.8579	0.89561	1.6006	379.61	0.14532	3.6924e-05	0.053514	supercritical
457.0	313.25	433.46	0.002307	469.63	541.9	1.8546	0.896	1.6027	381.38	0.14292	3.7189e-05	0.053848	supercritical
457.0	316.5	437.44	0.002286	468.81	541.16	1.8514	0.89637	1.6047	383.17	0.14056	3.7454e-05	0.05418	supercritical
457.0	319.75	441.39	0.0022656	467.99	540.43	1.8482	0.89673	1.6066	384.98	0.13823	3.7721e-05	0.054511	supercritical
457.0	323.0	445.3	0.0022457	467.18	539.72	1.845	0.89708	1.6083	386.79	0.13594	3.7987e-05	0.054842	supercritical
457.0	326.25	449.18	0.0022263	466.38	539.01	1.8419	0.89742	1.6099	388.62	0.13368	3.8255e-05	0.055172	supercritical
457.0	329.5	453.02	0.0022074	465.58	538.32	1.8388	0.89776	1.6115	390.46	0.13145	3.8522e-05	0.0555	supercritical
457.0	332.75	456.83	0.002189	464.8	537.64	1.8357	0.89808	1.6129	392.32	0.12925	3.8791e-05	0.055828	supercritical
457.0	336.0	460.61	0.002171	464.02	536.96	1.8327	0.89839	1.6142	394.18	0.12709	3.9059e-05	0.056155	supercritical
457.0	339.25	464.35	0.0021536	463.24	536.3	1.8297	0.8987	1.6154	396.05	0.12496	3.9328e-05	0.05648	supercritical
457.0	342.5	468.06	0.0021365	462.48	535.65	1.8267	0.899	1.6165	397.94	0.12286	3.9597e-05	0.056804	supercritical
457.0	345.75	471.73	0.0021199	461.72	535.01	1.8238	0.89929	1.6175	399.83	0.12079	3.9867e-05	0.057127	supercritical
457.0	349.0	475.37	0.0021036	460.96	534.38	1.821	0.89957	1.6184	401.73	0.11876	4.0137e-05	0.057449	supercritical
457.0	352.25	478.98	0.0020878	460.22	533.76	1.8181	0.89985	1.6192	403.64	0.11675	4.0406e-05	0.05777	supercritical
457.0	355.5	482.55	0.0020723	459.48	533.15	1.8153	0.90012	1.62	405.56	0.11478	4.0676e-05	0.058089	supercritical
457.0	358.75	486.09	0.0020572	458.75	532.55	1.8125	0.90038	1.6206	407.49	0.11284	4.0946e-05	0.058407	supercritical
457.0	362.0	489.59	0.0020425	458.02	531.96	1.8098	0.90064	1.6212	409.43	0.11092	4.1216e-05	0.058724	supercritical
457.0	365.25	493.07	0.0020281	457.31	531.38	1.8071	0.90089	1.6217	411.37	0.10904	4.1486e-05	0.059039	supercritical
457.0	368.5	496.51	0.0020141	456.6	530.81	1.8044	0.90114	1.6221	413.31	0.10718	4.1756e-05	0.059353	supercritical
457.0	371.75	499.92	0.0020003	455.89	530.25	1.8017	0.90137	1.6224	415.27	0.10536	4.2026e-05	0.059666	supercritical
457.0	375.0	503.29	0.0019869	455.19	529.7	1.7991	0.90161	1.6227	417.23	0.10356	4.2295e-05	0.059977	supercritical
457.0	378.25	506.64	0.0019738	454.5	529.16	1.7965	0.90184	1.6229	419.19	0.10179	4.2565e-05	0.060287	supercritical
457.0	381.5	509.95	0.001961	453.82	528.63	1.7939	0.90206	1.623	421.16	0.10005	4.2834e-05	0.060596	supercritical
457.0	384.75	513.23	0.0019484	453.14	528.11	1.7914	0.90228	1.6231	423.13	0.098343	4.3103e-05	0.060903	supercritical
457.0	388.0	516.48	0.0019362	452.47	527.59	1.7889	0.90249	1.6231	425.11	0.096658	4.3372e-05	0.061209	supercritical
457.0	391.25	519.7	0.0019242	451.8	527.09	1.7864	0.9027	1.623	427.09	0.095001	4.364e-05	0.061513	supercritical
457.0	394.5	522.89	0.0019125	451.14	526.59	1.784	0.90291	1.6229	429.08	0.09337	4.3909e-05	0.061816	supercritical
457.0	397.75	526.04	0.001901	450.49	526.1	1.7815	0.90311	1.6228	431.06	0.091765	4.4176e-05	0.062117	supercritical
457.0	401.0	529.17	0.0018897	449.84	525.62	1.7791	0.90331	1.6226	433.05	0.090187	4.4444e-05	0.062417	supercritical
457.0	404.25	532.27	0.0018787	449.2	525.15	1.7768	0.90351	1.6223	435.04	0.088634	4.4711e-05	0.062715	supercritical
457.0	407.5	535.34	0.001868	448.57	524.69	1.7744	0.9037	1.622	437.04	0.087106	4.4977e-05	0.063013	supercritical
457.0	410.75	538.38	0.0018574	447.94	524.23	1.7721	0.90389	1.6217	439.03	0.085604	4.5244e-05	0.063308	supercritical
457.0	414.0	541.39	0.0018471	447.31	523.78	1.7698	0.90407	1.6213	441.03	0.084126	4.5509e-05	0.063602	supercritical
457.0	417.25	544.37	0.001837	446.7	523.35	1.7675	0.90425	1.6209	443.03	0.082672	4.5775e-05	0.063895	supercritical
457.0	420.5	547.33	0.0018271	446.09	522.91	1.7653	0.90443	1.6205	445.03	0.081242	4.6039e-05	0.064187	supercritical
457.0	423.75	550.25	0.0018173	445.48	522.49	1.7631	0.90461	1.62	447.02	0.079835	4.6304e-05	0.064476	supercritical
457.0	427.0	553.15	0.0018078	444.88	522.07	1.7609	0.90478	1.6195	449.02	0.078452	4.6567e-05	0.064765	supercritical
457.0	430.25	556.02	0.0017985	444.28	521.66	1.7587	0.90496	1.6189	451.02	0.077091	4.683e-05	0.065052	supercritical
457.0	433.5	558.87	0.0017893	443.69	521.26	1.7565	0.90513	1.6183	453.02	0.075753	4.7093e-05	0.065338	supercritical
457.0	436.75	561.69	0.0017804	443.11	520.87	1.7544	0.90529	1.6178	455.02	0.074436	4.7355e-05	0.065622	supercritical
457.0	440.0	564.48	0.0017715	442.53	520.48	1.7523	0.90546	1.6171	457.01	0.073142	4.7617e-05	0.065905	supercritical
457.0	443.25	567.24	0.0017629	441.96	520.1	1.7502	0.90562	1.6165	459.01	0.071869	4.7878e-05	0.066187	supercritical
457.0	446.5	569.98	0.0017544	441.39	519.72	1.7481	0.90578	1.6158	461.0	0.070616	4.8138e-05	0.066467	supercritical
457.0	449.75	572.7	0.0017461	440.82	519.36	1.7461	0.90594	1.6151	462.99	0.069384	4.8398e-05	0.066746	supercritical
457.0	453.0	575.39	0.0017379	440.27	519.0	1.744	0.9061	1.6144	464.98	0.068173	4.8657e-05	0.067023	supercritical
457.0	456.25	578.06	0.0017299	439.71	518.64	1.742	0.90626	1.6137	466.97	0.066981	4.8915e-05	0.067299	supercritical
457.0	459.5	580.7	0.0017221	439.16	518.29	1.74	0.90641	1.613	468.96	0.065809	4.9173e-05	0.067574	supercritical
457.0	462.75	583.32	0.0017143	438.62	517.95	1.7381	0.90657	1.6122	470.94	0.064656	4.943e-05	0.067848	supercritical
457.0	466.0	585.91	0.0017067	438.08	517.61	1.7361	0.90672	1.6115	472.92	0.063521	4.9687e-05	0.06812	supercritical
457.0	469.25	588.48	0.0016993	437.55	517.29	1.7342	0.90687	1.6107	474.9	0.062406	4.9943e-05	0.068391	supercritical
457.0	472.5	591.03	0.001692	437.02	516.96	1.7323	0.90702	1.6099	476.88	0.061308	5.0198e-05	0.068661	supercritical
457.0	475.75	593.55	0.0016848	436.49	516.64	1.7304	0.90717	1.6091	478.85	0.060228	5.0453e-05	0.068929	supercritical
457.0	479.0	596.06	0.0016777	435.97	516.33	1.7285	0.90732	1.6083	480.82	0.059165	5.0707e-05	0.069196	supercritical
457.0	482.25	598.54	0.0016707	435.45	516.03	1.7266	0.90747	1.6075	482.79	0.05812	5.096e-05	0.069462	supercritical
457.0	485.5	601.0	0.0016639	434.94	515.72	1.7248	0.90761	1.6066	484.76	0.057091	5.1213e-05	0.069727	supercritical
457.0	488.75	603.44	0.0016572	434.43	515.43	1.723	0.90776	1.6058	486.72	0.056079	5.1465e-05	0.06999	supercritical
457.0	492.0	605.85	0.0016506	433.93	515.14	1.7212	0.9079	1.6049	488.68	0.055083	5.1717e-05	0.070252	supercritical
457.0	495.25	608.25	0.0016441	433.43	514.85	1.7194	0.90804	1.6041	490.63	0.054103	5.1967e-05	0.070514	supercritical
457.0	498.5	610.62	0.0016377	432.94	514.57	1.7176	0.90819	1.6032	492.58	0.053138	5.2217e-05	0.070773	supercritical
457.0	501.75	612.98	0.0016314	432.45	514.3	1.7158	0.90833	1.6024	494.53	0.052188	5.2467e-05	0.071032	supercritical
457.0	505.0	615.31	0.0016252	431.96	514.03	1.7141	0.90847	1.6015	496.47	0.051254	5.2716e-05	0.07129	supercritical
457.0	508.25	617.63	0.0016191	431.48	513.77	1.7123	0.90861	1.6006	498.41	0.050333	5.2964e-05	0.071546	supercritical
457.0	511.5	619.92	0.0016131	431.0	513.51	1.7106	0.90875	1.5998	500.35	0.049428	5.3211e-05	0.071801	supercritical
457.0	514.75	622.2	0.0016072	430.52	513.25	1.7089	0.90889	1.5989	502.28	0.048536	5.3458e-05	0.072056	supercritical
457.0	518.0	624.45	0.0016014	430.05	513.0	1.7072	0.90903	1.598	504.21	0.047657	5.3704e-05	0.072309	supercritical
457.0	521.25	626.69	0.0015957	429.58	512.76	1.7056	0.90917	1.5971	506.13	0.046792	5.3949e-05	0.072561	supercritical
457.0	524.5	628.91	0.0015901	429.12	512.52	1.7039	0.90931	1.5963	508.05	0.045941	5.4194e-05	0.072812	supercritical
457.0	527.75	631.11	0.0015845	428.66	512.28	1.7023	0.90944	1.5954	509.97	0.045102	5.4438e-05	0.073061	supercritical
457.0	531.0	633.29	0.001579	428.2	512.05	1.7006	0.90958	1.5945	511.88	0.044276	5.4681e-05	0.07331	supercritical
457.0	534.25	635.46	0.0015737	427.75	511.82	1.699	0.90972	1.5936	513.79	0.043462	5.4924e-05	0.073558	supercritical
457.0	537.5	637.61	0.0015684	427.3	511.6	1.6974	0.90985	1.5927	515.69	0.04266	5.5166e-05	0.073805	supercritical
457.0	540.75	639.74	0.0015631	426.85	511.38	1.6958	0.90999	1.5918	517.59	0.04187	5.5408e-05	0.07405	supercritical
457.0	544.0	641.85	0.001558	426.41	511.17	1.6942	0.91012	1.5909	519.49	0.041092	5.5648e-05	0.074295	supercritical
457.0	547.25	643.95	0.0015529	425.97	510.96	1.6927	0.91026	1.59	521.38	0.040325	5.5889e-05	0.074539	supercritical
457.0	550.5	646.03	0.0015479	425.54	510.75	1.6911	0.91039	1.5891	523.27	0.039569	5.6128e-05	0.074781	supercritical
457.0	553.75	648.09	0.001543	425.1	510.55	1.6896	0.91053	1.5883	525.15	0.038824	5.6367e-05	0.075023	supercritical
457.0	557.0	650.14	0.0015381	424.67	510.35	1.688	0.91066	1.5874	527.03	0.03809	5.6605e-05	0.075264	supercritical
457.0	560.25	652.17	0.0015333	424.25	510.15	1.6865	0.9108	1.5865	528.91	0.037367	5.6842e-05	0.075504	supercritical
457.0	563.5	654.19	0.0015286	423.83	509.96	1.685	0.91093	1.5856	530.78	0.036653	5.7079e-05	0.075742	supercritical
457.0	566.75	656.19	0.001524	423.41	509.78	1.6835	0.91107	1.5847	532.64	0.03595	5.7315e-05	0.07598	supercritical
457.0	570.0	658.17	0.0015194	422.99	509.59	1.682	0.9112	1.5838	534.51	0.035256	5.7551e-05	0.076217	supercritical
457.0	573.25	660.14	0.0015148	422.58	509.41	1.6806	0.91133	1.5829	536.37	0.034573	5.7786e-05	0.076453	supercritical
457.0	576.5	662.1	0.0015104	422.17	509.24	1.6791	0.91147	1.5821	538.22	0.033898	5.802e-05	0.076688	supercritical
457.0	579.75	664.04	0.0015059	421.76	509.06	1.6777	0.9116	1.5812	540.07	0.033233	5.8254e-05	0.076923	supercritical
457.0	583.0	665.96	0.0015016	421.35	508.9	1.6762	0.91173	1.5803	541.92	0.032577	5.8487e-05	0.077156	supercritical
457.0	586.25	667.87	0.0014973	420.95	508.73	1.6748	0.91187	1.5794	543.76	0.031931	5.8719e-05	0.077389	supercritical
457.0	589.5	669.77	0.001493	420.55	508.57	1.6734	0.912	1.5785	545.6	0.031292	5.8951e-05	0.07762	supercritical
457.0	592.75	671.65	0.0014889	420.16	508.41	1.672	0.91213	1.5777	547.43	0.030663	5.9182e-05	0.077851	supercritical
457.0	596.0	673.52	0.0014847	419.76	508.25	1.6706	0.91227	1.5768	549.26	0.030042	5.9413e-05	0.078081	supercritical
457.0	599.25	675.38	0.0014807	419.37	508.1	1.6692	0.9124	1.5759	551.09	0.029429	5.9643e-05	0.07831	supercritical
457.0	602.5	677.22	0.0014766	418.98	507.95	1.6678	0.91253	1.575	552.91	0.028824	5.9872e-05	0.078538	supercritical
457.0	605.75	679.05	0.0014727	418.6	507.81	1.6664	0.91266	1.5742	554.72	0.028227	6.0101e-05	0.078766	supercritical
457.0	609.0	680.86	0.0014687	418.22	507.66	1.6651	0.9128	1.5733	556.54	0.027638	6.0329e-05	0.078993	supercritical
457.0	612.25	682.66	0.0014648	417.84	507.52	1.6637	0.91293	1.5724	558.34	0.027057	6.0557e-05	0.079218	supercritical
457.0	615.5	684.45	0.001461	417.46	507.39	1.6624	0.91306	1.5716	560.15	0.026483	6.0784e-05	0.079444	supercritical
457.0	618.75	686.23	0.0014572	417.09	507.25	1.6611	0.91319	1.5707	561.95	0.025917	6.101e-05	0.079668	supercritical
457.0	622.0	687.99	0.0014535	416.71	507.12	1.6597	0.91333	1.5699	563.75	0.025358	6.1236e-05	0.079891	supercritical
457.0	625.25	689.75	0.0014498	416.34	506.99	1.6584	0.91346	1.569	565.54	0.024806	6.1461e-05	0.080114	supercritical
457.0	628.5	691.49	0.0014462	415.98	506.87	1.6571	0.91359	1.5682	567.33	0.024261	6.1685e-05	0.080336	supercritical
457.0	631.75	693.21	0.0014426	415.61	506.75	1.6558	0.91372	1.5673	569.11	0.023723	6.1909e-05	0.080557	supercritical
457.0	635.0	694.93	0.001439	415.25	506.63	1.6545	0.91386	1.5665	570.89	0.023192	6.2133e-05	0.080778	supercritical
457.0	638.25	696.63	0.0014355	414.89	506.51	1.6533	0.91399	1.5656	572.66	0.022667	6.2355e-05	0.080998	supercritical
457.0	641.5	698.32	0.001432	414.53	506.4	1.652	0.91412	1.5648	574.44	0.022149	6.2578e-05	0.081217	supercritical
457.0	644.75	700.0	0.0014286	414.18	506.28	1.6507	0.91425	1.564	576.2	0.021638	6.2799e-05	0.081435	supercritical
457.0	648.0	701.67	0.0014252	413.83	506.18	1.6495	0.91438	1.5631	577.97	0.021133	6.302e-05	0.081653	supercritical
457.0	651.25	703.33	0.0014218	413.47	506.07	1.6482	0.91452	1.5623	579.72	0.020634	6.3241e-05	0.08187	supercritical
457.0	654.5	704.98	0.0014185	413.13	505.97	1.647	0.91465	1.5615	581.48	0.020141	6.3461e-05	0.082086	supercritical
457.0	657.75	706.61	0.0014152	412.78	505.87	1.6458	0.91478	1.5607	583.23	0.019654	6.368e-05	0.082301	supercritical
457.0	661.0	708.24	0.001412	412.44	505.77	1.6445	0.91491	1.5599	584.98	0.019173	6.3899e-05	0.082516	supercritical
457.0	664.25	709.85	0.0014087	412.1	505.67	1.6433	0.91505	1.559	586.72	0.018698	6.4118e-05	0.08273	supercritical
457.0	667.5	711.45	0.0014056	411.76	505.58	1.6421	0.91518	1.5582	588.46	0.018228	6.4335e-05	0.082944	supercritical
457.0	670.75	713.05	0.0014024	411.42	505.49	1.6409	0.91531	1.5574	590.19	0.017764	6.4553e-05	0.083157	supercritical
457.0	674.0	714.63	0.0013993	411.08	505.4	1.6397	0.91545	1.5566	591.92	0.017306	6.4769e-05	0.083369	supercritical
457.0	677.25	716.2	0.0013963	410.75	505.31	1.6386	0.91558	1.5558	593.64	0.016853	6.4985e-05	0.083581	supercritical
457.0	680.5	717.76	0.0013932	410.42	505.23	1.6374	0.91571	1.555	595.37	0.016406	6.5201e-05	0.083791	supercritical
457.0	683.75	719.32	0.0013902	410.09	505.15	1.6362	0.91584	1.5542	597.08	0.015964	6.5416e-05	0.084002	supercritical
457.0	687.0	720.86	0.0013872	409.76	505.07	1.6351	0.91598	1.5535	598.8	0.015527	6.5631e-05	0.084211	supercritical
457.0	690.25	722.39	0.0013843	409.44	504.99	1.6339	0.91611	1.5527	600.51	0.015095	6.5845e-05	0.08442	supercritical
457.0	693.5	723.91	0.0013814	409.11	504.91	1.6327	0.91624	1.5519	602.21	0.014668	6.6058e-05	0.084629	supercritical
457.0	696.75	725.43	0.0013785	408.79	504.84	1.6316	0.91638	1.5511	603.91	0.014246	6.6271e-05	0.084837	supercritical
457.0	700.0	726.93	0.0013756	408.47	504.77	1.6305	0.91651	1.5504	605.61	0.013829	6.6484e-05	0.085044	supercritical
457.0	703.25	728.42	0.0013728	408.16	504.7	1.6293	0.91664	1.5496	607.3	0.013417	6.6696e-05	0.085251	supercritical
457.0	706.5	729.91	0.00137	407.84	504.64	1.6282	0.91678	1.5488	608.99	0.01301	6.6907e-05	0.085457	supercritical
457.0	709.75	731.38	0.0013673	407.53	504.57	1.6271	0.91691	1.5481	610.67	0.012607	6.7118e-05	0.085662	supercritical
457.0	713.0	732.85	0.0013645	407.22	504.51	1.626	0.91704	1.5473	612.35	0.012209	6.7329e-05	0.085867	supercritical
457.0	716.25	734.31	0.0013618	406.91	504.45	1.6249	0.91718	1.5466	614.03	0.011815	6.7539e-05	0.086071	supercritical
457.0	719.5	735.76	0.0013591	406.6	504.39	1.6238	0.91731	1.5458	615.7	0.011426	6.7748e-05	0.086275	supercritical
457.0	722.75	737.2	0.0013565	406.29	504.33	1.6227	0.91744	1.5451	617.37	0.011041	6.7958e-05	0.086478	supercritical
457.0	726.0	738.63	0.0013539	405.99	504.28	1.6216	0.91758	1.5443	619.03	0.010661	6.8166e-05	0.086681	supercritical
457.0	729.25	740.05	0.0013513	405.69	504.23	1.6206	0.91771	1.5436	620.69	0.010285	6.8374e-05	0.086883	supercritical
457.0	732.5	741.47	0.0013487	405.38	504.18	1.6195	0.91785	1.5429	622.35	0.0099132	6.8582e-05	0.087085	supercritical
457.0	735.75	742.87	0.0013461	405.09	504.13	1.6184	0.91798	1.5421	624.0	0.0095454	6.8789e-05	0.087286	supercritical
457.0	739.0	744.27	0.0013436	404.79	504.08	1.6174	0.91811	1.5414	625.65	0.0091818	6.8996e-05	0.087486	supercritical
457.0	742.25	745.66	0.0013411	404.49	504.03	1.6163	0.91825	1.5407	627.29	0.0088222	6.9202e-05	0.087686	supercritical
457.0	745.5	747.04	0.0013386	404.2	503.99	1.6153	0.91838	1.54	628.93	0.0084665	6.9407e-05	0.087886	supercritical
457.0	748.75	748.42	0.0013362	403.91	503.95	1.6142	0.91852	1.5393	630.56	0.0081148	6.9613e-05	0.088084	supercritical
457.0	752.0	749.78	0.0013337	403.61	503.91	1.6132	0.91865	1.5386	632.19	0.007767	6.9818e-05	0.088283	supercritical
457.0	755.25	751.14	0.0013313	403.33	503.87	1.6122	0.91879	1.5379	633.82	0.0074229	7.0022e-05	0.088481	supercritical
457.0	758.5	752.49	0.0013289	403.04	503.84	1.6111	0.91892	1.5372	635.44	0.0070826	7.0226e-05	0.088678	supercritical
457.0	761.75	753.84	0.0013266	402.75	503.8	1.6101	0.91906	1.5365	637.06	0.006746	7.0429e-05	0.088875	supercritical
457.0	765.0	755.17	0.0013242	402.47	503.77	1.6091	0.91919	1.5358	638.68	0.0064131	7.0632e-05	0.089072	supercritical
457.0	768.25	756.5	0.0013219	402.18	503.74	1.6081	0.91933	1.5351	640.29	0.0060838	7.0835e-05	0.089268	supercritical
457.0	771.5	757.82	0.0013196	401.9	503.71	1.6071	0.91946	1.5345	641.89	0.005758	7.1037e-05	0.089463	supercritical
457.0	774.75	759.13	0.0013173	401.62	503.68	1.6061	0.9196	1.5338	643.5	0.0054357	7.1239e-05	0.089658	supercritical
457.0	778.0	760.44	0.001315	401.34	503.65	1.6051	0.91973	1.5331	645.1	0.0051168	7.144e-05	0.089853	supercritical
457.0	781.25	761.73	0.0013128	401.07	503.63	1.6041	0.91987	1.5325	646.69	0.0048014	7.1641e-05	0.090047	supercritical
457.0	784.5	763.03	0.0013106	400.79	503.61	1.6031	0.92	1.5318	648.28	0.0044893	7.1841e-05	0.09024	supercritical
457.0	787.75	764.31	0.0013084	400.52	503.58	1.6021	0.92014	1.5312	649.87	0.0041805	7.2041e-05	0.090433	supercritical
457.0	791.0	765.59	0.0013062	400.24	503.56	1.6012	0.92027	1.5305	651.45	0.003875	7.2241e-05	0.090626	supercritical
457.0	794.25	766.86	0.001304	399.97	503.55	1.6002	0.92041	1.5299	653.03	0.0035727	7.244e-05	0.090818	supercritical
457.0	797.5	768.12	0.0013019	399.7	503.53	1.5992	0.92054	1.5292	654.6	0.0032735	7.2639e-05	0.09101	supercritical
457.0	800.75	769.38	0.0012998	399.44	503.51	1.5983	0.92068	1.5286	656.17	0.0029775	7.2837e-05	0.091201	supercritical
457.0	804.0	770.63	0.0012976	399.17	503.5	1.5973	0.92082	1.528	657.74	0.0026846	7.3035e-05	0.091392	supercritical
457.0	807.25	771.87	0.0012956	398.9	503.49	1.5964	0.92095	1.5273	659.3	0.0023948	7.3233e-05	0.091583	supercritical
457.0	810.5	773.11	0.0012935	398.64	503.48	1.5954	0.92109	1.5267	660.86	0.0021079	7.343e-05	0.091773	supercritical
457.0	813.75	774.34	0.0012914	398.38	503.47	1.5945	0.92123	1.5261	662.41	0.001824	7.3627e-05	0.091963	supercritical
457.0	817.0	775.56	0.0012894	398.11	503.46	1.5935	0.92136	1.5255	663.97	0.0015431	7.3823e-05	0.092152	supercritical
457.0	820.25	776.78	0.0012874	397.85	503.45	1.5926	0.9215	1.5249	665.51	0.001265	7.4019e-05	0.092341	supercritical
457.0	823.5	777.99	0.0012854	397.59	503.44	1.5917	0.92163	1.5243	667.06	0.00098975	7.4215e-05	0.092529	supercritical
457.0	826.75	779.19	0.0012834	397.34	503.44	1.5908	0.92177	1.5237	668.59	0.00071732	7.441e-05	0.092717	supercritical
457.0	830.0	780.39	0.0012814	397.08	503.44	1.5898	0.92191	1.5231	670.13	0.00044767	7.4605e-05	0.092905	supercritical
457.0	833.25	781.58	0.0012795	396.83	503.44	1.5889	0.92204	1.5225	671.66	0.00018074	7.48e-05	0.093092	supercritical
457.0	836.5	782.77	0.0012775	396.57	503.44	1.588	0.92218	1.5219	673.19	-8.3481e-05	7.4994e-05	0.093279	supercritical
457.0	839.75	783.95	0.0012756	396.32	503.44	1.5871	0.92232	1.5213	674.71	-0.00034504	7.5187e-05	0.093465	supercritical
457.0	843.0	785.13	0.0012737	396.07	503.44	1.5862	0.92246	1.5207	676.23	-0.00060398	7.5381e-05	0.093651	supercritical
457.0	846.25	786.3	0.0012718	395.82	503.44	1.5853	0.92259	1.5201	677.75	-0.00086033	7.5574e-05	0.093837	supercritical
457.0	849.5	787.46	0.0012699	395.57	503.45	1.5844	0.92273	1.5196	679.26	-0.0011141	7.5766e-05	0.094022	supercritical
457.0	852.75	788.62	0.001268	395.32	503.45	1.5835	0.92287	1.519	680.77	-0.0013654	7.5959e-05	0.094207	supercritical
457.0	856.0	789.77	0.0012662	395.07	503.46	1.5827	0.923	1.5184	682.27	-0.0016142	7.6151e-05	0.094391	supercritical
457.0	859.25	790.91	0.0012644	394.83	503.47	1.5818	0.92314	1.5179	683.77	-0.0018605	7.6342e-05	0.094576	supercritical
457.0	862.5	792.05	0.0012625	394.59	503.48	1.5809	0.92328	1.5173	685.27	-0.0021044	7.6534e-05	0.094759	supercritical
457.0	865.75	793.19	0.0012607	394.34	503.49	1.58	0.92342	1.5168	686.76	-0.0023459	7.6724e-05	0.094943	supercritical
457.0	869.0	794.32	0.0012589	394.1	503.5	1.5792	0.92356	1.5162	688.25	-0.002585	7.6915e-05	0.095126	supercritical
457.0	872.25	795.44	0.0012572	393.86	503.52	1.5783	0.92369	1.5157	689.74	-0.0028218	7.7105e-05	0.095309	supercritical
457.0	875.5	796.56	0.0012554	393.62	503.53	1.5774	0.92383	1.5151	691.22	-0.0030563	7.7295e-05	0.095491	supercritical
457.0	878.75	797.67	0.0012536	393.38	503.55	1.5766	0.92397	1.5146	692.7	-0.0032885	7.7485e-05	0.095673	supercritical
457.0	882.0	798.78	0.0012519	393.14	503.56	1.5757	0.92411	1.5141	694.18	-0.0035185	7.7674e-05	0.095855	supercritical
457.0	885.25	799.88	0.0012502	392.91	503.58	1.5749	0.92425	1.5135	695.65	-0.0037463	7.7863e-05	0.096036	supercritical
457.0	888.5	800.98	0.0012485	392.67	503.6	1.574	0.92438	1.513	697.11	-0.0039719	7.8051e-05	0.096217	supercritical
457.0	891.75	802.07	0.0012468	392.44	503.62	1.5732	0.92452	1.5125	698.58	-0.0041953	7.8239e-05	0.096398	supercritical
457.0	895.0	803.16	0.0012451	392.21	503.64	1.5723	0.92466	1.512	700.04	-0.0044166	7.8427e-05	0.096578	supercritical
457.0	898.25	804.24	0.0012434	391.97	503.66	1.5715	0.9248	1.5115	701.49	-0.0046358	7.8615e-05	0.096758	supercritical
457.0	901.5	805.32	0.0012417	391.74	503.69	1.5707	0.92494	1.511	702.95	-0.004853	7.8802e-05	0.096938	supercritical
457.0	904.75	806.39	0.0012401	391.51	503.71	1.5698	0.92508	1.5105	704.4	-0.005068	7.8989e-05	0.097117	supercritical
457.0	908.0	807.46	0.0012385	391.28	503.74	1.569	0.92522	1.51	705.84	-0.0052811	7.9175e-05	0.097296	supercritical
457.0	911.25	808.52	0.0012368	391.06	503.76	1.5682	0.92535	1.5095	707.29	-0.0054922	7.9362e-05	0.097475	supercritical
457.0	914.5	809.57	0.0012352	390.83	503.79	1.5674	0.92549	1.509	708.72	-0.0057013	7.9548e-05	0.097653	supercritical
457.0	917.75	810.63	0.0012336	390.6	503.82	1.5666	0.92563	1.5085	710.16	-0.0059084	7.9733e-05	0.097831	supercritical
457.0	921.0	811.68	0.001232	390.38	503.85	1.5657	0.92577	1.508	711.59	-0.0061136	7.9919e-05	0.098009	supercritical
457.0	924.25	812.72	0.0012304	390.16	503.88	1.5649	0.92591	1.5075	713.02	-0.0063169	8.0104e-05	0.098186	supercritical
457.0	927.5	813.76	0.0012289	389.93	503.91	1.5641	0.92605	1.507	714.44	-0.0065184	8.0289e-05	0.098363	supercritical
457.0	930.75	814.79	0.0012273	389.71	503.94	1.5633	0.92619	1.5066	715.87	-0.006718	8.0473e-05	0.09854	supercritical
457.0	934.0	815.82	0.0012258	389.49	503.98	1.5625	0.92633	1.5061	717.28	-0.0069158	8.0657e-05	0.098717	supercritical
457.0	937.25	816.84	0.0012242	389.27	504.01	1.5617	0.92647	1.5056	718.7	-0.0071117	8.0841e-05	0.098893	supercritical
457.0	940.5	817.87	0.0012227	389.05	504.05	1.5609	0.92661	1.5052	720.11	-0.0073059	8.1025e-05	0.099069	supercritical
457.0	943.75	818.88	0.0012212	388.83	504.08	1.5601	0.92675	1.5047	721.52	-0.0074984	8.1208e-05	0.099245	supercritical
457.0	947.0	819.89	0.0012197	388.62	504.12	1.5594	0.92689	1.5042	722.92	-0.0076891	8.1391e-05	0.09942	supercritical
457.0	950.25	820.9	0.0012182	388.4	504.16	1.5586	0.92703	1.5038	724.32	-0.007878	8.1574e-05	0.099595	supercritical
457.0	953.5	821.9	0.0012167	388.18	504.2	1.5578	0.92717	1.5033	725.72	-0.0080653	8.1756e-05	0.09977	supercritical
457.0	956.75	822.9	0.0012152	387.97	504.24	1.557	0.92731	1.5029	727.11	-0.0082509	8.1939e-05	0.099944	supercritical
457.0	960.0	823.89	0.0012137	387.76	504.28	1.5562	0.92745	1.5024	728.51	-0.0084349	8.212e-05	0.10012	supercritical
457.0	963.25	824.88	0.0012123	387.54	504.32	1.5555	0.92759	1.502	729.89	-0.0086172	8.2302e-05	0.10029	supercritical
457.0	966.5	825.87	0.0012108	387.33	504.36	1.5547	0.92773	1.5016	731.28	-0.0087979	8.2483e-05	0.10047	supercritical
457.0	969.75	826.85	0.0012094	387.12	504.4	1.5539	0.92787	1.5011	732.66	-0.008977	8.2664e-05	0.10064	supercritical
457.0	973.0	827.83	0.001208	386.91	504.45	1.5532	0.92801	1.5007	734.04	-0.0091545	8.2845e-05	0.10081	supercritical
457.0	976.25	828.8	0.0012066	386.7	504.49	1.5524	0.92815	1.5003	735.41	-0.0093305	8.3026e-05	0.10099	supercritical
457.0	979.5	829.77	0.0012052	386.49	504.54	1.5517	0.92829	1.4998	736.78	-0.0095049	8.3206e-05	0.10116	supercritical
457.0	982.75	830.74	0.0012037	386.29	504.59	1.5509	0.92843	1.4994	738.15	-0.0096778	8.3386e-05	0.10133	supercritical
457.0	986.0	831.7	0.0012024	386.08	504.63	1.5502	0.92857	1.499	739.51	-0.0098493	8.3566e-05	0.1015	supercritical
457.0	989.25	832.66	0.001201	385.87	504.68	1.5494	0.92871	1.4986	740.88	-0.010019	8.3745e-05	0.10167	supercritical
457.0	992.5	833.61	0.0011996	385.67	504.73	1.5487	0.92885	1.4982	742.23	-0.010188	8.3925e-05	0.10185	supercritical
457.0	995.75	834.56	0.0011982	385.47	504.78	1.5479	0.92899	1.4978	743.59	-0.010355	8.4104e-05	0.10202	supercritical
457.0	999.0	835.5	0.0011969	385.26	504.83	1.5472	0.92913	1.4973	744.94	-0.01052	8.4282e-05	0.10219	supercritical
457.0	1002.2	836.45	0.0011955	385.06	504.88	1.5464	0.92927	1.4969	746.29	-0.010684	8.4461e-05	0.10236	supercritical
457.0	1005.5	837.38	0.0011942	384.86	504.94	1.5457	0.92941	1.4965	747.64	-0.010847	8.4639e-05	0.10253	supercritical
457.0	1008.8	838.32	0.0011929	384.66	504.99	1.545	0.92955	1.4961	748.98	-0.011009	8.4817e-05	0.1027	supercritical
457.0	1012.0	839.25	0.0011915	384.46	505.04	1.5442	0.92969	1.4957	750.32	-0.011169	8.4995e-05	0.10287	supercritical
457.0	1015.2	840.18	0.0011902	384.26	505.1	1.5435	0.92984	1.4953	751.66	-0.011327	8.5172e-05	0.10304	supercritical
457.0	1018.5	841.1	0.0011889	384.06	505.15	1.5428	0.92998	1.495	752.99	-0.011485	8.535e-05	0.10321	supercritical
457.0	1021.8	842.02	0.0011876	383.86	505.21	1.5421	0.93012	1.4946	754.32	-0.011641	8.5527e-05	0.10338	supercritical
457.0	1025.0	842.94	0.0011863	383.67	505.27	1.5413	0.93026	1.4942	755.65	-0.011796	8.5703e-05	0.10355	supercritical
457.0	1028.2	843.85	0.001185	383.47	505.32	1.5406	0.9304	1.4938	756.97	-0.011949	8.588e-05	0.10372	supercritical
457.0	1031.5	844.76	0.0011838	383.28	505.38	1.5399	0.93054	1.4934	758.29	-0.012101	8.6056e-05	0.10389	supercritical
457.0	1034.8	845.66	0.0011825	383.08	505.44	1.5392	0.93068	1.493	759.61	-0.012252	8.6232e-05	0.10405	supercritical
457.0	1038.0	846.56	0.0011812	382.89	505.5	1.5385	0.93082	1.4927	760.93	-0.012402	8.6408e-05	0.10422	supercritical
457.0	1041.2	847.46	0.00118	382.69	505.56	1.5378	0.93097	1.4923	762.24	-0.01255	8.6584e-05	0.10439	supercritical
457.0	1044.5	848.36	0.0011787	382.5	505.62	1.5371	0.93111	1.4919	763.55	-0.012698	8.6759e-05	0.10456	supercritical
457.0	1047.8	849.25	0.0011775	382.31	505.68	1.5364	0.93125	1.4916	764.85	-0.012844	8.6934e-05	0.10473	supercritical
457.0	1051.0	850.14	0.0011763	382.12	505.75	1.5357	0.93139	1.4912	766.16	-0.012988	8.7109e-05	0.10489	supercritical
457.0	1054.2	851.02	0.0011751	381.93	505.81	1.535	0.93153	1.4908	767.46	-0.013132	8.7284e-05	0.10506	supercritical
457.0	1057.5	851.9	0.0011738	381.74	505.87	1.5343	0.93167	1.4905	768.76	-0.013275	8.7458e-05	0.10523	supercritical
457.0	1060.8	852.78	0.0011726	381.55	505.94	1.5336	0.93182	1.4901	770.05	-0.013416	8.7633e-05	0.10539	supercritical
457.0	1064.0	853.66	0.0011714	381.36	506.0	1.5329	0.93196	1.4898	771.34	-0.013556	8.7807e-05	0.10556	supercritical
457.0	1067.2	854.53	0.0011702	381.18	506.07	1.5322	0.9321	1.4894	772.63	-0.013695	8.7981e-05	0.10573	supercritical
457.0	1070.5	855.4	0.001169	380.99	506.14	1.5315	0.93224	1.4891	773.92	-0.013833	8.8154e-05	0.10589	supercritical
457.0	1073.8	856.26	0.0011679	380.8	506.2	1.5308	0.93238	1.4887	775.2	-0.01397	8.8328e-05	0.10606	supercritical
457.0	1077.0	857.12	0.0011667	380.62	506.27	1.5302	0.93253	1.4884	776.48	-0.014106	8.8501e-05	0.10622	supercritical
457.0	1080.2	857.98	0.0011655	380.43	506.34	1.5295	0.93267	1.488	777.76	-0.014241	8.8674e-05	0.10639	supercritical
457.0	1083.5	858.84	0.0011644	380.25	506.41	1.5288	0.93281	1.4877	779.04	-0.014375	8.8847e-05	0.10655	supercritical
457.0	1086.8	859.69	0.0011632	380.07	506.48	1.5281	0.93295	1.4874	780.31	-0.014507	8.9019e-05	0.10672	supercritical
457.0	1090.0	860.54	0.0011621	379.89	506.55	1.5275	0.93309	1.487	781.58	-0.014639	8.9191e-05	0.10688	supercritical
457.0	1093.2	861.39	0.0011609	379.7	506.62	1.5268	0.93324	1.4867	782.84	-0.014769	8.9364e-05	0.10705	supercritical
457.0	1096.5	862.23	0.0011598	379.52	506.69	1.5261	0.93338	1.4864	784.11	-0.014899	8.9536e-05	0.10721	supercritical
457.0	1099.8	863.07	0.0011587	379.34	506.76	1.5255	0.93352	1.486	785.37	-0.015028	8.9707e-05	0.10738	supercritical
457.0	1103.0	863.91	0.0011575	379.16	506.84	1.5248	0.93366	1.4857	786.63	-0.015155	8.9879e-05	0.10754	supercritical
457.0	1106.2	864.74	0.0011564	378.98	506.91	1.5241	0.93381	1.4854	787.88	-0.015282	9.005e-05	0.1077	supercritical
457.0	1109.5	865.57	0.0011553	378.8	506.99	1.5235	0.93395	1.4851	789.14	-0.015407	9.0221e-05	0.10787	supercritical
457.0	1112.8	866.4	0.0011542	378.63	507.06	1.5228	0.93409	1.4848	790.39	-0.015532	9.0392e-05	0.10803	supercritical
457.0	1116.0	867.23	0.0011531	378.45	507.14	1.5222	0.93423	1.4844	791.63	-0.015656	9.0563e-05	0.10819	supercritical
457.0	1119.2	868.05	0.001152	378.27	507.21	1.5215	0.93438	1.4841	792.88	-0.015779	9.0734e-05	0.10836	supercritical
457.0	1122.5	868.87	0.0011509	378.1	507.29	1.5208	0.93452	1.4838	794.12	-0.0159	9.0904e-05	0.10852	supercritical
457.0	1125.8	869.69	0.0011498	377.92	507.36	1.5202	0.93466	1.4835	795.36	-0.016021	9.1074e-05	0.10868	supercritical
457.0	1129.0	870.5	0.0011488	377.75	507.44	1.5195	0.9348	1.4832	796.6	-0.016141	9.1244e-05	0.10885	supercritical
457.0	1132.2	871.31	0.0011477	377.57	507.52	1.5189	0.93495	1.4829	797.83	-0.01626	9.1414e-05	0.10901	supercritical
457.0	1135.5	872.12	0.0011466	377.4	507.6	1.5183	0.93509	1.4826	799.06	-0.016379	9.1584e-05	0.10917	supercritical
457.0	1138.8	872.92	0.0011456	377.23	507.68	1.5176	0.93523	1.4823	800.29	-0.016496	9.1753e-05	0.10933	supercritical
457.0	1142.0	873.73	0.0011445	377.05	507.76	1.517	0.93538	1.482	801.52	-0.016613	9.1923e-05	0.10949	supercritical
457.0	1145.2	874.53	0.0011435	376.88	507.84	1.5163	0.93552	1.4817	802.74	-0.016728	9.2092e-05	0.10966	supercritical
457.0	1148.5	875.33	0.0011424	376.71	507.92	1.5157	0.93566	1.4814	803.97	-0.016843	9.2261e-05	0.10982	supercritical
457.0	1151.8	876.12	0.0011414	376.54	508.0	1.5151	0.9358	1.4811	805.19	-0.016957	9.2429e-05	0.10998	supercritical
457.0	1155.0	876.91	0.0011404	376.37	508.08	1.5144	0.93595	1.4808	806.4	-0.01707	9.2598e-05	0.11014	supercritical
457.0	1158.2	877.7	0.0011393	376.2	508.16	1.5138	0.93609	1.4805	807.62	-0.017182	9.2766e-05	0.1103	supercritical
457.0	1161.5	878.49	0.0011383	376.03	508.25	1.5132	0.93623	1.4802	808.83	-0.017294	9.2934e-05	0.11046	supercritical
457.0	1164.8	879.27	0.0011373	375.86	508.33	1.5126	0.93638	1.4799	810.04	-0.017404	9.3102e-05	0.11062	supercritical
457.0	1168.0	880.05	0.0011363	375.7	508.41	1.5119	0.93652	1.4797	811.24	-0.017514	9.327e-05	0.11078	supercritical
457.0	1171.2	880.83	0.0011353	375.53	508.5	1.5113	0.93666	1.4794	812.45	-0.017623	9.3438e-05	0.11094	supercritical
457.0	1174.5	881.61	0.0011343	375.36	508.58	1.5107	0.93681	1.4791	813.65	-0.017731	9.3605e-05	0.1111	supercritical
457.0	1177.8	882.38	0.0011333	375.2	508.67	1.5101	0.93695	1.4788	814.85	-0.017839	9.3773e-05	0.11126	supercritical
457.0	1181.0	883.15	0.0011323	375.03	508.76	1.5094	0.93709	1.4785	816.04	-0.017945	9.394e-05	0.11142	supercritical
457.0	1184.2	883.92	0.0011313	374.87	508.84	1.5088	0.93724	1.4783	817.24	-0.018051	9.4107e-05	0.11158	supercritical
457.0	1187.5	884.69	0.0011303	374.7	508.93	1.5082	0.93738	1.478	818.43	-0.018156	9.4274e-05	0.11174	supercritical
457.0	1190.8	885.45	0.0011294	374.54	509.02	1.5076	0.93752	1.4777	819.62	-0.018261	9.444e-05	0.1119	supercritical
457.0	1194.0	886.21	0.0011284	374.37	509.1	1.507	0.93767	1.4774	820.81	-0.018364	9.4607e-05	0.11206	supercritical
457.0	1197.2	886.97	0.0011274	374.21	509.19	1.5064	0.93781	1.4772	821.99	-0.018467	9.4773e-05	0.11222	supercritical
457.0	1200.5	887.73	0.0011265	374.05	509.28	1.5058	0.93795	1.4769	823.17	-0.01857	9.4939e-05	0.11238	supercritical
457.0	1203.8	888.48	0.0011255	373.89	509.37	1.5052	0.9381	1.4766	824.35	-0.018671	9.5106e-05	0.11253	supercritical
457.0	1207.0	889.24	0.0011246	373.73	509.46	1.5046	0.93824	1.4764	825.53	-0.018772	9.5271e-05	0.11269	supercritical
457.0	1210.2	889.98	0.0011236	373.57	509.55	1.504	0.93838	1.4761	826.71	-0.018872	9.5437e-05	0.11285	supercritical
457.0	1213.5	890.73	0.0011227	373.41	509.64	1.5034	0.93853	1.4759	827.88	-0.018971	9.5603e-05	0.11301	supercritical
457.0	1216.8	891.48	0.0011217	373.25	509.73	1.5028	0.93867	1.4756	829.05	-0.01907	9.5768e-05	0.11317	supercritical
457.0	1220.0	892.22	0.0011208	373.09	509.82	1.5022	0.93881	1.4753	830.22	-0.019168	9.5933e-05	0.11332	supercritical
457.0	1223.2	892.96	0.0011199	372.93	509.92	1.5016	0.93896	1.4751	831.38	-0.019265	9.6098e-05	0.11348	supercritical
457.0	1226.5	893.7	0.0011189	372.77	510.01	1.501	0.9391	1.4748	832.55	-0.019362	9.6263e-05	0.11364	supercritical
457.0	1229.8	894.43	0.001118	372.61	510.1	1.5004	0.93924	1.4746	833.71	-0.019458	9.6428e-05	0.1138	supercritical
457.0	1233.0	895.16	0.0011171	372.46	510.2	1.4998	0.93939	1.4743	834.87	-0.019553	9.6593e-05	0.11395	supercritical
457.0	1236.2	895.89	0.0011162	372.3	510.29	1.4992	0.93953	1.4741	836.02	-0.019648	9.6757e-05	0.11411	supercritical
457.0	1239.5	896.62	0.0011153	372.14	510.38	1.4986	0.93967	1.4738	837.18	-0.019742	9.6921e-05	0.11427	supercritical
457.0	1242.8	897.35	0.0011144	371.99	510.48	1.498	0.93982	1.4736	838.33	-0.019835	9.7086e-05	0.11442	supercritical
457.0	1246.0	898.07	0.0011135	371.83	510.57	1.4975	0.93996	1.4733	839.48	-0.019928	9.725e-05	0.11458	supercritical
457.0	1249.2	898.79	0.0011126	371.68	510.67	1.4969	0.94011	1.4731	840.63	-0.02002	9.7414e-05	0.11474	supercritical
457.0	1252.5	899.51	0.0011117	371.52	510.77	1.4963	0.94025	1.4729	841.77	-0.020112	9.7577e-05	0.11489	supercritical
457.0	1255.8	900.23	0.0011108	371.37	510.86	1.4957	0.94039	1.4726	842.92	-0.020203	9.7741e-05	0.11505	supercritical
457.0	1259.0	900.95	0.0011099	371.22	510.96	1.4951	0.94054	1.4724	844.06	-0.020293	9.7904e-05	0.11521	supercritical
457.0	1262.2	901.66	0.0011091	371.06	511.06	1.4946	0.94068	1.4721	845.2	-0.020383	9.8068e-05	0.11536	supercritical
457.0	1265.5	902.37	0.0011082	370.91	511.15	1.494	0.94082	1.4719	846.33	-0.020472	9.8231e-05	0.11552	supercritical
457.0	1268.8	903.08	0.0011073	370.76	511.25	1.4934	0.94097	1.4717	847.47	-0.02056	9.8394e-05	0.11567	supercritical
457.0	1272.0	903.79	0.0011065	370.61	511.35	1.4928	0.94111	1.4714	848.6	-0.020648	9.8557e-05	0.11583	supercritical
457.0	1275.2	904.49	0.0011056	370.46	511.45	1.4923	0.94126	1.4712	849.73	-0.020735	9.8719e-05	0.11598	supercritical
457.0	1278.5	905.19	0.0011047	370.31	511.55	1.4917	0.9414	1.471	850.86	-0.020822	9.8882e-05	0.11614	supercritical
457.0	1281.8	905.89	0.0011039	370.16	511.65	1.4911	0.94154	1.4708	851.99	-0.020908	9.9045e-05	0.11629	supercritical
457.0	1285.0	906.59	0.001103	370.01	511.75	1.4906	0.94169	1.4705	853.11	-0.020994	9.9207e-05	0.11645	supercritical
457.0	1288.2	907.29	0.0011022	369.86	511.85	1.49	0.94183	1.4703	854.23	-0.021079	9.9369e-05	0.1166	supercritical
457.0	1291.5	907.98	0.0011013	369.71	511.95	1.4894	0.94197	1.4701	855.35	-0.021163	9.9531e-05	0.11676	supercritical
457.0	1294.8	908.67	0.0011005	369.56	512.05	1.4889	0.94212	1.4699	856.47	-0.021247	9.9693e-05	0.11691	supercritical
457.0	1298.0	909.37	0.0010997	369.42	512.15	1.4883	0.94226	1.4696	857.58	-0.021331	9.9855e-05	0.11707	supercritical
457.0	1301.2	910.05	0.0010988	369.27	512.26	1.4878	0.94241	1.4694	858.7	-0.021414	0.00010002	0.11722	supercritical
457.0	1304.5	910.74	0.001098	369.12	512.36	1.4872	0.94255	1.4692	859.81	-0.021496	0.00010018	0.11738	supercritical
457.0	1307.8	911.42	0.0010972	368.98	512.46	1.4867	0.94269	1.469	860.92	-0.021578	0.00010034	0.11753	supercritical
457.0	1311.0	912.11	0.0010964	368.83	512.56	1.4861	0.94284	1.4688	862.03	-0.021659	0.0001005	0.11768	supercritical
457.0	1314.2	912.79	0.0010955	368.69	512.67	1.4855	0.94298	1.4686	863.13	-0.02174	0.00010066	0.11784	supercritical
457.0	1317.5	913.47	0.0010947	368.54	512.77	1.485	0.94313	1.4683	864.23	-0.02182	0.00010082	0.11799	supercritical
457.0	1320.8	914.14	0.0010939	368.4	512.88	1.4844	0.94327	1.4681	865.33	-0.0219	0.00010098	0.11814	supercritical
457.0	1324.0	914.82	0.0010931	368.25	512.98	1.4839	0.94341	1.4679	866.43	-0.021979	0.00010114	0.1183	supercritical
457.0	1327.2	915.49	0.0010923	368.11	513.09	1.4833	0.94356	1.4677	867.53	-0.022058	0.00010131	0.11845	supercritical
457.0	1330.5	916.16	0.0010915	367.97	513.19	1.4828	0.9437	1.4675	868.63	-0.022136	0.00010147	0.1186	supercritical
457.0	1333.8	916.83	0.0010907	367.82	513.3	1.4823	0.94385	1.4673	869.72	-0.022214	0.00010163	0.11876	supercritical
457.0	1337.0	917.5	0.0010899	367.68	513.4	1.4817	0.94399	1.4671	870.81	-0.022291	0.00010179	0.11891	supercritical
457.0	1340.2	918.16	0.0010891	367.54	513.51	1.4812	0.94413	1.4669	871.9	-0.022367	0.00010195	0.11906	supercritical
457.0	1343.5	918.82	0.0010883	367.4	513.62	1.4806	0.94428	1.4667	872.99	-0.022444	0.00010211	0.11922	supercritical
457.0	1346.8	919.49	0.0010876	367.26	513.72	1.4801	0.94442	1.4665	874.07	-0.02252	0.00010227	0.11937	supercritical
457.0	1350.0	920.14	0.0010868	367.12	513.83	1.4796	0.94457	1.4663	875.15	-0.022595	0.00010243	0.11952	supercritical
457.0	1353.2	920.8	0.001086	366.97	513.94	1.479	0.94471	1.4661	876.24	-0.02267	0.00010259	0.11967	supercritical
457.0	1356.5	921.46	0.0010852	366.83	514.05	1.4785	0.94485	1.4659	877.31	-0.022744	0.00010275	0.11983	supercritical
457.0	1359.8	922.11	0.0010845	366.7	514.16	1.4779	0.945	1.4657	878.39	-0.022818	0.00010291	0.11998	supercritical
457.0	1363.0	922.77	0.0010837	366.56	514.26	1.4774	0.94514	1.4655	879.47	-0.022891	0.00010306	0.12013	supercritical
457.0	1366.2	923.42	0.0010829	366.42	514.37	1.4769	0.94529	1.4653	880.54	-0.022964	0.00010322	0.12028	supercritical
457.0	1369.5	924.06	0.0010822	366.28	514.48	1.4764	0.94543	1.4651	881.61	-0.023037	0.00010338	0.12043	supercritical
457.0	1372.8	924.71	0.0010814	366.14	514.59	1.4758	0.94557	1.4649	882.68	-0.023109	0.00010354	0.12058	supercritical
457.0	1376.0	925.36	0.0010807	366.0	514.7	1.4753	0.94572	1.4647	883.75	-0.023181	0.0001037	0.12074	supercritical
457.0	1379.2	926.0	0.0010799	365.87	514.81	1.4748	0.94586	1.4645	884.82	-0.023252	0.00010386	0.12089	supercritical
457.0	1382.5	926.64	0.0010792	365.73	514.92	1.4742	0.94601	1.4643	885.88	-0.023323	0.00010402	0.12104	supercritical
457.0	1385.8	927.28	0.0010784	365.59	515.04	1.4737	0.94615	1.4641	886.94	-0.023393	0.00010418	0.12119	supercritical
457.0	1389.0	927.92	0.0010777	365.46	515.15	1.4732	0.94629	1.464	888.0	-0.023463	0.00010434	0.12134	supercritical
457.0	1392.2	928.56	0.0010769	365.32	515.26	1.4727	0.94644	1.4638	889.06	-0.023533	0.00010449	0.12149	supercritical
457.0	1395.5	929.19	0.0010762	365.19	515.37	1.4722	0.94658	1.4636	890.12	-0.023602	0.00010465	0.12164	supercritical
457.0	1398.8	929.83	0.0010755	365.05	515.48	1.4716	0.94672	1.4634	891.17	-0.023671	0.00010481	0.12179	supercritical
457.0	1402.0	930.46	0.0010747	364.92	515.6	1.4711	0.94687	1.4632	892.22	-0.023739	0.00010497	0.12194	supercritical
457.0	1405.2	931.09	0.001074	364.78	515.71	1.4706	0.94701	1.463	893.28	-0.023807	0.00010513	0.12209	supercritical
457.0	1408.5	931.72	0.0010733	364.65	515.82	1.4701	0.94716	1.4629	894.32	-0.023874	0.00010528	0.12224	supercritical
457.0	1411.8	932.34	0.0010726	364.52	515.94	1.4696	0.9473	1.4627	895.37	-0.023941	0.00010544	0.12239	supercritical
457.0	1415.0	932.97	0.0010718	364.38	516.05	1.4691	0.94744	1.4625	896.42	-0.024008	0.0001056	0.12254	supercritical
457.0	1418.2	933.59	0.0010711	364.25	516.16	1.4685	0.94759	1.4623	897.46	-0.024074	0.00010576	0.12269	supercritical
457.0	1421.5	934.21	0.0010704	364.12	516.28	1.468	0.94773	1.4621	898.5	-0.02414	0.00010591	0.12284	supercritical
457.0	1424.8	934.83	0.0010697	363.99	516.39	1.4675	0.94788	1.462	899.54	-0.024206	0.00010607	0.12299	supercritical
457.0	1428.0	935.45	0.001069	363.86	516.51	1.467	0.94802	1.4618	900.58	-0.024271	0.00010623	0.12314	supercritical
457.0	1431.2	936.07	0.0010683	363.72	516.62	1.4665	0.94816	1.4616	901.62	-0.024335	0.00010639	0.12329	supercritical
457.0	1434.5	936.69	0.0010676	363.59	516.74	1.466	0.94831	1.4614	902.65	-0.0244	0.00010654	0.12344	supercritical
457.0	1437.8	937.3	0.0010669	363.46	516.86	1.4655	0.94845	1.4613	903.69	-0.024464	0.0001067	0.12359	supercritical
457.0	1441.0	937.91	0.0010662	363.33	516.97	1.465	0.9486	1.4611	904.72	-0.024527	0.00010686	0.12374	supercritical
457.0	1444.2	938.52	0.0010655	363.2	517.09	1.4645	0.94874	1.4609	905.75	-0.024591	0.00010701	0.12389	supercritical
457.0	1447.5	939.13	0.0010648	363.07	517.21	1.464	0.94888	1.4608	906.78	-0.024653	0.00010717	0.12404	supercritical
457.0	1450.8	939.74	0.0010641	362.95	517.32	1.4635	0.94903	1.4606	907.8	-0.024716	0.00010733	0.12419	supercritical
457.0	1454.0	940.35	0.0010634	362.82	517.44	1.463	0.94917	1.4604	908.83	-0.024778	0.00010748	0.12434	supercritical
457.0	1457.2	940.95	0.0010628	362.69	517.56	1.4625	0.94932	1.4603	909.85	-0.02484	0.00010764	0.12449	supercritical
457.0	1460.5	941.55	0.0010621	362.56	517.68	1.462	0.94946	1.4601	910.87	-0.024901	0.00010779	0.12464	supercritical
457.0	1463.8	942.16	0.0010614	362.43	517.79	1.4615	0.9496	1.4599	911.89	-0.024962	0.00010795	0.12478	supercritical
457.0	1467.0	942.76	0.0010607	362.31	517.91	1.461	0.94975	1.4598	912.91	-0.025023	0.00010811	0.12493	supercritical
457.0	1470.2	943.35	0.00106	362.18	518.03	1.4605	0.94989	1.4596	913.92	-0.025084	0.00010826	0.12508	supercritical
457.0	1473.5	943.95	0.0010594	362.05	518.15	1.46	0.95003	1.4594	914.94	-0.025144	0.00010842	0.12523	supercritical
457.0	1476.8	944.55	0.0010587	361.93	518.27	1.4595	0.95018	1.4593	915.95	-0.025203	0.00010857	0.12538	supercritical
457.0	1480.0	945.14	0.001058	361.8	518.39	1.459	0.95032	1.4591	916.96	-0.025263	0.00010873	0.12553	supercritical
457.0	1483.2	945.73	0.0010574	361.67	518.51	1.4585	0.95047	1.459	917.97	-0.025322	0.00010888	0.12567	supercritical
457.0	1486.5	946.33	0.0010567	361.55	518.63	1.4581	0.95061	1.4588	918.98	-0.02538	0.00010904	0.12582	supercritical
457.0	1489.8	946.92	0.0010561	361.42	518.75	1.4576	0.95075	1.4586	919.98	-0.025439	0.0001092	0.12597	supercritical
457.0	1493.0	947.5	0.0010554	361.3	518.87	1.4571	0.9509	1.4585	920.99	-0.025497	0.00010935	0.12612	supercritical
457.0	1496.2	948.09	0.0010548	361.18	518.99	1.4566	0.95104	1.4583	921.99	-0.025554	0.00010951	0.12627	supercritical
457.0	1499.5	948.68	0.0010541	361.05	519.11	1.4561	0.95118	1.4582	922.99	-0.025612	0.00010966	0.12641	supercritical
457.0	1502.8	949.26	0.0010535	360.93	519.24	1.4556	0.95133	1.458	923.99	-0.025669	0.00010982	0.12656	supercritical
457.0	1506.0	949.84	0.0010528	360.8	519.36	1.4551	0.95147	1.4579	924.99	-0.025726	0.00010997	0.12671	supercritical
457.0	1509.2	950.42	0.0010522	360.68	519.48	1.4547	0.95162	1.4577	925.98	-0.025782	0.00011013	0.12686	supercritical
457.0	1512.5	951.0	0.0010515	360.56	519.6	1.4542	0.95176	1.4576	926.98	-0.025838	0.00011028	0.127	supercritical
457.0	1515.8	951.58	0.0010509	360.44	519.72	1.4537	0.9519	1.4574	927.97	-0.025894	0.00011044	0.12715	supercritical
457.0	1519.0	952.16	0.0010502	360.31	519.85	1.4532	0.95205	1.4573	928.96	-0.025949	0.00011059	0.1273	supercritical
457.0	1522.2	952.74	0.0010496	360.19	519.97	1.4527	0.95219	1.4571	929.95	-0.026005	0.00011074	0.12744	supercritical
457.0	1525.5	953.31	0.001049	360.07	520.09	1.4523	0.95233	1.457	930.94	-0.026059	0.0001109	0.12759	supercritical
457.0	1528.8	953.88	0.0010483	359.95	520.22	1.4518	0.95248	1.4568	931.92	-0.026114	0.00011105	0.12774	supercritical
457.0	1532.0	954.45	0.0010477	359.83	520.34	1.4513	0.95262	1.4567	932.91	-0.026168	0.00011121	0.12788	supercritical
457.0	1535.2	955.03	0.0010471	359.71	520.46	1.4508	0.95276	1.4565	933.89	-0.026222	0.00011136	0.12803	supercritical
457.0	1538.5	955.59	0.0010465	359.59	520.59	1.4504	0.95291	1.4564	934.87	-0.026276	0.00011152	0.12818	supercritical
457.0	1541.8	956.16	0.0010458	359.47	520.71	1.4499	0.95305	1.4562	935.85	-0.026329	0.00011167	0.12832	supercritical
457.0	1545.0	956.73	0.0010452	359.35	520.84	1.4494	0.9532	1.4561	936.83	-0.026382	0.00011182	0.12847	supercritical
457.0	1548.2	957.29	0.0010446	359.23	520.96	1.449	0.95334	1.456	937.81	-0.026435	0.00011198	0.12862	supercritical
457.0	1551.5	957.86	0.001044	359.11	521.09	1.4485	0.95348	1.4558	938.78	-0.026488	0.00011213	0.12876	supercritical
457.0	1554.8	958.42	0.0010434	358.99	521.21	1.448	0.95363	1.4557	939.76	-0.02654	0.00011228	0.12891	supercritical
457.0	1558.0	958.98	0.0010428	358.88	521.34	1.4476	0.95377	1.4555	940.73	-0.026592	0.00011244	0.12905	supercritical
457.0	1561.2	959.54	0.0010422	358.76	521.47	1.4471	0.95391	1.4554	941.7	-0.026644	0.00011259	0.1292	supercritical
457.0	1564.5	960.1	0.0010416	358.64	521.59	1.4466	0.95406	1.4552	942.67	-0.026695	0.00011274	0.12935	supercritical
457.0	1567.8	960.66	0.001041	358.52	521.72	1.4462	0.9542	1.4551	943.64	-0.026746	0.0001129	0.12949	supercritical
457.0	1571.0	961.21	0.0010404	358.4	521.84	1.4457	0.95434	1.455	944.6	-0.026797	0.00011305	0.12964	supercritical
457.0	1574.2	961.77	0.0010398	358.29	521.97	1.4452	0.95449	1.4548	945.57	-0.026848	0.0001132	0.12978	supercritical
457.0	1577.5	962.32	0.0010392	358.17	522.1	1.4448	0.95463	1.4547	946.53	-0.026898	0.00011336	0.12993	supercritical
457.0	1580.8	962.87	0.0010386	358.06	522.23	1.4443	0.95477	1.4546	947.49	-0.026948	0.00011351	0.13007	supercritical
457.0	1584.0	963.42	0.001038	357.94	522.35	1.4439	0.95492	1.4544	948.45	-0.026998	0.00011366	0.13022	supercritical
457.0	1587.2	963.97	0.0010374	357.82	522.48	1.4434	0.95506	1.4543	949.41	-0.027047	0.00011382	0.13036	supercritical
457.0	1590.5	964.52	0.0010368	357.71	522.61	1.4429	0.9552	1.4542	950.37	-0.027097	0.00011397	0.13051	supercritical
457.0	1593.8	965.07	0.0010362	357.59	522.74	1.4425	0.95535	1.454	951.33	-0.027146	0.00011412	0.13065	supercritical
457.0	1597.0	965.61	0.0010356	357.48	522.87	1.442	0.95549	1.4539	952.28	-0.027194	0.00011427	0.1308	supercritical
457.0	1600.2	966.16	0.001035	357.36	522.99	1.4416	0.95563	1.4538	953.23	-0.027243	0.00011443	0.13094	supercritical
457.0	1603.5	966.7	0.0010344	357.25	523.12	1.4411	0.95578	1.4536	954.18	-0.027291	0.00011458	0.13109	supercritical
457.0	1606.8	967.24	0.0010339	357.14	523.25	1.4407	0.95592	1.4535	955.13	-0.027339	0.00011473	0.13123	supercritical
457.0	1610.0	967.79	0.0010333	357.02	523.38	1.4402	0.95606	1.4534	956.08	-0.027387	0.00011488	0.13138	supercritical
457.0	1613.2	968.33	0.0010327	356.91	523.51	1.4398	0.95621	1.4533	957.03	-0.027434	0.00011504	0.13152	supercritical
457.0	1616.5	968.86	0.0010321	356.8	523.64	1.4393	0.95635	1.4531	957.98	-0.027482	0.00011519	0.13167	supercritical
457.0	1619.8	969.4	0.0010316	356.68	523.77	1.4389	0.95649	1.453	958.92	-0.027528	0.00011534	0.13181	supercritical
457.0	1623.0	969.94	0.001031	356.57	523.9	1.4384	0.95663	1.4529	959.86	-0.027575	0.00011549	0.13196	supercritical
457.0	1626.2	970.47	0.0010304	356.46	524.03	1.438	0.95678	1.4527	960.8	-0.027622	0.00011565	0.1321	supercritical
457.0	1629.5	971.01	0.0010299	356.35	524.16	1.4375	0.95692	1.4526	961.74	-0.027668	0.0001158	0.13225	supercritical
457.0	1632.8	971.54	0.0010293	356.23	524.29	1.4371	0.95706	1.4525	962.68	-0.027714	0.00011595	0.13239	supercritical
457.0	1636.0	972.07	0.0010287	356.12	524.42	1.4366	0.95721	1.4524	963.62	-0.02776	0.0001161	0.13253	supercritical
457.0	1639.2	972.6	0.0010282	356.01	524.55	1.4362	0.95735	1.4522	964.55	-0.027805	0.00011625	0.13268	supercritical
457.0	1642.5	973.13	0.0010276	355.9	524.69	1.4357	0.95749	1.4521	965.49	-0.027851	0.0001164	0.13282	supercritical
457.0	1645.8	973.66	0.0010271	355.79	524.82	1.4353	0.95764	1.452	966.42	-0.027896	0.00011656	0.13297	supercritical
457.0	1649.0	974.19	0.0010265	355.68	524.95	1.4349	0.95778	1.4519	967.35	-0.027941	0.00011671	0.13311	supercritical
457.0	1652.2	974.71	0.0010259	355.57	525.08	1.4344	0.95792	1.4518	968.28	-0.027985	0.00011686	0.13325	supercritical
457.0	1655.5	975.24	0.0010254	355.46	525.21	1.434	0.95806	1.4516	969.21	-0.02803	0.00011701	0.1334	supercritical
457.0	1658.8	975.76	0.0010248	355.35	525.34	1.4335	0.95821	1.4515	970.14	-0.028074	0.00011716	0.13354	supercritical
457.0	1662.0	976.28	0.0010243	355.24	525.48	1.4331	0.95835	1.4514	971.07	-0.028118	0.00011731	0.13368	supercritical
457.0	1665.2	976.8	0.0010237	355.13	525.61	1.4327	0.95849	1.4513	971.99	-0.028162	0.00011746	0.13383	supercritical
457.0	1668.5	977.33	0.0010232	355.02	525.74	1.4322	0.95864	1.4512	972.91	-0.028205	0.00011761	0.13397	supercritical
457.0	1671.8	977.84	0.0010227	354.91	525.88	1.4318	0.95878	1.4511	973.83	-0.028248	0.00011777	0.13411	supercritical
457.0	1675.0	978.36	0.0010221	354.8	526.01	1.4314	0.95892	1.4509	974.76	-0.028291	0.00011792	0.13426	supercritical
457.0	1678.2	978.88	0.0010216	354.7	526.14	1.4309	0.95906	1.4508	975.67	-0.028334	0.00011807	0.1344	supercritical
457.0	1681.5	979.4	0.001021	354.59	526.28	1.4305	0.95921	1.4507	976.59	-0.028377	0.00011822	0.13454	supercritical
457.0	1684.8	979.91	0.0010205	354.48	526.41	1.4301	0.95935	1.4506	977.51	-0.028419	0.00011837	0.13469	supercritical
457.0	1688.0	980.42	0.00102	354.37	526.54	1.4296	0.95949	1.4505	978.42	-0.028462	0.00011852	0.13483	supercritical
457.0	1691.2	980.94	0.0010194	354.27	526.68	1.4292	0.95963	1.4504	979.34	-0.028504	0.00011867	0.13497	supercritical
457.0	1694.5	981.45	0.0010189	354.16	526.81	1.4288	0.95978	1.4503	980.25	-0.028545	0.00011882	0.13512	supercritical
457.0	1697.8	981.96	0.0010184	354.05	526.95	1.4283	0.95992	1.4501	981.16	-0.028587	0.00011897	0.13526	supercritical
457.0	1701.0	982.47	0.0010178	353.95	527.08	1.4279	0.96006	1.45	982.07	-0.028628	0.00011912	0.1354	supercritical
457.0	1704.2	982.98	0.0010173	353.84	527.22	1.4275	0.9602	1.4499	982.98	-0.028669	0.00011927	0.13554	supercritical
457.0	1707.5	983.48	0.0010168	353.74	527.35	1.427	0.96035	1.4498	983.89	-0.02871	0.00011942	0.13569	supercritical
457.0	1710.8	983.99	0.0010163	353.63	527.49	1.4266	0.96049	1.4497	984.79	-0.028751	0.00011957	0.13583	supercritical
457.0	1714.0	984.5	0.0010157	353.52	527.62	1.4262	0.96063	1.4496	985.7	-0.028792	0.00011972	0.13597	supercritical
457.0	1717.2	985.0	0.0010152	353.42	527.76	1.4258	0.96077	1.4495	986.6	-0.028832	0.00011987	0.13611	supercritical
457.0	1720.5	985.5	0.0010147	353.31	527.9	1.4253	0.96092	1.4494	987.5	-0.028872	0.00012002	0.13625	supercritical
457.0	1723.8	986.01	0.0010142	353.21	528.03	1.4249	0.96106	1.4493	988.4	-0.028912	0.00012017	0.1364	supercritical
457.0	1727.0	986.51	0.0010137	353.11	528.17	1.4245	0.9612	1.4492	989.3	-0.028952	0.00012032	0.13654	supercritical
457.0	1730.2	987.01	0.0010132	353.0	528.3	1.4241	0.96134	1.4491	990.2	-0.028992	0.00012047	0.13668	supercritical
457.0	1733.5	987.51	0.0010127	352.9	528.44	1.4237	0.96148	1.4489	991.1	-0.029031	0.00012062	0.13682	supercritical
457.0	1736.8	988.0	0.0010121	352.79	528.58	1.4232	0.96163	1.4488	991.99	-0.02907	0.00012077	0.13697	supercritical
457.0	1740.0	988.5	0.0010116	352.69	528.71	1.4228	0.96177	1.4487	992.89	-0.029109	0.00012092	0.13711	supercritical
457.0	1743.2	989.0	0.0010111	352.59	528.85	1.4224	0.96191	1.4486	993.78	-0.029148	0.00012107	0.13725	supercritical
457.0	1746.5	989.49	0.0010106	352.48	528.99	1.422	0.96205	1.4485	994.67	-0.029187	0.00012122	0.13739	supercritical
457.0	1749.8	989.99	0.0010101	352.38	529.13	1.4216	0.9622	1.4484	995.56	-0.029225	0.00012137	0.13753	supercritical
457.0	1753.0	990.48	0.0010096	352.28	529.26	1.4211	0.96234	1.4483	996.45	-0.029263	0.00012152	0.13767	supercritical
457.0	1756.2	990.97	0.0010091	352.18	529.4	1.4207	0.96248	1.4482	997.34	-0.029302	0.00012167	0.13782	supercritical
457.0	1759.5	991.46	0.0010086	352.08	529.54	1.4203	0.96262	1.4481	998.23	-0.029339	0.00012182	0.13796	supercritical
457.0	1762.8	991.95	0.0010081	351.97	529.68	1.4199	0.96276	1.448	999.11	-0.029377	0.00012197	0.1381	supercritical
457.0	1766.0	992.44	0.0010076	351.87	529.82	1.4195	0.96291	1.4479	999.99	-0.029415	0.00012212	0.13824	supercritical
457.0	1769.2	992.93	0.0010071	351.77	529.96	1.4191	0.96305	1.4478	1000.9	-0.029452	0.00012227	0.13838	supercritical
457.0	1772.5	993.42	0.0010066	351.67	530.09	1.4187	0.96319	1.4477	1001.8	-0.029489	0.00012242	0.13852	supercritical
457.0	1775.8	993.9	0.0010061	351.57	530.23	1.4182	0.96333	1.4476	1002.6	-0.029526	0.00012257	0.13866	supercritical
457.0	1779.0	994.39	0.0010056	351.47	530.37	1.4178	0.96347	1.4475	1003.5	-0.029563	0.00012272	0.1388	supercritical
457.0	1782.2	994.87	0.0010052	351.37	530.51	1.4174	0.96361	1.4474	1004.4	-0.0296	0.00012287	0.13895	supercritical
457.0	1785.5	995.36	0.0010047	351.27	530.65	1.417	0.96376	1.4473	1005.3	-0.029636	0.00012302	0.13909	supercritical
457.0	1788.8	995.84	0.0010042	351.17	530.79	1.4166	0.9639	1.4472	1006.2	-0.029672	0.00012316	0.13923	supercritical
457.0	1792.0	996.32	0.0010037	351.07	530.93	1.4162	0.96404	1.4471	1007.0	-0.029709	0.00012331	0.13937	supercritical
457.0	1795.2	996.8	0.0010032	350.97	531.07	1.4158	0.96418	1.447	1007.9	-0.029745	0.00012346	0.13951	supercritical
457.0	1798.5	997.28	0.0010027	350.87	531.21	1.4154	0.96432	1.4469	1008.8	-0.02978	0.00012361	0.13965	supercritical
457.0	1801.8	997.76	0.0010022	350.77	531.35	1.415	0.96446	1.4468	1009.6	-0.029816	0.00012376	0.13979	supercritical
457.0	1805.0	998.24	0.0010018	350.67	531.49	1.4146	0.96461	1.4467	1010.5	-0.029851	0.00012391	0.13993	supercritical
457.0	1808.2	998.71	0.0010013	350.57	531.63	1.4142	0.96475	1.4467	1011.4	-0.029887	0.00012406	0.14007	supercritical
457.0	1811.5	999.19	0.0010008	350.47	531.77	1.4138	0.96489	1.4466	1012.2	-0.029922	0.00012421	0.14021	supercritical
457.0	1814.8	999.67	0.0010003	350.38	531.91	1.4134	0.96503	1.4465	1013.1	-0.029957	0.00012435	0.14035	supercritical
457.0	1818.0	1000.1	0.00099986	350.28	532.05	1.4129	0.96517	1.4464	1014.0	-0.029992	0.0001245	0.14049	supercritical
457.0	1821.2	1000.6	0.00099939	350.18	532.19	1.4125	0.96531	1.4463	1014.8	-0.030026	0.00012465	0.14063	supercritical
457.0	1824.5	1001.1	0.00099892	350.08	532.33	1.4121	0.96545	1.4462	1015.7	-0.030061	0.0001248	0.14077	supercritical
457.0	1827.8	1001.6	0.00099845	349.98	532.48	1.4117	0.9656	1.4461	1016.6	-0.030095	0.00012495	0.14091	supercritical
457.0	1831.0	1002.0	0.00099798	349.89	532.62	1.4113	0.96574	1.446	1017.4	-0.030129	0.0001251	0.14105	supercritical
457.0	1834.2	1002.5	0.00099751	349.79	532.76	1.4109	0.96588	1.4459	1018.3	-0.030163	0.00012525	0.14119	supercritical
457.0	1837.5	1003.0	0.00099704	349.69	532.9	1.4105	0.96602	1.4458	1019.1	-0.030197	0.00012539	0.14133	supercritical
457.0	1840.8	1003.4	0.00099658	349.6	533.04	1.4101	0.96616	1.4457	1020.0	-0.030231	0.00012554	0.14147	supercritical
457.0	1844.0	1003.9	0.00099611	349.5	533.18	1.4097	0.9663	1.4456	1020.9	-0.030264	0.00012569	0.14161	supercritical
457.0	1847.2	1004.4	0.00099565	349.41	533.33	1.4094	0.96644	1.4456	1021.7	-0.030298	0.00012584	0.14175	supercritical
457.0	1850.5	1004.8	0.00099519	349.31	533.47	1.409	0.96658	1.4455	1022.6	-0.030331	0.00012599	0.14189	supercritical
457.0	1853.8	1005.3	0.00099473	349.21	533.61	1.4086	0.96673	1.4454	1023.4	-0.030364	0.00012613	0.14203	supercritical
457.0	1857.0	1005.8	0.00099427	349.12	533.75	1.4082	0.96687	1.4453	1024.3	-0.030397	0.00012628	0.14217	supercritical
457.0	1860.2	1006.2	0.00099382	349.02	533.9	1.4078	0.96701	1.4452	1025.1	-0.030429	0.00012643	0.14231	supercritical
457.0	1863.5	1006.7	0.00099336	348.93	534.04	1.4074	0.96715	1.4451	1026.0	-0.030462	0.00012658	0.14245	supercritical
457.0	1866.8	1007.1	0.00099291	348.83	534.18	1.407	0.96729	1.445	1026.8	-0.030495	0.00012673	0.14259	supercritical
457.0	1870.0	1007.6	0.00099245	348.74	534.33	1.4066	0.96743	1.445	1027.7	-0.030527	0.00012687	0.14273	supercritical
457.0	1873.2	1008.1	0.000992	348.64	534.47	1.4062	0.96757	1.4449	1028.5	-0.030559	0.00012702	0.14287	supercritical
457.0	1876.5	1008.5	0.00099155	348.55	534.61	1.4058	0.96771	1.4448	1029.3	-0.030591	0.00012717	0.14301	supercritical
457.0	1879.8	1009.0	0.0009911	348.46	534.76	1.4054	0.96785	1.4447	1030.2	-0.030623	0.00012732	0.14315	supercritical
457.0	1883.0	1009.4	0.00099065	348.36	534.9	1.405	0.96799	1.4446	1031.0	-0.030655	0.00012746	0.14329	supercritical
457.0	1886.2	1009.9	0.0009902	348.27	535.05	1.4046	0.96813	1.4445	1031.9	-0.030686	0.00012761	0.14343	supercritical
457.0	1889.5	1010.3	0.00098976	348.17	535.19	1.4043	0.96827	1.4444	1032.7	-0.030718	0.00012776	0.14357	supercritical
457.0	1892.8	1010.8	0.00098931	348.08	535.33	1.4039	0.96842	1.4444	1033.6	-0.030749	0.00012791	0.1437	supercritical
457.0	1896.0	1011.3	0.00098887	347.99	535.48	1.4035	0.96856	1.4443	1034.4	-0.03078	0.00012805	0.14384	supercritical
457.0	1899.2	1011.7	0.00098843	347.9	535.62	1.4031	0.9687	1.4442	1035.2	-0.030811	0.0001282	0.14398	supercritical
457.0	1902.5	1012.2	0.00098799	347.8	535.77	1.4027	0.96884	1.4441	1036.1	-0.030842	0.00012835	0.14412	supercritical
457.0	1905.8	1012.6	0.00098755	347.71	535.91	1.4023	0.96898	1.444	1036.9	-0.030873	0.0001285	0.14426	supercritical
457.0	1909.0	1013.1	0.00098711	347.62	536.06	1.4019	0.96912	1.444	1037.7	-0.030903	0.00012864	0.1444	supercritical
457.0	1912.2	1013.5	0.00098667	347.53	536.2	1.4015	0.96926	1.4439	1038.6	-0.030934	0.00012879	0.14454	supercritical
457.0	1915.5	1014.0	0.00098623	347.43	536.35	1.4012	0.9694	1.4438	1039.4	-0.030964	0.00012894	0.14468	supercritical
457.0	1918.8	1014.4	0.0009858	347.34	536.49	1.4008	0.96954	1.4437	1040.2	-0.030994	0.00012909	0.14482	supercritical
457.0	1922.0	1014.9	0.00098536	347.25	536.64	1.4004	0.96968	1.4436	1041.1	-0.031025	0.00012923	0.14495	supercritical
457.0	1925.2	1015.3	0.00098493	347.16	536.78	1.4	0.96982	1.4436	1041.9	-0.031054	0.00012938	0.14509	supercritical
457.0	1928.5	1015.7	0.0009845	347.07	536.93	1.3996	0.96996	1.4435	1042.7	-0.031084	0.00012953	0.14523	supercritical
457.0	1931.8	1016.2	0.00098407	346.98	537.08	1.3993	0.9701	1.4434	1043.5	-0.031114	0.00012967	0.14537	supercritical
457.0	1935.0	1016.6	0.00098364	346.89	537.22	1.3989	0.97024	1.4433	1044.4	-0.031143	0.00012982	0.14551	supercritical
457.0	1938.2	1017.1	0.00098321	346.8	537.37	1.3985	0.97038	1.4432	1045.2	-0.031173	0.00012997	0.14565	supercritical
457.0	1941.5	1017.5	0.00098278	346.71	537.51	1.3981	0.97052	1.4432	1046.0	-0.031202	0.00013011	0.14578	supercritical
457.0	1944.8	1018.0	0.00098236	346.62	537.66	1.3977	0.97066	1.4431	1046.8	-0.031231	0.00013026	0.14592	supercritical
457.0	1948.0	1018.4	0.00098193	346.53	537.81	1.3974	0.9708	1.443	1047.7	-0.03126	0.00013041	0.14606	supercritical
457.0	1951.2	1018.8	0.00098151	346.44	537.95	1.397	0.97094	1.4429	1048.5	-0.031289	0.00013055	0.1462	supercritical
457.0	1954.5	1019.3	0.00098109	346.35	538.1	1.3966	0.97108	1.4429	1049.3	-0.031318	0.0001307	0.14634	supercritical
457.0	1957.8	1019.7	0.00098067	346.26	538.25	1.3962	0.97122	1.4428	1050.1	-0.031347	0.00013085	0.14648	supercritical
457.0	1961.0	1020.2	0.00098024	346.17	538.39	1.3959	0.97136	1.4427	1050.9	-0.031375	0.00013099	0.14661	supercritical
457.0	1964.2	1020.6	0.00097983	346.08	538.54	1.3955	0.9715	1.4426	1051.7	-0.031404	0.00013114	0.14675	supercritical
457.0	1967.5	1021.0	0.00097941	345.99	538.69	1.3951	0.97164	1.4426	1052.6	-0.031432	0.00013129	0.14689	supercritical
457.0	1970.8	1021.5	0.00097899	345.9	538.84	1.3947	0.97178	1.4425	1053.4	-0.03146	0.00013143	0.14703	supercritical
457.0	1974.0	1021.9	0.00097857	345.81	538.98	1.3944	0.97192	1.4424	1054.2	-0.031488	0.00013158	0.14716	supercritical
457.0	1977.2	1022.3	0.00097816	345.73	539.13	1.394	0.97206	1.4424	1055.0	-0.031516	0.00013173	0.1473	supercritical
457.0	1980.5	1022.8	0.00097774	345.64	539.28	1.3936	0.9722	1.4423	1055.8	-0.031544	0.00013187	0.14744	supercritical
457.0	1983.8	1023.2	0.00097733	345.55	539.43	1.3932	0.97234	1.4422	1056.6	-0.031571	0.00013202	0.14758	supercritical
457.0	1987.0	1023.6	0.00097692	345.46	539.58	1.3929	0.97248	1.4421	1057.4	-0.031599	0.00013217	0.14772	supercritical
457.0	1990.2	1024.1	0.00097651	345.37	539.72	1.3925	0.97262	1.4421	1058.2	-0.031626	0.00013231	0.14785	supercritical
457.0	1993.5	1024.5	0.0009761	345.29	539.87	1.3921	0.97276	1.442	1059.0	-0.031654	0.00013246	0.14799	supercritical
457.0	1996.8	1024.9	0.00097569	345.2	540.02	1.3918	0.9729	1.4419	1059.8	-0.031681	0.00013261	0.14813	supercritical
457.0	2000.0	1025.3	0.00097528	345.11	540.17	1.3914	0.97304	1.4419	1060.6	-0.031708	0.00013275	0.14826	supercritical
