Temperature (K)	Pressure (bar)	Density (kg/m3)	Volume (m3/kg)	Internal Energy (kJ/kg)	Enthalpy (kJ/kg)	Entropy (J/g*K)	Cv (J/g*K)	Cp (J/g*K)	Sound Spd. (m/s)	Joule-Thomson (K/bar)	Viscosity (Pa*s)	Therm. Cond. (W/m*K)	Phase
546.0	56.5	56.129	0.017816	627.41	728.07	2.5273	0.86712	1.1038	354.13	0.23456	2.6585e-05	0.03865	vapor
546.0	59.75	59.432	0.016826	626.7	727.23	2.5155	0.86782	1.1074	354.19	0.23333	2.664e-05	0.038772	vapor
546.0	63.0	62.741	0.015938	625.98	726.39	2.5042	0.86851	1.111	354.25	0.2321	2.6695e-05	0.038895	vapor
546.0	66.25	66.058	0.015138	625.26	725.56	2.4934	0.8692	1.1147	354.34	0.23086	2.6752e-05	0.039018	vapor
546.0	69.5	69.38	0.014413	624.55	724.72	2.4831	0.86989	1.1183	354.43	0.2296	2.681e-05	0.039142	vapor
546.0	72.75	72.709	0.013753	623.83	723.89	2.4732	0.87058	1.1219	354.53	0.22834	2.6868e-05	0.039267	vapor
546.0	76.0	76.045	0.01315	623.11	723.05	2.4637	0.87126	1.1256	354.65	0.22707	2.6928e-05	0.039393	vapor
546.0	76.0	76.045	0.01315	623.11	723.05	2.4637	0.87126	1.1256	354.65	0.22707	2.6928e-05	0.039393	supercritical
546.0	76.0	76.045	0.01315	623.11	723.05	2.4637	0.87126	1.1256	354.65	0.22707	2.6928e-05	0.039393	supercritical
546.0	79.25	79.386	0.012597	622.4	722.23	2.4545	0.87194	1.1293	354.78	0.22578	2.6988e-05	0.039519	supercritical
546.0	82.5	82.733	0.012087	621.68	721.4	2.4456	0.87262	1.133	354.92	0.22449	2.705e-05	0.039647	supercritical
546.0	85.75	86.086	0.011616	620.96	720.57	2.437	0.8733	1.1367	355.07	0.22319	2.7113e-05	0.039775	supercritical
546.0	89.0	89.443	0.01118	620.24	719.75	2.4288	0.87397	1.1403	355.23	0.22188	2.7176e-05	0.039904	supercritical
546.0	92.25	92.806	0.010775	619.53	718.93	2.4207	0.87464	1.144	355.41	0.22056	2.7241e-05	0.040035	supercritical
546.0	95.5	96.174	0.010398	618.81	718.11	2.4129	0.87531	1.1478	355.59	0.21922	2.7307e-05	0.040166	supercritical
546.0	98.75	99.547	0.010046	618.09	717.29	2.4053	0.87598	1.1515	355.79	0.21788	2.7374e-05	0.040299	supercritical
546.0	102.0	102.92	0.0097159	617.38	716.48	2.398	0.87664	1.1552	356.01	0.21653	2.7442e-05	0.040433	supercritical
546.0	105.25	106.3	0.0094069	616.66	715.67	2.3908	0.8773	1.1589	356.23	0.21517	2.7511e-05	0.040568	supercritical
546.0	108.5	109.69	0.0091166	615.94	714.86	2.3838	0.87795	1.1626	356.47	0.2138	2.7581e-05	0.040704	supercritical
546.0	111.75	113.08	0.0088434	615.23	714.05	2.377	0.87861	1.1663	356.72	0.21242	2.7652e-05	0.040841	supercritical
546.0	115.0	116.47	0.0085859	614.51	713.25	2.3703	0.87926	1.17	356.98	0.21103	2.7725e-05	0.04098	supercritical
546.0	118.25	119.87	0.0083427	613.79	712.45	2.3638	0.8799	1.1738	357.26	0.20963	2.7798e-05	0.04112	supercritical
546.0	121.5	123.26	0.0081127	613.08	711.65	2.3575	0.88054	1.1775	357.55	0.20823	2.7873e-05	0.041261	supercritical
546.0	124.75	126.66	0.0078949	612.36	710.85	2.3512	0.88118	1.1812	357.85	0.20681	2.7949e-05	0.041403	supercritical
546.0	128.0	130.07	0.0076883	611.65	710.06	2.3451	0.88182	1.1849	358.17	0.20538	2.8026e-05	0.041547	supercritical
546.0	131.25	133.47	0.0074922	610.94	709.27	2.3392	0.88245	1.1886	358.5	0.20395	2.8104e-05	0.041693	supercritical
546.0	134.5	136.88	0.0073057	610.22	708.48	2.3333	0.88307	1.1923	358.84	0.20251	2.8184e-05	0.041839	supercritical
546.0	137.75	140.29	0.0071282	609.51	707.7	2.3276	0.8837	1.196	359.2	0.20105	2.8265e-05	0.041987	supercritical
546.0	141.0	143.7	0.0069591	608.8	706.92	2.322	0.88432	1.1997	359.57	0.1996	2.8346e-05	0.042137	supercritical
546.0	144.25	147.11	0.0067977	608.09	706.14	2.3165	0.88493	1.2033	359.95	0.19813	2.8429e-05	0.042288	supercritical
546.0	147.5	150.52	0.0066437	607.38	705.37	2.3111	0.88554	1.207	360.35	0.19666	2.8514e-05	0.04244	supercritical
546.0	150.75	153.93	0.0064964	606.67	704.6	2.3057	0.88615	1.2106	360.76	0.19517	2.8599e-05	0.042594	supercritical
546.0	154.0	157.34	0.0063556	605.96	703.84	2.3005	0.88675	1.2143	361.19	0.19369	2.8686e-05	0.04275	supercritical
546.0	157.25	160.75	0.0062207	605.25	703.07	2.2954	0.88735	1.2179	361.63	0.19219	2.8774e-05	0.042906	supercritical
546.0	160.5	164.16	0.0060915	604.55	702.31	2.2903	0.88794	1.2215	362.08	0.19069	2.8863e-05	0.043065	supercritical
546.0	163.75	167.57	0.0059675	603.84	701.56	2.2853	0.88853	1.2251	362.55	0.18918	2.8953e-05	0.043225	supercritical
546.0	167.0	170.98	0.0058486	603.14	700.81	2.2805	0.88911	1.2287	363.03	0.18767	2.9045e-05	0.043386	supercritical
546.0	170.25	174.39	0.0057343	602.43	700.06	2.2756	0.88969	1.2322	363.53	0.18616	2.9138e-05	0.043549	supercritical
546.0	173.5	177.79	0.0056245	601.73	699.32	2.2709	0.89027	1.2358	364.04	0.18463	2.9232e-05	0.043713	supercritical
546.0	176.75	181.2	0.0055189	601.03	698.58	2.2662	0.89084	1.2393	364.56	0.18311	2.9327e-05	0.043878	supercritical
546.0	180.0	184.6	0.0054172	600.33	697.84	2.2616	0.8914	1.2428	365.1	0.18158	2.9424e-05	0.044046	supercritical
546.0	183.25	188.0	0.0053193	599.63	697.11	2.2571	0.89196	1.2463	365.66	0.18004	2.9522e-05	0.044214	supercritical
546.0	186.5	191.39	0.0052249	598.94	696.38	2.2526	0.89252	1.2497	366.23	0.1785	2.9621e-05	0.044384	supercritical
546.0	189.75	194.78	0.005134	598.24	695.66	2.2482	0.89307	1.2532	366.81	0.17696	2.9721e-05	0.044556	supercritical
546.0	193.0	198.17	0.0050462	597.55	694.94	2.2439	0.89362	1.2566	367.41	0.17542	2.9823e-05	0.044729	supercritical
546.0	196.25	201.55	0.0049615	596.86	694.23	2.2396	0.89416	1.26	368.02	0.17388	2.9925e-05	0.044903	supercritical
546.0	199.5	204.93	0.0048797	596.17	693.52	2.2353	0.89469	1.2633	368.64	0.17233	3.0029e-05	0.045079	supercritical
546.0	202.75	208.31	0.0048006	595.48	692.81	2.2312	0.89522	1.2667	369.28	0.17078	3.0135e-05	0.045256	supercritical
546.0	206.0	211.68	0.0047242	594.79	692.11	2.2271	0.89575	1.27	369.94	0.16923	3.0241e-05	0.045435	supercritical
546.0	209.25	215.04	0.0046503	594.11	691.42	2.223	0.89627	1.2733	370.61	0.16768	3.0349e-05	0.045615	supercritical
546.0	212.5	218.4	0.0045788	593.42	690.72	2.219	0.89679	1.2765	371.29	0.16613	3.0458e-05	0.045796	supercritical
546.0	215.75	221.75	0.0045096	592.74	690.04	2.215	0.8973	1.2798	371.99	0.16458	3.0568e-05	0.045979	supercritical
546.0	219.0	225.1	0.0044425	592.06	689.35	2.2111	0.89781	1.2829	372.7	0.16303	3.068e-05	0.046163	supercritical
546.0	222.25	228.44	0.0043776	591.39	688.68	2.2072	0.89831	1.2861	373.43	0.16148	3.0792e-05	0.046348	supercritical
546.0	225.5	231.77	0.0043146	590.71	688.0	2.2034	0.89881	1.2893	374.16	0.15994	3.0906e-05	0.046534	supercritical
546.0	228.75	235.1	0.0042536	590.04	687.34	2.1996	0.8993	1.2924	374.92	0.15839	3.1021e-05	0.046722	supercritical
546.0	232.0	238.42	0.0041943	589.37	686.67	2.1959	0.89979	1.2954	375.69	0.15685	3.1137e-05	0.046911	supercritical
546.0	235.25	241.73	0.0041369	588.7	686.02	2.1922	0.90027	1.2985	376.47	0.15531	3.1255e-05	0.047101	supercritical
546.0	238.5	245.03	0.0040811	588.03	685.36	2.1886	0.90075	1.3015	377.26	0.15378	3.1373e-05	0.047292	supercritical
546.0	241.75	248.33	0.004027	587.36	684.72	2.185	0.90122	1.3045	378.07	0.15224	3.1493e-05	0.047484	supercritical
546.0	245.0	251.61	0.0039744	586.7	684.07	2.1814	0.90169	1.3074	378.89	0.15071	3.1614e-05	0.047678	supercritical
546.0	248.25	254.89	0.0039232	586.04	683.43	2.1779	0.90215	1.3103	379.73	0.14919	3.1736e-05	0.047872	supercritical
546.0	251.5	258.16	0.0038736	585.38	682.8	2.1744	0.90261	1.3132	380.58	0.14767	3.1859e-05	0.048068	supercritical
546.0	254.75	261.42	0.0038253	584.73	682.17	2.171	0.90306	1.316	381.44	0.14615	3.1983e-05	0.048265	supercritical
546.0	258.0	264.67	0.0037783	584.07	681.55	2.1676	0.90351	1.3188	382.31	0.14464	3.2109e-05	0.048462	supercritical
546.0	261.25	267.91	0.0037326	583.42	680.93	2.1642	0.90395	1.3216	383.2	0.14314	3.2235e-05	0.048661	supercritical
546.0	264.5	271.14	0.0036881	582.77	680.32	2.1609	0.90439	1.3243	384.1	0.14164	3.2363e-05	0.04886	supercritical
546.0	267.75	274.36	0.0036448	582.13	679.72	2.1576	0.90482	1.327	385.01	0.14015	3.2491e-05	0.04906	supercritical
546.0	271.0	277.57	0.0036026	581.48	679.11	2.1543	0.90525	1.3297	385.93	0.13866	3.2621e-05	0.049262	supercritical
546.0	274.25	280.77	0.0035616	580.84	678.52	2.1511	0.90568	1.3323	386.87	0.13718	3.2752e-05	0.049464	supercritical
546.0	277.5	283.96	0.0035216	580.2	677.93	2.1479	0.9061	1.3349	387.82	0.13571	3.2883e-05	0.049666	supercritical
546.0	280.75	287.14	0.0034826	579.56	677.34	2.1448	0.90651	1.3375	388.78	0.13424	3.3016e-05	0.04987	supercritical
546.0	284.0	290.31	0.0034446	578.93	676.76	2.1416	0.90692	1.34	389.75	0.13278	3.315e-05	0.050074	supercritical
546.0	287.25	293.46	0.0034076	578.3	676.18	2.1385	0.90733	1.3425	390.74	0.13133	3.3285e-05	0.050279	supercritical
546.0	290.5	296.61	0.0033715	577.67	675.61	2.1355	0.90773	1.3449	391.73	0.12989	3.3421e-05	0.050485	supercritical
546.0	293.75	299.74	0.0033362	577.04	675.05	2.1325	0.90813	1.3473	392.74	0.12846	3.3557e-05	0.050691	supercritical
546.0	297.0	302.86	0.0033019	576.42	674.49	2.1295	0.90852	1.3497	393.76	0.12703	3.3695e-05	0.050898	supercritical
546.0	300.25	305.97	0.0032683	575.8	673.93	2.1265	0.90891	1.3521	394.79	0.12562	3.3834e-05	0.051106	supercritical
546.0	303.5	309.06	0.0032356	575.18	673.38	2.1235	0.90929	1.3544	395.83	0.12421	3.3973e-05	0.051314	supercritical
546.0	306.75	312.15	0.0032036	574.57	672.84	2.1206	0.90967	1.3566	396.88	0.12281	3.4114e-05	0.051522	supercritical
546.0	310.0	315.22	0.0031724	573.96	672.3	2.1177	0.91004	1.3589	397.94	0.12142	3.4255e-05	0.051731	supercritical
546.0	313.25	318.27	0.0031419	573.35	671.77	2.1149	0.91042	1.3611	399.01	0.12004	3.4398e-05	0.051941	supercritical
546.0	316.5	321.32	0.0031122	572.74	671.24	2.1121	0.91078	1.3632	400.09	0.11867	3.4541e-05	0.052151	supercritical
546.0	319.75	324.35	0.0030831	572.13	670.71	2.1093	0.91114	1.3653	401.18	0.11732	3.4685e-05	0.052361	supercritical
546.0	323.0	327.37	0.0030546	571.53	670.2	2.1065	0.9115	1.3674	402.27	0.11597	3.483e-05	0.052572	supercritical
546.0	326.25	330.38	0.0030268	570.93	669.68	2.1037	0.91186	1.3695	403.38	0.11463	3.4975e-05	0.052783	supercritical
546.0	329.5	333.37	0.0029997	570.34	669.18	2.101	0.91221	1.3715	404.5	0.1133	3.5122e-05	0.052994	supercritical
546.0	332.75	336.35	0.0029731	569.74	668.67	2.0983	0.91255	1.3735	405.63	0.11198	3.5269e-05	0.053205	supercritical
546.0	336.0	339.32	0.0029471	569.15	668.18	2.0956	0.9129	1.3754	406.76	0.11067	3.5417e-05	0.053417	supercritical
546.0	339.25	342.27	0.0029217	568.57	667.68	2.093	0.91323	1.3774	407.91	0.10937	3.5566e-05	0.053629	supercritical
546.0	342.5	345.21	0.0028968	567.98	667.2	2.0904	0.91357	1.3792	409.06	0.10808	3.5715e-05	0.053842	supercritical
546.0	345.75	348.13	0.0028725	567.4	666.72	2.0878	0.9139	1.3811	410.22	0.1068	3.5866e-05	0.054054	supercritical
546.0	349.0	351.05	0.0028486	566.82	666.24	2.0852	0.91423	1.3829	411.39	0.10554	3.6016e-05	0.054267	supercritical
546.0	352.25	353.94	0.0028253	566.25	665.77	2.0826	0.91455	1.3847	412.56	0.10428	3.6168e-05	0.054479	supercritical
546.0	355.5	356.83	0.0028025	565.67	665.3	2.0801	0.91487	1.3864	413.75	0.10304	3.6321e-05	0.054692	supercritical
546.0	358.75	359.7	0.0027801	565.1	664.84	2.0776	0.91519	1.3882	414.94	0.1018	3.6474e-05	0.054905	supercritical
546.0	362.0	362.55	0.0027582	564.53	664.38	2.0751	0.9155	1.3898	416.14	0.10058	3.6627e-05	0.055118	supercritical
546.0	365.25	365.4	0.0027368	563.97	663.93	2.0727	0.91581	1.3915	417.35	0.099367	3.6782e-05	0.055331	supercritical
546.0	368.5	368.22	0.0027157	563.41	663.48	2.0702	0.91611	1.3931	418.56	0.098165	3.6936e-05	0.055544	supercritical
546.0	371.75	371.04	0.0026951	562.85	663.04	2.0678	0.91642	1.3947	419.78	0.096974	3.7092e-05	0.055757	supercritical
546.0	375.0	373.84	0.0026749	562.29	662.6	2.0654	0.91672	1.3963	421.0	0.095795	3.7248e-05	0.05597	supercritical
546.0	378.25	376.62	0.0026552	561.74	662.17	2.063	0.91701	1.3978	422.24	0.094626	3.7405e-05	0.056182	supercritical
546.0	381.5	379.4	0.0026358	561.19	661.74	2.0607	0.9173	1.3993	423.48	0.093468	3.7562e-05	0.056395	supercritical
546.0	384.75	382.15	0.0026167	560.64	661.32	2.0583	0.91759	1.4008	424.72	0.09232	3.772e-05	0.056608	supercritical
546.0	388.0	384.9	0.0025981	560.1	660.9	2.056	0.91788	1.4022	425.97	0.091184	3.7878e-05	0.05682	supercritical
546.0	391.25	387.63	0.0025798	559.56	660.49	2.0537	0.91816	1.4036	427.23	0.090058	3.8037e-05	0.057033	supercritical
546.0	394.5	390.34	0.0025619	559.02	660.08	2.0514	0.91844	1.405	428.49	0.088944	3.8197e-05	0.057245	supercritical
546.0	397.75	393.04	0.0025443	558.48	659.68	2.0492	0.91872	1.4064	429.76	0.08784	3.8357e-05	0.057457	supercritical
546.0	401.0	395.73	0.002527	557.95	659.28	2.0469	0.919	1.4077	431.03	0.086746	3.8517e-05	0.057669	supercritical
546.0	404.25	398.4	0.00251	557.42	658.88	2.0447	0.91927	1.409	432.31	0.085663	3.8678e-05	0.05788	supercritical
546.0	407.5	401.06	0.0024934	556.89	658.49	2.0425	0.91954	1.4103	433.59	0.084591	3.8839e-05	0.058092	supercritical
546.0	410.75	403.7	0.0024771	556.36	658.11	2.0403	0.9198	1.4115	434.88	0.083529	3.9001e-05	0.058303	supercritical
546.0	414.0	406.33	0.002461	555.84	657.73	2.0381	0.92006	1.4127	436.17	0.082478	3.9163e-05	0.058514	supercritical
546.0	417.25	408.95	0.0024453	555.32	657.35	2.036	0.92033	1.4139	437.47	0.081437	3.9325e-05	0.058725	supercritical
546.0	420.5	411.55	0.0024298	554.81	656.98	2.0339	0.92058	1.4151	438.77	0.080406	3.9488e-05	0.058935	supercritical
546.0	423.75	414.14	0.0024146	554.29	656.61	2.0318	0.92084	1.4162	440.08	0.079385	3.9652e-05	0.059145	supercritical
546.0	427.0	416.71	0.0023997	553.78	656.25	2.0297	0.92109	1.4174	441.39	0.078375	3.9816e-05	0.059355	supercritical
546.0	430.25	419.27	0.0023851	553.27	655.89	2.0276	0.92134	1.4184	442.7	0.077374	3.998e-05	0.059564	supercritical
546.0	433.5	421.82	0.0023707	552.77	655.54	2.0255	0.92159	1.4195	444.02	0.076384	4.0144e-05	0.059773	supercritical
546.0	436.75	424.35	0.0023565	552.26	655.19	2.0235	0.92183	1.4205	445.35	0.075404	4.0309e-05	0.059982	supercritical
546.0	440.0	426.87	0.0023426	551.76	654.84	2.0214	0.92208	1.4216	446.67	0.074433	4.0474e-05	0.06019	supercritical
546.0	443.25	429.37	0.002329	551.27	654.5	2.0194	0.92232	1.4226	448.0	0.073472	4.0639e-05	0.060398	supercritical
546.0	446.5	431.86	0.0023155	550.77	654.16	2.0174	0.92256	1.4235	449.33	0.072521	4.0805e-05	0.060606	supercritical
546.0	449.75	434.34	0.0023023	550.28	653.83	2.0154	0.92279	1.4245	450.67	0.071579	4.0971e-05	0.060813	supercritical
546.0	453.0	436.81	0.0022894	549.79	653.5	2.0135	0.92303	1.4254	452.01	0.070647	4.1138e-05	0.06102	supercritical
546.0	456.25	439.25	0.0022766	549.3	653.17	2.0115	0.92326	1.4263	453.35	0.069724	4.1304e-05	0.061227	supercritical
546.0	459.5	441.69	0.002264	548.82	652.85	2.0096	0.92349	1.4272	454.7	0.068811	4.1471e-05	0.061433	supercritical
546.0	462.75	444.11	0.0022517	548.34	652.53	2.0076	0.92371	1.428	456.05	0.067906	4.1638e-05	0.061638	supercritical
546.0	466.0	446.52	0.0022395	547.86	652.22	2.0057	0.92394	1.4289	457.4	0.067011	4.1805e-05	0.061844	supercritical
546.0	469.25	448.92	0.0022276	547.38	651.91	2.0038	0.92416	1.4297	458.76	0.066125	4.1973e-05	0.062048	supercritical
546.0	472.5	451.3	0.0022158	546.91	651.61	2.0019	0.92439	1.4305	460.11	0.065248	4.2141e-05	0.062253	supercritical
546.0	475.75	453.67	0.0022042	546.44	651.3	2.0001	0.9246	1.4313	461.47	0.06438	4.2309e-05	0.062456	supercritical
546.0	479.0	456.03	0.0021929	545.97	651.01	1.9982	0.92482	1.432	462.84	0.06352	4.2477e-05	0.06266	supercritical
546.0	482.25	458.37	0.0021817	545.5	650.71	1.9964	0.92504	1.4327	464.2	0.062669	4.2645e-05	0.062863	supercritical
546.0	485.5	460.7	0.0021706	545.04	650.42	1.9946	0.92525	1.4335	465.57	0.061827	4.2814e-05	0.063065	supercritical
546.0	488.75	463.01	0.0021598	544.58	650.14	1.9927	0.92546	1.4342	466.94	0.060993	4.2983e-05	0.063267	supercritical
546.0	492.0	465.32	0.0021491	544.12	649.85	1.9909	0.92568	1.4348	468.31	0.060168	4.3151e-05	0.063469	supercritical
546.0	495.25	467.61	0.0021385	543.66	649.58	1.9892	0.92588	1.4355	469.68	0.059351	4.3321e-05	0.06367	supercritical
546.0	498.5	469.89	0.0021282	543.21	649.3	1.9874	0.92609	1.4361	471.06	0.058542	4.349e-05	0.06387	supercritical
546.0	501.75	472.15	0.002118	542.76	649.03	1.9856	0.9263	1.4367	472.43	0.057741	4.3659e-05	0.06407	supercritical
546.0	505.0	474.4	0.0021079	542.31	648.76	1.9839	0.9265	1.4373	473.81	0.056948	4.3828e-05	0.06427	supercritical
546.0	508.25	476.64	0.002098	541.87	648.5	1.9821	0.9267	1.4379	475.19	0.056164	4.3998e-05	0.064469	supercritical
546.0	511.5	478.87	0.0020883	541.42	648.24	1.9804	0.9269	1.4385	476.58	0.055387	4.4168e-05	0.064667	supercritical
546.0	514.75	481.08	0.0020786	540.98	647.98	1.9787	0.9271	1.439	477.96	0.054618	4.4337e-05	0.064865	supercritical
546.0	518.0	483.29	0.0020692	540.54	647.73	1.977	0.9273	1.4396	479.34	0.053857	4.4507e-05	0.065063	supercritical
546.0	521.25	485.48	0.0020598	540.11	647.48	1.9753	0.9275	1.4401	480.73	0.053104	4.4677e-05	0.06526	supercritical
546.0	524.5	487.65	0.0020506	539.67	647.23	1.9736	0.92769	1.4406	482.12	0.052358	4.4847e-05	0.065456	supercritical
546.0	527.75	489.82	0.0020416	539.24	646.99	1.972	0.92789	1.4411	483.51	0.051619	4.5017e-05	0.065652	supercritical
546.0	531.0	491.97	0.0020326	538.81	646.75	1.9703	0.92808	1.4415	484.9	0.050888	4.5187e-05	0.065848	supercritical
546.0	534.25	494.11	0.0020238	538.38	646.51	1.9687	0.92827	1.442	486.29	0.050165	4.5358e-05	0.066043	supercritical
546.0	537.5	496.24	0.0020152	537.96	646.27	1.9671	0.92846	1.4424	487.68	0.049448	4.5528e-05	0.066237	supercritical
546.0	540.75	498.36	0.0020066	537.54	646.04	1.9654	0.92865	1.4429	489.07	0.048739	4.5698e-05	0.066431	supercritical
546.0	544.0	500.46	0.0019981	537.12	645.82	1.9638	0.92883	1.4433	490.47	0.048037	4.5868e-05	0.066624	supercritical
546.0	547.25	502.56	0.0019898	536.7	645.59	1.9622	0.92902	1.4437	491.86	0.047342	4.6039e-05	0.066817	supercritical
546.0	550.5	504.64	0.0019816	536.29	645.37	1.9607	0.9292	1.4441	493.26	0.046654	4.6209e-05	0.067009	supercritical
546.0	553.75	506.71	0.0019735	535.87	645.16	1.9591	0.92939	1.4444	494.65	0.045973	4.638e-05	0.067201	supercritical
546.0	557.0	508.77	0.0019655	535.46	644.94	1.9575	0.92957	1.4448	496.05	0.045298	4.655e-05	0.067392	supercritical
546.0	560.25	510.81	0.0019577	535.05	644.73	1.956	0.92975	1.4451	497.45	0.044631	4.672e-05	0.067583	supercritical
546.0	563.5	512.85	0.0019499	534.65	644.52	1.9544	0.92993	1.4454	498.84	0.04397	4.6891e-05	0.067773	supercritical
546.0	566.75	514.87	0.0019422	534.24	644.32	1.9529	0.93011	1.4458	500.24	0.043316	4.7061e-05	0.067963	supercritical
546.0	570.0	516.89	0.0019347	533.84	644.12	1.9514	0.93029	1.4461	501.64	0.042668	4.7231e-05	0.068152	supercritical
546.0	573.25	518.89	0.0019272	533.44	643.92	1.9498	0.93047	1.4464	503.04	0.042027	4.7402e-05	0.068341	supercritical
546.0	576.5	520.88	0.0019198	533.04	643.72	1.9483	0.93064	1.4466	504.44	0.041392	4.7572e-05	0.068529	supercritical
546.0	579.75	522.86	0.0019126	532.65	643.53	1.9468	0.93082	1.4469	505.84	0.040764	4.7742e-05	0.068716	supercritical
546.0	583.0	524.83	0.0019054	532.25	643.34	1.9454	0.93099	1.4472	507.23	0.040142	4.7913e-05	0.068903	supercritical
546.0	586.25	526.79	0.0018983	531.86	643.15	1.9439	0.93116	1.4474	508.63	0.039526	4.8083e-05	0.06909	supercritical
546.0	589.5	528.73	0.0018913	531.47	642.97	1.9424	0.93134	1.4476	510.03	0.038917	4.8253e-05	0.069276	supercritical
546.0	592.75	530.67	0.0018844	531.09	642.78	1.941	0.93151	1.4479	511.43	0.038313	4.8423e-05	0.069461	supercritical
546.0	596.0	532.6	0.0018776	530.7	642.6	1.9395	0.93168	1.4481	512.83	0.037716	4.8593e-05	0.069646	supercritical
546.0	599.25	534.51	0.0018709	530.32	642.43	1.9381	0.93185	1.4483	514.23	0.037124	4.8763e-05	0.069831	supercritical
546.0	602.5	536.42	0.0018642	529.94	642.26	1.9366	0.93202	1.4485	515.62	0.036539	4.8933e-05	0.070015	supercritical
546.0	605.75	538.31	0.0018577	529.56	642.08	1.9352	0.93218	1.4487	517.02	0.035959	4.9103e-05	0.070198	supercritical
546.0	609.0	540.2	0.0018512	529.18	641.92	1.9338	0.93235	1.4489	518.42	0.035385	4.9273e-05	0.070381	supercritical
546.0	612.25	542.07	0.0018448	528.8	641.75	1.9324	0.93252	1.449	519.82	0.034817	4.9443e-05	0.070563	supercritical
546.0	615.5	543.93	0.0018385	528.43	641.59	1.931	0.93268	1.4492	521.21	0.034255	4.9612e-05	0.070745	supercritical
546.0	618.75	545.79	0.0018322	528.06	641.43	1.9296	0.93285	1.4493	522.61	0.033698	4.9782e-05	0.070927	supercritical
546.0	622.0	547.63	0.001826	527.69	641.27	1.9283	0.93301	1.4495	524.0	0.033147	4.9951e-05	0.071107	supercritical
546.0	625.25	549.47	0.0018199	527.32	641.12	1.9269	0.93318	1.4496	525.4	0.032601	5.0121e-05	0.071288	supercritical
546.0	628.5	551.29	0.0018139	526.96	640.96	1.9255	0.93334	1.4497	526.79	0.032061	5.029e-05	0.071468	supercritical
546.0	631.75	553.1	0.001808	526.6	640.81	1.9242	0.9335	1.4498	528.19	0.031526	5.0459e-05	0.071647	supercritical
546.0	635.0	554.91	0.0018021	526.23	640.67	1.9228	0.93366	1.45	529.58	0.030996	5.0628e-05	0.071826	supercritical
546.0	638.25	556.7	0.0017963	525.87	640.52	1.9215	0.93382	1.4501	530.97	0.030472	5.0797e-05	0.072004	supercritical
546.0	641.5	558.49	0.0017905	525.52	640.38	1.9202	0.93398	1.4502	532.36	0.029953	5.0966e-05	0.072182	supercritical
546.0	644.75	560.26	0.0017849	525.16	640.24	1.9188	0.93414	1.4502	533.75	0.02944	5.1135e-05	0.072359	supercritical
546.0	648.0	562.03	0.0017793	524.81	640.1	1.9175	0.9343	1.4503	535.14	0.028931	5.1304e-05	0.072536	supercritical
546.0	651.25	563.79	0.0017737	524.45	639.97	1.9162	0.93446	1.4504	536.53	0.028427	5.1472e-05	0.072713	supercritical
546.0	654.5	565.54	0.0017682	524.1	639.83	1.9149	0.93462	1.4505	537.91	0.027929	5.1641e-05	0.072889	supercritical
546.0	657.75	567.27	0.0017628	523.75	639.7	1.9136	0.93477	1.4505	539.3	0.027435	5.1809e-05	0.073064	supercritical
546.0	661.0	569.0	0.0017575	523.41	639.58	1.9124	0.93493	1.4506	540.69	0.026946	5.1977e-05	0.073239	supercritical
546.0	664.25	570.72	0.0017522	523.06	639.45	1.9111	0.93509	1.4506	542.07	0.026463	5.2145e-05	0.073414	supercritical
546.0	667.5	572.44	0.0017469	522.72	639.33	1.9098	0.93524	1.4507	543.45	0.025983	5.2313e-05	0.073588	supercritical
546.0	670.75	574.14	0.0017417	522.38	639.2	1.9086	0.9354	1.4507	544.83	0.025509	5.2481e-05	0.073761	supercritical
546.0	674.0	575.83	0.0017366	522.04	639.09	1.9073	0.93555	1.4508	546.21	0.025039	5.2649e-05	0.073935	supercritical
546.0	677.25	577.52	0.0017316	521.7	638.97	1.9061	0.9357	1.4508	547.59	0.024575	5.2816e-05	0.074107	supercritical
546.0	680.5	579.19	0.0017265	521.36	638.85	1.9048	0.93586	1.4508	548.97	0.024114	5.2984e-05	0.074279	supercritical
546.0	683.75	580.86	0.0017216	521.03	638.74	1.9036	0.93601	1.4508	550.35	0.023658	5.3151e-05	0.074451	supercritical
546.0	687.0	582.52	0.0017167	520.69	638.63	1.9024	0.93616	1.4508	551.72	0.023207	5.3318e-05	0.074623	supercritical
546.0	690.25	584.17	0.0017118	520.36	638.52	1.9011	0.93631	1.4509	553.1	0.02276	5.3485e-05	0.074793	supercritical
546.0	693.5	585.81	0.001707	520.03	638.42	1.8999	0.93647	1.4509	554.47	0.022317	5.3652e-05	0.074964	supercritical
546.0	696.75	587.45	0.0017023	519.7	638.31	1.8987	0.93662	1.4509	555.84	0.021879	5.3819e-05	0.075134	supercritical
546.0	700.0	589.07	0.0016976	519.38	638.21	1.8975	0.93677	1.4509	557.21	0.021445	5.3985e-05	0.075303	supercritical
546.0	703.25	590.69	0.0016929	519.05	638.11	1.8963	0.93692	1.4508	558.58	0.021016	5.4152e-05	0.075472	supercritical
546.0	706.5	592.3	0.0016883	518.73	638.01	1.8951	0.93707	1.4508	559.95	0.02059	5.4318e-05	0.075641	supercritical
546.0	709.75	593.9	0.0016838	518.41	637.92	1.894	0.93722	1.4508	561.31	0.020169	5.4484e-05	0.075809	supercritical
546.0	713.0	595.49	0.0016793	518.09	637.82	1.8928	0.93737	1.4508	562.68	0.019751	5.465e-05	0.075977	supercritical
546.0	716.25	597.07	0.0016748	517.77	637.73	1.8916	0.93751	1.4508	564.04	0.019338	5.4816e-05	0.076145	supercritical
546.0	719.5	598.65	0.0016704	517.45	637.64	1.8905	0.93766	1.4507	565.4	0.018929	5.4982e-05	0.076312	supercritical
546.0	722.75	600.22	0.0016661	517.14	637.55	1.8893	0.93781	1.4507	566.76	0.018524	5.5147e-05	0.076478	supercritical
546.0	726.0	601.78	0.0016617	516.82	637.46	1.8882	0.93796	1.4507	568.12	0.018122	5.5313e-05	0.076644	supercritical
546.0	729.25	603.34	0.0016575	516.51	637.38	1.887	0.93811	1.4506	569.48	0.017725	5.5478e-05	0.07681	supercritical
546.0	732.5	604.88	0.0016532	516.2	637.3	1.8859	0.93825	1.4506	570.83	0.017331	5.5643e-05	0.076976	supercritical
546.0	735.75	606.42	0.001649	515.89	637.22	1.8847	0.9384	1.4505	572.18	0.016941	5.5808e-05	0.07714	supercritical
546.0	739.0	607.95	0.0016449	515.58	637.14	1.8836	0.93854	1.4505	573.54	0.016555	5.5973e-05	0.077305	supercritical
546.0	742.25	609.47	0.0016408	515.27	637.06	1.8825	0.93869	1.4504	574.89	0.016172	5.6137e-05	0.077469	supercritical
546.0	745.5	610.99	0.0016367	514.97	636.98	1.8814	0.93884	1.4504	576.23	0.015793	5.6301e-05	0.077633	supercritical
546.0	748.75	612.5	0.0016327	514.67	636.91	1.8803	0.93898	1.4503	577.58	0.015418	5.6466e-05	0.077796	supercritical
546.0	752.0	614.0	0.0016287	514.36	636.84	1.8792	0.93913	1.4503	578.93	0.015046	5.663e-05	0.077959	supercritical
546.0	755.25	615.49	0.0016247	514.06	636.77	1.8781	0.93927	1.4502	580.27	0.014678	5.6794e-05	0.078122	supercritical
546.0	758.5	616.98	0.0016208	513.76	636.7	1.877	0.93941	1.4501	581.61	0.014313	5.6957e-05	0.078284	supercritical
546.0	761.75	618.46	0.0016169	513.47	636.63	1.8759	0.93956	1.4501	582.95	0.013951	5.7121e-05	0.078446	supercritical
546.0	765.0	619.93	0.0016131	513.17	636.57	1.8748	0.9397	1.45	584.29	0.013593	5.7284e-05	0.078607	supercritical
546.0	768.25	621.4	0.0016093	512.87	636.51	1.8738	0.93985	1.4499	585.63	0.013238	5.7448e-05	0.078769	supercritical
546.0	771.5	622.86	0.0016055	512.58	636.44	1.8727	0.93999	1.4498	586.97	0.012887	5.7611e-05	0.078929	supercritical
546.0	774.75	624.31	0.0016018	512.29	636.38	1.8716	0.94013	1.4498	588.3	0.012538	5.7774e-05	0.07909	supercritical
546.0	778.0	625.75	0.0015981	512.0	636.33	1.8706	0.94027	1.4497	589.63	0.012193	5.7936e-05	0.07925	supercritical
546.0	781.25	627.19	0.0015944	511.71	636.27	1.8695	0.94042	1.4496	590.96	0.011852	5.8099e-05	0.079409	supercritical
546.0	784.5	628.62	0.0015908	511.42	636.21	1.8685	0.94056	1.4495	592.29	0.011513	5.8261e-05	0.079569	supercritical
546.0	787.75	630.04	0.0015872	511.13	636.16	1.8674	0.9407	1.4494	593.62	0.011177	5.8424e-05	0.079728	supercritical
546.0	791.0	631.46	0.0015836	510.84	636.11	1.8664	0.94084	1.4493	594.94	0.010845	5.8586e-05	0.079886	supercritical
546.0	794.25	632.87	0.0015801	510.56	636.06	1.8653	0.94098	1.4493	596.27	0.010515	5.8748e-05	0.080044	supercritical
546.0	797.5	634.28	0.0015766	510.28	636.01	1.8643	0.94113	1.4492	597.59	0.010188	5.8909e-05	0.080202	supercritical
546.0	800.75	635.68	0.0015731	509.99	635.96	1.8633	0.94127	1.4491	598.91	0.0098647	5.9071e-05	0.08036	supercritical
546.0	804.0	637.07	0.0015697	509.71	635.92	1.8623	0.94141	1.449	600.23	0.0095439	5.9232e-05	0.080517	supercritical
546.0	807.25	638.45	0.0015663	509.43	635.87	1.8613	0.94155	1.4489	601.54	0.009226	5.9393e-05	0.080674	supercritical
546.0	810.5	639.83	0.0015629	509.16	635.83	1.8602	0.94169	1.4488	602.86	0.0089109	5.9554e-05	0.080831	supercritical
546.0	813.75	641.2	0.0015596	508.88	635.79	1.8592	0.94183	1.4487	604.17	0.0085987	5.9715e-05	0.080987	supercritical
546.0	817.0	642.57	0.0015562	508.6	635.75	1.8582	0.94197	1.4486	605.48	0.0082892	5.9876e-05	0.081143	supercritical
546.0	820.25	643.93	0.001553	508.33	635.71	1.8572	0.94211	1.4485	606.79	0.0079824	6.0036e-05	0.081298	supercritical
546.0	823.5	645.29	0.0015497	508.06	635.67	1.8563	0.94225	1.4484	608.1	0.0076783	6.0197e-05	0.081453	supercritical
546.0	826.75	646.63	0.0015465	507.78	635.64	1.8553	0.94239	1.4482	609.41	0.0073769	6.0357e-05	0.081608	supercritical
546.0	830.0	647.98	0.0015433	507.51	635.61	1.8543	0.94253	1.4481	610.71	0.0070782	6.0517e-05	0.081763	supercritical
546.0	833.25	649.31	0.0015401	507.24	635.57	1.8533	0.94267	1.448	612.01	0.006782	6.0677e-05	0.081917	supercritical
546.0	836.5	650.64	0.0015369	506.98	635.54	1.8523	0.9428	1.4479	613.32	0.0064884	6.0836e-05	0.082071	supercritical
546.0	839.75	651.96	0.0015338	506.71	635.51	1.8514	0.94294	1.4478	614.61	0.0061974	6.0996e-05	0.082225	supercritical
546.0	843.0	653.28	0.0015307	506.44	635.48	1.8504	0.94308	1.4477	615.91	0.0059088	6.1155e-05	0.082378	supercritical
546.0	846.25	654.6	0.0015277	506.18	635.46	1.8494	0.94322	1.4476	617.21	0.0056227	6.1314e-05	0.082531	supercritical
546.0	849.5	655.9	0.0015246	505.91	635.43	1.8485	0.94336	1.4475	618.5	0.0053391	6.1473e-05	0.082684	supercritical
546.0	852.75	657.2	0.0015216	505.65	635.41	1.8475	0.9435	1.4473	619.8	0.0050579	6.1632e-05	0.082837	supercritical
546.0	856.0	658.5	0.0015186	505.39	635.38	1.8466	0.94363	1.4472	621.09	0.0047791	6.179e-05	0.082989	supercritical
546.0	859.25	659.79	0.0015156	505.13	635.36	1.8456	0.94377	1.4471	622.37	0.0045027	6.1949e-05	0.083141	supercritical
546.0	862.5	661.07	0.0015127	504.87	635.34	1.8447	0.94391	1.447	623.66	0.0042285	6.2107e-05	0.083292	supercritical
546.0	865.75	662.35	0.0015098	504.61	635.32	1.8438	0.94405	1.4468	624.95	0.0039567	6.2265e-05	0.083444	supercritical
546.0	869.0	663.62	0.0015069	504.35	635.3	1.8428	0.94418	1.4467	626.23	0.0036872	6.2423e-05	0.083595	supercritical
546.0	872.25	664.89	0.001504	504.1	635.29	1.8419	0.94432	1.4466	627.51	0.00342	6.2581e-05	0.083745	supercritical
546.0	875.5	666.15	0.0015012	503.84	635.27	1.841	0.94446	1.4465	628.79	0.0031549	6.2738e-05	0.083896	supercritical
546.0	878.75	667.41	0.0014983	503.59	635.26	1.8401	0.9446	1.4463	630.07	0.0028921	6.2896e-05	0.084046	supercritical
546.0	882.0	668.66	0.0014955	503.34	635.24	1.8392	0.94473	1.4462	631.35	0.0026314	6.3053e-05	0.084196	supercritical
546.0	885.25	669.9	0.0014928	503.09	635.23	1.8382	0.94487	1.4461	632.62	0.0023729	6.321e-05	0.084346	supercritical
546.0	888.5	671.14	0.00149	502.83	635.22	1.8373	0.945	1.4459	633.9	0.0021165	6.3367e-05	0.084495	supercritical
546.0	891.75	672.38	0.0014873	502.59	635.21	1.8364	0.94514	1.4458	635.17	0.0018622	6.3523e-05	0.084644	supercritical
546.0	895.0	673.61	0.0014845	502.34	635.2	1.8355	0.94528	1.4457	636.44	0.00161	6.368e-05	0.084793	supercritical
546.0	898.25	674.83	0.0014819	502.09	635.2	1.8346	0.94541	1.4455	637.71	0.0013599	6.3836e-05	0.084941	supercritical
546.0	901.5	676.05	0.0014792	501.84	635.19	1.8338	0.94555	1.4454	638.97	0.0011118	6.3992e-05	0.08509	supercritical
546.0	904.75	677.27	0.0014765	501.6	635.19	1.8329	0.94569	1.4453	640.24	0.00086569	6.4148e-05	0.085238	supercritical
546.0	908.0	678.47	0.0014739	501.35	635.18	1.832	0.94582	1.4451	641.5	0.00062158	6.4304e-05	0.085385	supercritical
546.0	911.25	679.68	0.0014713	501.11	635.18	1.8311	0.94596	1.445	642.76	0.00037943	6.4459e-05	0.085533	supercritical
546.0	914.5	680.88	0.0014687	500.87	635.18	1.8302	0.94609	1.4449	644.02	0.00013923	6.4615e-05	0.08568	supercritical
546.0	917.75	682.07	0.0014661	500.63	635.18	1.8293	0.94623	1.4447	645.28	-9.9051e-05	6.477e-05	0.085827	supercritical
546.0	921.0	683.26	0.0014636	500.39	635.18	1.8285	0.94636	1.4446	646.54	-0.00033543	6.4925e-05	0.085974	supercritical
546.0	924.25	684.45	0.001461	500.15	635.18	1.8276	0.9465	1.4444	647.79	-0.00056992	6.508e-05	0.086121	supercritical
546.0	927.5	685.62	0.0014585	499.91	635.19	1.8267	0.94663	1.4443	649.04	-0.00080256	6.5235e-05	0.086267	supercritical
546.0	930.75	686.8	0.001456	499.67	635.19	1.8259	0.94677	1.4442	650.29	-0.0010333	6.5389e-05	0.086413	supercritical
546.0	934.0	687.97	0.0014536	499.43	635.2	1.825	0.9469	1.444	651.54	-0.0012623	6.5544e-05	0.086559	supercritical
546.0	937.25	689.13	0.0014511	499.2	635.2	1.8242	0.94704	1.4439	652.79	-0.0014895	6.5698e-05	0.086704	supercritical
546.0	940.5	690.3	0.0014487	498.96	635.21	1.8233	0.94717	1.4437	654.04	-0.0017149	6.5852e-05	0.086849	supercritical
546.0	943.75	691.45	0.0014462	498.73	635.22	1.8225	0.94731	1.4436	655.28	-0.0019385	6.6006e-05	0.086995	supercritical
546.0	947.0	692.6	0.0014438	498.5	635.23	1.8216	0.94744	1.4435	656.52	-0.0021604	6.616e-05	0.087139	supercritical
546.0	950.25	693.75	0.0014414	498.26	635.24	1.8208	0.94758	1.4433	657.76	-0.0023805	6.6313e-05	0.087284	supercritical
546.0	953.5	694.89	0.0014391	498.03	635.25	1.82	0.94771	1.4432	659.0	-0.0025989	6.6466e-05	0.087428	supercritical
546.0	956.75	696.03	0.0014367	497.8	635.26	1.8191	0.94784	1.443	660.24	-0.0028157	6.662e-05	0.087573	supercritical
546.0	960.0	697.16	0.0014344	497.57	635.28	1.8183	0.94798	1.4429	661.48	-0.0030308	6.6773e-05	0.087717	supercritical
546.0	963.25	698.29	0.0014321	497.35	635.29	1.8175	0.94811	1.4427	662.71	-0.0032442	6.6926e-05	0.08786	supercritical
546.0	966.5	699.41	0.0014298	497.12	635.31	1.8167	0.94825	1.4426	663.94	-0.0034559	6.7078e-05	0.088004	supercritical
546.0	969.75	700.53	0.0014275	496.89	635.32	1.8158	0.94838	1.4424	665.17	-0.0036661	6.7231e-05	0.088147	supercritical
546.0	973.0	701.65	0.0014252	496.67	635.34	1.815	0.94852	1.4423	666.4	-0.0038746	6.7383e-05	0.08829	supercritical
546.0	976.25	702.76	0.001423	496.44	635.36	1.8142	0.94865	1.4421	667.63	-0.0040816	6.7535e-05	0.088433	supercritical
546.0	979.5	703.86	0.0014207	496.22	635.38	1.8134	0.94878	1.442	668.85	-0.0042869	6.7687e-05	0.088575	supercritical
546.0	982.75	704.97	0.0014185	496.0	635.4	1.8126	0.94892	1.4418	670.07	-0.0044907	6.7839e-05	0.088718	supercritical
546.0	986.0	706.06	0.0014163	495.77	635.42	1.8118	0.94905	1.4417	671.3	-0.004693	6.7991e-05	0.08886	supercritical
546.0	989.25	707.16	0.0014141	495.55	635.44	1.811	0.94918	1.4415	672.52	-0.0048937	6.8142e-05	0.089002	supercritical
546.0	992.5	708.25	0.0014119	495.33	635.47	1.8102	0.94932	1.4414	673.73	-0.0050929	6.8294e-05	0.089144	supercritical
546.0	995.75	709.33	0.0014098	495.11	635.49	1.8094	0.94945	1.4412	674.95	-0.0052907	6.8445e-05	0.089285	supercritical
546.0	999.0	710.41	0.0014076	494.89	635.52	1.8086	0.94958	1.4411	676.16	-0.0054869	6.8596e-05	0.089427	supercritical
546.0	1002.2	711.49	0.0014055	494.68	635.54	1.8078	0.94972	1.4409	677.38	-0.0056816	6.8747e-05	0.089568	supercritical
546.0	1005.5	712.56	0.0014034	494.46	635.57	1.807	0.94985	1.4408	678.59	-0.0058749	6.8897e-05	0.089709	supercritical
546.0	1008.8	713.63	0.0014013	494.24	635.6	1.8062	0.94998	1.4406	679.8	-0.0060668	6.9048e-05	0.08985	supercritical
546.0	1012.0	714.69	0.0013992	494.03	635.63	1.8055	0.95012	1.4405	681.01	-0.0062572	6.9198e-05	0.08999	supercritical
546.0	1015.2	715.75	0.0013971	493.81	635.66	1.8047	0.95025	1.4403	682.21	-0.0064462	6.9348e-05	0.090131	supercritical
546.0	1018.5	716.81	0.0013951	493.6	635.69	1.8039	0.95038	1.4402	683.42	-0.0066338	6.9498e-05	0.090271	supercritical
546.0	1021.8	717.86	0.001393	493.39	635.72	1.8031	0.95051	1.44	684.62	-0.0068201	6.9648e-05	0.090411	supercritical
546.0	1025.0	718.91	0.001391	493.17	635.75	1.8024	0.95065	1.4399	685.82	-0.0070049	6.9798e-05	0.090551	supercritical
546.0	1028.2	719.96	0.001389	492.96	635.78	1.8016	0.95078	1.4397	687.02	-0.0071884	6.9947e-05	0.09069	supercritical
546.0	1031.5	721.0	0.001387	492.75	635.82	1.8008	0.95091	1.4396	688.21	-0.0073705	7.0097e-05	0.09083	supercritical
546.0	1034.8	722.03	0.001385	492.54	635.85	1.8001	0.95104	1.4394	689.41	-0.0075513	7.0246e-05	0.090969	supercritical
546.0	1038.0	723.07	0.001383	492.33	635.89	1.7993	0.95118	1.4393	690.6	-0.0077307	7.0395e-05	0.091108	supercritical
546.0	1041.2	724.1	0.001381	492.13	635.93	1.7986	0.95131	1.4391	691.8	-0.0079089	7.0544e-05	0.091247	supercritical
546.0	1044.5	725.12	0.0013791	491.92	635.96	1.7978	0.95144	1.439	692.99	-0.0080857	7.0693e-05	0.091386	supercritical
546.0	1047.8	726.14	0.0013771	491.71	636.0	1.7971	0.95157	1.4388	694.17	-0.0082613	7.0841e-05	0.091524	supercritical
546.0	1051.0	727.16	0.0013752	491.51	636.04	1.7963	0.95171	1.4387	695.36	-0.0084355	7.099e-05	0.091662	supercritical
546.0	1054.2	728.18	0.0013733	491.3	636.08	1.7956	0.95184	1.4385	696.55	-0.0086085	7.1138e-05	0.091801	supercritical
546.0	1057.5	729.19	0.0013714	491.1	636.12	1.7948	0.95197	1.4384	697.73	-0.0087803	7.1286e-05	0.091939	supercritical
546.0	1060.8	730.19	0.0013695	490.89	636.16	1.7941	0.9521	1.4382	698.91	-0.0089508	7.1434e-05	0.092076	supercritical
546.0	1064.0	731.2	0.0013676	490.69	636.2	1.7933	0.95223	1.4381	700.09	-0.0091201	7.1582e-05	0.092214	supercritical
546.0	1067.2	732.2	0.0013658	490.49	636.25	1.7926	0.95237	1.4379	701.27	-0.0092881	7.1729e-05	0.092352	supercritical
546.0	1070.5	733.19	0.0013639	490.29	636.29	1.7919	0.9525	1.4378	702.45	-0.0094549	7.1877e-05	0.092489	supercritical
546.0	1073.8	734.19	0.0013621	490.08	636.34	1.7911	0.95263	1.4376	703.62	-0.0096206	7.2024e-05	0.092626	supercritical
546.0	1077.0	735.17	0.0013602	489.88	636.38	1.7904	0.95276	1.4375	704.79	-0.009785	7.2171e-05	0.092763	supercritical
546.0	1080.2	736.16	0.0013584	489.69	636.43	1.7897	0.95289	1.4373	705.96	-0.0099483	7.2318e-05	0.0929	supercritical
546.0	1083.5	737.14	0.0013566	489.49	636.47	1.789	0.95303	1.4372	707.13	-0.01011	7.2465e-05	0.093036	supercritical
546.0	1086.8	738.12	0.0013548	489.29	636.52	1.7883	0.95316	1.437	708.3	-0.010271	7.2612e-05	0.093173	supercritical
546.0	1090.0	739.09	0.001353	489.09	636.57	1.7875	0.95329	1.4369	709.47	-0.010431	7.2758e-05	0.093309	supercritical
546.0	1093.2	740.07	0.0013512	488.9	636.62	1.7868	0.95342	1.4367	710.63	-0.01059	7.2905e-05	0.093445	supercritical
546.0	1096.5	741.03	0.0013495	488.7	636.67	1.7861	0.95355	1.4366	711.79	-0.010747	7.3051e-05	0.093581	supercritical
546.0	1099.8	742.0	0.0013477	488.5	636.72	1.7854	0.95368	1.4365	712.95	-0.010904	7.3197e-05	0.093717	supercritical
546.0	1103.0	742.96	0.001346	488.31	636.77	1.7847	0.95382	1.4363	714.11	-0.011059	7.3343e-05	0.093853	supercritical
546.0	1106.2	743.92	0.0013442	488.12	636.82	1.784	0.95395	1.4362	715.27	-0.011213	7.3489e-05	0.093988	supercritical
546.0	1109.5	744.87	0.0013425	487.92	636.88	1.7833	0.95408	1.436	716.43	-0.011366	7.3634e-05	0.094124	supercritical
546.0	1112.8	745.82	0.0013408	487.73	636.93	1.7826	0.95421	1.4359	717.58	-0.011518	7.378e-05	0.094259	supercritical
546.0	1116.0	746.77	0.0013391	487.54	636.98	1.7819	0.95434	1.4357	718.73	-0.011669	7.3925e-05	0.094394	supercritical
546.0	1119.2	747.72	0.0013374	487.35	637.04	1.7812	0.95447	1.4356	719.88	-0.011819	7.407e-05	0.094529	supercritical
546.0	1122.5	748.66	0.0013357	487.16	637.09	1.7805	0.9546	1.4354	721.03	-0.011968	7.4215e-05	0.094664	supercritical
546.0	1125.8	749.6	0.001334	486.97	637.15	1.7798	0.95473	1.4353	722.18	-0.012116	7.436e-05	0.094798	supercritical
546.0	1129.0	750.53	0.0013324	486.78	637.21	1.7791	0.95487	1.4351	723.32	-0.012262	7.4505e-05	0.094933	supercritical
546.0	1132.2	751.46	0.0013307	486.59	637.26	1.7784	0.955	1.435	724.46	-0.012408	7.4649e-05	0.095067	supercritical
546.0	1135.5	752.39	0.0013291	486.4	637.32	1.7777	0.95513	1.4348	725.61	-0.012553	7.4794e-05	0.095201	supercritical
546.0	1138.8	753.32	0.0013275	486.22	637.38	1.7771	0.95526	1.4347	726.75	-0.012697	7.4938e-05	0.095335	supercritical
546.0	1142.0	754.24	0.0013258	486.03	637.44	1.7764	0.95539	1.4346	727.88	-0.012839	7.5082e-05	0.095469	supercritical
546.0	1145.2	755.16	0.0013242	485.84	637.5	1.7757	0.95552	1.4344	729.02	-0.012981	7.5226e-05	0.095603	supercritical
546.0	1148.5	756.08	0.0013226	485.66	637.56	1.775	0.95565	1.4343	730.15	-0.013122	7.537e-05	0.095737	supercritical
546.0	1151.8	756.99	0.001321	485.47	637.62	1.7743	0.95578	1.4341	731.29	-0.013261	7.5514e-05	0.09587	supercritical
546.0	1155.0	757.9	0.0013194	485.29	637.68	1.7737	0.95591	1.434	732.42	-0.0134	7.5658e-05	0.096004	supercritical
546.0	1158.2	758.81	0.0013179	485.11	637.75	1.773	0.95604	1.4338	733.55	-0.013538	7.5801e-05	0.096137	supercritical
546.0	1161.5	759.71	0.0013163	484.92	637.81	1.7723	0.95618	1.4337	734.68	-0.013675	7.5944e-05	0.09627	supercritical
546.0	1164.8	760.61	0.0013147	484.74	637.87	1.7717	0.95631	1.4336	735.8	-0.013811	7.6087e-05	0.096403	supercritical
546.0	1168.0	761.51	0.0013132	484.56	637.94	1.771	0.95644	1.4334	736.93	-0.013946	7.623e-05	0.096536	supercritical
546.0	1171.2	762.41	0.0013116	484.38	638.0	1.7703	0.95657	1.4333	738.05	-0.01408	7.6373e-05	0.096669	supercritical
546.0	1174.5	763.3	0.0013101	484.2	638.07	1.7697	0.9567	1.4331	739.17	-0.014213	7.6516e-05	0.096801	supercritical
546.0	1177.8	764.19	0.0013086	484.02	638.14	1.769	0.95683	1.433	740.29	-0.014345	7.6659e-05	0.096934	supercritical
546.0	1181.0	765.08	0.0013071	483.84	638.2	1.7684	0.95696	1.4329	741.41	-0.014477	7.6801e-05	0.097066	supercritical
546.0	1184.2	765.96	0.0013055	483.66	638.27	1.7677	0.95709	1.4327	742.52	-0.014607	7.6944e-05	0.097198	supercritical
546.0	1187.5	766.84	0.001304	483.48	638.34	1.7671	0.95722	1.4326	743.63	-0.014737	7.7086e-05	0.09733	supercritical
546.0	1190.8	767.72	0.0013026	483.31	638.41	1.7664	0.95735	1.4324	744.75	-0.014865	7.7228e-05	0.097462	supercritical
546.0	1194.0	768.6	0.0013011	483.13	638.48	1.7658	0.95748	1.4323	745.86	-0.014993	7.737e-05	0.097594	supercritical
546.0	1197.2	769.47	0.0012996	482.95	638.55	1.7651	0.95761	1.4322	746.97	-0.01512	7.7511e-05	0.097726	supercritical
546.0	1200.5	770.34	0.0012981	482.78	638.62	1.7645	0.95774	1.432	748.07	-0.015246	7.7653e-05	0.097857	supercritical
546.0	1203.8	771.2	0.0012967	482.6	638.69	1.7638	0.95787	1.4319	749.18	-0.015371	7.7795e-05	0.097989	supercritical
546.0	1207.0	772.07	0.0012952	482.43	638.76	1.7632	0.958	1.4318	750.28	-0.015496	7.7936e-05	0.09812	supercritical
546.0	1210.2	772.93	0.0012938	482.26	638.83	1.7626	0.95813	1.4316	751.38	-0.015619	7.8077e-05	0.098251	supercritical
546.0	1213.5	773.79	0.0012923	482.08	638.91	1.7619	0.95826	1.4315	752.48	-0.015742	7.8218e-05	0.098382	supercritical
546.0	1216.8	774.65	0.0012909	481.91	638.98	1.7613	0.95839	1.4314	753.58	-0.015864	7.8359e-05	0.098513	supercritical
546.0	1220.0	775.5	0.0012895	481.74	639.06	1.7607	0.95852	1.4312	754.68	-0.015985	7.85e-05	0.098644	supercritical
546.0	1223.2	776.35	0.0012881	481.57	639.13	1.76	0.95865	1.4311	755.77	-0.016105	7.8641e-05	0.098775	supercritical
546.0	1226.5	777.2	0.0012867	481.39	639.21	1.7594	0.95878	1.431	756.87	-0.016224	7.8782e-05	0.098906	supercritical
546.0	1229.8	778.04	0.0012853	481.22	639.28	1.7588	0.95891	1.4308	757.96	-0.016343	7.8922e-05	0.099036	supercritical
546.0	1233.0	778.89	0.0012839	481.05	639.36	1.7581	0.95904	1.4307	759.05	-0.016461	7.9062e-05	0.099166	supercritical
546.0	1236.2	779.73	0.0012825	480.88	639.43	1.7575	0.95917	1.4306	760.14	-0.016578	7.9203e-05	0.099297	supercritical
546.0	1239.5	780.56	0.0012811	480.72	639.51	1.7569	0.9593	1.4304	761.22	-0.016694	7.9343e-05	0.099427	supercritical
546.0	1242.8	781.4	0.0012798	480.55	639.59	1.7563	0.95943	1.4303	762.31	-0.01681	7.9483e-05	0.099557	supercritical
546.0	1246.0	782.23	0.0012784	480.38	639.67	1.7557	0.95956	1.4302	763.39	-0.016924	7.9623e-05	0.099687	supercritical
546.0	1249.2	783.06	0.001277	480.21	639.75	1.755	0.95969	1.43	764.47	-0.017038	7.9762e-05	0.099817	supercritical
546.0	1252.5	783.89	0.0012757	480.05	639.83	1.7544	0.95982	1.4299	765.55	-0.017152	7.9902e-05	0.099947	supercritical
546.0	1255.8	784.71	0.0012744	479.88	639.91	1.7538	0.95995	1.4298	766.63	-0.017264	8.0041e-05	0.10008	supercritical
546.0	1259.0	785.54	0.001273	479.71	639.99	1.7532	0.96008	1.4297	767.71	-0.017376	8.0181e-05	0.10021	supercritical
546.0	1262.2	786.36	0.0012717	479.55	640.07	1.7526	0.96021	1.4295	768.78	-0.017487	8.032e-05	0.10034	supercritical
546.0	1265.5	787.17	0.0012704	479.38	640.15	1.752	0.96034	1.4294	769.86	-0.017597	8.0459e-05	0.10046	supercritical
546.0	1268.8	787.99	0.0012691	479.22	640.23	1.7514	0.96047	1.4293	770.93	-0.017707	8.0598e-05	0.10059	supercritical
546.0	1272.0	788.8	0.0012677	479.06	640.31	1.7508	0.9606	1.4292	772.0	-0.017815	8.0737e-05	0.10072	supercritical
546.0	1275.2	789.61	0.0012664	478.89	640.4	1.7502	0.96073	1.429	773.06	-0.017924	8.0875e-05	0.10085	supercritical
546.0	1278.5	790.42	0.0012652	478.73	640.48	1.7496	0.96086	1.4289	774.13	-0.018031	8.1014e-05	0.10098	supercritical
546.0	1281.8	791.22	0.0012639	478.57	640.56	1.749	0.96099	1.4288	775.2	-0.018138	8.1153e-05	0.10111	supercritical
546.0	1285.0	792.03	0.0012626	478.41	640.65	1.7484	0.96112	1.4287	776.26	-0.018244	8.1291e-05	0.10124	supercritical
546.0	1288.2	792.83	0.0012613	478.25	640.73	1.7478	0.96125	1.4285	777.32	-0.018349	8.1429e-05	0.10137	supercritical
546.0	1291.5	793.63	0.00126	478.08	640.82	1.7472	0.96138	1.4284	778.38	-0.018454	8.1567e-05	0.1015	supercritical
546.0	1294.8	794.42	0.0012588	477.92	640.9	1.7466	0.96151	1.4283	779.44	-0.018558	8.1705e-05	0.10162	supercritical
546.0	1298.0	795.21	0.0012575	477.76	640.99	1.746	0.96164	1.4282	780.5	-0.018661	8.1843e-05	0.10175	supercritical
546.0	1301.2	796.01	0.0012563	477.61	641.08	1.7454	0.96177	1.4281	781.55	-0.018764	8.1981e-05	0.10188	supercritical
546.0	1304.5	796.79	0.001255	477.45	641.17	1.7448	0.9619	1.4279	782.6	-0.018866	8.2119e-05	0.10201	supercritical
546.0	1307.8	797.58	0.0012538	477.29	641.25	1.7443	0.96203	1.4278	783.66	-0.018967	8.2256e-05	0.10214	supercritical
546.0	1311.0	798.37	0.0012526	477.13	641.34	1.7437	0.96216	1.4277	784.71	-0.019068	8.2394e-05	0.10227	supercritical
546.0	1314.2	799.15	0.0012513	476.97	641.43	1.7431	0.96228	1.4276	785.75	-0.019168	8.2531e-05	0.10239	supercritical
546.0	1317.5	799.93	0.0012501	476.82	641.52	1.7425	0.96241	1.4275	786.8	-0.019267	8.2668e-05	0.10252	supercritical
546.0	1320.8	800.71	0.0012489	476.66	641.61	1.7419	0.96254	1.4274	787.85	-0.019366	8.2805e-05	0.10265	supercritical
546.0	1324.0	801.48	0.0012477	476.5	641.7	1.7413	0.96267	1.4272	788.89	-0.019464	8.2942e-05	0.10278	supercritical
546.0	1327.2	802.25	0.0012465	476.35	641.79	1.7408	0.9628	1.4271	789.93	-0.019561	8.3079e-05	0.1029	supercritical
546.0	1330.5	803.02	0.0012453	476.19	641.88	1.7402	0.96293	1.427	790.97	-0.019658	8.3216e-05	0.10303	supercritical
546.0	1333.8	803.79	0.0012441	476.04	641.97	1.7396	0.96306	1.4269	792.01	-0.019754	8.3352e-05	0.10316	supercritical
546.0	1337.0	804.56	0.0012429	475.89	642.06	1.739	0.96319	1.4268	793.05	-0.01985	8.3489e-05	0.10329	supercritical
546.0	1340.2	805.32	0.0012417	475.73	642.16	1.7385	0.96332	1.4267	794.08	-0.019945	8.3625e-05	0.10341	supercritical
546.0	1343.5	806.09	0.0012406	475.58	642.25	1.7379	0.96345	1.4266	795.12	-0.02004	8.3761e-05	0.10354	supercritical
546.0	1346.8	806.85	0.0012394	475.43	642.34	1.7373	0.96358	1.4265	796.15	-0.020133	8.3898e-05	0.10367	supercritical
546.0	1350.0	807.6	0.0012382	475.27	642.44	1.7368	0.96371	1.4263	797.18	-0.020227	8.4034e-05	0.10379	supercritical
546.0	1353.2	808.36	0.0012371	475.12	642.53	1.7362	0.96383	1.4262	798.21	-0.020319	8.417e-05	0.10392	supercritical
546.0	1356.5	809.11	0.0012359	474.97	642.62	1.7356	0.96396	1.4261	799.24	-0.020412	8.4306e-05	0.10405	supercritical
546.0	1359.8	809.87	0.0012348	474.82	642.72	1.7351	0.96409	1.426	800.26	-0.020503	8.4441e-05	0.10418	supercritical
546.0	1363.0	810.62	0.0012336	474.67	642.81	1.7345	0.96422	1.4259	801.29	-0.020594	8.4577e-05	0.1043	supercritical
546.0	1366.2	811.36	0.0012325	474.52	642.91	1.734	0.96435	1.4258	802.31	-0.020684	8.4712e-05	0.10443	supercritical
546.0	1369.5	812.11	0.0012314	474.37	643.01	1.7334	0.96448	1.4257	803.33	-0.020774	8.4848e-05	0.10455	supercritical
546.0	1372.8	812.85	0.0012302	474.22	643.1	1.7329	0.96461	1.4256	804.35	-0.020863	8.4983e-05	0.10468	supercritical
546.0	1376.0	813.59	0.0012291	474.07	643.2	1.7323	0.96474	1.4255	805.37	-0.020952	8.5118e-05	0.10481	supercritical
546.0	1379.2	814.33	0.001228	473.92	643.3	1.7317	0.96487	1.4254	806.39	-0.02104	8.5254e-05	0.10493	supercritical
546.0	1382.5	815.07	0.0012269	473.78	643.39	1.7312	0.96499	1.4253	807.4	-0.021128	8.5389e-05	0.10506	supercritical
546.0	1385.8	815.81	0.0012258	473.63	643.49	1.7306	0.96512	1.4252	808.42	-0.021215	8.5523e-05	0.10519	supercritical
546.0	1389.0	816.54	0.0012247	473.48	643.59	1.7301	0.96525	1.425	809.43	-0.021302	8.5658e-05	0.10531	supercritical
546.0	1392.2	817.27	0.0012236	473.34	643.69	1.7295	0.96538	1.4249	810.44	-0.021388	8.5793e-05	0.10544	supercritical
546.0	1395.5	818.0	0.0012225	473.19	643.79	1.729	0.96551	1.4248	811.45	-0.021473	8.5928e-05	0.10556	supercritical
546.0	1398.8	818.73	0.0012214	473.04	643.89	1.7285	0.96564	1.4247	812.46	-0.021558	8.6062e-05	0.10569	supercritical
546.0	1402.0	819.45	0.0012203	472.9	643.99	1.7279	0.96577	1.4246	813.46	-0.021642	8.6196e-05	0.10582	supercritical
546.0	1405.2	820.18	0.0012193	472.75	644.09	1.7274	0.96589	1.4245	814.47	-0.021726	8.6331e-05	0.10594	supercritical
546.0	1408.5	820.9	0.0012182	472.61	644.19	1.7268	0.96602	1.4244	815.47	-0.02181	8.6465e-05	0.10607	supercritical
546.0	1411.8	821.62	0.0012171	472.46	644.29	1.7263	0.96615	1.4243	816.47	-0.021893	8.6599e-05	0.10619	supercritical
546.0	1415.0	822.33	0.001216	472.32	644.39	1.7258	0.96628	1.4242	817.47	-0.021975	8.6733e-05	0.10632	supercritical
546.0	1418.2	823.05	0.001215	472.18	644.49	1.7252	0.96641	1.4241	818.47	-0.022057	8.6867e-05	0.10644	supercritical
546.0	1421.5	823.76	0.0012139	472.03	644.6	1.7247	0.96654	1.424	819.47	-0.022138	8.7001e-05	0.10657	supercritical
546.0	1424.8	824.48	0.0012129	471.89	644.7	1.7241	0.96667	1.4239	820.46	-0.022219	8.7134e-05	0.10669	supercritical
546.0	1428.0	825.19	0.0012118	471.75	644.8	1.7236	0.96679	1.4238	821.46	-0.0223	8.7268e-05	0.10682	supercritical
546.0	1431.2	825.9	0.0012108	471.61	644.9	1.7231	0.96692	1.4237	822.45	-0.02238	8.7401e-05	0.10694	supercritical
546.0	1434.5	826.6	0.0012098	471.47	645.01	1.7225	0.96705	1.4236	823.44	-0.022459	8.7535e-05	0.10707	supercritical
546.0	1437.8	827.31	0.0012087	471.33	645.11	1.722	0.96718	1.4235	824.43	-0.022538	8.7668e-05	0.10719	supercritical
546.0	1441.0	828.01	0.0012077	471.19	645.22	1.7215	0.96731	1.4234	825.42	-0.022616	8.7801e-05	0.10732	supercritical
546.0	1444.2	828.71	0.0012067	471.05	645.32	1.721	0.96744	1.4234	826.4	-0.022695	8.7934e-05	0.10744	supercritical
546.0	1447.5	829.41	0.0012057	470.91	645.43	1.7204	0.96756	1.4233	827.39	-0.022772	8.8067e-05	0.10757	supercritical
546.0	1450.8	830.11	0.0012047	470.77	645.53	1.7199	0.96769	1.4232	828.37	-0.022849	8.82e-05	0.10769	supercritical
546.0	1454.0	830.8	0.0012037	470.63	645.64	1.7194	0.96782	1.4231	829.35	-0.022926	8.8333e-05	0.10782	supercritical
546.0	1457.2	831.5	0.0012027	470.49	645.74	1.7189	0.96795	1.423	830.33	-0.023002	8.8466e-05	0.10794	supercritical
546.0	1460.5	832.19	0.0012017	470.35	645.85	1.7184	0.96808	1.4229	831.31	-0.023078	8.8599e-05	0.10807	supercritical
546.0	1463.8	832.88	0.0012007	470.21	645.96	1.7178	0.9682	1.4228	832.29	-0.023153	8.8731e-05	0.10819	supercritical
546.0	1467.0	833.57	0.0011997	470.07	646.07	1.7173	0.96833	1.4227	833.27	-0.023228	8.8864e-05	0.10832	supercritical
546.0	1470.2	834.25	0.0011987	469.94	646.17	1.7168	0.96846	1.4226	834.24	-0.023302	8.8996e-05	0.10844	supercritical
546.0	1473.5	834.94	0.0011977	469.8	646.28	1.7163	0.96859	1.4225	835.22	-0.023376	8.9128e-05	0.10857	supercritical
546.0	1476.8	835.62	0.0011967	469.66	646.39	1.7158	0.96872	1.4224	836.19	-0.02345	8.926e-05	0.10869	supercritical
546.0	1480.0	836.3	0.0011957	469.53	646.5	1.7153	0.96885	1.4223	837.16	-0.023523	8.9392e-05	0.10881	supercritical
546.0	1483.2	836.98	0.0011948	469.39	646.61	1.7147	0.96897	1.4222	838.13	-0.023596	8.9524e-05	0.10894	supercritical
546.0	1486.5	837.66	0.0011938	469.26	646.72	1.7142	0.9691	1.4222	839.09	-0.023668	8.9656e-05	0.10906	supercritical
546.0	1489.8	838.34	0.0011928	469.12	646.83	1.7137	0.96923	1.4221	840.06	-0.02374	8.9788e-05	0.10919	supercritical
546.0	1493.0	839.01	0.0011919	468.99	646.94	1.7132	0.96936	1.422	841.02	-0.023811	8.992e-05	0.10931	supercritical
546.0	1496.2	839.69	0.0011909	468.85	647.05	1.7127	0.96948	1.4219	841.99	-0.023882	9.0052e-05	0.10943	supercritical
546.0	1499.5	840.36	0.00119	468.72	647.16	1.7122	0.96961	1.4218	842.95	-0.023953	9.0183e-05	0.10956	supercritical
546.0	1502.8	841.03	0.001189	468.59	647.27	1.7117	0.96974	1.4217	843.91	-0.024023	9.0315e-05	0.10968	supercritical
546.0	1506.0	841.7	0.0011881	468.45	647.38	1.7112	0.96987	1.4216	844.87	-0.024093	9.0446e-05	0.10981	supercritical
546.0	1509.2	842.36	0.0011871	468.32	647.49	1.7107	0.97	1.4216	845.83	-0.024162	9.0577e-05	0.10993	supercritical
546.0	1512.5	843.03	0.0011862	468.19	647.6	1.7102	0.97012	1.4215	846.78	-0.024231	9.0708e-05	0.11005	supercritical
546.0	1515.8	843.69	0.0011853	468.06	647.71	1.7097	0.97025	1.4214	847.74	-0.0243	9.084e-05	0.11018	supercritical
546.0	1519.0	844.35	0.0011843	467.92	647.83	1.7092	0.97038	1.4213	848.69	-0.024368	9.0971e-05	0.1103	supercritical
546.0	1522.2	845.01	0.0011834	467.79	647.94	1.7087	0.97051	1.4212	849.64	-0.024436	9.1102e-05	0.11042	supercritical
546.0	1525.5	845.67	0.0011825	467.66	648.05	1.7082	0.97063	1.4211	850.59	-0.024503	9.1232e-05	0.11055	supercritical
546.0	1528.8	846.33	0.0011816	467.53	648.16	1.7077	0.97076	1.421	851.54	-0.02457	9.1363e-05	0.11067	supercritical
546.0	1532.0	846.98	0.0011807	467.4	648.28	1.7072	0.97089	1.421	852.49	-0.024637	9.1494e-05	0.11079	supercritical
546.0	1535.2	847.64	0.0011797	467.27	648.39	1.7067	0.97102	1.4209	853.44	-0.024703	9.1625e-05	0.11092	supercritical
546.0	1538.5	848.29	0.0011788	467.14	648.51	1.7062	0.97114	1.4208	854.38	-0.024769	9.1755e-05	0.11104	supercritical
546.0	1541.8	848.94	0.0011779	467.01	648.62	1.7057	0.97127	1.4207	855.33	-0.024835	9.1885e-05	0.11116	supercritical
546.0	1545.0	849.59	0.001177	466.88	648.74	1.7052	0.9714	1.4206	856.27	-0.0249	9.2016e-05	0.11129	supercritical
546.0	1548.2	850.24	0.0011761	466.75	648.85	1.7047	0.97153	1.4206	857.21	-0.024965	9.2146e-05	0.11141	supercritical
546.0	1551.5	850.88	0.0011752	466.63	648.97	1.7043	0.97165	1.4205	858.15	-0.025029	9.2276e-05	0.11153	supercritical
546.0	1554.8	851.53	0.0011744	466.5	649.08	1.7038	0.97178	1.4204	859.09	-0.025093	9.2406e-05	0.11165	supercritical
546.0	1558.0	852.17	0.0011735	466.37	649.2	1.7033	0.97191	1.4203	860.03	-0.025157	9.2537e-05	0.11178	supercritical
546.0	1561.2	852.81	0.0011726	466.24	649.31	1.7028	0.97204	1.4202	860.96	-0.02522	9.2666e-05	0.1119	supercritical
546.0	1564.5	853.45	0.0011717	466.12	649.43	1.7023	0.97216	1.4202	861.9	-0.025283	9.2796e-05	0.11202	supercritical
546.0	1567.8	854.09	0.0011708	465.99	649.55	1.7018	0.97229	1.4201	862.83	-0.025346	9.2926e-05	0.11215	supercritical
546.0	1571.0	854.73	0.00117	465.86	649.66	1.7013	0.97242	1.42	863.76	-0.025408	9.3056e-05	0.11227	supercritical
546.0	1574.2	855.36	0.0011691	465.74	649.78	1.7009	0.97255	1.4199	864.69	-0.02547	9.3186e-05	0.11239	supercritical
546.0	1577.5	856.0	0.0011682	465.61	649.9	1.7004	0.97267	1.4199	865.62	-0.025532	9.3315e-05	0.11251	supercritical
546.0	1580.8	856.63	0.0011674	465.49	650.02	1.6999	0.9728	1.4198	866.55	-0.025593	9.3445e-05	0.11264	supercritical
546.0	1584.0	857.26	0.0011665	465.36	650.14	1.6994	0.97293	1.4197	867.48	-0.025654	9.3574e-05	0.11276	supercritical
546.0	1587.2	857.89	0.0011657	465.24	650.25	1.6989	0.97305	1.4196	868.4	-0.025714	9.3703e-05	0.11288	supercritical
546.0	1590.5	858.52	0.0011648	465.11	650.37	1.6985	0.97318	1.4196	869.32	-0.025775	9.3833e-05	0.113	supercritical
546.0	1593.8	859.14	0.0011639	464.99	650.49	1.698	0.97331	1.4195	870.25	-0.025835	9.3962e-05	0.11313	supercritical
546.0	1597.0	859.77	0.0011631	464.86	650.61	1.6975	0.97344	1.4194	871.17	-0.025894	9.4091e-05	0.11325	supercritical
546.0	1600.2	860.39	0.0011623	464.74	650.73	1.6971	0.97356	1.4193	872.09	-0.025953	9.422e-05	0.11337	supercritical
546.0	1603.5	861.01	0.0011614	464.62	650.85	1.6966	0.97369	1.4193	873.01	-0.026012	9.4349e-05	0.11349	supercritical
546.0	1606.8	861.64	0.0011606	464.49	650.97	1.6961	0.97382	1.4192	873.92	-0.026071	9.4478e-05	0.11362	supercritical
546.0	1610.0	862.26	0.0011597	464.37	651.09	1.6956	0.97394	1.4191	874.84	-0.026129	9.4606e-05	0.11374	supercritical
546.0	1613.2	862.87	0.0011589	464.25	651.21	1.6952	0.97407	1.4191	875.76	-0.026187	9.4735e-05	0.11386	supercritical
546.0	1616.5	863.49	0.0011581	464.13	651.33	1.6947	0.9742	1.419	876.67	-0.026245	9.4864e-05	0.11398	supercritical
546.0	1619.8	864.11	0.0011573	464.01	651.45	1.6942	0.97432	1.4189	877.58	-0.026302	9.4992e-05	0.1141	supercritical
546.0	1623.0	864.72	0.0011564	463.88	651.58	1.6938	0.97445	1.4188	878.49	-0.026359	9.5121e-05	0.11423	supercritical
546.0	1626.2	865.33	0.0011556	463.76	651.7	1.6933	0.97458	1.4188	879.4	-0.026416	9.5249e-05	0.11435	supercritical
546.0	1629.5	865.94	0.0011548	463.64	651.82	1.6928	0.97471	1.4187	880.31	-0.026473	9.5378e-05	0.11447	supercritical
546.0	1632.8	866.55	0.001154	463.52	651.94	1.6924	0.97483	1.4186	881.22	-0.026529	9.5506e-05	0.11459	supercritical
546.0	1636.0	867.16	0.0011532	463.4	652.06	1.6919	0.97496	1.4186	882.12	-0.026585	9.5634e-05	0.11471	supercritical
546.0	1639.2	867.77	0.0011524	463.28	652.19	1.6915	0.97509	1.4185	883.03	-0.02664	9.5762e-05	0.11484	supercritical
546.0	1642.5	868.37	0.0011516	463.16	652.31	1.691	0.97521	1.4184	883.93	-0.026695	9.589e-05	0.11496	supercritical
546.0	1645.8	868.98	0.0011508	463.04	652.43	1.6905	0.97534	1.4184	884.83	-0.02675	9.6018e-05	0.11508	supercritical
546.0	1649.0	869.58	0.00115	462.92	652.56	1.6901	0.97547	1.4183	885.74	-0.026805	9.6146e-05	0.1152	supercritical
546.0	1652.2	870.18	0.0011492	462.81	652.68	1.6896	0.97559	1.4182	886.63	-0.026859	9.6274e-05	0.11532	supercritical
546.0	1655.5	870.78	0.0011484	462.69	652.8	1.6892	0.97572	1.4182	887.53	-0.026913	9.6402e-05	0.11544	supercritical
546.0	1658.8	871.38	0.0011476	462.57	652.93	1.6887	0.97585	1.4181	888.43	-0.026967	9.653e-05	0.11557	supercritical
546.0	1662.0	871.98	0.0011468	462.45	653.05	1.6882	0.97597	1.418	889.33	-0.027021	9.6657e-05	0.11569	supercritical
546.0	1665.2	872.58	0.001146	462.33	653.18	1.6878	0.9761	1.418	890.22	-0.027074	9.6785e-05	0.11581	supercritical
546.0	1668.5	873.17	0.0011453	462.22	653.3	1.6873	0.97622	1.4179	891.11	-0.027127	9.6912e-05	0.11593	supercritical
546.0	1671.8	873.76	0.0011445	462.1	653.43	1.6869	0.97635	1.4178	892.01	-0.027179	9.704e-05	0.11605	supercritical
546.0	1675.0	874.36	0.0011437	461.98	653.55	1.6864	0.97648	1.4178	892.9	-0.027232	9.7167e-05	0.11617	supercritical
546.0	1678.2	874.95	0.0011429	461.87	653.68	1.686	0.9766	1.4177	893.79	-0.027284	9.7295e-05	0.11629	supercritical
546.0	1681.5	875.54	0.0011422	461.75	653.8	1.6855	0.97673	1.4177	894.68	-0.027336	9.7422e-05	0.11642	supercritical
546.0	1684.8	876.13	0.0011414	461.63	653.93	1.6851	0.97686	1.4176	895.56	-0.027387	9.7549e-05	0.11654	supercritical
546.0	1688.0	876.71	0.0011406	461.52	654.06	1.6846	0.97698	1.4175	896.45	-0.027439	9.7676e-05	0.11666	supercritical
546.0	1691.2	877.3	0.0011399	461.4	654.18	1.6842	0.97711	1.4175	897.34	-0.02749	9.7803e-05	0.11678	supercritical
546.0	1694.5	877.89	0.0011391	461.29	654.31	1.6837	0.97724	1.4174	898.22	-0.02754	9.793e-05	0.1169	supercritical
546.0	1697.8	878.47	0.0011383	461.17	654.44	1.6833	0.97736	1.4173	899.1	-0.027591	9.8057e-05	0.11702	supercritical
546.0	1701.0	879.05	0.0011376	461.06	654.56	1.6829	0.97749	1.4173	899.98	-0.027641	9.8184e-05	0.11714	supercritical
546.0	1704.2	879.63	0.0011368	460.95	654.69	1.6824	0.97761	1.4172	900.86	-0.027691	9.8311e-05	0.11726	supercritical
546.0	1707.5	880.21	0.0011361	460.83	654.82	1.682	0.97774	1.4172	901.74	-0.027741	9.8437e-05	0.11739	supercritical
546.0	1710.8	880.79	0.0011353	460.72	654.95	1.6815	0.97787	1.4171	902.62	-0.02779	9.8564e-05	0.11751	supercritical
546.0	1714.0	881.37	0.0011346	460.6	655.07	1.6811	0.97799	1.417	903.5	-0.02784	9.8691e-05	0.11763	supercritical
546.0	1717.2	881.95	0.0011339	460.49	655.2	1.6806	0.97812	1.417	904.37	-0.027888	9.8817e-05	0.11775	supercritical
546.0	1720.5	882.52	0.0011331	460.38	655.33	1.6802	0.97824	1.4169	905.25	-0.027937	9.8944e-05	0.11787	supercritical
546.0	1723.8	883.09	0.0011324	460.27	655.46	1.6798	0.97837	1.4169	906.12	-0.027986	9.907e-05	0.11799	supercritical
546.0	1727.0	883.67	0.0011316	460.15	655.59	1.6793	0.9785	1.4168	906.99	-0.028034	9.9196e-05	0.11811	supercritical
546.0	1730.2	884.24	0.0011309	460.04	655.72	1.6789	0.97862	1.4167	907.86	-0.028082	9.9323e-05	0.11823	supercritical
546.0	1733.5	884.81	0.0011302	459.93	655.85	1.6785	0.97875	1.4167	908.73	-0.02813	9.9449e-05	0.11835	supercritical
546.0	1736.8	885.38	0.0011295	459.82	655.98	1.678	0.97887	1.4166	909.6	-0.028177	9.9575e-05	0.11847	supercritical
546.0	1740.0	885.95	0.0011287	459.71	656.11	1.6776	0.979	1.4166	910.47	-0.028224	9.9701e-05	0.11859	supercritical
546.0	1743.2	886.51	0.001128	459.6	656.24	1.6772	0.97913	1.4165	911.34	-0.028271	9.9827e-05	0.11871	supercritical
546.0	1746.5	887.08	0.0011273	459.49	656.37	1.6767	0.97925	1.4165	912.2	-0.028318	9.9953e-05	0.11884	supercritical
546.0	1749.8	887.64	0.0011266	459.37	656.5	1.6763	0.97938	1.4164	913.07	-0.028364	0.00010008	0.11896	supercritical
546.0	1753.0	888.21	0.0011259	459.26	656.63	1.6759	0.9795	1.4164	913.93	-0.028411	0.0001002	0.11908	supercritical
546.0	1756.2	888.77	0.0011252	459.15	656.76	1.6754	0.97963	1.4163	914.79	-0.028457	0.00010033	0.1192	supercritical
546.0	1759.5	889.33	0.0011244	459.04	656.89	1.675	0.97975	1.4162	915.65	-0.028503	0.00010046	0.11932	supercritical
546.0	1762.8	889.89	0.0011237	458.94	657.02	1.6746	0.97988	1.4162	916.51	-0.028548	0.00010058	0.11944	supercritical
546.0	1766.0	890.45	0.001123	458.83	657.15	1.6741	0.98001	1.4161	917.37	-0.028594	0.00010071	0.11956	supercritical
546.0	1769.2	891.0	0.0011223	458.72	657.29	1.6737	0.98013	1.4161	918.23	-0.028639	0.00010083	0.11968	supercritical
546.0	1772.5	891.56	0.0011216	458.61	657.42	1.6733	0.98026	1.416	919.08	-0.028684	0.00010096	0.1198	supercritical
546.0	1775.8	892.12	0.0011209	458.5	657.55	1.6729	0.98038	1.416	919.94	-0.028728	0.00010108	0.11992	supercritical
546.0	1779.0	892.67	0.0011202	458.39	657.68	1.6724	0.98051	1.4159	920.79	-0.028773	0.00010121	0.12004	supercritical
546.0	1782.2	893.22	0.0011195	458.28	657.81	1.672	0.98063	1.4159	921.65	-0.028817	0.00010133	0.12016	supercritical
546.0	1785.5	893.77	0.0011189	458.18	657.95	1.6716	0.98076	1.4158	922.5	-0.028861	0.00010146	0.12028	supercritical
546.0	1788.8	894.33	0.0011182	458.07	658.08	1.6712	0.98088	1.4158	923.35	-0.028905	0.00010159	0.1204	supercritical
546.0	1792.0	894.87	0.0011175	457.96	658.21	1.6707	0.98101	1.4157	924.2	-0.028948	0.00010171	0.12052	supercritical
546.0	1795.2	895.42	0.0011168	457.85	658.35	1.6703	0.98114	1.4157	925.05	-0.028992	0.00010184	0.12064	supercritical
546.0	1798.5	895.97	0.0011161	457.75	658.48	1.6699	0.98126	1.4156	925.89	-0.029035	0.00010196	0.12076	supercritical
546.0	1801.8	896.52	0.0011154	457.64	658.61	1.6695	0.98139	1.4156	926.74	-0.029078	0.00010209	0.12088	supercritical
546.0	1805.0	897.06	0.0011147	457.53	658.75	1.6691	0.98151	1.4155	927.59	-0.029121	0.00010221	0.121	supercritical
546.0	1808.2	897.61	0.0011141	457.43	658.88	1.6687	0.98164	1.4155	928.43	-0.029163	0.00010234	0.12112	supercritical
546.0	1811.5	898.15	0.0011134	457.32	659.02	1.6682	0.98176	1.4154	929.27	-0.029206	0.00010246	0.12124	supercritical
546.0	1814.8	898.69	0.0011127	457.22	659.15	1.6678	0.98189	1.4154	930.11	-0.029248	0.00010258	0.12136	supercritical
546.0	1818.0	899.23	0.0011121	457.11	659.28	1.6674	0.98201	1.4153	930.96	-0.02929	0.00010271	0.12148	supercritical
546.0	1821.2	899.77	0.0011114	457.01	659.42	1.667	0.98214	1.4153	931.8	-0.029331	0.00010283	0.1216	supercritical
546.0	1824.5	900.31	0.0011107	456.9	659.55	1.6666	0.98226	1.4152	932.63	-0.029373	0.00010296	0.12172	supercritical
546.0	1827.8	900.85	0.0011101	456.8	659.69	1.6662	0.98239	1.4152	933.47	-0.029414	0.00010308	0.12184	supercritical
546.0	1831.0	901.39	0.0011094	456.69	659.83	1.6657	0.98251	1.4151	934.31	-0.029455	0.00010321	0.12196	supercritical
546.0	1834.2	901.92	0.0011087	456.59	659.96	1.6653	0.98264	1.4151	935.14	-0.029496	0.00010333	0.12208	supercritical
546.0	1837.5	902.46	0.0011081	456.49	660.1	1.6649	0.98276	1.415	935.98	-0.029537	0.00010346	0.1222	supercritical
546.0	1840.8	902.99	0.0011074	456.38	660.23	1.6645	0.98289	1.415	936.81	-0.029577	0.00010358	0.12232	supercritical
546.0	1844.0	903.52	0.0011068	456.28	660.37	1.6641	0.98301	1.4149	937.64	-0.029618	0.0001037	0.12244	supercritical
546.0	1847.2	904.05	0.0011061	456.18	660.5	1.6637	0.98314	1.4149	938.48	-0.029658	0.00010383	0.12256	supercritical
546.0	1850.5	904.59	0.0011055	456.07	660.64	1.6633	0.98326	1.4148	939.31	-0.029698	0.00010395	0.12268	supercritical
546.0	1853.8	905.11	0.0011048	455.97	660.78	1.6629	0.98339	1.4148	940.14	-0.029737	0.00010408	0.1228	supercritical
546.0	1857.0	905.64	0.0011042	455.87	660.91	1.6625	0.98351	1.4147	940.96	-0.029777	0.0001042	0.12292	supercritical
546.0	1860.2	906.17	0.0011035	455.76	661.05	1.6621	0.98364	1.4147	941.79	-0.029816	0.00010433	0.12304	supercritical
546.0	1863.5	906.7	0.0011029	455.66	661.19	1.6617	0.98376	1.4147	942.62	-0.029855	0.00010445	0.12316	supercritical
546.0	1866.8	907.22	0.0011023	455.56	661.33	1.6613	0.98389	1.4146	943.44	-0.029894	0.00010457	0.12328	supercritical
546.0	1870.0	907.75	0.0011016	455.46	661.46	1.6609	0.98401	1.4146	944.27	-0.029933	0.0001047	0.1234	supercritical
546.0	1873.2	908.27	0.001101	455.36	661.6	1.6605	0.98414	1.4145	945.09	-0.029972	0.00010482	0.12352	supercritical
546.0	1876.5	908.79	0.0011004	455.26	661.74	1.66	0.98426	1.4145	945.91	-0.03001	0.00010494	0.12364	supercritical
546.0	1879.8	909.31	0.0010997	455.16	661.88	1.6596	0.98439	1.4144	946.73	-0.030049	0.00010507	0.12376	supercritical
546.0	1883.0	909.84	0.0010991	455.05	662.02	1.6592	0.98451	1.4144	947.55	-0.030087	0.00010519	0.12388	supercritical
546.0	1886.2	910.35	0.0010985	454.95	662.15	1.6588	0.98463	1.4143	948.37	-0.030124	0.00010532	0.124	supercritical
546.0	1889.5	910.87	0.0010978	454.85	662.29	1.6584	0.98476	1.4143	949.19	-0.030162	0.00010544	0.12412	supercritical
546.0	1892.8	911.39	0.0010972	454.75	662.43	1.658	0.98488	1.4143	950.01	-0.0302	0.00010556	0.12424	supercritical
546.0	1896.0	911.91	0.0010966	454.65	662.57	1.6576	0.98501	1.4142	950.82	-0.030237	0.00010569	0.12436	supercritical
546.0	1899.2	912.42	0.001096	454.55	662.71	1.6572	0.98513	1.4142	951.64	-0.030274	0.00010581	0.12448	supercritical
546.0	1902.5	912.94	0.0010954	454.46	662.85	1.6569	0.98526	1.4141	952.45	-0.030311	0.00010593	0.1246	supercritical
546.0	1905.8	913.45	0.0010947	454.36	662.99	1.6565	0.98538	1.4141	953.26	-0.030348	0.00010606	0.12472	supercritical
546.0	1909.0	913.96	0.0010941	454.26	663.13	1.6561	0.98551	1.414	954.08	-0.030385	0.00010618	0.12484	supercritical
546.0	1912.2	914.48	0.0010935	454.16	663.27	1.6557	0.98563	1.414	954.89	-0.030421	0.0001063	0.12496	supercritical
546.0	1915.5	914.99	0.0010929	454.06	663.41	1.6553	0.98575	1.414	955.7	-0.030458	0.00010643	0.12507	supercritical
546.0	1918.8	915.5	0.0010923	453.96	663.55	1.6549	0.98588	1.4139	956.51	-0.030494	0.00010655	0.12519	supercritical
546.0	1922.0	916.01	0.0010917	453.86	663.69	1.6545	0.986	1.4139	957.31	-0.03053	0.00010667	0.12531	supercritical
546.0	1925.2	916.51	0.0010911	453.77	663.83	1.6541	0.98613	1.4138	958.12	-0.030566	0.00010679	0.12543	supercritical
546.0	1928.5	917.02	0.0010905	453.67	663.97	1.6537	0.98625	1.4138	958.93	-0.030601	0.00010692	0.12555	supercritical
546.0	1931.8	917.53	0.0010899	453.57	664.11	1.6533	0.98637	1.4138	959.73	-0.030637	0.00010704	0.12567	supercritical
546.0	1935.0	918.03	0.0010893	453.47	664.25	1.6529	0.9865	1.4137	960.54	-0.030672	0.00010716	0.12579	supercritical
546.0	1938.2	918.54	0.0010887	453.38	664.39	1.6525	0.98662	1.4137	961.34	-0.030707	0.00010729	0.12591	supercritical
546.0	1941.5	919.04	0.0010881	453.28	664.53	1.6521	0.98675	1.4136	962.14	-0.030742	0.00010741	0.12603	supercritical
546.0	1944.8	919.54	0.0010875	453.18	664.67	1.6517	0.98687	1.4136	962.94	-0.030777	0.00010753	0.12615	supercritical
546.0	1948.0	920.04	0.0010869	453.09	664.81	1.6514	0.987	1.4136	963.74	-0.030812	0.00010765	0.12627	supercritical
546.0	1951.2	920.55	0.0010863	452.99	664.96	1.651	0.98712	1.4135	964.54	-0.030846	0.00010778	0.12639	supercritical
546.0	1954.5	921.04	0.0010857	452.89	665.1	1.6506	0.98724	1.4135	965.34	-0.030881	0.0001079	0.12651	supercritical
546.0	1957.8	921.54	0.0010851	452.8	665.24	1.6502	0.98737	1.4135	966.14	-0.030915	0.00010802	0.12662	supercritical
546.0	1961.0	922.04	0.0010845	452.7	665.38	1.6498	0.98749	1.4134	966.94	-0.030949	0.00010814	0.12674	supercritical
546.0	1964.2	922.54	0.001084	452.61	665.52	1.6494	0.98761	1.4134	967.73	-0.030983	0.00010827	0.12686	supercritical
546.0	1967.5	923.03	0.0010834	452.51	665.67	1.649	0.98774	1.4133	968.53	-0.031016	0.00010839	0.12698	supercritical
546.0	1970.8	923.53	0.0010828	452.42	665.81	1.6487	0.98786	1.4133	969.32	-0.03105	0.00010851	0.1271	supercritical
546.0	1974.0	924.02	0.0010822	452.32	665.95	1.6483	0.98799	1.4133	970.11	-0.031083	0.00010863	0.12722	supercritical
546.0	1977.2	924.52	0.0010816	452.23	666.09	1.6479	0.98811	1.4132	970.9	-0.031117	0.00010876	0.12734	supercritical
546.0	1980.5	925.01	0.0010811	452.13	666.24	1.6475	0.98823	1.4132	971.69	-0.03115	0.00010888	0.12746	supercritical
546.0	1983.8	925.5	0.0010805	452.04	666.38	1.6471	0.98836	1.4132	972.48	-0.031183	0.000109	0.12758	supercritical
546.0	1987.0	925.99	0.0010799	451.94	666.52	1.6468	0.98848	1.4131	973.27	-0.031216	0.00010912	0.1277	supercritical
546.0	1990.2	926.48	0.0010793	451.85	666.67	1.6464	0.9886	1.4131	974.06	-0.031248	0.00010925	0.12782	supercritical
546.0	1993.5	926.97	0.0010788	451.76	666.81	1.646	0.98873	1.413	974.85	-0.031281	0.00010937	0.12793	supercritical
546.0	1996.8	927.46	0.0010782	451.66	666.95	1.6456	0.98885	1.413	975.63	-0.031313	0.00010949	0.12805	supercritical
546.0	2000.0	927.95	0.0010776	451.57	667.1	1.6452	0.98897	1.413	976.42	-0.031346	0.00010961	0.12817	supercritical
