Temperature (K)	Pressure (bar)	Density (kg/m3)	Volume (m3/kg)	Internal Energy (kJ/kg)	Enthalpy (kJ/kg)	Entropy (J/g*K)	Cv (J/g*K)	Cp (J/g*K)	Sound Spd. (m/s)	Joule-Thomson (K/bar)	Viscosity (Pa*s)	Therm. Cond. (W/m*K)	Phase
379.0	56.5	90.541	0.011045	481.45	543.85	2.1242	0.78765	1.1546	281.81	0.57603	1.9911e-05	0.026581	vapor
379.0	59.75	96.593	0.010353	479.82	541.68	2.1093	0.79111	1.173	280.91	0.57298	2.0022e-05	0.026872	vapor
379.0	63.0	102.76	0.0097318	478.17	539.48	2.0949	0.7946	1.1922	280.04	0.56973	2.0139e-05	0.027176	vapor
379.0	66.25	109.03	0.0091718	476.5	537.26	2.0809	0.79811	1.2121	279.19	0.56627	2.0262e-05	0.027492	vapor
379.0	69.5	115.42	0.008664	474.81	535.02	2.0673	0.80163	1.2327	278.38	0.5626	2.0392e-05	0.027822	vapor
379.0	72.75	121.93	0.0082015	473.09	532.75	2.0541	0.80518	1.254	277.6	0.55871	2.0529e-05	0.028166	vapor
379.0	76.0	128.56	0.0077785	471.35	530.47	2.0413	0.80874	1.2762	276.85	0.55459	2.0673e-05	0.028524	vapor
379.0	76.0	128.56	0.0077785	471.35	530.47	2.0413	0.80874	1.2762	276.85	0.55459	2.0673e-05	0.028524	supercritical
379.0	76.0	128.56	0.0077785	471.35	530.47	2.0413	0.80874	1.2762	276.85	0.55459	2.0673e-05	0.028524	supercritical
379.0	79.25	135.31	0.0073903	469.59	528.15	2.0287	0.81231	1.2992	276.14	0.55023	2.0825e-05	0.028898	supercritical
379.0	82.5	142.19	0.0070327	467.8	525.82	2.0163	0.81589	1.323	275.48	0.54564	2.0985e-05	0.029288	supercritical
379.0	85.75	149.2	0.0067023	465.99	523.46	2.0042	0.81947	1.3476	274.85	0.5408	2.1153e-05	0.029694	supercritical
379.0	89.0	156.34	0.0063962	464.16	521.08	1.9923	0.82305	1.3731	274.28	0.53571	2.1331e-05	0.030117	supercritical
379.0	92.25	163.62	0.0061118	462.3	518.68	1.9806	0.82663	1.3994	273.76	0.53036	2.1518e-05	0.030558	supercritical
379.0	95.5	171.03	0.0058471	460.42	516.26	1.9691	0.8302	1.4265	273.29	0.52475	2.1714e-05	0.031017	supercritical
379.0	98.75	178.57	0.0056	458.52	513.82	1.9577	0.83376	1.4545	272.89	0.51888	2.1922e-05	0.031495	supercritical
379.0	102.0	186.25	0.005369	456.59	511.35	1.9465	0.8373	1.4834	272.54	0.51275	2.214e-05	0.031992	supercritical
379.0	105.25	194.07	0.0051527	454.64	508.87	1.9355	0.84081	1.513	272.27	0.50635	2.237e-05	0.032508	supercritical
379.0	108.5	202.03	0.0049497	452.67	506.37	1.9246	0.84429	1.5434	272.06	0.49969	2.2612e-05	0.033044	supercritical
379.0	111.75	210.13	0.004759	450.68	503.86	1.9138	0.84773	1.5745	271.94	0.49277	2.2866e-05	0.033599	supercritical
379.0	115.0	218.36	0.0045796	448.67	501.33	1.9031	0.85112	1.6063	271.89	0.48559	2.3133e-05	0.034175	supercritical
379.0	118.25	226.72	0.0044107	446.63	498.79	1.8925	0.85446	1.6387	271.93	0.47815	2.3414e-05	0.034769	supercritical
379.0	121.5	235.21	0.0042514	444.58	496.24	1.8821	0.85774	1.6716	272.07	0.47047	2.3708e-05	0.035383	supercritical
379.0	124.75	243.83	0.0041012	442.52	493.68	1.8718	0.86095	1.7049	272.3	0.46254	2.4017e-05	0.036015	supercritical
379.0	128.0	252.57	0.0039593	440.44	491.11	1.8615	0.86408	1.7385	272.63	0.45439	2.434e-05	0.036666	supercritical
379.0	131.25	261.43	0.0038252	438.34	488.55	1.8514	0.86712	1.7723	273.07	0.44602	2.4679e-05	0.037334	supercritical
379.0	134.5	270.39	0.0036984	436.23	485.98	1.8414	0.87007	1.8061	273.62	0.43744	2.5032e-05	0.038017	supercritical
379.0	137.75	279.45	0.0035785	434.12	483.41	1.8315	0.87291	1.8396	274.28	0.42867	2.5402e-05	0.038716	supercritical
379.0	141.0	288.59	0.0034651	431.99	480.85	1.8218	0.87565	1.8729	275.07	0.41973	2.5787e-05	0.039429	supercritical
379.0	144.25	297.82	0.0033578	429.87	478.3	1.8121	0.87826	1.9056	275.98	0.41063	2.6187e-05	0.040153	supercritical
379.0	147.5	307.1	0.0032562	427.74	475.77	1.8026	0.88075	1.9376	277.02	0.40141	2.6603e-05	0.040889	supercritical
379.0	150.75	316.44	0.0031601	425.61	473.25	1.7932	0.88311	1.9686	278.19	0.39207	2.7035e-05	0.041633	supercritical
379.0	154.0	325.82	0.0030692	423.49	470.75	1.7839	0.88534	1.9986	279.5	0.38265	2.7482e-05	0.042384	supercritical
379.0	157.25	335.22	0.0029831	421.37	468.28	1.7748	0.88743	2.0272	280.94	0.37317	2.7944e-05	0.04314	supercritical
379.0	160.5	344.63	0.0029017	419.26	465.84	1.7658	0.88937	2.0543	282.51	0.36366	2.842e-05	0.0439	supercritical
379.0	163.75	354.03	0.0028246	417.17	463.42	1.757	0.89118	2.0798	284.22	0.35414	2.891e-05	0.044662	supercritical
379.0	167.0	363.4	0.0027518	415.09	461.05	1.7484	0.89285	2.1035	286.06	0.34465	2.9412e-05	0.045424	supercritical
379.0	170.25	372.74	0.0026829	413.04	458.71	1.7399	0.89437	2.1253	288.03	0.33521	2.9927e-05	0.046185	supercritical
379.0	173.5	382.02	0.0026177	411.0	456.42	1.7315	0.89576	2.1451	290.13	0.32584	3.0454e-05	0.046943	supercritical
379.0	176.75	391.22	0.0025561	408.99	454.17	1.7234	0.89702	2.1628	292.36	0.31658	3.099e-05	0.047697	supercritical
379.0	180.0	400.35	0.0024978	407.01	451.97	1.7154	0.89815	2.1785	294.71	0.30743	3.1536e-05	0.048445	supercritical
379.0	183.25	409.37	0.0024428	405.05	449.82	1.7076	0.89916	2.1922	297.17	0.29843	3.2091e-05	0.049187	supercritical
379.0	186.5	418.29	0.0023907	403.13	447.72	1.7	0.90005	2.2038	299.75	0.28959	3.2653e-05	0.049923	supercritical
379.0	189.75	427.08	0.0023415	401.24	445.67	1.6926	0.90084	2.2134	302.43	0.28092	3.3221e-05	0.05065	supercritical
379.0	193.0	435.75	0.0022949	399.38	443.68	1.6853	0.90152	2.221	305.21	0.27245	3.3795e-05	0.05137	supercritical
379.0	196.25	444.27	0.0022509	397.56	441.74	1.6783	0.90211	2.2268	308.08	0.26417	3.4373e-05	0.05208	supercritical
379.0	199.5	452.65	0.0022092	395.78	439.85	1.6714	0.90262	2.2309	311.04	0.25611	3.4954e-05	0.052781	supercritical
379.0	202.75	460.87	0.0021698	394.03	438.02	1.6647	0.90304	2.2334	314.08	0.24826	3.5537e-05	0.053473	supercritical
379.0	206.0	468.94	0.0021325	392.32	436.25	1.6581	0.9034	2.2343	317.2	0.24063	3.6122e-05	0.054155	supercritical
379.0	209.25	476.85	0.0020971	390.65	434.53	1.6518	0.90369	2.2339	320.38	0.23323	3.6708e-05	0.054828	supercritical
379.0	212.5	484.6	0.0020636	389.01	432.86	1.6456	0.90392	2.2321	323.63	0.22605	3.7293e-05	0.055491	supercritical
379.0	215.75	492.18	0.0020318	387.41	431.25	1.6396	0.90409	2.2293	326.93	0.2191	3.7878e-05	0.056144	supercritical
379.0	219.0	499.59	0.0020016	385.85	429.69	1.6337	0.90422	2.2254	330.28	0.21237	3.8461e-05	0.056787	supercritical
379.0	222.25	506.84	0.001973	384.33	428.18	1.6281	0.90431	2.2206	333.68	0.20587	3.9043e-05	0.057421	supercritical
379.0	225.5	513.93	0.0019458	382.84	426.71	1.6225	0.90436	2.2151	337.11	0.19959	3.9621e-05	0.058046	supercritical
379.0	228.75	520.85	0.0019199	381.38	425.3	1.6171	0.90438	2.2088	340.58	0.19352	4.0197e-05	0.058661	supercritical
379.0	232.0	527.61	0.0018953	379.96	423.94	1.6119	0.90438	2.202	344.08	0.18767	4.0769e-05	0.059267	supercritical
379.0	235.25	534.22	0.0018719	378.58	422.62	1.6068	0.90434	2.1947	347.6	0.18202	4.1337e-05	0.059864	supercritical
379.0	238.5	540.67	0.0018496	377.23	421.34	1.6018	0.90429	2.187	351.14	0.17658	4.1902e-05	0.060453	supercritical
379.0	241.75	546.97	0.0018283	375.91	420.1	1.597	0.90423	2.179	354.7	0.17133	4.2462e-05	0.061033	supercritical
379.0	245.0	553.12	0.0018079	374.62	418.91	1.5923	0.90414	2.1707	358.27	0.16628	4.3017e-05	0.061604	supercritical
379.0	248.25	559.13	0.0017885	373.36	417.76	1.5877	0.90405	2.1622	361.85	0.1614	4.3568e-05	0.062167	supercritical
379.0	251.5	565.0	0.0017699	372.13	416.64	1.5832	0.90395	2.1536	365.43	0.15671	4.4114e-05	0.062723	supercritical
379.0	254.75	570.73	0.0017522	370.93	415.56	1.5789	0.90384	2.1448	369.02	0.15218	4.4655e-05	0.06327	supercritical
379.0	258.0	576.33	0.0017351	369.75	414.52	1.5746	0.90372	2.136	372.6	0.14782	4.5191e-05	0.06381	supercritical
379.0	261.25	581.79	0.0017188	368.61	413.51	1.5705	0.90361	2.1271	376.18	0.14362	4.5722e-05	0.064343	supercritical
379.0	264.5	587.14	0.0017032	367.49	412.53	1.5664	0.90349	2.1182	379.76	0.13956	4.6248e-05	0.064868	supercritical
379.0	267.75	592.36	0.0016882	366.39	411.59	1.5625	0.90337	2.1094	383.33	0.13566	4.6769e-05	0.065387	supercritical
379.0	271.0	597.47	0.0016737	365.32	410.67	1.5586	0.90324	2.1006	386.88	0.13189	4.7285e-05	0.065899	supercritical
379.0	274.25	602.46	0.0016599	364.27	409.79	1.5549	0.90312	2.0918	390.43	0.12826	4.7796e-05	0.066404	supercritical
379.0	277.5	607.35	0.0016465	363.24	408.93	1.5512	0.903	2.0832	393.96	0.12476	4.8301e-05	0.066902	supercritical
379.0	280.75	612.13	0.0016337	362.23	408.1	1.5476	0.90289	2.0746	397.48	0.12137	4.8802e-05	0.067395	supercritical
379.0	284.0	616.8	0.0016213	361.25	407.29	1.5441	0.90277	2.0661	400.98	0.11811	4.9298e-05	0.067881	supercritical
379.0	287.25	621.38	0.0016093	360.28	406.51	1.5406	0.90266	2.0578	404.47	0.11496	4.9789e-05	0.068361	supercritical
379.0	290.5	625.86	0.0015978	359.34	405.75	1.5373	0.90255	2.0495	407.94	0.11191	5.0275e-05	0.068836	supercritical
379.0	293.75	630.25	0.0015867	358.41	405.02	1.534	0.90245	2.0414	411.39	0.10897	5.0756e-05	0.069305	supercritical
379.0	297.0	634.55	0.0015759	357.5	404.31	1.5307	0.90235	2.0334	414.82	0.10612	5.1233e-05	0.069768	supercritical
379.0	300.25	638.76	0.0015655	356.61	403.62	1.5275	0.90225	2.0255	418.23	0.10337	5.1705e-05	0.070226	supercritical
379.0	303.5	642.89	0.0015555	355.74	402.95	1.5244	0.90216	2.0178	421.63	0.10071	5.2172e-05	0.070679	supercritical
379.0	306.75	646.94	0.0015457	354.88	402.3	1.5214	0.90207	2.0102	425.0	0.098136	5.2636e-05	0.071127	supercritical
379.0	310.0	650.91	0.0015363	354.04	401.66	1.5184	0.90199	2.0027	428.35	0.095642	5.3094e-05	0.07157	supercritical
379.0	313.25	654.81	0.0015272	353.21	401.05	1.5155	0.90191	1.9953	431.69	0.093226	5.3549e-05	0.072008	supercritical
379.0	316.5	658.63	0.0015183	352.4	400.46	1.5126	0.90184	1.9881	435.0	0.090884	5.3999e-05	0.072442	supercritical
379.0	319.75	662.38	0.0015097	351.6	399.88	1.5098	0.90177	1.981	438.29	0.088614	5.4445e-05	0.072871	supercritical
379.0	323.0	666.06	0.0015014	350.82	399.31	1.507	0.90171	1.9741	441.57	0.086412	5.4887e-05	0.073296	supercritical
379.0	326.25	669.68	0.0014933	350.05	398.77	1.5043	0.90164	1.9672	444.82	0.084276	5.5325e-05	0.073716	supercritical
379.0	329.5	673.23	0.0014854	349.29	398.24	1.5016	0.90159	1.9605	448.05	0.082202	5.576e-05	0.074132	supercritical
379.0	332.75	676.72	0.0014777	348.55	397.72	1.499	0.90154	1.9539	451.27	0.080189	5.619e-05	0.074544	supercritical
379.0	336.0	680.15	0.0014703	347.82	397.22	1.4964	0.90149	1.9474	454.46	0.078233	5.6617e-05	0.074952	supercritical
379.0	339.25	683.52	0.001463	347.1	396.73	1.4938	0.90145	1.9411	457.63	0.076332	5.704e-05	0.075356	supercritical
379.0	342.5	686.83	0.001456	346.39	396.25	1.4913	0.90141	1.9348	460.79	0.074484	5.7459e-05	0.075756	supercritical
379.0	345.75	690.09	0.0014491	345.69	395.79	1.4889	0.90137	1.9287	463.92	0.072688	5.7875e-05	0.076152	supercritical
379.0	349.0	693.3	0.0014424	345.0	395.34	1.4864	0.90134	1.9227	467.04	0.07094	5.8287e-05	0.076545	supercritical
379.0	352.25	696.45	0.0014359	344.33	394.91	1.484	0.90132	1.9167	470.13	0.069239	5.8696e-05	0.076934	supercritical
379.0	355.5	699.55	0.0014295	343.66	394.48	1.4817	0.9013	1.9109	473.21	0.067584	5.9102e-05	0.07732	supercritical
379.0	358.75	702.6	0.0014233	343.01	394.07	1.4794	0.90128	1.9052	476.26	0.065972	5.9504e-05	0.077702	supercritical
379.0	362.0	705.61	0.0014172	342.36	393.66	1.4771	0.90126	1.8996	479.3	0.064402	5.9904e-05	0.078081	supercritical
379.0	365.25	708.57	0.0014113	341.72	393.27	1.4748	0.90125	1.8941	482.32	0.062872	6.03e-05	0.078457	supercritical
379.0	368.5	711.48	0.0014055	341.1	392.89	1.4726	0.90124	1.8887	485.32	0.061381	6.0693e-05	0.07883	supercritical
379.0	371.75	714.35	0.0013999	340.48	392.52	1.4704	0.90124	1.8834	488.3	0.059928	6.1083e-05	0.079199	supercritical
379.0	375.0	717.18	0.0013944	339.87	392.16	1.4683	0.90124	1.8782	491.27	0.058511	6.147e-05	0.079565	supercritical
379.0	378.25	719.97	0.001389	339.27	391.8	1.4662	0.90124	1.8731	494.21	0.057129	6.1854e-05	0.079929	supercritical
379.0	381.5	722.71	0.0013837	338.67	391.46	1.4641	0.90125	1.8681	497.14	0.055781	6.2235e-05	0.080289	supercritical
379.0	384.75	725.42	0.0013785	338.09	391.13	1.462	0.90126	1.8632	500.05	0.054465	6.2614e-05	0.080647	supercritical
379.0	388.0	728.09	0.0013735	337.51	390.8	1.46	0.90127	1.8584	502.94	0.053181	6.299e-05	0.081002	supercritical
379.0	391.25	730.72	0.0013685	336.94	390.48	1.458	0.90129	1.8536	505.81	0.051928	6.3363e-05	0.081354	supercritical
379.0	394.5	733.31	0.0013637	336.38	390.17	1.456	0.9013	1.8489	508.67	0.050704	6.3734e-05	0.081704	supercritical
379.0	397.75	735.87	0.0013589	335.82	389.87	1.454	0.90133	1.8444	511.5	0.049508	6.4102e-05	0.082051	supercritical
379.0	401.0	738.39	0.0013543	335.27	389.58	1.4521	0.90135	1.8399	514.33	0.04834	6.4467e-05	0.082395	supercritical
379.0	404.25	740.89	0.0013497	334.73	389.3	1.4502	0.90138	1.8355	517.13	0.047199	6.483e-05	0.082737	supercritical
379.0	407.5	743.34	0.0013453	334.2	389.02	1.4483	0.90141	1.8311	519.92	0.046083	6.5191e-05	0.083076	supercritical
379.0	410.75	745.77	0.0013409	333.67	388.75	1.4464	0.90144	1.8269	522.69	0.044993	6.5549e-05	0.083413	supercritical
379.0	414.0	748.17	0.0013366	333.15	388.48	1.4446	0.90147	1.8227	525.44	0.043926	6.5905e-05	0.083748	supercritical
379.0	417.25	750.53	0.0013324	332.63	388.23	1.4427	0.90151	1.8186	528.18	0.042884	6.6259e-05	0.084081	supercritical
379.0	420.5	752.87	0.0013283	332.12	387.98	1.4409	0.90155	1.8145	530.9	0.041864	6.6611e-05	0.084411	supercritical
379.0	423.75	755.17	0.0013242	331.62	387.73	1.4392	0.90159	1.8106	533.6	0.040866	6.696e-05	0.084739	supercritical
379.0	427.0	757.45	0.0013202	331.12	387.5	1.4374	0.90164	1.8067	536.29	0.03989	6.7307e-05	0.085064	supercritical
379.0	430.25	759.7	0.0013163	330.63	387.26	1.4357	0.90169	1.8028	538.96	0.038934	6.7652e-05	0.085388	supercritical
379.0	433.5	761.93	0.0013125	330.14	387.04	1.4339	0.90173	1.7991	541.62	0.037999	6.7995e-05	0.08571	supercritical
379.0	436.75	764.12	0.0013087	329.66	386.82	1.4322	0.90179	1.7954	544.26	0.037083	6.8336e-05	0.086029	supercritical
379.0	440.0	766.29	0.001305	329.19	386.61	1.4306	0.90184	1.7918	546.88	0.036186	6.8675e-05	0.086347	supercritical
379.0	443.25	768.44	0.0013013	328.72	386.4	1.4289	0.90189	1.7882	549.5	0.035308	6.9012e-05	0.086662	supercritical
379.0	446.5	770.56	0.0012978	328.25	386.2	1.4272	0.90195	1.7847	552.09	0.034448	6.9347e-05	0.086976	supercritical
379.0	449.75	772.66	0.0012942	327.79	386.0	1.4256	0.90201	1.7813	554.67	0.033605	6.968e-05	0.087287	supercritical
379.0	453.0	774.74	0.0012908	327.33	385.81	1.424	0.90207	1.7779	557.24	0.032779	7.0012e-05	0.087597	supercritical
379.0	456.25	776.79	0.0012874	326.88	385.62	1.4224	0.90213	1.7746	559.79	0.031969	7.0341e-05	0.087905	supercritical
379.0	459.5	778.82	0.001284	326.44	385.44	1.4208	0.9022	1.7713	562.32	0.031176	7.0669e-05	0.088212	supercritical
379.0	462.75	780.82	0.0012807	326.0	385.26	1.4192	0.90227	1.7681	564.84	0.030398	7.0995e-05	0.088516	supercritical
379.0	466.0	782.81	0.0012775	325.56	385.09	1.4177	0.90233	1.7649	567.35	0.029635	7.1319e-05	0.088819	supercritical
379.0	469.25	784.77	0.0012743	325.13	384.92	1.4162	0.9024	1.7618	569.85	0.028887	7.1642e-05	0.08912	supercritical
379.0	472.5	786.72	0.0012711	324.7	384.76	1.4146	0.90248	1.7587	572.32	0.028153	7.1963e-05	0.08942	supercritical
379.0	475.75	788.64	0.001268	324.27	384.6	1.4131	0.90255	1.7557	574.79	0.027433	7.2282e-05	0.089717	supercritical
379.0	479.0	790.54	0.001265	323.85	384.44	1.4116	0.90262	1.7528	577.24	0.026726	7.26e-05	0.090014	supercritical
379.0	482.25	792.43	0.0012619	323.44	384.29	1.4102	0.9027	1.7499	579.68	0.026033	7.2916e-05	0.090308	supercritical
379.0	485.5	794.29	0.001259	323.02	384.15	1.4087	0.90278	1.747	582.11	0.025352	7.3231e-05	0.090601	supercritical
379.0	488.75	796.14	0.0012561	322.62	384.01	1.4072	0.90286	1.7442	584.52	0.024684	7.3544e-05	0.090893	supercritical
379.0	492.0	797.97	0.0012532	322.21	383.87	1.4058	0.90294	1.7415	586.92	0.024028	7.3856e-05	0.091183	supercritical
379.0	495.25	799.78	0.0012503	321.81	383.73	1.4044	0.90302	1.7387	589.3	0.023384	7.4166e-05	0.091471	supercritical
379.0	498.5	801.57	0.0012475	321.41	383.6	1.403	0.9031	1.7361	591.68	0.022752	7.4475e-05	0.091759	supercritical
379.0	501.75	803.35	0.0012448	321.02	383.48	1.4016	0.90319	1.7334	594.04	0.022131	7.4782e-05	0.092044	supercritical
379.0	505.0	805.11	0.0012421	320.63	383.35	1.4002	0.90327	1.7308	596.39	0.02152	7.5088e-05	0.092329	supercritical
379.0	508.25	806.85	0.0012394	320.24	383.24	1.3988	0.90336	1.7283	598.72	0.020921	7.5393e-05	0.092612	supercritical
379.0	511.5	808.58	0.0012367	319.86	383.12	1.3974	0.90345	1.7258	601.05	0.020332	7.5696e-05	0.092893	supercritical
379.0	514.75	810.29	0.0012341	319.48	383.01	1.3961	0.90354	1.7233	603.36	0.019753	7.5998e-05	0.093173	supercritical
379.0	518.0	811.98	0.0012316	319.1	382.9	1.3947	0.90363	1.7208	605.66	0.019183	7.6298e-05	0.093452	supercritical
379.0	521.25	813.66	0.001229	318.73	382.79	1.3934	0.90372	1.7184	607.95	0.018624	7.6598e-05	0.09373	supercritical
379.0	524.5	815.33	0.0012265	318.36	382.69	1.3921	0.90381	1.7161	610.22	0.018074	7.6896e-05	0.094006	supercritical
379.0	527.75	816.98	0.001224	317.99	382.59	1.3907	0.90391	1.7138	612.49	0.017533	7.7193e-05	0.094282	supercritical
379.0	531.0	818.61	0.0012216	317.63	382.49	1.3894	0.904	1.7115	614.74	0.017001	7.7488e-05	0.094556	supercritical
379.0	534.25	820.23	0.0012192	317.27	382.4	1.3882	0.9041	1.7092	616.99	0.016478	7.7783e-05	0.094828	supercritical
379.0	537.5	821.84	0.0012168	316.91	382.31	1.3869	0.90419	1.707	619.22	0.015963	7.8076e-05	0.0951	supercritical
379.0	540.75	823.43	0.0012144	316.55	382.22	1.3856	0.90429	1.7048	621.44	0.015457	7.8368e-05	0.09537	supercritical
379.0	544.0	825.01	0.0012121	316.2	382.14	1.3843	0.90439	1.7026	623.65	0.014959	7.8659e-05	0.095639	supercritical
379.0	547.25	826.58	0.0012098	315.85	382.06	1.3831	0.90449	1.7005	625.85	0.014468	7.8949e-05	0.095907	supercritical
379.0	550.5	828.13	0.0012075	315.51	381.98	1.3818	0.90459	1.6984	628.03	0.013986	7.9238e-05	0.096174	supercritical
379.0	553.75	829.67	0.0012053	315.16	381.9	1.3806	0.9047	1.6963	630.21	0.013511	7.9526e-05	0.09644	supercritical
379.0	557.0	831.2	0.0012031	314.82	381.83	1.3794	0.9048	1.6943	632.38	0.013044	7.9812e-05	0.096705	supercritical
379.0	560.25	832.72	0.0012009	314.48	381.76	1.3782	0.9049	1.6923	634.53	0.012583	8.0098e-05	0.096968	supercritical
379.0	563.5	834.22	0.0011987	314.15	381.69	1.377	0.90501	1.6903	636.68	0.01213	8.0382e-05	0.097231	supercritical
379.0	566.75	835.71	0.0011966	313.81	381.63	1.3758	0.90511	1.6884	638.82	0.011684	8.0666e-05	0.097492	supercritical
379.0	570.0	837.19	0.0011945	313.48	381.56	1.3746	0.90522	1.6864	640.94	0.011244	8.0948e-05	0.097753	supercritical
379.0	573.25	838.66	0.0011924	313.15	381.5	1.3734	0.90533	1.6845	643.06	0.010812	8.123e-05	0.098012	supercritical
379.0	576.5	840.12	0.0011903	312.83	381.45	1.3722	0.90543	1.6827	645.17	0.010385	8.151e-05	0.098271	supercritical
379.0	579.75	841.56	0.0011883	312.5	381.39	1.371	0.90554	1.6808	647.26	0.009965	8.179e-05	0.098528	supercritical
379.0	583.0	843.0	0.0011862	312.18	381.34	1.3699	0.90565	1.679	649.35	0.0095511	8.2069e-05	0.098785	supercritical
379.0	586.25	844.42	0.0011842	311.86	381.29	1.3687	0.90576	1.6772	651.43	0.0091433	8.2346e-05	0.099041	supercritical
379.0	589.5	845.83	0.0011823	311.54	381.24	1.3676	0.90587	1.6754	653.5	0.0087414	8.2623e-05	0.099295	supercritical
379.0	592.75	847.24	0.0011803	311.23	381.19	1.3664	0.90599	1.6737	655.56	0.0083452	8.2899e-05	0.099549	supercritical
379.0	596.0	848.63	0.0011784	310.92	381.15	1.3653	0.9061	1.6719	657.61	0.0079548	8.3174e-05	0.099802	supercritical
379.0	599.25	850.01	0.0011765	310.61	381.11	1.3642	0.90621	1.6702	659.65	0.0075699	8.3448e-05	0.10005	supercritical
379.0	602.5	851.38	0.0011746	310.3	381.07	1.3631	0.90633	1.6685	661.68	0.0071904	8.3721e-05	0.1003	supercritical
379.0	605.75	852.74	0.0011727	309.99	381.03	1.362	0.90644	1.6669	663.7	0.0068163	8.3993e-05	0.10055	supercritical
379.0	609.0	854.09	0.0011708	309.69	380.99	1.3609	0.90656	1.6652	665.72	0.0064473	8.4265e-05	0.1008	supercritical
379.0	612.25	855.44	0.001169	309.39	380.96	1.3598	0.90667	1.6636	667.73	0.0060835	8.4535e-05	0.10105	supercritical
379.0	615.5	856.77	0.0011672	309.09	380.93	1.3587	0.90679	1.662	669.72	0.0057247	8.4805e-05	0.1013	supercritical
379.0	618.75	858.09	0.0011654	308.79	380.9	1.3576	0.90691	1.6605	671.71	0.0053707	8.5074e-05	0.10155	supercritical
379.0	622.0	859.41	0.0011636	308.49	380.87	1.3565	0.90702	1.6589	673.69	0.0050216	8.5343e-05	0.10179	supercritical
379.0	625.25	860.71	0.0011618	308.2	380.84	1.3555	0.90714	1.6574	675.66	0.0046772	8.561e-05	0.10204	supercritical
379.0	628.5	862.01	0.0011601	307.91	380.82	1.3544	0.90726	1.6558	677.63	0.0043374	8.5877e-05	0.10228	supercritical
379.0	631.75	863.3	0.0011584	307.62	380.79	1.3534	0.90738	1.6543	679.58	0.0040021	8.6142e-05	0.10252	supercritical
379.0	635.0	864.57	0.0011566	307.33	380.77	1.3523	0.9075	1.6528	681.53	0.0036712	8.6408e-05	0.10277	supercritical
379.0	638.25	865.84	0.0011549	307.04	380.76	1.3513	0.90762	1.6514	683.47	0.0033447	8.6672e-05	0.10301	supercritical
379.0	641.5	867.11	0.0011533	306.76	380.74	1.3502	0.90774	1.6499	685.4	0.0030225	8.6936e-05	0.10325	supercritical
379.0	644.75	868.36	0.0011516	306.47	380.72	1.3492	0.90787	1.6485	687.32	0.0027044	8.7198e-05	0.10349	supercritical
379.0	648.0	869.6	0.0011499	306.19	380.71	1.3482	0.90799	1.6471	689.24	0.0023904	8.7461e-05	0.10373	supercritical
379.0	651.25	870.84	0.0011483	305.91	380.7	1.3472	0.90811	1.6457	691.15	0.0020804	8.7722e-05	0.10397	supercritical
379.0	654.5	872.07	0.0011467	305.64	380.69	1.3462	0.90823	1.6443	693.05	0.0017744	8.7983e-05	0.10421	supercritical
379.0	657.75	873.29	0.0011451	305.36	380.68	1.3452	0.90836	1.6429	694.94	0.0014723	8.8243e-05	0.10444	supercritical
379.0	661.0	874.51	0.0011435	305.09	380.67	1.3442	0.90848	1.6416	696.83	0.0011739	8.8502e-05	0.10468	supercritical
379.0	664.25	875.71	0.0011419	304.81	380.67	1.3432	0.90861	1.6403	698.7	0.00087931	8.8761e-05	0.10492	supercritical
379.0	667.5	876.91	0.0011404	304.54	380.66	1.3422	0.90873	1.639	700.57	0.00058834	8.9019e-05	0.10515	supercritical
379.0	670.75	878.1	0.0011388	304.27	380.66	1.3412	0.90886	1.6376	702.44	0.00030096	8.9276e-05	0.10539	supercritical
379.0	674.0	879.28	0.0011373	304.01	380.66	1.3402	0.90899	1.6364	704.29	1.7109e-05	8.9533e-05	0.10562	supercritical
379.0	677.25	880.46	0.0011358	303.74	380.66	1.3392	0.90911	1.6351	706.14	-0.00026328	8.9789e-05	0.10585	supercritical
379.0	680.5	881.63	0.0011343	303.47	380.66	1.3383	0.90924	1.6338	707.98	-0.00054028	9.0045e-05	0.10608	supercritical
379.0	683.75	882.79	0.0011328	303.21	380.66	1.3373	0.90937	1.6326	709.82	-0.00081394	9.03e-05	0.10632	supercritical
379.0	687.0	883.94	0.0011313	302.95	380.67	1.3364	0.9095	1.6314	711.64	-0.0010843	9.0554e-05	0.10655	supercritical
379.0	690.25	885.09	0.0011298	302.69	380.68	1.3354	0.90962	1.6301	713.47	-0.0013515	9.0807e-05	0.10678	supercritical
379.0	693.5	886.23	0.0011284	302.43	380.68	1.3345	0.90975	1.6289	715.28	-0.0016155	9.106e-05	0.10701	supercritical
379.0	696.75	887.37	0.0011269	302.17	380.69	1.3335	0.90988	1.6277	717.09	-0.0018764	9.1313e-05	0.10724	supercritical
379.0	700.0	888.49	0.0011255	301.92	380.7	1.3326	0.91001	1.6266	718.89	-0.0021342	9.1565e-05	0.10747	supercritical
379.0	703.25	889.61	0.0011241	301.66	380.72	1.3316	0.91014	1.6254	720.68	-0.002389	9.1816e-05	0.10769	supercritical
379.0	706.5	890.73	0.0011227	301.41	380.73	1.3307	0.91027	1.6242	722.47	-0.0026409	9.2066e-05	0.10792	supercritical
379.0	709.75	891.84	0.0011213	301.16	380.74	1.3298	0.9104	1.6231	724.25	-0.0028899	9.2316e-05	0.10815	supercritical
379.0	713.0	892.94	0.0011199	300.91	380.76	1.3289	0.91054	1.622	726.02	-0.0031361	9.2566e-05	0.10837	supercritical
379.0	716.25	894.03	0.0011185	300.66	380.78	1.328	0.91067	1.6209	727.79	-0.0033794	9.2815e-05	0.1086	supercritical
379.0	719.5	895.12	0.0011172	300.42	380.8	1.327	0.9108	1.6198	729.55	-0.00362	9.3063e-05	0.10882	supercritical
379.0	722.75	896.2	0.0011158	300.17	380.82	1.3261	0.91093	1.6187	731.31	-0.0038579	9.3311e-05	0.10905	supercritical
379.0	726.0	897.28	0.0011145	299.92	380.84	1.3252	0.91106	1.6176	733.05	-0.0040931	9.3559e-05	0.10927	supercritical
379.0	729.25	898.35	0.0011131	299.68	380.86	1.3243	0.9112	1.6165	734.8	-0.0043257	9.3805e-05	0.10949	supercritical
379.0	732.5	899.42	0.0011118	299.44	380.88	1.3235	0.91133	1.6154	736.53	-0.0045557	9.4052e-05	0.10972	supercritical
379.0	735.75	900.48	0.0011105	299.2	380.91	1.3226	0.91147	1.6144	738.26	-0.0047832	9.4297e-05	0.10994	supercritical
379.0	739.0	901.53	0.0011092	298.96	380.93	1.3217	0.9116	1.6134	739.99	-0.0050082	9.4543e-05	0.11016	supercritical
379.0	742.25	902.58	0.0011079	298.72	380.96	1.3208	0.91173	1.6123	741.71	-0.0052308	9.4787e-05	0.11038	supercritical
379.0	745.5	903.62	0.0011067	298.48	380.99	1.3199	0.91187	1.6113	743.42	-0.0054509	9.5032e-05	0.1106	supercritical
379.0	748.75	904.66	0.0011054	298.25	381.02	1.3191	0.912	1.6103	745.12	-0.0056687	9.5275e-05	0.11082	supercritical
379.0	752.0	905.69	0.0011041	298.01	381.05	1.3182	0.91214	1.6093	746.83	-0.0058841	9.5519e-05	0.11104	supercritical
379.0	755.25	906.71	0.0011029	297.78	381.08	1.3173	0.91228	1.6083	748.52	-0.0060973	9.5761e-05	0.11126	supercritical
379.0	758.5	907.73	0.0011016	297.55	381.11	1.3165	0.91241	1.6073	750.21	-0.0063081	9.6004e-05	0.11148	supercritical
379.0	761.75	908.75	0.0011004	297.32	381.14	1.3156	0.91255	1.6064	751.89	-0.0065168	9.6245e-05	0.1117	supercritical
379.0	765.0	909.76	0.0010992	297.09	381.18	1.3148	0.91269	1.6054	753.57	-0.0067232	9.6487e-05	0.11191	supercritical
379.0	768.25	910.76	0.001098	296.86	381.21	1.3139	0.91282	1.6045	755.24	-0.0069275	9.6728e-05	0.11213	supercritical
379.0	771.5	911.76	0.0010968	296.63	381.25	1.3131	0.91296	1.6035	756.91	-0.0071297	9.6968e-05	0.11235	supercritical
379.0	774.75	912.75	0.0010956	296.41	381.29	1.3122	0.9131	1.6026	758.57	-0.0073298	9.7208e-05	0.11256	supercritical
379.0	778.0	913.74	0.0010944	296.18	381.33	1.3114	0.91324	1.6017	760.22	-0.0075278	9.7448e-05	0.11278	supercritical
379.0	781.25	914.72	0.0010932	295.96	381.37	1.3106	0.91337	1.6008	761.87	-0.0077238	9.7687e-05	0.11299	supercritical
379.0	784.5	915.7	0.0010921	295.73	381.41	1.3097	0.91351	1.5999	763.52	-0.0079178	9.7925e-05	0.11321	supercritical
379.0	787.75	916.68	0.0010909	295.51	381.45	1.3089	0.91365	1.599	765.16	-0.0081098	9.8164e-05	0.11342	supercritical
379.0	791.0	917.65	0.0010897	295.29	381.49	1.3081	0.91379	1.5981	766.79	-0.0082999	9.8401e-05	0.11363	supercritical
379.0	794.25	918.61	0.0010886	295.07	381.53	1.3073	0.91393	1.5972	768.42	-0.0084881	9.8639e-05	0.11385	supercritical
379.0	797.5	919.57	0.0010875	294.85	381.58	1.3064	0.91407	1.5963	770.04	-0.0086744	9.8876e-05	0.11406	supercritical
379.0	800.75	920.53	0.0010863	294.64	381.62	1.3056	0.91421	1.5955	771.66	-0.0088588	9.9112e-05	0.11427	supercritical
379.0	804.0	921.48	0.0010852	294.42	381.67	1.3048	0.91435	1.5946	773.27	-0.0090414	9.9348e-05	0.11448	supercritical
379.0	807.25	922.42	0.0010841	294.2	381.72	1.304	0.91449	1.5938	774.88	-0.0092222	9.9584e-05	0.11469	supercritical
379.0	810.5	923.36	0.001083	293.99	381.77	1.3032	0.91463	1.5929	776.48	-0.0094013	9.9819e-05	0.1149	supercritical
379.0	813.75	924.3	0.0010819	293.78	381.82	1.3024	0.91477	1.5921	778.08	-0.0095786	0.00010005	0.11511	supercritical
379.0	817.0	925.23	0.0010808	293.56	381.87	1.3016	0.91491	1.5913	779.67	-0.0097541	0.00010029	0.11532	supercritical
379.0	820.25	926.16	0.0010797	293.35	381.92	1.3008	0.91505	1.5904	781.26	-0.009928	0.00010052	0.11553	supercritical
379.0	823.5	927.08	0.0010787	293.14	381.97	1.3	0.91519	1.5896	782.84	-0.0101	0.00010076	0.11574	supercritical
379.0	826.75	928.0	0.0010776	292.93	382.02	1.2993	0.91534	1.5888	784.42	-0.010271	0.00010099	0.11595	supercritical
379.0	830.0	928.92	0.0010765	292.72	382.07	1.2985	0.91548	1.588	785.99	-0.01044	0.00010122	0.11616	supercritical
379.0	833.25	929.83	0.0010755	292.51	382.13	1.2977	0.91562	1.5872	787.56	-0.010607	0.00010146	0.11636	supercritical
379.0	836.5	930.73	0.0010744	292.31	382.18	1.2969	0.91576	1.5865	789.12	-0.010773	0.00010169	0.11657	supercritical
379.0	839.75	931.63	0.0010734	292.1	382.24	1.2961	0.9159	1.5857	790.68	-0.010937	0.00010192	0.11678	supercritical
379.0	843.0	932.53	0.0010723	291.9	382.3	1.2954	0.91605	1.5849	792.24	-0.0111	0.00010215	0.11698	supercritical
379.0	846.25	933.43	0.0010713	291.69	382.35	1.2946	0.91619	1.5842	793.78	-0.011261	0.00010238	0.11719	supercritical
379.0	849.5	934.32	0.0010703	291.49	382.41	1.2938	0.91633	1.5834	795.33	-0.01142	0.00010261	0.1174	supercritical
379.0	852.75	935.2	0.0010693	291.29	382.47	1.2931	0.91648	1.5827	796.87	-0.011578	0.00010284	0.1176	supercritical
379.0	856.0	936.08	0.0010683	291.09	382.53	1.2923	0.91662	1.5819	798.4	-0.011735	0.00010307	0.1178	supercritical
379.0	859.25	936.96	0.0010673	290.89	382.59	1.2916	0.91676	1.5812	799.93	-0.01189	0.0001033	0.11801	supercritical
379.0	862.5	937.84	0.0010663	290.69	382.65	1.2908	0.91691	1.5804	801.46	-0.012044	0.00010353	0.11821	supercritical
379.0	865.75	938.71	0.0010653	290.49	382.72	1.2901	0.91705	1.5797	802.98	-0.012197	0.00010376	0.11842	supercritical
379.0	869.0	939.57	0.0010643	290.29	382.78	1.2893	0.9172	1.579	804.5	-0.012348	0.00010399	0.11862	supercritical
379.0	872.25	940.43	0.0010633	290.09	382.84	1.2886	0.91734	1.5783	806.01	-0.012497	0.00010422	0.11882	supercritical
379.0	875.5	941.29	0.0010624	289.9	382.91	1.2878	0.91749	1.5776	807.52	-0.012646	0.00010445	0.11902	supercritical
379.0	878.75	942.15	0.0010614	289.7	382.97	1.2871	0.91763	1.5769	809.02	-0.012793	0.00010467	0.11923	supercritical
379.0	882.0	943.0	0.0010604	289.51	383.04	1.2864	0.91778	1.5762	810.52	-0.012939	0.0001049	0.11943	supercritical
379.0	885.25	943.85	0.0010595	289.31	383.1	1.2856	0.91792	1.5755	812.02	-0.013083	0.00010513	0.11963	supercritical
379.0	888.5	944.69	0.0010585	289.12	383.17	1.2849	0.91807	1.5748	813.51	-0.013226	0.00010535	0.11983	supercritical
379.0	891.75	945.53	0.0010576	288.93	383.24	1.2842	0.91821	1.5742	815.0	-0.013368	0.00010558	0.12003	supercritical
379.0	895.0	946.37	0.0010567	288.74	383.31	1.2834	0.91836	1.5735	816.48	-0.013509	0.00010581	0.12023	supercritical
379.0	898.25	947.2	0.0010557	288.55	383.38	1.2827	0.9185	1.5728	817.96	-0.013648	0.00010603	0.12043	supercritical
379.0	901.5	948.03	0.0010548	288.36	383.45	1.282	0.91865	1.5722	819.43	-0.013786	0.00010626	0.12063	supercritical
379.0	904.75	948.86	0.0010539	288.17	383.52	1.2813	0.9188	1.5715	820.9	-0.013923	0.00010648	0.12083	supercritical
379.0	908.0	949.68	0.001053	287.98	383.59	1.2806	0.91894	1.5709	822.37	-0.014059	0.00010671	0.12103	supercritical
379.0	911.25	950.5	0.0010521	287.79	383.66	1.2799	0.91909	1.5702	823.83	-0.014194	0.00010693	0.12122	supercritical
379.0	914.5	951.32	0.0010512	287.61	383.74	1.2791	0.91923	1.5696	825.29	-0.014327	0.00010716	0.12142	supercritical
379.0	917.75	952.13	0.0010503	287.42	383.81	1.2784	0.91938	1.5689	826.74	-0.01446	0.00010738	0.12162	supercritical
379.0	921.0	952.94	0.0010494	287.23	383.88	1.2777	0.91953	1.5683	828.19	-0.014591	0.0001076	0.12182	supercritical
379.0	924.25	953.75	0.0010485	287.05	383.96	1.277	0.91968	1.5677	829.63	-0.014721	0.00010783	0.12201	supercritical
379.0	927.5	954.55	0.0010476	286.87	384.03	1.2763	0.91982	1.5671	831.08	-0.01485	0.00010805	0.12221	supercritical
379.0	930.75	955.35	0.0010467	286.68	384.11	1.2756	0.91997	1.5665	832.51	-0.014978	0.00010827	0.12241	supercritical
379.0	934.0	956.15	0.0010459	286.5	384.19	1.2749	0.92012	1.5658	833.95	-0.015105	0.0001085	0.1226	supercritical
379.0	937.25	956.94	0.001045	286.32	384.26	1.2742	0.92027	1.5652	835.38	-0.015231	0.00010872	0.1228	supercritical
379.0	940.5	957.73	0.0010441	286.14	384.34	1.2735	0.92041	1.5646	836.8	-0.015356	0.00010894	0.12299	supercritical
379.0	943.75	958.52	0.0010433	285.96	384.42	1.2729	0.92056	1.564	838.23	-0.01548	0.00010916	0.12319	supercritical
379.0	947.0	959.3	0.0010424	285.78	384.5	1.2722	0.92071	1.5635	839.64	-0.015602	0.00010938	0.12338	supercritical
379.0	950.25	960.09	0.0010416	285.6	384.58	1.2715	0.92086	1.5629	841.06	-0.015724	0.0001096	0.12358	supercritical
379.0	953.5	960.86	0.0010407	285.42	384.66	1.2708	0.92101	1.5623	842.47	-0.015845	0.00010983	0.12377	supercritical
379.0	956.75	961.64	0.0010399	285.25	384.74	1.2701	0.92115	1.5617	843.88	-0.015965	0.00011005	0.12396	supercritical
379.0	960.0	962.41	0.0010391	285.07	384.82	1.2695	0.9213	1.5611	845.28	-0.016084	0.00011027	0.12416	supercritical
379.0	963.25	963.18	0.0010382	284.89	384.9	1.2688	0.92145	1.5606	846.68	-0.016201	0.00011049	0.12435	supercritical
379.0	966.5	963.95	0.0010374	284.72	384.98	1.2681	0.9216	1.56	848.07	-0.016318	0.00011071	0.12454	supercritical
379.0	969.75	964.71	0.0010366	284.54	385.07	1.2674	0.92175	1.5594	849.47	-0.016434	0.00011093	0.12474	supercritical
379.0	973.0	965.47	0.0010358	284.37	385.15	1.2668	0.9219	1.5589	850.86	-0.016549	0.00011115	0.12493	supercritical
379.0	976.25	966.23	0.001035	284.2	385.23	1.2661	0.92205	1.5583	852.24	-0.016664	0.00011136	0.12512	supercritical
379.0	979.5	966.98	0.0010341	284.02	385.32	1.2654	0.9222	1.5578	853.62	-0.016777	0.00011158	0.12531	supercritical
379.0	982.75	967.74	0.0010333	283.85	385.4	1.2648	0.92235	1.5572	855.0	-0.016889	0.0001118	0.12551	supercritical
379.0	986.0	968.48	0.0010325	283.68	385.49	1.2641	0.9225	1.5567	856.37	-0.017001	0.00011202	0.1257	supercritical
379.0	989.25	969.23	0.0010317	283.51	385.58	1.2635	0.92265	1.5562	857.75	-0.017111	0.00011224	0.12589	supercritical
379.0	992.5	969.98	0.001031	283.34	385.66	1.2628	0.9228	1.5556	859.11	-0.017221	0.00011246	0.12608	supercritical
379.0	995.75	970.72	0.0010302	283.17	385.75	1.2622	0.92295	1.5551	860.48	-0.01733	0.00011267	0.12627	supercritical
379.0	999.0	971.45	0.0010294	283.0	385.84	1.2615	0.9231	1.5546	861.84	-0.017438	0.00011289	0.12646	supercritical
379.0	1002.2	972.19	0.0010286	282.83	385.93	1.2609	0.92325	1.5541	863.19	-0.017545	0.00011311	0.12666	supercritical
379.0	1005.5	972.92	0.0010278	282.67	386.02	1.2602	0.9234	1.5536	864.55	-0.017652	0.00011333	0.12685	supercritical
379.0	1008.8	973.65	0.0010271	282.5	386.11	1.2596	0.92355	1.553	865.9	-0.017757	0.00011354	0.12704	supercritical
379.0	1012.0	974.38	0.0010263	282.33	386.19	1.2589	0.9237	1.5525	867.24	-0.017862	0.00011376	0.12723	supercritical
379.0	1015.2	975.11	0.0010255	282.17	386.29	1.2583	0.92385	1.552	868.59	-0.017966	0.00011398	0.12742	supercritical
379.0	1018.5	975.83	0.0010248	282.0	386.38	1.2576	0.924	1.5515	869.93	-0.018069	0.00011419	0.12761	supercritical
379.0	1021.8	976.55	0.001024	281.84	386.47	1.257	0.92415	1.551	871.27	-0.018171	0.00011441	0.12779	supercritical
379.0	1025.0	977.27	0.0010233	281.67	386.56	1.2564	0.9243	1.5505	872.6	-0.018273	0.00011462	0.12798	supercritical
379.0	1028.2	977.98	0.0010225	281.51	386.65	1.2557	0.92445	1.55	873.93	-0.018374	0.00011484	0.12817	supercritical
379.0	1031.5	978.69	0.0010218	281.35	386.74	1.2551	0.9246	1.5496	875.26	-0.018474	0.00011505	0.12836	supercritical
379.0	1034.8	979.4	0.001021	281.19	386.84	1.2545	0.92475	1.5491	876.58	-0.018573	0.00011527	0.12855	supercritical
379.0	1038.0	980.11	0.0010203	281.02	386.93	1.2538	0.9249	1.5486	877.9	-0.018672	0.00011548	0.12874	supercritical
379.0	1041.2	980.81	0.0010196	280.86	387.03	1.2532	0.92505	1.5481	879.22	-0.01877	0.0001157	0.12892	supercritical
379.0	1044.5	981.52	0.0010188	280.7	387.12	1.2526	0.92521	1.5476	880.53	-0.018867	0.00011591	0.12911	supercritical
379.0	1047.8	982.22	0.0010181	280.54	387.22	1.252	0.92536	1.5472	881.84	-0.018963	0.00011613	0.1293	supercritical
379.0	1051.0	982.91	0.0010174	280.38	387.31	1.2513	0.92551	1.5467	883.15	-0.019059	0.00011634	0.12948	supercritical
379.0	1054.2	983.61	0.0010167	280.23	387.41	1.2507	0.92566	1.5462	884.45	-0.019154	0.00011655	0.12967	supercritical
379.0	1057.5	984.3	0.0010159	280.07	387.5	1.2501	0.92581	1.5458	885.76	-0.019248	0.00011677	0.12986	supercritical
379.0	1060.8	984.99	0.0010152	279.91	387.6	1.2495	0.92596	1.5453	887.05	-0.019342	0.00011698	0.13004	supercritical
379.0	1064.0	985.68	0.0010145	279.75	387.7	1.2489	0.92612	1.5449	888.35	-0.019435	0.00011719	0.13023	supercritical
379.0	1067.2	986.37	0.0010138	279.6	387.8	1.2483	0.92627	1.5444	889.64	-0.019527	0.00011741	0.13041	supercritical
379.0	1070.5	987.05	0.0010131	279.44	387.89	1.2477	0.92642	1.544	890.93	-0.019619	0.00011762	0.1306	supercritical
379.0	1073.8	987.73	0.0010124	279.28	387.99	1.2471	0.92657	1.5435	892.22	-0.01971	0.00011783	0.13078	supercritical
379.0	1077.0	988.41	0.0010117	279.13	388.09	1.2464	0.92672	1.5431	893.5	-0.0198	0.00011804	0.13097	supercritical
379.0	1080.2	989.09	0.001011	278.97	388.19	1.2458	0.92688	1.5426	894.78	-0.01989	0.00011826	0.13115	supercritical
379.0	1083.5	989.76	0.0010103	278.82	388.29	1.2452	0.92703	1.5422	896.06	-0.019979	0.00011847	0.13134	supercritical
379.0	1086.8	990.43	0.0010097	278.67	388.39	1.2446	0.92718	1.5418	897.33	-0.020068	0.00011868	0.13152	supercritical
379.0	1090.0	991.1	0.001009	278.51	388.49	1.244	0.92733	1.5413	898.6	-0.020155	0.00011889	0.1317	supercritical
379.0	1093.2	991.77	0.0010083	278.36	388.59	1.2434	0.92748	1.5409	899.87	-0.020242	0.0001191	0.13189	supercritical
379.0	1096.5	992.44	0.0010076	278.21	388.69	1.2428	0.92764	1.5405	901.14	-0.020329	0.00011931	0.13207	supercritical
379.0	1099.8	993.1	0.0010069	278.06	388.8	1.2422	0.92779	1.5401	902.4	-0.020415	0.00011952	0.13225	supercritical
379.0	1103.0	993.76	0.0010063	277.91	388.9	1.2417	0.92794	1.5396	903.66	-0.0205	0.00011974	0.13244	supercritical
379.0	1106.2	994.42	0.0010056	277.76	389.0	1.2411	0.92809	1.5392	904.92	-0.020585	0.00011995	0.13262	supercritical
379.0	1109.5	995.08	0.0010049	277.61	389.11	1.2405	0.92825	1.5388	906.17	-0.020669	0.00012016	0.1328	supercritical
379.0	1112.8	995.73	0.0010043	277.46	389.21	1.2399	0.9284	1.5384	907.42	-0.020753	0.00012037	0.13298	supercritical
379.0	1116.0	996.39	0.0010036	277.31	389.31	1.2393	0.92855	1.538	908.67	-0.020836	0.00012058	0.13316	supercritical
379.0	1119.2	997.04	0.001003	277.16	389.42	1.2387	0.92871	1.5376	909.91	-0.020918	0.00012079	0.13335	supercritical
379.0	1122.5	997.69	0.0010023	277.01	389.52	1.2381	0.92886	1.5372	911.16	-0.021	0.000121	0.13353	supercritical
379.0	1125.8	998.33	0.0010017	276.86	389.63	1.2375	0.92901	1.5368	912.4	-0.021082	0.00012121	0.13371	supercritical
379.0	1129.0	998.98	0.001001	276.72	389.73	1.237	0.92916	1.5364	913.63	-0.021162	0.00012142	0.13389	supercritical
379.0	1132.2	999.62	0.0010004	276.57	389.84	1.2364	0.92932	1.536	914.87	-0.021243	0.00012163	0.13407	supercritical
379.0	1135.5	1000.3	0.00099974	276.42	389.94	1.2358	0.92947	1.5356	916.1	-0.021322	0.00012183	0.13425	supercritical
379.0	1138.8	1000.9	0.0009991	276.28	390.05	1.2352	0.92962	1.5352	917.33	-0.021401	0.00012204	0.13443	supercritical
379.0	1142.0	1001.5	0.00099847	276.13	390.16	1.2347	0.92978	1.5348	918.55	-0.02148	0.00012225	0.13461	supercritical
379.0	1145.2	1002.2	0.00099783	275.99	390.27	1.2341	0.92993	1.5344	919.78	-0.021558	0.00012246	0.13479	supercritical
379.0	1148.5	1002.8	0.0009972	275.84	390.37	1.2335	0.93008	1.5341	921.0	-0.021636	0.00012267	0.13497	supercritical
379.0	1151.8	1003.4	0.00099658	275.7	390.48	1.2329	0.93024	1.5337	922.22	-0.021713	0.00012288	0.13515	supercritical
379.0	1155.0	1004.1	0.00099595	275.56	390.59	1.2324	0.93039	1.5333	923.43	-0.021789	0.00012309	0.13533	supercritical
379.0	1158.2	1004.7	0.00099533	275.41	390.7	1.2318	0.93054	1.5329	924.64	-0.021865	0.00012329	0.1355	supercritical
379.0	1161.5	1005.3	0.00099471	275.27	390.81	1.2312	0.9307	1.5326	925.85	-0.021941	0.0001235	0.13568	supercritical
379.0	1164.8	1005.9	0.00099409	275.13	390.92	1.2307	0.93085	1.5322	927.06	-0.022016	0.00012371	0.13586	supercritical
379.0	1168.0	1006.6	0.00099348	274.99	391.03	1.2301	0.93101	1.5318	928.27	-0.02209	0.00012392	0.13604	supercritical
379.0	1171.2	1007.2	0.00099287	274.85	391.14	1.2296	0.93116	1.5315	929.47	-0.022164	0.00012412	0.13622	supercritical
379.0	1174.5	1007.8	0.00099226	274.71	391.25	1.229	0.93131	1.5311	930.67	-0.022238	0.00012433	0.13639	supercritical
379.0	1177.8	1008.4	0.00099165	274.57	391.36	1.2284	0.93147	1.5307	931.86	-0.022311	0.00012454	0.13657	supercritical
379.0	1181.0	1009.0	0.00099105	274.43	391.47	1.2279	0.93162	1.5304	933.06	-0.022383	0.00012474	0.13675	supercritical
379.0	1184.2	1009.6	0.00099045	274.29	391.58	1.2273	0.93177	1.53	934.25	-0.022456	0.00012495	0.13693	supercritical
379.0	1187.5	1010.3	0.00098985	274.15	391.69	1.2268	0.93193	1.5297	935.44	-0.022527	0.00012516	0.1371	supercritical
379.0	1190.8	1010.9	0.00098926	274.01	391.8	1.2262	0.93208	1.5293	936.63	-0.022598	0.00012536	0.13728	supercritical
379.0	1194.0	1011.5	0.00098866	273.87	391.92	1.2257	0.93224	1.529	937.81	-0.022669	0.00012557	0.13746	supercritical
379.0	1197.2	1012.1	0.00098807	273.73	392.03	1.2251	0.93239	1.5286	938.99	-0.022739	0.00012578	0.13763	supercritical
379.0	1200.5	1012.7	0.00098748	273.6	392.14	1.2246	0.93254	1.5283	940.17	-0.022809	0.00012598	0.13781	supercritical
379.0	1203.8	1013.3	0.0009869	273.46	392.26	1.224	0.9327	1.5279	941.35	-0.022879	0.00012619	0.13798	supercritical
379.0	1207.0	1013.9	0.00098631	273.32	392.37	1.2235	0.93285	1.5276	942.52	-0.022948	0.00012639	0.13816	supercritical
379.0	1210.2	1014.5	0.00098573	273.19	392.48	1.2229	0.93301	1.5272	943.7	-0.023016	0.0001266	0.13834	supercritical
379.0	1213.5	1015.1	0.00098515	273.05	392.6	1.2224	0.93316	1.5269	944.87	-0.023084	0.00012681	0.13851	supercritical
379.0	1216.8	1015.7	0.00098457	272.92	392.71	1.2219	0.93331	1.5266	946.03	-0.023152	0.00012701	0.13869	supercritical
379.0	1220.0	1016.3	0.000984	272.78	392.83	1.2213	0.93347	1.5262	947.2	-0.023219	0.00012722	0.13886	supercritical
379.0	1223.2	1016.9	0.00098343	272.65	392.94	1.2208	0.93362	1.5259	948.36	-0.023286	0.00012742	0.13904	supercritical
379.0	1226.5	1017.4	0.00098286	272.51	393.06	1.2202	0.93378	1.5256	949.52	-0.023352	0.00012763	0.13921	supercritical
379.0	1229.8	1018.0	0.00098229	272.38	393.18	1.2197	0.93393	1.5253	950.68	-0.023418	0.00012783	0.13938	supercritical
379.0	1233.0	1018.6	0.00098172	272.25	393.29	1.2192	0.93409	1.5249	951.83	-0.023484	0.00012804	0.13956	supercritical
379.0	1236.2	1019.2	0.00098116	272.11	393.41	1.2186	0.93424	1.5246	952.99	-0.023549	0.00012824	0.13973	supercritical
379.0	1239.5	1019.8	0.0009806	271.98	393.53	1.2181	0.93439	1.5243	954.14	-0.023614	0.00012844	0.13991	supercritical
379.0	1242.8	1020.4	0.00098004	271.85	393.64	1.2176	0.93455	1.524	955.28	-0.023678	0.00012865	0.14008	supercritical
379.0	1246.0	1020.9	0.00097948	271.72	393.76	1.217	0.9347	1.5236	956.43	-0.023742	0.00012885	0.14025	supercritical
379.0	1249.2	1021.5	0.00097893	271.58	393.88	1.2165	0.93486	1.5233	957.57	-0.023805	0.00012906	0.14043	supercritical
379.0	1252.5	1022.1	0.00097838	271.45	394.0	1.216	0.93501	1.523	958.72	-0.023869	0.00012926	0.1406	supercritical
379.0	1255.8	1022.7	0.00097783	271.32	394.11	1.2154	0.93517	1.5227	959.85	-0.023931	0.00012946	0.14077	supercritical
379.0	1259.0	1023.3	0.00097728	271.19	394.23	1.2149	0.93532	1.5224	960.99	-0.023994	0.00012967	0.14094	supercritical
379.0	1262.2	1023.8	0.00097673	271.06	394.35	1.2144	0.93548	1.5221	962.13	-0.024056	0.00012987	0.14112	supercritical
379.0	1265.5	1024.4	0.00097619	270.93	394.47	1.2139	0.93563	1.5218	963.26	-0.024117	0.00013008	0.14129	supercritical
379.0	1268.8	1025.0	0.00097565	270.8	394.59	1.2134	0.93578	1.5215	964.39	-0.024179	0.00013028	0.14146	supercritical
379.0	1272.0	1025.5	0.00097511	270.68	394.71	1.2128	0.93594	1.5212	965.52	-0.024239	0.00013048	0.14163	supercritical
379.0	1275.2	1026.1	0.00097457	270.55	394.83	1.2123	0.93609	1.5209	966.64	-0.0243	0.00013068	0.1418	supercritical
379.0	1278.5	1026.7	0.00097403	270.42	394.95	1.2118	0.93625	1.5206	967.76	-0.02436	0.00013089	0.14198	supercritical
379.0	1281.8	1027.2	0.0009735	270.29	395.07	1.2113	0.9364	1.5203	968.89	-0.02442	0.00013109	0.14215	supercritical
379.0	1285.0	1027.8	0.00097297	270.16	395.19	1.2108	0.93656	1.52	970.0	-0.024479	0.00013129	0.14232	supercritical
379.0	1288.2	1028.3	0.00097244	270.04	395.31	1.2102	0.93671	1.5197	971.12	-0.024538	0.0001315	0.14249	supercritical
379.0	1291.5	1028.9	0.00097191	269.91	395.43	1.2097	0.93687	1.5194	972.24	-0.024597	0.0001317	0.14266	supercritical
379.0	1294.8	1029.5	0.00097138	269.78	395.55	1.2092	0.93702	1.5191	973.35	-0.024655	0.0001319	0.14283	supercritical
379.0	1298.0	1030.0	0.00097086	269.66	395.68	1.2087	0.93718	1.5188	974.46	-0.024713	0.0001321	0.143	supercritical
379.0	1301.2	1030.6	0.00097034	269.53	395.8	1.2082	0.93733	1.5185	975.57	-0.024771	0.0001323	0.14317	supercritical
379.0	1304.5	1031.1	0.00096982	269.41	395.92	1.2077	0.93749	1.5183	976.67	-0.024829	0.00013251	0.14334	supercritical
379.0	1307.8	1031.7	0.0009693	269.28	396.04	1.2072	0.93764	1.518	977.78	-0.024886	0.00013271	0.14351	supercritical
379.0	1311.0	1032.2	0.00096878	269.16	396.17	1.2067	0.9378	1.5177	978.88	-0.024942	0.00013291	0.14368	supercritical
379.0	1314.2	1032.8	0.00096827	269.03	396.29	1.2062	0.93795	1.5174	979.98	-0.024999	0.00013311	0.14385	supercritical
379.0	1317.5	1033.3	0.00096776	268.91	396.41	1.2057	0.93811	1.5171	981.07	-0.025055	0.00013331	0.14402	supercritical
379.0	1320.8	1033.9	0.00096725	268.79	396.54	1.2052	0.93826	1.5169	982.17	-0.02511	0.00013351	0.14419	supercritical
379.0	1324.0	1034.4	0.00096674	268.66	396.66	1.2047	0.93842	1.5166	983.26	-0.025166	0.00013372	0.14436	supercritical
379.0	1327.2	1034.9	0.00096623	268.54	396.79	1.2042	0.93857	1.5163	984.35	-0.025221	0.00013392	0.14453	supercritical
379.0	1330.5	1035.5	0.00096573	268.42	396.91	1.2037	0.93872	1.516	985.44	-0.025275	0.00013412	0.1447	supercritical
379.0	1333.8	1036.0	0.00096522	268.3	397.03	1.2032	0.93888	1.5158	986.53	-0.02533	0.00013432	0.14486	supercritical
379.0	1337.0	1036.6	0.00096472	268.18	397.16	1.2027	0.93903	1.5155	987.61	-0.025384	0.00013452	0.14503	supercritical
379.0	1340.2	1037.1	0.00096422	268.05	397.28	1.2022	0.93919	1.5152	988.7	-0.025438	0.00013472	0.1452	supercritical
379.0	1343.5	1037.6	0.00096372	267.93	397.41	1.2017	0.93934	1.515	989.78	-0.025491	0.00013492	0.14537	supercritical
379.0	1346.8	1038.2	0.00096323	267.81	397.54	1.2012	0.9395	1.5147	990.86	-0.025544	0.00013512	0.14554	supercritical
379.0	1350.0	1038.7	0.00096273	267.69	397.66	1.2007	0.93965	1.5144	991.93	-0.025597	0.00013532	0.14571	supercritical
379.0	1353.2	1039.2	0.00096224	267.57	397.79	1.2002	0.93981	1.5142	993.01	-0.02565	0.00013552	0.14587	supercritical
379.0	1356.5	1039.8	0.00096175	267.45	397.91	1.1997	0.93996	1.5139	994.08	-0.025702	0.00013572	0.14604	supercritical
379.0	1359.8	1040.3	0.00096126	267.33	398.04	1.1992	0.94012	1.5136	995.15	-0.025754	0.00013592	0.14621	supercritical
379.0	1363.0	1040.8	0.00096077	267.21	398.17	1.1987	0.94027	1.5134	996.22	-0.025805	0.00013612	0.14638	supercritical
379.0	1366.2	1041.4	0.00096029	267.09	398.29	1.1982	0.94043	1.5131	997.29	-0.025857	0.00013632	0.14654	supercritical
379.0	1369.5	1041.9	0.00095981	266.98	398.42	1.1977	0.94058	1.5129	998.35	-0.025908	0.00013652	0.14671	supercritical
379.0	1372.8	1042.4	0.00095932	266.86	398.55	1.1973	0.94074	1.5126	999.42	-0.025959	0.00013672	0.14688	supercritical
379.0	1376.0	1042.9	0.00095884	266.74	398.68	1.1968	0.94089	1.5124	1000.5	-0.026009	0.00013692	0.14704	supercritical
379.0	1379.2	1043.4	0.00095836	266.62	398.8	1.1963	0.94105	1.5121	1001.5	-0.026059	0.00013712	0.14721	supercritical
379.0	1382.5	1044.0	0.00095789	266.5	398.93	1.1958	0.9412	1.5119	1002.6	-0.026109	0.00013732	0.14738	supercritical
379.0	1385.8	1044.5	0.00095741	266.39	399.06	1.1953	0.94136	1.5116	1003.6	-0.026159	0.00013752	0.14754	supercritical
379.0	1389.0	1045.0	0.00095694	266.27	399.19	1.1948	0.94151	1.5114	1004.7	-0.026208	0.00013772	0.14771	supercritical
379.0	1392.2	1045.5	0.00095646	266.15	399.32	1.1944	0.94167	1.5111	1005.8	-0.026257	0.00013792	0.14787	supercritical
379.0	1395.5	1046.0	0.00095599	266.04	399.45	1.1939	0.94182	1.5109	1006.8	-0.026306	0.00013812	0.14804	supercritical
379.0	1398.8	1046.5	0.00095552	265.92	399.58	1.1934	0.94198	1.5107	1007.9	-0.026355	0.00013832	0.1482	supercritical
379.0	1402.0	1047.1	0.00095506	265.81	399.71	1.1929	0.94213	1.5104	1008.9	-0.026403	0.00013852	0.14837	supercritical
379.0	1405.2	1047.6	0.00095459	265.69	399.84	1.1924	0.94229	1.5102	1009.9	-0.026451	0.00013871	0.14854	supercritical
379.0	1408.5	1048.1	0.00095412	265.58	399.97	1.192	0.94244	1.5099	1011.0	-0.026499	0.00013891	0.1487	supercritical
379.0	1411.8	1048.6	0.00095366	265.46	400.1	1.1915	0.9426	1.5097	1012.0	-0.026546	0.00013911	0.14887	supercritical
379.0	1415.0	1049.1	0.0009532	265.35	400.23	1.191	0.94275	1.5095	1013.1	-0.026594	0.00013931	0.14903	supercritical
379.0	1418.2	1049.6	0.00095274	265.23	400.36	1.1906	0.94291	1.5092	1014.1	-0.026641	0.00013951	0.14919	supercritical
379.0	1421.5	1050.1	0.00095228	265.12	400.49	1.1901	0.94306	1.509	1015.1	-0.026687	0.00013971	0.14936	supercritical
379.0	1424.8	1050.6	0.00095183	265.01	400.62	1.1896	0.94322	1.5088	1016.2	-0.026734	0.00013991	0.14952	supercritical
379.0	1428.0	1051.1	0.00095137	264.89	400.75	1.1891	0.94337	1.5085	1017.2	-0.02678	0.0001401	0.14969	supercritical
379.0	1431.2	1051.6	0.00095092	264.78	400.88	1.1887	0.94353	1.5083	1018.2	-0.026826	0.0001403	0.14985	supercritical
379.0	1434.5	1052.1	0.00095046	264.67	401.01	1.1882	0.94368	1.5081	1019.3	-0.026872	0.0001405	0.15002	supercritical
379.0	1437.8	1052.6	0.00095001	264.56	401.14	1.1877	0.94384	1.5079	1020.3	-0.026917	0.0001407	0.15018	supercritical
379.0	1441.0	1053.1	0.00094956	264.44	401.28	1.1873	0.94399	1.5076	1021.3	-0.026963	0.0001409	0.15034	supercritical
379.0	1444.2	1053.6	0.00094912	264.33	401.41	1.1868	0.94415	1.5074	1022.3	-0.027008	0.00014109	0.15051	supercritical
379.0	1447.5	1054.1	0.00094867	264.22	401.54	1.1863	0.9443	1.5072	1023.3	-0.027052	0.00014129	0.15067	supercritical
379.0	1450.8	1054.6	0.00094822	264.11	401.67	1.1859	0.94445	1.507	1024.4	-0.027097	0.00014149	0.15083	supercritical
379.0	1454.0	1055.1	0.00094778	264.0	401.81	1.1854	0.94461	1.5067	1025.4	-0.027141	0.00014169	0.151	supercritical
379.0	1457.2	1055.6	0.00094734	263.89	401.94	1.185	0.94476	1.5065	1026.4	-0.027185	0.00014188	0.15116	supercritical
379.0	1460.5	1056.1	0.0009469	263.78	402.07	1.1845	0.94492	1.5063	1027.4	-0.027229	0.00014208	0.15132	supercritical
379.0	1463.8	1056.6	0.00094646	263.67	402.21	1.184	0.94507	1.5061	1028.4	-0.027272	0.00014228	0.15149	supercritical
379.0	1467.0	1057.1	0.00094602	263.56	402.34	1.1836	0.94523	1.5059	1029.4	-0.027316	0.00014248	0.15165	supercritical
379.0	1470.2	1057.5	0.00094558	263.45	402.47	1.1831	0.94538	1.5057	1030.4	-0.027359	0.00014267	0.15181	supercritical
379.0	1473.5	1058.0	0.00094515	263.34	402.61	1.1827	0.94554	1.5054	1031.4	-0.027402	0.00014287	0.15197	supercritical
379.0	1476.8	1058.5	0.00094471	263.23	402.74	1.1822	0.94569	1.5052	1032.4	-0.027444	0.00014307	0.15214	supercritical
379.0	1480.0	1059.0	0.00094428	263.12	402.88	1.1817	0.94585	1.505	1033.5	-0.027487	0.00014326	0.1523	supercritical
379.0	1483.2	1059.5	0.00094385	263.01	403.01	1.1813	0.946	1.5048	1034.5	-0.027529	0.00014346	0.15246	supercritical
379.0	1486.5	1060.0	0.00094342	262.91	403.15	1.1808	0.94616	1.5046	1035.5	-0.027571	0.00014366	0.15262	supercritical
379.0	1489.8	1060.5	0.00094299	262.8	403.28	1.1804	0.94631	1.5044	1036.5	-0.027613	0.00014385	0.15278	supercritical
379.0	1493.0	1060.9	0.00094257	262.69	403.42	1.1799	0.94647	1.5042	1037.4	-0.027654	0.00014405	0.15294	supercritical
379.0	1496.2	1061.4	0.00094214	262.58	403.55	1.1795	0.94662	1.504	1038.4	-0.027696	0.00014425	0.15311	supercritical
379.0	1499.5	1061.9	0.00094172	262.48	403.69	1.179	0.94678	1.5038	1039.4	-0.027737	0.00014444	0.15327	supercritical
379.0	1502.8	1062.4	0.00094129	262.37	403.82	1.1786	0.94693	1.5036	1040.4	-0.027778	0.00014464	0.15343	supercritical
379.0	1506.0	1062.8	0.00094087	262.26	403.96	1.1781	0.94709	1.5034	1041.4	-0.027818	0.00014484	0.15359	supercritical
379.0	1509.2	1063.3	0.00094045	262.16	404.09	1.1777	0.94724	1.5032	1042.4	-0.027859	0.00014503	0.15375	supercritical
379.0	1512.5	1063.8	0.00094003	262.05	404.23	1.1772	0.94739	1.503	1043.4	-0.027899	0.00014523	0.15391	supercritical
379.0	1515.8	1064.3	0.00093961	261.94	404.37	1.1768	0.94755	1.5028	1044.4	-0.027939	0.00014543	0.15407	supercritical
379.0	1519.0	1064.7	0.0009392	261.84	404.5	1.1763	0.9477	1.5026	1045.4	-0.027979	0.00014562	0.15423	supercritical
379.0	1522.2	1065.2	0.00093878	261.73	404.64	1.1759	0.94786	1.5024	1046.3	-0.028019	0.00014582	0.15439	supercritical
379.0	1525.5	1065.7	0.00093837	261.63	404.78	1.1755	0.94801	1.5022	1047.3	-0.028058	0.00014601	0.15455	supercritical
379.0	1528.8	1066.1	0.00093795	261.52	404.91	1.175	0.94817	1.502	1048.3	-0.028097	0.00014621	0.15471	supercritical
379.0	1532.0	1066.6	0.00093754	261.42	405.05	1.1746	0.94832	1.5018	1049.3	-0.028136	0.0001464	0.15487	supercritical
379.0	1535.2	1067.1	0.00093713	261.31	405.19	1.1741	0.94848	1.5016	1050.2	-0.028175	0.0001466	0.15503	supercritical
379.0	1538.5	1067.6	0.00093672	261.21	405.33	1.1737	0.94863	1.5014	1051.2	-0.028214	0.0001468	0.15519	supercritical
379.0	1541.8	1068.0	0.00093632	261.11	405.46	1.1733	0.94878	1.5012	1052.2	-0.028252	0.00014699	0.15535	supercritical
379.0	1545.0	1068.5	0.00093591	261.0	405.6	1.1728	0.94894	1.501	1053.2	-0.028291	0.00014719	0.15551	supercritical
379.0	1548.2	1068.9	0.0009355	260.9	405.74	1.1724	0.94909	1.5008	1054.1	-0.028329	0.00014738	0.15567	supercritical
379.0	1551.5	1069.4	0.0009351	260.8	405.88	1.1719	0.94925	1.5007	1055.1	-0.028367	0.00014758	0.15583	supercritical
379.0	1554.8	1069.9	0.0009347	260.69	406.02	1.1715	0.9494	1.5005	1056.1	-0.028404	0.00014777	0.15599	supercritical
379.0	1558.0	1070.3	0.0009343	260.59	406.15	1.1711	0.94956	1.5003	1057.0	-0.028442	0.00014797	0.15615	supercritical
379.0	1561.2	1070.8	0.00093389	260.49	406.29	1.1706	0.94971	1.5001	1058.0	-0.028479	0.00014816	0.15631	supercritical
379.0	1564.5	1071.2	0.0009335	260.39	406.43	1.1702	0.94987	1.4999	1058.9	-0.028516	0.00014836	0.15647	supercritical
379.0	1567.8	1071.7	0.0009331	260.29	406.57	1.1698	0.95002	1.4997	1059.9	-0.028553	0.00014855	0.15663	supercritical
379.0	1571.0	1072.2	0.0009327	260.18	406.71	1.1693	0.95017	1.4995	1060.9	-0.02859	0.00014875	0.15678	supercritical
379.0	1574.2	1072.6	0.0009323	260.08	406.85	1.1689	0.95033	1.4994	1061.8	-0.028626	0.00014894	0.15694	supercritical
379.0	1577.5	1073.1	0.00093191	259.98	406.99	1.1685	0.95048	1.4992	1062.8	-0.028663	0.00014914	0.1571	supercritical
379.0	1580.8	1073.5	0.00093152	259.88	407.13	1.168	0.95064	1.499	1063.7	-0.028699	0.00014933	0.15726	supercritical
379.0	1584.0	1074.0	0.00093112	259.78	407.27	1.1676	0.95079	1.4988	1064.7	-0.028735	0.00014953	0.15742	supercritical
379.0	1587.2	1074.4	0.00093073	259.68	407.41	1.1672	0.95094	1.4987	1065.6	-0.028771	0.00014972	0.15758	supercritical
379.0	1590.5	1074.9	0.00093034	259.58	407.55	1.1668	0.9511	1.4985	1066.6	-0.028807	0.00014992	0.15773	supercritical
379.0	1593.8	1075.3	0.00092995	259.48	407.69	1.1663	0.95125	1.4983	1067.5	-0.028842	0.00015011	0.15789	supercritical
379.0	1597.0	1075.8	0.00092956	259.38	407.83	1.1659	0.95141	1.4981	1068.5	-0.028877	0.00015031	0.15805	supercritical
379.0	1600.2	1076.2	0.00092918	259.28	407.97	1.1655	0.95156	1.498	1069.4	-0.028912	0.0001505	0.15821	supercritical
379.0	1603.5	1076.7	0.00092879	259.18	408.11	1.165	0.95172	1.4978	1070.4	-0.028947	0.00015069	0.15836	supercritical
379.0	1606.8	1077.1	0.00092841	259.08	408.25	1.1646	0.95187	1.4976	1071.3	-0.028982	0.00015089	0.15852	supercritical
379.0	1610.0	1077.6	0.00092802	258.98	408.39	1.1642	0.95202	1.4974	1072.2	-0.029017	0.00015108	0.15868	supercritical
379.0	1613.2	1078.0	0.00092764	258.88	408.54	1.1638	0.95218	1.4973	1073.2	-0.029051	0.00015128	0.15884	supercritical
379.0	1616.5	1078.4	0.00092726	258.79	408.68	1.1634	0.95233	1.4971	1074.1	-0.029086	0.00015147	0.15899	supercritical
379.0	1619.8	1078.9	0.00092688	258.69	408.82	1.1629	0.95249	1.4969	1075.0	-0.02912	0.00015167	0.15915	supercritical
379.0	1623.0	1079.3	0.0009265	258.59	408.96	1.1625	0.95264	1.4968	1076.0	-0.029154	0.00015186	0.15931	supercritical
379.0	1626.2	1079.8	0.00092612	258.49	409.1	1.1621	0.95279	1.4966	1076.9	-0.029187	0.00015205	0.15946	supercritical
379.0	1629.5	1080.2	0.00092575	258.39	409.24	1.1617	0.95295	1.4964	1077.8	-0.029221	0.00015225	0.15962	supercritical
379.0	1632.8	1080.6	0.00092537	258.3	409.39	1.1613	0.9531	1.4963	1078.8	-0.029254	0.00015244	0.15978	supercritical
379.0	1636.0	1081.1	0.000925	258.2	409.53	1.1608	0.95325	1.4961	1079.7	-0.029288	0.00015264	0.15993	supercritical
379.0	1639.2	1081.5	0.00092462	258.1	409.67	1.1604	0.95341	1.4959	1080.6	-0.029321	0.00015283	0.16009	supercritical
379.0	1642.5	1082.0	0.00092425	258.01	409.81	1.16	0.95356	1.4958	1081.6	-0.029354	0.00015302	0.16025	supercritical
379.0	1645.8	1082.4	0.00092388	257.91	409.96	1.1596	0.95372	1.4956	1082.5	-0.029387	0.00015322	0.1604	supercritical
379.0	1649.0	1082.8	0.00092351	257.81	410.1	1.1592	0.95387	1.4955	1083.4	-0.029419	0.00015341	0.16056	supercritical
379.0	1652.2	1083.3	0.00092314	257.72	410.24	1.1588	0.95402	1.4953	1084.3	-0.029452	0.0001536	0.16071	supercritical
379.0	1655.5	1083.7	0.00092277	257.62	410.39	1.1583	0.95418	1.4951	1085.2	-0.029484	0.0001538	0.16087	supercritical
379.0	1658.8	1084.1	0.0009224	257.53	410.53	1.1579	0.95433	1.495	1086.2	-0.029516	0.00015399	0.16102	supercritical
379.0	1662.0	1084.6	0.00092203	257.43	410.67	1.1575	0.95448	1.4948	1087.1	-0.029548	0.00015418	0.16118	supercritical
379.0	1665.2	1085.0	0.00092167	257.34	410.82	1.1571	0.95464	1.4947	1088.0	-0.02958	0.00015438	0.16134	supercritical
379.0	1668.5	1085.4	0.0009213	257.24	410.96	1.1567	0.95479	1.4945	1088.9	-0.029612	0.00015457	0.16149	supercritical
379.0	1671.8	1085.8	0.00092094	257.15	411.1	1.1563	0.95494	1.4943	1089.8	-0.029644	0.00015476	0.16165	supercritical
379.0	1675.0	1086.3	0.00092058	257.05	411.25	1.1559	0.9551	1.4942	1090.7	-0.029675	0.00015496	0.1618	supercritical
379.0	1678.2	1086.7	0.00092022	256.96	411.39	1.1555	0.95525	1.494	1091.6	-0.029706	0.00015515	0.16196	supercritical
379.0	1681.5	1087.1	0.00091985	256.86	411.54	1.1551	0.9554	1.4939	1092.5	-0.029737	0.00015534	0.16211	supercritical
379.0	1684.8	1087.6	0.00091949	256.77	411.68	1.1547	0.95556	1.4937	1093.5	-0.029768	0.00015554	0.16227	supercritical
379.0	1688.0	1088.0	0.00091914	256.68	411.83	1.1542	0.95571	1.4936	1094.4	-0.029799	0.00015573	0.16242	supercritical
379.0	1691.2	1088.4	0.00091878	256.58	411.97	1.1538	0.95586	1.4934	1095.3	-0.02983	0.00015592	0.16258	supercritical
379.0	1694.5	1088.8	0.00091842	256.49	412.12	1.1534	0.95602	1.4933	1096.2	-0.029861	0.00015611	0.16273	supercritical
379.0	1697.8	1089.2	0.00091807	256.4	412.26	1.153	0.95617	1.4931	1097.1	-0.029891	0.00015631	0.16288	supercritical
379.0	1701.0	1089.7	0.00091771	256.3	412.41	1.1526	0.95632	1.493	1098.0	-0.029921	0.0001565	0.16304	supercritical
379.0	1704.2	1090.1	0.00091736	256.21	412.55	1.1522	0.95648	1.4928	1098.9	-0.029951	0.00015669	0.16319	supercritical
379.0	1707.5	1090.5	0.000917	256.12	412.7	1.1518	0.95663	1.4927	1099.8	-0.029981	0.00015689	0.16335	supercritical
379.0	1710.8	1090.9	0.00091665	256.03	412.84	1.1514	0.95678	1.4925	1100.7	-0.030011	0.00015708	0.1635	supercritical
379.0	1714.0	1091.3	0.0009163	255.93	412.99	1.151	0.95694	1.4924	1101.6	-0.030041	0.00015727	0.16366	supercritical
379.0	1717.2	1091.8	0.00091595	255.84	413.13	1.1506	0.95709	1.4923	1102.5	-0.03007	0.00015746	0.16381	supercritical
379.0	1720.5	1092.2	0.0009156	255.75	413.28	1.1502	0.95724	1.4921	1103.3	-0.0301	0.00015766	0.16396	supercritical
379.0	1723.8	1092.6	0.00091525	255.66	413.42	1.1498	0.9574	1.492	1104.2	-0.030129	0.00015785	0.16412	supercritical
379.0	1727.0	1093.0	0.0009149	255.57	413.57	1.1494	0.95755	1.4918	1105.1	-0.030158	0.00015804	0.16427	supercritical
379.0	1730.2	1093.4	0.00091456	255.48	413.72	1.149	0.9577	1.4917	1106.0	-0.030187	0.00015823	0.16442	supercritical
379.0	1733.5	1093.8	0.00091421	255.38	413.86	1.1486	0.95786	1.4915	1106.9	-0.030216	0.00015843	0.16458	supercritical
379.0	1736.8	1094.3	0.00091387	255.29	414.01	1.1482	0.95801	1.4914	1107.8	-0.030245	0.00015862	0.16473	supercritical
379.0	1740.0	1094.7	0.00091352	255.2	414.16	1.1478	0.95816	1.4913	1108.7	-0.030274	0.00015881	0.16488	supercritical
379.0	1743.2	1095.1	0.00091318	255.11	414.3	1.1474	0.95831	1.4911	1109.6	-0.030302	0.000159	0.16504	supercritical
379.0	1746.5	1095.5	0.00091284	255.02	414.45	1.147	0.95847	1.491	1110.4	-0.03033	0.00015919	0.16519	supercritical
379.0	1749.8	1095.9	0.0009125	254.93	414.6	1.1466	0.95862	1.4909	1111.3	-0.030359	0.00015939	0.16534	supercritical
379.0	1753.0	1096.3	0.00091216	254.84	414.74	1.1462	0.95877	1.4907	1112.2	-0.030387	0.00015958	0.16549	supercritical
379.0	1756.2	1096.7	0.00091182	254.75	414.89	1.1459	0.95893	1.4906	1113.1	-0.030415	0.00015977	0.16565	supercritical
379.0	1759.5	1097.1	0.00091148	254.66	415.04	1.1455	0.95908	1.4904	1114.0	-0.030443	0.00015996	0.1658	supercritical
379.0	1762.8	1097.5	0.00091114	254.58	415.19	1.1451	0.95923	1.4903	1114.8	-0.03047	0.00016015	0.16595	supercritical
379.0	1766.0	1097.9	0.0009108	254.49	415.33	1.1447	0.95938	1.4902	1115.7	-0.030498	0.00016035	0.16611	supercritical
379.0	1769.2	1098.3	0.00091047	254.4	415.48	1.1443	0.95954	1.49	1116.6	-0.030525	0.00016054	0.16626	supercritical
379.0	1772.5	1098.7	0.00091013	254.31	415.63	1.1439	0.95969	1.4899	1117.5	-0.030553	0.00016073	0.16641	supercritical
379.0	1775.8	1099.1	0.0009098	254.22	415.78	1.1435	0.95984	1.4898	1118.3	-0.03058	0.00016092	0.16656	supercritical
379.0	1779.0	1099.5	0.00090947	254.13	415.93	1.1431	0.95999	1.4896	1119.2	-0.030607	0.00016111	0.16671	supercritical
379.0	1782.2	1099.9	0.00090913	254.04	416.07	1.1427	0.96015	1.4895	1120.1	-0.030634	0.0001613	0.16687	supercritical
379.0	1785.5	1100.4	0.0009088	253.96	416.22	1.1423	0.9603	1.4894	1120.9	-0.030661	0.0001615	0.16702	supercritical
379.0	1788.8	1100.8	0.00090847	253.87	416.37	1.142	0.96045	1.4893	1121.8	-0.030688	0.00016169	0.16717	supercritical
379.0	1792.0	1101.2	0.00090814	253.78	416.52	1.1416	0.9606	1.4891	1122.7	-0.030714	0.00016188	0.16732	supercritical
379.0	1795.2	1101.6	0.00090781	253.69	416.67	1.1412	0.96076	1.489	1123.5	-0.030741	0.00016207	0.16747	supercritical
379.0	1798.5	1101.9	0.00090748	253.61	416.82	1.1408	0.96091	1.4889	1124.4	-0.030767	0.00016226	0.16762	supercritical
379.0	1801.8	1102.3	0.00090716	253.52	416.97	1.1404	0.96106	1.4887	1125.2	-0.030793	0.00016245	0.16778	supercritical
379.0	1805.0	1102.7	0.00090683	253.43	417.12	1.14	0.96121	1.4886	1126.1	-0.030819	0.00016265	0.16793	supercritical
379.0	1808.2	1103.1	0.0009065	253.35	417.26	1.1396	0.96136	1.4885	1127.0	-0.030845	0.00016284	0.16808	supercritical
379.0	1811.5	1103.5	0.00090618	253.26	417.41	1.1393	0.96152	1.4884	1127.8	-0.030871	0.00016303	0.16823	supercritical
379.0	1814.8	1103.9	0.00090585	253.17	417.56	1.1389	0.96167	1.4882	1128.7	-0.030897	0.00016322	0.16838	supercritical
379.0	1818.0	1104.3	0.00090553	253.09	417.71	1.1385	0.96182	1.4881	1129.5	-0.030923	0.00016341	0.16853	supercritical
379.0	1821.2	1104.7	0.00090521	253.0	417.86	1.1381	0.96197	1.488	1130.4	-0.030948	0.0001636	0.16868	supercritical
379.0	1824.5	1105.1	0.00090488	252.92	418.01	1.1377	0.96212	1.4879	1131.2	-0.030974	0.00016379	0.16883	supercritical
379.0	1827.8	1105.5	0.00090456	252.83	418.16	1.1373	0.96228	1.4878	1132.1	-0.030999	0.00016398	0.16898	supercritical
379.0	1831.0	1105.9	0.00090424	252.74	418.31	1.137	0.96243	1.4876	1132.9	-0.031024	0.00016418	0.16913	supercritical
379.0	1834.2	1106.3	0.00090392	252.66	418.46	1.1366	0.96258	1.4875	1133.8	-0.031049	0.00016437	0.16929	supercritical
379.0	1837.5	1106.7	0.0009036	252.57	418.61	1.1362	0.96273	1.4874	1134.6	-0.031074	0.00016456	0.16944	supercritical
379.0	1840.8	1107.1	0.00090329	252.49	418.76	1.1358	0.96288	1.4873	1135.5	-0.031099	0.00016475	0.16959	supercritical
379.0	1844.0	1107.5	0.00090297	252.41	418.91	1.1355	0.96304	1.4872	1136.3	-0.031124	0.00016494	0.16974	supercritical
379.0	1847.2	1107.8	0.00090265	252.32	419.06	1.1351	0.96319	1.487	1137.2	-0.031149	0.00016513	0.16989	supercritical
379.0	1850.5	1108.2	0.00090234	252.24	419.21	1.1347	0.96334	1.4869	1138.0	-0.031173	0.00016532	0.17004	supercritical
379.0	1853.8	1108.6	0.00090202	252.15	419.36	1.1343	0.96349	1.4868	1138.9	-0.031198	0.00016551	0.17019	supercritical
379.0	1857.0	1109.0	0.00090171	252.07	419.52	1.1339	0.96364	1.4867	1139.7	-0.031222	0.0001657	0.17034	supercritical
379.0	1860.2	1109.4	0.00090139	251.98	419.67	1.1336	0.96379	1.4866	1140.5	-0.031246	0.00016589	0.17049	supercritical
379.0	1863.5	1109.8	0.00090108	251.9	419.82	1.1332	0.96395	1.4865	1141.4	-0.03127	0.00016608	0.17064	supercritical
379.0	1866.8	1110.2	0.00090077	251.82	419.97	1.1328	0.9641	1.4863	1142.2	-0.031294	0.00016628	0.17079	supercritical
379.0	1870.0	1110.5	0.00090046	251.73	420.12	1.1325	0.96425	1.4862	1143.1	-0.031318	0.00016647	0.17094	supercritical
379.0	1873.2	1110.9	0.00090015	251.65	420.27	1.1321	0.9644	1.4861	1143.9	-0.031342	0.00016666	0.17109	supercritical
379.0	1876.5	1111.3	0.00089984	251.57	420.42	1.1317	0.96455	1.486	1144.7	-0.031366	0.00016685	0.17123	supercritical
379.0	1879.8	1111.7	0.00089953	251.48	420.57	1.1313	0.9647	1.4859	1145.6	-0.031389	0.00016704	0.17138	supercritical
379.0	1883.0	1112.1	0.00089922	251.4	420.73	1.131	0.96485	1.4858	1146.4	-0.031413	0.00016723	0.17153	supercritical
379.0	1886.2	1112.5	0.00089891	251.32	420.88	1.1306	0.96501	1.4857	1147.2	-0.031436	0.00016742	0.17168	supercritical
379.0	1889.5	1112.8	0.00089861	251.24	421.03	1.1302	0.96516	1.4856	1148.1	-0.03146	0.00016761	0.17183	supercritical
379.0	1892.8	1113.2	0.0008983	251.16	421.18	1.1299	0.96531	1.4854	1148.9	-0.031483	0.0001678	0.17198	supercritical
379.0	1896.0	1113.6	0.00089799	251.07	421.33	1.1295	0.96546	1.4853	1149.7	-0.031506	0.00016799	0.17213	supercritical
379.0	1899.2	1114.0	0.00089769	250.99	421.49	1.1291	0.96561	1.4852	1150.5	-0.031529	0.00016818	0.17228	supercritical
379.0	1902.5	1114.3	0.00089739	250.91	421.64	1.1287	0.96576	1.4851	1151.4	-0.031552	0.00016837	0.17243	supercritical
379.0	1905.8	1114.7	0.00089708	250.83	421.79	1.1284	0.96591	1.485	1152.2	-0.031575	0.00016856	0.17258	supercritical
379.0	1909.0	1115.1	0.00089678	250.75	421.94	1.128	0.96606	1.4849	1153.0	-0.031597	0.00016875	0.17273	supercritical
379.0	1912.2	1115.5	0.00089648	250.67	422.09	1.1276	0.96621	1.4848	1153.8	-0.03162	0.00016894	0.17287	supercritical
379.0	1915.5	1115.9	0.00089618	250.58	422.25	1.1273	0.96637	1.4847	1154.7	-0.031642	0.00016913	0.17302	supercritical
379.0	1918.8	1116.2	0.00089588	250.5	422.4	1.1269	0.96652	1.4846	1155.5	-0.031665	0.00016932	0.17317	supercritical
379.0	1922.0	1116.6	0.00089558	250.42	422.55	1.1266	0.96667	1.4845	1156.3	-0.031687	0.00016951	0.17332	supercritical
379.0	1925.2	1117.0	0.00089528	250.34	422.71	1.1262	0.96682	1.4844	1157.1	-0.031709	0.0001697	0.17347	supercritical
379.0	1928.5	1117.3	0.00089498	250.26	422.86	1.1258	0.96697	1.4843	1157.9	-0.031731	0.00016989	0.17362	supercritical
379.0	1931.8	1117.7	0.00089468	250.18	423.01	1.1255	0.96712	1.4842	1158.7	-0.031753	0.00017008	0.17376	supercritical
379.0	1935.0	1118.1	0.00089438	250.1	423.17	1.1251	0.96727	1.4841	1159.6	-0.031775	0.00017027	0.17391	supercritical
379.0	1938.2	1118.5	0.00089409	250.02	423.32	1.1247	0.96742	1.484	1160.4	-0.031797	0.00017046	0.17406	supercritical
379.0	1941.5	1118.8	0.00089379	249.94	423.47	1.1244	0.96757	1.4839	1161.2	-0.031819	0.00017065	0.17421	supercritical
379.0	1944.8	1119.2	0.0008935	249.86	423.63	1.124	0.96772	1.4837	1162.0	-0.031841	0.00017084	0.17436	supercritical
379.0	1948.0	1119.6	0.0008932	249.78	423.78	1.1237	0.96787	1.4836	1162.8	-0.031862	0.00017103	0.1745	supercritical
379.0	1951.2	1119.9	0.00089291	249.7	423.93	1.1233	0.96802	1.4835	1163.6	-0.031884	0.00017122	0.17465	supercritical
379.0	1954.5	1120.3	0.00089262	249.62	424.09	1.1229	0.96817	1.4834	1164.4	-0.031905	0.00017141	0.1748	supercritical
379.0	1957.8	1120.7	0.00089232	249.55	424.24	1.1226	0.96832	1.4833	1165.2	-0.031926	0.0001716	0.17495	supercritical
379.0	1961.0	1121.0	0.00089203	249.47	424.39	1.1222	0.96847	1.4832	1166.0	-0.031947	0.00017179	0.17509	supercritical
379.0	1964.2	1121.4	0.00089174	249.39	424.55	1.1219	0.96863	1.4831	1166.8	-0.031969	0.00017198	0.17524	supercritical
379.0	1967.5	1121.8	0.00089145	249.31	424.7	1.1215	0.96878	1.483	1167.7	-0.03199	0.00017217	0.17539	supercritical
379.0	1970.8	1122.1	0.00089116	249.23	424.86	1.1211	0.96893	1.483	1168.5	-0.032011	0.00017236	0.17554	supercritical
379.0	1974.0	1122.5	0.00089087	249.15	425.01	1.1208	0.96908	1.4829	1169.3	-0.032031	0.00017255	0.17568	supercritical
379.0	1977.2	1122.9	0.00089058	249.07	425.17	1.1204	0.96923	1.4828	1170.1	-0.032052	0.00017274	0.17583	supercritical
379.0	1980.5	1123.2	0.0008903	249.0	425.32	1.1201	0.96938	1.4827	1170.9	-0.032073	0.00017293	0.17598	supercritical
379.0	1983.8	1123.6	0.00089001	248.92	425.47	1.1197	0.96953	1.4826	1171.7	-0.032093	0.00017312	0.17612	supercritical
379.0	1987.0	1123.9	0.00088972	248.84	425.63	1.1194	0.96968	1.4825	1172.5	-0.032114	0.00017331	0.17627	supercritical
379.0	1990.2	1124.3	0.00088944	248.76	425.78	1.119	0.96983	1.4824	1173.3	-0.032134	0.0001735	0.17642	supercritical
379.0	1993.5	1124.7	0.00088915	248.69	425.94	1.1187	0.96998	1.4823	1174.1	-0.032155	0.00017369	0.17656	supercritical
379.0	1996.8	1125.0	0.00088887	248.61	426.09	1.1183	0.97013	1.4822	1174.8	-0.032175	0.00017388	0.17671	supercritical
379.0	2000.0	1125.4	0.00088858	248.53	426.25	1.1179	0.97028	1.4821	1175.6	-0.032195	0.00017407	0.17686	supercritical
