Temperature (K)	Pressure (bar)	Density (kg/m3)	Volume (m3/kg)	Internal Energy (kJ/kg)	Enthalpy (kJ/kg)	Entropy (J/g*K)	Cv (J/g*K)	Cp (J/g*K)	Sound Spd. (m/s)	Joule-Thomson (K/bar)	Viscosity (Pa*s)	Therm. Cond. (W/m*K)	Phase
721.0	56.5	41.418	0.024144	789.85	926.26	2.8418	0.95171	1.1629	408.88	0.11423	3.2837e-05	0.052036	vapor
721.0	59.75	43.793	0.022835	789.39	925.83	2.8306	0.95198	1.1645	409.2	0.11355	3.2873e-05	0.052121	vapor
721.0	63.0	46.166	0.021661	788.94	925.4	2.82	0.95224	1.166	409.52	0.11288	3.291e-05	0.052206	vapor
721.0	66.25	48.539	0.020602	788.48	924.97	2.8099	0.95251	1.1675	409.85	0.11221	3.2946e-05	0.052289	vapor
721.0	69.5	50.909	0.019643	788.03	924.55	2.8002	0.95277	1.169	410.19	0.11155	3.2983e-05	0.052373	vapor
721.0	72.75	53.279	0.018769	787.58	924.13	2.791	0.95303	1.1706	410.53	0.11088	3.3021e-05	0.052456	vapor
721.0	76.0	55.646	0.017971	787.13	923.71	2.7821	0.9533	1.1721	410.87	0.11022	3.3058e-05	0.052538	vapor
721.0	76.0	55.646	0.017971	787.13	923.71	2.7821	0.9533	1.1721	410.87	0.11022	3.3058e-05	0.052538	supercritical
721.0	76.0	55.646	0.017971	787.13	923.71	2.7821	0.9533	1.1721	410.87	0.11022	3.3058e-05	0.052538	supercritical
721.0	79.25	58.013	0.017238	786.68	923.29	2.7736	0.95356	1.1736	411.22	0.10955	3.3096e-05	0.05262	supercritical
721.0	82.5	60.377	0.016563	786.23	922.87	2.7654	0.95382	1.1751	411.58	0.10889	3.3135e-05	0.052702	supercritical
721.0	85.75	62.74	0.015939	785.78	922.45	2.7575	0.95408	1.1766	411.94	0.10823	3.3173e-05	0.052783	supercritical
721.0	89.0	65.101	0.015361	785.33	922.04	2.7499	0.95434	1.1781	412.3	0.10757	3.3212e-05	0.052865	supercritical
721.0	92.25	67.46	0.014823	784.88	921.63	2.7425	0.9546	1.1796	412.67	0.10692	3.3252e-05	0.052946	supercritical
721.0	95.5	69.818	0.014323	784.44	921.22	2.7354	0.95486	1.1811	413.05	0.10626	3.3292e-05	0.053027	supercritical
721.0	98.75	72.173	0.013856	783.99	920.81	2.7285	0.95511	1.1826	413.43	0.10561	3.3332e-05	0.053107	supercritical
721.0	102.0	74.527	0.013418	783.55	920.41	2.7218	0.95537	1.1841	413.81	0.10495	3.3372e-05	0.053188	supercritical
721.0	105.25	76.878	0.013008	783.1	920.01	2.7152	0.95563	1.1856	414.21	0.1043	3.3413e-05	0.053268	supercritical
721.0	108.5	79.227	0.012622	782.66	919.61	2.7089	0.95588	1.1871	414.6	0.10365	3.3454e-05	0.053349	supercritical
721.0	111.75	81.574	0.012259	782.22	919.21	2.7028	0.95614	1.1886	415.0	0.10299	3.3496e-05	0.053429	supercritical
721.0	115.0	83.919	0.011916	781.77	918.81	2.6968	0.95639	1.1901	415.41	0.10234	3.3538e-05	0.05351	supercritical
721.0	118.25	86.261	0.011593	781.33	918.42	2.6909	0.95664	1.1915	415.82	0.10169	3.358e-05	0.05359	supercritical
721.0	121.5	88.601	0.011287	780.89	918.02	2.6852	0.95689	1.193	416.23	0.10104	3.3623e-05	0.053671	supercritical
721.0	124.75	90.938	0.010996	780.45	917.63	2.6796	0.95714	1.1945	416.65	0.1004	3.3666e-05	0.053751	supercritical
721.0	128.0	93.274	0.010721	780.01	917.24	2.6742	0.9574	1.1959	417.08	0.099748	3.371e-05	0.053832	supercritical
721.0	131.25	95.606	0.01046	779.57	916.86	2.6689	0.95764	1.1974	417.51	0.099101	3.3754e-05	0.053913	supercritical
721.0	134.5	97.936	0.010211	779.14	916.47	2.6637	0.95789	1.1988	417.95	0.098454	3.3798e-05	0.053994	supercritical
721.0	137.75	100.26	0.0099738	778.7	916.09	2.6586	0.95814	1.2003	418.39	0.097808	3.3843e-05	0.054075	supercritical
721.0	141.0	102.59	0.0097478	778.27	915.71	2.6537	0.95839	1.2017	418.84	0.097162	3.3888e-05	0.054157	supercritical
721.0	144.25	104.91	0.0095321	777.83	915.33	2.6488	0.95863	1.2031	419.29	0.096517	3.3933e-05	0.054239	supercritical
721.0	147.5	107.23	0.0093259	777.4	914.95	2.644	0.95888	1.2046	419.74	0.095873	3.3979e-05	0.054321	supercritical
721.0	150.75	109.54	0.0091288	776.96	914.58	2.6393	0.95912	1.206	420.2	0.095228	3.4026e-05	0.054403	supercritical
721.0	154.0	111.86	0.00894	776.53	914.21	2.6347	0.95937	1.2074	420.67	0.094585	3.4072e-05	0.054485	supercritical
721.0	157.25	114.17	0.0087592	776.1	913.84	2.6302	0.95961	1.2088	421.14	0.093941	3.412e-05	0.054568	supercritical
721.0	160.5	116.47	0.0085857	775.67	913.47	2.6258	0.95985	1.2102	421.62	0.093298	3.4167e-05	0.054651	supercritical
721.0	163.75	118.78	0.0084192	775.24	913.1	2.6215	0.96009	1.2116	422.1	0.092656	3.4215e-05	0.054735	supercritical
721.0	167.0	121.08	0.0082592	774.81	912.74	2.6172	0.96033	1.213	422.59	0.092014	3.4264e-05	0.054819	supercritical
721.0	170.25	123.37	0.0081054	774.38	912.38	2.613	0.96057	1.2144	423.08	0.091372	3.4312e-05	0.054903	supercritical
721.0	173.5	125.67	0.0079575	773.96	912.02	2.6089	0.96081	1.2158	423.58	0.090731	3.4362e-05	0.054988	supercritical
721.0	176.75	127.96	0.0078151	773.53	911.66	2.6049	0.96104	1.2171	424.08	0.09009	3.4411e-05	0.055073	supercritical
721.0	180.0	130.25	0.0076778	773.1	911.31	2.6009	0.96128	1.2185	424.59	0.08945	3.4462e-05	0.055158	supercritical
721.0	183.25	132.53	0.0075455	772.68	910.95	2.597	0.96152	1.2199	425.1	0.08881	3.4512e-05	0.055244	supercritical
721.0	186.5	134.81	0.0074179	772.26	910.6	2.5931	0.96175	1.2212	425.62	0.088171	3.4563e-05	0.055331	supercritical
721.0	189.75	137.08	0.0072948	771.83	910.25	2.5893	0.96198	1.2226	426.14	0.087532	3.4614e-05	0.055418	supercritical
721.0	193.0	139.36	0.0071758	771.41	909.91	2.5856	0.96222	1.2239	426.67	0.086894	3.4666e-05	0.055505	supercritical
721.0	196.25	141.63	0.0070608	770.99	909.56	2.5819	0.96245	1.2253	427.2	0.086256	3.4719e-05	0.055593	supercritical
721.0	199.5	143.89	0.0069497	770.57	909.22	2.5782	0.96268	1.2266	427.74	0.085619	3.4771e-05	0.055681	supercritical
721.0	202.75	146.15	0.0068421	770.15	908.88	2.5747	0.96291	1.2279	428.28	0.084982	3.4824e-05	0.05577	supercritical
721.0	206.0	148.41	0.0067381	769.74	908.54	2.5711	0.96314	1.2292	428.83	0.084346	3.4878e-05	0.055859	supercritical
721.0	209.25	150.66	0.0066373	769.32	908.21	2.5676	0.96337	1.2305	429.38	0.083711	3.4932e-05	0.055949	supercritical
721.0	212.5	152.91	0.0065396	768.9	907.87	2.5642	0.96359	1.2318	429.94	0.083076	3.4986e-05	0.056039	supercritical
721.0	215.75	155.16	0.006445	768.49	907.54	2.5608	0.96382	1.2331	430.5	0.082442	3.5041e-05	0.05613	supercritical
721.0	219.0	157.4	0.0063532	768.08	907.21	2.5575	0.96405	1.2344	431.07	0.081809	3.5097e-05	0.056222	supercritical
721.0	222.25	159.64	0.0062642	767.66	906.88	2.5542	0.96427	1.2357	431.64	0.081176	3.5152e-05	0.056314	supercritical
721.0	225.5	161.87	0.0061777	767.25	906.56	2.5509	0.96449	1.2369	432.22	0.080544	3.5208e-05	0.056406	supercritical
721.0	228.75	164.1	0.0060938	766.84	906.24	2.5477	0.96472	1.2382	432.81	0.079913	3.5265e-05	0.056499	supercritical
721.0	232.0	166.33	0.0060123	766.43	905.92	2.5446	0.96494	1.2395	433.39	0.079283	3.5322e-05	0.056593	supercritical
721.0	235.25	168.55	0.0059331	766.02	905.6	2.5414	0.96516	1.2407	433.99	0.078654	3.538e-05	0.056687	supercritical
721.0	238.5	170.76	0.0058561	765.61	905.28	2.5383	0.96538	1.242	434.59	0.078025	3.5438e-05	0.056782	supercritical
721.0	241.75	172.97	0.0057812	765.21	904.97	2.5353	0.9656	1.2432	435.19	0.077398	3.5496e-05	0.056877	supercritical
721.0	245.0	175.18	0.0057084	764.8	904.66	2.5322	0.96582	1.2444	435.8	0.076771	3.5555e-05	0.056973	supercritical
721.0	248.25	177.38	0.0056375	764.39	904.35	2.5293	0.96603	1.2456	436.41	0.076146	3.5614e-05	0.05707	supercritical
721.0	251.5	179.58	0.0055685	763.99	904.04	2.5263	0.96625	1.2468	437.03	0.075521	3.5674e-05	0.057167	supercritical
721.0	254.75	181.77	0.0055013	763.59	903.73	2.5234	0.96646	1.248	437.66	0.074898	3.5734e-05	0.057264	supercritical
721.0	258.0	183.96	0.0054359	763.19	903.43	2.5205	0.96668	1.2492	438.29	0.074276	3.5794e-05	0.057362	supercritical
721.0	261.25	186.15	0.0053721	762.79	903.13	2.5177	0.96689	1.2504	438.92	0.073655	3.5855e-05	0.057461	supercritical
721.0	264.5	188.33	0.0053099	762.39	902.83	2.5148	0.96711	1.2516	439.56	0.073035	3.5917e-05	0.05756	supercritical
721.0	267.75	190.5	0.0052493	761.99	902.54	2.512	0.96732	1.2528	440.2	0.072417	3.5979e-05	0.05766	supercritical
721.0	271.0	192.67	0.0051902	761.59	902.24	2.5093	0.96753	1.2539	440.85	0.0718	3.6041e-05	0.057761	supercritical
721.0	274.25	194.84	0.0051325	761.19	901.95	2.5065	0.96774	1.2551	441.5	0.071184	3.6104e-05	0.057862	supercritical
721.0	277.5	197.0	0.0050763	760.8	901.66	2.5038	0.96795	1.2562	442.16	0.07057	3.6167e-05	0.057963	supercritical
721.0	280.75	199.15	0.0050213	760.4	901.38	2.5012	0.96816	1.2574	442.82	0.069957	3.6231e-05	0.058065	supercritical
721.0	284.0	201.3	0.0049677	760.01	901.09	2.4985	0.96836	1.2585	443.49	0.069346	3.6295e-05	0.058168	supercritical
721.0	287.25	203.45	0.0049153	759.62	900.81	2.4959	0.96857	1.2596	444.16	0.068736	3.6359e-05	0.058271	supercritical
721.0	290.5	205.59	0.0048642	759.22	900.53	2.4933	0.96878	1.2607	444.84	0.068128	3.6424e-05	0.058375	supercritical
721.0	293.75	207.72	0.0048142	758.83	900.25	2.4907	0.96898	1.2618	445.52	0.067521	3.6489e-05	0.058479	supercritical
721.0	297.0	209.85	0.0047653	758.44	899.97	2.4882	0.96919	1.2629	446.21	0.066916	3.6555e-05	0.058584	supercritical
721.0	300.25	211.97	0.0047176	758.06	899.7	2.4857	0.96939	1.264	446.9	0.066313	3.6621e-05	0.05869	supercritical
721.0	303.5	214.09	0.0046709	757.67	899.43	2.4832	0.96959	1.2651	447.59	0.065712	3.6688e-05	0.058796	supercritical
721.0	306.75	216.21	0.0046252	757.28	899.16	2.4807	0.96979	1.2662	448.29	0.065112	3.6755e-05	0.058902	supercritical
721.0	310.0	218.32	0.0045805	756.9	898.89	2.4783	0.96999	1.2672	449.0	0.064514	3.6822e-05	0.059009	supercritical
721.0	313.25	220.42	0.0045368	756.51	898.63	2.4759	0.97019	1.2683	449.71	0.063918	3.689e-05	0.059117	supercritical
721.0	316.5	222.52	0.004494	756.13	898.37	2.4735	0.97039	1.2693	450.42	0.063325	3.6959e-05	0.059225	supercritical
721.0	319.75	224.61	0.0044521	755.75	898.11	2.4711	0.97059	1.2704	451.14	0.062733	3.7027e-05	0.059333	supercritical
721.0	323.0	226.7	0.0044112	755.37	897.85	2.4687	0.97079	1.2714	451.86	0.062143	3.7096e-05	0.059442	supercritical
721.0	326.25	228.78	0.004371	754.99	897.59	2.4664	0.97098	1.2724	452.59	0.061555	3.7166e-05	0.059552	supercritical
721.0	329.5	230.86	0.0043317	754.61	897.34	2.4641	0.97118	1.2734	453.32	0.060969	3.7236e-05	0.059662	supercritical
721.0	332.75	232.93	0.0042932	754.23	897.09	2.4618	0.97137	1.2745	454.06	0.060385	3.7306e-05	0.059772	supercritical
721.0	336.0	234.99	0.0042554	753.86	896.84	2.4595	0.97157	1.2755	454.8	0.059804	3.7377e-05	0.059883	supercritical
721.0	339.25	237.05	0.0042185	753.48	896.59	2.4573	0.97176	1.2764	455.54	0.059224	3.7448e-05	0.059995	supercritical
721.0	342.5	239.11	0.0041822	753.11	896.35	2.455	0.97195	1.2774	456.29	0.058647	3.752e-05	0.060107	supercritical
721.0	345.75	241.16	0.0041467	752.73	896.11	2.4528	0.97214	1.2784	457.04	0.058073	3.7592e-05	0.060219	supercritical
721.0	349.0	243.2	0.0041119	752.36	895.87	2.4506	0.97234	1.2794	457.8	0.0575	3.7664e-05	0.060332	supercritical
721.0	352.25	245.24	0.0040777	751.99	895.63	2.4485	0.97253	1.2803	458.56	0.05693	3.7737e-05	0.060445	supercritical
721.0	355.5	247.27	0.0040442	751.62	895.39	2.4463	0.97271	1.2813	459.32	0.056362	3.781e-05	0.060559	supercritical
721.0	358.75	249.3	0.0040113	751.25	895.16	2.4442	0.9729	1.2822	460.09	0.055797	3.7884e-05	0.060673	supercritical
721.0	362.0	251.32	0.0039791	750.88	894.93	2.442	0.97309	1.2832	460.86	0.055234	3.7957e-05	0.060788	supercritical
721.0	365.25	253.33	0.0039474	750.52	894.7	2.4399	0.97328	1.2841	461.64	0.054674	3.8032e-05	0.060903	supercritical
721.0	368.5	255.34	0.0039163	750.15	894.47	2.4378	0.97346	1.285	462.42	0.054116	3.8107e-05	0.061018	supercritical
721.0	371.75	257.34	0.0038859	749.79	894.25	2.4358	0.97365	1.2859	463.2	0.05356	3.8182e-05	0.061134	supercritical
721.0	375.0	259.34	0.0038559	749.43	894.02	2.4337	0.97383	1.2868	463.99	0.053008	3.8257e-05	0.06125	supercritical
721.0	378.25	261.33	0.0038265	749.06	893.8	2.4317	0.97402	1.2877	464.78	0.052457	3.8333e-05	0.061367	supercritical
721.0	381.5	263.32	0.0037977	748.7	893.58	2.4297	0.9742	1.2886	465.58	0.05191	3.8409e-05	0.061484	supercritical
721.0	384.75	265.3	0.0037693	748.34	893.37	2.4277	0.97438	1.2895	466.37	0.051365	3.8486e-05	0.061601	supercritical
721.0	388.0	267.27	0.0037415	747.98	893.15	2.4257	0.97456	1.2904	467.18	0.050823	3.8563e-05	0.061719	supercritical
721.0	391.25	269.24	0.0037141	747.63	892.94	2.4237	0.97474	1.2912	467.98	0.050283	3.864e-05	0.061837	supercritical
721.0	394.5	271.21	0.0036872	747.27	892.73	2.4217	0.97492	1.2921	468.79	0.049746	3.8718e-05	0.061955	supercritical
721.0	397.75	273.16	0.0036608	746.91	892.52	2.4198	0.9751	1.2929	469.6	0.049212	3.8796e-05	0.062074	supercritical
721.0	401.0	275.11	0.0036349	746.56	892.32	2.4179	0.97528	1.2938	470.42	0.048681	3.8874e-05	0.062193	supercritical
721.0	404.25	277.06	0.0036093	746.21	892.11	2.4159	0.97546	1.2946	471.24	0.048152	3.8953e-05	0.062312	supercritical
721.0	407.5	279.0	0.0035842	745.85	891.91	2.414	0.97564	1.2954	472.06	0.047626	3.9032e-05	0.062432	supercritical
721.0	410.75	280.93	0.0035596	745.5	891.71	2.4122	0.97581	1.2963	472.89	0.047103	3.9112e-05	0.062552	supercritical
721.0	414.0	282.86	0.0035353	745.15	891.52	2.4103	0.97599	1.2971	473.71	0.046583	3.9192e-05	0.062672	supercritical
721.0	417.25	284.78	0.0035115	744.8	891.32	2.4084	0.97616	1.2979	474.55	0.046066	3.9272e-05	0.062792	supercritical
721.0	420.5	286.7	0.003488	744.46	891.13	2.4066	0.97634	1.2987	475.38	0.045552	3.9353e-05	0.062913	supercritical
721.0	423.75	288.61	0.0034649	744.11	890.94	2.4047	0.97651	1.2995	476.22	0.04504	3.9433e-05	0.063034	supercritical
721.0	427.0	290.51	0.0034422	743.76	890.75	2.4029	0.97669	1.3003	477.06	0.044532	3.9515e-05	0.063155	supercritical
721.0	430.25	292.41	0.0034199	743.42	890.56	2.4011	0.97686	1.301	477.91	0.044026	3.9596e-05	0.063277	supercritical
721.0	433.5	294.3	0.0033979	743.08	890.37	2.3993	0.97703	1.3018	478.75	0.043523	3.9678e-05	0.063399	supercritical
721.0	436.75	296.19	0.0033762	742.73	890.19	2.3975	0.9772	1.3026	479.6	0.043023	3.976e-05	0.063521	supercritical
721.0	440.0	298.07	0.0033549	742.39	890.01	2.3958	0.97737	1.3033	480.45	0.042526	3.9843e-05	0.063643	supercritical
721.0	443.25	299.94	0.003334	742.05	889.83	2.394	0.97754	1.3041	481.31	0.042032	3.9926e-05	0.063766	supercritical
721.0	446.5	301.81	0.0033133	741.71	889.65	2.3923	0.97771	1.3048	482.17	0.041541	4.0009e-05	0.063888	supercritical
721.0	449.75	303.67	0.003293	741.38	889.48	2.3905	0.97788	1.3056	483.03	0.041053	4.0093e-05	0.064011	supercritical
721.0	453.0	305.53	0.003273	741.04	889.3	2.3888	0.97805	1.3063	483.89	0.040568	4.0176e-05	0.064134	supercritical
721.0	456.25	307.38	0.0032533	740.7	889.13	2.3871	0.97821	1.307	484.76	0.040086	4.0261e-05	0.064257	supercritical
721.0	459.5	309.23	0.0032339	740.37	888.96	2.3854	0.97838	1.3078	485.63	0.039607	4.0345e-05	0.064381	supercritical
721.0	462.75	311.07	0.0032147	740.03	888.8	2.3837	0.97855	1.3085	486.5	0.039131	4.043e-05	0.064505	supercritical
721.0	466.0	312.9	0.0031959	739.7	888.63	2.3821	0.97871	1.3092	487.37	0.038658	4.0515e-05	0.064628	supercritical
721.0	469.25	314.73	0.0031774	739.37	888.47	2.3804	0.97888	1.3099	488.25	0.038188	4.06e-05	0.064752	supercritical
721.0	472.5	316.55	0.0031591	739.04	888.31	2.3787	0.97904	1.3106	489.12	0.037721	4.0686e-05	0.064876	supercritical
721.0	475.75	318.36	0.0031411	738.71	888.15	2.3771	0.9792	1.3113	490.0	0.037256	4.0772e-05	0.065001	supercritical
721.0	479.0	320.17	0.0031233	738.38	887.99	2.3755	0.97937	1.3119	490.89	0.036795	4.0858e-05	0.065125	supercritical
721.0	482.25	321.98	0.0031058	738.05	887.83	2.3738	0.97953	1.3126	491.77	0.036337	4.0945e-05	0.06525	supercritical
721.0	485.5	323.78	0.0030886	737.73	887.68	2.3722	0.97969	1.3133	492.66	0.035882	4.1032e-05	0.065374	supercritical
721.0	488.75	325.57	0.0030716	737.4	887.53	2.3706	0.97985	1.314	493.55	0.03543	4.1119e-05	0.065499	supercritical
721.0	492.0	327.35	0.0030548	737.08	887.38	2.3691	0.98001	1.3146	494.44	0.034981	4.1207e-05	0.065624	supercritical
721.0	495.25	329.13	0.0030383	736.76	887.23	2.3675	0.98017	1.3153	495.33	0.034534	4.1294e-05	0.065749	supercritical
721.0	498.5	330.91	0.003022	736.43	887.08	2.3659	0.98033	1.3159	496.23	0.034091	4.1382e-05	0.065874	supercritical
721.0	501.75	332.68	0.0030059	736.11	886.94	2.3643	0.98049	1.3166	497.12	0.033651	4.1471e-05	0.065999	supercritical
721.0	505.0	334.44	0.0029901	735.79	886.79	2.3628	0.98065	1.3172	498.02	0.033214	4.1559e-05	0.066124	supercritical
721.0	508.25	336.2	0.0029744	735.48	886.65	2.3613	0.9808	1.3178	498.92	0.032779	4.1648e-05	0.06625	supercritical
721.0	511.5	337.95	0.002959	735.16	886.51	2.3597	0.98096	1.3184	499.83	0.032348	4.1737e-05	0.066375	supercritical
721.0	514.75	339.69	0.0029438	734.84	886.37	2.3582	0.98112	1.3191	500.73	0.031919	4.1826e-05	0.0665	supercritical
721.0	518.0	341.43	0.0029288	734.53	886.24	2.3567	0.98127	1.3197	501.64	0.031494	4.1916e-05	0.066626	supercritical
721.0	521.25	343.17	0.002914	734.21	886.1	2.3552	0.98143	1.3203	502.55	0.031071	4.2006e-05	0.066751	supercritical
721.0	524.5	344.9	0.0028994	733.9	885.97	2.3537	0.98159	1.3209	503.45	0.030652	4.2096e-05	0.066877	supercritical
721.0	527.75	346.62	0.002885	733.58	885.84	2.3522	0.98174	1.3215	504.37	0.030235	4.2187e-05	0.067003	supercritical
721.0	531.0	348.34	0.0028708	733.27	885.71	2.3507	0.98189	1.3221	505.28	0.029821	4.2277e-05	0.067128	supercritical
721.0	534.25	350.05	0.0028568	732.96	885.58	2.3493	0.98205	1.3227	506.19	0.02941	4.2368e-05	0.067254	supercritical
721.0	537.5	351.75	0.0028429	732.65	885.46	2.3478	0.9822	1.3232	507.11	0.029002	4.2459e-05	0.06738	supercritical
721.0	540.75	353.45	0.0028292	732.34	885.34	2.3464	0.98235	1.3238	508.03	0.028597	4.2551e-05	0.067505	supercritical
721.0	544.0	355.15	0.0028157	732.04	885.21	2.3449	0.9825	1.3244	508.94	0.028195	4.2642e-05	0.067631	supercritical
721.0	547.25	356.83	0.0028024	731.73	885.09	2.3435	0.98266	1.325	509.86	0.027795	4.2734e-05	0.067757	supercritical
721.0	550.5	358.52	0.0027893	731.42	884.97	2.3421	0.98281	1.3255	510.78	0.027398	4.2826e-05	0.067883	supercritical
721.0	553.75	360.19	0.0027763	731.12	884.86	2.3406	0.98296	1.3261	511.71	0.027004	4.2919e-05	0.068008	supercritical
721.0	557.0	361.87	0.0027635	730.82	884.74	2.3392	0.98311	1.3266	512.63	0.026613	4.3011e-05	0.068134	supercritical
721.0	560.25	363.53	0.0027508	730.51	884.63	2.3378	0.98326	1.3272	513.56	0.026225	4.3104e-05	0.06826	supercritical
721.0	563.5	365.19	0.0027383	730.21	884.51	2.3364	0.98341	1.3277	514.48	0.02584	4.3197e-05	0.068386	supercritical
721.0	566.75	366.85	0.0027259	729.91	884.4	2.335	0.98355	1.3283	515.41	0.025457	4.329e-05	0.068511	supercritical
721.0	570.0	368.5	0.0027137	729.61	884.29	2.3337	0.9837	1.3288	516.34	0.025077	4.3384e-05	0.068637	supercritical
721.0	573.25	370.14	0.0027017	729.31	884.19	2.3323	0.98385	1.3293	517.27	0.0247	4.3478e-05	0.068762	supercritical
721.0	576.5	371.78	0.0026898	729.02	884.08	2.3309	0.984	1.3298	518.2	0.024325	4.3571e-05	0.068888	supercritical
721.0	579.75	373.41	0.002678	728.72	883.98	2.3296	0.98414	1.3304	519.13	0.023953	4.3666e-05	0.069014	supercritical
721.0	583.0	375.04	0.0026664	728.42	883.87	2.3282	0.98429	1.3309	520.06	0.023584	4.376e-05	0.069139	supercritical
721.0	586.25	376.66	0.0026549	728.13	883.77	2.3269	0.98444	1.3314	521.0	0.023218	4.3854e-05	0.069264	supercritical
721.0	589.5	378.28	0.0026436	727.84	883.67	2.3256	0.98458	1.3319	521.93	0.022854	4.3949e-05	0.06939	supercritical
721.0	592.75	379.89	0.0026323	727.54	883.58	2.3242	0.98473	1.3324	522.87	0.022493	4.4044e-05	0.069515	supercritical
721.0	596.0	381.5	0.0026213	727.25	883.48	2.3229	0.98487	1.3329	523.8	0.022134	4.4139e-05	0.06964	supercritical
721.0	599.25	383.1	0.0026103	726.96	883.38	2.3216	0.98501	1.3334	524.74	0.021778	4.4235e-05	0.069765	supercritical
721.0	602.5	384.69	0.0025995	726.67	883.29	2.3203	0.98516	1.3339	525.68	0.021424	4.433e-05	0.069891	supercritical
721.0	605.75	386.28	0.0025888	726.38	883.2	2.319	0.9853	1.3344	526.62	0.021074	4.4426e-05	0.070016	supercritical
721.0	609.0	387.87	0.0025782	726.09	883.11	2.3177	0.98544	1.3349	527.56	0.020725	4.4522e-05	0.070141	supercritical
721.0	612.25	389.44	0.0025678	725.81	883.02	2.3164	0.98559	1.3353	528.5	0.02038	4.4618e-05	0.070265	supercritical
721.0	615.5	391.02	0.0025574	725.52	882.93	2.3152	0.98573	1.3358	529.44	0.020036	4.4714e-05	0.07039	supercritical
721.0	618.75	392.59	0.0025472	725.24	882.84	2.3139	0.98587	1.3363	530.38	0.019695	4.4811e-05	0.070515	supercritical
721.0	622.0	394.15	0.0025371	724.95	882.76	2.3126	0.98601	1.3367	531.33	0.019357	4.4908e-05	0.070639	supercritical
721.0	625.25	395.71	0.0025271	724.67	882.68	2.3114	0.98615	1.3372	532.27	0.019021	4.5005e-05	0.070764	supercritical
721.0	628.5	397.26	0.0025172	724.39	882.59	2.3101	0.98629	1.3377	533.21	0.018688	4.5102e-05	0.070888	supercritical
721.0	631.75	398.81	0.0025075	724.1	882.51	2.3089	0.98643	1.3381	534.16	0.018357	4.5199e-05	0.071012	supercritical
721.0	635.0	400.35	0.0024978	723.82	882.43	2.3076	0.98657	1.3386	535.1	0.018028	4.5296e-05	0.071137	supercritical
721.0	638.25	401.89	0.0024882	723.54	882.36	2.3064	0.98671	1.339	536.05	0.017702	4.5394e-05	0.071261	supercritical
721.0	641.5	403.42	0.0024788	723.27	882.28	2.3052	0.98685	1.3395	536.99	0.017378	4.5492e-05	0.071385	supercritical
721.0	644.75	404.95	0.0024694	722.99	882.21	2.304	0.98699	1.3399	537.94	0.017057	4.559e-05	0.071508	supercritical
721.0	648.0	406.47	0.0024602	722.71	882.13	2.3027	0.98713	1.3403	538.89	0.016738	4.5688e-05	0.071632	supercritical
721.0	651.25	407.99	0.0024511	722.43	882.06	2.3015	0.98727	1.3408	539.84	0.016421	4.5786e-05	0.071756	supercritical
721.0	654.5	409.5	0.002442	722.16	881.99	2.3003	0.9874	1.3412	540.78	0.016106	4.5884e-05	0.071879	supercritical
721.0	657.75	411.01	0.002433	721.88	881.92	2.2991	0.98754	1.3416	541.73	0.015794	4.5983e-05	0.072002	supercritical
721.0	661.0	412.51	0.0024242	721.61	881.85	2.298	0.98768	1.342	542.68	0.015484	4.6082e-05	0.072126	supercritical
721.0	664.25	414.01	0.0024154	721.34	881.78	2.2968	0.98781	1.3425	543.63	0.015176	4.6181e-05	0.072249	supercritical
721.0	667.5	415.5	0.0024068	721.07	881.72	2.2956	0.98795	1.3429	544.58	0.01487	4.628e-05	0.072372	supercritical
721.0	670.75	416.99	0.0023982	720.8	881.65	2.2944	0.98808	1.3433	545.53	0.014567	4.6379e-05	0.072494	supercritical
721.0	674.0	418.47	0.0023897	720.53	881.59	2.2933	0.98822	1.3437	546.48	0.014266	4.6478e-05	0.072617	supercritical
721.0	677.25	419.94	0.0023813	720.26	881.53	2.2921	0.98835	1.3441	547.43	0.013967	4.6578e-05	0.07274	supercritical
721.0	680.5	421.42	0.0023729	719.99	881.47	2.2909	0.98849	1.3445	548.38	0.01367	4.6677e-05	0.072862	supercritical
721.0	683.75	422.88	0.0023647	719.72	881.41	2.2898	0.98862	1.3449	549.33	0.013375	4.6777e-05	0.072984	supercritical
721.0	687.0	424.35	0.0023566	719.46	881.35	2.2886	0.98876	1.3453	550.29	0.013082	4.6877e-05	0.073106	supercritical
721.0	690.25	425.8	0.0023485	719.19	881.3	2.2875	0.98889	1.3457	551.24	0.012791	4.6977e-05	0.073228	supercritical
721.0	693.5	427.26	0.0023405	718.93	881.24	2.2864	0.98902	1.3461	552.19	0.012503	4.7077e-05	0.07335	supercritical
721.0	696.75	428.71	0.0023326	718.66	881.19	2.2852	0.98916	1.3464	553.14	0.012216	4.7178e-05	0.073472	supercritical
721.0	700.0	430.15	0.0023248	718.4	881.13	2.2841	0.98929	1.3468	554.09	0.011932	4.7278e-05	0.073593	supercritical
721.0	703.25	431.59	0.002317	718.14	881.08	2.283	0.98942	1.3472	555.05	0.011649	4.7379e-05	0.073714	supercritical
721.0	706.5	433.02	0.0023093	717.88	881.03	2.2819	0.98955	1.3476	556.0	0.011369	4.748e-05	0.073835	supercritical
721.0	709.75	434.45	0.0023018	717.62	880.98	2.2808	0.98969	1.3479	556.95	0.01109	4.7581e-05	0.073956	supercritical
721.0	713.0	435.88	0.0022942	717.36	880.93	2.2797	0.98982	1.3483	557.9	0.010814	4.7682e-05	0.074077	supercritical
721.0	716.25	437.3	0.0022868	717.1	880.89	2.2786	0.98995	1.3487	558.86	0.010539	4.7783e-05	0.074198	supercritical
721.0	719.5	438.71	0.0022794	716.84	880.84	2.2775	0.99008	1.349	559.81	0.010266	4.7884e-05	0.074318	supercritical
721.0	722.75	440.12	0.0022721	716.58	880.8	2.2764	0.99021	1.3494	560.76	0.0099956	4.7985e-05	0.074439	supercritical
721.0	726.0	441.53	0.0022649	716.33	880.75	2.2753	0.99034	1.3497	561.72	0.0097267	4.8087e-05	0.074559	supercritical
721.0	729.25	442.93	0.0022577	716.07	880.71	2.2742	0.99047	1.3501	562.67	0.0094597	4.8189e-05	0.074679	supercritical
721.0	732.5	444.33	0.0022506	715.81	880.67	2.2732	0.9906	1.3504	563.62	0.0091945	4.829e-05	0.074799	supercritical
721.0	735.75	445.72	0.0022436	715.56	880.63	2.2721	0.99073	1.3508	564.58	0.0089312	4.8392e-05	0.074918	supercritical
721.0	739.0	447.11	0.0022366	715.31	880.59	2.271	0.99086	1.3511	565.53	0.0086696	4.8494e-05	0.075038	supercritical
721.0	742.25	448.49	0.0022297	715.06	880.56	2.27	0.99099	1.3515	566.48	0.0084099	4.8596e-05	0.075157	supercritical
721.0	745.5	449.87	0.0022229	714.8	880.52	2.2689	0.99112	1.3518	567.44	0.008152	4.8698e-05	0.075276	supercritical
721.0	748.75	451.24	0.0022161	714.55	880.48	2.2679	0.99125	1.3521	568.39	0.0078959	4.8801e-05	0.075395	supercritical
721.0	752.0	452.61	0.0022094	714.3	880.45	2.2668	0.99137	1.3525	569.34	0.0076415	4.8903e-05	0.075514	supercritical
721.0	755.25	453.98	0.0022027	714.05	880.42	2.2658	0.9915	1.3528	570.3	0.0073888	4.9006e-05	0.075633	supercritical
721.0	758.5	455.34	0.0021962	713.81	880.38	2.2648	0.99163	1.3531	571.25	0.0071379	4.9108e-05	0.075751	supercritical
721.0	761.75	456.7	0.0021896	713.56	880.35	2.2637	0.99176	1.3535	572.2	0.0068887	4.9211e-05	0.075869	supercritical
721.0	765.0	458.05	0.0021832	713.31	880.32	2.2627	0.99188	1.3538	573.16	0.0066411	4.9314e-05	0.075987	supercritical
721.0	768.25	459.4	0.0021768	713.07	880.29	2.2617	0.99201	1.3541	574.11	0.0063953	4.9417e-05	0.076105	supercritical
721.0	771.5	460.74	0.0021704	712.82	880.27	2.2607	0.99214	1.3544	575.06	0.0061511	4.952e-05	0.076223	supercritical
721.0	774.75	462.08	0.0021641	712.58	880.24	2.2596	0.99226	1.3547	576.01	0.0059085	4.9623e-05	0.07634	supercritical
721.0	778.0	463.42	0.0021579	712.33	880.22	2.2586	0.99239	1.355	576.97	0.0056676	4.9726e-05	0.076458	supercritical
721.0	781.25	464.75	0.0021517	712.09	880.19	2.2576	0.99251	1.3553	577.92	0.0054283	4.983e-05	0.076575	supercritical
721.0	784.5	466.07	0.0021456	711.85	880.17	2.2566	0.99264	1.3556	578.87	0.0051906	4.9933e-05	0.076692	supercritical
721.0	787.75	467.4	0.0021395	711.61	880.15	2.2556	0.99276	1.3559	579.82	0.0049545	5.0036e-05	0.076808	supercritical
721.0	791.0	468.72	0.0021335	711.36	880.12	2.2546	0.99289	1.3562	580.78	0.00472	5.014e-05	0.076925	supercritical
721.0	794.25	470.03	0.0021275	711.12	880.1	2.2537	0.99301	1.3565	581.73	0.004487	5.0244e-05	0.077041	supercritical
721.0	797.5	471.34	0.0021216	710.89	880.08	2.2527	0.99314	1.3568	582.68	0.0042556	5.0347e-05	0.077158	supercritical
721.0	800.75	472.64	0.0021158	710.65	880.07	2.2517	0.99326	1.3571	583.63	0.0040257	5.0451e-05	0.077274	supercritical
721.0	804.0	473.95	0.0021099	710.41	880.05	2.2507	0.99339	1.3574	584.58	0.0037973	5.0555e-05	0.07739	supercritical
721.0	807.25	475.24	0.0021042	710.17	880.03	2.2497	0.99351	1.3577	585.53	0.0035705	5.0659e-05	0.077505	supercritical
721.0	810.5	476.54	0.0020985	709.94	880.02	2.2488	0.99364	1.358	586.48	0.0033451	5.0763e-05	0.077621	supercritical
721.0	813.75	477.83	0.0020928	709.7	880.0	2.2478	0.99376	1.3583	587.43	0.0031212	5.0868e-05	0.077736	supercritical
721.0	817.0	479.11	0.0020872	709.47	879.99	2.2468	0.99388	1.3585	588.38	0.0028987	5.0972e-05	0.077851	supercritical
721.0	820.25	480.39	0.0020816	709.23	879.98	2.2459	0.994	1.3588	589.33	0.0026777	5.1076e-05	0.077966	supercritical
721.0	823.5	481.67	0.0020761	709.0	879.97	2.2449	0.99413	1.3591	590.28	0.0024582	5.1181e-05	0.078081	supercritical
721.0	826.75	482.94	0.0020706	708.77	879.96	2.244	0.99425	1.3594	591.23	0.0022401	5.1285e-05	0.078195	supercritical
721.0	830.0	484.21	0.0020652	708.53	879.95	2.243	0.99437	1.3596	592.18	0.0020234	5.139e-05	0.078309	supercritical
721.0	833.25	485.48	0.0020598	708.3	879.94	2.2421	0.99449	1.3599	593.13	0.001808	5.1494e-05	0.078424	supercritical
721.0	836.5	486.74	0.0020545	708.07	879.93	2.2412	0.99462	1.3602	594.08	0.0015941	5.1599e-05	0.078537	supercritical
721.0	839.75	488.0	0.0020492	707.84	879.92	2.2402	0.99474	1.3604	595.03	0.0013816	5.1704e-05	0.078651	supercritical
721.0	843.0	489.25	0.0020439	707.61	879.92	2.2393	0.99486	1.3607	595.98	0.0011704	5.1809e-05	0.078765	supercritical
721.0	846.25	490.5	0.0020387	707.39	879.91	2.2384	0.99498	1.3609	596.92	0.00096057	5.1914e-05	0.078878	supercritical
721.0	849.5	491.74	0.0020336	707.16	879.91	2.2374	0.9951	1.3612	597.87	0.00075208	5.2018e-05	0.078991	supercritical
721.0	852.75	492.99	0.0020285	706.93	879.91	2.2365	0.99522	1.3614	598.82	0.00054493	5.2124e-05	0.079104	supercritical
721.0	856.0	494.22	0.0020234	706.7	879.9	2.2356	0.99534	1.3617	599.77	0.00033909	5.2229e-05	0.079217	supercritical
721.0	859.25	495.46	0.0020183	706.48	879.9	2.2347	0.99546	1.3619	600.71	0.00013456	5.2334e-05	0.07933	supercritical
721.0	862.5	496.69	0.0020133	706.25	879.9	2.2338	0.99558	1.3622	601.66	-6.8678e-05	5.2439e-05	0.079442	supercritical
721.0	865.75	497.92	0.0020084	706.03	879.9	2.2329	0.9957	1.3624	602.6	-0.00027063	5.2544e-05	0.079554	supercritical
721.0	869.0	499.14	0.0020035	705.81	879.91	2.232	0.99582	1.3627	603.55	-0.0004713	5.265e-05	0.079666	supercritical
721.0	872.25	500.36	0.0019986	705.58	879.91	2.2311	0.99594	1.3629	604.5	-0.00067071	5.2755e-05	0.079778	supercritical
721.0	875.5	501.57	0.0019937	705.36	879.91	2.2302	0.99606	1.3632	605.44	-0.00086887	5.2861e-05	0.07989	supercritical
721.0	878.75	502.78	0.0019889	705.14	879.92	2.2293	0.99618	1.3634	606.38	-0.0010658	5.2966e-05	0.080001	supercritical
721.0	882.0	503.99	0.0019842	704.92	879.92	2.2284	0.9963	1.3636	607.33	-0.0012615	5.3072e-05	0.080113	supercritical
721.0	885.25	505.2	0.0019794	704.7	879.93	2.2275	0.99642	1.3639	608.27	-0.0014559	5.3177e-05	0.080224	supercritical
721.0	888.5	506.4	0.0019747	704.48	879.93	2.2266	0.99654	1.3641	609.21	-0.0016492	5.3283e-05	0.080335	supercritical
721.0	891.75	507.59	0.0019701	704.26	879.94	2.2258	0.99666	1.3643	610.16	-0.0018412	5.3389e-05	0.080445	supercritical
721.0	895.0	508.79	0.0019655	704.04	879.95	2.2249	0.99678	1.3645	611.1	-0.0020321	5.3494e-05	0.080556	supercritical
721.0	898.25	509.98	0.0019609	703.82	879.96	2.224	0.99689	1.3648	612.04	-0.0022218	5.36e-05	0.080666	supercritical
721.0	901.5	511.16	0.0019563	703.61	879.97	2.2231	0.99701	1.365	612.98	-0.0024102	5.3706e-05	0.080776	supercritical
721.0	904.75	512.34	0.0019518	703.39	879.98	2.2223	0.99713	1.3652	613.92	-0.0025976	5.3812e-05	0.080886	supercritical
721.0	908.0	513.52	0.0019473	703.18	879.99	2.2214	0.99725	1.3654	614.86	-0.0027838	5.3918e-05	0.080996	supercritical
721.0	911.25	514.7	0.0019429	702.96	880.01	2.2206	0.99736	1.3656	615.8	-0.0029688	5.4024e-05	0.081106	supercritical
721.0	914.5	515.87	0.0019385	702.75	880.02	2.2197	0.99748	1.3658	616.74	-0.0031527	5.413e-05	0.081215	supercritical
721.0	917.75	517.04	0.0019341	702.53	880.03	2.2189	0.9976	1.366	617.68	-0.0033355	5.4236e-05	0.081324	supercritical
721.0	921.0	518.2	0.0019297	702.32	880.05	2.218	0.99772	1.3663	618.62	-0.0035171	5.4342e-05	0.081434	supercritical
721.0	924.25	519.36	0.0019254	702.11	880.07	2.2172	0.99783	1.3665	619.56	-0.0036977	5.4449e-05	0.081542	supercritical
721.0	927.5	520.52	0.0019211	701.9	880.08	2.2163	0.99795	1.3667	620.5	-0.0038771	5.4555e-05	0.081651	supercritical
721.0	930.75	521.68	0.0019169	701.68	880.1	2.2155	0.99807	1.3669	621.44	-0.0040554	5.4661e-05	0.08176	supercritical
721.0	934.0	522.83	0.0019127	701.47	880.12	2.2146	0.99818	1.3671	622.37	-0.0042327	5.4767e-05	0.081868	supercritical
721.0	937.25	523.97	0.0019085	701.26	880.14	2.2138	0.9983	1.3673	623.31	-0.0044089	5.4874e-05	0.081976	supercritical
721.0	940.5	525.12	0.0019043	701.05	880.16	2.213	0.99841	1.3675	624.25	-0.004584	5.498e-05	0.082084	supercritical
721.0	943.75	526.26	0.0019002	700.85	880.18	2.2121	0.99853	1.3677	625.18	-0.0047581	5.5086e-05	0.082192	supercritical
721.0	947.0	527.4	0.0018961	700.64	880.2	2.2113	0.99865	1.3679	626.12	-0.0049311	5.5193e-05	0.082299	supercritical
721.0	950.25	528.53	0.001892	700.43	880.22	2.2105	0.99876	1.3681	627.05	-0.0051031	5.5299e-05	0.082407	supercritical
721.0	953.5	529.66	0.001888	700.22	880.25	2.2097	0.99888	1.3682	627.98	-0.005274	5.5406e-05	0.082514	supercritical
721.0	956.75	530.79	0.001884	700.02	880.27	2.2089	0.99899	1.3684	628.92	-0.0054439	5.5512e-05	0.082621	supercritical
721.0	960.0	531.91	0.00188	699.81	880.29	2.208	0.99911	1.3686	629.85	-0.0056128	5.5619e-05	0.082728	supercritical
721.0	963.25	533.03	0.0018761	699.61	880.32	2.2072	0.99922	1.3688	630.78	-0.0057807	5.5726e-05	0.082834	supercritical
721.0	966.5	534.15	0.0018721	699.4	880.34	2.2064	0.99934	1.369	631.71	-0.0059475	5.5832e-05	0.082941	supercritical
721.0	969.75	535.26	0.0018682	699.2	880.37	2.2056	0.99945	1.3692	632.65	-0.0061134	5.5939e-05	0.083047	supercritical
721.0	973.0	536.37	0.0018644	699.0	880.4	2.2048	0.99957	1.3694	633.58	-0.0062783	5.6046e-05	0.083153	supercritical
721.0	976.25	537.48	0.0018605	698.79	880.43	2.204	0.99968	1.3695	634.51	-0.0064422	5.6152e-05	0.083259	supercritical
721.0	979.5	538.59	0.0018567	698.59	880.46	2.2032	0.9998	1.3697	635.44	-0.0066051	5.6259e-05	0.083365	supercritical
721.0	982.75	539.69	0.0018529	698.39	880.49	2.2024	0.99991	1.3699	636.37	-0.0067671	5.6366e-05	0.083471	supercritical
721.0	986.0	540.79	0.0018492	698.19	880.52	2.2016	1.0	1.3701	637.29	-0.0069281	5.6473e-05	0.083576	supercritical
721.0	989.25	541.88	0.0018454	697.99	880.55	2.2008	1.0001	1.3702	638.22	-0.0070882	5.6579e-05	0.083682	supercritical
721.0	992.5	542.97	0.0018417	697.79	880.58	2.2001	1.0003	1.3704	639.15	-0.0072473	5.6686e-05	0.083787	supercritical
721.0	995.75	544.06	0.001838	697.59	880.61	2.1993	1.0004	1.3706	640.08	-0.0074054	5.6793e-05	0.083892	supercritical
721.0	999.0	545.15	0.0018344	697.39	880.65	2.1985	1.0005	1.3707	641.0	-0.0075627	5.69e-05	0.083996	supercritical
721.0	1002.2	546.23	0.0018307	697.19	880.68	2.1977	1.0006	1.3709	641.93	-0.007719	5.7007e-05	0.084101	supercritical
721.0	1005.5	547.31	0.0018271	697.0	880.71	2.1969	1.0007	1.3711	642.85	-0.0078744	5.7114e-05	0.084205	supercritical
721.0	1008.8	548.38	0.0018235	696.8	880.75	2.1962	1.0008	1.3712	643.78	-0.0080288	5.7221e-05	0.08431	supercritical
721.0	1012.0	549.46	0.00182	696.6	880.79	2.1954	1.0009	1.3714	644.7	-0.0081824	5.7328e-05	0.084414	supercritical
721.0	1015.2	550.53	0.0018164	696.41	880.82	2.1946	1.001	1.3716	645.63	-0.0083351	5.7435e-05	0.084518	supercritical
721.0	1018.5	551.59	0.0018129	696.21	880.86	2.1939	1.0012	1.3717	646.55	-0.0084868	5.7542e-05	0.084622	supercritical
721.0	1021.8	552.66	0.0018094	696.02	880.9	2.1931	1.0013	1.3719	647.47	-0.0086377	5.7649e-05	0.084725	supercritical
721.0	1025.0	553.72	0.001806	695.82	880.94	2.1923	1.0014	1.372	648.39	-0.0087877	5.7756e-05	0.084829	supercritical
721.0	1028.2	554.77	0.0018025	695.63	880.98	2.1916	1.0015	1.3722	649.31	-0.0089369	5.7863e-05	0.084932	supercritical
721.0	1031.5	555.83	0.0017991	695.44	881.02	2.1908	1.0016	1.3723	650.23	-0.0090851	5.797e-05	0.085035	supercritical
721.0	1034.8	556.88	0.0017957	695.25	881.06	2.1901	1.0017	1.3725	651.15	-0.0092325	5.8077e-05	0.085138	supercritical
721.0	1038.0	557.93	0.0017923	695.05	881.1	2.1893	1.0018	1.3726	652.07	-0.0093791	5.8184e-05	0.085241	supercritical
721.0	1041.2	558.97	0.001789	694.86	881.14	2.1886	1.0019	1.3728	652.99	-0.0095248	5.8291e-05	0.085343	supercritical
721.0	1044.5	560.02	0.0017857	694.67	881.18	2.1878	1.0021	1.3729	653.91	-0.0096697	5.8398e-05	0.085446	supercritical
721.0	1047.8	561.06	0.0017823	694.48	881.23	2.1871	1.0022	1.3731	654.83	-0.0098137	5.8505e-05	0.085548	supercritical
721.0	1051.0	562.09	0.0017791	694.29	881.27	2.1863	1.0023	1.3732	655.74	-0.0099569	5.8612e-05	0.08565	supercritical
721.0	1054.2	563.13	0.0017758	694.1	881.32	2.1856	1.0024	1.3734	656.66	-0.010099	5.872e-05	0.085752	supercritical
721.0	1057.5	564.16	0.0017725	693.92	881.36	2.1849	1.0025	1.3735	657.57	-0.010241	5.8827e-05	0.085854	supercritical
721.0	1060.8	565.19	0.0017693	693.73	881.41	2.1841	1.0026	1.3737	658.49	-0.010382	5.8934e-05	0.085956	supercritical
721.0	1064.0	566.21	0.0017661	693.54	881.46	2.1834	1.0027	1.3738	659.4	-0.010521	5.9041e-05	0.086057	supercritical
721.0	1067.2	567.24	0.0017629	693.35	881.5	2.1827	1.0028	1.3739	660.32	-0.010661	5.9148e-05	0.086158	supercritical
721.0	1070.5	568.26	0.0017598	693.17	881.55	2.1819	1.0029	1.3741	661.23	-0.010799	5.9255e-05	0.08626	supercritical
721.0	1073.8	569.27	0.0017566	692.98	881.6	2.1812	1.0031	1.3742	662.14	-0.010936	5.9363e-05	0.086361	supercritical
721.0	1077.0	570.29	0.0017535	692.8	881.65	2.1805	1.0032	1.3743	663.05	-0.011073	5.947e-05	0.086462	supercritical
721.0	1080.2	571.3	0.0017504	692.61	881.7	2.1798	1.0033	1.3745	663.96	-0.011209	5.9577e-05	0.086562	supercritical
721.0	1083.5	572.31	0.0017473	692.43	881.75	2.179	1.0034	1.3746	664.87	-0.011344	5.9684e-05	0.086663	supercritical
721.0	1086.8	573.31	0.0017442	692.24	881.8	2.1783	1.0035	1.3747	665.78	-0.011479	5.9792e-05	0.086763	supercritical
721.0	1090.0	574.32	0.0017412	692.06	881.85	2.1776	1.0036	1.3749	666.69	-0.011612	5.9899e-05	0.086864	supercritical
721.0	1093.2	575.32	0.0017382	691.88	881.9	2.1769	1.0037	1.375	667.6	-0.011745	6.0006e-05	0.086964	supercritical
721.0	1096.5	576.31	0.0017352	691.69	881.96	2.1762	1.0038	1.3751	668.51	-0.011877	6.0113e-05	0.087064	supercritical
721.0	1099.8	577.31	0.0017322	691.51	882.01	2.1755	1.0039	1.3752	669.41	-0.012009	6.022e-05	0.087164	supercritical
721.0	1103.0	578.3	0.0017292	691.33	882.06	2.1748	1.004	1.3754	670.32	-0.01214	6.0328e-05	0.087263	supercritical
721.0	1106.2	579.29	0.0017262	691.15	882.12	2.1741	1.0042	1.3755	671.22	-0.012269	6.0435e-05	0.087363	supercritical
721.0	1109.5	580.28	0.0017233	690.97	882.17	2.1734	1.0043	1.3756	672.13	-0.012399	6.0542e-05	0.087462	supercritical
721.0	1112.8	581.26	0.0017204	690.79	882.23	2.1727	1.0044	1.3757	673.03	-0.012527	6.0649e-05	0.087561	supercritical
721.0	1116.0	582.24	0.0017175	690.61	882.28	2.172	1.0045	1.3759	673.94	-0.012655	6.0757e-05	0.087661	supercritical
721.0	1119.2	583.22	0.0017146	690.43	882.34	2.1713	1.0046	1.376	674.84	-0.012782	6.0864e-05	0.087759	supercritical
721.0	1122.5	584.2	0.0017117	690.26	882.4	2.1706	1.0047	1.3761	675.74	-0.012908	6.0971e-05	0.087858	supercritical
721.0	1125.8	585.17	0.0017089	690.08	882.46	2.1699	1.0048	1.3762	676.64	-0.013034	6.1078e-05	0.087957	supercritical
721.0	1129.0	586.14	0.0017061	689.9	882.52	2.1692	1.0049	1.3763	677.54	-0.013159	6.1185e-05	0.088056	supercritical
721.0	1132.2	587.11	0.0017033	689.72	882.57	2.1685	1.005	1.3765	678.44	-0.013283	6.1293e-05	0.088154	supercritical
721.0	1135.5	588.08	0.0017005	689.55	882.63	2.1678	1.0051	1.3766	679.34	-0.013406	6.14e-05	0.088252	supercritical
721.0	1138.8	589.04	0.0016977	689.37	882.69	2.1672	1.0052	1.3767	680.24	-0.013529	6.1507e-05	0.08835	supercritical
721.0	1142.0	590.0	0.0016949	689.2	882.76	2.1665	1.0053	1.3768	681.14	-0.013651	6.1614e-05	0.088448	supercritical
721.0	1145.2	590.96	0.0016922	689.02	882.82	2.1658	1.0055	1.3769	682.04	-0.013773	6.1722e-05	0.088546	supercritical
721.0	1148.5	591.91	0.0016894	688.85	882.88	2.1651	1.0056	1.377	682.93	-0.013894	6.1829e-05	0.088644	supercritical
721.0	1151.8	592.87	0.0016867	688.67	882.94	2.1644	1.0057	1.3771	683.83	-0.014014	6.1936e-05	0.088742	supercritical
721.0	1155.0	593.82	0.001684	688.5	883.0	2.1638	1.0058	1.3772	684.72	-0.014133	6.2043e-05	0.088839	supercritical
721.0	1158.2	594.77	0.0016813	688.33	883.07	2.1631	1.0059	1.3773	685.62	-0.014252	6.215e-05	0.088936	supercritical
721.0	1161.5	595.71	0.0016787	688.15	883.13	2.1624	1.006	1.3774	686.51	-0.01437	6.2258e-05	0.089034	supercritical
721.0	1164.8	596.65	0.001676	687.98	883.2	2.1618	1.0061	1.3776	687.4	-0.014488	6.2365e-05	0.089131	supercritical
721.0	1168.0	597.59	0.0016734	687.81	883.26	2.1611	1.0062	1.3777	688.3	-0.014604	6.2472e-05	0.089228	supercritical
721.0	1171.2	598.53	0.0016708	687.64	883.33	2.1604	1.0063	1.3778	689.19	-0.014721	6.2579e-05	0.089324	supercritical
721.0	1174.5	599.47	0.0016681	687.47	883.39	2.1598	1.0064	1.3779	690.08	-0.014836	6.2686e-05	0.089421	supercritical
721.0	1177.8	600.4	0.0016656	687.3	883.46	2.1591	1.0065	1.378	690.97	-0.014951	6.2793e-05	0.089518	supercritical
721.0	1181.0	601.33	0.001663	687.13	883.53	2.1585	1.0066	1.3781	691.86	-0.015065	6.29e-05	0.089614	supercritical
721.0	1184.2	602.26	0.0016604	686.96	883.6	2.1578	1.0068	1.3782	692.75	-0.015179	6.3008e-05	0.08971	supercritical
721.0	1187.5	603.19	0.0016579	686.79	883.66	2.1572	1.0069	1.3783	693.64	-0.015292	6.3115e-05	0.089807	supercritical
721.0	1190.8	604.11	0.0016553	686.62	883.73	2.1565	1.007	1.3784	694.52	-0.015405	6.3222e-05	0.089903	supercritical
721.0	1194.0	605.03	0.0016528	686.46	883.8	2.1559	1.0071	1.3785	695.41	-0.015516	6.3329e-05	0.089999	supercritical
721.0	1197.2	605.95	0.0016503	686.29	883.87	2.1552	1.0072	1.3786	696.3	-0.015628	6.3436e-05	0.090094	supercritical
721.0	1200.5	606.87	0.0016478	686.12	883.94	2.1546	1.0073	1.3787	697.18	-0.015738	6.3543e-05	0.09019	supercritical
721.0	1203.8	607.78	0.0016453	685.95	884.01	2.1539	1.0074	1.3788	698.06	-0.015848	6.365e-05	0.090286	supercritical
721.0	1207.0	608.69	0.0016429	685.79	884.08	2.1533	1.0075	1.3789	698.95	-0.015958	6.3757e-05	0.090381	supercritical
721.0	1210.2	609.6	0.0016404	685.62	884.16	2.1526	1.0076	1.3789	699.83	-0.016067	6.3864e-05	0.090476	supercritical
721.0	1213.5	610.51	0.001638	685.46	884.23	2.152	1.0077	1.379	700.71	-0.016175	6.3971e-05	0.090572	supercritical
721.0	1216.8	611.41	0.0016356	685.29	884.3	2.1514	1.0078	1.3791	701.6	-0.016283	6.4078e-05	0.090667	supercritical
721.0	1220.0	612.31	0.0016331	685.13	884.37	2.1507	1.0079	1.3792	702.48	-0.01639	6.4185e-05	0.090762	supercritical
721.0	1223.2	613.21	0.0016308	684.97	884.45	2.1501	1.008	1.3793	703.36	-0.016496	6.4292e-05	0.090857	supercritical
721.0	1226.5	614.11	0.0016284	684.8	884.52	2.1495	1.0081	1.3794	704.24	-0.016602	6.4399e-05	0.090951	supercritical
721.0	1229.8	615.01	0.001626	684.64	884.6	2.1488	1.0082	1.3795	705.12	-0.016708	6.4506e-05	0.091046	supercritical
721.0	1233.0	615.9	0.0016236	684.48	884.67	2.1482	1.0083	1.3796	705.99	-0.016812	6.4613e-05	0.09114	supercritical
721.0	1236.2	616.79	0.0016213	684.31	884.75	2.1476	1.0085	1.3797	706.87	-0.016917	6.472e-05	0.091235	supercritical
721.0	1239.5	617.68	0.001619	684.15	884.82	2.147	1.0086	1.3798	707.75	-0.01702	6.4827e-05	0.091329	supercritical
721.0	1242.8	618.57	0.0016166	683.99	884.9	2.1463	1.0087	1.3798	708.62	-0.017124	6.4934e-05	0.091423	supercritical
721.0	1246.0	619.45	0.0016143	683.83	884.98	2.1457	1.0088	1.3799	709.5	-0.017226	6.5041e-05	0.091517	supercritical
721.0	1249.2	620.33	0.001612	683.67	885.05	2.1451	1.0089	1.38	710.37	-0.017328	6.5148e-05	0.091611	supercritical
721.0	1252.5	621.21	0.0016098	683.51	885.13	2.1445	1.009	1.3801	711.25	-0.01743	6.5255e-05	0.091705	supercritical
721.0	1255.8	622.09	0.0016075	683.35	885.21	2.1439	1.0091	1.3802	712.12	-0.017531	6.5361e-05	0.091799	supercritical
721.0	1259.0	622.97	0.0016052	683.19	885.29	2.1432	1.0092	1.3803	712.99	-0.017631	6.5468e-05	0.091893	supercritical
721.0	1262.2	623.84	0.001603	683.03	885.37	2.1426	1.0093	1.3803	713.86	-0.017731	6.5575e-05	0.091986	supercritical
721.0	1265.5	624.71	0.0016007	682.87	885.45	2.142	1.0094	1.3804	714.73	-0.017831	6.5682e-05	0.092079	supercritical
721.0	1268.8	625.58	0.0015985	682.72	885.53	2.1414	1.0095	1.3805	715.6	-0.01793	6.5789e-05	0.092173	supercritical
721.0	1272.0	626.45	0.0015963	682.56	885.61	2.1408	1.0096	1.3806	716.47	-0.018028	6.5895e-05	0.092266	supercritical
721.0	1275.2	627.31	0.0015941	682.4	885.69	2.1402	1.0097	1.3807	717.34	-0.018126	6.6002e-05	0.092359	supercritical
721.0	1278.5	628.17	0.0015919	682.25	885.77	2.1396	1.0098	1.3807	718.21	-0.018223	6.6109e-05	0.092452	supercritical
721.0	1281.8	629.03	0.0015897	682.09	885.85	2.139	1.0099	1.3808	719.08	-0.01832	6.6216e-05	0.092545	supercritical
721.0	1285.0	629.89	0.0015876	681.93	885.94	2.1384	1.01	1.3809	719.94	-0.018417	6.6322e-05	0.092638	supercritical
721.0	1288.2	630.75	0.0015854	681.78	886.02	2.1378	1.0101	1.381	720.81	-0.018512	6.6429e-05	0.092731	supercritical
721.0	1291.5	631.6	0.0015833	681.62	886.1	2.1372	1.0102	1.381	721.68	-0.018608	6.6536e-05	0.092823	supercritical
721.0	1294.8	632.45	0.0015811	681.47	886.19	2.1366	1.0104	1.3811	722.54	-0.018703	6.6642e-05	0.092916	supercritical
721.0	1298.0	633.3	0.001579	681.31	886.27	2.136	1.0105	1.3812	723.4	-0.018797	6.6749e-05	0.093008	supercritical
721.0	1301.2	634.15	0.0015769	681.16	886.35	2.1354	1.0106	1.3813	724.27	-0.018891	6.6855e-05	0.0931	supercritical
721.0	1304.5	635.0	0.0015748	681.01	886.44	2.1348	1.0107	1.3813	725.13	-0.018985	6.6962e-05	0.093193	supercritical
721.0	1307.8	635.84	0.0015727	680.85	886.53	2.1342	1.0108	1.3814	725.99	-0.019077	6.7069e-05	0.093285	supercritical
721.0	1311.0	636.68	0.0015706	680.7	886.61	2.1336	1.0109	1.3815	726.85	-0.01917	6.7175e-05	0.093377	supercritical
721.0	1314.2	637.52	0.0015686	680.55	886.7	2.133	1.011	1.3816	727.71	-0.019262	6.7282e-05	0.093469	supercritical
721.0	1317.5	638.36	0.0015665	680.4	886.78	2.1324	1.0111	1.3816	728.57	-0.019354	6.7388e-05	0.09356	supercritical
721.0	1320.8	639.2	0.0015645	680.24	886.87	2.1319	1.0112	1.3817	729.43	-0.019445	6.7495e-05	0.093652	supercritical
721.0	1324.0	640.03	0.0015624	680.09	886.96	2.1313	1.0113	1.3818	730.29	-0.019535	6.7601e-05	0.093744	supercritical
721.0	1327.2	640.86	0.0015604	679.94	887.05	2.1307	1.0114	1.3818	731.14	-0.019625	6.7707e-05	0.093835	supercritical
721.0	1330.5	641.69	0.0015584	679.79	887.13	2.1301	1.0115	1.3819	732.0	-0.019715	6.7814e-05	0.093927	supercritical
721.0	1333.8	642.52	0.0015564	679.64	887.22	2.1295	1.0116	1.382	732.86	-0.019804	6.792e-05	0.094018	supercritical
721.0	1337.0	643.35	0.0015544	679.49	887.31	2.129	1.0117	1.382	733.71	-0.019893	6.8027e-05	0.094109	supercritical
721.0	1340.2	644.17	0.0015524	679.34	887.4	2.1284	1.0118	1.3821	734.57	-0.019981	6.8133e-05	0.094201	supercritical
721.0	1343.5	644.99	0.0015504	679.19	887.49	2.1278	1.0119	1.3822	735.42	-0.020069	6.8239e-05	0.094292	supercritical
721.0	1346.8	645.81	0.0015484	679.05	887.58	2.1272	1.012	1.3822	736.27	-0.020157	6.8346e-05	0.094383	supercritical
721.0	1350.0	646.63	0.0015465	678.9	887.67	2.1267	1.0121	1.3823	737.13	-0.020244	6.8452e-05	0.094474	supercritical
721.0	1353.2	647.44	0.0015445	678.75	887.76	2.1261	1.0122	1.3824	737.98	-0.020331	6.8558e-05	0.094565	supercritical
721.0	1356.5	648.26	0.0015426	678.6	887.86	2.1255	1.0123	1.3824	738.83	-0.020417	6.8664e-05	0.094655	supercritical
721.0	1359.8	649.07	0.0015407	678.46	887.95	2.125	1.0124	1.3825	739.68	-0.020502	6.877e-05	0.094746	supercritical
721.0	1363.0	649.88	0.0015387	678.31	888.04	2.1244	1.0125	1.3825	740.53	-0.020588	6.8877e-05	0.094837	supercritical
721.0	1366.2	650.69	0.0015368	678.16	888.13	2.1238	1.0126	1.3826	741.38	-0.020673	6.8983e-05	0.094927	supercritical
721.0	1369.5	651.5	0.0015349	678.02	888.23	2.1233	1.0127	1.3827	742.22	-0.020757	6.9089e-05	0.095018	supercritical
721.0	1372.8	652.3	0.001533	677.87	888.32	2.1227	1.0128	1.3827	743.07	-0.020841	6.9195e-05	0.095108	supercritical
721.0	1376.0	653.1	0.0015312	677.73	888.41	2.1221	1.0129	1.3828	743.92	-0.020925	6.9301e-05	0.095198	supercritical
721.0	1379.2	653.9	0.0015293	677.58	888.51	2.1216	1.0131	1.3829	744.76	-0.021008	6.9407e-05	0.095288	supercritical
721.0	1382.5	654.7	0.0015274	677.44	888.6	2.121	1.0132	1.3829	745.61	-0.021091	6.9513e-05	0.095378	supercritical
721.0	1385.8	655.5	0.0015256	677.29	888.7	2.1205	1.0133	1.383	746.45	-0.021173	6.9619e-05	0.095468	supercritical
721.0	1389.0	656.29	0.0015237	677.15	888.79	2.1199	1.0134	1.383	747.3	-0.021255	6.9725e-05	0.095558	supercritical
721.0	1392.2	657.09	0.0015219	677.01	888.89	2.1194	1.0135	1.3831	748.14	-0.021337	6.9831e-05	0.095648	supercritical
721.0	1395.5	657.88	0.00152	676.86	888.98	2.1188	1.0136	1.3831	748.98	-0.021418	6.9937e-05	0.095738	supercritical
721.0	1398.8	658.67	0.0015182	676.72	889.08	2.1183	1.0137	1.3832	749.83	-0.021499	7.0043e-05	0.095828	supercritical
721.0	1402.0	659.46	0.0015164	676.58	889.18	2.1177	1.0138	1.3833	750.67	-0.021579	7.0149e-05	0.095917	supercritical
721.0	1405.2	660.24	0.0015146	676.44	889.27	2.1172	1.0139	1.3833	751.51	-0.021659	7.0255e-05	0.096007	supercritical
721.0	1408.5	661.03	0.0015128	676.29	889.37	2.1166	1.014	1.3834	752.35	-0.021739	7.0361e-05	0.096096	supercritical
721.0	1411.8	661.81	0.001511	676.15	889.47	2.1161	1.0141	1.3834	753.19	-0.021818	7.0466e-05	0.096186	supercritical
721.0	1415.0	662.59	0.0015092	676.01	889.57	2.1155	1.0142	1.3835	754.02	-0.021897	7.0572e-05	0.096275	supercritical
721.0	1418.2	663.37	0.0015075	675.87	889.67	2.115	1.0143	1.3835	754.86	-0.021976	7.0678e-05	0.096364	supercritical
721.0	1421.5	664.15	0.0015057	675.73	889.77	2.1144	1.0144	1.3836	755.7	-0.022054	7.0784e-05	0.096454	supercritical
721.0	1424.8	664.92	0.0015039	675.59	889.87	2.1139	1.0145	1.3836	756.53	-0.022132	7.0889e-05	0.096543	supercritical
721.0	1428.0	665.69	0.0015022	675.45	889.97	2.1134	1.0146	1.3837	757.37	-0.022209	7.0995e-05	0.096632	supercritical
721.0	1431.2	666.47	0.0015005	675.31	890.07	2.1128	1.0147	1.3837	758.2	-0.022286	7.1101e-05	0.096721	supercritical
721.0	1434.5	667.24	0.0014987	675.17	890.17	2.1123	1.0148	1.3838	759.04	-0.022363	7.1206e-05	0.09681	supercritical
721.0	1437.8	668.0	0.001497	675.04	890.27	2.1117	1.0149	1.3838	759.87	-0.022439	7.1312e-05	0.096899	supercritical
721.0	1441.0	668.77	0.0014953	674.9	890.37	2.1112	1.015	1.3839	760.7	-0.022515	7.1417e-05	0.096987	supercritical
721.0	1444.2	669.54	0.0014936	674.76	890.47	2.1107	1.0151	1.3839	761.54	-0.02259	7.1523e-05	0.097076	supercritical
721.0	1447.5	670.3	0.0014919	674.62	890.57	2.1101	1.0152	1.384	762.37	-0.022666	7.1628e-05	0.097165	supercritical
721.0	1450.8	671.06	0.0014902	674.49	890.67	2.1096	1.0153	1.384	763.2	-0.02274	7.1734e-05	0.097253	supercritical
721.0	1454.0	671.82	0.0014885	674.35	890.78	2.1091	1.0154	1.3841	764.03	-0.022815	7.1839e-05	0.097342	supercritical
721.0	1457.2	672.58	0.0014868	674.21	890.88	2.1086	1.0155	1.3841	764.86	-0.022889	7.1945e-05	0.09743	supercritical
721.0	1460.5	673.34	0.0014851	674.08	890.98	2.108	1.0156	1.3842	765.68	-0.022963	7.205e-05	0.097519	supercritical
721.0	1463.8	674.09	0.0014835	673.94	891.08	2.1075	1.0157	1.3842	766.51	-0.023036	7.2156e-05	0.097607	supercritical
721.0	1467.0	674.84	0.0014818	673.8	891.19	2.107	1.0158	1.3843	767.34	-0.023109	7.2261e-05	0.097695	supercritical
721.0	1470.2	675.59	0.0014802	673.67	891.29	2.1065	1.0159	1.3843	768.17	-0.023182	7.2366e-05	0.097783	supercritical
721.0	1473.5	676.34	0.0014785	673.53	891.4	2.1059	1.016	1.3844	768.99	-0.023254	7.2472e-05	0.097871	supercritical
721.0	1476.8	677.09	0.0014769	673.4	891.5	2.1054	1.0161	1.3844	769.82	-0.023326	7.2577e-05	0.097959	supercritical
721.0	1480.0	677.84	0.0014753	673.27	891.61	2.1049	1.0162	1.3845	770.64	-0.023398	7.2682e-05	0.098047	supercritical
721.0	1483.2	678.58	0.0014737	673.13	891.71	2.1044	1.0163	1.3845	771.46	-0.02347	7.2787e-05	0.098135	supercritical
721.0	1486.5	679.33	0.001472	673.0	891.82	2.1039	1.0164	1.3846	772.29	-0.023541	7.2892e-05	0.098223	supercritical
721.0	1489.8	680.07	0.0014704	672.87	891.92	2.1033	1.0165	1.3846	773.11	-0.023611	7.2998e-05	0.098311	supercritical
721.0	1493.0	680.81	0.0014688	672.73	892.03	2.1028	1.0166	1.3846	773.93	-0.023682	7.3103e-05	0.098399	supercritical
721.0	1496.2	681.55	0.0014673	672.6	892.14	2.1023	1.0167	1.3847	774.75	-0.023752	7.3208e-05	0.098486	supercritical
721.0	1499.5	682.28	0.0014657	672.47	892.24	2.1018	1.0168	1.3847	775.57	-0.023821	7.3313e-05	0.098574	supercritical
721.0	1502.8	683.02	0.0014641	672.34	892.35	2.1013	1.0169	1.3848	776.39	-0.023891	7.3418e-05	0.098662	supercritical
721.0	1506.0	683.75	0.0014625	672.2	892.46	2.1008	1.017	1.3848	777.21	-0.02396	7.3523e-05	0.098749	supercritical
721.0	1509.2	684.48	0.001461	672.07	892.57	2.1003	1.0171	1.3849	778.03	-0.024029	7.3628e-05	0.098837	supercritical
721.0	1512.5	685.21	0.0014594	671.94	892.68	2.0998	1.0172	1.3849	778.85	-0.024097	7.3733e-05	0.098924	supercritical
721.0	1515.8	685.94	0.0014579	671.81	892.78	2.0993	1.0173	1.3849	779.66	-0.024165	7.3838e-05	0.099011	supercritical
721.0	1519.0	686.67	0.0014563	671.68	892.89	2.0988	1.0174	1.385	780.48	-0.024233	7.3943e-05	0.099099	supercritical
721.0	1522.2	687.39	0.0014548	671.55	893.0	2.0983	1.0175	1.385	781.29	-0.024301	7.4047e-05	0.099186	supercritical
721.0	1525.5	688.12	0.0014532	671.42	893.11	2.0977	1.0176	1.3851	782.11	-0.024368	7.4152e-05	0.099273	supercritical
721.0	1528.8	688.84	0.0014517	671.29	893.22	2.0972	1.0177	1.3851	782.92	-0.024435	7.4257e-05	0.09936	supercritical
721.0	1532.0	689.56	0.0014502	671.16	893.33	2.0967	1.0178	1.3851	783.74	-0.024501	7.4362e-05	0.099447	supercritical
721.0	1535.2	690.28	0.0014487	671.03	893.44	2.0962	1.0179	1.3852	784.55	-0.024568	7.4466e-05	0.099534	supercritical
721.0	1538.5	691.0	0.0014472	670.9	893.55	2.0957	1.018	1.3852	785.36	-0.024634	7.4571e-05	0.099621	supercritical
721.0	1541.8	691.71	0.0014457	670.78	893.66	2.0952	1.0181	1.3853	786.17	-0.024699	7.4676e-05	0.099708	supercritical
721.0	1545.0	692.43	0.0014442	670.65	893.78	2.0947	1.0182	1.3853	786.98	-0.024765	7.478e-05	0.099795	supercritical
721.0	1548.2	693.14	0.0014427	670.52	893.89	2.0943	1.0183	1.3853	787.79	-0.02483	7.4885e-05	0.099882	supercritical
721.0	1551.5	693.85	0.0014412	670.39	894.0	2.0938	1.0184	1.3854	788.6	-0.024894	7.499e-05	0.099969	supercritical
721.0	1554.8	694.56	0.0014398	670.27	894.11	2.0933	1.0185	1.3854	789.41	-0.024959	7.5094e-05	0.10006	supercritical
721.0	1558.0	695.27	0.0014383	670.14	894.22	2.0928	1.0186	1.3854	790.22	-0.025023	7.5199e-05	0.10014	supercritical
721.0	1561.2	695.98	0.0014368	670.01	894.34	2.0923	1.0187	1.3855	791.02	-0.025087	7.5303e-05	0.10023	supercritical
721.0	1564.5	696.69	0.0014354	669.89	894.45	2.0918	1.0188	1.3855	791.83	-0.025151	7.5408e-05	0.10032	supercritical
721.0	1567.8	697.39	0.0014339	669.76	894.56	2.0913	1.0189	1.3856	792.64	-0.025214	7.5512e-05	0.1004	supercritical
721.0	1571.0	698.09	0.0014325	669.64	894.68	2.0908	1.019	1.3856	793.44	-0.025277	7.5617e-05	0.10049	supercritical
721.0	1574.2	698.79	0.001431	669.51	894.79	2.0903	1.0191	1.3856	794.25	-0.02534	7.5721e-05	0.10057	supercritical
721.0	1577.5	699.49	0.0014296	669.38	894.91	2.0898	1.0192	1.3857	795.05	-0.025402	7.5825e-05	0.10066	supercritical
721.0	1580.8	700.19	0.0014282	669.26	895.02	2.0894	1.0193	1.3857	795.85	-0.025464	7.593e-05	0.10075	supercritical
721.0	1584.0	700.89	0.0014268	669.14	895.13	2.0889	1.0194	1.3857	796.65	-0.025526	7.6034e-05	0.10083	supercritical
721.0	1587.2	701.58	0.0014253	669.01	895.25	2.0884	1.0195	1.3858	797.46	-0.025588	7.6138e-05	0.10092	supercritical
721.0	1590.5	702.28	0.0014239	668.89	895.37	2.0879	1.0196	1.3858	798.26	-0.025649	7.6242e-05	0.10101	supercritical
721.0	1593.8	702.97	0.0014225	668.76	895.48	2.0874	1.0197	1.3858	799.06	-0.02571	7.6346e-05	0.10109	supercritical
721.0	1597.0	703.66	0.0014211	668.64	895.6	2.0869	1.0198	1.3859	799.86	-0.025771	7.6451e-05	0.10118	supercritical
721.0	1600.2	704.35	0.0014197	668.52	895.71	2.0865	1.0199	1.3859	800.66	-0.025832	7.6555e-05	0.10126	supercritical
721.0	1603.5	705.04	0.0014184	668.4	895.83	2.086	1.02	1.3859	801.45	-0.025892	7.6659e-05	0.10135	supercritical
721.0	1606.8	705.73	0.001417	668.27	895.95	2.0855	1.0201	1.386	802.25	-0.025952	7.6763e-05	0.10144	supercritical
721.0	1610.0	706.41	0.0014156	668.15	896.06	2.085	1.0202	1.386	803.05	-0.026012	7.6867e-05	0.10152	supercritical
721.0	1613.2	707.09	0.0014142	668.03	896.18	2.0846	1.0203	1.386	803.84	-0.026071	7.6971e-05	0.10161	supercritical
721.0	1616.5	707.78	0.0014129	667.91	896.3	2.0841	1.0204	1.3861	804.64	-0.02613	7.7075e-05	0.10169	supercritical
721.0	1619.8	708.46	0.0014115	667.79	896.42	2.0836	1.0205	1.3861	805.44	-0.026189	7.7179e-05	0.10178	supercritical
721.0	1623.0	709.14	0.0014102	667.66	896.53	2.0831	1.0206	1.3861	806.23	-0.026248	7.7283e-05	0.10187	supercritical
721.0	1626.2	709.82	0.0014088	667.54	896.65	2.0827	1.0207	1.3862	807.02	-0.026306	7.7386e-05	0.10195	supercritical
721.0	1629.5	710.49	0.0014075	667.42	896.77	2.0822	1.0208	1.3862	807.82	-0.026364	7.749e-05	0.10204	supercritical
721.0	1632.8	711.17	0.0014061	667.3	896.89	2.0817	1.0209	1.3862	808.61	-0.026422	7.7594e-05	0.10212	supercritical
721.0	1636.0	711.84	0.0014048	667.18	897.01	2.0813	1.021	1.3862	809.4	-0.02648	7.7698e-05	0.10221	supercritical
721.0	1639.2	712.52	0.0014035	667.06	897.13	2.0808	1.0211	1.3863	810.19	-0.026537	7.7802e-05	0.10229	supercritical
721.0	1642.5	713.19	0.0014022	666.94	897.25	2.0803	1.0212	1.3863	810.98	-0.026594	7.7905e-05	0.10238	supercritical
721.0	1645.8	713.86	0.0014008	666.83	897.37	2.0799	1.0213	1.3863	811.77	-0.026651	7.8009e-05	0.10247	supercritical
721.0	1649.0	714.53	0.0013995	666.71	897.49	2.0794	1.0214	1.3864	812.56	-0.026708	7.8113e-05	0.10255	supercritical
721.0	1652.2	715.19	0.0013982	666.59	897.61	2.0789	1.0215	1.3864	813.35	-0.026764	7.8216e-05	0.10264	supercritical
721.0	1655.5	715.86	0.0013969	666.47	897.73	2.0785	1.0216	1.3864	814.13	-0.02682	7.832e-05	0.10272	supercritical
721.0	1658.8	716.52	0.0013956	666.35	897.85	2.078	1.0217	1.3864	814.92	-0.026876	7.8423e-05	0.10281	supercritical
721.0	1662.0	717.19	0.0013943	666.23	897.97	2.0775	1.0218	1.3865	815.71	-0.026932	7.8527e-05	0.10289	supercritical
721.0	1665.2	717.85	0.001393	666.12	898.09	2.0771	1.0219	1.3865	816.49	-0.026987	7.863e-05	0.10298	supercritical
721.0	1668.5	718.51	0.0013918	666.0	898.22	2.0766	1.022	1.3865	817.28	-0.027042	7.8734e-05	0.10306	supercritical
721.0	1671.8	719.17	0.0013905	665.88	898.34	2.0762	1.0221	1.3866	818.06	-0.027097	7.8837e-05	0.10315	supercritical
721.0	1675.0	719.83	0.0013892	665.76	898.46	2.0757	1.0222	1.3866	818.84	-0.027152	7.8941e-05	0.10323	supercritical
721.0	1678.2	720.49	0.001388	665.65	898.58	2.0753	1.0223	1.3866	819.63	-0.027206	7.9044e-05	0.10332	supercritical
721.0	1681.5	721.14	0.0013867	665.53	898.7	2.0748	1.0224	1.3866	820.41	-0.02726	7.9147e-05	0.1034	supercritical
721.0	1684.8	721.79	0.0013854	665.42	898.83	2.0743	1.0225	1.3867	821.19	-0.027314	7.9251e-05	0.10349	supercritical
721.0	1688.0	722.45	0.0013842	665.3	898.95	2.0739	1.0226	1.3867	821.97	-0.027368	7.9354e-05	0.10358	supercritical
721.0	1691.2	723.1	0.0013829	665.19	899.07	2.0734	1.0227	1.3867	822.75	-0.027421	7.9457e-05	0.10366	supercritical
721.0	1694.5	723.75	0.0013817	665.07	899.2	2.073	1.0228	1.3867	823.53	-0.027475	7.956e-05	0.10375	supercritical
721.0	1697.8	724.4	0.0013805	664.96	899.32	2.0725	1.0229	1.3868	824.31	-0.027528	7.9664e-05	0.10383	supercritical
721.0	1701.0	725.05	0.0013792	664.84	899.45	2.0721	1.023	1.3868	825.08	-0.02758	7.9767e-05	0.10392	supercritical
721.0	1704.2	725.69	0.001378	664.73	899.57	2.0716	1.0231	1.3868	825.86	-0.027633	7.987e-05	0.104	supercritical
721.0	1707.5	726.34	0.0013768	664.61	899.7	2.0712	1.0232	1.3868	826.64	-0.027685	7.9973e-05	0.10409	supercritical
721.0	1710.8	726.98	0.0013755	664.5	899.82	2.0707	1.0233	1.3869	827.41	-0.027737	8.0076e-05	0.10417	supercritical
721.0	1714.0	727.63	0.0013743	664.38	899.95	2.0703	1.0234	1.3869	828.19	-0.027789	8.0179e-05	0.10425	supercritical
721.0	1717.2	728.27	0.0013731	664.27	900.07	2.0699	1.0235	1.3869	828.96	-0.027841	8.0282e-05	0.10434	supercritical
721.0	1720.5	728.91	0.0013719	664.16	900.2	2.0694	1.0236	1.3869	829.74	-0.027892	8.0385e-05	0.10442	supercritical
721.0	1723.8	729.55	0.0013707	664.04	900.32	2.069	1.0237	1.387	830.51	-0.027943	8.0488e-05	0.10451	supercritical
721.0	1727.0	730.18	0.0013695	663.93	900.45	2.0685	1.0238	1.387	831.28	-0.027994	8.0591e-05	0.10459	supercritical
721.0	1730.2	730.82	0.0013683	663.82	900.57	2.0681	1.0239	1.387	832.05	-0.028045	8.0693e-05	0.10468	supercritical
721.0	1733.5	731.46	0.0013671	663.71	900.7	2.0676	1.024	1.387	832.82	-0.028095	8.0796e-05	0.10476	supercritical
721.0	1736.8	732.09	0.001366	663.6	900.83	2.0672	1.0241	1.3871	833.59	-0.028146	8.0899e-05	0.10485	supercritical
721.0	1740.0	732.72	0.0013648	663.48	900.95	2.0668	1.0242	1.3871	834.36	-0.028196	8.1002e-05	0.10493	supercritical
721.0	1743.2	733.35	0.0013636	663.37	901.08	2.0663	1.0243	1.3871	835.13	-0.028245	8.1104e-05	0.10502	supercritical
721.0	1746.5	733.98	0.0013624	663.26	901.21	2.0659	1.0244	1.3871	835.9	-0.028295	8.1207e-05	0.1051	supercritical
721.0	1749.8	734.61	0.0013613	663.15	901.34	2.0654	1.0245	1.3872	836.67	-0.028344	8.131e-05	0.10519	supercritical
721.0	1753.0	735.24	0.0013601	663.04	901.46	2.065	1.0246	1.3872	837.44	-0.028394	8.1412e-05	0.10527	supercritical
721.0	1756.2	735.87	0.0013589	662.93	901.59	2.0646	1.0247	1.3872	838.2	-0.028443	8.1515e-05	0.10536	supercritical
721.0	1759.5	736.49	0.0013578	662.82	901.72	2.0641	1.0248	1.3872	838.97	-0.028491	8.1618e-05	0.10544	supercritical
721.0	1762.8	737.12	0.0013566	662.71	901.85	2.0637	1.0249	1.3872	839.73	-0.02854	8.172e-05	0.10553	supercritical
721.0	1766.0	737.74	0.0013555	662.6	901.98	2.0633	1.025	1.3873	840.5	-0.028588	8.1823e-05	0.10561	supercritical
721.0	1769.2	738.36	0.0013543	662.49	902.11	2.0628	1.0251	1.3873	841.26	-0.028636	8.1925e-05	0.10569	supercritical
721.0	1772.5	738.98	0.0013532	662.38	902.24	2.0624	1.0252	1.3873	842.02	-0.028684	8.2027e-05	0.10578	supercritical
721.0	1775.8	739.6	0.0013521	662.27	902.37	2.062	1.0253	1.3873	842.79	-0.028732	8.213e-05	0.10586	supercritical
721.0	1779.0	740.22	0.0013509	662.16	902.5	2.0616	1.0254	1.3874	843.55	-0.028779	8.2232e-05	0.10595	supercritical
721.0	1782.2	740.84	0.0013498	662.05	902.63	2.0611	1.0255	1.3874	844.31	-0.028827	8.2335e-05	0.10603	supercritical
721.0	1785.5	741.46	0.0013487	661.95	902.76	2.0607	1.0256	1.3874	845.07	-0.028874	8.2437e-05	0.10612	supercritical
721.0	1788.8	742.07	0.0013476	661.84	902.89	2.0603	1.0257	1.3874	845.83	-0.028921	8.2539e-05	0.1062	supercritical
721.0	1792.0	742.69	0.0013465	661.73	903.02	2.0598	1.0258	1.3874	846.59	-0.028967	8.2641e-05	0.10628	supercritical
721.0	1795.2	743.3	0.0013454	661.62	903.15	2.0594	1.0259	1.3875	847.34	-0.029014	8.2744e-05	0.10637	supercritical
721.0	1798.5	743.91	0.0013442	661.52	903.28	2.059	1.026	1.3875	848.1	-0.02906	8.2846e-05	0.10645	supercritical
721.0	1801.8	744.52	0.0013431	661.41	903.41	2.0586	1.0261	1.3875	848.86	-0.029106	8.2948e-05	0.10654	supercritical
721.0	1805.0	745.13	0.001342	661.3	903.54	2.0581	1.0262	1.3875	849.61	-0.029152	8.305e-05	0.10662	supercritical
721.0	1808.2	745.74	0.001341	661.19	903.67	2.0577	1.0263	1.3875	850.37	-0.029198	8.3152e-05	0.10671	supercritical
721.0	1811.5	746.35	0.0013399	661.09	903.8	2.0573	1.0264	1.3876	851.12	-0.029243	8.3254e-05	0.10679	supercritical
721.0	1814.8	746.95	0.0013388	660.98	903.94	2.0569	1.0265	1.3876	851.88	-0.029289	8.3356e-05	0.10687	supercritical
721.0	1818.0	747.56	0.0013377	660.88	904.07	2.0565	1.0266	1.3876	852.63	-0.029334	8.3458e-05	0.10696	supercritical
721.0	1821.2	748.16	0.0013366	660.77	904.2	2.056	1.0266	1.3876	853.38	-0.029379	8.356e-05	0.10704	supercritical
721.0	1824.5	748.76	0.0013355	660.66	904.33	2.0556	1.0267	1.3876	854.14	-0.029423	8.3662e-05	0.10713	supercritical
721.0	1827.8	749.36	0.0013345	660.56	904.47	2.0552	1.0268	1.3877	854.89	-0.029468	8.3764e-05	0.10721	supercritical
721.0	1831.0	749.96	0.0013334	660.45	904.6	2.0548	1.0269	1.3877	855.64	-0.029512	8.3866e-05	0.1073	supercritical
721.0	1834.2	750.56	0.0013323	660.35	904.73	2.0544	1.027	1.3877	856.39	-0.029556	8.3968e-05	0.10738	supercritical
721.0	1837.5	751.16	0.0013313	660.24	904.87	2.054	1.0271	1.3877	857.14	-0.0296	8.4069e-05	0.10746	supercritical
721.0	1840.8	751.76	0.0013302	660.14	905.0	2.0535	1.0272	1.3877	857.89	-0.029644	8.4171e-05	0.10755	supercritical
721.0	1844.0	752.36	0.0013292	660.04	905.13	2.0531	1.0273	1.3878	858.63	-0.029688	8.4273e-05	0.10763	supercritical
721.0	1847.2	752.95	0.0013281	659.93	905.27	2.0527	1.0274	1.3878	859.38	-0.029731	8.4375e-05	0.10772	supercritical
721.0	1850.5	753.54	0.0013271	659.83	905.4	2.0523	1.0275	1.3878	860.13	-0.029774	8.4476e-05	0.1078	supercritical
721.0	1853.8	754.14	0.001326	659.72	905.54	2.0519	1.0276	1.3878	860.87	-0.029817	8.4578e-05	0.10788	supercritical
721.0	1857.0	754.73	0.001325	659.62	905.67	2.0515	1.0277	1.3878	861.62	-0.02986	8.468e-05	0.10797	supercritical
721.0	1860.2	755.32	0.0013239	659.52	905.81	2.0511	1.0278	1.3879	862.36	-0.029903	8.4781e-05	0.10805	supercritical
721.0	1863.5	755.91	0.0013229	659.42	905.94	2.0507	1.0279	1.3879	863.11	-0.029945	8.4883e-05	0.10814	supercritical
721.0	1866.8	756.5	0.0013219	659.31	906.08	2.0503	1.028	1.3879	863.85	-0.029987	8.4984e-05	0.10822	supercritical
721.0	1870.0	757.08	0.0013209	659.21	906.21	2.0498	1.0281	1.3879	864.59	-0.030029	8.5086e-05	0.1083	supercritical
721.0	1873.2	757.67	0.0013198	659.11	906.35	2.0494	1.0282	1.3879	865.34	-0.030071	8.5187e-05	0.10839	supercritical
721.0	1876.5	758.26	0.0013188	659.01	906.48	2.049	1.0283	1.3879	866.08	-0.030113	8.5289e-05	0.10847	supercritical
721.0	1879.8	758.84	0.0013178	658.9	906.62	2.0486	1.0284	1.388	866.82	-0.030155	8.539e-05	0.10856	supercritical
721.0	1883.0	759.42	0.0013168	658.8	906.75	2.0482	1.0285	1.388	867.56	-0.030196	8.5491e-05	0.10864	supercritical
721.0	1886.2	760.01	0.0013158	658.7	906.89	2.0478	1.0286	1.388	868.3	-0.030237	8.5593e-05	0.10872	supercritical
721.0	1889.5	760.59	0.0013148	658.6	907.03	2.0474	1.0287	1.388	869.04	-0.030278	8.5694e-05	0.10881	supercritical
721.0	1892.8	761.17	0.0013138	658.5	907.16	2.047	1.0288	1.388	869.77	-0.030319	8.5795e-05	0.10889	supercritical
721.0	1896.0	761.75	0.0013128	658.4	907.3	2.0466	1.0289	1.3881	870.51	-0.03036	8.5896e-05	0.10898	supercritical
721.0	1899.2	762.32	0.0013118	658.3	907.44	2.0462	1.029	1.3881	871.25	-0.0304	8.5998e-05	0.10906	supercritical
721.0	1902.5	762.9	0.0013108	658.2	907.57	2.0458	1.0291	1.3881	871.98	-0.030441	8.6099e-05	0.10914	supercritical
721.0	1905.8	763.48	0.0013098	658.1	907.71	2.0454	1.0292	1.3881	872.72	-0.030481	8.62e-05	0.10923	supercritical
721.0	1909.0	764.05	0.0013088	658.0	907.85	2.045	1.0293	1.3881	873.45	-0.030521	8.6301e-05	0.10931	supercritical
721.0	1912.2	764.63	0.0013078	657.9	907.99	2.0446	1.0294	1.3881	874.19	-0.03056	8.6402e-05	0.10939	supercritical
721.0	1915.5	765.2	0.0013068	657.8	908.13	2.0442	1.0295	1.3882	874.92	-0.0306	8.6503e-05	0.10948	supercritical
721.0	1918.8	765.77	0.0013059	657.7	908.26	2.0438	1.0296	1.3882	875.65	-0.03064	8.6604e-05	0.10956	supercritical
721.0	1922.0	766.34	0.0013049	657.6	908.4	2.0434	1.0297	1.3882	876.39	-0.030679	8.6705e-05	0.10965	supercritical
721.0	1925.2	766.91	0.0013039	657.5	908.54	2.043	1.0297	1.3882	877.12	-0.030718	8.6806e-05	0.10973	supercritical
721.0	1928.5	767.48	0.001303	657.4	908.68	2.0426	1.0298	1.3882	877.85	-0.030757	8.6907e-05	0.10981	supercritical
721.0	1931.8	768.05	0.001302	657.3	908.82	2.0422	1.0299	1.3882	878.58	-0.030796	8.7008e-05	0.1099	supercritical
721.0	1935.0	768.62	0.001301	657.21	908.96	2.0418	1.03	1.3883	879.31	-0.030834	8.7109e-05	0.10998	supercritical
721.0	1938.2	769.18	0.0013001	657.11	909.1	2.0414	1.0301	1.3883	880.03	-0.030873	8.721e-05	0.11006	supercritical
721.0	1941.5	769.75	0.0012991	657.01	909.24	2.0411	1.0302	1.3883	880.76	-0.030911	8.731e-05	0.11015	supercritical
721.0	1944.8	770.31	0.0012982	656.91	909.38	2.0407	1.0303	1.3883	881.49	-0.030949	8.7411e-05	0.11023	supercritical
721.0	1948.0	770.87	0.0012972	656.81	909.51	2.0403	1.0304	1.3883	882.22	-0.030987	8.7512e-05	0.11032	supercritical
721.0	1951.2	771.44	0.0012963	656.72	909.65	2.0399	1.0305	1.3883	882.94	-0.031025	8.7613e-05	0.1104	supercritical
721.0	1954.5	772.0	0.0012953	656.62	909.79	2.0395	1.0306	1.3884	883.67	-0.031063	8.7713e-05	0.11048	supercritical
721.0	1957.8	772.56	0.0012944	656.52	909.94	2.0391	1.0307	1.3884	884.39	-0.0311	8.7814e-05	0.11057	supercritical
721.0	1961.0	773.12	0.0012935	656.43	910.08	2.0387	1.0308	1.3884	885.12	-0.031138	8.7915e-05	0.11065	supercritical
721.0	1964.2	773.68	0.0012925	656.33	910.22	2.0383	1.0309	1.3884	885.84	-0.031175	8.8015e-05	0.11073	supercritical
721.0	1967.5	774.23	0.0012916	656.23	910.36	2.0379	1.031	1.3884	886.56	-0.031212	8.8116e-05	0.11082	supercritical
721.0	1970.8	774.79	0.0012907	656.14	910.5	2.0376	1.0311	1.3884	887.28	-0.031249	8.8216e-05	0.1109	supercritical
721.0	1974.0	775.35	0.0012897	656.04	910.64	2.0372	1.0312	1.3885	888.01	-0.031286	8.8317e-05	0.11099	supercritical
721.0	1977.2	775.9	0.0012888	655.95	910.78	2.0368	1.0313	1.3885	888.73	-0.031322	8.8417e-05	0.11107	supercritical
721.0	1980.5	776.45	0.0012879	655.85	910.92	2.0364	1.0314	1.3885	889.45	-0.031358	8.8518e-05	0.11115	supercritical
721.0	1983.8	777.01	0.001287	655.76	911.06	2.036	1.0315	1.3885	890.17	-0.031395	8.8618e-05	0.11124	supercritical
721.0	1987.0	777.56	0.0012861	655.66	911.2	2.0356	1.0316	1.3885	890.88	-0.031431	8.8719e-05	0.11132	supercritical
721.0	1990.2	778.11	0.0012852	655.57	911.35	2.0352	1.0317	1.3885	891.6	-0.031467	8.8819e-05	0.1114	supercritical
721.0	1993.5	778.66	0.0012843	655.47	911.49	2.0349	1.0318	1.3886	892.32	-0.031503	8.8919e-05	0.11149	supercritical
721.0	1996.8	779.21	0.0012834	655.38	911.63	2.0345	1.0319	1.3886	893.04	-0.031538	8.902e-05	0.11157	supercritical
721.0	2000.0	779.75	0.0012825	655.28	911.77	2.0341	1.032	1.3886	893.75	-0.031574	8.912e-05	0.11166	supercritical
