Temperature (K)	Pressure (bar)	Density (kg/m3)	Volume (m3/kg)	Internal Energy (kJ/kg)	Enthalpy (kJ/kg)	Entropy (J/g*K)	Cv (J/g*K)	Cp (J/g*K)	Sound Spd. (m/s)	Joule-Thomson (K/bar)	Viscosity (Pa*s)	Therm. Cond. (W/m*K)	Phase
691.0	56.5	43.325	0.023081	761.12	891.53	2.7926	0.93862	1.1524	400.27	0.12833	3.1817e-05	0.049772	vapor
691.0	59.75	45.816	0.021827	760.64	891.05	2.7813	0.93892	1.1542	400.56	0.12759	3.1855e-05	0.049861	vapor
691.0	63.0	48.305	0.020702	760.15	890.57	2.7706	0.93923	1.1559	400.86	0.12685	3.1894e-05	0.049949	vapor
691.0	66.25	50.794	0.019687	759.67	890.1	2.7605	0.93953	1.1576	401.16	0.12612	3.1933e-05	0.050038	vapor
691.0	69.5	53.282	0.018768	759.18	889.62	2.7507	0.93983	1.1593	401.47	0.12538	3.1973e-05	0.050125	vapor
691.0	72.75	55.769	0.017931	758.7	889.15	2.7414	0.94013	1.1611	401.78	0.12465	3.2013e-05	0.050213	vapor
691.0	76.0	58.255	0.017166	758.22	888.68	2.7325	0.94043	1.1628	402.1	0.12392	3.2053e-05	0.0503	vapor
691.0	76.0	58.255	0.017166	758.22	888.68	2.7325	0.94043	1.1628	402.1	0.12392	3.2053e-05	0.0503	supercritical
691.0	76.0	58.255	0.017166	758.22	888.68	2.7325	0.94043	1.1628	402.1	0.12392	3.2053e-05	0.0503	supercritical
691.0	79.25	60.739	0.016464	757.74	888.21	2.7239	0.94073	1.1645	402.43	0.12319	3.2094e-05	0.050387	supercritical
691.0	82.5	63.223	0.015817	757.26	887.75	2.7157	0.94103	1.1662	402.76	0.12246	3.2135e-05	0.050474	supercritical
691.0	85.75	65.705	0.01522	756.78	887.29	2.7077	0.94133	1.1679	403.1	0.12173	3.2177e-05	0.05056	supercritical
691.0	89.0	68.186	0.014666	756.3	886.83	2.7	0.94163	1.1696	403.44	0.121	3.2218e-05	0.050647	supercritical
691.0	92.25	70.665	0.014151	755.82	886.37	2.6926	0.94192	1.1713	403.79	0.12027	3.2261e-05	0.050733	supercritical
691.0	95.5	73.143	0.013672	755.34	885.91	2.6854	0.94222	1.173	404.15	0.11954	3.2304e-05	0.050819	supercritical
691.0	98.75	75.62	0.013224	754.87	885.46	2.6784	0.94251	1.1747	404.51	0.11881	3.2347e-05	0.050906	supercritical
691.0	102.0	78.095	0.012805	754.39	885.0	2.6716	0.94281	1.1764	404.88	0.11809	3.2391e-05	0.050992	supercritical
691.0	105.25	80.568	0.012412	753.92	884.55	2.665	0.9431	1.1781	405.25	0.11736	3.2435e-05	0.051078	supercritical
691.0	108.5	83.039	0.012043	753.44	884.1	2.6586	0.94339	1.1798	405.63	0.11664	3.2479e-05	0.051164	supercritical
691.0	111.75	85.508	0.011695	752.97	883.66	2.6524	0.94368	1.1815	406.01	0.11591	3.2524e-05	0.051251	supercritical
691.0	115.0	87.975	0.011367	752.5	883.21	2.6463	0.94397	1.1831	406.4	0.11519	3.2569e-05	0.051338	supercritical
691.0	118.25	90.441	0.011057	752.02	882.77	2.6404	0.94426	1.1848	406.8	0.11446	3.2615e-05	0.051424	supercritical
691.0	121.5	92.904	0.010764	751.55	882.33	2.6346	0.94454	1.1865	407.2	0.11374	3.2662e-05	0.051511	supercritical
691.0	124.75	95.365	0.010486	751.08	881.89	2.629	0.94483	1.1881	407.61	0.11301	3.2708e-05	0.051598	supercritical
691.0	128.0	97.824	0.010222	750.61	881.46	2.6235	0.94511	1.1898	408.02	0.11229	3.2755e-05	0.051686	supercritical
691.0	131.25	100.28	0.0099721	750.14	881.03	2.6181	0.9454	1.1914	408.44	0.11157	3.2803e-05	0.051774	supercritical
691.0	134.5	102.73	0.0097339	749.67	880.6	2.6129	0.94568	1.1931	408.86	0.11084	3.2851e-05	0.051861	supercritical
691.0	137.75	105.19	0.009507	749.21	880.17	2.6077	0.94596	1.1947	409.29	0.11012	3.29e-05	0.05195	supercritical
691.0	141.0	107.63	0.0092907	748.74	879.74	2.6027	0.94624	1.1964	409.73	0.1094	3.2949e-05	0.052038	supercritical
691.0	144.25	110.08	0.0090842	748.28	879.32	2.5978	0.94652	1.198	410.17	0.10867	3.2998e-05	0.052127	supercritical
691.0	147.5	112.52	0.008887	747.81	878.89	2.5929	0.9468	1.1996	410.62	0.10795	3.3048e-05	0.052217	supercritical
691.0	150.75	114.97	0.0086983	747.35	878.47	2.5882	0.94708	1.2012	411.08	0.10723	3.3099e-05	0.052306	supercritical
691.0	154.0	117.4	0.0085177	746.88	878.06	2.5835	0.94736	1.2028	411.54	0.1065	3.315e-05	0.052396	supercritical
691.0	157.25	119.84	0.0083446	746.42	877.64	2.579	0.94763	1.2044	412.0	0.10578	3.3201e-05	0.052487	supercritical
691.0	160.5	122.27	0.0081786	745.96	877.23	2.5745	0.94791	1.206	412.47	0.10506	3.3253e-05	0.052578	supercritical
691.0	163.75	124.7	0.0080193	745.5	876.82	2.5701	0.94818	1.2076	412.95	0.10433	3.3305e-05	0.05267	supercritical
691.0	167.0	127.12	0.0078663	745.04	876.41	2.5658	0.94845	1.2092	413.43	0.10361	3.3358e-05	0.052761	supercritical
691.0	170.25	129.55	0.0077192	744.58	876.0	2.5615	0.94872	1.2108	413.92	0.10289	3.3411e-05	0.052854	supercritical
691.0	173.5	131.97	0.0075777	744.13	875.6	2.5573	0.94899	1.2123	414.42	0.10217	3.3465e-05	0.052947	supercritical
691.0	176.75	134.38	0.0074415	743.67	875.2	2.5532	0.94926	1.2139	414.92	0.10144	3.3519e-05	0.05304	supercritical
691.0	180.0	136.79	0.0073102	743.22	874.8	2.5492	0.94953	1.2155	415.43	0.10072	3.3574e-05	0.053134	supercritical
691.0	183.25	139.2	0.0071837	742.76	874.4	2.5452	0.9498	1.217	415.94	0.099999	3.363e-05	0.053229	supercritical
691.0	186.5	141.61	0.0070617	742.31	874.01	2.5413	0.95006	1.2185	416.46	0.099277	3.3685e-05	0.053324	supercritical
691.0	189.75	144.01	0.006944	741.85	873.62	2.5374	0.95032	1.2201	416.99	0.098555	3.3742e-05	0.05342	supercritical
691.0	193.0	146.41	0.0068302	741.4	873.23	2.5336	0.95059	1.2216	417.52	0.097834	3.3798e-05	0.053516	supercritical
691.0	196.25	148.8	0.0067204	740.95	872.84	2.5299	0.95085	1.2231	418.06	0.097113	3.3856e-05	0.053613	supercritical
691.0	199.5	151.19	0.0066141	740.5	872.45	2.5262	0.95111	1.2246	418.6	0.096393	3.3913e-05	0.05371	supercritical
691.0	202.75	153.58	0.0065113	740.05	872.07	2.5225	0.95137	1.2261	419.15	0.095673	3.3972e-05	0.053808	supercritical
691.0	206.0	155.96	0.0064119	739.61	871.69	2.5189	0.95163	1.2276	419.7	0.094953	3.4031e-05	0.053907	supercritical
691.0	209.25	158.34	0.0063156	739.16	871.31	2.5154	0.95188	1.2291	420.26	0.094234	3.409e-05	0.054006	supercritical
691.0	212.5	160.71	0.0062223	738.72	870.94	2.5119	0.95214	1.2306	420.83	0.093515	3.415e-05	0.054106	supercritical
691.0	215.75	163.08	0.0061319	738.27	870.57	2.5085	0.9524	1.232	421.4	0.092797	3.421e-05	0.054207	supercritical
691.0	219.0	165.45	0.0060442	737.83	870.2	2.5051	0.95265	1.2335	421.98	0.09208	3.4271e-05	0.054308	supercritical
691.0	222.25	167.81	0.0059592	737.39	869.83	2.5017	0.9529	1.2349	422.57	0.091364	3.4332e-05	0.054409	supercritical
691.0	225.5	170.16	0.0058767	736.94	869.46	2.4984	0.95315	1.2364	423.16	0.090648	3.4394e-05	0.054512	supercritical
691.0	228.75	172.52	0.0057965	736.5	869.1	2.4951	0.9534	1.2378	423.75	0.089933	3.4456e-05	0.054615	supercritical
691.0	232.0	174.86	0.0057187	736.07	868.74	2.4919	0.95365	1.2392	424.36	0.089219	3.4519e-05	0.054719	supercritical
691.0	235.25	177.21	0.0056431	735.63	868.38	2.4887	0.9539	1.2407	424.96	0.088505	3.4582e-05	0.054823	supercritical
691.0	238.5	179.55	0.0055696	735.19	868.03	2.4855	0.95415	1.2421	425.58	0.087793	3.4646e-05	0.054928	supercritical
691.0	241.75	181.88	0.0054982	734.75	867.67	2.4824	0.95439	1.2435	426.2	0.087082	3.471e-05	0.055033	supercritical
691.0	245.0	184.21	0.0054287	734.32	867.32	2.4794	0.95464	1.2448	426.82	0.086372	3.4775e-05	0.05514	supercritical
691.0	248.25	186.53	0.005361	733.89	866.97	2.4763	0.95488	1.2462	427.45	0.085663	3.484e-05	0.055246	supercritical
691.0	251.5	188.85	0.0052952	733.45	866.63	2.4733	0.95512	1.2476	428.09	0.084955	3.4906e-05	0.055354	supercritical
691.0	254.75	191.16	0.0052311	733.02	866.28	2.4703	0.95536	1.2489	428.73	0.084249	3.4972e-05	0.055462	supercritical
691.0	258.0	193.47	0.0051687	732.59	865.94	2.4674	0.9556	1.2503	429.38	0.083544	3.5039e-05	0.055571	supercritical
691.0	261.25	195.78	0.0051078	732.16	865.61	2.4645	0.95584	1.2516	430.04	0.08284	3.5107e-05	0.05568	supercritical
691.0	264.5	198.08	0.0050486	731.74	865.27	2.4616	0.95608	1.253	430.7	0.082138	3.5174e-05	0.05579	supercritical
691.0	267.75	200.37	0.0049908	731.31	864.94	2.4588	0.95632	1.2543	431.36	0.081437	3.5243e-05	0.055901	supercritical
691.0	271.0	202.66	0.0049344	730.88	864.61	2.456	0.95655	1.2556	432.03	0.080738	3.5311e-05	0.056012	supercritical
691.0	274.25	204.94	0.0048795	730.46	864.28	2.4532	0.95678	1.2569	432.71	0.08004	3.5381e-05	0.056124	supercritical
691.0	277.5	207.22	0.0048258	730.04	863.95	2.4504	0.95702	1.2582	433.39	0.079345	3.545e-05	0.056237	supercritical
691.0	280.75	209.49	0.0047735	729.61	863.63	2.4477	0.95725	1.2594	434.08	0.078651	3.5521e-05	0.05635	supercritical
691.0	284.0	211.76	0.0047224	729.19	863.31	2.445	0.95748	1.2607	434.77	0.077958	3.5591e-05	0.056463	supercritical
691.0	287.25	214.02	0.0046725	728.77	862.99	2.4423	0.95771	1.262	435.47	0.077268	3.5663e-05	0.056578	supercritical
691.0	290.5	216.27	0.0046238	728.35	862.67	2.4397	0.95794	1.2632	436.18	0.076579	3.5734e-05	0.056693	supercritical
691.0	293.75	218.52	0.0045762	727.94	862.36	2.4371	0.95817	1.2645	436.88	0.075893	3.5806e-05	0.056808	supercritical
691.0	297.0	220.77	0.0045297	727.52	862.05	2.4345	0.95839	1.2657	437.6	0.075209	3.5879e-05	0.056924	supercritical
691.0	300.25	223.01	0.0044842	727.1	861.74	2.4319	0.95862	1.2669	438.32	0.074526	3.5952e-05	0.057041	supercritical
691.0	303.5	225.24	0.0044397	726.69	861.44	2.4294	0.95884	1.2681	439.04	0.073846	3.6026e-05	0.057158	supercritical
691.0	306.75	227.47	0.0043963	726.28	861.13	2.4269	0.95907	1.2693	439.77	0.073168	3.61e-05	0.057276	supercritical
691.0	310.0	229.69	0.0043538	725.87	860.83	2.4244	0.95929	1.2705	440.51	0.072493	3.6175e-05	0.057394	supercritical
691.0	313.25	231.9	0.0043122	725.46	860.54	2.4219	0.95951	1.2717	441.25	0.07182	3.625e-05	0.057513	supercritical
691.0	316.5	234.11	0.0042715	725.05	860.24	2.4194	0.95973	1.2729	442.0	0.071149	3.6325e-05	0.057633	supercritical
691.0	319.75	236.31	0.0042316	724.64	859.95	2.417	0.95995	1.274	442.75	0.07048	3.6401e-05	0.057753	supercritical
691.0	323.0	238.51	0.0041927	724.23	859.66	2.4146	0.96016	1.2752	443.5	0.069814	3.6478e-05	0.057873	supercritical
691.0	326.25	240.7	0.0041545	723.83	859.37	2.4122	0.96038	1.2763	444.26	0.069151	3.6554e-05	0.057994	supercritical
691.0	329.5	242.89	0.0041171	723.42	859.08	2.4099	0.9606	1.2775	445.03	0.06849	3.6632e-05	0.058115	supercritical
691.0	332.75	245.07	0.0040805	723.02	858.8	2.4075	0.96081	1.2786	445.8	0.067832	3.671e-05	0.058237	supercritical
691.0	336.0	247.24	0.0040446	722.62	858.52	2.4052	0.96102	1.2797	446.58	0.067177	3.6788e-05	0.05836	supercritical
691.0	339.25	249.41	0.0040095	722.22	858.24	2.4029	0.96124	1.2808	447.36	0.066524	3.6867e-05	0.058483	supercritical
691.0	342.5	251.57	0.0039751	721.82	857.96	2.4007	0.96145	1.2819	448.14	0.065874	3.6946e-05	0.058606	supercritical
691.0	345.75	253.72	0.0039413	721.42	857.69	2.3984	0.96166	1.283	448.93	0.065227	3.7025e-05	0.05873	supercritical
691.0	349.0	255.87	0.0039082	721.02	857.42	2.3962	0.96187	1.284	449.72	0.064583	3.7105e-05	0.058854	supercritical
691.0	352.25	258.01	0.0038758	720.63	857.15	2.3939	0.96208	1.2851	450.52	0.063942	3.7186e-05	0.058979	supercritical
691.0	355.5	260.15	0.0038439	720.23	856.89	2.3917	0.96228	1.2862	451.33	0.063303	3.7267e-05	0.059104	supercritical
691.0	358.75	262.28	0.0038127	719.84	856.62	2.3896	0.96249	1.2872	452.13	0.062668	3.7348e-05	0.05923	supercritical
691.0	362.0	264.4	0.0037821	719.45	856.36	2.3874	0.9627	1.2882	452.95	0.062036	3.743e-05	0.059356	supercritical
691.0	365.25	266.52	0.0037521	719.06	856.1	2.3853	0.9629	1.2893	453.76	0.061406	3.7512e-05	0.059482	supercritical
691.0	368.5	268.63	0.0037226	718.67	855.85	2.3831	0.9631	1.2903	454.58	0.06078	3.7595e-05	0.059609	supercritical
691.0	371.75	270.73	0.0036937	718.28	855.59	2.381	0.96331	1.2913	455.41	0.060157	3.7678e-05	0.059736	supercritical
691.0	375.0	272.83	0.0036653	717.89	855.34	2.3789	0.96351	1.2923	456.24	0.059538	3.7761e-05	0.059864	supercritical
691.0	378.25	274.92	0.0036374	717.51	855.09	2.3768	0.96371	1.2933	457.07	0.058921	3.7845e-05	0.059992	supercritical
691.0	381.5	277.0	0.00361	717.12	854.85	2.3748	0.96391	1.2943	457.91	0.058308	3.7929e-05	0.06012	supercritical
691.0	384.75	279.08	0.0035832	716.74	854.6	2.3727	0.96411	1.2952	458.75	0.057697	3.8014e-05	0.060249	supercritical
691.0	388.0	281.15	0.0035568	716.36	854.36	2.3707	0.96431	1.2962	459.59	0.057091	3.8099e-05	0.060378	supercritical
691.0	391.25	283.22	0.0035308	715.98	854.12	2.3687	0.9645	1.2971	460.44	0.056487	3.8185e-05	0.060507	supercritical
691.0	394.5	285.28	0.0035054	715.6	853.89	2.3667	0.9647	1.2981	461.29	0.055887	3.827e-05	0.060637	supercritical
691.0	397.75	287.33	0.0034803	715.22	853.65	2.3647	0.96489	1.299	462.15	0.05529	3.8357e-05	0.060767	supercritical
691.0	401.0	289.37	0.0034557	714.84	853.42	2.3627	0.96509	1.2999	463.01	0.054697	3.8443e-05	0.060897	supercritical
691.0	404.25	291.41	0.0034315	714.47	853.19	2.3608	0.96528	1.3009	463.87	0.054107	3.853e-05	0.061027	supercritical
691.0	407.5	293.45	0.0034078	714.09	852.96	2.3589	0.96547	1.3018	464.74	0.053521	3.8618e-05	0.061158	supercritical
691.0	410.75	295.47	0.0033844	713.72	852.74	2.3569	0.96566	1.3027	465.61	0.052938	3.8706e-05	0.061289	supercritical
691.0	414.0	297.49	0.0033615	713.35	852.51	2.355	0.96586	1.3036	466.48	0.052358	3.8794e-05	0.06142	supercritical
691.0	417.25	299.5	0.0033389	712.98	852.29	2.3531	0.96605	1.3044	467.36	0.051782	3.8883e-05	0.061552	supercritical
691.0	420.5	301.51	0.0033167	712.61	852.07	2.3512	0.96623	1.3053	468.24	0.051209	3.8971e-05	0.061684	supercritical
691.0	423.75	303.51	0.0032948	712.24	851.86	2.3494	0.96642	1.3062	469.13	0.05064	3.9061e-05	0.061816	supercritical
691.0	427.0	305.5	0.0032733	711.87	851.64	2.3475	0.96661	1.307	470.01	0.050075	3.915e-05	0.061948	supercritical
691.0	430.25	307.49	0.0032522	711.51	851.43	2.3457	0.9668	1.3079	470.9	0.049513	3.924e-05	0.06208	supercritical
691.0	433.5	309.47	0.0032314	711.14	851.22	2.3439	0.96698	1.3087	471.8	0.048954	3.9331e-05	0.062213	supercritical
691.0	436.75	311.44	0.0032109	710.78	851.02	2.342	0.96717	1.3096	472.69	0.048399	3.9422e-05	0.062346	supercritical
691.0	440.0	313.4	0.0031908	710.42	850.81	2.3402	0.96735	1.3104	473.59	0.047848	3.9513e-05	0.062479	supercritical
691.0	443.25	315.36	0.0031709	710.06	850.61	2.3385	0.96753	1.3112	474.5	0.0473	3.9604e-05	0.062612	supercritical
691.0	446.5	317.32	0.0031514	709.7	850.41	2.3367	0.96772	1.312	475.4	0.046756	3.9696e-05	0.062745	supercritical
691.0	449.75	319.26	0.0031322	709.34	850.21	2.3349	0.9679	1.3128	476.31	0.046215	3.9788e-05	0.062879	supercritical
691.0	453.0	321.2	0.0031133	708.98	850.01	2.3332	0.96808	1.3136	477.22	0.045678	3.988e-05	0.063013	supercritical
691.0	456.25	323.14	0.0030947	708.63	849.82	2.3314	0.96826	1.3144	478.13	0.045144	3.9973e-05	0.063146	supercritical
691.0	459.5	325.06	0.0030763	708.27	849.63	2.3297	0.96844	1.3152	479.05	0.044614	4.0066e-05	0.06328	supercritical
691.0	462.75	326.98	0.0030583	707.92	849.44	2.328	0.96862	1.3159	479.97	0.044088	4.016e-05	0.063414	supercritical
691.0	466.0	328.9	0.0030405	707.56	849.25	2.3263	0.96879	1.3167	480.89	0.043565	4.0253e-05	0.063549	supercritical
691.0	469.25	330.8	0.0030229	707.21	849.07	2.3246	0.96897	1.3175	481.82	0.043046	4.0348e-05	0.063683	supercritical
691.0	472.5	332.7	0.0030057	706.86	848.88	2.3229	0.96915	1.3182	482.74	0.04253	4.0442e-05	0.063817	supercritical
691.0	475.75	334.6	0.0029887	706.52	848.7	2.3212	0.96932	1.319	483.67	0.042018	4.0537e-05	0.063952	supercritical
691.0	479.0	336.48	0.0029719	706.17	848.52	2.3196	0.9695	1.3197	484.6	0.04151	4.0632e-05	0.064086	supercritical
691.0	482.25	338.36	0.0029554	705.82	848.34	2.3179	0.96967	1.3204	485.54	0.041005	4.0727e-05	0.064221	supercritical
691.0	485.5	340.24	0.0029391	705.48	848.17	2.3163	0.96984	1.3211	486.47	0.040504	4.0823e-05	0.064356	supercritical
691.0	488.75	342.11	0.0029231	705.13	848.0	2.3146	0.97002	1.3219	487.41	0.040006	4.0918e-05	0.06449	supercritical
691.0	492.0	343.97	0.0029073	704.79	847.83	2.313	0.97019	1.3226	488.35	0.039511	4.1015e-05	0.064625	supercritical
691.0	495.25	345.82	0.0028917	704.45	847.66	2.3114	0.97036	1.3233	489.29	0.039021	4.1111e-05	0.06476	supercritical
691.0	498.5	347.67	0.0028763	704.11	847.49	2.3098	0.97053	1.324	490.24	0.038533	4.1208e-05	0.064895	supercritical
691.0	501.75	349.51	0.0028611	703.77	847.33	2.3082	0.9707	1.3246	491.18	0.03805	4.1305e-05	0.06503	supercritical
691.0	505.0	351.35	0.0028462	703.43	847.16	2.3066	0.97087	1.3253	492.13	0.037569	4.1402e-05	0.065165	supercritical
691.0	508.25	353.17	0.0028315	703.09	847.0	2.3051	0.97104	1.326	493.08	0.037092	4.15e-05	0.0653	supercritical
691.0	511.5	355.0	0.0028169	702.76	846.84	2.3035	0.9712	1.3267	494.03	0.036619	4.1598e-05	0.065435	supercritical
691.0	514.75	356.81	0.0028026	702.42	846.69	2.302	0.97137	1.3273	494.99	0.036149	4.1696e-05	0.06557	supercritical
691.0	518.0	358.62	0.0027885	702.09	846.53	2.3004	0.97154	1.328	495.94	0.035683	4.1794e-05	0.065705	supercritical
691.0	521.25	360.43	0.0027745	701.76	846.38	2.2989	0.9717	1.3286	496.9	0.03522	4.1893e-05	0.06584	supercritical
691.0	524.5	362.22	0.0027607	701.43	846.23	2.2974	0.97187	1.3293	497.86	0.03476	4.1992e-05	0.065975	supercritical
691.0	527.75	364.01	0.0027472	701.1	846.08	2.2959	0.97203	1.3299	498.82	0.034304	4.2091e-05	0.06611	supercritical
691.0	531.0	365.8	0.0027338	700.77	845.93	2.2944	0.9722	1.3305	499.78	0.033851	4.2191e-05	0.066245	supercritical
691.0	534.25	367.57	0.0027205	700.44	845.79	2.2929	0.97236	1.3311	500.74	0.033401	4.229e-05	0.06638	supercritical
691.0	537.5	369.34	0.0027075	700.11	845.64	2.2914	0.97252	1.3318	501.71	0.032955	4.239e-05	0.066515	supercritical
691.0	540.75	371.11	0.0026946	699.79	845.5	2.2899	0.97269	1.3324	502.68	0.032512	4.2491e-05	0.06665	supercritical
691.0	544.0	372.87	0.0026819	699.46	845.36	2.2885	0.97285	1.333	503.64	0.032073	4.2591e-05	0.066784	supercritical
691.0	547.25	374.62	0.0026694	699.14	845.22	2.287	0.97301	1.3336	504.61	0.031637	4.2692e-05	0.066919	supercritical
691.0	550.5	376.37	0.002657	698.82	845.09	2.2855	0.97317	1.3342	505.59	0.031204	4.2793e-05	0.067054	supercritical
691.0	553.75	378.11	0.0026448	698.5	844.95	2.2841	0.97333	1.3348	506.56	0.030774	4.2894e-05	0.067188	supercritical
691.0	557.0	379.84	0.0026327	698.18	844.82	2.2827	0.97349	1.3353	507.53	0.030347	4.2995e-05	0.067323	supercritical
691.0	560.25	381.57	0.0026208	697.86	844.69	2.2812	0.97365	1.3359	508.51	0.029924	4.3097e-05	0.067457	supercritical
691.0	563.5	383.29	0.002609	697.54	844.56	2.2798	0.9738	1.3365	509.48	0.029504	4.3199e-05	0.067592	supercritical
691.0	566.75	385.0	0.0025974	697.23	844.43	2.2784	0.97396	1.3371	510.46	0.029087	4.3301e-05	0.067726	supercritical
691.0	570.0	386.71	0.0025859	696.91	844.31	2.277	0.97412	1.3376	511.44	0.028673	4.3403e-05	0.06786	supercritical
691.0	573.25	388.42	0.0025746	696.6	844.18	2.2756	0.97427	1.3382	512.42	0.028262	4.3505e-05	0.067994	supercritical
691.0	576.5	390.11	0.0025634	696.28	844.06	2.2742	0.97443	1.3387	513.4	0.027854	4.3608e-05	0.068128	supercritical
691.0	579.75	391.81	0.0025523	695.97	843.94	2.2729	0.97459	1.3393	514.38	0.02745	4.3711e-05	0.068262	supercritical
691.0	583.0	393.49	0.0025414	695.66	843.82	2.2715	0.97474	1.3398	515.36	0.027048	4.3814e-05	0.068396	supercritical
691.0	586.25	395.17	0.0025306	695.35	843.7	2.2701	0.97489	1.3403	516.34	0.02665	4.3918e-05	0.06853	supercritical
691.0	589.5	396.84	0.0025199	695.04	843.59	2.2688	0.97505	1.3409	517.33	0.026254	4.4021e-05	0.068664	supercritical
691.0	592.75	398.51	0.0025094	694.73	843.48	2.2674	0.9752	1.3414	518.31	0.025862	4.4125e-05	0.068797	supercritical
691.0	596.0	400.17	0.0024989	694.43	843.36	2.2661	0.97535	1.3419	519.3	0.025472	4.4229e-05	0.06893	supercritical
691.0	599.25	401.83	0.0024886	694.12	843.25	2.2648	0.97551	1.3424	520.28	0.025086	4.4333e-05	0.069064	supercritical
691.0	602.5	403.47	0.0024785	693.82	843.14	2.2634	0.97566	1.3429	521.27	0.024702	4.4437e-05	0.069197	supercritical
691.0	605.75	405.12	0.0024684	693.51	843.04	2.2621	0.97581	1.3434	522.26	0.024321	4.4542e-05	0.06933	supercritical
691.0	609.0	406.76	0.0024585	693.21	842.93	2.2608	0.97596	1.3439	523.25	0.023943	4.4646e-05	0.069463	supercritical
691.0	612.25	408.39	0.0024487	692.91	842.83	2.2595	0.97611	1.3444	524.24	0.023568	4.4751e-05	0.069595	supercritical
691.0	615.5	410.01	0.0024389	692.61	842.73	2.2582	0.97626	1.3449	525.23	0.023196	4.4856e-05	0.069728	supercritical
691.0	618.75	411.63	0.0024293	692.31	842.63	2.2569	0.97641	1.3454	526.22	0.022827	4.4961e-05	0.06986	supercritical
691.0	622.0	413.25	0.0024199	692.01	842.53	2.2556	0.97656	1.3459	527.21	0.02246	4.5067e-05	0.069993	supercritical
691.0	625.25	414.86	0.0024105	691.71	842.43	2.2544	0.97671	1.3464	528.2	0.022096	4.5172e-05	0.070125	supercritical
691.0	628.5	416.46	0.0024012	691.42	842.33	2.2531	0.97685	1.3468	529.2	0.021735	4.5278e-05	0.070257	supercritical
691.0	631.75	418.06	0.002392	691.12	842.24	2.2518	0.977	1.3473	530.19	0.021376	4.5384e-05	0.070388	supercritical
691.0	635.0	419.65	0.0023829	690.83	842.15	2.2506	0.97715	1.3478	531.18	0.02102	4.549e-05	0.07052	supercritical
691.0	638.25	421.23	0.002374	690.54	842.05	2.2493	0.97729	1.3482	532.18	0.020667	4.5596e-05	0.070652	supercritical
691.0	641.5	422.81	0.0023651	690.24	841.97	2.2481	0.97744	1.3487	533.17	0.020317	4.5703e-05	0.070783	supercritical
691.0	644.75	424.39	0.0023563	689.95	841.88	2.2468	0.97759	1.3491	534.17	0.019969	4.5809e-05	0.070914	supercritical
691.0	648.0	425.96	0.0023476	689.66	841.79	2.2456	0.97773	1.3496	535.16	0.019623	4.5916e-05	0.071045	supercritical
691.0	651.25	427.52	0.0023391	689.37	841.7	2.2444	0.97788	1.35	536.16	0.019281	4.6023e-05	0.071176	supercritical
691.0	654.5	429.08	0.0023306	689.09	841.62	2.2432	0.97802	1.3504	537.16	0.01894	4.613e-05	0.071307	supercritical
691.0	657.75	430.63	0.0023222	688.8	841.54	2.2419	0.97816	1.3509	538.15	0.018603	4.6237e-05	0.071437	supercritical
691.0	661.0	432.18	0.0023139	688.51	841.46	2.2407	0.97831	1.3513	539.15	0.018267	4.6344e-05	0.071567	supercritical
691.0	664.25	433.72	0.0023056	688.23	841.38	2.2395	0.97845	1.3517	540.15	0.017935	4.6452e-05	0.071697	supercritical
691.0	667.5	435.26	0.0022975	687.94	841.3	2.2383	0.97859	1.3522	541.15	0.017604	4.6559e-05	0.071827	supercritical
691.0	670.75	436.79	0.0022894	687.66	841.22	2.2371	0.97874	1.3526	542.15	0.017277	4.6667e-05	0.071957	supercritical
691.0	674.0	438.31	0.0022815	687.38	841.15	2.236	0.97888	1.353	543.14	0.016951	4.6775e-05	0.072087	supercritical
691.0	677.25	439.83	0.0022736	687.1	841.07	2.2348	0.97902	1.3534	544.14	0.016628	4.6883e-05	0.072216	supercritical
691.0	680.5	441.35	0.0022658	686.82	841.0	2.2336	0.97916	1.3538	545.14	0.016307	4.6991e-05	0.072345	supercritical
691.0	683.75	442.86	0.0022581	686.54	840.93	2.2324	0.9793	1.3542	546.14	0.015989	4.7099e-05	0.072474	supercritical
691.0	687.0	444.36	0.0022504	686.26	840.86	2.2313	0.97944	1.3546	547.14	0.015673	4.7208e-05	0.072603	supercritical
691.0	690.25	445.86	0.0022429	685.98	840.79	2.2301	0.97958	1.355	548.14	0.015359	4.7316e-05	0.072732	supercritical
691.0	693.5	447.35	0.0022354	685.7	840.73	2.229	0.97972	1.3554	549.14	0.015048	4.7425e-05	0.07286	supercritical
691.0	696.75	448.84	0.002228	685.43	840.66	2.2278	0.97986	1.3557	550.14	0.014738	4.7534e-05	0.072988	supercritical
691.0	700.0	450.33	0.0022206	685.15	840.6	2.2267	0.98	1.3561	551.14	0.014431	4.7642e-05	0.073116	supercritical
691.0	703.25	451.8	0.0022134	684.88	840.53	2.2256	0.98014	1.3565	552.14	0.014127	4.7751e-05	0.073244	supercritical
691.0	706.5	453.28	0.0022062	684.61	840.47	2.2244	0.98028	1.3569	553.14	0.013824	4.7861e-05	0.073372	supercritical
691.0	709.75	454.74	0.002199	684.33	840.41	2.2233	0.98041	1.3572	554.14	0.013523	4.797e-05	0.073499	supercritical
691.0	713.0	456.21	0.002192	684.06	840.35	2.2222	0.98055	1.3576	555.14	0.013225	4.8079e-05	0.073626	supercritical
691.0	716.25	457.66	0.002185	683.79	840.29	2.2211	0.98069	1.358	556.14	0.012929	4.8189e-05	0.073753	supercritical
691.0	719.5	459.12	0.0021781	683.52	840.24	2.22	0.98083	1.3583	557.14	0.012635	4.8298e-05	0.07388	supercritical
691.0	722.75	460.56	0.0021712	683.26	840.18	2.2189	0.98096	1.3587	558.14	0.012343	4.8408e-05	0.074007	supercritical
691.0	726.0	462.01	0.0021645	682.99	840.13	2.2178	0.9811	1.359	559.14	0.012053	4.8518e-05	0.074133	supercritical
691.0	729.25	463.44	0.0021578	682.72	840.08	2.2167	0.98123	1.3594	560.14	0.011765	4.8627e-05	0.074259	supercritical
691.0	732.5	464.88	0.0021511	682.46	840.02	2.2156	0.98137	1.3597	561.14	0.011479	4.8737e-05	0.074385	supercritical
691.0	735.75	466.3	0.0021445	682.19	839.97	2.2145	0.98151	1.3601	562.15	0.011196	4.8847e-05	0.074511	supercritical
691.0	739.0	467.73	0.002138	681.93	839.93	2.2134	0.98164	1.3604	563.15	0.010914	4.8958e-05	0.074636	supercritical
691.0	742.25	469.14	0.0021315	681.66	839.88	2.2124	0.98178	1.3607	564.15	0.010634	4.9068e-05	0.074762	supercritical
691.0	745.5	470.56	0.0021251	681.4	839.83	2.2113	0.98191	1.3611	565.15	0.010356	4.9178e-05	0.074887	supercritical
691.0	748.75	471.97	0.0021188	681.14	839.79	2.2102	0.98204	1.3614	566.15	0.01008	4.9289e-05	0.075012	supercritical
691.0	752.0	473.37	0.0021125	680.88	839.74	2.2092	0.98218	1.3617	567.15	0.0098062	4.9399e-05	0.075136	supercritical
691.0	755.25	474.77	0.0021063	680.62	839.7	2.2081	0.98231	1.362	568.15	0.0095341	4.951e-05	0.075261	supercritical
691.0	758.5	476.16	0.0021001	680.36	839.66	2.2071	0.98244	1.3624	569.15	0.0092639	4.962e-05	0.075385	supercritical
691.0	761.75	477.55	0.002094	680.11	839.62	2.206	0.98258	1.3627	570.15	0.0089956	4.9731e-05	0.075509	supercritical
691.0	765.0	478.93	0.002088	679.85	839.58	2.205	0.98271	1.363	571.15	0.0087291	4.9842e-05	0.075633	supercritical
691.0	768.25	480.31	0.002082	679.59	839.54	2.2039	0.98284	1.3633	572.15	0.0084644	4.9953e-05	0.075757	supercritical
691.0	771.5	481.69	0.002076	679.34	839.5	2.2029	0.98297	1.3636	573.15	0.0082016	5.0064e-05	0.07588	supercritical
691.0	774.75	483.06	0.0020701	679.08	839.47	2.2019	0.9831	1.3639	574.14	0.0079405	5.0175e-05	0.076003	supercritical
691.0	778.0	484.42	0.0020643	678.83	839.43	2.2009	0.98324	1.3642	575.14	0.0076813	5.0286e-05	0.076126	supercritical
691.0	781.25	485.78	0.0020585	678.58	839.4	2.1998	0.98337	1.3645	576.14	0.0074238	5.0398e-05	0.076249	supercritical
691.0	784.5	487.14	0.0020528	678.33	839.37	2.1988	0.9835	1.3648	577.14	0.0071681	5.0509e-05	0.076371	supercritical
691.0	787.75	488.49	0.0020471	678.07	839.34	2.1978	0.98363	1.3651	578.14	0.0069141	5.062e-05	0.076494	supercritical
691.0	791.0	489.84	0.0020415	677.82	839.31	2.1968	0.98376	1.3653	579.14	0.0066618	5.0732e-05	0.076616	supercritical
691.0	794.25	491.18	0.0020359	677.58	839.28	2.1958	0.98389	1.3656	580.13	0.0064112	5.0843e-05	0.076738	supercritical
691.0	797.5	492.52	0.0020304	677.33	839.25	2.1948	0.98402	1.3659	581.13	0.0061624	5.0955e-05	0.076859	supercritical
691.0	800.75	493.85	0.0020249	677.08	839.22	2.1938	0.98415	1.3662	582.13	0.0059152	5.1067e-05	0.076981	supercritical
691.0	804.0	495.18	0.0020195	676.83	839.2	2.1928	0.98428	1.3665	583.13	0.0056696	5.1178e-05	0.077102	supercritical
691.0	807.25	496.51	0.0020141	676.59	839.17	2.1919	0.98441	1.3667	584.12	0.0054257	5.129e-05	0.077223	supercritical
691.0	810.5	497.83	0.0020087	676.34	839.15	2.1909	0.98453	1.367	585.12	0.0051835	5.1402e-05	0.077344	supercritical
691.0	813.75	499.14	0.0020034	676.1	839.13	2.1899	0.98466	1.3673	586.12	0.0049429	5.1514e-05	0.077465	supercritical
691.0	817.0	500.46	0.0019982	675.85	839.1	2.1889	0.98479	1.3675	587.11	0.0047038	5.1626e-05	0.077585	supercritical
691.0	820.25	501.76	0.001993	675.61	839.08	2.188	0.98492	1.3678	588.11	0.0044664	5.1738e-05	0.077705	supercritical
691.0	823.5	503.07	0.0019878	675.37	839.06	2.187	0.98505	1.368	589.1	0.0042305	5.185e-05	0.077825	supercritical
691.0	826.75	504.36	0.0019827	675.13	839.05	2.186	0.98517	1.3683	590.1	0.0039962	5.1962e-05	0.077945	supercritical
691.0	830.0	505.66	0.0019776	674.89	839.03	2.1851	0.9853	1.3685	591.09	0.0037635	5.2074e-05	0.078064	supercritical
691.0	833.25	506.95	0.0019726	674.65	839.01	2.1841	0.98543	1.3688	592.09	0.0035323	5.2186e-05	0.078184	supercritical
691.0	836.5	508.23	0.0019676	674.41	839.0	2.1832	0.98555	1.369	593.08	0.0033026	5.2299e-05	0.078303	supercritical
691.0	839.75	509.51	0.0019627	674.17	838.98	2.1822	0.98568	1.3693	594.07	0.0030744	5.2411e-05	0.078422	supercritical
691.0	843.0	510.79	0.0019577	673.93	838.97	2.1813	0.98581	1.3695	595.07	0.0028478	5.2523e-05	0.07854	supercritical
691.0	846.25	512.06	0.0019529	673.7	838.96	2.1803	0.98593	1.3698	596.06	0.0026226	5.2636e-05	0.078659	supercritical
691.0	849.5	513.33	0.0019481	673.46	838.95	2.1794	0.98606	1.37	597.05	0.0023989	5.2748e-05	0.078777	supercritical
691.0	852.75	514.6	0.0019433	673.23	838.94	2.1785	0.98618	1.3702	598.04	0.0021767	5.2861e-05	0.078895	supercritical
691.0	856.0	515.86	0.0019385	672.99	838.93	2.1776	0.98631	1.3705	599.03	0.0019559	5.2973e-05	0.079013	supercritical
691.0	859.25	517.12	0.0019338	672.76	838.92	2.1766	0.98644	1.3707	600.02	0.0017365	5.3086e-05	0.07913	supercritical
691.0	862.5	518.37	0.0019291	672.52	838.91	2.1757	0.98656	1.3709	601.02	0.0015186	5.3199e-05	0.079248	supercritical
691.0	865.75	519.62	0.0019245	672.29	838.91	2.1748	0.98669	1.3711	602.01	0.0013021	5.3311e-05	0.079365	supercritical
691.0	869.0	520.86	0.0019199	672.06	838.9	2.1739	0.98681	1.3714	602.99	0.001087	5.3424e-05	0.079482	supercritical
691.0	872.25	522.1	0.0019153	671.83	838.9	2.173	0.98693	1.3716	603.98	0.00087326	5.3537e-05	0.079599	supercritical
691.0	875.5	523.34	0.0019108	671.6	838.89	2.1721	0.98706	1.3718	604.97	0.00066093	5.365e-05	0.079715	supercritical
691.0	878.75	524.57	0.0019063	671.37	838.89	2.1712	0.98718	1.372	605.96	0.00044998	5.3762e-05	0.079831	supercritical
691.0	882.0	525.8	0.0019019	671.14	838.89	2.1703	0.98731	1.3722	606.95	0.00024038	5.3875e-05	0.079948	supercritical
691.0	885.25	527.02	0.0018975	670.92	838.89	2.1694	0.98743	1.3724	607.94	3.2128e-05	5.3988e-05	0.080063	supercritical
691.0	888.5	528.24	0.0018931	670.69	838.89	2.1685	0.98755	1.3726	608.92	-0.00017478	5.4101e-05	0.080179	supercritical
691.0	891.75	529.46	0.0018887	670.46	838.89	2.1676	0.98768	1.3728	609.91	-0.00038037	5.4214e-05	0.080295	supercritical
691.0	895.0	530.67	0.0018844	670.24	838.89	2.1667	0.9878	1.373	610.89	-0.00058463	5.4327e-05	0.08041	supercritical
691.0	898.25	531.88	0.0018801	670.01	838.89	2.1658	0.98792	1.3732	611.88	-0.00078759	5.444e-05	0.080525	supercritical
691.0	901.5	533.08	0.0018759	669.79	838.9	2.165	0.98804	1.3734	612.86	-0.00098925	5.4553e-05	0.08064	supercritical
691.0	904.75	534.28	0.0018717	669.56	838.9	2.1641	0.98817	1.3736	613.85	-0.0011896	5.4666e-05	0.080755	supercritical
691.0	908.0	535.48	0.0018675	669.34	838.91	2.1632	0.98829	1.3738	614.83	-0.0013887	5.4779e-05	0.080869	supercritical
691.0	911.25	536.67	0.0018633	669.12	838.92	2.1624	0.98841	1.374	615.81	-0.0015866	5.4892e-05	0.080983	supercritical
691.0	914.5	537.86	0.0018592	668.9	838.92	2.1615	0.98853	1.3742	616.8	-0.0017831	5.5005e-05	0.081097	supercritical
691.0	917.75	539.05	0.0018551	668.68	838.93	2.1606	0.98865	1.3744	617.78	-0.0019785	5.5118e-05	0.081211	supercritical
691.0	921.0	540.23	0.0018511	668.46	838.94	2.1598	0.98878	1.3746	618.76	-0.0021725	5.5231e-05	0.081325	supercritical
691.0	924.25	541.41	0.001847	668.24	838.95	2.1589	0.9889	1.3748	619.74	-0.0023654	5.5345e-05	0.081439	supercritical
691.0	927.5	542.58	0.001843	668.02	838.96	2.1581	0.98902	1.3749	620.72	-0.002557	5.5458e-05	0.081552	supercritical
691.0	930.75	543.75	0.0018391	667.8	838.97	2.1572	0.98914	1.3751	621.7	-0.0027475	5.5571e-05	0.081665	supercritical
691.0	934.0	544.92	0.0018351	667.59	838.99	2.1564	0.98926	1.3753	622.68	-0.0029367	5.5684e-05	0.081778	supercritical
691.0	937.25	546.09	0.0018312	667.37	839.0	2.1555	0.98938	1.3755	623.66	-0.0031247	5.5797e-05	0.08189	supercritical
691.0	940.5	547.25	0.0018273	667.15	839.01	2.1547	0.9895	1.3756	624.63	-0.0033116	5.5911e-05	0.082003	supercritical
691.0	943.75	548.4	0.0018235	666.94	839.03	2.1538	0.98962	1.3758	625.61	-0.0034973	5.6024e-05	0.082115	supercritical
691.0	947.0	549.55	0.0018197	666.72	839.05	2.153	0.98974	1.376	626.59	-0.0036818	5.6137e-05	0.082227	supercritical
691.0	950.25	550.7	0.0018159	666.51	839.06	2.1522	0.98986	1.3762	627.56	-0.0038652	5.625e-05	0.082339	supercritical
691.0	953.5	551.85	0.0018121	666.3	839.08	2.1514	0.98998	1.3763	628.54	-0.0040474	5.6364e-05	0.082451	supercritical
691.0	956.75	552.99	0.0018083	666.09	839.1	2.1505	0.9901	1.3765	629.51	-0.0042284	5.6477e-05	0.082563	supercritical
691.0	960.0	554.13	0.0018046	665.87	839.12	2.1497	0.99022	1.3767	630.49	-0.0044084	5.659e-05	0.082674	supercritical
691.0	963.25	555.26	0.0018009	665.66	839.14	2.1489	0.99034	1.3768	631.46	-0.0045872	5.6704e-05	0.082785	supercritical
691.0	966.5	556.4	0.0017973	665.45	839.16	2.1481	0.99046	1.377	632.43	-0.0047649	5.6817e-05	0.082896	supercritical
691.0	969.75	557.52	0.0017936	665.24	839.18	2.1473	0.99058	1.3771	633.41	-0.0049415	5.693e-05	0.083007	supercritical
691.0	973.0	558.65	0.00179	665.03	839.2	2.1465	0.9907	1.3773	634.38	-0.005117	5.7044e-05	0.083117	supercritical
691.0	976.25	559.77	0.0017865	664.82	839.23	2.1456	0.99081	1.3774	635.35	-0.0052914	5.7157e-05	0.083228	supercritical
691.0	979.5	560.89	0.0017829	664.62	839.25	2.1448	0.99093	1.3776	636.32	-0.0054648	5.727e-05	0.083338	supercritical
691.0	982.75	562.0	0.0017794	664.41	839.28	2.144	0.99105	1.3777	637.29	-0.005637	5.7384e-05	0.083448	supercritical
691.0	986.0	563.11	0.0017758	664.2	839.3	2.1432	0.99117	1.3779	638.26	-0.0058082	5.7497e-05	0.083558	supercritical
691.0	989.25	564.22	0.0017724	664.0	839.33	2.1424	0.99129	1.378	639.22	-0.0059784	5.7611e-05	0.083668	supercritical
691.0	992.5	565.32	0.0017689	663.79	839.36	2.1416	0.99141	1.3782	640.19	-0.0061475	5.7724e-05	0.083777	supercritical
691.0	995.75	566.42	0.0017655	663.59	839.38	2.1409	0.99152	1.3783	641.16	-0.0063155	5.7837e-05	0.083886	supercritical
691.0	999.0	567.52	0.0017621	663.38	839.41	2.1401	0.99164	1.3785	642.12	-0.0064825	5.7951e-05	0.083996	supercritical
691.0	1002.2	568.61	0.0017587	663.18	839.44	2.1393	0.99176	1.3786	643.09	-0.0066485	5.8064e-05	0.084105	supercritical
691.0	1005.5	569.71	0.0017553	662.98	839.47	2.1385	0.99188	1.3787	644.05	-0.0068135	5.8177e-05	0.084213	supercritical
691.0	1008.8	570.79	0.0017519	662.77	839.5	2.1377	0.99199	1.3789	645.02	-0.0069775	5.8291e-05	0.084322	supercritical
691.0	1012.0	571.88	0.0017486	662.57	839.53	2.1369	0.99211	1.379	645.98	-0.0071404	5.8404e-05	0.08443	supercritical
691.0	1015.2	572.96	0.0017453	662.37	839.57	2.1362	0.99223	1.3792	646.94	-0.0073024	5.8517e-05	0.084539	supercritical
691.0	1018.5	574.04	0.0017421	662.17	839.6	2.1354	0.99234	1.3793	647.91	-0.0074633	5.8631e-05	0.084647	supercritical
691.0	1021.8	575.11	0.0017388	661.97	839.63	2.1346	0.99246	1.3794	648.87	-0.0076233	5.8744e-05	0.084755	supercritical
691.0	1025.0	576.18	0.0017356	661.77	839.67	2.1339	0.99258	1.3795	649.83	-0.0077824	5.8858e-05	0.084862	supercritical
691.0	1028.2	577.25	0.0017324	661.57	839.7	2.1331	0.99269	1.3797	650.79	-0.0079404	5.8971e-05	0.08497	supercritical
691.0	1031.5	578.31	0.0017292	661.38	839.74	2.1323	0.99281	1.3798	651.74	-0.0080975	5.9084e-05	0.085077	supercritical
691.0	1034.8	579.38	0.001726	661.18	839.78	2.1316	0.99293	1.3799	652.7	-0.0082536	5.9198e-05	0.085185	supercritical
691.0	1038.0	580.43	0.0017228	660.98	839.81	2.1308	0.99304	1.3801	653.66	-0.0084088	5.9311e-05	0.085292	supercritical
691.0	1041.2	581.49	0.0017197	660.79	839.85	2.1301	0.99316	1.3802	654.62	-0.0085631	5.9424e-05	0.085399	supercritical
691.0	1044.5	582.54	0.0017166	660.59	839.89	2.1293	0.99327	1.3803	655.57	-0.0087164	5.9537e-05	0.085505	supercritical
691.0	1047.8	583.59	0.0017135	660.39	839.93	2.1286	0.99339	1.3804	656.53	-0.0088688	5.9651e-05	0.085612	supercritical
691.0	1051.0	584.64	0.0017105	660.2	839.97	2.1278	0.99351	1.3805	657.48	-0.0090203	5.9764e-05	0.085718	supercritical
691.0	1054.2	585.68	0.0017074	660.01	840.01	2.1271	0.99362	1.3807	658.44	-0.0091709	5.9877e-05	0.085824	supercritical
691.0	1057.5	586.72	0.0017044	659.81	840.05	2.1263	0.99374	1.3808	659.39	-0.0093205	5.9991e-05	0.085931	supercritical
691.0	1060.8	587.76	0.0017014	659.62	840.09	2.1256	0.99385	1.3809	660.34	-0.0094693	6.0104e-05	0.086036	supercritical
691.0	1064.0	588.79	0.0016984	659.43	840.14	2.1249	0.99397	1.381	661.29	-0.0096172	6.0217e-05	0.086142	supercritical
691.0	1067.2	589.82	0.0016954	659.24	840.18	2.1241	0.99408	1.3811	662.24	-0.0097642	6.033e-05	0.086248	supercritical
691.0	1070.5	590.85	0.0016925	659.05	840.22	2.1234	0.9942	1.3812	663.19	-0.0099103	6.0444e-05	0.086353	supercritical
691.0	1073.8	591.88	0.0016895	658.85	840.27	2.1227	0.99431	1.3813	664.14	-0.010056	6.0557e-05	0.086459	supercritical
691.0	1077.0	592.9	0.0016866	658.66	840.31	2.1219	0.99443	1.3815	665.09	-0.0102	6.067e-05	0.086564	supercritical
691.0	1080.2	593.92	0.0016837	658.48	840.36	2.1212	0.99454	1.3816	666.04	-0.010343	6.0783e-05	0.086669	supercritical
691.0	1083.5	594.93	0.0016809	658.29	840.41	2.1205	0.99465	1.3817	666.98	-0.010486	6.0896e-05	0.086774	supercritical
691.0	1086.8	595.95	0.001678	658.1	840.45	2.1198	0.99477	1.3818	667.93	-0.010628	6.1009e-05	0.086878	supercritical
691.0	1090.0	596.96	0.0016752	657.91	840.5	2.119	0.99488	1.3819	668.87	-0.010769	6.1123e-05	0.086983	supercritical
691.0	1093.2	597.97	0.0016723	657.72	840.55	2.1183	0.995	1.382	669.82	-0.010909	6.1236e-05	0.087087	supercritical
691.0	1096.5	598.97	0.0016695	657.54	840.6	2.1176	0.99511	1.3821	670.76	-0.011048	6.1349e-05	0.087191	supercritical
691.0	1099.8	599.97	0.0016667	657.35	840.65	2.1169	0.99522	1.3822	671.7	-0.011187	6.1462e-05	0.087295	supercritical
691.0	1103.0	600.97	0.001664	657.17	840.7	2.1162	0.99534	1.3823	672.65	-0.011325	6.1575e-05	0.087399	supercritical
691.0	1106.2	601.97	0.0016612	656.98	840.75	2.1155	0.99545	1.3824	673.59	-0.011461	6.1688e-05	0.087503	supercritical
691.0	1109.5	602.96	0.0016585	656.8	840.8	2.1148	0.99557	1.3825	674.53	-0.011598	6.1801e-05	0.087607	supercritical
691.0	1112.8	603.95	0.0016558	656.61	840.86	2.1141	0.99568	1.3826	675.47	-0.011733	6.1914e-05	0.08771	supercritical
691.0	1116.0	604.94	0.0016531	656.43	840.91	2.1134	0.99579	1.3827	676.41	-0.011867	6.2027e-05	0.087814	supercritical
691.0	1119.2	605.92	0.0016504	656.25	840.96	2.1127	0.99591	1.3828	677.35	-0.012001	6.214e-05	0.087917	supercritical
691.0	1122.5	606.91	0.0016477	656.06	841.02	2.112	0.99602	1.3829	678.28	-0.012134	6.2253e-05	0.08802	supercritical
691.0	1125.8	607.89	0.001645	655.88	841.07	2.1113	0.99613	1.383	679.22	-0.012266	6.2366e-05	0.088123	supercritical
691.0	1129.0	608.86	0.0016424	655.7	841.13	2.1106	0.99624	1.3831	680.15	-0.012397	6.2479e-05	0.088225	supercritical
691.0	1132.2	609.84	0.0016398	655.52	841.18	2.1099	0.99636	1.3831	681.09	-0.012528	6.2592e-05	0.088328	supercritical
691.0	1135.5	610.81	0.0016372	655.34	841.24	2.1092	0.99647	1.3832	682.02	-0.012658	6.2704e-05	0.088431	supercritical
691.0	1138.8	611.78	0.0016346	655.16	841.3	2.1085	0.99658	1.3833	682.96	-0.012787	6.2817e-05	0.088533	supercritical
691.0	1142.0	612.74	0.001632	654.98	841.36	2.1078	0.99669	1.3834	683.89	-0.012915	6.293e-05	0.088635	supercritical
691.0	1145.2	613.71	0.0016294	654.8	841.41	2.1071	0.99681	1.3835	684.82	-0.013043	6.3043e-05	0.088737	supercritical
691.0	1148.5	614.67	0.0016269	654.62	841.47	2.1065	0.99692	1.3836	685.75	-0.01317	6.3156e-05	0.088839	supercritical
691.0	1151.8	615.62	0.0016244	654.45	841.53	2.1058	0.99703	1.3837	686.68	-0.013296	6.3268e-05	0.088941	supercritical
691.0	1155.0	616.58	0.0016219	654.27	841.59	2.1051	0.99714	1.3838	687.61	-0.013422	6.3381e-05	0.089043	supercritical
691.0	1158.2	617.53	0.0016194	654.09	841.65	2.1044	0.99726	1.3838	688.54	-0.013546	6.3494e-05	0.089144	supercritical
691.0	1161.5	618.48	0.0016169	653.92	841.71	2.1038	0.99737	1.3839	689.47	-0.01367	6.3606e-05	0.089246	supercritical
691.0	1164.8	619.43	0.0016144	653.74	841.78	2.1031	0.99748	1.384	690.4	-0.013794	6.3719e-05	0.089347	supercritical
691.0	1168.0	620.37	0.0016119	653.56	841.84	2.1024	0.99759	1.3841	691.32	-0.013916	6.3832e-05	0.089448	supercritical
691.0	1171.2	621.32	0.0016095	653.39	841.9	2.1018	0.9977	1.3842	692.25	-0.014038	6.3944e-05	0.089549	supercritical
691.0	1174.5	622.26	0.0016071	653.22	841.96	2.1011	0.99782	1.3842	693.17	-0.01416	6.4057e-05	0.08965	supercritical
691.0	1177.8	623.19	0.0016046	653.04	842.03	2.1004	0.99793	1.3843	694.1	-0.01428	6.4169e-05	0.089751	supercritical
691.0	1181.0	624.13	0.0016022	652.87	842.09	2.0998	0.99804	1.3844	695.02	-0.0144	6.4282e-05	0.089852	supercritical
691.0	1184.2	625.06	0.0015998	652.7	842.16	2.0991	0.99815	1.3845	695.94	-0.014519	6.4394e-05	0.089952	supercritical
691.0	1187.5	625.99	0.0015975	652.52	842.22	2.0985	0.99826	1.3845	696.86	-0.014638	6.4507e-05	0.090053	supercritical
691.0	1190.8	626.92	0.0015951	652.35	842.29	2.0978	0.99837	1.3846	697.78	-0.014756	6.4619e-05	0.090153	supercritical
691.0	1194.0	627.84	0.0015928	652.18	842.36	2.0971	0.99848	1.3847	698.7	-0.014873	6.4732e-05	0.090253	supercritical
691.0	1197.2	628.76	0.0015904	652.01	842.42	2.0965	0.99859	1.3848	699.62	-0.014989	6.4844e-05	0.090353	supercritical
691.0	1200.5	629.68	0.0015881	651.84	842.49	2.0958	0.99871	1.3848	700.54	-0.015105	6.4956e-05	0.090453	supercritical
691.0	1203.8	630.6	0.0015858	651.67	842.56	2.0952	0.99882	1.3849	701.46	-0.01522	6.5069e-05	0.090553	supercritical
691.0	1207.0	631.51	0.0015835	651.5	842.63	2.0945	0.99893	1.385	702.37	-0.015335	6.5181e-05	0.090653	supercritical
691.0	1210.2	632.43	0.0015812	651.33	842.7	2.0939	0.99904	1.3851	703.29	-0.015449	6.5293e-05	0.090752	supercritical
691.0	1213.5	633.33	0.0015789	651.16	842.77	2.0933	0.99915	1.3851	704.2	-0.015562	6.5406e-05	0.090852	supercritical
691.0	1216.8	634.24	0.0015767	650.99	842.84	2.0926	0.99926	1.3852	705.12	-0.015675	6.5518e-05	0.090951	supercritical
691.0	1220.0	635.15	0.0015744	650.83	842.91	2.092	0.99937	1.3853	706.03	-0.015787	6.563e-05	0.09105	supercritical
691.0	1223.2	636.05	0.0015722	650.66	842.98	2.0913	0.99948	1.3853	706.94	-0.015899	6.5742e-05	0.091149	supercritical
691.0	1226.5	636.95	0.00157	650.49	843.05	2.0907	0.99959	1.3854	707.86	-0.01601	6.5854e-05	0.091248	supercritical
691.0	1229.8	637.85	0.0015678	650.33	843.12	2.0901	0.9997	1.3855	708.77	-0.01612	6.5966e-05	0.091347	supercritical
691.0	1233.0	638.74	0.0015656	650.16	843.2	2.0894	0.99981	1.3855	709.68	-0.016229	6.6078e-05	0.091446	supercritical
691.0	1236.2	639.64	0.0015634	650.0	843.27	2.0888	0.99992	1.3856	710.59	-0.016339	6.619e-05	0.091545	supercritical
691.0	1239.5	640.53	0.0015612	649.83	843.34	2.0882	1.0	1.3857	711.49	-0.016447	6.6302e-05	0.091643	supercritical
691.0	1242.8	641.42	0.0015591	649.67	843.42	2.0876	1.0001	1.3857	712.4	-0.016555	6.6414e-05	0.091742	supercritical
691.0	1246.0	642.3	0.0015569	649.5	843.49	2.0869	1.0003	1.3858	713.31	-0.016662	6.6526e-05	0.09184	supercritical
691.0	1249.2	643.19	0.0015548	649.34	843.57	2.0863	1.0004	1.3858	714.22	-0.016769	6.6638e-05	0.091938	supercritical
691.0	1252.5	644.07	0.0015526	649.18	843.64	2.0857	1.0005	1.3859	715.12	-0.016875	6.675e-05	0.092036	supercritical
691.0	1255.8	644.95	0.0015505	649.01	843.72	2.0851	1.0006	1.386	716.03	-0.016981	6.6862e-05	0.092134	supercritical
691.0	1259.0	645.82	0.0015484	648.85	843.8	2.0845	1.0007	1.386	716.93	-0.017086	6.6974e-05	0.092232	supercritical
691.0	1262.2	646.7	0.0015463	648.69	843.87	2.0838	1.0008	1.3861	717.83	-0.01719	6.7085e-05	0.09233	supercritical
691.0	1265.5	647.57	0.0015442	648.53	843.95	2.0832	1.0009	1.3861	718.73	-0.017294	6.7197e-05	0.092428	supercritical
691.0	1268.8	648.44	0.0015422	648.37	844.03	2.0826	1.001	1.3862	719.64	-0.017397	6.7309e-05	0.092526	supercritical
691.0	1272.0	649.31	0.0015401	648.21	844.11	2.082	1.0011	1.3863	720.54	-0.0175	6.742e-05	0.092623	supercritical
691.0	1275.2	650.17	0.0015381	648.05	844.19	2.0814	1.0012	1.3863	721.44	-0.017602	6.7532e-05	0.09272	supercritical
691.0	1278.5	651.04	0.001536	647.89	844.27	2.0808	1.0013	1.3864	722.34	-0.017704	6.7644e-05	0.092818	supercritical
691.0	1281.8	651.9	0.001534	647.73	844.35	2.0802	1.0015	1.3864	723.23	-0.017805	6.7755e-05	0.092915	supercritical
691.0	1285.0	652.76	0.001532	647.57	844.43	2.0796	1.0016	1.3865	724.13	-0.017906	6.7867e-05	0.093012	supercritical
691.0	1288.2	653.61	0.00153	647.41	844.51	2.079	1.0017	1.3865	725.03	-0.018006	6.7978e-05	0.093109	supercritical
691.0	1291.5	654.47	0.001528	647.25	844.59	2.0784	1.0018	1.3866	725.92	-0.018105	6.809e-05	0.093206	supercritical
691.0	1294.8	655.32	0.001526	647.1	844.67	2.0778	1.0019	1.3866	726.82	-0.018204	6.8201e-05	0.093303	supercritical
691.0	1298.0	656.17	0.001524	646.94	844.75	2.0772	1.002	1.3867	727.71	-0.018303	6.8313e-05	0.0934	supercritical
691.0	1301.2	657.02	0.001522	646.78	844.84	2.0766	1.0021	1.3867	728.61	-0.018401	6.8424e-05	0.093496	supercritical
691.0	1304.5	657.87	0.0015201	646.63	844.92	2.076	1.0022	1.3868	729.5	-0.018498	6.8535e-05	0.093593	supercritical
691.0	1307.8	658.71	0.0015181	646.47	845.0	2.0754	1.0023	1.3868	730.39	-0.018595	6.8647e-05	0.093689	supercritical
691.0	1311.0	659.55	0.0015162	646.32	845.09	2.0748	1.0024	1.3869	731.28	-0.018691	6.8758e-05	0.093786	supercritical
691.0	1314.2	660.39	0.0015143	646.16	845.17	2.0742	1.0025	1.3869	732.17	-0.018787	6.8869e-05	0.093882	supercritical
691.0	1317.5	661.23	0.0015123	646.01	845.26	2.0736	1.0026	1.387	733.06	-0.018883	6.898e-05	0.093978	supercritical
691.0	1320.8	662.07	0.0015104	645.85	845.34	2.073	1.0028	1.387	733.95	-0.018978	6.9091e-05	0.094074	supercritical
691.0	1324.0	662.9	0.0015085	645.7	845.43	2.0724	1.0029	1.3871	734.84	-0.019072	6.9202e-05	0.09417	supercritical
691.0	1327.2	663.73	0.0015066	645.55	845.51	2.0719	1.003	1.3871	735.73	-0.019166	6.9314e-05	0.094266	supercritical
691.0	1330.5	664.56	0.0015048	645.39	845.6	2.0713	1.0031	1.3872	736.61	-0.01926	6.9425e-05	0.094362	supercritical
691.0	1333.8	665.39	0.0015029	645.24	845.69	2.0707	1.0032	1.3872	737.5	-0.019353	6.9536e-05	0.094458	supercritical
691.0	1337.0	666.21	0.001501	645.09	845.78	2.0701	1.0033	1.3873	738.38	-0.019445	6.9646e-05	0.094553	supercritical
691.0	1340.2	667.04	0.0014992	644.94	845.86	2.0695	1.0034	1.3873	739.27	-0.019537	6.9757e-05	0.094649	supercritical
691.0	1343.5	667.86	0.0014973	644.79	845.95	2.069	1.0035	1.3873	740.15	-0.019629	6.9868e-05	0.094745	supercritical
691.0	1346.8	668.68	0.0014955	644.64	846.04	2.0684	1.0036	1.3874	741.03	-0.01972	6.9979e-05	0.09484	supercritical
691.0	1350.0	669.49	0.0014937	644.48	846.13	2.0678	1.0037	1.3874	741.91	-0.01981	7.009e-05	0.094935	supercritical
691.0	1353.2	670.31	0.0014919	644.33	846.22	2.0672	1.0038	1.3875	742.79	-0.019901	7.0201e-05	0.095031	supercritical
691.0	1356.5	671.12	0.00149	644.18	846.31	2.0667	1.0039	1.3875	743.67	-0.01999	7.0311e-05	0.095126	supercritical
691.0	1359.8	671.93	0.0014882	644.04	846.4	2.0661	1.0041	1.3876	744.55	-0.02008	7.0422e-05	0.095221	supercritical
691.0	1363.0	672.74	0.0014865	643.89	846.49	2.0655	1.0042	1.3876	745.43	-0.020168	7.0533e-05	0.095316	supercritical
691.0	1366.2	673.55	0.0014847	643.74	846.58	2.065	1.0043	1.3876	746.31	-0.020257	7.0643e-05	0.095411	supercritical
691.0	1369.5	674.35	0.0014829	643.59	846.67	2.0644	1.0044	1.3877	747.19	-0.020345	7.0754e-05	0.095506	supercritical
691.0	1372.8	675.16	0.0014811	643.44	846.77	2.0638	1.0045	1.3877	748.06	-0.020432	7.0865e-05	0.0956	supercritical
691.0	1376.0	675.96	0.0014794	643.29	846.86	2.0633	1.0046	1.3878	748.94	-0.020519	7.0975e-05	0.095695	supercritical
691.0	1379.2	676.76	0.0014776	643.15	846.95	2.0627	1.0047	1.3878	749.81	-0.020606	7.1086e-05	0.09579	supercritical
691.0	1382.5	677.56	0.0014759	643.0	847.04	2.0622	1.0048	1.3878	750.69	-0.020692	7.1196e-05	0.095884	supercritical
691.0	1385.8	678.35	0.0014742	642.85	847.14	2.0616	1.0049	1.3879	751.56	-0.020777	7.1306e-05	0.095979	supercritical
691.0	1389.0	679.15	0.0014724	642.71	847.23	2.061	1.005	1.3879	752.43	-0.020863	7.1417e-05	0.096073	supercritical
691.0	1392.2	679.94	0.0014707	642.56	847.32	2.0605	1.0051	1.3879	753.3	-0.020948	7.1527e-05	0.096167	supercritical
691.0	1395.5	680.73	0.001469	642.42	847.42	2.0599	1.0052	1.388	754.17	-0.021032	7.1637e-05	0.096262	supercritical
691.0	1398.8	681.51	0.0014673	642.27	847.51	2.0594	1.0053	1.388	755.04	-0.021116	7.1748e-05	0.096356	supercritical
691.0	1402.0	682.3	0.0014656	642.13	847.61	2.0588	1.0054	1.3881	755.91	-0.0212	7.1858e-05	0.09645	supercritical
691.0	1405.2	683.09	0.0014639	641.98	847.71	2.0583	1.0056	1.3881	756.78	-0.021283	7.1968e-05	0.096544	supercritical
691.0	1408.5	683.87	0.0014623	641.84	847.8	2.0577	1.0057	1.3881	757.65	-0.021365	7.2078e-05	0.096638	supercritical
691.0	1411.8	684.65	0.0014606	641.7	847.9	2.0572	1.0058	1.3882	758.52	-0.021448	7.2188e-05	0.096732	supercritical
691.0	1415.0	685.43	0.0014589	641.56	848.0	2.0566	1.0059	1.3882	759.38	-0.02153	7.2298e-05	0.096826	supercritical
691.0	1418.2	686.2	0.0014573	641.41	848.09	2.0561	1.006	1.3882	760.25	-0.021611	7.2408e-05	0.096919	supercritical
691.0	1421.5	686.98	0.0014556	641.27	848.19	2.0555	1.0061	1.3883	761.11	-0.021692	7.2518e-05	0.097013	supercritical
691.0	1424.8	687.75	0.001454	641.13	848.29	2.055	1.0062	1.3883	761.98	-0.021773	7.2628e-05	0.097107	supercritical
691.0	1428.0	688.52	0.0014524	640.99	848.39	2.0545	1.0063	1.3883	762.84	-0.021853	7.2738e-05	0.0972	supercritical
691.0	1431.2	689.29	0.0014508	640.85	848.49	2.0539	1.0064	1.3884	763.7	-0.021933	7.2848e-05	0.097294	supercritical
691.0	1434.5	690.06	0.0014491	640.7	848.59	2.0534	1.0065	1.3884	764.56	-0.022013	7.2958e-05	0.097387	supercritical
691.0	1437.8	690.83	0.0014475	640.56	848.68	2.0528	1.0066	1.3884	765.42	-0.022092	7.3067e-05	0.09748	supercritical
691.0	1441.0	691.59	0.0014459	640.42	848.78	2.0523	1.0067	1.3884	766.28	-0.022171	7.3177e-05	0.097574	supercritical
691.0	1444.2	692.35	0.0014443	640.28	848.88	2.0518	1.0068	1.3885	767.14	-0.022249	7.3287e-05	0.097667	supercritical
691.0	1447.5	693.11	0.0014428	640.15	848.99	2.0512	1.0069	1.3885	768.0	-0.022327	7.3396e-05	0.09776	supercritical
691.0	1450.8	693.87	0.0014412	640.01	849.09	2.0507	1.007	1.3885	768.86	-0.022405	7.3506e-05	0.097853	supercritical
691.0	1454.0	694.63	0.0014396	639.87	849.19	2.0502	1.0071	1.3886	769.72	-0.022482	7.3615e-05	0.097946	supercritical
691.0	1457.2	695.39	0.0014381	639.73	849.29	2.0496	1.0073	1.3886	770.57	-0.022559	7.3725e-05	0.098039	supercritical
691.0	1460.5	696.14	0.0014365	639.59	849.39	2.0491	1.0074	1.3886	771.43	-0.022635	7.3834e-05	0.098132	supercritical
691.0	1463.8	696.89	0.0014349	639.45	849.49	2.0486	1.0075	1.3887	772.28	-0.022711	7.3944e-05	0.098225	supercritical
691.0	1467.0	697.64	0.0014334	639.32	849.6	2.0481	1.0076	1.3887	773.13	-0.022787	7.4053e-05	0.098318	supercritical
691.0	1470.2	698.39	0.0014319	639.18	849.7	2.0475	1.0077	1.3887	773.99	-0.022863	7.4163e-05	0.098411	supercritical
691.0	1473.5	699.14	0.0014303	639.04	849.8	2.047	1.0078	1.3887	774.84	-0.022938	7.4272e-05	0.098503	supercritical
691.0	1476.8	699.88	0.0014288	638.91	849.91	2.0465	1.0079	1.3888	775.69	-0.023012	7.4381e-05	0.098596	supercritical
691.0	1480.0	700.63	0.0014273	638.77	850.01	2.046	1.008	1.3888	776.54	-0.023087	7.4491e-05	0.098689	supercritical
691.0	1483.2	701.37	0.0014258	638.63	850.11	2.0455	1.0081	1.3888	777.39	-0.02316	7.46e-05	0.098781	supercritical
691.0	1486.5	702.11	0.0014243	638.5	850.22	2.0449	1.0082	1.3888	778.24	-0.023234	7.4709e-05	0.098873	supercritical
691.0	1489.8	702.85	0.0014228	638.36	850.32	2.0444	1.0083	1.3889	779.09	-0.023307	7.4818e-05	0.098966	supercritical
691.0	1493.0	703.58	0.0014213	638.23	850.43	2.0439	1.0084	1.3889	779.94	-0.02338	7.4927e-05	0.099058	supercritical
691.0	1496.2	704.32	0.0014198	638.1	850.54	2.0434	1.0085	1.3889	780.78	-0.023453	7.5036e-05	0.099151	supercritical
691.0	1499.5	705.05	0.0014183	637.96	850.64	2.0429	1.0086	1.3889	781.63	-0.023525	7.5145e-05	0.099243	supercritical
691.0	1502.8	705.78	0.0014169	637.83	850.75	2.0424	1.0087	1.389	782.47	-0.023597	7.5254e-05	0.099335	supercritical
691.0	1506.0	706.51	0.0014154	637.69	850.85	2.0418	1.0088	1.389	783.32	-0.023668	7.5363e-05	0.099427	supercritical
691.0	1509.2	707.24	0.0014139	637.56	850.96	2.0413	1.0089	1.389	784.16	-0.023739	7.5472e-05	0.099519	supercritical
691.0	1512.5	707.97	0.0014125	637.43	851.07	2.0408	1.0091	1.389	785.0	-0.02381	7.5581e-05	0.099611	supercritical
691.0	1515.8	708.69	0.001411	637.3	851.18	2.0403	1.0092	1.3891	785.85	-0.023881	7.5689e-05	0.099703	supercritical
691.0	1519.0	709.42	0.0014096	637.16	851.28	2.0398	1.0093	1.3891	786.69	-0.023951	7.5798e-05	0.099795	supercritical
691.0	1522.2	710.14	0.0014082	637.03	851.39	2.0393	1.0094	1.3891	787.53	-0.02402	7.5907e-05	0.099887	supercritical
691.0	1525.5	710.86	0.0014067	636.9	851.5	2.0388	1.0095	1.3891	788.37	-0.02409	7.6016e-05	0.099979	supercritical
691.0	1528.8	711.58	0.0014053	636.77	851.61	2.0383	1.0096	1.3891	789.21	-0.024159	7.6124e-05	0.10007	supercritical
691.0	1532.0	712.29	0.0014039	636.64	851.72	2.0378	1.0097	1.3892	790.05	-0.024228	7.6233e-05	0.10016	supercritical
691.0	1535.2	713.01	0.0014025	636.51	851.83	2.0373	1.0098	1.3892	790.88	-0.024296	7.6341e-05	0.10025	supercritical
691.0	1538.5	713.72	0.0014011	636.38	851.94	2.0368	1.0099	1.3892	791.72	-0.024364	7.645e-05	0.10035	supercritical
691.0	1541.8	714.44	0.0013997	636.25	852.05	2.0363	1.01	1.3892	792.56	-0.024432	7.6558e-05	0.10044	supercritical
691.0	1545.0	715.15	0.0013983	636.12	852.16	2.0358	1.0101	1.3892	793.39	-0.0245	7.6667e-05	0.10053	supercritical
691.0	1548.2	715.86	0.0013969	635.99	852.27	2.0353	1.0102	1.3893	794.23	-0.024567	7.6775e-05	0.10062	supercritical
691.0	1551.5	716.56	0.0013955	635.86	852.38	2.0348	1.0103	1.3893	795.06	-0.024634	7.6883e-05	0.10071	supercritical
691.0	1554.8	717.27	0.0013942	635.73	852.49	2.0343	1.0104	1.3893	795.89	-0.0247	7.6992e-05	0.1008	supercritical
691.0	1558.0	717.98	0.0013928	635.61	852.6	2.0338	1.0105	1.3893	796.72	-0.024767	7.71e-05	0.10089	supercritical
691.0	1561.2	718.68	0.0013914	635.48	852.72	2.0333	1.0106	1.3893	797.56	-0.024833	7.7208e-05	0.10099	supercritical
691.0	1564.5	719.38	0.0013901	635.35	852.83	2.0328	1.0107	1.3894	798.39	-0.024898	7.7316e-05	0.10108	supercritical
691.0	1567.8	720.08	0.0013887	635.22	852.94	2.0323	1.0108	1.3894	799.22	-0.024963	7.7424e-05	0.10117	supercritical
691.0	1571.0	720.78	0.0013874	635.1	853.05	2.0318	1.0109	1.3894	800.05	-0.025028	7.7532e-05	0.10126	supercritical
691.0	1574.2	721.48	0.001386	634.97	853.17	2.0314	1.011	1.3894	800.87	-0.025093	7.7641e-05	0.10135	supercritical
691.0	1577.5	722.17	0.0013847	634.84	853.28	2.0309	1.0111	1.3894	801.7	-0.025158	7.7749e-05	0.10144	supercritical
691.0	1580.8	722.87	0.0013834	634.72	853.39	2.0304	1.0113	1.3895	802.53	-0.025222	7.7856e-05	0.10153	supercritical
691.0	1584.0	723.56	0.0013821	634.59	853.51	2.0299	1.0114	1.3895	803.35	-0.025285	7.7964e-05	0.10162	supercritical
691.0	1587.2	724.25	0.0013807	634.47	853.62	2.0294	1.0115	1.3895	804.18	-0.025349	7.8072e-05	0.10171	supercritical
691.0	1590.5	724.94	0.0013794	634.34	853.74	2.0289	1.0116	1.3895	805.0	-0.025412	7.818e-05	0.10181	supercritical
691.0	1593.8	725.63	0.0013781	634.21	853.85	2.0284	1.0117	1.3895	805.83	-0.025475	7.8288e-05	0.1019	supercritical
691.0	1597.0	726.31	0.0013768	634.09	853.97	2.028	1.0118	1.3895	806.65	-0.025538	7.8396e-05	0.10199	supercritical
691.0	1600.2	727.0	0.0013755	633.97	854.08	2.0275	1.0119	1.3896	807.47	-0.0256	7.8503e-05	0.10208	supercritical
691.0	1603.5	727.68	0.0013742	633.84	854.2	2.027	1.012	1.3896	808.29	-0.025662	7.8611e-05	0.10217	supercritical
691.0	1606.8	728.37	0.0013729	633.72	854.31	2.0265	1.0121	1.3896	809.11	-0.025724	7.8719e-05	0.10226	supercritical
691.0	1610.0	729.05	0.0013717	633.59	854.43	2.0261	1.0122	1.3896	809.93	-0.025785	7.8826e-05	0.10235	supercritical
691.0	1613.2	729.73	0.0013704	633.47	854.55	2.0256	1.0123	1.3896	810.75	-0.025846	7.8934e-05	0.10244	supercritical
691.0	1616.5	730.4	0.0013691	633.35	854.66	2.0251	1.0124	1.3896	811.57	-0.025907	7.9041e-05	0.10253	supercritical
691.0	1619.8	731.08	0.0013678	633.23	854.78	2.0246	1.0125	1.3896	812.39	-0.025968	7.9149e-05	0.10262	supercritical
691.0	1623.0	731.76	0.0013666	633.1	854.9	2.0242	1.0126	1.3897	813.2	-0.026028	7.9256e-05	0.10271	supercritical
691.0	1626.2	732.43	0.0013653	632.98	855.02	2.0237	1.0127	1.3897	814.02	-0.026088	7.9364e-05	0.1028	supercritical
691.0	1629.5	733.1	0.0013641	632.86	855.13	2.0232	1.0128	1.3897	814.84	-0.026148	7.9471e-05	0.10289	supercritical
691.0	1632.8	733.77	0.0013628	632.74	855.25	2.0227	1.0129	1.3897	815.65	-0.026207	7.9578e-05	0.10298	supercritical
691.0	1636.0	734.44	0.0013616	632.62	855.37	2.0223	1.013	1.3897	816.46	-0.026266	7.9686e-05	0.10307	supercritical
691.0	1639.2	735.11	0.0013603	632.5	855.49	2.0218	1.0131	1.3897	817.28	-0.026325	7.9793e-05	0.10317	supercritical
691.0	1642.5	735.78	0.0013591	632.38	855.61	2.0213	1.0132	1.3897	818.09	-0.026384	7.99e-05	0.10326	supercritical
691.0	1645.8	736.44	0.0013579	632.26	855.73	2.0209	1.0133	1.3898	818.9	-0.026442	8.0007e-05	0.10335	supercritical
691.0	1649.0	737.11	0.0013567	632.14	855.85	2.0204	1.0134	1.3898	819.71	-0.0265	8.0114e-05	0.10344	supercritical
691.0	1652.2	737.77	0.0013554	632.02	855.97	2.0199	1.0135	1.3898	820.52	-0.026558	8.0221e-05	0.10353	supercritical
691.0	1655.5	738.43	0.0013542	631.9	856.09	2.0195	1.0136	1.3898	821.33	-0.026616	8.0328e-05	0.10362	supercritical
691.0	1658.8	739.09	0.001353	631.78	856.21	2.019	1.0137	1.3898	822.14	-0.026673	8.0435e-05	0.10371	supercritical
691.0	1662.0	739.75	0.0013518	631.66	856.33	2.0186	1.0138	1.3898	822.95	-0.02673	8.0542e-05	0.1038	supercritical
691.0	1665.2	740.41	0.0013506	631.54	856.45	2.0181	1.0139	1.3898	823.75	-0.026787	8.0649e-05	0.10389	supercritical
691.0	1668.5	741.06	0.0013494	631.42	856.57	2.0176	1.0141	1.3899	824.56	-0.026844	8.0756e-05	0.10398	supercritical
691.0	1671.8	741.72	0.0013482	631.3	856.69	2.0172	1.0142	1.3899	825.36	-0.0269	8.0863e-05	0.10407	supercritical
691.0	1675.0	742.37	0.001347	631.19	856.81	2.0167	1.0143	1.3899	826.17	-0.026956	8.097e-05	0.10416	supercritical
691.0	1678.2	743.02	0.0013459	631.07	856.94	2.0163	1.0144	1.3899	826.97	-0.027011	8.1076e-05	0.10425	supercritical
691.0	1681.5	743.67	0.0013447	630.95	857.06	2.0158	1.0145	1.3899	827.77	-0.027067	8.1183e-05	0.10434	supercritical
691.0	1684.8	744.32	0.0013435	630.83	857.18	2.0153	1.0146	1.3899	828.58	-0.027122	8.129e-05	0.10443	supercritical
691.0	1688.0	744.97	0.0013423	630.72	857.3	2.0149	1.0147	1.3899	829.38	-0.027177	8.1396e-05	0.10452	supercritical
691.0	1691.2	745.62	0.0013412	630.6	857.43	2.0144	1.0148	1.3899	830.18	-0.027232	8.1503e-05	0.10461	supercritical
691.0	1694.5	746.26	0.00134	630.48	857.55	2.014	1.0149	1.3899	830.98	-0.027286	8.1609e-05	0.1047	supercritical
691.0	1697.8	746.9	0.0013389	630.37	857.67	2.0135	1.015	1.39	831.78	-0.027341	8.1716e-05	0.10479	supercritical
691.0	1701.0	747.55	0.0013377	630.25	857.8	2.0131	1.0151	1.39	832.58	-0.027395	8.1822e-05	0.10488	supercritical
691.0	1704.2	748.19	0.0013366	630.14	857.92	2.0126	1.0152	1.39	833.37	-0.027448	8.1929e-05	0.10497	supercritical
691.0	1707.5	748.83	0.0013354	630.02	858.04	2.0122	1.0153	1.39	834.17	-0.027502	8.2035e-05	0.10506	supercritical
691.0	1710.8	749.47	0.0013343	629.91	858.17	2.0117	1.0154	1.39	834.97	-0.027555	8.2141e-05	0.10515	supercritical
691.0	1714.0	750.11	0.0013331	629.79	858.29	2.0113	1.0155	1.39	835.76	-0.027608	8.2248e-05	0.10524	supercritical
691.0	1717.2	750.74	0.001332	629.68	858.42	2.0108	1.0156	1.39	836.56	-0.027661	8.2354e-05	0.10533	supercritical
691.0	1720.5	751.38	0.0013309	629.56	858.54	2.0104	1.0157	1.39	837.35	-0.027713	8.246e-05	0.10542	supercritical
691.0	1723.8	752.01	0.0013298	629.45	858.67	2.01	1.0158	1.39	838.14	-0.027765	8.2566e-05	0.10551	supercritical
691.0	1727.0	752.64	0.0013287	629.34	858.79	2.0095	1.0159	1.3901	838.93	-0.027817	8.2672e-05	0.10559	supercritical
691.0	1730.2	753.27	0.0013275	629.22	858.92	2.0091	1.016	1.3901	839.73	-0.027869	8.2779e-05	0.10568	supercritical
691.0	1733.5	753.9	0.0013264	629.11	859.05	2.0086	1.0161	1.3901	840.52	-0.027921	8.2885e-05	0.10577	supercritical
691.0	1736.8	754.53	0.0013253	629.0	859.17	2.0082	1.0162	1.3901	841.31	-0.027972	8.2991e-05	0.10586	supercritical
691.0	1740.0	755.16	0.0013242	628.88	859.3	2.0077	1.0163	1.3901	842.1	-0.028023	8.3097e-05	0.10595	supercritical
691.0	1743.2	755.79	0.0013231	628.77	859.43	2.0073	1.0164	1.3901	842.88	-0.028074	8.3202e-05	0.10604	supercritical
691.0	1746.5	756.41	0.001322	628.66	859.55	2.0069	1.0165	1.3901	843.67	-0.028125	8.3308e-05	0.10613	supercritical
691.0	1749.8	757.03	0.0013209	628.55	859.68	2.0064	1.0166	1.3901	844.46	-0.028175	8.3414e-05	0.10622	supercritical
691.0	1753.0	757.66	0.0013199	628.44	859.81	2.006	1.0167	1.3901	845.24	-0.028225	8.352e-05	0.10631	supercritical
691.0	1756.2	758.28	0.0013188	628.32	859.93	2.0056	1.0168	1.3901	846.03	-0.028275	8.3626e-05	0.1064	supercritical
691.0	1759.5	758.9	0.0013177	628.21	860.06	2.0051	1.0169	1.3902	846.81	-0.028325	8.3732e-05	0.10649	supercritical
691.0	1762.8	759.52	0.0013166	628.1	860.19	2.0047	1.017	1.3902	847.6	-0.028374	8.3837e-05	0.10658	supercritical
691.0	1766.0	760.14	0.0013156	627.99	860.32	2.0043	1.0171	1.3902	848.38	-0.028424	8.3943e-05	0.10667	supercritical
691.0	1769.2	760.75	0.0013145	627.88	860.45	2.0038	1.0172	1.3902	849.16	-0.028473	8.4049e-05	0.10676	supercritical
691.0	1772.5	761.37	0.0013134	627.77	860.58	2.0034	1.0173	1.3902	849.95	-0.028521	8.4154e-05	0.10685	supercritical
691.0	1775.8	761.98	0.0013124	627.66	860.7	2.003	1.0174	1.3902	850.73	-0.02857	8.426e-05	0.10694	supercritical
691.0	1779.0	762.59	0.0013113	627.55	860.83	2.0025	1.0175	1.3902	851.51	-0.028618	8.4365e-05	0.10703	supercritical
691.0	1782.2	763.21	0.0013103	627.44	860.96	2.0021	1.0176	1.3902	852.29	-0.028666	8.4471e-05	0.10712	supercritical
691.0	1785.5	763.82	0.0013092	627.33	861.09	2.0017	1.0177	1.3902	853.06	-0.028714	8.4576e-05	0.10721	supercritical
691.0	1788.8	764.43	0.0013082	627.22	861.22	2.0012	1.0178	1.3902	853.84	-0.028762	8.4681e-05	0.10729	supercritical
691.0	1792.0	765.04	0.0013071	627.12	861.35	2.0008	1.0179	1.3903	854.62	-0.02881	8.4787e-05	0.10738	supercritical
691.0	1795.2	765.64	0.0013061	627.01	861.48	2.0004	1.018	1.3903	855.39	-0.028857	8.4892e-05	0.10747	supercritical
691.0	1798.5	766.25	0.0013051	626.9	861.61	2.0	1.0182	1.3903	856.17	-0.028904	8.4997e-05	0.10756	supercritical
691.0	1801.8	766.85	0.001304	626.79	861.74	1.9995	1.0183	1.3903	856.95	-0.028951	8.5103e-05	0.10765	supercritical
691.0	1805.0	767.46	0.001303	626.68	861.88	1.9991	1.0184	1.3903	857.72	-0.028997	8.5208e-05	0.10774	supercritical
691.0	1808.2	768.06	0.001302	626.58	862.01	1.9987	1.0185	1.3903	858.49	-0.029044	8.5313e-05	0.10783	supercritical
691.0	1811.5	768.66	0.001301	626.47	862.14	1.9983	1.0186	1.3903	859.26	-0.02909	8.5418e-05	0.10792	supercritical
691.0	1814.8	769.26	0.0012999	626.36	862.27	1.9979	1.0187	1.3903	860.04	-0.029136	8.5523e-05	0.10801	supercritical
691.0	1818.0	769.86	0.0012989	626.25	862.4	1.9974	1.0188	1.3903	860.81	-0.029182	8.5628e-05	0.1081	supercritical
691.0	1821.2	770.46	0.0012979	626.15	862.53	1.997	1.0189	1.3903	861.58	-0.029227	8.5733e-05	0.10819	supercritical
691.0	1824.5	771.06	0.0012969	626.04	862.67	1.9966	1.019	1.3903	862.35	-0.029273	8.5838e-05	0.10828	supercritical
691.0	1827.8	771.65	0.0012959	625.94	862.8	1.9962	1.0191	1.3903	863.12	-0.029318	8.5943e-05	0.10836	supercritical
691.0	1831.0	772.25	0.0012949	625.83	862.93	1.9958	1.0192	1.3904	863.88	-0.029363	8.6048e-05	0.10845	supercritical
691.0	1834.2	772.84	0.0012939	625.72	863.06	1.9953	1.0193	1.3904	864.65	-0.029408	8.6153e-05	0.10854	supercritical
691.0	1837.5	773.43	0.0012929	625.62	863.2	1.9949	1.0194	1.3904	865.42	-0.029452	8.6258e-05	0.10863	supercritical
691.0	1840.8	774.02	0.001292	625.51	863.33	1.9945	1.0195	1.3904	866.18	-0.029497	8.6362e-05	0.10872	supercritical
691.0	1844.0	774.61	0.001291	625.41	863.46	1.9941	1.0196	1.3904	866.95	-0.029541	8.6467e-05	0.10881	supercritical
691.0	1847.2	775.2	0.00129	625.3	863.6	1.9937	1.0197	1.3904	867.71	-0.029585	8.6572e-05	0.1089	supercritical
691.0	1850.5	775.79	0.001289	625.2	863.73	1.9933	1.0198	1.3904	868.48	-0.029629	8.6676e-05	0.10899	supercritical
691.0	1853.8	776.38	0.001288	625.09	863.86	1.9929	1.0199	1.3904	869.24	-0.029672	8.6781e-05	0.10908	supercritical
691.0	1857.0	776.96	0.0012871	624.99	864.0	1.9925	1.02	1.3904	870.0	-0.029716	8.6886e-05	0.10917	supercritical
691.0	1860.2	777.55	0.0012861	624.89	864.13	1.992	1.0201	1.3904	870.76	-0.029759	8.699e-05	0.10925	supercritical
691.0	1863.5	778.13	0.0012851	624.78	864.27	1.9916	1.0202	1.3904	871.52	-0.029802	8.7095e-05	0.10934	supercritical
691.0	1866.8	778.71	0.0012842	624.68	864.4	1.9912	1.0203	1.3904	872.28	-0.029845	8.7199e-05	0.10943	supercritical
691.0	1870.0	779.3	0.0012832	624.58	864.54	1.9908	1.0204	1.3905	873.04	-0.029887	8.7304e-05	0.10952	supercritical
691.0	1873.2	779.88	0.0012823	624.47	864.67	1.9904	1.0205	1.3905	873.8	-0.02993	8.7408e-05	0.10961	supercritical
691.0	1876.5	780.46	0.0012813	624.37	864.81	1.99	1.0206	1.3905	874.56	-0.029972	8.7512e-05	0.1097	supercritical
691.0	1879.8	781.03	0.0012804	624.27	864.94	1.9896	1.0207	1.3905	875.31	-0.030014	8.7617e-05	0.10979	supercritical
691.0	1883.0	781.61	0.0012794	624.17	865.08	1.9892	1.0208	1.3905	876.07	-0.030056	8.7721e-05	0.10988	supercritical
691.0	1886.2	782.19	0.0012785	624.06	865.21	1.9888	1.0209	1.3905	876.82	-0.030098	8.7825e-05	0.10997	supercritical
691.0	1889.5	782.76	0.0012775	623.96	865.35	1.9884	1.021	1.3905	877.58	-0.030139	8.793e-05	0.11006	supercritical
691.0	1892.8	783.34	0.0012766	623.86	865.49	1.988	1.0211	1.3905	878.33	-0.03018	8.8034e-05	0.11014	supercritical
691.0	1896.0	783.91	0.0012757	623.76	865.62	1.9876	1.0212	1.3905	879.09	-0.030222	8.8138e-05	0.11023	supercritical
691.0	1899.2	784.48	0.0012747	623.66	865.76	1.9872	1.0213	1.3905	879.84	-0.030262	8.8242e-05	0.11032	supercritical
691.0	1902.5	785.05	0.0012738	623.56	865.9	1.9868	1.0214	1.3905	880.59	-0.030303	8.8346e-05	0.11041	supercritical
691.0	1905.8	785.62	0.0012729	623.46	866.03	1.9864	1.0215	1.3905	881.34	-0.030344	8.845e-05	0.1105	supercritical
691.0	1909.0	786.19	0.001272	623.36	866.17	1.986	1.0216	1.3905	882.09	-0.030384	8.8554e-05	0.11059	supercritical
691.0	1912.2	786.76	0.001271	623.25	866.31	1.9856	1.0217	1.3906	882.84	-0.030424	8.8658e-05	0.11068	supercritical
691.0	1915.5	787.33	0.0012701	623.15	866.45	1.9852	1.0218	1.3906	883.59	-0.030464	8.8762e-05	0.11077	supercritical
691.0	1918.8	787.89	0.0012692	623.05	866.58	1.9848	1.0219	1.3906	884.34	-0.030504	8.8866e-05	0.11086	supercritical
691.0	1922.0	788.46	0.0012683	622.96	866.72	1.9844	1.022	1.3906	885.08	-0.030544	8.897e-05	0.11094	supercritical
691.0	1925.2	789.02	0.0012674	622.86	866.86	1.984	1.0221	1.3906	885.83	-0.030584	8.9074e-05	0.11103	supercritical
691.0	1928.5	789.59	0.0012665	622.76	867.0	1.9836	1.0222	1.3906	886.58	-0.030623	8.9177e-05	0.11112	supercritical
691.0	1931.8	790.15	0.0012656	622.66	867.14	1.9832	1.0223	1.3906	887.32	-0.030662	8.9281e-05	0.11121	supercritical
691.0	1935.0	790.71	0.0012647	622.56	867.28	1.9828	1.0224	1.3906	888.06	-0.030701	8.9385e-05	0.1113	supercritical
691.0	1938.2	791.27	0.0012638	622.46	867.41	1.9824	1.0225	1.3906	888.81	-0.03074	8.9488e-05	0.11139	supercritical
691.0	1941.5	791.83	0.0012629	622.36	867.55	1.982	1.0226	1.3906	889.55	-0.030778	8.9592e-05	0.11148	supercritical
691.0	1944.8	792.39	0.001262	622.26	867.69	1.9816	1.0227	1.3906	890.29	-0.030817	8.9696e-05	0.11157	supercritical
691.0	1948.0	792.94	0.0012611	622.16	867.83	1.9812	1.0228	1.3906	891.03	-0.030855	8.9799e-05	0.11165	supercritical
691.0	1951.2	793.5	0.0012602	622.07	867.97	1.9808	1.0229	1.3906	891.77	-0.030893	8.9903e-05	0.11174	supercritical
691.0	1954.5	794.05	0.0012594	621.97	868.11	1.9804	1.023	1.3907	892.51	-0.030931	9.0006e-05	0.11183	supercritical
691.0	1957.8	794.61	0.0012585	621.87	868.25	1.9801	1.0231	1.3907	893.25	-0.030969	9.011e-05	0.11192	supercritical
691.0	1961.0	795.16	0.0012576	621.77	868.39	1.9797	1.0232	1.3907	893.99	-0.031007	9.0213e-05	0.11201	supercritical
691.0	1964.2	795.71	0.0012567	621.68	868.53	1.9793	1.0233	1.3907	894.73	-0.031044	9.0317e-05	0.1121	supercritical
691.0	1967.5	796.26	0.0012559	621.58	868.67	1.9789	1.0234	1.3907	895.47	-0.031082	9.042e-05	0.11219	supercritical
691.0	1970.8	796.82	0.001255	621.48	868.81	1.9785	1.0235	1.3907	896.2	-0.031119	9.0523e-05	0.11228	supercritical
691.0	1974.0	797.36	0.0012541	621.39	868.95	1.9781	1.0236	1.3907	896.94	-0.031156	9.0627e-05	0.11237	supercritical
691.0	1977.2	797.91	0.0012533	621.29	869.09	1.9777	1.0237	1.3907	897.67	-0.031193	9.073e-05	0.11245	supercritical
691.0	1980.5	798.46	0.0012524	621.2	869.23	1.9773	1.0238	1.3907	898.41	-0.031229	9.0833e-05	0.11254	supercritical
691.0	1983.8	799.01	0.0012516	621.1	869.38	1.977	1.0239	1.3907	899.14	-0.031266	9.0936e-05	0.11263	supercritical
691.0	1987.0	799.55	0.0012507	621.0	869.52	1.9766	1.024	1.3907	899.87	-0.031302	9.1039e-05	0.11272	supercritical
691.0	1990.2	800.1	0.0012498	620.91	869.66	1.9762	1.0241	1.3907	900.6	-0.031338	9.1143e-05	0.11281	supercritical
691.0	1993.5	800.64	0.001249	620.81	869.8	1.9758	1.0242	1.3907	901.34	-0.031374	9.1246e-05	0.1129	supercritical
691.0	1996.8	801.18	0.0012482	620.72	869.94	1.9754	1.0243	1.3908	902.07	-0.03141	9.1349e-05	0.11299	supercritical
691.0	2000.0	801.73	0.0012473	620.62	870.08	1.975	1.0244	1.3908	902.8	-0.031446	9.1452e-05	0.11308	supercritical
