Temperature (K)	Pressure (bar)	Density (kg/m3)	Volume (m3/kg)	Internal Energy (kJ/kg)	Enthalpy (kJ/kg)	Entropy (J/g*K)	Cv (J/g*K)	Cp (J/g*K)	Sound Spd. (m/s)	Joule-Thomson (K/bar)	Viscosity (Pa*s)	Therm. Cond. (W/m*K)	Phase
777.0	56.5	38.295	0.026113	844.38	991.92	2.9295	0.97455	1.1819	424.33	0.09218	3.4692e-05	0.056212	vapor
777.0	59.75	40.483	0.024702	843.97	991.57	2.9184	0.97476	1.1832	424.69	0.09161	3.4724e-05	0.056291	vapor
777.0	63.0	42.669	0.023436	843.57	991.21	2.9079	0.97498	1.1844	425.05	0.091042	3.4756e-05	0.056368	vapor
777.0	66.25	44.853	0.022295	843.16	990.87	2.8979	0.97519	1.1856	425.42	0.090477	3.4789e-05	0.056445	vapor
777.0	69.5	47.036	0.02126	842.76	990.52	2.8883	0.9754	1.1869	425.8	0.089914	3.4822e-05	0.056522	vapor
777.0	72.75	49.216	0.020319	842.35	990.17	2.8792	0.97561	1.1881	426.17	0.089353	3.4855e-05	0.056598	vapor
777.0	76.0	51.394	0.019457	841.95	989.83	2.8704	0.97582	1.1894	426.55	0.088794	3.4888e-05	0.056673	vapor
777.0	76.0	51.394	0.019457	841.95	989.83	2.8704	0.97582	1.1894	426.55	0.088794	3.4888e-05	0.056673	supercritical
777.0	76.0	51.394	0.019457	841.95	989.83	2.8704	0.97582	1.1894	426.55	0.088794	3.4888e-05	0.056673	supercritical
777.0	79.25	53.57	0.018667	841.55	989.49	2.862	0.97602	1.1906	426.94	0.088237	3.4922e-05	0.056748	supercritical
777.0	82.5	55.744	0.017939	841.15	989.14	2.8539	0.97623	1.1918	427.33	0.087682	3.4956e-05	0.056822	supercritical
777.0	85.75	57.916	0.017266	840.75	988.81	2.8461	0.97644	1.193	427.72	0.087128	3.499e-05	0.056896	supercritical
777.0	89.0	60.085	0.016643	840.35	988.47	2.8386	0.97665	1.1943	428.12	0.086577	3.5024e-05	0.05697	supercritical
777.0	92.25	62.252	0.016064	839.95	988.13	2.8313	0.97685	1.1955	428.52	0.086027	3.5059e-05	0.057043	supercritical
777.0	95.5	64.417	0.015524	839.55	987.8	2.8243	0.97706	1.1967	428.93	0.085479	3.5094e-05	0.057115	supercritical
777.0	98.75	66.58	0.01502	839.15	987.47	2.8175	0.97727	1.1979	429.34	0.084932	3.5129e-05	0.057188	supercritical
777.0	102.0	68.74	0.014548	838.75	987.14	2.8109	0.97747	1.1991	429.75	0.084387	3.5165e-05	0.05726	supercritical
777.0	105.25	70.897	0.014105	838.36	986.81	2.8045	0.97768	1.2003	430.17	0.083843	3.52e-05	0.057331	supercritical
777.0	108.5	73.052	0.013689	837.96	986.49	2.7982	0.97788	1.2015	430.59	0.083301	3.5237e-05	0.057403	supercritical
777.0	111.75	75.205	0.013297	837.57	986.16	2.7922	0.97808	1.2027	431.01	0.08276	3.5273e-05	0.057474	supercritical
777.0	115.0	77.355	0.012927	837.17	985.84	2.7863	0.97829	1.2039	431.44	0.08222	3.531e-05	0.057545	supercritical
777.0	118.25	79.502	0.012578	836.78	985.52	2.7805	0.97849	1.2051	431.88	0.081682	3.5347e-05	0.057617	supercritical
777.0	121.5	81.647	0.012248	836.39	985.2	2.7749	0.97869	1.2063	432.31	0.081144	3.5384e-05	0.057687	supercritical
777.0	124.75	83.789	0.011935	835.99	984.88	2.7695	0.97889	1.2075	432.76	0.080608	3.5422e-05	0.057758	supercritical
777.0	128.0	85.928	0.011638	835.6	984.57	2.7641	0.97909	1.2086	433.2	0.080073	3.5459e-05	0.057829	supercritical
777.0	131.25	88.064	0.011355	835.21	984.25	2.7589	0.97929	1.2098	433.65	0.079539	3.5498e-05	0.0579	supercritical
777.0	134.5	90.198	0.011087	834.82	983.94	2.7538	0.97949	1.211	434.1	0.079006	3.5536e-05	0.057971	supercritical
777.0	137.75	92.329	0.010831	834.43	983.63	2.7488	0.97969	1.2121	434.56	0.078474	3.5575e-05	0.058041	supercritical
777.0	141.0	94.457	0.010587	834.05	983.32	2.744	0.97989	1.2133	435.02	0.077943	3.5614e-05	0.058112	supercritical
777.0	144.25	96.582	0.010354	833.66	983.02	2.7392	0.98009	1.2145	435.48	0.077413	3.5654e-05	0.058183	supercritical
777.0	147.5	98.704	0.010131	833.27	982.71	2.7345	0.98028	1.2156	435.95	0.076884	3.5693e-05	0.058254	supercritical
777.0	150.75	100.82	0.0099184	832.89	982.41	2.7299	0.98048	1.2168	436.43	0.076356	3.5733e-05	0.058325	supercritical
777.0	154.0	102.94	0.0097145	832.5	982.11	2.7254	0.98068	1.2179	436.9	0.075828	3.5774e-05	0.058396	supercritical
777.0	157.25	105.05	0.0095191	832.12	981.81	2.721	0.98087	1.219	437.38	0.075302	3.5815e-05	0.058467	supercritical
777.0	160.5	107.16	0.0093317	831.74	981.51	2.7167	0.98107	1.2202	437.87	0.074776	3.5856e-05	0.058539	supercritical
777.0	163.75	109.27	0.0091518	831.35	981.21	2.7125	0.98126	1.2213	438.35	0.074251	3.5897e-05	0.05861	supercritical
777.0	167.0	111.37	0.008979	830.97	980.92	2.7083	0.98145	1.2224	438.85	0.073727	3.5939e-05	0.058682	supercritical
777.0	170.25	113.47	0.0088128	830.59	980.63	2.7042	0.98165	1.2235	439.34	0.073203	3.5981e-05	0.058754	supercritical
777.0	173.5	115.57	0.0086529	830.21	980.34	2.7002	0.98184	1.2246	439.84	0.07268	3.6023e-05	0.058826	supercritical
777.0	176.75	117.66	0.0084989	829.83	980.05	2.6962	0.98203	1.2257	440.35	0.072159	3.6066e-05	0.058899	supercritical
777.0	180.0	119.75	0.0083505	829.45	979.76	2.6923	0.98222	1.2269	440.85	0.071637	3.6109e-05	0.058971	supercritical
777.0	183.25	121.84	0.0082075	829.08	979.48	2.6885	0.98241	1.2279	441.37	0.071117	3.6152e-05	0.059044	supercritical
777.0	186.5	123.92	0.0080695	828.7	979.2	2.6847	0.9826	1.229	441.88	0.070597	3.6196e-05	0.059118	supercritical
777.0	189.75	126.0	0.0079363	828.32	978.91	2.681	0.98279	1.2301	442.4	0.070078	3.624e-05	0.059191	supercritical
777.0	193.0	128.08	0.0078076	827.95	978.64	2.6774	0.98298	1.2312	442.92	0.06956	3.6284e-05	0.059265	supercritical
777.0	196.25	130.15	0.0076832	827.57	978.36	2.6738	0.98317	1.2323	443.45	0.069042	3.6329e-05	0.059339	supercritical
777.0	199.5	132.22	0.007563	827.2	978.08	2.6702	0.98336	1.2334	443.98	0.068525	3.6374e-05	0.059414	supercritical
777.0	202.75	134.29	0.0074466	826.83	977.81	2.6667	0.98355	1.2344	444.52	0.068009	3.6419e-05	0.059489	supercritical
777.0	206.0	136.35	0.007334	826.46	977.54	2.6633	0.98373	1.2355	445.06	0.067494	3.6465e-05	0.059564	supercritical
777.0	209.25	138.41	0.0072249	826.09	977.27	2.6599	0.98392	1.2365	445.6	0.066979	3.6511e-05	0.05964	supercritical
777.0	212.5	140.47	0.0071192	825.72	977.0	2.6566	0.9841	1.2376	446.15	0.066465	3.6558e-05	0.059716	supercritical
777.0	215.75	142.52	0.0070167	825.35	976.73	2.6533	0.98429	1.2386	446.7	0.065952	3.6604e-05	0.059792	supercritical
777.0	219.0	144.57	0.0069173	824.98	976.47	2.65	0.98447	1.2397	447.25	0.065439	3.6652e-05	0.059869	supercritical
777.0	222.25	146.61	0.0068209	824.61	976.2	2.6468	0.98466	1.2407	447.81	0.064928	3.6699e-05	0.059946	supercritical
777.0	225.5	148.65	0.0067272	824.24	975.94	2.6436	0.98484	1.2417	448.37	0.064417	3.6747e-05	0.060024	supercritical
777.0	228.75	150.69	0.0066363	823.88	975.69	2.6405	0.98502	1.2428	448.94	0.063907	3.6795e-05	0.060102	supercritical
777.0	232.0	152.72	0.006548	823.51	975.43	2.6374	0.9852	1.2438	449.51	0.063397	3.6844e-05	0.06018	supercritical
777.0	235.25	154.75	0.0064622	823.15	975.17	2.6344	0.98539	1.2448	450.08	0.062889	3.6892e-05	0.060259	supercritical
777.0	238.5	156.77	0.0063787	822.79	974.92	2.6313	0.98557	1.2458	450.66	0.062381	3.6942e-05	0.060338	supercritical
777.0	241.75	158.79	0.0062975	822.42	974.67	2.6284	0.98575	1.2468	451.24	0.061874	3.6991e-05	0.060418	supercritical
777.0	245.0	160.81	0.0062185	822.06	974.42	2.6254	0.98593	1.2478	451.83	0.061369	3.7041e-05	0.060498	supercritical
777.0	248.25	162.82	0.0061417	821.7	974.17	2.6225	0.98611	1.2488	452.42	0.060863	3.7091e-05	0.060579	supercritical
777.0	251.5	164.83	0.0060668	821.34	973.92	2.6197	0.98628	1.2498	453.01	0.060359	3.7142e-05	0.06066	supercritical
777.0	254.75	166.84	0.0059939	820.98	973.68	2.6168	0.98646	1.2508	453.61	0.059856	3.7193e-05	0.060742	supercritical
777.0	258.0	168.84	0.0059229	820.63	973.44	2.614	0.98664	1.2517	454.21	0.059354	3.7244e-05	0.060824	supercritical
777.0	261.25	170.83	0.0058537	820.27	973.2	2.6112	0.98682	1.2527	454.82	0.058852	3.7296e-05	0.060906	supercritical
777.0	264.5	172.83	0.0057862	819.91	972.96	2.6085	0.98699	1.2536	455.42	0.058352	3.7348e-05	0.060989	supercritical
777.0	267.75	174.81	0.0057204	819.56	972.72	2.6058	0.98717	1.2546	456.04	0.057853	3.74e-05	0.061072	supercritical
777.0	271.0	176.8	0.0056562	819.2	972.49	2.6031	0.98734	1.2556	456.65	0.057354	3.7453e-05	0.061156	supercritical
777.0	274.25	178.78	0.0055936	818.85	972.25	2.6005	0.98752	1.2565	457.27	0.056857	3.7506e-05	0.061241	supercritical
777.0	277.5	180.75	0.0055324	818.5	972.02	2.5978	0.98769	1.2574	457.9	0.056361	3.756e-05	0.061325	supercritical
777.0	280.75	182.72	0.0054727	818.15	971.79	2.5952	0.98786	1.2584	458.53	0.055866	3.7614e-05	0.061411	supercritical
777.0	284.0	184.69	0.0054145	817.79	971.56	2.5927	0.98804	1.2593	459.16	0.055372	3.7668e-05	0.061497	supercritical
777.0	287.25	186.65	0.0053575	817.44	971.34	2.5901	0.98821	1.2602	459.79	0.054879	3.7722e-05	0.061583	supercritical
777.0	290.5	188.61	0.0053019	817.09	971.12	2.5876	0.98838	1.2611	460.43	0.054387	3.7777e-05	0.06167	supercritical
777.0	293.75	190.57	0.0052475	816.75	970.89	2.5851	0.98855	1.262	461.07	0.053897	3.7832e-05	0.061757	supercritical
777.0	297.0	192.52	0.0051944	816.4	970.67	2.5826	0.98872	1.2629	461.72	0.053407	3.7888e-05	0.061844	supercritical
777.0	300.25	194.46	0.0051424	816.05	970.45	2.5802	0.98889	1.2638	462.37	0.052919	3.7944e-05	0.061933	supercritical
777.0	303.5	196.4	0.0050916	815.71	970.24	2.5778	0.98906	1.2647	463.02	0.052433	3.8e-05	0.062021	supercritical
777.0	306.75	198.34	0.0050419	815.36	970.02	2.5754	0.98923	1.2656	463.68	0.051947	3.8057e-05	0.06211	supercritical
777.0	310.0	200.27	0.0049933	815.02	969.81	2.573	0.9894	1.2665	464.34	0.051463	3.8113e-05	0.0622	supercritical
777.0	313.25	202.2	0.0049457	814.68	969.6	2.5707	0.98956	1.2673	465.0	0.05098	3.8171e-05	0.06229	supercritical
777.0	316.5	204.12	0.0048991	814.33	969.39	2.5683	0.98973	1.2682	465.67	0.050499	3.8228e-05	0.06238	supercritical
777.0	319.75	206.04	0.0048535	813.99	969.18	2.566	0.9899	1.2691	466.34	0.050019	3.8286e-05	0.062471	supercritical
777.0	323.0	207.95	0.0048088	813.65	968.98	2.5637	0.99006	1.2699	467.02	0.04954	3.8345e-05	0.062563	supercritical
777.0	326.25	209.86	0.0047651	813.31	968.77	2.5615	0.99023	1.2708	467.7	0.049063	3.8403e-05	0.062655	supercritical
777.0	329.5	211.76	0.0047222	812.98	968.57	2.5592	0.99039	1.2716	468.38	0.048587	3.8462e-05	0.062747	supercritical
777.0	332.75	213.66	0.0046803	812.64	968.37	2.557	0.99056	1.2724	469.06	0.048113	3.8522e-05	0.06284	supercritical
777.0	336.0	215.56	0.0046391	812.3	968.18	2.5548	0.99072	1.2733	469.75	0.04764	3.8581e-05	0.062933	supercritical
777.0	339.25	217.45	0.0045988	811.97	967.98	2.5526	0.99088	1.2741	470.45	0.047169	3.8641e-05	0.063027	supercritical
777.0	342.5	219.33	0.0045592	811.63	967.78	2.5505	0.99105	1.2749	471.14	0.046699	3.8702e-05	0.063121	supercritical
777.0	345.75	221.22	0.0045205	811.3	967.59	2.5483	0.99121	1.2757	471.84	0.046231	3.8762e-05	0.063215	supercritical
777.0	349.0	223.09	0.0044824	810.96	967.4	2.5462	0.99137	1.2765	472.54	0.045764	3.8824e-05	0.06331	supercritical
777.0	352.25	224.96	0.0044451	810.63	967.21	2.5441	0.99153	1.2773	473.25	0.045299	3.8885e-05	0.063406	supercritical
777.0	355.5	226.83	0.0044086	810.3	967.03	2.542	0.99169	1.2781	473.96	0.044836	3.8947e-05	0.063501	supercritical
777.0	358.75	228.69	0.0043727	809.97	966.84	2.5399	0.99185	1.2789	474.67	0.044375	3.9009e-05	0.063598	supercritical
777.0	362.0	230.55	0.0043374	809.64	966.66	2.5378	0.99201	1.2797	475.38	0.043915	3.9071e-05	0.063694	supercritical
777.0	365.25	232.4	0.0043029	809.31	966.47	2.5358	0.99217	1.2805	476.1	0.043457	3.9134e-05	0.063791	supercritical
777.0	368.5	234.25	0.0042689	808.99	966.29	2.5338	0.99233	1.2812	476.82	0.043	3.9197e-05	0.063889	supercritical
777.0	371.75	236.1	0.0042356	808.66	966.12	2.5318	0.99249	1.282	477.55	0.042546	3.926e-05	0.063987	supercritical
777.0	375.0	237.93	0.0042029	808.33	965.94	2.5298	0.99264	1.2828	478.27	0.042093	3.9324e-05	0.064085	supercritical
777.0	378.25	239.77	0.0041707	808.01	965.77	2.5278	0.9928	1.2835	479.01	0.041642	3.9388e-05	0.064184	supercritical
777.0	381.5	241.6	0.0041391	807.68	965.59	2.5258	0.99296	1.2843	479.74	0.041192	3.9452e-05	0.064283	supercritical
777.0	384.75	243.42	0.0041081	807.36	965.42	2.5239	0.99311	1.285	480.48	0.040745	3.9517e-05	0.064382	supercritical
777.0	388.0	245.24	0.0040777	807.04	965.25	2.522	0.99327	1.2857	481.22	0.0403	3.9582e-05	0.064482	supercritical
777.0	391.25	247.05	0.0040477	806.72	965.08	2.5201	0.99342	1.2865	481.96	0.039856	3.9647e-05	0.064582	supercritical
777.0	394.5	248.86	0.0040183	806.4	964.92	2.5182	0.99358	1.2872	482.7	0.039414	3.9713e-05	0.064683	supercritical
777.0	397.75	250.67	0.0039893	806.08	964.75	2.5163	0.99373	1.2879	483.45	0.038974	3.9779e-05	0.064783	supercritical
777.0	401.0	252.47	0.0039609	805.76	964.59	2.5144	0.99388	1.2886	484.2	0.038536	3.9845e-05	0.064885	supercritical
777.0	404.25	254.26	0.0039329	805.44	964.43	2.5125	0.99404	1.2893	484.96	0.038101	3.9911e-05	0.064986	supercritical
777.0	407.5	256.05	0.0039055	805.13	964.27	2.5107	0.99419	1.29	485.72	0.037667	3.9978e-05	0.065088	supercritical
777.0	410.75	257.84	0.0038784	804.81	964.12	2.5089	0.99434	1.2907	486.47	0.037235	4.0045e-05	0.06519	supercritical
777.0	414.0	259.62	0.0038518	804.5	963.96	2.507	0.99449	1.2914	487.24	0.036805	4.0113e-05	0.065293	supercritical
777.0	417.25	261.39	0.0038257	804.18	963.81	2.5052	0.99465	1.2921	488.0	0.036377	4.0181e-05	0.065396	supercritical
777.0	420.5	263.16	0.0037999	803.87	963.66	2.5035	0.9948	1.2928	488.77	0.035951	4.0249e-05	0.065499	supercritical
777.0	423.75	264.93	0.0037746	803.56	963.51	2.5017	0.99495	1.2935	489.54	0.035527	4.0317e-05	0.065602	supercritical
777.0	427.0	266.69	0.0037497	803.25	963.36	2.4999	0.9951	1.2941	490.31	0.035105	4.0386e-05	0.065706	supercritical
777.0	430.25	268.44	0.0037252	802.93	963.21	2.4982	0.99524	1.2948	491.09	0.034685	4.0455e-05	0.06581	supercritical
777.0	433.5	270.2	0.003701	802.63	963.06	2.4964	0.99539	1.2955	491.87	0.034267	4.0524e-05	0.065915	supercritical
777.0	436.75	271.94	0.0036773	802.32	962.92	2.4947	0.99554	1.2961	492.65	0.033851	4.0593e-05	0.066019	supercritical
777.0	440.0	273.68	0.0036539	802.01	962.78	2.493	0.99569	1.2968	493.43	0.033438	4.0663e-05	0.066124	supercritical
777.0	443.25	275.42	0.0036308	801.7	962.64	2.4913	0.99584	1.2974	494.22	0.033026	4.0734e-05	0.06623	supercritical
777.0	446.5	277.15	0.0036082	801.4	962.5	2.4896	0.99598	1.2981	495.0	0.032617	4.0804e-05	0.066335	supercritical
777.0	449.75	278.88	0.0035858	801.09	962.36	2.4879	0.99613	1.2987	495.79	0.03221	4.0875e-05	0.066441	supercritical
777.0	453.0	280.6	0.0035638	800.79	962.23	2.4862	0.99628	1.2993	496.59	0.031805	4.0946e-05	0.066547	supercritical
777.0	456.25	282.31	0.0035422	800.48	962.1	2.4846	0.99642	1.3	497.38	0.031402	4.1017e-05	0.066653	supercritical
777.0	459.5	284.03	0.0035208	800.18	961.96	2.4829	0.99657	1.3006	498.18	0.031001	4.1089e-05	0.06676	supercritical
777.0	462.75	285.73	0.0034998	799.88	961.83	2.4813	0.99671	1.3012	498.98	0.030602	4.116e-05	0.066866	supercritical
777.0	466.0	287.43	0.0034791	799.58	961.71	2.4797	0.99686	1.3018	499.78	0.030206	4.1233e-05	0.066973	supercritical
777.0	469.25	289.13	0.0034587	799.28	961.58	2.4781	0.997	1.3024	500.58	0.029812	4.1305e-05	0.067081	supercritical
777.0	472.5	290.82	0.0034385	798.98	961.45	2.4764	0.99714	1.303	501.39	0.029419	4.1378e-05	0.067188	supercritical
777.0	475.75	292.51	0.0034187	798.68	961.33	2.4749	0.99729	1.3036	502.19	0.029029	4.1451e-05	0.067296	supercritical
777.0	479.0	294.19	0.0033992	798.39	961.21	2.4733	0.99743	1.3042	503.0	0.028642	4.1524e-05	0.067403	supercritical
777.0	482.25	295.87	0.0033799	798.09	961.09	2.4717	0.99757	1.3048	503.81	0.028256	4.1597e-05	0.067511	supercritical
777.0	485.5	297.54	0.0033609	797.8	960.97	2.4701	0.99771	1.3054	504.63	0.027873	4.1671e-05	0.06762	supercritical
777.0	488.75	299.21	0.0033422	797.5	960.85	2.4686	0.99786	1.306	505.44	0.027492	4.1745e-05	0.067728	supercritical
777.0	492.0	300.87	0.0033237	797.21	960.73	2.467	0.998	1.3065	506.26	0.027113	4.1819e-05	0.067837	supercritical
777.0	495.25	302.53	0.0033055	796.92	960.62	2.4655	0.99814	1.3071	507.08	0.026736	4.1894e-05	0.067945	supercritical
777.0	498.5	304.18	0.0032875	796.62	960.51	2.464	0.99828	1.3077	507.9	0.026361	4.1969e-05	0.068054	supercritical
777.0	501.75	305.83	0.0032698	796.33	960.4	2.4625	0.99842	1.3082	508.72	0.025989	4.2044e-05	0.068163	supercritical
777.0	505.0	307.47	0.0032523	796.04	960.29	2.461	0.99856	1.3088	509.55	0.025619	4.2119e-05	0.068273	supercritical
777.0	508.25	309.11	0.0032351	795.75	960.18	2.4595	0.9987	1.3093	510.37	0.025251	4.2195e-05	0.068382	supercritical
777.0	511.5	310.74	0.0032181	795.47	960.07	2.458	0.99883	1.3099	511.2	0.024885	4.2271e-05	0.068492	supercritical
777.0	514.75	312.37	0.0032013	795.18	959.97	2.4565	0.99897	1.3104	512.03	0.024521	4.2347e-05	0.068601	supercritical
777.0	518.0	314.0	0.0031848	794.89	959.86	2.455	0.99911	1.311	512.86	0.02416	4.2423e-05	0.068711	supercritical
777.0	521.25	315.61	0.0031684	794.61	959.76	2.4536	0.99925	1.3115	513.7	0.023801	4.25e-05	0.068821	supercritical
777.0	524.5	317.23	0.0031523	794.32	959.66	2.4521	0.99939	1.312	514.53	0.023444	4.2577e-05	0.068931	supercritical
777.0	527.75	318.84	0.0031364	794.04	959.56	2.4507	0.99952	1.3126	515.37	0.023089	4.2654e-05	0.069042	supercritical
777.0	531.0	320.44	0.0031207	793.75	959.46	2.4492	0.99966	1.3131	516.2	0.022737	4.2731e-05	0.069152	supercritical
777.0	534.25	322.04	0.0031052	793.47	959.37	2.4478	0.99979	1.3136	517.04	0.022386	4.2808e-05	0.069262	supercritical
777.0	537.5	323.64	0.0030899	793.19	959.27	2.4464	0.99993	1.3141	517.88	0.022038	4.2886e-05	0.069373	supercritical
777.0	540.75	325.23	0.0030748	792.91	959.18	2.445	1.0001	1.3146	518.73	0.021692	4.2964e-05	0.069483	supercritical
777.0	544.0	326.81	0.0030599	792.63	959.09	2.4436	1.0002	1.3151	519.57	0.021348	4.3042e-05	0.069594	supercritical
777.0	547.25	328.39	0.0030451	792.35	958.99	2.4422	1.0003	1.3156	520.41	0.021007	4.3121e-05	0.069705	supercritical
777.0	550.5	329.97	0.0030306	792.07	958.91	2.4408	1.0005	1.3161	521.26	0.020667	4.32e-05	0.069816	supercritical
777.0	553.75	331.54	0.0030162	791.79	958.82	2.4394	1.0006	1.3166	522.11	0.02033	4.3279e-05	0.069927	supercritical
777.0	557.0	333.11	0.003002	791.52	958.73	2.4381	1.0007	1.3171	522.96	0.019995	4.3358e-05	0.070038	supercritical
777.0	560.25	334.67	0.002988	791.24	958.65	2.4367	1.0009	1.3176	523.81	0.019662	4.3437e-05	0.070149	supercritical
777.0	563.5	336.22	0.0029742	790.97	958.56	2.4353	1.001	1.3181	524.66	0.019331	4.3517e-05	0.07026	supercritical
777.0	566.75	337.78	0.0029605	790.69	958.48	2.434	1.0011	1.3186	525.51	0.019002	4.3597e-05	0.070372	supercritical
777.0	570.0	339.33	0.002947	790.42	958.4	2.4327	1.0013	1.3191	526.36	0.018676	4.3677e-05	0.070483	supercritical
777.0	573.25	340.87	0.0029337	790.15	958.32	2.4313	1.0014	1.3195	527.22	0.018351	4.3757e-05	0.070594	supercritical
777.0	576.5	342.41	0.0029205	789.88	958.24	2.43	1.0015	1.32	528.07	0.018029	4.3837e-05	0.070706	supercritical
777.0	579.75	343.94	0.0029075	789.61	958.17	2.4287	1.0017	1.3205	528.93	0.017709	4.3918e-05	0.070817	supercritical
777.0	583.0	345.47	0.0028946	789.34	958.09	2.4274	1.0018	1.321	529.79	0.01739	4.3999e-05	0.070929	supercritical
777.0	586.25	346.99	0.0028819	789.07	958.02	2.4261	1.0019	1.3214	530.64	0.017075	4.408e-05	0.07104	supercritical
777.0	589.5	348.51	0.0028693	788.8	957.94	2.4248	1.0021	1.3219	531.5	0.016761	4.4161e-05	0.071152	supercritical
777.0	592.75	350.03	0.0028569	788.53	957.87	2.4235	1.0022	1.3223	532.36	0.016449	4.4243e-05	0.071263	supercritical
777.0	596.0	351.54	0.0028446	788.26	957.8	2.4222	1.0023	1.3228	533.23	0.016139	4.4325e-05	0.071375	supercritical
777.0	599.25	353.05	0.0028325	788.0	957.73	2.4209	1.0024	1.3232	534.09	0.015831	4.4407e-05	0.071486	supercritical
777.0	602.5	354.55	0.0028205	787.73	957.67	2.4197	1.0026	1.3237	534.95	0.015526	4.4489e-05	0.071598	supercritical
777.0	605.75	356.04	0.0028086	787.47	957.6	2.4184	1.0027	1.3241	535.82	0.015222	4.4571e-05	0.07171	supercritical
777.0	609.0	357.54	0.0027969	787.2	957.54	2.4171	1.0028	1.3245	536.68	0.014921	4.4653e-05	0.071821	supercritical
777.0	612.25	359.03	0.0027853	786.94	957.47	2.4159	1.003	1.325	537.55	0.014621	4.4736e-05	0.071933	supercritical
777.0	615.5	360.51	0.0027739	786.68	957.41	2.4146	1.0031	1.3254	538.41	0.014323	4.4819e-05	0.072044	supercritical
777.0	618.75	361.99	0.0027625	786.42	957.35	2.4134	1.0032	1.3258	539.28	0.014028	4.4902e-05	0.072156	supercritical
777.0	622.0	363.46	0.0027513	786.16	957.29	2.4122	1.0033	1.3263	540.15	0.013734	4.4985e-05	0.072268	supercritical
777.0	625.25	364.93	0.0027402	785.9	957.23	2.411	1.0035	1.3267	541.02	0.013443	4.5069e-05	0.072379	supercritical
777.0	628.5	366.4	0.0027293	785.64	957.17	2.4097	1.0036	1.3271	541.89	0.013153	4.5153e-05	0.072491	supercritical
777.0	631.75	367.86	0.0027184	785.38	957.12	2.4085	1.0037	1.3275	542.76	0.012866	4.5236e-05	0.072602	supercritical
777.0	635.0	369.32	0.0027077	785.12	957.06	2.4073	1.0038	1.3279	543.63	0.01258	4.532e-05	0.072714	supercritical
777.0	638.25	370.77	0.0026971	784.87	957.01	2.4061	1.004	1.3283	544.5	0.012296	4.5405e-05	0.072825	supercritical
777.0	641.5	372.22	0.0026866	784.61	956.96	2.4049	1.0041	1.3288	545.37	0.012015	4.5489e-05	0.072937	supercritical
777.0	644.75	373.66	0.0026762	784.36	956.9	2.4037	1.0042	1.3292	546.24	0.011735	4.5574e-05	0.073048	supercritical
777.0	648.0	375.1	0.0026659	784.1	956.85	2.4026	1.0043	1.3296	547.12	0.011457	4.5658e-05	0.07316	supercritical
777.0	651.25	376.54	0.0026558	783.85	956.81	2.4014	1.0045	1.33	547.99	0.011181	4.5743e-05	0.073271	supercritical
777.0	654.5	377.97	0.0026457	783.59	956.76	2.4002	1.0046	1.3304	548.86	0.010906	4.5828e-05	0.073382	supercritical
777.0	657.75	379.39	0.0026358	783.34	956.71	2.3991	1.0047	1.3308	549.74	0.010634	4.5914e-05	0.073494	supercritical
777.0	661.0	380.82	0.0026259	783.09	956.67	2.3979	1.0048	1.3311	550.61	0.010364	4.5999e-05	0.073605	supercritical
777.0	664.25	382.23	0.0026162	782.84	956.62	2.3967	1.005	1.3315	551.49	0.010095	4.6085e-05	0.073716	supercritical
777.0	667.5	383.65	0.0026066	782.59	956.58	2.3956	1.0051	1.3319	552.37	0.0098281	4.617e-05	0.073827	supercritical
777.0	670.75	385.06	0.002597	782.34	956.54	2.3944	1.0052	1.3323	553.24	0.0095631	4.6256e-05	0.073938	supercritical
777.0	674.0	386.46	0.0025876	782.09	956.5	2.3933	1.0053	1.3327	554.12	0.0092999	4.6342e-05	0.074049	supercritical
777.0	677.25	387.86	0.0025782	781.85	956.46	2.3922	1.0055	1.3331	555.0	0.0090385	4.6429e-05	0.07416	supercritical
777.0	680.5	389.26	0.002569	781.6	956.42	2.3911	1.0056	1.3334	555.87	0.0087789	4.6515e-05	0.074271	supercritical
777.0	683.75	390.65	0.0025598	781.35	956.38	2.3899	1.0057	1.3338	556.75	0.0085211	4.6602e-05	0.074382	supercritical
777.0	687.0	392.04	0.0025508	781.11	956.34	2.3888	1.0058	1.3342	557.63	0.008265	4.6688e-05	0.074492	supercritical
777.0	690.25	393.43	0.0025418	780.86	956.31	2.3877	1.0059	1.3345	558.51	0.0080107	4.6775e-05	0.074603	supercritical
777.0	693.5	394.81	0.0025329	780.62	956.27	2.3866	1.0061	1.3349	559.39	0.0077581	4.6862e-05	0.074713	supercritical
777.0	696.75	396.18	0.0025241	780.37	956.24	2.3855	1.0062	1.3353	560.27	0.0075072	4.6949e-05	0.074824	supercritical
777.0	700.0	397.55	0.0025154	780.13	956.21	2.3844	1.0063	1.3356	561.15	0.007258	4.7037e-05	0.074934	supercritical
777.0	703.25	398.92	0.0025068	779.89	956.18	2.3833	1.0064	1.336	562.03	0.0070105	4.7124e-05	0.075044	supercritical
777.0	706.5	400.29	0.0024982	779.65	956.15	2.3822	1.0065	1.3363	562.91	0.0067647	4.7212e-05	0.075155	supercritical
777.0	709.75	401.65	0.0024898	779.41	956.12	2.3812	1.0067	1.3367	563.79	0.0065206	4.73e-05	0.075265	supercritical
777.0	713.0	403.0	0.0024814	779.17	956.09	2.3801	1.0068	1.337	564.67	0.0062781	4.7388e-05	0.075375	supercritical
777.0	716.25	404.35	0.0024731	778.93	956.06	2.379	1.0069	1.3374	565.55	0.0060373	4.7476e-05	0.075485	supercritical
777.0	719.5	405.7	0.0024649	778.69	956.04	2.3779	1.007	1.3377	566.43	0.0057981	4.7564e-05	0.075595	supercritical
777.0	722.75	407.04	0.0024567	778.45	956.01	2.3769	1.0071	1.3381	567.31	0.0055606	4.7652e-05	0.075704	supercritical
777.0	726.0	408.38	0.0024487	778.22	955.99	2.3758	1.0073	1.3384	568.19	0.0053246	4.7741e-05	0.075814	supercritical
777.0	729.25	409.72	0.0024407	777.98	955.97	2.3748	1.0074	1.3388	569.07	0.0050902	4.7829e-05	0.075923	supercritical
777.0	732.5	411.05	0.0024328	777.74	955.95	2.3737	1.0075	1.3391	569.95	0.0048574	4.7918e-05	0.076033	supercritical
777.0	735.75	412.38	0.002425	777.51	955.93	2.3727	1.0076	1.3394	570.83	0.0046262	4.8007e-05	0.076142	supercritical
777.0	739.0	413.7	0.0024172	777.28	955.91	2.3716	1.0077	1.3398	571.72	0.0043965	4.8096e-05	0.076251	supercritical
777.0	742.25	415.02	0.0024095	777.04	955.89	2.3706	1.0079	1.3401	572.6	0.0041684	4.8185e-05	0.076361	supercritical
777.0	745.5	416.34	0.0024019	776.81	955.87	2.3696	1.008	1.3404	573.48	0.0039418	4.8274e-05	0.07647	supercritical
777.0	748.75	417.65	0.0023943	776.58	955.85	2.3686	1.0081	1.3407	574.36	0.0037168	4.8364e-05	0.076578	supercritical
777.0	752.0	418.96	0.0023869	776.34	955.84	2.3675	1.0082	1.3411	575.24	0.0034932	4.8453e-05	0.076687	supercritical
777.0	755.25	420.26	0.0023795	776.11	955.82	2.3665	1.0083	1.3414	576.12	0.0032711	4.8543e-05	0.076796	supercritical
777.0	758.5	421.56	0.0023721	775.88	955.81	2.3655	1.0084	1.3417	577.01	0.0030505	4.8633e-05	0.076904	supercritical
777.0	761.75	422.86	0.0023648	775.65	955.8	2.3645	1.0086	1.342	577.89	0.0028314	4.8723e-05	0.077013	supercritical
777.0	765.0	424.15	0.0023576	775.42	955.78	2.3635	1.0087	1.3423	578.77	0.0026138	4.8813e-05	0.077121	supercritical
777.0	768.25	425.44	0.0023505	775.2	955.77	2.3625	1.0088	1.3427	579.65	0.0023975	4.8903e-05	0.077229	supercritical
777.0	771.5	426.73	0.0023434	774.97	955.76	2.3615	1.0089	1.343	580.53	0.0021828	4.8993e-05	0.077337	supercritical
777.0	774.75	428.01	0.0023364	774.74	955.75	2.3605	1.009	1.3433	581.41	0.0019694	4.9084e-05	0.077445	supercritical
777.0	778.0	429.29	0.0023294	774.52	955.75	2.3595	1.0091	1.3436	582.3	0.0017574	4.9174e-05	0.077553	supercritical
777.0	781.25	430.56	0.0023225	774.29	955.74	2.3585	1.0093	1.3439	583.18	0.0015469	4.9265e-05	0.077661	supercritical
777.0	784.5	431.83	0.0023157	774.07	955.73	2.3576	1.0094	1.3442	584.06	0.0013377	4.9356e-05	0.077768	supercritical
777.0	787.75	433.1	0.0023089	773.84	955.73	2.3566	1.0095	1.3445	584.94	0.0011299	4.9447e-05	0.077876	supercritical
777.0	791.0	434.36	0.0023022	773.62	955.72	2.3556	1.0096	1.3448	585.82	0.00092348	4.9537e-05	0.077983	supercritical
777.0	794.25	435.62	0.0022956	773.39	955.72	2.3547	1.0097	1.3451	586.7	0.0007184	4.9629e-05	0.07809	supercritical
777.0	797.5	436.88	0.002289	773.17	955.72	2.3537	1.0098	1.3454	587.59	0.00051465	4.972e-05	0.078197	supercritical
777.0	800.75	438.13	0.0022824	772.95	955.71	2.3527	1.0099	1.3457	588.47	0.00031223	4.9811e-05	0.078304	supercritical
777.0	804.0	439.38	0.0022759	772.73	955.71	2.3518	1.0101	1.346	589.35	0.00011113	4.9903e-05	0.078411	supercritical
777.0	807.25	440.63	0.0022695	772.51	955.71	2.3508	1.0102	1.3462	590.23	-8.8668e-05	4.9994e-05	0.078517	supercritical
777.0	810.5	441.87	0.0022631	772.29	955.71	2.3499	1.0103	1.3465	591.11	-0.00028717	5.0086e-05	0.078624	supercritical
777.0	813.75	443.1	0.0022568	772.07	955.72	2.3489	1.0104	1.3468	591.99	-0.00048439	5.0177e-05	0.07873	supercritical
777.0	817.0	444.34	0.0022505	771.85	955.72	2.348	1.0105	1.3471	592.87	-0.00068034	5.0269e-05	0.078836	supercritical
777.0	820.25	445.57	0.0022443	771.63	955.72	2.3471	1.0106	1.3474	593.75	-0.00087503	5.0361e-05	0.078942	supercritical
777.0	823.5	446.8	0.0022382	771.41	955.73	2.3461	1.0107	1.3477	594.63	-0.0010685	5.0453e-05	0.079048	supercritical
777.0	826.75	448.02	0.002232	771.2	955.73	2.3452	1.0108	1.3479	595.51	-0.0012607	5.0545e-05	0.079154	supercritical
777.0	830.0	449.24	0.002226	770.98	955.74	2.3443	1.011	1.3482	596.39	-0.0014517	5.0638e-05	0.07926	supercritical
777.0	833.25	450.46	0.00222	770.77	955.74	2.3434	1.0111	1.3485	597.27	-0.0016414	5.073e-05	0.079365	supercritical
777.0	836.5	451.67	0.002214	770.55	955.75	2.3424	1.0112	1.3488	598.15	-0.00183	5.0822e-05	0.079471	supercritical
777.0	839.75	452.88	0.0022081	770.34	955.76	2.3415	1.0113	1.349	599.03	-0.0020173	5.0915e-05	0.079576	supercritical
777.0	843.0	454.09	0.0022022	770.12	955.77	2.3406	1.0114	1.3493	599.91	-0.0022035	5.1008e-05	0.079681	supercritical
777.0	846.25	455.29	0.0021964	769.91	955.78	2.3397	1.0115	1.3496	600.79	-0.0023885	5.11e-05	0.079786	supercritical
777.0	849.5	456.49	0.0021906	769.7	955.79	2.3388	1.0116	1.3498	601.66	-0.0025723	5.1193e-05	0.079891	supercritical
777.0	852.75	457.69	0.0021849	769.48	955.8	2.3379	1.0117	1.3501	602.54	-0.002755	5.1286e-05	0.079995	supercritical
777.0	856.0	458.88	0.0021792	769.27	955.81	2.337	1.0119	1.3503	603.42	-0.0029365	5.1379e-05	0.0801	supercritical
777.0	859.25	460.07	0.0021736	769.06	955.83	2.3361	1.012	1.3506	604.3	-0.0031169	5.1472e-05	0.080204	supercritical
777.0	862.5	461.26	0.002168	768.85	955.84	2.3352	1.0121	1.3509	605.18	-0.0032962	5.1565e-05	0.080308	supercritical
777.0	865.75	462.44	0.0021625	768.64	955.86	2.3343	1.0122	1.3511	606.05	-0.0034743	5.1659e-05	0.080412	supercritical
777.0	869.0	463.62	0.002157	768.43	955.87	2.3335	1.0123	1.3514	606.93	-0.0036513	5.1752e-05	0.080516	supercritical
777.0	872.25	464.79	0.0021515	768.22	955.89	2.3326	1.0124	1.3516	607.81	-0.0038273	5.1845e-05	0.08062	supercritical
777.0	875.5	465.97	0.0021461	768.02	955.91	2.3317	1.0125	1.3519	608.68	-0.0040022	5.1939e-05	0.080723	supercritical
777.0	878.75	467.14	0.0021407	767.81	955.92	2.3308	1.0126	1.3521	609.56	-0.0041759	5.2033e-05	0.080827	supercritical
777.0	882.0	468.3	0.0021354	767.6	955.94	2.33	1.0127	1.3524	610.44	-0.0043486	5.2126e-05	0.08093	supercritical
777.0	885.25	469.47	0.0021301	767.4	955.96	2.3291	1.0128	1.3526	611.31	-0.0045203	5.222e-05	0.081033	supercritical
777.0	888.5	470.63	0.0021248	767.19	955.98	2.3282	1.013	1.3529	612.19	-0.0046909	5.2314e-05	0.081136	supercritical
777.0	891.75	471.78	0.0021196	766.99	956.0	2.3274	1.0131	1.3531	613.06	-0.0048605	5.2408e-05	0.081239	supercritical
777.0	895.0	472.94	0.0021145	766.78	956.02	2.3265	1.0132	1.3533	613.94	-0.005029	5.2502e-05	0.081342	supercritical
777.0	898.25	474.09	0.0021093	766.58	956.05	2.3257	1.0133	1.3536	614.81	-0.0051965	5.2596e-05	0.081444	supercritical
777.0	901.5	475.23	0.0021042	766.37	956.07	2.3248	1.0134	1.3538	615.69	-0.005363	5.269e-05	0.081547	supercritical
777.0	904.75	476.38	0.0020992	766.17	956.09	2.324	1.0135	1.3541	616.56	-0.0055285	5.2784e-05	0.081649	supercritical
777.0	908.0	477.52	0.0020942	765.97	956.12	2.3231	1.0136	1.3543	617.43	-0.005693	5.2878e-05	0.081751	supercritical
777.0	911.25	478.65	0.0020892	765.77	956.14	2.3223	1.0137	1.3545	618.31	-0.0058565	5.2973e-05	0.081853	supercritical
777.0	914.5	479.79	0.0020843	765.57	956.17	2.3214	1.0138	1.3548	619.18	-0.006019	5.3067e-05	0.081955	supercritical
777.0	917.75	480.92	0.0020793	765.37	956.2	2.3206	1.0139	1.355	620.05	-0.0061805	5.3162e-05	0.082056	supercritical
777.0	921.0	482.05	0.0020745	765.17	956.23	2.3198	1.014	1.3552	620.92	-0.0063411	5.3256e-05	0.082158	supercritical
777.0	924.25	483.17	0.0020697	764.97	956.25	2.3189	1.0142	1.3554	621.8	-0.0065007	5.3351e-05	0.082259	supercritical
777.0	927.5	484.29	0.0020649	764.77	956.28	2.3181	1.0143	1.3557	622.67	-0.0066594	5.3446e-05	0.08236	supercritical
777.0	930.75	485.41	0.0020601	764.57	956.31	2.3173	1.0144	1.3559	623.54	-0.0068171	5.3541e-05	0.082461	supercritical
777.0	934.0	486.53	0.0020554	764.37	956.34	2.3165	1.0145	1.3561	624.41	-0.0069739	5.3635e-05	0.082562	supercritical
777.0	937.25	487.64	0.0020507	764.17	956.37	2.3156	1.0146	1.3563	625.28	-0.0071298	5.373e-05	0.082663	supercritical
777.0	940.5	488.75	0.002046	763.98	956.41	2.3148	1.0147	1.3565	626.15	-0.0072848	5.3825e-05	0.082763	supercritical
777.0	943.75	489.86	0.0020414	763.78	956.44	2.314	1.0148	1.3568	627.02	-0.0074388	5.392e-05	0.082864	supercritical
777.0	947.0	490.96	0.0020368	763.58	956.47	2.3132	1.0149	1.357	627.89	-0.007592	5.4016e-05	0.082964	supercritical
777.0	950.25	492.06	0.0020323	763.39	956.5	2.3124	1.015	1.3572	628.76	-0.0077442	5.4111e-05	0.083064	supercritical
777.0	953.5	493.16	0.0020277	763.19	956.54	2.3116	1.0151	1.3574	629.62	-0.0078956	5.4206e-05	0.083164	supercritical
777.0	956.75	494.26	0.0020232	763.0	956.57	2.3108	1.0152	1.3576	630.49	-0.008046	5.4301e-05	0.083264	supercritical
777.0	960.0	495.35	0.0020188	762.81	956.61	2.31	1.0153	1.3578	631.36	-0.0081957	5.4397e-05	0.083363	supercritical
777.0	963.25	496.44	0.0020144	762.61	956.65	2.3092	1.0154	1.358	632.23	-0.0083444	5.4492e-05	0.083463	supercritical
777.0	966.5	497.52	0.00201	762.42	956.68	2.3084	1.0155	1.3582	633.09	-0.0084923	5.4588e-05	0.083562	supercritical
777.0	969.75	498.61	0.0020056	762.23	956.72	2.3076	1.0157	1.3584	633.96	-0.0086393	5.4683e-05	0.083661	supercritical
777.0	973.0	499.69	0.0020013	762.04	956.76	2.3068	1.0158	1.3587	634.83	-0.0087855	5.4779e-05	0.08376	supercritical
777.0	976.25	500.76	0.001997	761.85	956.8	2.306	1.0159	1.3589	635.69	-0.0089308	5.4874e-05	0.083859	supercritical
777.0	979.5	501.84	0.0019927	761.66	956.84	2.3052	1.016	1.3591	636.56	-0.0090753	5.497e-05	0.083958	supercritical
777.0	982.75	502.91	0.0019884	761.47	956.88	2.3045	1.0161	1.3593	637.42	-0.009219	5.5066e-05	0.084056	supercritical
777.0	986.0	503.98	0.0019842	761.28	956.92	2.3037	1.0162	1.3595	638.29	-0.0093619	5.5162e-05	0.084155	supercritical
777.0	989.25	505.04	0.00198	761.09	956.96	2.3029	1.0163	1.3597	639.15	-0.0095039	5.5258e-05	0.084253	supercritical
777.0	992.5	506.11	0.0019759	760.9	957.0	2.3021	1.0164	1.3598	640.01	-0.0096452	5.5354e-05	0.084351	supercritical
777.0	995.75	507.17	0.0019717	760.71	957.05	2.3014	1.0165	1.36	640.88	-0.0097856	5.545e-05	0.084449	supercritical
777.0	999.0	508.22	0.0019676	760.52	957.09	2.3006	1.0166	1.3602	641.74	-0.0099253	5.5546e-05	0.084547	supercritical
777.0	1002.2	509.28	0.0019636	760.34	957.14	2.2998	1.0167	1.3604	642.6	-0.010064	5.5642e-05	0.084644	supercritical
777.0	1005.5	510.33	0.0019595	760.15	957.18	2.2991	1.0168	1.3606	643.46	-0.010202	5.5738e-05	0.084742	supercritical
777.0	1008.8	511.38	0.0019555	759.96	957.23	2.2983	1.0169	1.3608	644.32	-0.01034	5.5834e-05	0.084839	supercritical
777.0	1012.0	512.42	0.0019515	759.78	957.27	2.2976	1.017	1.361	645.19	-0.010476	5.593e-05	0.084936	supercritical
777.0	1015.2	513.47	0.0019475	759.59	957.32	2.2968	1.0171	1.3612	646.05	-0.010612	5.6027e-05	0.085033	supercritical
777.0	1018.5	514.51	0.0019436	759.41	957.37	2.296	1.0172	1.3614	646.91	-0.010747	5.6123e-05	0.08513	supercritical
777.0	1021.8	515.55	0.0019397	759.23	957.41	2.2953	1.0173	1.3616	647.77	-0.010881	5.6219e-05	0.085227	supercritical
777.0	1025.0	516.58	0.0019358	759.04	957.46	2.2945	1.0174	1.3617	648.62	-0.011015	5.6316e-05	0.085324	supercritical
777.0	1028.2	517.61	0.0019319	758.86	957.51	2.2938	1.0175	1.3619	649.48	-0.011147	5.6412e-05	0.08542	supercritical
777.0	1031.5	518.64	0.0019281	758.68	957.56	2.2931	1.0176	1.3621	650.34	-0.011279	5.6509e-05	0.085516	supercritical
777.0	1034.8	519.67	0.0019243	758.49	957.61	2.2923	1.0178	1.3623	651.2	-0.011411	5.6605e-05	0.085612	supercritical
777.0	1038.0	520.7	0.0019205	758.31	957.66	2.2916	1.0179	1.3625	652.06	-0.011541	5.6702e-05	0.085708	supercritical
777.0	1041.2	521.72	0.0019167	758.13	957.71	2.2908	1.018	1.3626	652.91	-0.011671	5.6798e-05	0.085804	supercritical
777.0	1044.5	522.74	0.001913	757.95	957.76	2.2901	1.0181	1.3628	653.77	-0.0118	5.6895e-05	0.0859	supercritical
777.0	1047.8	523.75	0.0019093	757.77	957.82	2.2894	1.0182	1.363	654.62	-0.011929	5.6992e-05	0.085995	supercritical
777.0	1051.0	524.77	0.0019056	757.59	957.87	2.2886	1.0183	1.3632	655.48	-0.012056	5.7089e-05	0.086091	supercritical
777.0	1054.2	525.78	0.0019019	757.41	957.92	2.2879	1.0184	1.3633	656.33	-0.012184	5.7185e-05	0.086186	supercritical
777.0	1057.5	526.79	0.0018983	757.23	957.98	2.2872	1.0185	1.3635	657.19	-0.01231	5.7282e-05	0.086281	supercritical
777.0	1060.8	527.79	0.0018947	757.06	958.03	2.2865	1.0186	1.3637	658.04	-0.012435	5.7379e-05	0.086376	supercritical
777.0	1064.0	528.8	0.0018911	756.88	958.09	2.2858	1.0187	1.3638	658.9	-0.01256	5.7476e-05	0.086471	supercritical
777.0	1067.2	529.8	0.0018875	756.7	958.14	2.285	1.0188	1.364	659.75	-0.012685	5.7573e-05	0.086566	supercritical
777.0	1070.5	530.8	0.001884	756.52	958.2	2.2843	1.0189	1.3642	660.6	-0.012808	5.767e-05	0.08666	supercritical
777.0	1073.8	531.79	0.0018804	756.35	958.26	2.2836	1.019	1.3643	661.45	-0.012931	5.7767e-05	0.086755	supercritical
777.0	1077.0	532.79	0.0018769	756.17	958.32	2.2829	1.0191	1.3645	662.3	-0.013054	5.7864e-05	0.086849	supercritical
777.0	1080.2	533.78	0.0018734	756.0	958.37	2.2822	1.0192	1.3647	663.15	-0.013175	5.7961e-05	0.086943	supercritical
777.0	1083.5	534.76	0.00187	755.82	958.43	2.2815	1.0193	1.3648	664.0	-0.013296	5.8058e-05	0.087037	supercritical
777.0	1086.8	535.75	0.0018665	755.65	958.49	2.2808	1.0194	1.365	664.85	-0.013416	5.8155e-05	0.087131	supercritical
777.0	1090.0	536.73	0.0018631	755.47	958.55	2.2801	1.0195	1.3651	665.7	-0.013536	5.8252e-05	0.087225	supercritical
777.0	1093.2	537.71	0.0018597	755.3	958.61	2.2794	1.0196	1.3653	666.55	-0.013655	5.835e-05	0.087318	supercritical
777.0	1096.5	538.69	0.0018563	755.12	958.67	2.2787	1.0197	1.3655	667.4	-0.013774	5.8447e-05	0.087411	supercritical
777.0	1099.8	539.67	0.001853	754.95	958.73	2.278	1.0198	1.3656	668.25	-0.013891	5.8544e-05	0.087505	supercritical
777.0	1103.0	540.64	0.0018497	754.78	958.8	2.2773	1.0199	1.3658	669.09	-0.014008	5.8642e-05	0.087598	supercritical
777.0	1106.2	541.61	0.0018463	754.61	958.86	2.2766	1.02	1.3659	669.94	-0.014125	5.8739e-05	0.087691	supercritical
777.0	1109.5	542.58	0.001843	754.44	958.92	2.2759	1.0201	1.3661	670.79	-0.014241	5.8836e-05	0.087784	supercritical
777.0	1112.8	543.55	0.0018398	754.27	958.99	2.2752	1.0202	1.3662	671.63	-0.014356	5.8934e-05	0.087876	supercritical
777.0	1116.0	544.51	0.0018365	754.09	959.05	2.2745	1.0203	1.3664	672.48	-0.014471	5.9031e-05	0.087969	supercritical
777.0	1119.2	545.47	0.0018333	753.92	959.11	2.2738	1.0204	1.3665	673.32	-0.014585	5.9129e-05	0.088061	supercritical
777.0	1122.5	546.43	0.0018301	753.75	959.18	2.2732	1.0205	1.3667	674.17	-0.014698	5.9226e-05	0.088154	supercritical
777.0	1125.8	547.39	0.0018269	753.59	959.24	2.2725	1.0206	1.3668	675.01	-0.014811	5.9324e-05	0.088246	supercritical
777.0	1129.0	548.34	0.0018237	753.42	959.31	2.2718	1.0207	1.367	675.85	-0.014923	5.9421e-05	0.088338	supercritical
777.0	1132.2	549.29	0.0018205	753.25	959.38	2.2711	1.0208	1.3671	676.69	-0.015035	5.9519e-05	0.08843	supercritical
777.0	1135.5	550.24	0.0018174	753.08	959.44	2.2704	1.0209	1.3673	677.54	-0.015146	5.9616e-05	0.088522	supercritical
777.0	1138.8	551.19	0.0018143	752.91	959.51	2.2698	1.021	1.3674	678.38	-0.015257	5.9714e-05	0.088613	supercritical
777.0	1142.0	552.13	0.0018112	752.75	959.58	2.2691	1.0211	1.3676	679.22	-0.015367	5.9812e-05	0.088705	supercritical
777.0	1145.2	553.08	0.0018081	752.58	959.65	2.2684	1.0212	1.3677	680.06	-0.015476	5.9909e-05	0.088796	supercritical
777.0	1148.5	554.02	0.001805	752.41	959.72	2.2678	1.0213	1.3678	680.9	-0.015585	6.0007e-05	0.088887	supercritical
777.0	1151.8	554.95	0.001802	752.25	959.79	2.2671	1.0214	1.368	681.74	-0.015693	6.0105e-05	0.088979	supercritical
777.0	1155.0	555.89	0.0017989	752.08	959.86	2.2664	1.0215	1.3681	682.57	-0.0158	6.0202e-05	0.08907	supercritical
777.0	1158.2	556.82	0.0017959	751.92	959.93	2.2658	1.0216	1.3682	683.41	-0.015908	6.03e-05	0.08916	supercritical
777.0	1161.5	557.75	0.0017929	751.75	960.0	2.2651	1.0217	1.3684	684.25	-0.016014	6.0398e-05	0.089251	supercritical
777.0	1164.8	558.68	0.0017899	751.59	960.07	2.2645	1.0218	1.3685	685.09	-0.01612	6.0496e-05	0.089342	supercritical
777.0	1168.0	559.61	0.001787	751.42	960.14	2.2638	1.0219	1.3687	685.92	-0.016225	6.0593e-05	0.089432	supercritical
777.0	1171.2	560.53	0.001784	751.26	960.21	2.2631	1.022	1.3688	686.76	-0.01633	6.0691e-05	0.089523	supercritical
777.0	1174.5	561.45	0.0017811	751.1	960.29	2.2625	1.0221	1.3689	687.59	-0.016435	6.0789e-05	0.089613	supercritical
777.0	1177.8	562.37	0.0017782	750.94	960.36	2.2618	1.0222	1.3691	688.43	-0.016538	6.0887e-05	0.089703	supercritical
777.0	1181.0	563.29	0.0017753	750.77	960.43	2.2612	1.0223	1.3692	689.26	-0.016642	6.0985e-05	0.089793	supercritical
777.0	1184.2	564.21	0.0017724	750.61	960.51	2.2606	1.0224	1.3693	690.1	-0.016744	6.1083e-05	0.089883	supercritical
777.0	1187.5	565.12	0.0017695	750.45	960.58	2.2599	1.0225	1.3695	690.93	-0.016847	6.1181e-05	0.089972	supercritical
777.0	1190.8	566.03	0.0017667	750.29	960.66	2.2593	1.0226	1.3696	691.76	-0.016948	6.1279e-05	0.090062	supercritical
777.0	1194.0	566.94	0.0017639	750.13	960.73	2.2586	1.0227	1.3697	692.59	-0.017049	6.1377e-05	0.090151	supercritical
777.0	1197.2	567.84	0.001761	749.97	960.81	2.258	1.0228	1.3698	693.42	-0.01715	6.1475e-05	0.090241	supercritical
777.0	1200.5	568.75	0.0017582	749.81	960.89	2.2573	1.0229	1.37	694.25	-0.01725	6.1573e-05	0.09033	supercritical
777.0	1203.8	569.65	0.0017555	749.65	960.96	2.2567	1.023	1.3701	695.08	-0.01735	6.1671e-05	0.090419	supercritical
777.0	1207.0	570.55	0.0017527	749.49	961.04	2.2561	1.0231	1.3702	695.91	-0.017449	6.1769e-05	0.090508	supercritical
777.0	1210.2	571.45	0.0017499	749.33	961.12	2.2554	1.0232	1.3703	696.74	-0.017548	6.1867e-05	0.090597	supercritical
777.0	1213.5	572.34	0.0017472	749.17	961.2	2.2548	1.0233	1.3705	697.57	-0.017646	6.1965e-05	0.090686	supercritical
777.0	1216.8	573.24	0.0017445	749.02	961.28	2.2542	1.0234	1.3706	698.4	-0.017743	6.2063e-05	0.090774	supercritical
777.0	1220.0	574.13	0.0017418	748.86	961.36	2.2536	1.0235	1.3707	699.23	-0.01784	6.2161e-05	0.090863	supercritical
777.0	1223.2	575.02	0.0017391	748.7	961.44	2.2529	1.0236	1.3708	700.05	-0.017937	6.2259e-05	0.090951	supercritical
777.0	1226.5	575.9	0.0017364	748.55	961.52	2.2523	1.0237	1.3709	700.88	-0.018033	6.2357e-05	0.091039	supercritical
777.0	1229.8	576.79	0.0017337	748.39	961.6	2.2517	1.0238	1.3711	701.7	-0.018129	6.2455e-05	0.091128	supercritical
777.0	1233.0	577.67	0.0017311	748.23	961.68	2.2511	1.0239	1.3712	702.53	-0.018224	6.2553e-05	0.091216	supercritical
777.0	1236.2	578.55	0.0017285	748.08	961.76	2.2504	1.024	1.3713	703.35	-0.018319	6.2651e-05	0.091304	supercritical
777.0	1239.5	579.43	0.0017258	747.92	961.84	2.2498	1.0241	1.3714	704.18	-0.018413	6.275e-05	0.091391	supercritical
777.0	1242.8	580.31	0.0017232	747.77	961.92	2.2492	1.0242	1.3715	705.0	-0.018507	6.2848e-05	0.091479	supercritical
777.0	1246.0	581.18	0.0017206	747.61	962.01	2.2486	1.0243	1.3716	705.82	-0.0186	6.2946e-05	0.091567	supercritical
777.0	1249.2	582.06	0.001718	747.46	962.09	2.248	1.0244	1.3718	706.64	-0.018693	6.3044e-05	0.091654	supercritical
777.0	1252.5	582.93	0.0017155	747.31	962.17	2.2474	1.0245	1.3719	707.46	-0.018785	6.3142e-05	0.091741	supercritical
777.0	1255.8	583.79	0.0017129	747.15	962.26	2.2468	1.0246	1.372	708.28	-0.018877	6.3241e-05	0.091829	supercritical
777.0	1259.0	584.66	0.0017104	747.0	962.34	2.2462	1.0247	1.3721	709.1	-0.018968	6.3339e-05	0.091916	supercritical
777.0	1262.2	585.53	0.0017079	746.85	962.42	2.2456	1.0248	1.3722	709.92	-0.019059	6.3437e-05	0.092003	supercritical
777.0	1265.5	586.39	0.0017054	746.7	962.51	2.245	1.0249	1.3723	710.74	-0.01915	6.3535e-05	0.09209	supercritical
777.0	1268.8	587.25	0.0017029	746.55	962.6	2.2443	1.025	1.3724	711.56	-0.01924	6.3633e-05	0.092177	supercritical
777.0	1272.0	588.11	0.0017004	746.39	962.68	2.2437	1.0251	1.3725	712.38	-0.019329	6.3732e-05	0.092263	supercritical
777.0	1275.2	588.96	0.0016979	746.24	962.77	2.2431	1.0252	1.3726	713.2	-0.019418	6.383e-05	0.09235	supercritical
777.0	1278.5	589.82	0.0016954	746.09	962.86	2.2426	1.0253	1.3728	714.01	-0.019507	6.3928e-05	0.092436	supercritical
777.0	1281.8	590.67	0.001693	745.94	962.94	2.242	1.0254	1.3729	714.83	-0.019595	6.4027e-05	0.092523	supercritical
777.0	1285.0	591.52	0.0016906	745.79	963.03	2.2414	1.0255	1.373	715.64	-0.019683	6.4125e-05	0.092609	supercritical
777.0	1288.2	592.37	0.0016881	745.64	963.12	2.2408	1.0256	1.3731	716.46	-0.019771	6.4223e-05	0.092695	supercritical
777.0	1291.5	593.22	0.0016857	745.49	963.21	2.2402	1.0257	1.3732	717.27	-0.019858	6.4321e-05	0.092781	supercritical
777.0	1294.8	594.06	0.0016833	745.35	963.3	2.2396	1.0258	1.3733	718.09	-0.019944	6.442e-05	0.092867	supercritical
777.0	1298.0	594.9	0.0016809	745.2	963.38	2.239	1.0259	1.3734	718.9	-0.02003	6.4518e-05	0.092953	supercritical
777.0	1301.2	595.75	0.0016786	745.05	963.47	2.2384	1.026	1.3735	719.71	-0.020116	6.4616e-05	0.093039	supercritical
777.0	1304.5	596.58	0.0016762	744.9	963.56	2.2378	1.0261	1.3736	720.52	-0.020201	6.4715e-05	0.093124	supercritical
777.0	1307.8	597.42	0.0016739	744.76	963.65	2.2372	1.0262	1.3737	721.33	-0.020286	6.4813e-05	0.09321	supercritical
777.0	1311.0	598.26	0.0016715	744.61	963.75	2.2367	1.0263	1.3738	722.14	-0.020371	6.4911e-05	0.093295	supercritical
777.0	1314.2	599.09	0.0016692	744.46	963.84	2.2361	1.0264	1.3739	722.95	-0.020455	6.501e-05	0.093381	supercritical
777.0	1317.5	599.92	0.0016669	744.32	963.93	2.2355	1.0264	1.374	723.76	-0.020538	6.5108e-05	0.093466	supercritical
777.0	1320.8	600.75	0.0016646	744.17	964.02	2.2349	1.0265	1.3741	724.57	-0.020622	6.5206e-05	0.093551	supercritical
777.0	1324.0	601.58	0.0016623	744.02	964.11	2.2343	1.0266	1.3742	725.38	-0.020705	6.5304e-05	0.093636	supercritical
777.0	1327.2	602.4	0.00166	743.88	964.2	2.2338	1.0267	1.3743	726.19	-0.020787	6.5403e-05	0.093721	supercritical
777.0	1330.5	603.23	0.0016577	743.73	964.3	2.2332	1.0268	1.3744	727.0	-0.020869	6.5501e-05	0.093806	supercritical
777.0	1333.8	604.05	0.0016555	743.59	964.39	2.2326	1.0269	1.3745	727.8	-0.020951	6.5599e-05	0.093891	supercritical
777.0	1337.0	604.87	0.0016532	743.45	964.48	2.232	1.027	1.3746	728.61	-0.021032	6.5698e-05	0.093975	supercritical
777.0	1340.2	605.69	0.001651	743.3	964.58	2.2315	1.0271	1.3747	729.41	-0.021113	6.5796e-05	0.09406	supercritical
777.0	1343.5	606.51	0.0016488	743.16	964.67	2.2309	1.0272	1.3748	730.22	-0.021193	6.5895e-05	0.094144	supercritical
777.0	1346.8	607.32	0.0016466	743.02	964.77	2.2303	1.0273	1.3749	731.02	-0.021273	6.5993e-05	0.094229	supercritical
777.0	1350.0	608.13	0.0016444	742.87	964.86	2.2298	1.0274	1.375	731.82	-0.021353	6.6091e-05	0.094313	supercritical
777.0	1353.2	608.94	0.0016422	742.73	964.96	2.2292	1.0275	1.3751	732.63	-0.021432	6.619e-05	0.094397	supercritical
777.0	1356.5	609.75	0.00164	742.59	965.06	2.2286	1.0276	1.3751	733.43	-0.021511	6.6288e-05	0.094481	supercritical
777.0	1359.8	610.56	0.0016378	742.45	965.15	2.2281	1.0277	1.3752	734.23	-0.02159	6.6386e-05	0.094565	supercritical
777.0	1363.0	611.37	0.0016357	742.31	965.25	2.2275	1.0278	1.3753	735.03	-0.021668	6.6485e-05	0.094649	supercritical
777.0	1366.2	612.17	0.0016335	742.16	965.35	2.227	1.0279	1.3754	735.83	-0.021746	6.6583e-05	0.094733	supercritical
777.0	1369.5	612.97	0.0016314	742.02	965.44	2.2264	1.028	1.3755	736.63	-0.021823	6.6681e-05	0.094817	supercritical
777.0	1372.8	613.77	0.0016293	741.88	965.54	2.2259	1.0281	1.3756	737.43	-0.0219	6.678e-05	0.094901	supercritical
777.0	1376.0	614.57	0.0016271	741.74	965.64	2.2253	1.0282	1.3757	738.23	-0.021977	6.6878e-05	0.094984	supercritical
777.0	1379.2	615.37	0.001625	741.6	965.74	2.2247	1.0283	1.3758	739.03	-0.022053	6.6976e-05	0.095068	supercritical
777.0	1382.5	616.17	0.0016229	741.46	965.84	2.2242	1.0284	1.3759	739.82	-0.022129	6.7075e-05	0.095151	supercritical
777.0	1385.8	616.96	0.0016209	741.33	965.93	2.2236	1.0285	1.376	740.62	-0.022205	6.7173e-05	0.095234	supercritical
777.0	1389.0	617.75	0.0016188	741.19	966.03	2.2231	1.0286	1.376	741.42	-0.02228	6.7271e-05	0.095317	supercritical
777.0	1392.2	618.54	0.0016167	741.05	966.13	2.2225	1.0287	1.3761	742.21	-0.022355	6.737e-05	0.095401	supercritical
777.0	1395.5	619.33	0.0016146	740.91	966.23	2.222	1.0288	1.3762	743.01	-0.02243	6.7468e-05	0.095484	supercritical
777.0	1398.8	620.12	0.0016126	740.77	966.33	2.2215	1.0288	1.3763	743.8	-0.022504	6.7566e-05	0.095567	supercritical
777.0	1402.0	620.9	0.0016106	740.63	966.44	2.2209	1.0289	1.3764	744.6	-0.022578	6.7664e-05	0.095649	supercritical
777.0	1405.2	621.68	0.0016085	740.5	966.54	2.2204	1.029	1.3765	745.39	-0.022651	6.7763e-05	0.095732	supercritical
777.0	1408.5	622.47	0.0016065	740.36	966.64	2.2198	1.0291	1.3765	746.18	-0.022725	6.7861e-05	0.095815	supercritical
777.0	1411.8	623.25	0.0016045	740.22	966.74	2.2193	1.0292	1.3766	746.97	-0.022797	6.7959e-05	0.095898	supercritical
777.0	1415.0	624.02	0.0016025	740.09	966.84	2.2187	1.0293	1.3767	747.76	-0.02287	6.8058e-05	0.09598	supercritical
777.0	1418.2	624.8	0.0016005	739.95	966.94	2.2182	1.0294	1.3768	748.56	-0.022942	6.8156e-05	0.096063	supercritical
777.0	1421.5	625.58	0.0015985	739.82	967.05	2.2177	1.0295	1.3769	749.35	-0.023014	6.8254e-05	0.096145	supercritical
777.0	1424.8	626.35	0.0015966	739.68	967.15	2.2171	1.0296	1.377	750.14	-0.023085	6.8353e-05	0.096227	supercritical
777.0	1428.0	627.12	0.0015946	739.55	967.25	2.2166	1.0297	1.377	750.92	-0.023157	6.8451e-05	0.096309	supercritical
777.0	1431.2	627.89	0.0015926	739.41	967.36	2.2161	1.0298	1.3771	751.71	-0.023227	6.8549e-05	0.096392	supercritical
777.0	1434.5	628.66	0.0015907	739.28	967.46	2.2155	1.0299	1.3772	752.5	-0.023298	6.8647e-05	0.096474	supercritical
777.0	1437.8	629.43	0.0015888	739.14	967.57	2.215	1.03	1.3773	753.29	-0.023368	6.8746e-05	0.096556	supercritical
777.0	1441.0	630.19	0.0015868	739.01	967.67	2.2145	1.0301	1.3774	754.07	-0.023438	6.8844e-05	0.096638	supercritical
777.0	1444.2	630.95	0.0015849	738.88	967.78	2.2139	1.0302	1.3774	754.86	-0.023508	6.8942e-05	0.096719	supercritical
777.0	1447.5	631.72	0.001583	738.74	967.88	2.2134	1.0303	1.3775	755.65	-0.023577	6.904e-05	0.096801	supercritical
777.0	1450.8	632.48	0.0015811	738.61	967.99	2.2129	1.0304	1.3776	756.43	-0.023646	6.9139e-05	0.096883	supercritical
777.0	1454.0	633.23	0.0015792	738.48	968.09	2.2124	1.0305	1.3777	757.21	-0.023714	6.9237e-05	0.096964	supercritical
777.0	1457.2	633.99	0.0015773	738.35	968.2	2.2118	1.0306	1.3777	758.0	-0.023783	6.9335e-05	0.097046	supercritical
777.0	1460.5	634.75	0.0015754	738.21	968.31	2.2113	1.0307	1.3778	758.78	-0.023851	6.9433e-05	0.097127	supercritical
777.0	1463.8	635.5	0.0015736	738.08	968.41	2.2108	1.0307	1.3779	759.56	-0.023918	6.9532e-05	0.097209	supercritical
777.0	1467.0	636.25	0.0015717	737.95	968.52	2.2103	1.0308	1.378	760.34	-0.023986	6.963e-05	0.09729	supercritical
777.0	1470.2	637.0	0.0015698	737.82	968.63	2.2098	1.0309	1.378	761.13	-0.024053	6.9728e-05	0.097371	supercritical
777.0	1473.5	637.75	0.001568	737.69	968.74	2.2092	1.031	1.3781	761.91	-0.024119	6.9826e-05	0.097453	supercritical
777.0	1476.8	638.5	0.0015662	737.56	968.84	2.2087	1.0311	1.3782	762.69	-0.024186	6.9924e-05	0.097534	supercritical
777.0	1480.0	639.25	0.0015643	737.43	968.95	2.2082	1.0312	1.3783	763.47	-0.024252	7.0023e-05	0.097615	supercritical
777.0	1483.2	639.99	0.0015625	737.3	969.06	2.2077	1.0313	1.3783	764.25	-0.024318	7.0121e-05	0.097696	supercritical
777.0	1486.5	640.73	0.0015607	737.17	969.17	2.2072	1.0314	1.3784	765.02	-0.024383	7.0219e-05	0.097776	supercritical
777.0	1489.8	641.48	0.0015589	737.04	969.28	2.2067	1.0315	1.3785	765.8	-0.024449	7.0317e-05	0.097857	supercritical
777.0	1493.0	642.21	0.0015571	736.91	969.39	2.2062	1.0316	1.3785	766.58	-0.024514	7.0415e-05	0.097938	supercritical
777.0	1496.2	642.95	0.0015553	736.78	969.5	2.2057	1.0317	1.3786	767.35	-0.024578	7.0513e-05	0.098019	supercritical
777.0	1499.5	643.69	0.0015535	736.66	969.61	2.2051	1.0318	1.3787	768.13	-0.024643	7.0611e-05	0.098099	supercritical
777.0	1502.8	644.43	0.0015518	736.53	969.72	2.2046	1.0319	1.3788	768.91	-0.024707	7.0709e-05	0.09818	supercritical
777.0	1506.0	645.16	0.00155	736.4	969.83	2.2041	1.032	1.3788	769.68	-0.024771	7.0808e-05	0.09826	supercritical
777.0	1509.2	645.89	0.0015482	736.27	969.94	2.2036	1.0321	1.3789	770.45	-0.024834	7.0906e-05	0.098341	supercritical
777.0	1512.5	646.62	0.0015465	736.15	970.05	2.2031	1.0322	1.379	771.23	-0.024897	7.1004e-05	0.098421	supercritical
777.0	1515.8	647.35	0.0015448	736.02	970.17	2.2026	1.0322	1.379	772.0	-0.02496	7.1102e-05	0.098502	supercritical
777.0	1519.0	648.08	0.001543	735.89	970.28	2.2021	1.0323	1.3791	772.77	-0.025023	7.12e-05	0.098582	supercritical
777.0	1522.2	648.81	0.0015413	735.77	970.39	2.2016	1.0324	1.3792	773.55	-0.025086	7.1298e-05	0.098662	supercritical
777.0	1525.5	649.53	0.0015396	735.64	970.5	2.2011	1.0325	1.3792	774.32	-0.025148	7.1396e-05	0.098742	supercritical
777.0	1528.8	650.25	0.0015379	735.51	970.62	2.2006	1.0326	1.3793	775.09	-0.02521	7.1494e-05	0.098822	supercritical
777.0	1532.0	650.98	0.0015362	735.39	970.73	2.2001	1.0327	1.3794	775.86	-0.025271	7.1592e-05	0.098902	supercritical
777.0	1535.2	651.7	0.0015345	735.26	970.84	2.1996	1.0328	1.3794	776.63	-0.025333	7.169e-05	0.098982	supercritical
777.0	1538.5	652.41	0.0015328	735.14	970.96	2.1991	1.0329	1.3795	777.4	-0.025394	7.1788e-05	0.099062	supercritical
777.0	1541.8	653.13	0.0015311	735.01	971.07	2.1986	1.033	1.3796	778.16	-0.025454	7.1886e-05	0.099142	supercritical
777.0	1545.0	653.85	0.0015294	734.89	971.18	2.1981	1.0331	1.3796	778.93	-0.025515	7.1984e-05	0.099221	supercritical
777.0	1548.2	654.56	0.0015277	734.77	971.3	2.1977	1.0332	1.3797	779.7	-0.025575	7.2082e-05	0.099301	supercritical
777.0	1551.5	655.28	0.0015261	734.64	971.41	2.1972	1.0333	1.3798	780.47	-0.025635	7.218e-05	0.099381	supercritical
777.0	1554.8	655.99	0.0015244	734.52	971.53	2.1967	1.0334	1.3798	781.23	-0.025695	7.2278e-05	0.09946	supercritical
777.0	1558.0	656.7	0.0015228	734.4	971.64	2.1962	1.0335	1.3799	782.0	-0.025754	7.2376e-05	0.09954	supercritical
777.0	1561.2	657.41	0.0015211	734.27	971.76	2.1957	1.0336	1.3799	782.76	-0.025814	7.2474e-05	0.099619	supercritical
777.0	1564.5	658.11	0.0015195	734.15	971.88	2.1952	1.0336	1.38	783.53	-0.025873	7.2572e-05	0.099699	supercritical
777.0	1567.8	658.82	0.0015179	734.03	971.99	2.1947	1.0337	1.3801	784.29	-0.025931	7.2669e-05	0.099778	supercritical
777.0	1571.0	659.53	0.0015162	733.91	972.11	2.1942	1.0338	1.3801	785.05	-0.02599	7.2767e-05	0.099857	supercritical
777.0	1574.2	660.23	0.0015146	733.78	972.22	2.1938	1.0339	1.3802	785.81	-0.026048	7.2865e-05	0.099936	supercritical
777.0	1577.5	660.93	0.001513	733.66	972.34	2.1933	1.034	1.3803	786.58	-0.026106	7.2963e-05	0.10002	supercritical
777.0	1580.8	661.63	0.0015114	733.54	972.46	2.1928	1.0341	1.3803	787.34	-0.026164	7.3061e-05	0.10009	supercritical
777.0	1584.0	662.33	0.0015098	733.42	972.58	2.1923	1.0342	1.3804	788.1	-0.026221	7.3159e-05	0.10017	supercritical
777.0	1587.2	663.03	0.0015082	733.3	972.69	2.1918	1.0343	1.3804	788.86	-0.026278	7.3257e-05	0.10025	supercritical
777.0	1590.5	663.72	0.0015067	733.18	972.81	2.1914	1.0344	1.3805	789.62	-0.026335	7.3354e-05	0.10033	supercritical
777.0	1593.8	664.42	0.0015051	733.06	972.93	2.1909	1.0345	1.3805	790.38	-0.026392	7.3452e-05	0.10041	supercritical
777.0	1597.0	665.11	0.0015035	732.94	973.05	2.1904	1.0346	1.3806	791.14	-0.026448	7.355e-05	0.10049	supercritical
777.0	1600.2	665.8	0.0015019	732.82	973.17	2.1899	1.0347	1.3807	791.89	-0.026505	7.3648e-05	0.10057	supercritical
777.0	1603.5	666.5	0.0015004	732.7	973.29	2.1895	1.0348	1.3807	792.65	-0.026561	7.3745e-05	0.10065	supercritical
777.0	1606.8	667.19	0.0014988	732.58	973.41	2.189	1.0349	1.3808	793.41	-0.026616	7.3843e-05	0.10073	supercritical
777.0	1610.0	667.87	0.0014973	732.46	973.53	2.1885	1.0349	1.3808	794.16	-0.026672	7.3941e-05	0.1008	supercritical
777.0	1613.2	668.56	0.0014958	732.34	973.65	2.188	1.035	1.3809	794.92	-0.026727	7.4039e-05	0.10088	supercritical
777.0	1616.5	669.25	0.0014942	732.23	973.77	2.1876	1.0351	1.381	795.67	-0.026782	7.4136e-05	0.10096	supercritical
777.0	1619.8	669.93	0.0014927	732.11	973.89	2.1871	1.0352	1.381	796.43	-0.026837	7.4234e-05	0.10104	supercritical
777.0	1623.0	670.61	0.0014912	731.99	974.01	2.1866	1.0353	1.3811	797.18	-0.026892	7.4332e-05	0.10112	supercritical
777.0	1626.2	671.29	0.0014897	731.87	974.13	2.1862	1.0354	1.3811	797.94	-0.026946	7.4429e-05	0.1012	supercritical
777.0	1629.5	671.97	0.0014882	731.75	974.25	2.1857	1.0355	1.3812	798.69	-0.027	7.4527e-05	0.10128	supercritical
777.0	1632.8	672.65	0.0014866	731.64	974.37	2.1852	1.0356	1.3812	799.44	-0.027054	7.4624e-05	0.10135	supercritical
777.0	1636.0	673.33	0.0014852	731.52	974.49	2.1848	1.0357	1.3813	800.19	-0.027108	7.4722e-05	0.10143	supercritical
777.0	1639.2	674.01	0.0014837	731.4	974.61	2.1843	1.0358	1.3813	800.94	-0.027161	7.482e-05	0.10151	supercritical
777.0	1642.5	674.68	0.0014822	731.29	974.74	2.1838	1.0359	1.3814	801.69	-0.027214	7.4917e-05	0.10159	supercritical
777.0	1645.8	675.36	0.0014807	731.17	974.86	2.1834	1.036	1.3814	802.44	-0.027267	7.5015e-05	0.10167	supercritical
777.0	1649.0	676.03	0.0014792	731.06	974.98	2.1829	1.036	1.3815	803.19	-0.02732	7.5112e-05	0.10174	supercritical
777.0	1652.2	676.7	0.0014778	730.94	975.1	2.1824	1.0361	1.3815	803.94	-0.027373	7.521e-05	0.10182	supercritical
777.0	1655.5	677.37	0.0014763	730.82	975.23	2.182	1.0362	1.3816	804.69	-0.027425	7.5307e-05	0.1019	supercritical
777.0	1658.8	678.04	0.0014748	730.71	975.35	2.1815	1.0363	1.3817	805.44	-0.027477	7.5405e-05	0.10198	supercritical
777.0	1662.0	678.71	0.0014734	730.59	975.47	2.1811	1.0364	1.3817	806.18	-0.027529	7.5502e-05	0.10206	supercritical
777.0	1665.2	679.37	0.0014719	730.48	975.6	2.1806	1.0365	1.3818	806.93	-0.027581	7.56e-05	0.10213	supercritical
777.0	1668.5	680.04	0.0014705	730.37	975.72	2.1802	1.0366	1.3818	807.68	-0.027632	7.5697e-05	0.10221	supercritical
777.0	1671.8	680.7	0.0014691	730.25	975.84	2.1797	1.0367	1.3819	808.42	-0.027684	7.5795e-05	0.10229	supercritical
777.0	1675.0	681.36	0.0014676	730.14	975.97	2.1792	1.0368	1.3819	809.17	-0.027735	7.5892e-05	0.10237	supercritical
777.0	1678.2	682.02	0.0014662	730.02	976.09	2.1788	1.0369	1.382	809.91	-0.027786	7.599e-05	0.10245	supercritical
777.0	1681.5	682.68	0.0014648	729.91	976.22	2.1783	1.037	1.382	810.65	-0.027836	7.6087e-05	0.10252	supercritical
777.0	1684.8	683.34	0.0014634	729.8	976.34	2.1779	1.0371	1.3821	811.4	-0.027887	7.6184e-05	0.1026	supercritical
777.0	1688.0	684.0	0.001462	729.68	976.47	2.1774	1.0371	1.3821	812.14	-0.027937	7.6282e-05	0.10268	supercritical
777.0	1691.2	684.65	0.0014606	729.57	976.59	2.177	1.0372	1.3822	812.88	-0.027987	7.6379e-05	0.10276	supercritical
777.0	1694.5	685.31	0.0014592	729.46	976.72	2.1765	1.0373	1.3822	813.62	-0.028037	7.6476e-05	0.10283	supercritical
777.0	1697.8	685.96	0.0014578	729.35	976.85	2.1761	1.0374	1.3823	814.36	-0.028086	7.6574e-05	0.10291	supercritical
777.0	1701.0	686.62	0.0014564	729.24	976.97	2.1756	1.0375	1.3823	815.1	-0.028136	7.6671e-05	0.10299	supercritical
777.0	1704.2	687.27	0.001455	729.12	977.1	2.1752	1.0376	1.3824	815.84	-0.028185	7.6768e-05	0.10307	supercritical
777.0	1707.5	687.92	0.0014537	729.01	977.23	2.1748	1.0377	1.3824	816.58	-0.028234	7.6865e-05	0.10314	supercritical
777.0	1710.8	688.56	0.0014523	728.9	977.35	2.1743	1.0378	1.3824	817.32	-0.028282	7.6963e-05	0.10322	supercritical
777.0	1714.0	689.21	0.0014509	728.79	977.48	2.1739	1.0379	1.3825	818.06	-0.028331	7.706e-05	0.1033	supercritical
777.0	1717.2	689.86	0.0014496	728.68	977.61	2.1734	1.038	1.3825	818.8	-0.028379	7.7157e-05	0.10337	supercritical
777.0	1720.5	690.5	0.0014482	728.57	977.74	2.173	1.0381	1.3826	819.53	-0.028428	7.7254e-05	0.10345	supercritical
777.0	1723.8	691.15	0.0014469	728.46	977.86	2.1725	1.0382	1.3826	820.27	-0.028476	7.7351e-05	0.10353	supercritical
777.0	1727.0	691.79	0.0014455	728.35	977.99	2.1721	1.0382	1.3827	821.01	-0.028523	7.7449e-05	0.10361	supercritical
777.0	1730.2	692.43	0.0014442	728.24	978.12	2.1717	1.0383	1.3827	821.74	-0.028571	7.7546e-05	0.10368	supercritical
777.0	1733.5	693.07	0.0014429	728.13	978.25	2.1712	1.0384	1.3828	822.48	-0.028618	7.7643e-05	0.10376	supercritical
777.0	1736.8	693.71	0.0014415	728.02	978.38	2.1708	1.0385	1.3828	823.21	-0.028666	7.774e-05	0.10384	supercritical
777.0	1740.0	694.35	0.0014402	727.91	978.51	2.1704	1.0386	1.3829	823.94	-0.028713	7.7837e-05	0.10391	supercritical
777.0	1743.2	694.99	0.0014389	727.8	978.63	2.1699	1.0387	1.3829	824.68	-0.028759	7.7934e-05	0.10399	supercritical
777.0	1746.5	695.62	0.0014376	727.69	978.76	2.1695	1.0388	1.383	825.41	-0.028806	7.8031e-05	0.10407	supercritical
777.0	1749.8	696.26	0.0014363	727.59	978.89	2.169	1.0389	1.383	826.14	-0.028853	7.8128e-05	0.10415	supercritical
777.0	1753.0	696.89	0.0014349	727.48	979.02	2.1686	1.039	1.383	826.87	-0.028899	7.8225e-05	0.10422	supercritical
777.0	1756.2	697.52	0.0014336	727.37	979.15	2.1682	1.0391	1.3831	827.6	-0.028945	7.8322e-05	0.1043	supercritical
777.0	1759.5	698.15	0.0014324	727.26	979.28	2.1677	1.0392	1.3831	828.33	-0.028991	7.8419e-05	0.10438	supercritical
777.0	1762.8	698.78	0.0014311	727.15	979.41	2.1673	1.0392	1.3832	829.06	-0.029036	7.8516e-05	0.10445	supercritical
777.0	1766.0	699.41	0.0014298	727.05	979.54	2.1669	1.0393	1.3832	829.79	-0.029082	7.8613e-05	0.10453	supercritical
777.0	1769.2	700.04	0.0014285	726.94	979.68	2.1665	1.0394	1.3833	830.52	-0.029127	7.871e-05	0.10461	supercritical
777.0	1772.5	700.67	0.0014272	726.83	979.81	2.166	1.0395	1.3833	831.25	-0.029172	7.8807e-05	0.10468	supercritical
777.0	1775.8	701.29	0.0014259	726.73	979.94	2.1656	1.0396	1.3833	831.97	-0.029217	7.8904e-05	0.10476	supercritical
777.0	1779.0	701.92	0.0014247	726.62	980.07	2.1652	1.0397	1.3834	832.7	-0.029262	7.9001e-05	0.10484	supercritical
777.0	1782.2	702.54	0.0014234	726.51	980.2	2.1647	1.0398	1.3834	833.43	-0.029307	7.9097e-05	0.10491	supercritical
777.0	1785.5	703.16	0.0014222	726.41	980.33	2.1643	1.0399	1.3835	834.15	-0.029351	7.9194e-05	0.10499	supercritical
777.0	1788.8	703.78	0.0014209	726.3	980.46	2.1639	1.04	1.3835	834.88	-0.029396	7.9291e-05	0.10507	supercritical
777.0	1792.0	704.4	0.0014196	726.2	980.6	2.1635	1.0401	1.3836	835.6	-0.02944	7.9388e-05	0.10514	supercritical
777.0	1795.2	705.02	0.0014184	726.09	980.73	2.1631	1.0401	1.3836	836.33	-0.029483	7.9485e-05	0.10522	supercritical
777.0	1798.5	705.64	0.0014172	725.99	980.86	2.1626	1.0402	1.3836	837.05	-0.029527	7.9581e-05	0.1053	supercritical
777.0	1801.8	706.25	0.0014159	725.88	981.0	2.1622	1.0403	1.3837	837.77	-0.029571	7.9678e-05	0.10537	supercritical
777.0	1805.0	706.87	0.0014147	725.78	981.13	2.1618	1.0404	1.3837	838.5	-0.029614	7.9775e-05	0.10545	supercritical
777.0	1808.2	707.48	0.0014135	725.67	981.26	2.1614	1.0405	1.3838	839.22	-0.029657	7.9872e-05	0.10553	supercritical
777.0	1811.5	708.1	0.0014122	725.57	981.4	2.1609	1.0406	1.3838	839.94	-0.0297	7.9968e-05	0.1056	supercritical
777.0	1814.8	708.71	0.001411	725.46	981.53	2.1605	1.0407	1.3838	840.66	-0.029743	8.0065e-05	0.10568	supercritical
777.0	1818.0	709.32	0.0014098	725.36	981.66	2.1601	1.0408	1.3839	841.38	-0.029786	8.0162e-05	0.10575	supercritical
777.0	1821.2	709.93	0.0014086	725.26	981.8	2.1597	1.0409	1.3839	842.1	-0.029828	8.0258e-05	0.10583	supercritical
777.0	1824.5	710.54	0.0014074	725.15	981.93	2.1593	1.041	1.384	842.82	-0.029871	8.0355e-05	0.10591	supercritical
777.0	1827.8	711.15	0.0014062	725.05	982.07	2.1589	1.041	1.384	843.54	-0.029913	8.0451e-05	0.10598	supercritical
777.0	1831.0	711.75	0.001405	724.95	982.2	2.1584	1.0411	1.384	844.25	-0.029955	8.0548e-05	0.10606	supercritical
777.0	1834.2	712.36	0.0014038	724.84	982.33	2.158	1.0412	1.3841	844.97	-0.029997	8.0645e-05	0.10614	supercritical
777.0	1837.5	712.96	0.0014026	724.74	982.47	2.1576	1.0413	1.3841	845.69	-0.030038	8.0741e-05	0.10621	supercritical
777.0	1840.8	713.57	0.0014014	724.64	982.61	2.1572	1.0414	1.3841	846.4	-0.03008	8.0838e-05	0.10629	supercritical
777.0	1844.0	714.17	0.0014002	724.54	982.74	2.1568	1.0415	1.3842	847.12	-0.030121	8.0934e-05	0.10636	supercritical
777.0	1847.2	714.77	0.0013991	724.44	982.88	2.1564	1.0416	1.3842	847.83	-0.030162	8.1031e-05	0.10644	supercritical
777.0	1850.5	715.37	0.0013979	724.33	983.01	2.156	1.0417	1.3843	848.55	-0.030203	8.1127e-05	0.10652	supercritical
777.0	1853.8	715.97	0.0013967	724.23	983.15	2.1556	1.0418	1.3843	849.26	-0.030244	8.1223e-05	0.10659	supercritical
777.0	1857.0	716.57	0.0013955	724.13	983.28	2.1552	1.0419	1.3843	849.98	-0.030285	8.132e-05	0.10667	supercritical
777.0	1860.2	717.16	0.0013944	724.03	983.42	2.1548	1.0419	1.3844	850.69	-0.030325	8.1416e-05	0.10674	supercritical
777.0	1863.5	717.76	0.0013932	723.93	983.56	2.1543	1.042	1.3844	851.4	-0.030366	8.1513e-05	0.10682	supercritical
777.0	1866.8	718.36	0.0013921	723.83	983.69	2.1539	1.0421	1.3844	852.11	-0.030406	8.1609e-05	0.1069	supercritical
777.0	1870.0	718.95	0.0013909	723.73	983.83	2.1535	1.0422	1.3845	852.82	-0.030446	8.1705e-05	0.10697	supercritical
777.0	1873.2	719.54	0.0013898	723.63	983.97	2.1531	1.0423	1.3845	853.53	-0.030486	8.1802e-05	0.10705	supercritical
777.0	1876.5	720.14	0.0013886	723.53	984.1	2.1527	1.0424	1.3846	854.24	-0.030526	8.1898e-05	0.10712	supercritical
777.0	1879.8	720.73	0.0013875	723.43	984.24	2.1523	1.0425	1.3846	854.95	-0.030565	8.1994e-05	0.1072	supercritical
777.0	1883.0	721.32	0.0013864	723.33	984.38	2.1519	1.0426	1.3846	855.66	-0.030605	8.209e-05	0.10728	supercritical
777.0	1886.2	721.91	0.0013852	723.23	984.52	2.1515	1.0427	1.3847	856.37	-0.030644	8.2187e-05	0.10735	supercritical
777.0	1889.5	722.49	0.0013841	723.13	984.66	2.1511	1.0428	1.3847	857.08	-0.030683	8.2283e-05	0.10743	supercritical
777.0	1892.8	723.08	0.001383	723.03	984.79	2.1507	1.0428	1.3847	857.79	-0.030722	8.2379e-05	0.1075	supercritical
777.0	1896.0	723.67	0.0013819	722.93	984.93	2.1503	1.0429	1.3848	858.49	-0.030761	8.2475e-05	0.10758	supercritical
777.0	1899.2	724.25	0.0013807	722.83	985.07	2.1499	1.043	1.3848	859.2	-0.030799	8.2571e-05	0.10766	supercritical
777.0	1902.5	724.84	0.0013796	722.74	985.21	2.1495	1.0431	1.3848	859.91	-0.030838	8.2668e-05	0.10773	supercritical
777.0	1905.8	725.42	0.0013785	722.64	985.35	2.1491	1.0432	1.3849	860.61	-0.030876	8.2764e-05	0.10781	supercritical
777.0	1909.0	726.0	0.0013774	722.54	985.49	2.1487	1.0433	1.3849	861.31	-0.030914	8.286e-05	0.10788	supercritical
777.0	1912.2	726.58	0.0013763	722.44	985.63	2.1483	1.0434	1.3849	862.02	-0.030952	8.2956e-05	0.10796	supercritical
777.0	1915.5	727.16	0.0013752	722.34	985.77	2.1479	1.0435	1.385	862.72	-0.03099	8.3052e-05	0.10803	supercritical
777.0	1918.8	727.74	0.0013741	722.25	985.91	2.1475	1.0436	1.385	863.43	-0.031028	8.3148e-05	0.10811	supercritical
777.0	1922.0	728.32	0.001373	722.15	986.05	2.1471	1.0436	1.385	864.13	-0.031066	8.3244e-05	0.10819	supercritical
777.0	1925.2	728.9	0.0013719	722.05	986.19	2.1467	1.0437	1.3851	864.83	-0.031103	8.334e-05	0.10826	supercritical
777.0	1928.5	729.47	0.0013709	721.96	986.33	2.1463	1.0438	1.3851	865.53	-0.03114	8.3436e-05	0.10834	supercritical
777.0	1931.8	730.05	0.0013698	721.86	986.47	2.146	1.0439	1.3851	866.23	-0.031177	8.3532e-05	0.10841	supercritical
777.0	1935.0	730.62	0.0013687	721.76	986.61	2.1456	1.044	1.3852	866.93	-0.031214	8.3628e-05	0.10849	supercritical
777.0	1938.2	731.19	0.0013676	721.67	986.75	2.1452	1.0441	1.3852	867.63	-0.031251	8.3724e-05	0.10856	supercritical
777.0	1941.5	731.77	0.0013666	721.57	986.89	2.1448	1.0442	1.3852	868.33	-0.031288	8.382e-05	0.10864	supercritical
777.0	1944.8	732.34	0.0013655	721.48	987.03	2.1444	1.0443	1.3853	869.03	-0.031325	8.3916e-05	0.10872	supercritical
777.0	1948.0	732.91	0.0013644	721.38	987.17	2.144	1.0444	1.3853	869.73	-0.031361	8.4011e-05	0.10879	supercritical
777.0	1951.2	733.48	0.0013634	721.28	987.31	2.1436	1.0444	1.3853	870.42	-0.031397	8.4107e-05	0.10887	supercritical
777.0	1954.5	734.05	0.0013623	721.19	987.45	2.1432	1.0445	1.3854	871.12	-0.031433	8.4203e-05	0.10894	supercritical
777.0	1957.8	734.61	0.0013613	721.09	987.59	2.1428	1.0446	1.3854	871.82	-0.031469	8.4299e-05	0.10902	supercritical
777.0	1961.0	735.18	0.0013602	721.0	987.74	2.1424	1.0447	1.3854	872.51	-0.031505	8.4395e-05	0.10909	supercritical
777.0	1964.2	735.75	0.0013592	720.9	987.88	2.1421	1.0448	1.3855	873.21	-0.031541	8.449e-05	0.10917	supercritical
777.0	1967.5	736.31	0.0013581	720.81	988.02	2.1417	1.0449	1.3855	873.9	-0.031577	8.4586e-05	0.10925	supercritical
777.0	1970.8	736.88	0.0013571	720.72	988.16	2.1413	1.045	1.3855	874.6	-0.031612	8.4682e-05	0.10932	supercritical
777.0	1974.0	737.44	0.001356	720.62	988.3	2.1409	1.0451	1.3856	875.29	-0.031647	8.4778e-05	0.1094	supercritical
777.0	1977.2	738.0	0.001355	720.53	988.45	2.1405	1.0452	1.3856	875.98	-0.031682	8.4873e-05	0.10947	supercritical
777.0	1980.5	738.56	0.001354	720.43	988.59	2.1401	1.0452	1.3856	876.67	-0.031717	8.4969e-05	0.10955	supercritical
777.0	1983.8	739.12	0.001353	720.34	988.73	2.1398	1.0453	1.3857	877.37	-0.031752	8.5065e-05	0.10962	supercritical
777.0	1987.0	739.68	0.0013519	720.25	988.88	2.1394	1.0454	1.3857	878.06	-0.031787	8.516e-05	0.1097	supercritical
777.0	1990.2	740.24	0.0013509	720.15	989.02	2.139	1.0455	1.3857	878.75	-0.031822	8.5256e-05	0.10977	supercritical
777.0	1993.5	740.8	0.0013499	720.06	989.16	2.1386	1.0456	1.3857	879.44	-0.031856	8.5351e-05	0.10985	supercritical
777.0	1996.8	741.35	0.0013489	719.97	989.31	2.1382	1.0457	1.3858	880.13	-0.03189	8.5447e-05	0.10993	supercritical
777.0	2000.0	741.91	0.0013479	719.87	989.45	2.1379	1.0458	1.3858	880.82	-0.031925	8.5542e-05	0.11	supercritical
