Temperature (K)	Pressure (bar)	Density (kg/m3)	Volume (m3/kg)	Internal Energy (kJ/kg)	Enthalpy (kJ/kg)	Entropy (J/g*K)	Cv (J/g*K)	Cp (J/g*K)	Sound Spd. (m/s)	Joule-Thomson (K/bar)	Viscosity (Pa*s)	Therm. Cond. (W/m*K)	Phase
460.0	56.5	68.946	0.014504	551.92	633.86	2.3396	0.82093	1.0922	321.14	0.35698	2.3223e-05	0.032104	vapor
460.0	59.75	73.152	0.01367	550.92	632.59	2.3269	0.82231	1.0991	320.9	0.35518	2.3296e-05	0.032268	vapor
460.0	63.0	77.383	0.012923	549.91	631.33	2.3147	0.82369	1.1061	320.67	0.35334	2.337e-05	0.032435	vapor
460.0	66.25	81.64	0.012249	548.91	630.05	2.3031	0.82507	1.1131	320.46	0.35146	2.3447e-05	0.032605	vapor
460.0	69.5	85.923	0.011638	547.9	628.78	2.2919	0.82645	1.1203	320.27	0.34953	2.3526e-05	0.032777	vapor
460.0	72.75	90.23	0.011083	546.88	627.51	2.2811	0.82782	1.1275	320.1	0.34757	2.3606e-05	0.032952	vapor
460.0	76.0	94.562	0.010575	545.87	626.24	2.2707	0.82919	1.1347	319.95	0.34555	2.3689e-05	0.033129	vapor
460.0	76.0	94.562	0.010575	545.87	626.24	2.2707	0.82919	1.1347	319.95	0.34555	2.3689e-05	0.033129	supercritical
460.0	76.0	94.562	0.010575	545.87	626.24	2.2707	0.82919	1.1347	319.95	0.34555	2.3689e-05	0.033129	supercritical
460.0	79.25	98.919	0.010109	544.85	624.96	2.2606	0.83055	1.1421	319.82	0.3435	2.3775e-05	0.03331	supercritical
460.0	82.5	103.3	0.0096804	543.82	623.69	2.2508	0.83191	1.1495	319.71	0.3414	2.3862e-05	0.033493	supercritical
460.0	85.75	107.71	0.0092845	542.8	622.41	2.2414	0.83327	1.157	319.62	0.33925	2.3952e-05	0.033679	supercritical
460.0	89.0	112.14	0.0089177	541.77	621.13	2.2322	0.83462	1.1646	319.55	0.33706	2.4044e-05	0.033869	supercritical
460.0	92.25	116.59	0.0085772	540.73	619.86	2.2232	0.83596	1.1722	319.5	0.33483	2.4139e-05	0.034061	supercritical
460.0	95.5	121.06	0.0082601	539.7	618.58	2.2145	0.8373	1.1799	319.47	0.33255	2.4236e-05	0.034256	supercritical
460.0	98.75	125.56	0.0079641	538.66	617.31	2.206	0.83864	1.1876	319.47	0.33023	2.4336e-05	0.034455	supercritical
460.0	102.0	130.08	0.0076874	537.62	616.03	2.1977	0.83996	1.1954	319.49	0.32787	2.4438e-05	0.034657	supercritical
460.0	105.25	134.63	0.007428	536.58	614.76	2.1896	0.84128	1.2032	319.54	0.32546	2.4542e-05	0.034862	supercritical
460.0	108.5	139.19	0.0071845	535.54	613.49	2.1817	0.84259	1.2111	319.6	0.32301	2.465e-05	0.035071	supercritical
460.0	111.75	143.77	0.0069555	534.49	612.22	2.1739	0.84389	1.219	319.7	0.32052	2.476e-05	0.035283	supercritical
460.0	115.0	148.37	0.0067397	533.44	610.95	2.1663	0.84518	1.227	319.82	0.31799	2.4873e-05	0.035498	supercritical
460.0	118.25	153.0	0.0065361	532.39	609.68	2.1589	0.84646	1.235	319.96	0.31541	2.4988e-05	0.035717	supercritical
460.0	121.5	157.64	0.0063436	531.34	608.42	2.1516	0.84773	1.243	320.13	0.3128	2.5106e-05	0.035939	supercritical
460.0	124.75	162.3	0.0061616	530.29	607.15	2.1444	0.84899	1.2511	320.33	0.31015	2.5228e-05	0.036165	supercritical
460.0	128.0	166.97	0.005989	529.24	605.9	2.1374	0.85024	1.2591	320.56	0.30746	2.5352e-05	0.036394	supercritical
460.0	131.25	171.66	0.0058253	528.18	604.64	2.1305	0.85148	1.2672	320.81	0.30474	2.5479e-05	0.036627	supercritical
460.0	134.5	176.37	0.0056699	527.13	603.39	2.1237	0.85271	1.2753	321.09	0.30197	2.5608e-05	0.036863	supercritical
460.0	137.75	181.09	0.005522	526.07	602.14	2.117	0.85393	1.2834	321.4	0.29918	2.5741e-05	0.037102	supercritical
460.0	141.0	185.83	0.0053813	525.01	600.89	2.1105	0.85513	1.2914	321.74	0.29635	2.5877e-05	0.037346	supercritical
460.0	144.25	190.58	0.0052473	523.96	599.65	2.104	0.85632	1.2995	322.1	0.2935	2.6016e-05	0.037592	supercritical
460.0	147.5	195.34	0.0051194	522.9	598.41	2.0977	0.85749	1.3076	322.5	0.29061	2.6157e-05	0.037842	supercritical
460.0	150.75	200.11	0.0049974	521.84	597.18	2.0914	0.85865	1.3156	322.93	0.28769	2.6302e-05	0.038096	supercritical
460.0	154.0	204.89	0.0048808	520.79	595.95	2.0852	0.8598	1.3236	323.38	0.28475	2.645e-05	0.038353	supercritical
460.0	157.25	209.67	0.0047693	519.73	594.73	2.0792	0.86093	1.3316	323.87	0.28178	2.6601e-05	0.038613	supercritical
460.0	160.5	214.47	0.0046627	518.68	593.51	2.0732	0.86205	1.3395	324.39	0.27879	2.6755e-05	0.038877	supercritical
460.0	163.75	219.27	0.0045606	517.62	592.3	2.0673	0.86315	1.3474	324.94	0.27578	2.6912e-05	0.039144	supercritical
460.0	167.0	224.08	0.0044627	516.57	591.1	2.0615	0.86424	1.3553	325.52	0.27275	2.7072e-05	0.039415	supercritical
460.0	170.25	228.89	0.0043689	515.52	589.9	2.0558	0.86531	1.3631	326.13	0.2697	2.7235e-05	0.039689	supercritical
460.0	173.5	233.7	0.0042789	514.47	588.71	2.0501	0.86637	1.3708	326.78	0.26663	2.7402e-05	0.039965	supercritical
460.0	176.75	238.52	0.0041925	513.42	587.52	2.0446	0.8674	1.3784	327.46	0.26355	2.7571e-05	0.040245	supercritical
460.0	180.0	243.34	0.0041095	512.37	586.35	2.0391	0.86843	1.386	328.16	0.26046	2.7744e-05	0.040528	supercritical
460.0	183.25	248.15	0.0040298	511.33	585.18	2.0337	0.86943	1.3935	328.9	0.25735	2.7919e-05	0.040814	supercritical
460.0	186.5	252.97	0.0039531	510.29	584.01	2.0283	0.87042	1.4009	329.67	0.25424	2.8098e-05	0.041103	supercritical
460.0	189.75	257.78	0.0038793	509.25	582.86	2.023	0.87139	1.4082	330.48	0.25112	2.8279e-05	0.041395	supercritical
460.0	193.0	262.59	0.0038083	508.22	581.72	2.0178	0.87234	1.4155	331.31	0.248	2.8464e-05	0.04169	supercritical
460.0	196.25	267.39	0.0037399	507.18	580.58	2.0127	0.87328	1.4226	332.18	0.24487	2.8651e-05	0.041987	supercritical
460.0	199.5	272.18	0.003674	506.16	579.45	2.0076	0.8742	1.4296	333.08	0.24174	2.8842e-05	0.042287	supercritical
460.0	202.75	276.97	0.0036105	505.13	578.33	2.0026	0.8751	1.4365	334.01	0.23861	2.9035e-05	0.042589	supercritical
460.0	206.0	281.75	0.0035493	504.11	577.22	1.9977	0.87598	1.4433	334.97	0.23549	2.9231e-05	0.042893	supercritical
460.0	209.25	286.51	0.0034903	503.09	576.12	1.9928	0.87685	1.45	335.96	0.23237	2.943e-05	0.0432	supercritical
460.0	212.5	291.27	0.0034333	502.08	575.03	1.988	0.8777	1.4565	336.99	0.22925	2.9632e-05	0.043509	supercritical
460.0	215.75	296.01	0.0033783	501.07	573.95	1.9832	0.87853	1.463	338.04	0.22614	2.9836e-05	0.043821	supercritical
460.0	219.0	300.74	0.0033251	500.06	572.88	1.9785	0.87934	1.4693	339.13	0.22305	3.0044e-05	0.044134	supercritical
460.0	222.25	305.45	0.0032738	499.06	571.82	1.9739	0.88014	1.4754	340.24	0.21996	3.0254e-05	0.044449	supercritical
460.0	225.5	310.15	0.0032242	498.07	570.77	1.9693	0.88092	1.4814	341.38	0.21689	3.0466e-05	0.044766	supercritical
460.0	228.75	314.83	0.0031763	497.08	569.74	1.9648	0.88168	1.4873	342.55	0.21383	3.0681e-05	0.045084	supercritical
460.0	232.0	319.5	0.0031299	496.09	568.71	1.9603	0.88242	1.4931	343.76	0.21078	3.0898e-05	0.045404	supercritical
460.0	235.25	324.14	0.0030851	495.11	567.69	1.9559	0.88315	1.4987	344.98	0.20776	3.1118e-05	0.045726	supercritical
460.0	238.5	328.76	0.0030417	494.14	566.68	1.9516	0.88386	1.5041	346.24	0.20475	3.1341e-05	0.046049	supercritical
460.0	241.75	333.37	0.0029997	493.17	565.69	1.9473	0.88455	1.5094	347.52	0.20176	3.1565e-05	0.046373	supercritical
460.0	245.0	337.95	0.002959	492.21	564.7	1.943	0.88523	1.5146	348.84	0.1988	3.1792e-05	0.046698	supercritical
460.0	248.25	342.51	0.0029197	491.25	563.73	1.9389	0.88589	1.5196	350.17	0.19585	3.2021e-05	0.047024	supercritical
460.0	251.5	347.04	0.0028815	490.3	562.77	1.9347	0.88653	1.5244	351.53	0.19293	3.2252e-05	0.047352	supercritical
460.0	254.75	351.55	0.0028445	489.35	561.82	1.9306	0.88716	1.5292	352.92	0.19004	3.2485e-05	0.04768	supercritical
460.0	258.0	356.03	0.0028087	488.42	560.88	1.9266	0.88777	1.5337	354.33	0.18717	3.272e-05	0.048008	supercritical
460.0	261.25	360.49	0.002774	487.48	559.95	1.9226	0.88837	1.5381	355.77	0.18432	3.2957e-05	0.048338	supercritical
460.0	264.5	364.93	0.0027403	486.56	559.04	1.9187	0.88895	1.5424	357.22	0.18151	3.3196e-05	0.048667	supercritical
460.0	267.75	369.33	0.0027076	485.64	558.13	1.9148	0.88952	1.5465	358.7	0.17872	3.3436e-05	0.048998	supercritical
460.0	271.0	373.71	0.0026759	484.72	557.24	1.9109	0.89007	1.5505	360.21	0.17596	3.3679e-05	0.049328	supercritical
460.0	274.25	378.06	0.0026451	483.82	556.36	1.9071	0.89061	1.5543	361.73	0.17323	3.3923e-05	0.049659	supercritical
460.0	277.5	382.38	0.0026152	482.92	555.49	1.9034	0.89113	1.558	363.28	0.17053	3.4168e-05	0.04999	supercritical
460.0	280.75	386.67	0.0025862	482.03	554.63	1.8997	0.89164	1.5615	364.84	0.16786	3.4415e-05	0.050321	supercritical
460.0	284.0	390.93	0.002558	481.14	553.79	1.896	0.89214	1.5649	366.43	0.16522	3.4663e-05	0.050652	supercritical
460.0	287.25	395.16	0.0025306	480.26	552.95	1.8924	0.89262	1.5682	368.03	0.16261	3.4913e-05	0.050983	supercritical
460.0	290.5	399.36	0.002504	479.39	552.13	1.8888	0.89309	1.5713	369.65	0.16003	3.5164e-05	0.051314	supercritical
460.0	293.75	403.53	0.0024781	478.52	551.32	1.8853	0.89355	1.5743	371.29	0.15749	3.5416e-05	0.051644	supercritical
460.0	297.0	407.67	0.002453	477.66	550.52	1.8818	0.89399	1.5771	372.95	0.15497	3.567e-05	0.051974	supercritical
460.0	300.25	411.77	0.0024285	476.81	549.73	1.8784	0.89443	1.5798	374.62	0.15249	3.5924e-05	0.052304	supercritical
460.0	303.5	415.85	0.0024047	475.97	548.95	1.875	0.89485	1.5824	376.31	0.15005	3.618e-05	0.052633	supercritical
460.0	306.75	419.89	0.0023816	475.13	548.19	1.8717	0.89526	1.5849	378.02	0.14763	3.6436e-05	0.052962	supercritical
460.0	310.0	423.9	0.002359	474.3	547.43	1.8683	0.89566	1.5872	379.74	0.14524	3.6694e-05	0.05329	supercritical
460.0	313.25	427.88	0.0023371	473.48	546.69	1.8651	0.89605	1.5894	381.47	0.14289	3.6952e-05	0.053617	supercritical
460.0	316.5	431.82	0.0023158	472.66	545.96	1.8618	0.89643	1.5915	383.22	0.14057	3.7211e-05	0.053944	supercritical
460.0	319.75	435.74	0.002295	471.85	545.23	1.8586	0.8968	1.5935	384.99	0.13828	3.7471e-05	0.05427	supercritical
460.0	323.0	439.62	0.0022747	471.05	544.52	1.8555	0.89716	1.5954	386.76	0.13603	3.7731e-05	0.054595	supercritical
460.0	326.25	443.46	0.002255	470.25	543.82	1.8523	0.89751	1.5971	388.55	0.1338	3.7992e-05	0.05492	supercritical
460.0	329.5	447.28	0.0022357	469.47	543.13	1.8493	0.89785	1.5988	390.35	0.13161	3.8254e-05	0.055243	supercritical
460.0	332.75	451.06	0.002217	468.68	542.46	1.8462	0.89818	1.6003	392.16	0.12945	3.8516e-05	0.055566	supercritical
460.0	336.0	454.81	0.0021987	467.91	541.79	1.8432	0.8985	1.6018	393.98	0.12732	3.8779e-05	0.055887	supercritical
460.0	339.25	458.52	0.0021809	467.14	541.13	1.8402	0.89882	1.6031	395.82	0.12522	3.9042e-05	0.056208	supercritical
460.0	342.5	462.21	0.0021635	466.38	540.48	1.8373	0.89912	1.6043	397.66	0.12315	3.9305e-05	0.056527	supercritical
460.0	345.75	465.86	0.0021466	465.63	539.85	1.8344	0.89942	1.6055	399.51	0.12111	3.9569e-05	0.056845	supercritical
460.0	349.0	469.48	0.00213	464.88	539.22	1.8315	0.89972	1.6065	401.38	0.1191	3.9833e-05	0.057163	supercritical
460.0	352.25	473.06	0.0021139	464.14	538.6	1.8287	0.9	1.6075	403.25	0.11712	4.0097e-05	0.057479	supercritical
460.0	355.5	476.62	0.0020981	463.41	537.99	1.8259	0.90028	1.6083	405.13	0.11517	4.0361e-05	0.057794	supercritical
460.0	358.75	480.14	0.0020827	462.68	537.4	1.8231	0.90055	1.6091	407.02	0.11325	4.0625e-05	0.058107	supercritical
460.0	362.0	483.63	0.0020677	461.96	536.81	1.8203	0.90081	1.6098	408.91	0.11136	4.089e-05	0.05842	supercritical
460.0	365.25	487.09	0.002053	461.25	536.23	1.8176	0.90107	1.6105	410.81	0.1095	4.1154e-05	0.058731	supercritical
460.0	368.5	490.51	0.0020387	460.54	535.66	1.8149	0.90133	1.611	412.72	0.10767	4.1419e-05	0.059041	supercritical
460.0	371.75	493.91	0.0020247	459.84	535.1	1.8123	0.90157	1.6115	414.64	0.10586	4.1683e-05	0.059349	supercritical
460.0	375.0	497.27	0.002011	459.14	534.55	1.8097	0.90181	1.6119	416.56	0.10408	4.1948e-05	0.059657	supercritical
460.0	378.25	500.6	0.0019976	458.46	534.01	1.8071	0.90205	1.6122	418.48	0.10233	4.2212e-05	0.059963	supercritical
460.0	381.5	503.9	0.0019845	457.77	533.48	1.8045	0.90228	1.6125	420.42	0.10061	4.2477e-05	0.060268	supercritical
460.0	384.75	507.17	0.0019717	457.1	532.96	1.802	0.90251	1.6127	422.35	0.098912	4.2741e-05	0.060571	supercritical
460.0	388.0	510.41	0.0019592	456.43	532.45	1.7995	0.90273	1.6129	424.29	0.097242	4.3004e-05	0.060873	supercritical
460.0	391.25	513.62	0.0019469	455.77	531.94	1.797	0.90295	1.6129	426.24	0.095598	4.3268e-05	0.061174	supercritical
460.0	394.5	516.81	0.001935	455.11	531.44	1.7945	0.90316	1.613	428.19	0.093979	4.3531e-05	0.061473	supercritical
460.0	397.75	519.96	0.0019232	454.46	530.95	1.7921	0.90337	1.613	430.14	0.092386	4.3795e-05	0.061771	supercritical
460.0	401.0	523.08	0.0019118	453.81	530.47	1.7897	0.90358	1.6129	432.09	0.090818	4.4057e-05	0.062067	supercritical
460.0	404.25	526.17	0.0019005	453.17	530.0	1.7874	0.90378	1.6128	434.05	0.089275	4.432e-05	0.062363	supercritical
460.0	407.5	529.23	0.0018895	452.54	529.54	1.785	0.90398	1.6126	436.01	0.087757	4.4582e-05	0.062656	supercritical
460.0	410.75	532.27	0.0018787	451.91	529.08	1.7827	0.90417	1.6124	437.97	0.086263	4.4844e-05	0.062949	supercritical
460.0	414.0	535.28	0.0018682	451.29	528.63	1.7804	0.90436	1.6122	439.94	0.084792	4.5105e-05	0.06324	supercritical
460.0	417.25	538.26	0.0018578	450.68	528.19	1.7781	0.90455	1.6119	441.9	0.083345	4.5366e-05	0.06353	supercritical
460.0	420.5	541.21	0.0018477	450.07	527.76	1.7759	0.90474	1.6116	443.87	0.081921	4.5627e-05	0.063818	supercritical
460.0	423.75	544.13	0.0018378	449.46	527.34	1.7736	0.90492	1.6112	445.83	0.08052	4.5887e-05	0.064105	supercritical
460.0	427.0	547.03	0.001828	448.86	526.92	1.7714	0.9051	1.6108	447.8	0.079142	4.6147e-05	0.064391	supercritical
460.0	430.25	549.9	0.0018185	448.27	526.51	1.7692	0.90528	1.6104	449.77	0.077785	4.6406e-05	0.064675	supercritical
460.0	433.5	552.75	0.0018091	447.68	526.1	1.7671	0.90546	1.6099	451.74	0.076451	4.6664e-05	0.064958	supercritical
460.0	436.75	555.57	0.0018	447.09	525.71	1.765	0.90563	1.6094	453.7	0.075138	4.6923e-05	0.065239	supercritical
460.0	440.0	558.36	0.001791	446.52	525.32	1.7628	0.9058	1.6089	455.67	0.073846	4.718e-05	0.06552	supercritical
460.0	443.25	561.13	0.0017821	445.94	524.93	1.7607	0.90597	1.6084	457.64	0.072575	4.7437e-05	0.065798	supercritical
460.0	446.5	563.87	0.0017735	445.37	524.56	1.7587	0.90614	1.6078	459.6	0.071324	4.7694e-05	0.066076	supercritical
460.0	449.75	566.59	0.001765	444.81	524.19	1.7566	0.9063	1.6073	461.57	0.070093	4.795e-05	0.066352	supercritical
460.0	453.0	569.28	0.0017566	444.25	523.83	1.7546	0.90647	1.6067	463.53	0.068883	4.8206e-05	0.066627	supercritical
460.0	456.25	571.95	0.0017484	443.7	523.47	1.7526	0.90663	1.606	465.49	0.067691	4.8461e-05	0.066901	supercritical
460.0	459.5	574.59	0.0017404	443.15	523.12	1.7506	0.90679	1.6054	467.45	0.066519	4.8715e-05	0.067173	supercritical
460.0	462.75	577.22	0.0017325	442.61	522.78	1.7486	0.90695	1.6047	469.41	0.065366	4.8969e-05	0.067444	supercritical
460.0	466.0	579.81	0.0017247	442.07	522.44	1.7466	0.9071	1.6041	471.37	0.064231	4.9222e-05	0.067714	supercritical
460.0	469.25	582.39	0.0017171	441.53	522.11	1.7447	0.90726	1.6034	473.32	0.063114	4.9475e-05	0.067983	supercritical
460.0	472.5	584.94	0.0017096	441.0	521.78	1.7428	0.90741	1.6027	475.27	0.062016	4.9727e-05	0.06825	supercritical
460.0	475.75	587.47	0.0017022	440.48	521.46	1.7409	0.90757	1.602	477.22	0.060934	4.9978e-05	0.068516	supercritical
460.0	479.0	589.98	0.001695	439.96	521.15	1.739	0.90772	1.6013	479.17	0.05987	5.0229e-05	0.068781	supercritical
460.0	482.25	592.47	0.0016879	439.44	520.84	1.7371	0.90787	1.6005	481.11	0.058823	5.0479e-05	0.069045	supercritical
460.0	485.5	594.93	0.0016809	438.93	520.53	1.7353	0.90802	1.5998	483.05	0.057792	5.0729e-05	0.069307	supercritical
460.0	488.75	597.37	0.001674	438.42	520.24	1.7335	0.90817	1.599	484.99	0.056778	5.0978e-05	0.069568	supercritical
460.0	492.0	599.8	0.0016672	437.92	519.94	1.7316	0.90832	1.5983	486.93	0.055779	5.1226e-05	0.069829	supercritical
460.0	495.25	602.2	0.0016606	437.42	519.66	1.7298	0.90846	1.5975	488.86	0.054796	5.1474e-05	0.070087	supercritical
460.0	498.5	604.58	0.001654	436.92	519.37	1.7281	0.90861	1.5967	490.79	0.053829	5.1721e-05	0.070345	supercritical
460.0	501.75	606.94	0.0016476	436.43	519.1	1.7263	0.90875	1.5959	492.71	0.052876	5.1967e-05	0.070602	supercritical
460.0	505.0	609.28	0.0016413	435.94	518.83	1.7245	0.9089	1.5951	494.64	0.051939	5.2213e-05	0.070857	supercritical
460.0	508.25	611.6	0.001635	435.46	518.56	1.7228	0.90904	1.5943	496.55	0.051015	5.2459e-05	0.071112	supercritical
460.0	511.5	613.9	0.0016289	434.98	518.3	1.7211	0.90919	1.5935	498.47	0.050106	5.2703e-05	0.071365	supercritical
460.0	514.75	616.19	0.0016229	434.5	518.04	1.7194	0.90933	1.5927	500.38	0.049211	5.2947e-05	0.071617	supercritical
460.0	518.0	618.45	0.0016169	434.03	517.79	1.7177	0.90947	1.5919	502.29	0.04833	5.319e-05	0.071868	supercritical
460.0	521.25	620.7	0.0016111	433.56	517.54	1.716	0.90961	1.5911	504.19	0.047461	5.3433e-05	0.072118	supercritical
460.0	524.5	622.92	0.0016053	433.1	517.3	1.7143	0.90975	1.5903	506.09	0.046606	5.3675e-05	0.072367	supercritical
460.0	527.75	625.13	0.0015997	432.64	517.06	1.7127	0.90989	1.5895	507.99	0.045764	5.3917e-05	0.072615	supercritical
460.0	531.0	627.33	0.0015941	432.18	516.82	1.711	0.91003	1.5887	509.88	0.044934	5.4157e-05	0.072862	supercritical
460.0	534.25	629.5	0.0015886	431.73	516.59	1.7094	0.91017	1.5878	511.77	0.044117	5.4398e-05	0.073108	supercritical
460.0	537.5	631.65	0.0015831	431.27	516.37	1.7078	0.91031	1.587	513.66	0.043312	5.4637e-05	0.073353	supercritical
460.0	540.75	633.79	0.0015778	430.83	516.15	1.7062	0.91045	1.5862	515.54	0.042518	5.4876e-05	0.073597	supercritical
460.0	544.0	635.92	0.0015725	430.38	515.93	1.7046	0.91059	1.5854	517.42	0.041736	5.5114e-05	0.073839	supercritical
460.0	547.25	638.02	0.0015673	429.94	515.72	1.7031	0.91072	1.5845	519.29	0.040966	5.5352e-05	0.074081	supercritical
460.0	550.5	640.11	0.0015622	429.51	515.51	1.7015	0.91086	1.5837	521.16	0.040206	5.5589e-05	0.074322	supercritical
460.0	553.75	642.18	0.0015572	429.07	515.3	1.6999	0.911	1.5829	523.03	0.039458	5.5826e-05	0.074562	supercritical
460.0	557.0	644.24	0.0015522	428.64	515.1	1.6984	0.91114	1.582	524.89	0.03872	5.6061e-05	0.074801	supercritical
460.0	560.25	646.28	0.0015473	428.22	514.91	1.6969	0.91127	1.5812	526.75	0.037993	5.6297e-05	0.075039	supercritical
460.0	563.5	648.3	0.0015425	427.79	514.71	1.6954	0.91141	1.5804	528.6	0.037276	5.6531e-05	0.075276	supercritical
460.0	566.75	650.31	0.0015377	427.37	514.52	1.6939	0.91154	1.5796	530.45	0.036569	5.6765e-05	0.075512	supercritical
460.0	570.0	652.31	0.001533	426.95	514.34	1.6924	0.91168	1.5787	532.3	0.035872	5.6998e-05	0.075747	supercritical
460.0	573.25	654.28	0.0015284	426.54	514.15	1.6909	0.91182	1.5779	534.14	0.035185	5.7231e-05	0.075982	supercritical
460.0	576.5	656.25	0.0015238	426.13	513.98	1.6894	0.91195	1.5771	535.98	0.034507	5.7463e-05	0.076215	supercritical
460.0	579.75	658.2	0.0015193	425.72	513.8	1.688	0.91209	1.5762	537.81	0.033838	5.7695e-05	0.076448	supercritical
460.0	583.0	660.13	0.0015148	425.31	513.63	1.6865	0.91222	1.5754	539.64	0.033179	5.7926e-05	0.07668	supercritical
460.0	586.25	662.05	0.0015105	424.91	513.46	1.6851	0.91236	1.5746	541.47	0.032528	5.8156e-05	0.076911	supercritical
460.0	589.5	663.96	0.0015061	424.51	513.3	1.6837	0.91249	1.5738	543.29	0.031886	5.8386e-05	0.077141	supercritical
460.0	592.75	665.85	0.0015018	424.11	513.13	1.6823	0.91262	1.5729	545.11	0.031253	5.8615e-05	0.07737	supercritical
460.0	596.0	667.73	0.0014976	423.72	512.98	1.6809	0.91276	1.5721	546.92	0.030629	5.8843e-05	0.077598	supercritical
460.0	599.25	669.59	0.0014934	423.33	512.82	1.6795	0.91289	1.5713	548.73	0.030012	5.9071e-05	0.077826	supercritical
460.0	602.5	671.44	0.0014893	422.94	512.67	1.6781	0.91303	1.5705	550.54	0.029404	5.9299e-05	0.078052	supercritical
460.0	605.75	673.28	0.0014853	422.55	512.52	1.6767	0.91316	1.5696	552.34	0.028804	5.9525e-05	0.078278	supercritical
460.0	609.0	675.11	0.0014812	422.17	512.38	1.6754	0.9133	1.5688	554.14	0.028212	5.9752e-05	0.078503	supercritical
460.0	612.25	676.92	0.0014773	421.79	512.23	1.674	0.91343	1.568	555.93	0.027627	5.9977e-05	0.078728	supercritical
460.0	615.5	678.72	0.0014734	421.41	512.09	1.6727	0.91356	1.5672	557.72	0.02705	6.0202e-05	0.078951	supercritical
460.0	618.75	680.5	0.0014695	421.03	511.96	1.6713	0.9137	1.5664	559.5	0.02648	6.0427e-05	0.079174	supercritical
460.0	622.0	682.28	0.0014657	420.66	511.82	1.67	0.91383	1.5656	561.29	0.025918	6.065e-05	0.079396	supercritical
460.0	625.25	684.04	0.0014619	420.29	511.69	1.6687	0.91396	1.5648	563.06	0.025362	6.0874e-05	0.079617	supercritical
460.0	628.5	685.79	0.0014582	419.92	511.57	1.6674	0.9141	1.564	564.84	0.024814	6.1096e-05	0.079838	supercritical
460.0	631.75	687.52	0.0014545	419.55	511.44	1.6661	0.91423	1.5632	566.61	0.024273	6.1319e-05	0.080057	supercritical
460.0	635.0	689.25	0.0014509	419.19	511.32	1.6648	0.91436	1.5624	568.37	0.023738	6.154e-05	0.080276	supercritical
460.0	638.25	690.96	0.0014473	418.83	511.2	1.6635	0.9145	1.5616	570.14	0.02321	6.1761e-05	0.080495	supercritical
460.0	641.5	692.66	0.0014437	418.47	511.08	1.6622	0.91463	1.5608	571.89	0.022689	6.1982e-05	0.080712	supercritical
460.0	644.75	694.35	0.0014402	418.11	510.97	1.6609	0.91476	1.56	573.65	0.022174	6.2202e-05	0.080929	supercritical
460.0	648.0	696.03	0.0014367	417.76	510.86	1.6597	0.9149	1.5592	575.4	0.021665	6.2421e-05	0.081145	supercritical
460.0	651.25	697.7	0.0014333	417.41	510.75	1.6584	0.91503	1.5584	577.14	0.021163	6.264e-05	0.081361	supercritical
460.0	654.5	699.36	0.0014299	417.06	510.65	1.6572	0.91517	1.5576	578.89	0.020667	6.2858e-05	0.081576	supercritical
460.0	657.75	701.0	0.0014265	416.71	510.54	1.656	0.9153	1.5568	580.62	0.020177	6.3076e-05	0.08179	supercritical
460.0	661.0	702.64	0.0014232	416.37	510.44	1.6547	0.91543	1.556	582.36	0.019692	6.3293e-05	0.082003	supercritical
460.0	664.25	704.26	0.0014199	416.02	510.34	1.6535	0.91557	1.5553	584.09	0.019214	6.351e-05	0.082216	supercritical
460.0	667.5	705.87	0.0014167	415.68	510.25	1.6523	0.9157	1.5545	585.81	0.018741	6.3726e-05	0.082428	supercritical
460.0	670.75	707.47	0.0014135	415.34	510.15	1.6511	0.91583	1.5537	587.53	0.018274	6.3942e-05	0.082639	supercritical
460.0	674.0	709.07	0.0014103	415.01	510.06	1.6499	0.91597	1.553	589.25	0.017812	6.4157e-05	0.08285	supercritical
460.0	677.25	710.65	0.0014072	414.67	509.97	1.6487	0.9161	1.5522	590.97	0.017356	6.4371e-05	0.08306	supercritical
460.0	680.5	712.22	0.0014041	414.34	509.89	1.6475	0.91623	1.5514	592.68	0.016906	6.4585e-05	0.08327	supercritical
460.0	683.75	713.78	0.001401	414.01	509.8	1.6464	0.91637	1.5507	594.38	0.01646	6.4799e-05	0.083479	supercritical
460.0	687.0	715.33	0.001398	413.68	509.72	1.6452	0.9165	1.5499	596.08	0.01602	6.5012e-05	0.083687	supercritical
460.0	690.25	716.87	0.0013949	413.36	509.64	1.644	0.91663	1.5492	597.78	0.015585	6.5224e-05	0.083895	supercritical
460.0	693.5	718.41	0.001392	413.03	509.56	1.6429	0.91677	1.5484	599.48	0.015155	6.5436e-05	0.084102	supercritical
460.0	696.75	719.93	0.001389	412.71	509.49	1.6417	0.9169	1.5477	601.17	0.01473	6.5648e-05	0.084309	supercritical
460.0	700.0	721.44	0.0013861	412.39	509.42	1.6406	0.91704	1.5469	602.85	0.01431	6.5859e-05	0.084514	supercritical
460.0	703.25	722.95	0.0013832	412.07	509.35	1.6395	0.91717	1.5462	604.53	0.013894	6.6069e-05	0.08472	supercritical
460.0	706.5	724.44	0.0013804	411.75	509.28	1.6383	0.9173	1.5455	606.21	0.013484	6.6279e-05	0.084924	supercritical
460.0	709.75	725.93	0.0013775	411.44	509.21	1.6372	0.91744	1.5447	607.89	0.013078	6.6489e-05	0.085129	supercritical
460.0	713.0	727.4	0.0013748	411.13	509.15	1.6361	0.91757	1.544	609.56	0.012676	6.6698e-05	0.085332	supercritical
460.0	716.25	728.87	0.001372	410.81	509.08	1.635	0.91771	1.5433	611.22	0.01228	6.6907e-05	0.085535	supercritical
460.0	719.5	730.33	0.0013692	410.5	509.02	1.6339	0.91784	1.5426	612.89	0.011887	6.7115e-05	0.085738	supercritical
460.0	722.75	731.78	0.0013665	410.2	508.96	1.6328	0.91797	1.5418	614.54	0.011499	6.7322e-05	0.08594	supercritical
460.0	726.0	733.22	0.0013638	409.89	508.91	1.6317	0.91811	1.5411	616.2	0.011116	6.753e-05	0.086141	supercritical
460.0	729.25	734.65	0.0013612	409.59	508.85	1.6306	0.91824	1.5404	617.85	0.010737	6.7736e-05	0.086342	supercritical
460.0	732.5	736.08	0.0013586	409.29	508.8	1.6296	0.91838	1.5397	619.49	0.010362	6.7942e-05	0.086542	supercritical
460.0	735.75	737.49	0.0013559	408.98	508.75	1.6285	0.91851	1.539	621.14	0.0099906	6.8148e-05	0.086742	supercritical
460.0	739.0	738.9	0.0013534	408.69	508.7	1.6274	0.91865	1.5383	622.77	0.0096238	6.8353e-05	0.086941	supercritical
460.0	742.25	740.3	0.0013508	408.39	508.65	1.6264	0.91878	1.5376	624.41	0.0092611	6.8558e-05	0.08714	supercritical
460.0	745.5	741.69	0.0013483	408.09	508.61	1.6253	0.91892	1.537	626.04	0.0089023	6.8763e-05	0.087338	supercritical
460.0	748.75	743.07	0.0013458	407.8	508.56	1.6243	0.91905	1.5363	627.67	0.0085474	6.8967e-05	0.087536	supercritical
460.0	752.0	744.45	0.0013433	407.51	508.52	1.6232	0.91919	1.5356	629.29	0.0081964	6.917e-05	0.087733	supercritical
460.0	755.25	745.81	0.0013408	407.22	508.48	1.6222	0.91932	1.5349	630.91	0.0078492	6.9373e-05	0.08793	supercritical
460.0	758.5	747.17	0.0013384	406.93	508.44	1.6212	0.91946	1.5342	632.52	0.0075058	6.9576e-05	0.088126	supercritical
460.0	761.75	748.53	0.001336	406.64	508.41	1.6202	0.91959	1.5336	634.13	0.0071661	6.9778e-05	0.088321	supercritical
460.0	765.0	749.87	0.0013336	406.35	508.37	1.6191	0.91973	1.5329	635.74	0.0068301	6.998e-05	0.088517	supercritical
460.0	768.25	751.21	0.0013312	406.07	508.34	1.6181	0.91986	1.5322	637.34	0.0064977	7.0181e-05	0.088711	supercritical
460.0	771.5	752.54	0.0013288	405.79	508.31	1.6171	0.92	1.5316	638.94	0.0061688	7.0382e-05	0.088906	supercritical
460.0	774.75	753.86	0.0013265	405.51	508.28	1.6161	0.92013	1.5309	640.54	0.0058434	7.0582e-05	0.089099	supercritical
460.0	778.0	755.17	0.0013242	405.23	508.25	1.6151	0.92027	1.5303	642.13	0.0055215	7.0782e-05	0.089293	supercritical
460.0	781.25	756.48	0.0013219	404.95	508.22	1.6141	0.9204	1.5297	643.71	0.005203	7.0982e-05	0.089486	supercritical
460.0	784.5	757.78	0.0013196	404.67	508.2	1.6131	0.92054	1.529	645.3	0.0048879	7.1181e-05	0.089678	supercritical
460.0	787.75	759.07	0.0013174	404.4	508.17	1.6121	0.92067	1.5284	646.88	0.0045761	7.138e-05	0.08987	supercritical
460.0	791.0	760.36	0.0013152	404.12	508.15	1.6112	0.92081	1.5277	648.45	0.0042675	7.1578e-05	0.090061	supercritical
460.0	794.25	761.64	0.001313	403.85	508.13	1.6102	0.92095	1.5271	650.02	0.0039622	7.1776e-05	0.090253	supercritical
460.0	797.5	762.91	0.0013108	403.58	508.11	1.6092	0.92108	1.5265	651.59	0.0036601	7.1974e-05	0.090443	supercritical
460.0	800.75	764.17	0.0013086	403.31	508.09	1.6083	0.92122	1.5259	653.16	0.0033612	7.2171e-05	0.090633	supercritical
460.0	804.0	765.43	0.0013065	403.04	508.08	1.6073	0.92135	1.5253	654.72	0.0030653	7.2367e-05	0.090823	supercritical
460.0	807.25	766.68	0.0013043	402.77	508.06	1.6064	0.92149	1.5247	656.27	0.0027725	7.2564e-05	0.091012	supercritical
460.0	810.5	767.93	0.0013022	402.51	508.05	1.6054	0.92163	1.524	657.83	0.0024827	7.276e-05	0.091201	supercritical
460.0	813.75	769.17	0.0013001	402.24	508.04	1.6045	0.92176	1.5234	659.37	0.0021959	7.2955e-05	0.09139	supercritical
460.0	817.0	770.4	0.001298	401.98	508.03	1.6035	0.9219	1.5228	660.92	0.001912	7.315e-05	0.091578	supercritical
460.0	820.25	771.63	0.001296	401.72	508.02	1.6026	0.92203	1.5222	662.46	0.0016311	7.3345e-05	0.091766	supercritical
460.0	823.5	772.84	0.0012939	401.46	508.01	1.6017	0.92217	1.5217	664.0	0.0013529	7.354e-05	0.091953	supercritical
460.0	826.75	774.06	0.0012919	401.2	508.01	1.6007	0.92231	1.5211	665.53	0.0010777	7.3734e-05	0.09214	supercritical
460.0	830.0	775.27	0.0012899	400.94	508.0	1.5998	0.92244	1.5205	667.06	0.00080517	7.3927e-05	0.092326	supercritical
460.0	833.25	776.47	0.0012879	400.69	508.0	1.5989	0.92258	1.5199	668.59	0.00053542	7.4121e-05	0.092512	supercritical
460.0	836.5	777.66	0.0012859	400.43	508.0	1.598	0.92272	1.5193	670.11	0.00026839	7.4314e-05	0.092698	supercritical
460.0	839.75	778.85	0.0012839	400.18	508.0	1.5971	0.92286	1.5188	671.63	4.0367e-06	7.4506e-05	0.092883	supercritical
460.0	843.0	780.03	0.001282	399.92	508.0	1.5962	0.92299	1.5182	673.14	-0.00025768	7.4698e-05	0.093068	supercritical
460.0	846.25	781.21	0.0012801	399.67	508.0	1.5953	0.92313	1.5176	674.65	-0.00051678	7.489e-05	0.093253	supercritical
460.0	849.5	782.38	0.0012782	399.42	508.0	1.5944	0.92327	1.5171	676.16	-0.00077331	7.5082e-05	0.093437	supercritical
460.0	852.75	783.55	0.0012763	399.17	508.01	1.5935	0.9234	1.5165	677.66	-0.0010273	7.5273e-05	0.09362	supercritical
460.0	856.0	784.7	0.0012744	398.93	508.01	1.5926	0.92354	1.516	679.16	-0.0012788	7.5464e-05	0.093804	supercritical
460.0	859.25	785.86	0.0012725	398.68	508.02	1.5917	0.92368	1.5154	680.66	-0.0015278	7.5654e-05	0.093987	supercritical
460.0	862.5	787.01	0.0012706	398.44	508.03	1.5908	0.92382	1.5149	682.15	-0.0017744	7.5844e-05	0.09417	supercritical
460.0	865.75	788.15	0.0012688	398.19	508.04	1.5899	0.92395	1.5143	683.64	-0.0020185	7.6034e-05	0.094352	supercritical
460.0	869.0	789.29	0.001267	397.95	508.05	1.5891	0.92409	1.5138	685.12	-0.0022603	7.6223e-05	0.094534	supercritical
460.0	872.25	790.42	0.0012652	397.71	508.06	1.5882	0.92423	1.5133	686.6	-0.0024997	7.6412e-05	0.094715	supercritical
460.0	875.5	791.54	0.0012634	397.47	508.07	1.5873	0.92437	1.5127	688.08	-0.0027368	7.6601e-05	0.094897	supercritical
460.0	878.75	792.66	0.0012616	397.23	508.09	1.5865	0.92451	1.5122	689.56	-0.0029716	7.6789e-05	0.095078	supercritical
460.0	882.0	793.78	0.0012598	396.99	508.1	1.5856	0.92464	1.5117	691.03	-0.0032042	7.6977e-05	0.095258	supercritical
460.0	885.25	794.89	0.001258	396.75	508.12	1.5848	0.92478	1.5112	692.49	-0.0034345	7.7165e-05	0.095438	supercritical
460.0	888.5	795.99	0.0012563	396.51	508.14	1.5839	0.92492	1.5107	693.96	-0.0036626	7.7353e-05	0.095618	supercritical
460.0	891.75	797.09	0.0012546	396.28	508.15	1.5831	0.92506	1.5102	695.42	-0.0038886	7.754e-05	0.095798	supercritical
460.0	895.0	798.19	0.0012528	396.04	508.17	1.5822	0.9252	1.5097	696.87	-0.0041124	7.7726e-05	0.095977	supercritical
460.0	898.25	799.28	0.0012511	395.81	508.19	1.5814	0.92533	1.5092	698.32	-0.004334	7.7913e-05	0.096156	supercritical
460.0	901.5	800.36	0.0012494	395.58	508.22	1.5805	0.92547	1.5087	699.77	-0.0045536	7.8099e-05	0.096334	supercritical
460.0	904.75	801.44	0.0012478	395.35	508.24	1.5797	0.92561	1.5082	701.22	-0.0047711	7.8285e-05	0.096513	supercritical
460.0	908.0	802.52	0.0012461	395.12	508.26	1.5789	0.92575	1.5077	702.66	-0.0049866	7.847e-05	0.096691	supercritical
460.0	911.25	803.59	0.0012444	394.89	508.29	1.5781	0.92589	1.5072	704.1	-0.0052001	7.8655e-05	0.096868	supercritical
460.0	914.5	804.65	0.0012428	394.66	508.31	1.5772	0.92603	1.5067	705.53	-0.0054116	7.884e-05	0.097046	supercritical
460.0	917.75	805.71	0.0012411	394.43	508.34	1.5764	0.92617	1.5062	706.97	-0.0056211	7.9025e-05	0.097223	supercritical
460.0	921.0	806.77	0.0012395	394.21	508.37	1.5756	0.92631	1.5057	708.39	-0.0058286	7.9209e-05	0.097399	supercritical
460.0	924.25	807.82	0.0012379	393.98	508.4	1.5748	0.92644	1.5053	709.82	-0.0060343	7.9393e-05	0.097576	supercritical
460.0	927.5	808.86	0.0012363	393.76	508.43	1.574	0.92658	1.5048	711.24	-0.006238	7.9577e-05	0.097752	supercritical
460.0	930.75	809.9	0.0012347	393.54	508.46	1.5732	0.92672	1.5043	712.66	-0.0064399	7.976e-05	0.097927	supercritical
460.0	934.0	810.94	0.0012331	393.32	508.49	1.5724	0.92686	1.5039	714.07	-0.00664	7.9943e-05	0.098103	supercritical
460.0	937.25	811.97	0.0012316	393.09	508.52	1.5716	0.927	1.5034	715.48	-0.0068382	8.0126e-05	0.098278	supercritical
460.0	940.5	813.0	0.00123	392.87	508.56	1.5708	0.92714	1.503	716.89	-0.0070346	8.0308e-05	0.098453	supercritical
460.0	943.75	814.02	0.0012285	392.66	508.59	1.57	0.92728	1.5025	718.3	-0.0072293	8.0491e-05	0.098628	supercritical
460.0	947.0	815.04	0.0012269	392.44	508.63	1.5692	0.92742	1.5021	719.7	-0.0074222	8.0673e-05	0.098802	supercritical
460.0	950.25	816.05	0.0012254	392.22	508.66	1.5684	0.92756	1.5016	721.09	-0.0076133	8.0854e-05	0.098976	supercritical
460.0	953.5	817.06	0.0012239	392.0	508.7	1.5676	0.9277	1.5012	722.49	-0.0078028	8.1036e-05	0.09915	supercritical
460.0	956.75	818.07	0.0012224	391.79	508.74	1.5668	0.92784	1.5007	723.88	-0.0079905	8.1217e-05	0.099323	supercritical
460.0	960.0	819.07	0.0012209	391.57	508.78	1.5661	0.92798	1.5003	725.27	-0.0081766	8.1398e-05	0.099496	supercritical
460.0	963.25	820.07	0.0012194	391.36	508.82	1.5653	0.92812	1.4998	726.65	-0.008361	8.1578e-05	0.099669	supercritical
460.0	966.5	821.06	0.0012179	391.15	508.86	1.5645	0.92826	1.4994	728.03	-0.0085438	8.1758e-05	0.099842	supercritical
460.0	969.75	822.05	0.0012165	390.94	508.9	1.5638	0.9284	1.499	729.41	-0.008725	8.1938e-05	0.10001	supercritical
460.0	973.0	823.03	0.001215	390.73	508.95	1.563	0.92854	1.4986	730.79	-0.0089046	8.2118e-05	0.10019	supercritical
460.0	976.25	824.01	0.0012136	390.52	508.99	1.5622	0.92868	1.4981	732.16	-0.0090826	8.2298e-05	0.10036	supercritical
460.0	979.5	824.99	0.0012121	390.31	509.04	1.5615	0.92882	1.4977	733.53	-0.009259	8.2477e-05	0.10053	supercritical
460.0	982.75	825.96	0.0012107	390.1	509.08	1.5607	0.92896	1.4973	734.89	-0.009434	8.2656e-05	0.1007	supercritical
460.0	986.0	826.93	0.0012093	389.89	509.13	1.56	0.9291	1.4969	736.25	-0.0096074	8.2834e-05	0.10087	supercritical
460.0	989.25	827.89	0.0012079	389.68	509.17	1.5592	0.92924	1.4965	737.61	-0.0097793	8.3013e-05	0.10104	supercritical
460.0	992.5	828.85	0.0012065	389.48	509.22	1.5585	0.92938	1.4961	738.97	-0.0099497	8.3191e-05	0.10121	supercritical
460.0	995.75	829.81	0.0012051	389.27	509.27	1.5577	0.92952	1.4957	740.32	-0.010119	8.3369e-05	0.10138	supercritical
460.0	999.0	830.76	0.0012037	389.07	509.32	1.557	0.92966	1.4953	741.67	-0.010286	8.3546e-05	0.10155	supercritical
460.0	1002.2	831.71	0.0012023	388.87	509.37	1.5562	0.9298	1.4949	743.02	-0.010452	8.3724e-05	0.10172	supercritical
460.0	1005.5	832.65	0.001201	388.66	509.42	1.5555	0.92994	1.4945	744.36	-0.010617	8.3901e-05	0.10189	supercritical
460.0	1008.8	833.59	0.0011996	388.46	509.47	1.5547	0.93008	1.4941	745.7	-0.01078	8.4078e-05	0.10206	supercritical
460.0	1012.0	834.53	0.0011983	388.26	509.53	1.554	0.93022	1.4937	747.04	-0.010942	8.4255e-05	0.10223	supercritical
460.0	1015.2	835.46	0.0011969	388.06	509.58	1.5533	0.93036	1.4933	748.37	-0.011103	8.4431e-05	0.1024	supercritical
460.0	1018.5	836.39	0.0011956	387.86	509.63	1.5526	0.9305	1.4929	749.7	-0.011262	8.4607e-05	0.10257	supercritical
460.0	1021.8	837.32	0.0011943	387.66	509.69	1.5518	0.93064	1.4925	751.03	-0.01142	8.4783e-05	0.10274	supercritical
460.0	1025.0	838.24	0.001193	387.47	509.75	1.5511	0.93078	1.4922	752.35	-0.011576	8.4959e-05	0.10291	supercritical
460.0	1028.2	839.16	0.0011917	387.27	509.8	1.5504	0.93093	1.4918	753.68	-0.011731	8.5134e-05	0.10307	supercritical
460.0	1031.5	840.08	0.0011904	387.07	509.86	1.5497	0.93107	1.4914	755.0	-0.011885	8.531e-05	0.10324	supercritical
460.0	1034.8	840.99	0.0011891	386.88	509.92	1.549	0.93121	1.491	756.31	-0.012038	8.5485e-05	0.10341	supercritical
460.0	1038.0	841.9	0.0011878	386.68	509.98	1.5482	0.93135	1.4907	757.62	-0.012189	8.5659e-05	0.10358	supercritical
460.0	1041.2	842.8	0.0011865	386.49	510.04	1.5475	0.93149	1.4903	758.94	-0.01234	8.5834e-05	0.10374	supercritical
460.0	1044.5	843.7	0.0011853	386.3	510.1	1.5468	0.93163	1.49	760.24	-0.012489	8.6008e-05	0.10391	supercritical
460.0	1047.8	844.6	0.001184	386.1	510.16	1.5461	0.93177	1.4896	761.55	-0.012636	8.6182e-05	0.10408	supercritical
460.0	1051.0	845.49	0.0011827	385.91	510.22	1.5454	0.93191	1.4892	762.85	-0.012783	8.6356e-05	0.10424	supercritical
460.0	1054.2	846.38	0.0011815	385.72	510.28	1.5447	0.93205	1.4889	764.15	-0.012928	8.653e-05	0.10441	supercritical
460.0	1057.5	847.27	0.0011803	385.53	510.34	1.544	0.9322	1.4885	765.44	-0.013072	8.6703e-05	0.10457	supercritical
460.0	1060.8	848.16	0.001179	385.34	510.41	1.5433	0.93234	1.4882	766.73	-0.013215	8.6877e-05	0.10474	supercritical
460.0	1064.0	849.04	0.0011778	385.15	510.47	1.5426	0.93248	1.4878	768.02	-0.013357	8.705e-05	0.10491	supercritical
460.0	1067.2	849.91	0.0011766	384.96	510.54	1.5419	0.93262	1.4875	769.31	-0.013498	8.7222e-05	0.10507	supercritical
460.0	1070.5	850.79	0.0011754	384.78	510.6	1.5413	0.93276	1.4871	770.6	-0.013637	8.7395e-05	0.10524	supercritical
460.0	1073.8	851.66	0.0011742	384.59	510.67	1.5406	0.9329	1.4868	771.88	-0.013776	8.7567e-05	0.1054	supercritical
460.0	1077.0	852.53	0.001173	384.4	510.73	1.5399	0.93305	1.4865	773.16	-0.013913	8.7739e-05	0.10557	supercritical
460.0	1080.2	853.39	0.0011718	384.22	510.8	1.5392	0.93319	1.4861	774.43	-0.01405	8.7911e-05	0.10573	supercritical
460.0	1083.5	854.25	0.0011706	384.03	510.87	1.5385	0.93333	1.4858	775.7	-0.014185	8.8083e-05	0.10589	supercritical
460.0	1086.8	855.11	0.0011694	383.85	510.94	1.5379	0.93347	1.4855	776.97	-0.014319	8.8255e-05	0.10606	supercritical
460.0	1090.0	855.97	0.0011683	383.67	511.01	1.5372	0.93361	1.4851	778.24	-0.014452	8.8426e-05	0.10622	supercritical
460.0	1093.2	856.82	0.0011671	383.48	511.08	1.5365	0.93375	1.4848	779.51	-0.014584	8.8597e-05	0.10639	supercritical
460.0	1096.5	857.67	0.001166	383.3	511.15	1.5358	0.9339	1.4845	780.77	-0.014715	8.8768e-05	0.10655	supercritical
460.0	1099.8	858.51	0.0011648	383.12	511.22	1.5352	0.93404	1.4842	782.03	-0.014845	8.8939e-05	0.10671	supercritical
460.0	1103.0	859.36	0.0011637	382.94	511.29	1.5345	0.93418	1.4838	783.28	-0.014974	8.9109e-05	0.10687	supercritical
460.0	1106.2	860.2	0.0011625	382.76	511.36	1.5338	0.93432	1.4835	784.54	-0.015102	8.9279e-05	0.10704	supercritical
460.0	1109.5	861.03	0.0011614	382.58	511.44	1.5332	0.93446	1.4832	785.79	-0.015229	8.9449e-05	0.1072	supercritical
460.0	1112.8	861.87	0.0011603	382.4	511.51	1.5325	0.93461	1.4829	787.04	-0.015355	8.9619e-05	0.10736	supercritical
460.0	1116.0	862.7	0.0011592	382.22	511.59	1.5319	0.93475	1.4826	788.28	-0.015481	8.9789e-05	0.10752	supercritical
460.0	1119.2	863.53	0.001158	382.05	511.66	1.5312	0.93489	1.4823	789.53	-0.015605	8.9959e-05	0.10769	supercritical
460.0	1122.5	864.35	0.0011569	381.87	511.74	1.5305	0.93503	1.482	790.77	-0.015728	9.0128e-05	0.10785	supercritical
460.0	1125.8	865.17	0.0011558	381.69	511.81	1.5299	0.93518	1.4816	792.01	-0.01585	9.0297e-05	0.10801	supercritical
460.0	1129.0	865.99	0.0011547	381.52	511.89	1.5292	0.93532	1.4813	793.24	-0.015972	9.0466e-05	0.10817	supercritical
460.0	1132.2	866.81	0.0011537	381.34	511.97	1.5286	0.93546	1.481	794.47	-0.016092	9.0635e-05	0.10833	supercritical
460.0	1135.5	867.62	0.0011526	381.17	512.04	1.528	0.9356	1.4807	795.7	-0.016212	9.0803e-05	0.10849	supercritical
460.0	1138.8	868.43	0.0011515	381.0	512.12	1.5273	0.93574	1.4804	796.93	-0.01633	9.0972e-05	0.10866	supercritical
460.0	1142.0	869.24	0.0011504	380.82	512.2	1.5267	0.93589	1.4801	798.16	-0.016448	9.114e-05	0.10882	supercritical
460.0	1145.2	870.05	0.0011494	380.65	512.28	1.526	0.93603	1.4799	799.38	-0.016565	9.1308e-05	0.10898	supercritical
460.0	1148.5	870.85	0.0011483	380.48	512.36	1.5254	0.93617	1.4796	800.6	-0.016681	9.1476e-05	0.10914	supercritical
460.0	1151.8	871.65	0.0011472	380.31	512.44	1.5248	0.93631	1.4793	801.82	-0.016796	9.1644e-05	0.1093	supercritical
460.0	1155.0	872.45	0.0011462	380.14	512.52	1.5241	0.93646	1.479	803.03	-0.01691	9.1811e-05	0.10946	supercritical
460.0	1158.2	873.24	0.0011452	379.97	512.6	1.5235	0.9366	1.4787	804.24	-0.017024	9.1978e-05	0.10962	supercritical
460.0	1161.5	874.03	0.0011441	379.8	512.69	1.5229	0.93674	1.4784	805.45	-0.017137	9.2146e-05	0.10978	supercritical
460.0	1164.8	874.82	0.0011431	379.63	512.77	1.5222	0.93688	1.4781	806.66	-0.017248	9.2313e-05	0.10994	supercritical
460.0	1168.0	875.61	0.0011421	379.46	512.85	1.5216	0.93703	1.4779	807.87	-0.017359	9.2479e-05	0.1101	supercritical
460.0	1171.2	876.39	0.001141	379.29	512.93	1.521	0.93717	1.4776	809.07	-0.01747	9.2646e-05	0.11026	supercritical
460.0	1174.5	877.18	0.00114	379.12	513.02	1.5204	0.93731	1.4773	810.27	-0.017579	9.2812e-05	0.11041	supercritical
460.0	1177.8	877.95	0.001139	378.96	513.1	1.5197	0.93746	1.477	811.47	-0.017688	9.2979e-05	0.11057	supercritical
460.0	1181.0	878.73	0.001138	378.79	513.19	1.5191	0.9376	1.4767	812.66	-0.017795	9.3145e-05	0.11073	supercritical
460.0	1184.2	879.5	0.001137	378.62	513.27	1.5185	0.93774	1.4765	813.85	-0.017903	9.3311e-05	0.11089	supercritical
460.0	1187.5	880.28	0.001136	378.46	513.36	1.5179	0.93788	1.4762	815.04	-0.018009	9.3477e-05	0.11105	supercritical
460.0	1190.8	881.04	0.001135	378.29	513.45	1.5173	0.93803	1.4759	816.23	-0.018114	9.3642e-05	0.11121	supercritical
460.0	1194.0	881.81	0.001134	378.13	513.53	1.5167	0.93817	1.4757	817.42	-0.018219	9.3808e-05	0.11137	supercritical
460.0	1197.2	882.58	0.001133	377.97	513.62	1.516	0.93831	1.4754	818.6	-0.018323	9.3973e-05	0.11152	supercritical
460.0	1200.5	883.34	0.0011321	377.8	513.71	1.5154	0.93846	1.4751	819.78	-0.018427	9.4138e-05	0.11168	supercritical
460.0	1203.8	884.1	0.0011311	377.64	513.8	1.5148	0.9386	1.4749	820.96	-0.018529	9.4303e-05	0.11184	supercritical
460.0	1207.0	884.85	0.0011301	377.48	513.89	1.5142	0.93874	1.4746	822.14	-0.018631	9.4468e-05	0.112	supercritical
460.0	1210.2	885.61	0.0011292	377.32	513.98	1.5136	0.93888	1.4744	823.31	-0.018732	9.4632e-05	0.11215	supercritical
460.0	1213.5	886.36	0.0011282	377.16	514.07	1.513	0.93903	1.4741	824.48	-0.018833	9.4797e-05	0.11231	supercritical
460.0	1216.8	887.11	0.0011273	377.0	514.16	1.5124	0.93917	1.4739	825.65	-0.018932	9.4961e-05	0.11247	supercritical
460.0	1220.0	887.85	0.0011263	376.84	514.25	1.5118	0.93931	1.4736	826.82	-0.019031	9.5125e-05	0.11263	supercritical
460.0	1223.2	888.6	0.0011254	376.68	514.34	1.5112	0.93946	1.4734	827.98	-0.01913	9.5289e-05	0.11278	supercritical
460.0	1226.5	889.34	0.0011244	376.52	514.43	1.5106	0.9396	1.4731	829.15	-0.019227	9.5453e-05	0.11294	supercritical
460.0	1229.8	890.08	0.0011235	376.36	514.52	1.51	0.93974	1.4729	830.31	-0.019325	9.5617e-05	0.11309	supercritical
460.0	1233.0	890.82	0.0011226	376.2	514.62	1.5094	0.93989	1.4726	831.46	-0.019421	9.5781e-05	0.11325	supercritical
460.0	1236.2	891.55	0.0011216	376.05	514.71	1.5089	0.94003	1.4724	832.62	-0.019517	9.5944e-05	0.11341	supercritical
460.0	1239.5	892.29	0.0011207	375.89	514.8	1.5083	0.94017	1.4721	833.77	-0.019612	9.6107e-05	0.11356	supercritical
460.0	1242.8	893.02	0.0011198	375.73	514.9	1.5077	0.94031	1.4719	834.92	-0.019706	9.627e-05	0.11372	supercritical
460.0	1246.0	893.75	0.0011189	375.58	514.99	1.5071	0.94046	1.4716	836.07	-0.0198	9.6433e-05	0.11387	supercritical
460.0	1249.2	894.47	0.001118	375.42	515.09	1.5065	0.9406	1.4714	837.22	-0.019893	9.6596e-05	0.11403	supercritical
460.0	1252.5	895.2	0.0011171	375.27	515.18	1.5059	0.94074	1.4712	838.36	-0.019985	9.6759e-05	0.11419	supercritical
460.0	1255.8	895.92	0.0011162	375.11	515.28	1.5053	0.94089	1.4709	839.5	-0.020077	9.6921e-05	0.11434	supercritical
460.0	1259.0	896.64	0.0011153	374.96	515.37	1.5048	0.94103	1.4707	840.64	-0.020168	9.7084e-05	0.1145	supercritical
460.0	1262.2	897.36	0.0011144	374.81	515.47	1.5042	0.94117	1.4705	841.78	-0.020259	9.7246e-05	0.11465	supercritical
460.0	1265.5	898.07	0.0011135	374.65	515.57	1.5036	0.94132	1.4702	842.92	-0.020349	9.7408e-05	0.11481	supercritical
460.0	1268.8	898.79	0.0011126	374.5	515.67	1.503	0.94146	1.47	844.05	-0.020438	9.757e-05	0.11496	supercritical
460.0	1272.0	899.5	0.0011117	374.35	515.76	1.5025	0.9416	1.4698	845.18	-0.020527	9.7732e-05	0.11512	supercritical
460.0	1275.2	900.21	0.0011109	374.2	515.86	1.5019	0.94175	1.4695	846.31	-0.020616	9.7894e-05	0.11527	supercritical
460.0	1278.5	900.91	0.00111	374.05	515.96	1.5013	0.94189	1.4693	847.44	-0.020703	9.8055e-05	0.11542	supercritical
460.0	1281.8	901.62	0.0011091	373.9	516.06	1.5008	0.94203	1.4691	848.56	-0.02079	9.8217e-05	0.11558	supercritical
460.0	1285.0	902.32	0.0011083	373.75	516.16	1.5002	0.94218	1.4689	849.69	-0.020877	9.8378e-05	0.11573	supercritical
460.0	1288.2	903.02	0.0011074	373.6	516.26	1.4996	0.94232	1.4686	850.81	-0.020963	9.8539e-05	0.11589	supercritical
460.0	1291.5	903.72	0.0011065	373.45	516.36	1.4991	0.94246	1.4684	851.93	-0.021048	9.87e-05	0.11604	supercritical
460.0	1294.8	904.42	0.0011057	373.3	516.46	1.4985	0.94261	1.4682	853.04	-0.021133	9.8861e-05	0.11619	supercritical
460.0	1298.0	905.11	0.0011048	373.15	516.56	1.4979	0.94275	1.468	854.16	-0.021217	9.9022e-05	0.11635	supercritical
460.0	1301.2	905.8	0.001104	373.0	516.66	1.4974	0.94289	1.4678	855.27	-0.021301	9.9182e-05	0.1165	supercritical
460.0	1304.5	906.5	0.0011031	372.86	516.76	1.4968	0.94304	1.4675	856.38	-0.021384	9.9343e-05	0.11665	supercritical
460.0	1307.8	907.18	0.0011023	372.71	516.87	1.4963	0.94318	1.4673	857.49	-0.021467	9.9503e-05	0.11681	supercritical
460.0	1311.0	907.87	0.0011015	372.56	516.97	1.4957	0.94332	1.4671	858.59	-0.021549	9.9663e-05	0.11696	supercritical
460.0	1314.2	908.56	0.0011006	372.42	517.07	1.4951	0.94347	1.4669	859.7	-0.02163	9.9824e-05	0.11711	supercritical
460.0	1317.5	909.24	0.0010998	372.27	517.17	1.4946	0.94361	1.4667	860.8	-0.021711	9.9984e-05	0.11727	supercritical
460.0	1320.8	909.92	0.001099	372.13	517.28	1.494	0.94375	1.4665	861.9	-0.021792	0.00010014	0.11742	supercritical
460.0	1324.0	910.6	0.0010982	371.98	517.38	1.4935	0.9439	1.4663	863.0	-0.021872	0.0001003	0.11757	supercritical
460.0	1327.2	911.27	0.0010974	371.84	517.49	1.4929	0.94404	1.4661	864.09	-0.021952	0.00010046	0.11772	supercritical
460.0	1330.5	911.95	0.0010966	371.7	517.59	1.4924	0.94418	1.4659	865.19	-0.022031	0.00010062	0.11788	supercritical
460.0	1333.8	912.62	0.0010957	371.55	517.7	1.4919	0.94433	1.4657	866.28	-0.022109	0.00010078	0.11803	supercritical
460.0	1337.0	913.29	0.0010949	371.41	517.8	1.4913	0.94447	1.4655	867.37	-0.022187	0.00010094	0.11818	supercritical
460.0	1340.2	913.96	0.0010941	371.27	517.91	1.4908	0.94461	1.4653	868.46	-0.022265	0.0001011	0.11833	supercritical
460.0	1343.5	914.63	0.0010933	371.12	518.01	1.4902	0.94476	1.4651	869.54	-0.022342	0.00010126	0.11848	supercritical
460.0	1346.8	915.3	0.0010925	370.98	518.12	1.4897	0.9449	1.4649	870.63	-0.022418	0.00010142	0.11864	supercritical
460.0	1350.0	915.96	0.0010918	370.84	518.23	1.4891	0.94505	1.4647	871.71	-0.022494	0.00010158	0.11879	supercritical
460.0	1353.2	916.62	0.001091	370.7	518.33	1.4886	0.94519	1.4645	872.79	-0.02257	0.00010174	0.11894	supercritical
460.0	1356.5	917.28	0.0010902	370.56	518.44	1.4881	0.94533	1.4643	873.87	-0.022645	0.00010189	0.11909	supercritical
460.0	1359.8	917.94	0.0010894	370.42	518.55	1.4875	0.94548	1.4641	874.94	-0.02272	0.00010205	0.11924	supercritical
460.0	1363.0	918.6	0.0010886	370.28	518.66	1.487	0.94562	1.4639	876.02	-0.022794	0.00010221	0.11939	supercritical
460.0	1366.2	919.25	0.0010878	370.14	518.77	1.4865	0.94576	1.4637	877.09	-0.022868	0.00010237	0.11954	supercritical
460.0	1369.5	919.9	0.0010871	370.0	518.88	1.4859	0.94591	1.4635	878.16	-0.022941	0.00010253	0.11969	supercritical
460.0	1372.8	920.56	0.0010863	369.86	518.99	1.4854	0.94605	1.4633	879.23	-0.023014	0.00010268	0.11984	supercritical
460.0	1376.0	921.21	0.0010855	369.73	519.09	1.4849	0.94619	1.4631	880.3	-0.023086	0.00010284	0.12	supercritical
460.0	1379.2	921.85	0.0010848	369.59	519.2	1.4843	0.94634	1.4629	881.36	-0.023158	0.000103	0.12015	supercritical
460.0	1382.5	922.5	0.001084	369.45	519.32	1.4838	0.94648	1.4627	882.43	-0.02323	0.00010316	0.1203	supercritical
460.0	1385.8	923.14	0.0010833	369.31	519.43	1.4833	0.94662	1.4626	883.49	-0.023301	0.00010331	0.12045	supercritical
460.0	1389.0	923.79	0.0010825	369.18	519.54	1.4828	0.94677	1.4624	884.55	-0.023371	0.00010347	0.1206	supercritical
460.0	1392.2	924.43	0.0010818	369.04	519.65	1.4822	0.94691	1.4622	885.6	-0.023442	0.00010363	0.12075	supercritical
460.0	1395.5	925.07	0.001081	368.91	519.76	1.4817	0.94705	1.462	886.66	-0.023511	0.00010379	0.1209	supercritical
460.0	1398.8	925.7	0.0010803	368.77	519.87	1.4812	0.9472	1.4618	887.71	-0.023581	0.00010394	0.12105	supercritical
460.0	1402.0	926.34	0.0010795	368.63	519.98	1.4807	0.94734	1.4616	888.77	-0.02365	0.0001041	0.1212	supercritical
460.0	1405.2	926.97	0.0010788	368.5	520.1	1.4802	0.94748	1.4615	889.82	-0.023718	0.00010426	0.12135	supercritical
460.0	1408.5	927.6	0.001078	368.37	520.21	1.4797	0.94763	1.4613	890.86	-0.023786	0.00010441	0.1215	supercritical
460.0	1411.8	928.24	0.0010773	368.23	520.32	1.4791	0.94777	1.4611	891.91	-0.023854	0.00010457	0.12165	supercritical
460.0	1415.0	928.86	0.0010766	368.1	520.44	1.4786	0.94791	1.4609	892.96	-0.023922	0.00010473	0.12179	supercritical
460.0	1418.2	929.49	0.0010759	367.97	520.55	1.4781	0.94806	1.4608	894.0	-0.023988	0.00010488	0.12194	supercritical
460.0	1421.5	930.12	0.0010751	367.83	520.66	1.4776	0.9482	1.4606	895.04	-0.024055	0.00010504	0.12209	supercritical
460.0	1424.8	930.74	0.0010744	367.7	520.78	1.4771	0.94834	1.4604	896.08	-0.024121	0.0001052	0.12224	supercritical
460.0	1428.0	931.36	0.0010737	367.57	520.89	1.4766	0.94849	1.4602	897.12	-0.024187	0.00010535	0.12239	supercritical
460.0	1431.2	931.98	0.001073	367.44	521.01	1.4761	0.94863	1.4601	898.15	-0.024252	0.00010551	0.12254	supercritical
460.0	1434.5	932.6	0.0010723	367.31	521.12	1.4756	0.94877	1.4599	899.19	-0.024317	0.00010566	0.12269	supercritical
460.0	1437.8	933.22	0.0010716	367.17	521.24	1.4751	0.94892	1.4597	900.22	-0.024382	0.00010582	0.12284	supercritical
460.0	1441.0	933.84	0.0010708	367.04	521.35	1.4746	0.94906	1.4596	901.25	-0.024446	0.00010598	0.12299	supercritical
460.0	1444.2	934.45	0.0010701	366.91	521.47	1.474	0.9492	1.4594	902.28	-0.02451	0.00010613	0.12313	supercritical
460.0	1447.5	935.07	0.0010694	366.78	521.59	1.4735	0.94935	1.4592	903.3	-0.024573	0.00010629	0.12328	supercritical
460.0	1450.8	935.68	0.0010687	366.65	521.7	1.473	0.94949	1.4591	904.33	-0.024636	0.00010644	0.12343	supercritical
460.0	1454.0	936.29	0.001068	366.53	521.82	1.4725	0.94963	1.4589	905.35	-0.024699	0.0001066	0.12358	supercritical
460.0	1457.2	936.9	0.0010674	366.4	521.94	1.472	0.94978	1.4587	906.38	-0.024762	0.00010675	0.12373	supercritical
460.0	1460.5	937.5	0.0010667	366.27	522.05	1.4715	0.94992	1.4586	907.4	-0.024824	0.00010691	0.12388	supercritical
460.0	1463.8	938.11	0.001066	366.14	522.17	1.471	0.95006	1.4584	908.41	-0.024885	0.00010706	0.12402	supercritical
460.0	1467.0	938.71	0.0010653	366.01	522.29	1.4706	0.95021	1.4582	909.43	-0.024947	0.00010722	0.12417	supercritical
460.0	1470.2	939.31	0.0010646	365.88	522.41	1.4701	0.95035	1.4581	910.45	-0.025008	0.00010737	0.12432	supercritical
460.0	1473.5	939.91	0.0010639	365.76	522.53	1.4696	0.95049	1.4579	911.46	-0.025068	0.00010753	0.12447	supercritical
460.0	1476.8	940.51	0.0010632	365.63	522.65	1.4691	0.95064	1.4578	912.47	-0.025128	0.00010768	0.12461	supercritical
460.0	1480.0	941.11	0.0010626	365.5	522.77	1.4686	0.95078	1.4576	913.48	-0.025188	0.00010784	0.12476	supercritical
460.0	1483.2	941.71	0.0010619	365.38	522.89	1.4681	0.95092	1.4575	914.49	-0.025248	0.00010799	0.12491	supercritical
460.0	1486.5	942.3	0.0010612	365.25	523.0	1.4676	0.95107	1.4573	915.5	-0.025307	0.00010815	0.12506	supercritical
460.0	1489.8	942.9	0.0010606	365.13	523.12	1.4671	0.95121	1.4571	916.5	-0.025366	0.0001083	0.1252	supercritical
460.0	1493.0	943.49	0.0010599	365.0	523.25	1.4666	0.95135	1.457	917.5	-0.025425	0.00010845	0.12535	supercritical
460.0	1496.2	944.08	0.0010592	364.88	523.37	1.4661	0.9515	1.4568	918.51	-0.025483	0.00010861	0.1255	supercritical
460.0	1499.5	944.67	0.0010586	364.75	523.49	1.4656	0.95164	1.4567	919.51	-0.025541	0.00010876	0.12564	supercritical
460.0	1502.8	945.26	0.0010579	364.63	523.61	1.4652	0.95178	1.4565	920.51	-0.025598	0.00010892	0.12579	supercritical
460.0	1506.0	945.84	0.0010573	364.51	523.73	1.4647	0.95193	1.4564	921.5	-0.025656	0.00010907	0.12594	supercritical
460.0	1509.2	946.43	0.0010566	364.38	523.85	1.4642	0.95207	1.4562	922.5	-0.025713	0.00010922	0.12608	supercritical
460.0	1512.5	947.01	0.001056	364.26	523.97	1.4637	0.95221	1.4561	923.49	-0.025769	0.00010938	0.12623	supercritical
460.0	1515.8	947.59	0.0010553	364.14	524.09	1.4632	0.95236	1.4559	924.48	-0.025826	0.00010953	0.12638	supercritical
460.0	1519.0	948.17	0.0010547	364.01	524.22	1.4628	0.9525	1.4558	925.47	-0.025882	0.00010968	0.12652	supercritical
460.0	1522.2	948.75	0.001054	363.89	524.34	1.4623	0.95264	1.4556	926.46	-0.025937	0.00010984	0.12667	supercritical
460.0	1525.5	949.33	0.0010534	363.77	524.46	1.4618	0.95279	1.4555	927.45	-0.025993	0.00010999	0.12682	supercritical
460.0	1528.8	949.91	0.0010527	363.65	524.59	1.4613	0.95293	1.4553	928.44	-0.026048	0.00011014	0.12696	supercritical
460.0	1532.0	950.48	0.0010521	363.53	524.71	1.4608	0.95307	1.4552	929.42	-0.026103	0.0001103	0.12711	supercritical
460.0	1535.2	951.06	0.0010515	363.41	524.83	1.4604	0.95321	1.4551	930.4	-0.026157	0.00011045	0.12725	supercritical
460.0	1538.5	951.63	0.0010508	363.29	524.96	1.4599	0.95336	1.4549	931.38	-0.026211	0.0001106	0.1274	supercritical
460.0	1541.8	952.2	0.0010502	363.17	525.08	1.4594	0.9535	1.4548	932.36	-0.026265	0.00011076	0.12754	supercritical
460.0	1545.0	952.77	0.0010496	363.05	525.2	1.459	0.95364	1.4546	933.34	-0.026319	0.00011091	0.12769	supercritical
460.0	1548.2	953.34	0.0010489	362.93	525.33	1.4585	0.95379	1.4545	934.32	-0.026372	0.00011106	0.12784	supercritical
460.0	1551.5	953.9	0.0010483	362.81	525.45	1.458	0.95393	1.4544	935.29	-0.026425	0.00011121	0.12798	supercritical
460.0	1554.8	954.47	0.0010477	362.69	525.58	1.4575	0.95407	1.4542	936.26	-0.026478	0.00011137	0.12813	supercritical
460.0	1558.0	955.03	0.0010471	362.57	525.7	1.4571	0.95422	1.4541	937.24	-0.02653	0.00011152	0.12827	supercritical
460.0	1561.2	955.6	0.0010465	362.45	525.83	1.4566	0.95436	1.4539	938.21	-0.026582	0.00011167	0.12842	supercritical
460.0	1564.5	956.16	0.0010459	362.33	525.95	1.4561	0.9545	1.4538	939.18	-0.026634	0.00011182	0.12856	supercritical
460.0	1567.8	956.72	0.0010452	362.21	526.08	1.4557	0.95464	1.4537	940.14	-0.026686	0.00011198	0.12871	supercritical
460.0	1571.0	957.28	0.0010446	362.1	526.21	1.4552	0.95479	1.4535	941.11	-0.026737	0.00011213	0.12885	supercritical
460.0	1574.2	957.84	0.001044	361.98	526.33	1.4548	0.95493	1.4534	942.07	-0.026788	0.00011228	0.129	supercritical
460.0	1577.5	958.39	0.0010434	361.86	526.46	1.4543	0.95507	1.4533	943.04	-0.026839	0.00011243	0.12914	supercritical
460.0	1580.8	958.95	0.0010428	361.75	526.59	1.4538	0.95522	1.4531	944.0	-0.02689	0.00011258	0.12929	supercritical
460.0	1584.0	959.5	0.0010422	361.63	526.71	1.4534	0.95536	1.453	944.96	-0.02694	0.00011274	0.12943	supercritical
460.0	1587.2	960.06	0.0010416	361.51	526.84	1.4529	0.9555	1.4529	945.91	-0.02699	0.00011289	0.12958	supercritical
460.0	1590.5	960.61	0.001041	361.4	526.97	1.4525	0.95564	1.4527	946.87	-0.02704	0.00011304	0.12972	supercritical
460.0	1593.8	961.16	0.0010404	361.28	527.1	1.452	0.95579	1.4526	947.83	-0.027089	0.00011319	0.12986	supercritical
460.0	1597.0	961.71	0.0010398	361.17	527.22	1.4515	0.95593	1.4525	948.78	-0.027138	0.00011334	0.13001	supercritical
460.0	1600.2	962.26	0.0010392	361.05	527.35	1.4511	0.95607	1.4523	949.73	-0.027187	0.00011349	0.13015	supercritical
460.0	1603.5	962.8	0.0010386	360.94	527.48	1.4506	0.95621	1.4522	950.68	-0.027236	0.00011365	0.1303	supercritical
460.0	1606.8	963.35	0.001038	360.82	527.61	1.4502	0.95636	1.4521	951.63	-0.027284	0.0001138	0.13044	supercritical
460.0	1610.0	963.89	0.0010375	360.71	527.74	1.4497	0.9565	1.452	952.58	-0.027332	0.00011395	0.13059	supercritical
460.0	1613.2	964.44	0.0010369	360.59	527.87	1.4493	0.95664	1.4518	953.53	-0.02738	0.0001141	0.13073	supercritical
460.0	1616.5	964.98	0.0010363	360.48	528.0	1.4488	0.95679	1.4517	954.47	-0.027428	0.00011425	0.13087	supercritical
460.0	1619.8	965.52	0.0010357	360.37	528.13	1.4484	0.95693	1.4516	955.42	-0.027475	0.0001144	0.13102	supercritical
460.0	1623.0	966.06	0.0010351	360.25	528.26	1.4479	0.95707	1.4515	956.36	-0.027523	0.00011455	0.13116	supercritical
460.0	1626.2	966.6	0.0010346	360.14	528.39	1.4475	0.95721	1.4513	957.3	-0.027569	0.0001147	0.1313	supercritical
460.0	1629.5	967.13	0.001034	360.03	528.52	1.447	0.95736	1.4512	958.24	-0.027616	0.00011485	0.13145	supercritical
460.0	1632.8	967.67	0.0010334	359.92	528.65	1.4466	0.9575	1.4511	959.18	-0.027663	0.00011501	0.13159	supercritical
460.0	1636.0	968.2	0.0010328	359.8	528.78	1.4461	0.95764	1.451	960.11	-0.027709	0.00011516	0.13173	supercritical
460.0	1639.2	968.74	0.0010323	359.69	528.91	1.4457	0.95778	1.4509	961.05	-0.027755	0.00011531	0.13188	supercritical
460.0	1642.5	969.27	0.0010317	359.58	529.04	1.4452	0.95793	1.4507	961.98	-0.0278	0.00011546	0.13202	supercritical
460.0	1645.8	969.8	0.0010311	359.47	529.17	1.4448	0.95807	1.4506	962.91	-0.027846	0.00011561	0.13216	supercritical
460.0	1649.0	970.33	0.0010306	359.36	529.3	1.4444	0.95821	1.4505	963.84	-0.027891	0.00011576	0.13231	supercritical
460.0	1652.2	970.86	0.00103	359.25	529.43	1.4439	0.95835	1.4504	964.77	-0.027936	0.00011591	0.13245	supercritical
460.0	1655.5	971.39	0.0010295	359.14	529.57	1.4435	0.95849	1.4503	965.7	-0.027981	0.00011606	0.13259	supercritical
460.0	1658.8	971.91	0.0010289	359.03	529.7	1.443	0.95864	1.4501	966.63	-0.028026	0.00011621	0.13274	supercritical
460.0	1662.0	972.44	0.0010283	358.92	529.83	1.4426	0.95878	1.45	967.55	-0.02807	0.00011636	0.13288	supercritical
460.0	1665.2	972.96	0.0010278	358.81	529.96	1.4422	0.95892	1.4499	968.48	-0.028114	0.00011651	0.13302	supercritical
460.0	1668.5	973.49	0.0010272	358.7	530.09	1.4417	0.95906	1.4498	969.4	-0.028158	0.00011666	0.13316	supercritical
460.0	1671.8	974.01	0.0010267	358.59	530.23	1.4413	0.95921	1.4497	970.32	-0.028202	0.00011681	0.13331	supercritical
460.0	1675.0	974.53	0.0010261	358.48	530.36	1.4408	0.95935	1.4496	971.24	-0.028245	0.00011696	0.13345	supercritical
460.0	1678.2	975.05	0.0010256	358.37	530.49	1.4404	0.95949	1.4494	972.16	-0.028288	0.00011711	0.13359	supercritical
460.0	1681.5	975.57	0.001025	358.27	530.63	1.44	0.95963	1.4493	973.08	-0.028331	0.00011726	0.13373	supercritical
460.0	1684.8	976.09	0.0010245	358.16	530.76	1.4395	0.95977	1.4492	973.99	-0.028374	0.00011741	0.13388	supercritical
460.0	1688.0	976.6	0.001024	358.05	530.89	1.4391	0.95992	1.4491	974.91	-0.028417	0.00011756	0.13402	supercritical
460.0	1691.2	977.12	0.0010234	357.94	531.03	1.4387	0.96006	1.449	975.82	-0.028459	0.00011771	0.13416	supercritical
460.0	1694.5	977.63	0.0010229	357.84	531.16	1.4382	0.9602	1.4489	976.73	-0.028501	0.00011786	0.1343	supercritical
460.0	1697.8	978.15	0.0010223	357.73	531.3	1.4378	0.96034	1.4488	977.64	-0.028543	0.00011801	0.13445	supercritical
460.0	1701.0	978.66	0.0010218	357.62	531.43	1.4374	0.96048	1.4487	978.55	-0.028585	0.00011816	0.13459	supercritical
460.0	1704.2	979.17	0.0010213	357.52	531.57	1.437	0.96063	1.4486	979.46	-0.028626	0.00011831	0.13473	supercritical
460.0	1707.5	979.68	0.0010207	357.41	531.7	1.4365	0.96077	1.4484	980.37	-0.028668	0.00011845	0.13487	supercritical
460.0	1710.8	980.19	0.0010202	357.3	531.84	1.4361	0.96091	1.4483	981.27	-0.028709	0.0001186	0.13501	supercritical
460.0	1714.0	980.7	0.0010197	357.2	531.97	1.4357	0.96105	1.4482	982.18	-0.02875	0.00011875	0.13516	supercritical
460.0	1717.2	981.21	0.0010192	357.09	532.11	1.4352	0.96119	1.4481	983.08	-0.028791	0.0001189	0.1353	supercritical
460.0	1720.5	981.71	0.0010186	356.99	532.24	1.4348	0.96134	1.448	983.98	-0.028831	0.00011905	0.13544	supercritical
460.0	1723.8	982.22	0.0010181	356.88	532.38	1.4344	0.96148	1.4479	984.88	-0.028871	0.0001192	0.13558	supercritical
460.0	1727.0	982.72	0.0010176	356.78	532.51	1.434	0.96162	1.4478	985.78	-0.028912	0.00011935	0.13572	supercritical
460.0	1730.2	983.23	0.0010171	356.67	532.65	1.4335	0.96176	1.4477	986.68	-0.028952	0.0001195	0.13586	supercritical
460.0	1733.5	983.73	0.0010165	356.57	532.79	1.4331	0.9619	1.4476	987.57	-0.028991	0.00011965	0.136	supercritical
460.0	1736.8	984.23	0.001016	356.46	532.92	1.4327	0.96204	1.4475	988.47	-0.029031	0.0001198	0.13615	supercritical
460.0	1740.0	984.73	0.0010155	356.36	533.06	1.4323	0.96219	1.4474	989.36	-0.02907	0.00011994	0.13629	supercritical
460.0	1743.2	985.23	0.001015	356.26	533.2	1.4319	0.96233	1.4473	990.26	-0.029109	0.00012009	0.13643	supercritical
460.0	1746.5	985.73	0.0010145	356.15	533.33	1.4314	0.96247	1.4472	991.15	-0.029148	0.00012024	0.13657	supercritical
460.0	1749.8	986.22	0.001014	356.05	533.47	1.431	0.96261	1.4471	992.04	-0.029187	0.00012039	0.13671	supercritical
460.0	1753.0	986.72	0.0010135	355.95	533.61	1.4306	0.96275	1.447	992.93	-0.029226	0.00012054	0.13685	supercritical
460.0	1756.2	987.21	0.001013	355.84	533.74	1.4302	0.96289	1.4469	993.81	-0.029264	0.00012069	0.13699	supercritical
460.0	1759.5	987.71	0.0010124	355.74	533.88	1.4298	0.96303	1.4468	994.7	-0.029302	0.00012084	0.13713	supercritical
460.0	1762.8	988.2	0.0010119	355.64	534.02	1.4294	0.96318	1.4467	995.59	-0.02934	0.00012098	0.13727	supercritical
460.0	1766.0	988.69	0.0010114	355.54	534.16	1.4289	0.96332	1.4466	996.47	-0.029378	0.00012113	0.13741	supercritical
460.0	1769.2	989.18	0.0010109	355.44	534.3	1.4285	0.96346	1.4465	997.35	-0.029416	0.00012128	0.13755	supercritical
460.0	1772.5	989.67	0.0010104	355.34	534.43	1.4281	0.9636	1.4464	998.23	-0.029453	0.00012143	0.1377	supercritical
460.0	1775.8	990.16	0.0010099	355.23	534.57	1.4277	0.96374	1.4463	999.11	-0.029491	0.00012158	0.13784	supercritical
460.0	1779.0	990.65	0.0010094	355.13	534.71	1.4273	0.96388	1.4462	999.99	-0.029528	0.00012172	0.13798	supercritical
460.0	1782.2	991.14	0.0010089	355.03	534.85	1.4269	0.96402	1.4461	1000.9	-0.029565	0.00012187	0.13812	supercritical
460.0	1785.5	991.62	0.0010084	354.93	534.99	1.4265	0.96417	1.446	1001.7	-0.029602	0.00012202	0.13826	supercritical
460.0	1788.8	992.11	0.001008	354.83	535.13	1.4261	0.96431	1.4459	1002.6	-0.029638	0.00012217	0.1384	supercritical
460.0	1792.0	992.59	0.0010075	354.73	535.27	1.4257	0.96445	1.4458	1003.5	-0.029675	0.00012232	0.13854	supercritical
460.0	1795.2	993.08	0.001007	354.63	535.41	1.4252	0.96459	1.4457	1004.4	-0.029711	0.00012246	0.13868	supercritical
460.0	1798.5	993.56	0.0010065	354.53	535.55	1.4248	0.96473	1.4456	1005.2	-0.029747	0.00012261	0.13882	supercritical
460.0	1801.8	994.04	0.001006	354.43	535.69	1.4244	0.96487	1.4455	1006.1	-0.029783	0.00012276	0.13896	supercritical
460.0	1805.0	994.52	0.0010055	354.33	535.83	1.424	0.96501	1.4454	1007.0	-0.029819	0.00012291	0.1391	supercritical
460.0	1808.2	995.0	0.001005	354.23	535.97	1.4236	0.96515	1.4453	1007.8	-0.029854	0.00012305	0.13924	supercritical
460.0	1811.5	995.48	0.0010045	354.14	536.11	1.4232	0.96529	1.4453	1008.7	-0.02989	0.0001232	0.13938	supercritical
460.0	1814.8	995.96	0.0010041	354.04	536.25	1.4228	0.96544	1.4452	1009.6	-0.029925	0.00012335	0.13952	supercritical
460.0	1818.0	996.43	0.0010036	353.94	536.39	1.4224	0.96558	1.4451	1010.4	-0.02996	0.0001235	0.13966	supercritical
460.0	1821.2	996.91	0.0010031	353.84	536.53	1.422	0.96572	1.445	1011.3	-0.029995	0.00012364	0.1398	supercritical
460.0	1824.5	997.38	0.0010026	353.74	536.67	1.4216	0.96586	1.4449	1012.2	-0.03003	0.00012379	0.13994	supercritical
460.0	1827.8	997.86	0.0010021	353.64	536.81	1.4212	0.966	1.4448	1013.0	-0.030064	0.00012394	0.14008	supercritical
460.0	1831.0	998.33	0.0010017	353.55	536.95	1.4208	0.96614	1.4447	1013.9	-0.030099	0.00012409	0.14022	supercritical
460.0	1834.2	998.8	0.0010012	353.45	537.09	1.4204	0.96628	1.4446	1014.8	-0.030133	0.00012423	0.14036	supercritical
460.0	1837.5	999.28	0.0010007	353.35	537.24	1.42	0.96642	1.4445	1015.6	-0.030167	0.00012438	0.14049	supercritical
460.0	1840.8	999.75	0.0010003	353.26	537.38	1.4196	0.96656	1.4444	1016.5	-0.030201	0.00012453	0.14063	supercritical
460.0	1844.0	1000.2	0.00099978	353.16	537.52	1.4192	0.9667	1.4444	1017.3	-0.030235	0.00012467	0.14077	supercritical
460.0	1847.2	1000.7	0.00099932	353.06	537.66	1.4188	0.96684	1.4443	1018.2	-0.030269	0.00012482	0.14091	supercritical
460.0	1850.5	1001.2	0.00099885	352.97	537.8	1.4184	0.96698	1.4442	1019.0	-0.030302	0.00012497	0.14105	supercritical
460.0	1853.8	1001.6	0.00099838	352.87	537.95	1.418	0.96712	1.4441	1019.9	-0.030335	0.00012512	0.14119	supercritical
460.0	1857.0	1002.1	0.00099792	352.78	538.09	1.4176	0.96726	1.444	1020.7	-0.030369	0.00012526	0.14133	supercritical
460.0	1860.2	1002.6	0.00099746	352.68	538.23	1.4172	0.9674	1.4439	1021.6	-0.030402	0.00012541	0.14147	supercritical
460.0	1863.5	1003.0	0.00099699	352.58	538.37	1.4168	0.96755	1.4438	1022.4	-0.030434	0.00012556	0.14161	supercritical
460.0	1866.8	1003.5	0.00099653	352.49	538.52	1.4164	0.96769	1.4438	1023.3	-0.030467	0.0001257	0.14175	supercritical
460.0	1870.0	1003.9	0.00099607	352.39	538.66	1.416	0.96783	1.4437	1024.1	-0.0305	0.00012585	0.14189	supercritical
460.0	1873.2	1004.4	0.00099562	352.3	538.8	1.4157	0.96797	1.4436	1025.0	-0.030532	0.000126	0.14202	supercritical
460.0	1876.5	1004.9	0.00099516	352.2	538.95	1.4153	0.96811	1.4435	1025.8	-0.030564	0.00012614	0.14216	supercritical
460.0	1879.8	1005.3	0.0009947	352.11	539.09	1.4149	0.96825	1.4434	1026.7	-0.030597	0.00012629	0.1423	supercritical
460.0	1883.0	1005.8	0.00099425	352.02	539.23	1.4145	0.96839	1.4433	1027.5	-0.030629	0.00012644	0.14244	supercritical
460.0	1886.2	1006.2	0.0009938	351.92	539.38	1.4141	0.96853	1.4433	1028.3	-0.03066	0.00012658	0.14258	supercritical
460.0	1889.5	1006.7	0.00099334	351.83	539.52	1.4137	0.96867	1.4432	1029.2	-0.030692	0.00012673	0.14272	supercritical
460.0	1892.8	1007.2	0.00099289	351.74	539.67	1.4133	0.96881	1.4431	1030.0	-0.030724	0.00012687	0.14286	supercritical
460.0	1896.0	1007.6	0.00099245	351.64	539.81	1.4129	0.96895	1.443	1030.9	-0.030755	0.00012702	0.143	supercritical
460.0	1899.2	1008.1	0.000992	351.55	539.95	1.4125	0.96909	1.4429	1031.7	-0.030786	0.00012717	0.14313	supercritical
460.0	1902.5	1008.5	0.00099155	351.46	540.1	1.4121	0.96923	1.4428	1032.5	-0.030818	0.00012731	0.14327	supercritical
460.0	1905.8	1009.0	0.0009911	351.36	540.24	1.4118	0.96937	1.4428	1033.4	-0.030849	0.00012746	0.14341	supercritical
460.0	1909.0	1009.4	0.00099066	351.27	540.39	1.4114	0.96951	1.4427	1034.2	-0.030879	0.00012761	0.14355	supercritical
460.0	1912.2	1009.9	0.00099022	351.18	540.53	1.411	0.96965	1.4426	1035.0	-0.03091	0.00012775	0.14369	supercritical
460.0	1915.5	1010.3	0.00098978	351.09	540.68	1.4106	0.96979	1.4425	1035.9	-0.030941	0.0001279	0.14382	supercritical
460.0	1918.8	1010.8	0.00098933	350.99	540.82	1.4102	0.96993	1.4425	1036.7	-0.030971	0.00012804	0.14396	supercritical
460.0	1922.0	1011.2	0.0009889	350.9	540.97	1.4098	0.97007	1.4424	1037.5	-0.031002	0.00012819	0.1441	supercritical
460.0	1925.2	1011.7	0.00098846	350.81	541.11	1.4095	0.97021	1.4423	1038.3	-0.031032	0.00012834	0.14424	supercritical
460.0	1928.5	1012.1	0.00098802	350.72	541.26	1.4091	0.97035	1.4422	1039.2	-0.031062	0.00012848	0.14438	supercritical
460.0	1931.8	1012.6	0.00098758	350.63	541.4	1.4087	0.97049	1.4421	1040.0	-0.031092	0.00012863	0.14451	supercritical
460.0	1935.0	1013.0	0.00098715	350.54	541.55	1.4083	0.97063	1.4421	1040.8	-0.031121	0.00012877	0.14465	supercritical
460.0	1938.2	1013.5	0.00098671	350.45	541.7	1.4079	0.97077	1.442	1041.6	-0.031151	0.00012892	0.14479	supercritical
460.0	1941.5	1013.9	0.00098628	350.36	541.84	1.4076	0.97091	1.4419	1042.5	-0.031181	0.00012906	0.14493	supercritical
460.0	1944.8	1014.4	0.00098585	350.26	541.99	1.4072	0.97105	1.4418	1043.3	-0.03121	0.00012921	0.14507	supercritical
460.0	1948.0	1014.8	0.00098542	350.17	542.13	1.4068	0.97118	1.4418	1044.1	-0.031239	0.00012936	0.1452	supercritical
460.0	1951.2	1015.2	0.00098499	350.08	542.28	1.4064	0.97132	1.4417	1044.9	-0.031268	0.0001295	0.14534	supercritical
460.0	1954.5	1015.7	0.00098456	349.99	542.43	1.406	0.97146	1.4416	1045.7	-0.031297	0.00012965	0.14548	supercritical
460.0	1957.8	1016.1	0.00098414	349.9	542.57	1.4057	0.9716	1.4415	1046.6	-0.031326	0.00012979	0.14562	supercritical
460.0	1961.0	1016.6	0.00098371	349.82	542.72	1.4053	0.97174	1.4415	1047.4	-0.031355	0.00012994	0.14575	supercritical
460.0	1964.2	1017.0	0.00098329	349.73	542.87	1.4049	0.97188	1.4414	1048.2	-0.031384	0.00013008	0.14589	supercritical
460.0	1967.5	1017.4	0.00098286	349.64	543.02	1.4045	0.97202	1.4413	1049.0	-0.031412	0.00013023	0.14603	supercritical
460.0	1970.8	1017.9	0.00098244	349.55	543.16	1.4042	0.97216	1.4413	1049.8	-0.031441	0.00013037	0.14617	supercritical
460.0	1974.0	1018.3	0.00098202	349.46	543.31	1.4038	0.9723	1.4412	1050.6	-0.031469	0.00013052	0.1463	supercritical
460.0	1977.2	1018.7	0.0009816	349.37	543.46	1.4034	0.97244	1.4411	1051.4	-0.031497	0.00013067	0.14644	supercritical
460.0	1980.5	1019.2	0.00098118	349.28	543.6	1.403	0.97258	1.441	1052.3	-0.031525	0.00013081	0.14658	supercritical
460.0	1983.8	1019.6	0.00098076	349.19	543.75	1.4027	0.97272	1.441	1053.1	-0.031553	0.00013096	0.14671	supercritical
460.0	1987.0	1020.1	0.00098034	349.11	543.9	1.4023	0.97286	1.4409	1053.9	-0.031581	0.0001311	0.14685	supercritical
460.0	1990.2	1020.5	0.00097993	349.02	544.05	1.4019	0.973	1.4408	1054.7	-0.031608	0.00013125	0.14699	supercritical
460.0	1993.5	1020.9	0.00097951	348.93	544.2	1.4016	0.97313	1.4408	1055.5	-0.031636	0.00013139	0.14712	supercritical
460.0	1996.8	1021.3	0.0009791	348.84	544.34	1.4012	0.97327	1.4407	1056.3	-0.031663	0.00013154	0.14726	supercritical
460.0	2000.0	1021.8	0.00097869	348.76	544.49	1.4008	0.97341	1.4406	1057.1	-0.03169	0.00013168	0.1474	supercritical
