Temperature (K)	Pressure (bar)	Density (kg/m3)	Volume (m3/kg)	Internal Energy (kJ/kg)	Enthalpy (kJ/kg)	Entropy (J/g*K)	Cv (J/g*K)	Cp (J/g*K)	Sound Spd. (m/s)	Joule-Thomson (K/bar)	Viscosity (Pa*s)	Therm. Cond. (W/m*K)	Phase
643.0	56.5	46.805	0.021365	715.91	836.62	2.7102	0.91641	1.1355	385.92	0.15526	3.0142e-05	0.046115	vapor
643.0	59.75	49.509	0.020198	715.36	836.05	2.6988	0.9168	1.1376	386.15	0.15439	3.0185e-05	0.046212	vapor
643.0	63.0	52.214	0.019152	714.82	835.48	2.688	0.91718	1.1397	386.4	0.15353	3.0228e-05	0.046308	vapor
643.0	66.25	54.919	0.018209	714.28	834.91	2.6777	0.91757	1.1419	386.65	0.15267	3.0272e-05	0.046405	vapor
643.0	69.5	57.625	0.017354	713.74	834.34	2.6678	0.91795	1.144	386.9	0.1518	3.0316e-05	0.046502	vapor
643.0	72.75	60.33	0.016575	713.2	833.78	2.6584	0.91834	1.1461	387.17	0.15094	3.0361e-05	0.046598	vapor
643.0	76.0	63.037	0.015864	712.65	833.22	2.6493	0.91872	1.1483	387.44	0.15008	3.0406e-05	0.046695	vapor
643.0	76.0	63.037	0.015864	712.65	833.22	2.6493	0.91872	1.1483	387.44	0.15008	3.0406e-05	0.046695	supercritical
643.0	76.0	63.037	0.015864	712.65	833.22	2.6493	0.91872	1.1483	387.44	0.15008	3.0406e-05	0.046695	supercritical
643.0	79.25	65.743	0.015211	712.12	832.66	2.6406	0.9191	1.1504	387.72	0.14921	3.0452e-05	0.046791	supercritical
643.0	82.5	68.449	0.014609	711.58	832.1	2.6322	0.91947	1.1525	388.0	0.14835	3.0499e-05	0.046888	supercritical
643.0	85.75	71.155	0.014054	711.04	831.55	2.6241	0.91985	1.1547	388.3	0.14748	3.0546e-05	0.046984	supercritical
643.0	89.0	73.86	0.013539	710.5	831.0	2.6163	0.92023	1.1568	388.6	0.14662	3.0593e-05	0.047081	supercritical
643.0	92.25	76.566	0.013061	709.96	830.45	2.6087	0.9206	1.1589	388.9	0.14575	3.0641e-05	0.047178	supercritical
643.0	95.5	79.27	0.012615	709.43	829.9	2.6013	0.92098	1.161	389.22	0.14488	3.0689e-05	0.047275	supercritical
643.0	98.75	81.975	0.012199	708.89	829.35	2.5942	0.92135	1.1631	389.54	0.14401	3.0739e-05	0.047372	supercritical
643.0	102.0	84.678	0.011809	708.35	828.81	2.5873	0.92172	1.1653	389.87	0.14314	3.0788e-05	0.047469	supercritical
643.0	105.25	87.381	0.011444	707.82	828.27	2.5806	0.92209	1.1674	390.21	0.14227	3.0838e-05	0.047567	supercritical
643.0	108.5	90.083	0.011101	707.29	827.73	2.5741	0.92246	1.1695	390.55	0.1414	3.0889e-05	0.047665	supercritical
643.0	111.75	92.783	0.010778	706.75	827.19	2.5677	0.92282	1.1716	390.9	0.14052	3.0941e-05	0.047764	supercritical
643.0	115.0	95.483	0.010473	706.22	826.66	2.5615	0.92319	1.1737	391.26	0.13965	3.0992e-05	0.047863	supercritical
643.0	118.25	98.181	0.010185	705.69	826.13	2.5555	0.92355	1.1758	391.63	0.13878	3.1045e-05	0.047962	supercritical
643.0	121.5	100.88	0.0099129	705.16	825.6	2.5496	0.92391	1.1778	392.0	0.1379	3.1098e-05	0.048062	supercritical
643.0	124.75	103.57	0.009655	704.63	825.07	2.5438	0.92427	1.1799	392.38	0.13702	3.1152e-05	0.048162	supercritical
643.0	128.0	106.27	0.0094102	704.1	824.55	2.5382	0.92463	1.182	392.77	0.13614	3.1206e-05	0.048262	supercritical
643.0	131.25	108.96	0.0091777	703.57	824.03	2.5327	0.92499	1.1841	393.17	0.13526	3.1261e-05	0.048363	supercritical
643.0	134.5	111.65	0.0089565	703.04	823.51	2.5273	0.92535	1.1861	393.57	0.13438	3.1316e-05	0.048465	supercritical
643.0	137.75	114.34	0.0087459	702.52	822.99	2.522	0.9257	1.1882	393.98	0.1335	3.1372e-05	0.048567	supercritical
643.0	141.0	117.03	0.0085452	701.99	822.48	2.5168	0.92605	1.1902	394.4	0.13262	3.1429e-05	0.04867	supercritical
643.0	144.25	119.71	0.0083536	701.47	821.97	2.5117	0.92641	1.1923	394.83	0.13173	3.1486e-05	0.048773	supercritical
643.0	147.5	122.39	0.0081705	700.94	821.46	2.5068	0.92676	1.1943	395.26	0.13085	3.1544e-05	0.048877	supercritical
643.0	150.75	125.07	0.0079955	700.42	820.95	2.5019	0.9271	1.1963	395.7	0.12996	3.1603e-05	0.048982	supercritical
643.0	154.0	127.75	0.0078279	699.9	820.45	2.4971	0.92745	1.1984	396.15	0.12907	3.1662e-05	0.049087	supercritical
643.0	157.25	130.42	0.0076674	699.37	819.94	2.4924	0.92779	1.2004	396.61	0.12819	3.1722e-05	0.049193	supercritical
643.0	160.5	133.09	0.0075135	698.85	819.45	2.4878	0.92814	1.2024	397.07	0.1273	3.1782e-05	0.0493	supercritical
643.0	163.75	135.76	0.0073657	698.34	818.95	2.4833	0.92848	1.2044	397.54	0.12641	3.1843e-05	0.049407	supercritical
643.0	167.0	138.43	0.0072239	697.82	818.46	2.4788	0.92882	1.2064	398.02	0.12552	3.1905e-05	0.049515	supercritical
643.0	170.25	141.09	0.0070875	697.3	817.97	2.4745	0.92916	1.2083	398.51	0.12462	3.1967e-05	0.049624	supercritical
643.0	173.5	143.75	0.0069564	696.78	817.48	2.4701	0.92949	1.2103	399.0	0.12373	3.203e-05	0.049733	supercritical
643.0	176.75	146.41	0.0068302	696.27	816.99	2.4659	0.92983	1.2123	399.5	0.12284	3.2093e-05	0.049844	supercritical
643.0	180.0	149.06	0.0067086	695.75	816.51	2.4617	0.93016	1.2142	400.01	0.12195	3.2158e-05	0.049955	supercritical
643.0	183.25	151.71	0.0065914	695.24	816.03	2.4576	0.93049	1.2162	400.53	0.12105	3.2222e-05	0.050066	supercritical
643.0	186.5	154.36	0.0064785	694.73	815.55	2.4536	0.93082	1.2181	401.06	0.12016	3.2288e-05	0.050179	supercritical
643.0	189.75	157.0	0.0063694	694.22	815.08	2.4496	0.93115	1.22	401.59	0.11926	3.2354e-05	0.050292	supercritical
643.0	193.0	159.64	0.0062642	693.71	814.61	2.4457	0.93147	1.2219	402.13	0.11837	3.2421e-05	0.050406	supercritical
643.0	196.25	162.27	0.0061625	693.2	814.14	2.4418	0.9318	1.2238	402.68	0.11748	3.2488e-05	0.050521	supercritical
643.0	199.5	164.9	0.0060642	692.69	813.67	2.438	0.93212	1.2257	403.23	0.11658	3.2556e-05	0.050636	supercritical
643.0	202.75	167.53	0.0059691	692.19	813.21	2.4342	0.93244	1.2276	403.8	0.11569	3.2625e-05	0.050753	supercritical
643.0	206.0	170.15	0.0058771	691.68	812.75	2.4305	0.93276	1.2295	404.37	0.11479	3.2694e-05	0.05087	supercritical
643.0	209.25	172.77	0.0057881	691.18	812.29	2.4269	0.93307	1.2313	404.95	0.1139	3.2764e-05	0.050988	supercritical
643.0	212.5	175.38	0.0057018	690.67	811.84	2.4232	0.93339	1.2332	405.54	0.113	3.2835e-05	0.051107	supercritical
643.0	215.75	177.99	0.0056183	690.17	811.39	2.4197	0.9337	1.235	406.13	0.11211	3.2906e-05	0.051226	supercritical
643.0	219.0	180.6	0.0055373	689.67	810.94	2.4162	0.93401	1.2368	406.73	0.11122	3.2978e-05	0.051347	supercritical
643.0	222.25	183.19	0.0054587	689.17	810.49	2.4127	0.93432	1.2386	407.34	0.11032	3.305e-05	0.051468	supercritical
643.0	225.5	185.79	0.0053825	688.67	810.05	2.4093	0.93463	1.2404	407.96	0.10943	3.3124e-05	0.05159	supercritical
643.0	228.75	188.38	0.0053085	688.18	809.61	2.4059	0.93494	1.2422	408.58	0.10854	3.3197e-05	0.051713	supercritical
643.0	232.0	190.96	0.0052367	687.68	809.17	2.4025	0.93524	1.244	409.22	0.10765	3.3272e-05	0.051836	supercritical
643.0	235.25	193.54	0.0051669	687.19	808.74	2.3992	0.93555	1.2457	409.86	0.10676	3.3347e-05	0.051961	supercritical
643.0	238.5	196.11	0.0050991	686.7	808.31	2.396	0.93585	1.2475	410.5	0.10588	3.3423e-05	0.052086	supercritical
643.0	241.75	198.68	0.0050332	686.2	807.88	2.3927	0.93615	1.2492	411.16	0.10499	3.3499e-05	0.052212	supercritical
643.0	245.0	201.24	0.0049691	685.71	807.46	2.3896	0.93644	1.2509	411.82	0.10411	3.3576e-05	0.052338	supercritical
643.0	248.25	203.8	0.0049067	685.22	807.03	2.3864	0.93674	1.2527	412.49	0.10322	3.3654e-05	0.052466	supercritical
643.0	251.5	206.35	0.0048461	684.74	806.62	2.3833	0.93703	1.2543	413.17	0.10234	3.3732e-05	0.052594	supercritical
643.0	254.75	208.9	0.004787	684.25	806.2	2.3802	0.93733	1.256	413.85	0.10146	3.3811e-05	0.052723	supercritical
643.0	258.0	211.44	0.0047295	683.77	805.79	2.3772	0.93762	1.2577	414.54	0.10058	3.389e-05	0.052853	supercritical
643.0	261.25	213.97	0.0046735	683.28	805.38	2.3742	0.9379	1.2594	415.24	0.099706	3.397e-05	0.052983	supercritical
643.0	264.5	216.5	0.0046189	682.8	804.97	2.3712	0.93819	1.261	415.95	0.098832	3.4051e-05	0.053114	supercritical
643.0	267.75	219.02	0.0045657	682.32	804.57	2.3682	0.93848	1.2626	416.66	0.09796	3.4133e-05	0.053246	supercritical
643.0	271.0	221.54	0.0045139	681.84	804.17	2.3653	0.93876	1.2642	417.38	0.09709	3.4215e-05	0.053379	supercritical
643.0	274.25	224.05	0.0044634	681.36	803.77	2.3624	0.93904	1.2658	418.11	0.096223	3.4297e-05	0.053512	supercritical
643.0	277.5	226.55	0.004414	680.89	803.38	2.3596	0.93932	1.2674	418.85	0.095357	3.438e-05	0.053646	supercritical
643.0	280.75	229.05	0.0043659	680.41	802.98	2.3567	0.9396	1.269	419.59	0.094495	3.4464e-05	0.053781	supercritical
643.0	284.0	231.54	0.004319	679.94	802.6	2.3539	0.93988	1.2705	420.34	0.093635	3.4549e-05	0.053916	supercritical
643.0	287.25	234.02	0.0042732	679.46	802.21	2.3512	0.94015	1.2721	421.09	0.092778	3.4634e-05	0.054052	supercritical
643.0	290.5	236.5	0.0042284	678.99	801.83	2.3484	0.94043	1.2736	421.85	0.091923	3.4719e-05	0.054189	supercritical
643.0	293.75	238.97	0.0041847	678.52	801.45	2.3457	0.9407	1.2751	422.62	0.091072	3.4805e-05	0.054326	supercritical
643.0	297.0	241.43	0.004142	678.06	801.07	2.343	0.94097	1.2766	423.4	0.090223	3.4892e-05	0.054464	supercritical
643.0	300.25	243.89	0.0041003	677.59	800.7	2.3404	0.94123	1.2781	424.18	0.089378	3.498e-05	0.054603	supercritical
643.0	303.5	246.33	0.0040595	677.12	800.33	2.3377	0.9415	1.2796	424.97	0.088536	3.5068e-05	0.054742	supercritical
643.0	306.75	248.78	0.0040197	676.66	799.96	2.3351	0.94177	1.2811	425.76	0.087697	3.5156e-05	0.054881	supercritical
643.0	310.0	251.21	0.0039807	676.2	799.6	2.3325	0.94203	1.2825	426.57	0.086862	3.5245e-05	0.055022	supercritical
643.0	313.25	253.64	0.0039426	675.74	799.24	2.33	0.94229	1.2839	427.37	0.086029	3.5335e-05	0.055163	supercritical
643.0	316.5	256.06	0.0039053	675.28	798.88	2.3274	0.94255	1.2854	428.19	0.085201	3.5425e-05	0.055304	supercritical
643.0	319.75	258.47	0.0038689	674.82	798.53	2.3249	0.94281	1.2868	429.01	0.084376	3.5516e-05	0.055446	supercritical
643.0	323.0	260.88	0.0038332	674.37	798.18	2.3224	0.94307	1.2882	429.84	0.083555	3.5608e-05	0.055589	supercritical
643.0	326.25	263.28	0.0037982	673.91	797.83	2.3199	0.94332	1.2895	430.67	0.082737	3.57e-05	0.055732	supercritical
643.0	329.5	265.67	0.003764	673.46	797.48	2.3175	0.94358	1.2909	431.51	0.081924	3.5792e-05	0.055875	supercritical
643.0	332.75	268.06	0.0037306	673.01	797.14	2.3151	0.94383	1.2922	432.35	0.081114	3.5885e-05	0.056019	supercritical
643.0	336.0	270.43	0.0036978	672.56	796.8	2.3127	0.94408	1.2936	433.2	0.080308	3.5979e-05	0.056164	supercritical
643.0	339.25	272.8	0.0036657	672.11	796.47	2.3103	0.94433	1.2949	434.06	0.079507	3.6073e-05	0.056309	supercritical
643.0	342.5	275.16	0.0036342	671.66	796.13	2.3079	0.94457	1.2962	434.92	0.078709	3.6167e-05	0.056454	supercritical
643.0	345.75	277.52	0.0036034	671.22	795.8	2.3056	0.94482	1.2975	435.79	0.077916	3.6263e-05	0.0566	supercritical
643.0	349.0	279.86	0.0035732	670.77	795.48	2.3032	0.94507	1.2988	436.66	0.077126	3.6358e-05	0.056747	supercritical
643.0	352.25	282.2	0.0035436	670.33	795.15	2.3009	0.94531	1.3	437.54	0.076341	3.6455e-05	0.056893	supercritical
643.0	355.5	284.53	0.0035145	669.89	794.83	2.2987	0.94555	1.3013	438.42	0.075561	3.6551e-05	0.057041	supercritical
643.0	358.75	286.86	0.0034861	669.45	794.51	2.2964	0.94579	1.3025	439.31	0.074785	3.6649e-05	0.057188	supercritical
643.0	362.0	289.17	0.0034582	669.01	794.2	2.2942	0.94603	1.3038	440.21	0.074013	3.6746e-05	0.057336	supercritical
643.0	365.25	291.48	0.0034308	668.58	793.89	2.2919	0.94627	1.305	441.11	0.073245	3.6844e-05	0.057484	supercritical
643.0	368.5	293.78	0.0034039	668.14	793.58	2.2897	0.9465	1.3062	442.01	0.072483	3.6943e-05	0.057633	supercritical
643.0	371.75	296.07	0.0033776	667.71	793.27	2.2875	0.94674	1.3074	442.92	0.071724	3.7042e-05	0.057782	supercritical
643.0	375.0	298.35	0.0033517	667.28	792.97	2.2854	0.94697	1.3086	443.83	0.070971	3.7142e-05	0.057931	supercritical
643.0	378.25	300.63	0.0033264	666.85	792.67	2.2832	0.9472	1.3097	444.75	0.070222	3.7242e-05	0.05808	supercritical
643.0	381.5	302.9	0.0033014	666.42	792.37	2.2811	0.94743	1.3109	445.68	0.069477	3.7343e-05	0.05823	supercritical
643.0	384.75	305.16	0.003277	665.99	792.07	2.2789	0.94766	1.312	446.6	0.068738	3.7444e-05	0.05838	supercritical
643.0	388.0	307.41	0.003253	665.57	791.78	2.2768	0.94789	1.3131	447.54	0.068003	3.7546e-05	0.058531	supercritical
643.0	391.25	309.65	0.0032294	665.14	791.49	2.2748	0.94811	1.3142	448.48	0.067272	3.7648e-05	0.058681	supercritical
643.0	394.5	311.89	0.0032063	664.72	791.21	2.2727	0.94834	1.3153	449.42	0.066547	3.775e-05	0.058832	supercritical
643.0	397.75	314.12	0.0031835	664.3	790.93	2.2706	0.94856	1.3164	450.36	0.065826	3.7853e-05	0.058983	supercritical
643.0	401.0	316.34	0.0031612	663.88	790.65	2.2686	0.94878	1.3175	451.31	0.06511	3.7956e-05	0.059135	supercritical
643.0	404.25	318.55	0.0031392	663.46	790.37	2.2666	0.949	1.3186	452.27	0.064399	3.806e-05	0.059286	supercritical
643.0	407.5	320.75	0.0031177	663.05	790.09	2.2646	0.94922	1.3196	453.23	0.063693	3.8164e-05	0.059438	supercritical
643.0	410.75	322.95	0.0030965	662.63	789.82	2.2626	0.94944	1.3207	454.19	0.062992	3.8269e-05	0.05959	supercritical
643.0	414.0	325.13	0.0030756	662.22	789.55	2.2606	0.94966	1.3217	455.16	0.062296	3.8374e-05	0.059742	supercritical
643.0	417.25	327.31	0.0030552	661.81	789.29	2.2586	0.94987	1.3227	456.13	0.061604	3.8479e-05	0.059894	supercritical
643.0	420.5	329.49	0.003035	661.4	789.02	2.2567	0.95009	1.3237	457.1	0.060917	3.8585e-05	0.060046	supercritical
643.0	423.75	331.65	0.0030152	660.99	788.76	2.2547	0.9503	1.3247	458.08	0.060236	3.8692e-05	0.060199	supercritical
643.0	427.0	333.8	0.0029958	660.58	788.5	2.2528	0.95051	1.3257	459.06	0.059559	3.8798e-05	0.060351	supercritical
643.0	430.25	335.95	0.0029766	660.18	788.25	2.2509	0.95072	1.3267	460.04	0.058887	3.8905e-05	0.060504	supercritical
643.0	433.5	338.09	0.0029578	659.78	788.0	2.249	0.95093	1.3276	461.03	0.05822	3.9013e-05	0.060657	supercritical
643.0	436.75	340.22	0.0029393	659.37	787.75	2.2471	0.95114	1.3286	462.02	0.057558	3.9121e-05	0.06081	supercritical
643.0	440.0	342.34	0.0029211	658.97	787.5	2.2453	0.95135	1.3295	463.02	0.056901	3.9229e-05	0.060963	supercritical
643.0	443.25	344.46	0.0029031	658.57	787.25	2.2434	0.95156	1.3304	464.02	0.056248	3.9337e-05	0.061116	supercritical
643.0	446.5	346.56	0.0028855	658.18	787.01	2.2416	0.95176	1.3314	465.02	0.055601	3.9446e-05	0.061269	supercritical
643.0	449.75	348.66	0.0028681	657.78	786.77	2.2398	0.95196	1.3323	466.02	0.054958	3.9556e-05	0.061422	supercritical
643.0	453.0	350.75	0.002851	657.39	786.54	2.2379	0.95217	1.3332	467.03	0.054321	3.9665e-05	0.061576	supercritical
643.0	456.25	352.83	0.0028342	656.99	786.3	2.2361	0.95237	1.334	468.04	0.053688	3.9775e-05	0.061729	supercritical
643.0	459.5	354.91	0.0028176	656.6	786.07	2.2344	0.95257	1.3349	469.06	0.05306	3.9886e-05	0.061882	supercritical
643.0	462.75	356.97	0.0028013	656.21	785.84	2.2326	0.95277	1.3358	470.07	0.052437	3.9997e-05	0.062035	supercritical
643.0	466.0	359.03	0.0027853	655.82	785.62	2.2308	0.95297	1.3366	471.09	0.051818	4.0108e-05	0.062189	supercritical
643.0	469.25	361.08	0.0027695	655.44	785.39	2.2291	0.95317	1.3375	472.11	0.051205	4.0219e-05	0.062342	supercritical
643.0	472.5	363.12	0.0027539	655.05	785.17	2.2273	0.95336	1.3383	473.14	0.050596	4.0331e-05	0.062495	supercritical
643.0	475.75	365.16	0.0027385	654.67	784.95	2.2256	0.95356	1.3391	474.16	0.049992	4.0443e-05	0.062649	supercritical
643.0	479.0	367.18	0.0027234	654.28	784.74	2.2239	0.95375	1.34	475.19	0.049393	4.0555e-05	0.062802	supercritical
643.0	482.25	369.2	0.0027085	653.9	784.52	2.2222	0.95394	1.3408	476.22	0.048798	4.0668e-05	0.062955	supercritical
643.0	485.5	371.21	0.0026939	653.52	784.31	2.2205	0.95414	1.3416	477.26	0.048208	4.0781e-05	0.063108	supercritical
643.0	488.75	373.22	0.0026794	653.14	784.1	2.2188	0.95433	1.3424	478.29	0.047623	4.0894e-05	0.063261	supercritical
643.0	492.0	375.21	0.0026652	652.77	783.89	2.2171	0.95452	1.3431	479.33	0.047042	4.1008e-05	0.063414	supercritical
643.0	495.25	377.2	0.0026511	652.39	783.69	2.2155	0.95471	1.3439	480.37	0.046466	4.1121e-05	0.063567	supercritical
643.0	498.5	379.17	0.0026373	652.02	783.49	2.2138	0.9549	1.3447	481.42	0.045895	4.1236e-05	0.06372	supercritical
643.0	501.75	381.15	0.0026237	651.65	783.29	2.2122	0.95508	1.3454	482.46	0.045328	4.135e-05	0.063873	supercritical
643.0	505.0	383.11	0.0026102	651.28	783.09	2.2105	0.95527	1.3462	483.51	0.044766	4.1465e-05	0.064025	supercritical
643.0	508.25	385.06	0.002597	650.91	782.9	2.2089	0.95546	1.3469	484.56	0.044209	4.158e-05	0.064178	supercritical
643.0	511.5	387.01	0.0025839	650.54	782.71	2.2073	0.95564	1.3476	485.61	0.043655	4.1695e-05	0.06433	supercritical
643.0	514.75	388.95	0.002571	650.17	782.52	2.2057	0.95582	1.3483	486.66	0.043107	4.1811e-05	0.064483	supercritical
643.0	518.0	390.88	0.0025583	649.81	782.33	2.2041	0.95601	1.349	487.71	0.042562	4.1926e-05	0.064635	supercritical
643.0	521.25	392.81	0.0025458	649.44	782.14	2.2025	0.95619	1.3497	488.77	0.042022	4.2043e-05	0.064787	supercritical
643.0	524.5	394.72	0.0025334	649.08	781.96	2.201	0.95637	1.3504	489.83	0.041487	4.2159e-05	0.064939	supercritical
643.0	527.75	396.63	0.0025212	648.72	781.78	2.1994	0.95655	1.3511	490.89	0.040956	4.2275e-05	0.065091	supercritical
643.0	531.0	398.53	0.0025092	648.36	781.6	2.1979	0.95673	1.3518	491.95	0.040429	4.2392e-05	0.065243	supercritical
643.0	534.25	400.43	0.0024973	648.0	781.42	2.1963	0.95691	1.3525	493.01	0.039906	4.2509e-05	0.065394	supercritical
643.0	537.5	402.31	0.0024856	647.65	781.25	2.1948	0.95709	1.3531	494.07	0.039388	4.2627e-05	0.065546	supercritical
643.0	540.75	404.19	0.0024741	647.29	781.08	2.1933	0.95726	1.3538	495.14	0.038873	4.2744e-05	0.065697	supercritical
643.0	544.0	406.06	0.0024627	646.94	780.91	2.1918	0.95744	1.3544	496.2	0.038363	4.2862e-05	0.065848	supercritical
643.0	547.25	407.93	0.0024514	646.58	780.74	2.1903	0.95762	1.355	497.27	0.037858	4.298e-05	0.065999	supercritical
643.0	550.5	409.78	0.0024403	646.23	780.57	2.1888	0.95779	1.3557	498.34	0.037356	4.3098e-05	0.06615	supercritical
643.0	553.75	411.63	0.0024294	645.88	780.41	2.1873	0.95796	1.3563	499.41	0.036858	4.3217e-05	0.0663	supercritical
643.0	557.0	413.47	0.0024185	645.54	780.25	2.1858	0.95814	1.3569	500.48	0.036364	4.3335e-05	0.066451	supercritical
643.0	560.25	415.31	0.0024079	645.19	780.09	2.1843	0.95831	1.3575	501.56	0.035875	4.3454e-05	0.066601	supercritical
643.0	563.5	417.13	0.0023973	644.84	779.93	2.1829	0.95848	1.3581	502.63	0.035389	4.3573e-05	0.066751	supercritical
643.0	566.75	418.95	0.0023869	644.5	779.78	2.1814	0.95865	1.3587	503.71	0.034907	4.3692e-05	0.066901	supercritical
643.0	570.0	420.76	0.0023766	644.16	779.62	2.18	0.95882	1.3593	504.78	0.034429	4.3812e-05	0.06705	supercritical
643.0	573.25	422.57	0.0023665	643.81	779.47	2.1786	0.95899	1.3599	505.86	0.033955	4.3931e-05	0.0672	supercritical
643.0	576.5	424.36	0.0023565	643.47	779.32	2.1771	0.95916	1.3604	506.94	0.033485	4.4051e-05	0.067349	supercritical
643.0	579.75	426.15	0.0023466	643.13	779.18	2.1757	0.95933	1.361	508.02	0.033018	4.4171e-05	0.067498	supercritical
643.0	583.0	427.94	0.0023368	642.8	779.03	2.1743	0.9595	1.3615	509.1	0.032556	4.4291e-05	0.067647	supercritical
643.0	586.25	429.71	0.0023271	642.46	778.89	2.1729	0.95966	1.3621	510.18	0.032097	4.4412e-05	0.067795	supercritical
643.0	589.5	431.48	0.0023176	642.12	778.75	2.1715	0.95983	1.3626	511.26	0.031641	4.4532e-05	0.067944	supercritical
643.0	592.75	433.24	0.0023082	641.79	778.61	2.1701	0.95999	1.3632	512.34	0.03119	4.4653e-05	0.068092	supercritical
643.0	596.0	435.0	0.0022989	641.46	778.47	2.1687	0.96016	1.3637	513.43	0.030742	4.4774e-05	0.06824	supercritical
643.0	599.25	436.75	0.0022897	641.13	778.34	2.1674	0.96032	1.3642	514.51	0.030297	4.4895e-05	0.068387	supercritical
643.0	602.5	438.49	0.0022806	640.8	778.2	2.166	0.96049	1.3647	515.6	0.029856	4.5016e-05	0.068535	supercritical
643.0	605.75	440.22	0.0022716	640.47	778.07	2.1647	0.96065	1.3652	516.68	0.029419	4.5138e-05	0.068682	supercritical
643.0	609.0	441.95	0.0022627	640.14	777.94	2.1633	0.96081	1.3657	517.77	0.028985	4.5259e-05	0.068829	supercritical
643.0	612.25	443.67	0.0022539	639.82	777.81	2.162	0.96097	1.3662	518.86	0.028555	4.5381e-05	0.068976	supercritical
643.0	615.5	445.38	0.0022453	639.49	777.69	2.1606	0.96113	1.3667	519.94	0.028128	4.5503e-05	0.069122	supercritical
643.0	618.75	447.09	0.0022367	639.17	777.56	2.1593	0.96129	1.3672	521.03	0.027704	4.5625e-05	0.069268	supercritical
643.0	622.0	448.78	0.0022282	638.84	777.44	2.158	0.96145	1.3677	522.12	0.027284	4.5747e-05	0.069414	supercritical
643.0	625.25	450.48	0.0022199	638.52	777.32	2.1567	0.96161	1.3681	523.21	0.026867	4.5869e-05	0.06956	supercritical
643.0	628.5	452.16	0.0022116	638.2	777.2	2.1554	0.96177	1.3686	524.3	0.026453	4.5991e-05	0.069706	supercritical
643.0	631.75	453.84	0.0022034	637.88	777.09	2.1541	0.96193	1.3691	525.39	0.026042	4.6114e-05	0.069851	supercritical
643.0	635.0	455.51	0.0021953	637.57	776.97	2.1528	0.96209	1.3695	526.48	0.025635	4.6237e-05	0.069996	supercritical
643.0	638.25	457.18	0.0021873	637.25	776.86	2.1515	0.96224	1.37	527.57	0.025231	4.6359e-05	0.070141	supercritical
643.0	641.5	458.84	0.0021794	636.94	776.75	2.1502	0.9624	1.3704	528.66	0.02483	4.6482e-05	0.070285	supercritical
643.0	644.75	460.49	0.0021716	636.62	776.64	2.149	0.96256	1.3708	529.76	0.024433	4.6605e-05	0.070429	supercritical
643.0	648.0	462.14	0.0021639	636.31	776.53	2.1477	0.96271	1.3713	530.85	0.024038	4.6728e-05	0.070573	supercritical
643.0	651.25	463.78	0.0021562	636.0	776.42	2.1464	0.96287	1.3717	531.94	0.023646	4.6852e-05	0.070717	supercritical
643.0	654.5	465.41	0.0021486	635.69	776.32	2.1452	0.96302	1.3721	533.03	0.023258	4.6975e-05	0.07086	supercritical
643.0	657.75	467.04	0.0021412	635.38	776.21	2.1439	0.96317	1.3725	534.13	0.022872	4.7099e-05	0.071003	supercritical
643.0	661.0	468.66	0.0021338	635.07	776.11	2.1427	0.96333	1.3729	535.22	0.02249	4.7222e-05	0.071146	supercritical
643.0	664.25	470.27	0.0021264	634.77	776.01	2.1415	0.96348	1.3733	536.31	0.02211	4.7346e-05	0.071289	supercritical
643.0	667.5	471.88	0.0021192	634.46	775.92	2.1403	0.96363	1.3737	537.41	0.021733	4.747e-05	0.071431	supercritical
643.0	670.75	473.48	0.002112	634.16	775.82	2.139	0.96378	1.3741	538.5	0.021359	4.7593e-05	0.071573	supercritical
643.0	674.0	475.07	0.0021049	633.85	775.72	2.1378	0.96393	1.3745	539.59	0.020988	4.7717e-05	0.071715	supercritical
643.0	677.25	476.66	0.0020979	633.55	775.63	2.1366	0.96409	1.3749	540.69	0.02062	4.7842e-05	0.071857	supercritical
643.0	680.5	478.25	0.002091	633.25	775.54	2.1354	0.96424	1.3753	541.78	0.020255	4.7966e-05	0.071998	supercritical
643.0	683.75	479.82	0.0020841	632.95	775.45	2.1342	0.96439	1.3756	542.88	0.019892	4.809e-05	0.072139	supercritical
643.0	687.0	481.39	0.0020773	632.65	775.36	2.133	0.96453	1.376	543.97	0.019533	4.8214e-05	0.07228	supercritical
643.0	690.25	482.95	0.0020706	632.35	775.28	2.1318	0.96468	1.3764	545.07	0.019176	4.8339e-05	0.07242	supercritical
643.0	693.5	484.51	0.0020639	632.06	775.19	2.1307	0.96483	1.3767	546.16	0.018821	4.8463e-05	0.07256	supercritical
643.0	696.75	486.06	0.0020573	631.76	775.11	2.1295	0.96498	1.3771	547.25	0.01847	4.8588e-05	0.0727	supercritical
643.0	700.0	487.61	0.0020508	631.47	775.03	2.1283	0.96513	1.3774	548.35	0.018121	4.8712e-05	0.07284	supercritical
643.0	703.25	489.15	0.0020444	631.18	774.95	2.1272	0.96527	1.3777	549.44	0.017774	4.8837e-05	0.072979	supercritical
643.0	706.5	490.68	0.002038	630.88	774.87	2.126	0.96542	1.3781	550.54	0.017431	4.8962e-05	0.073119	supercritical
643.0	709.75	492.21	0.0020317	630.59	774.79	2.1249	0.96557	1.3784	551.63	0.017089	4.9087e-05	0.073257	supercritical
643.0	713.0	493.73	0.0020254	630.3	774.71	2.1237	0.96571	1.3787	552.73	0.016751	4.9212e-05	0.073396	supercritical
643.0	716.25	495.25	0.0020192	630.01	774.64	2.1226	0.96586	1.3791	553.82	0.016415	4.9337e-05	0.073534	supercritical
643.0	719.5	496.76	0.0020131	629.73	774.57	2.1215	0.966	1.3794	554.91	0.016081	4.9462e-05	0.073672	supercritical
643.0	722.75	498.26	0.002007	629.44	774.49	2.1203	0.96615	1.3797	556.01	0.01575	4.9587e-05	0.07381	supercritical
643.0	726.0	499.76	0.002001	629.16	774.43	2.1192	0.96629	1.38	557.1	0.015421	4.9712e-05	0.073947	supercritical
643.0	729.25	501.25	0.001995	628.87	774.36	2.1181	0.96644	1.3803	558.2	0.015095	4.9837e-05	0.074084	supercritical
643.0	732.5	502.74	0.0019891	628.59	774.29	2.117	0.96658	1.3806	559.29	0.014771	4.9963e-05	0.074221	supercritical
643.0	735.75	504.22	0.0019833	628.31	774.22	2.1159	0.96672	1.3809	560.38	0.01445	5.0088e-05	0.074358	supercritical
643.0	739.0	505.7	0.0019775	628.02	774.16	2.1148	0.96687	1.3812	561.47	0.014131	5.0213e-05	0.074494	supercritical
643.0	742.25	507.17	0.0019717	627.74	774.1	2.1137	0.96701	1.3815	562.57	0.013814	5.0339e-05	0.07463	supercritical
643.0	745.5	508.63	0.0019661	627.47	774.04	2.1126	0.96715	1.3817	563.66	0.0135	5.0464e-05	0.074766	supercritical
643.0	748.75	510.09	0.0019604	627.19	773.98	2.1115	0.96729	1.382	564.75	0.013188	5.059e-05	0.074902	supercritical
643.0	752.0	511.54	0.0019549	626.91	773.92	2.1104	0.96743	1.3823	565.84	0.012878	5.0715e-05	0.075037	supercritical
643.0	755.25	512.99	0.0019494	626.64	773.86	2.1093	0.96757	1.3826	566.94	0.012571	5.0841e-05	0.075172	supercritical
643.0	758.5	514.43	0.0019439	626.36	773.8	2.1083	0.96771	1.3828	568.03	0.012265	5.0966e-05	0.075307	supercritical
643.0	761.75	515.87	0.0019385	626.09	773.75	2.1072	0.96785	1.3831	569.12	0.011963	5.1092e-05	0.075441	supercritical
643.0	765.0	517.3	0.0019331	625.81	773.7	2.1062	0.96799	1.3833	570.21	0.011662	5.1218e-05	0.075575	supercritical
643.0	768.25	518.73	0.0019278	625.54	773.65	2.1051	0.96813	1.3836	571.3	0.011363	5.1344e-05	0.075709	supercritical
643.0	771.5	520.15	0.0019225	625.27	773.59	2.104	0.96827	1.3839	572.39	0.011067	5.1469e-05	0.075843	supercritical
643.0	774.75	521.56	0.0019173	625.0	773.55	2.103	0.96841	1.3841	573.48	0.010773	5.1595e-05	0.075976	supercritical
643.0	778.0	522.97	0.0019122	624.73	773.5	2.102	0.96855	1.3843	574.57	0.010481	5.1721e-05	0.076109	supercritical
643.0	781.25	524.38	0.001907	624.46	773.45	2.1009	0.96869	1.3846	575.65	0.010191	5.1847e-05	0.076242	supercritical
643.0	784.5	525.77	0.001902	624.2	773.41	2.0999	0.96883	1.3848	576.74	0.0099027	5.1973e-05	0.076375	supercritical
643.0	787.75	527.17	0.0018969	623.93	773.36	2.0989	0.96896	1.385	577.83	0.0096169	5.2098e-05	0.076507	supercritical
643.0	791.0	528.56	0.0018919	623.67	773.32	2.0978	0.9691	1.3853	578.92	0.0093332	5.2224e-05	0.076639	supercritical
643.0	794.25	529.94	0.001887	623.4	773.28	2.0968	0.96924	1.3855	580.0	0.0090516	5.235e-05	0.076771	supercritical
643.0	797.5	531.32	0.0018821	623.14	773.24	2.0958	0.96937	1.3857	581.09	0.008772	5.2476e-05	0.076902	supercritical
643.0	800.75	532.69	0.0018773	622.88	773.2	2.0948	0.96951	1.3859	582.18	0.0084944	5.2602e-05	0.077034	supercritical
643.0	804.0	534.06	0.0018724	622.62	773.16	2.0938	0.96965	1.3862	583.26	0.0082188	5.2728e-05	0.077165	supercritical
643.0	807.25	535.42	0.0018677	622.36	773.13	2.0928	0.96978	1.3864	584.35	0.0079451	5.2854e-05	0.077295	supercritical
643.0	810.5	536.78	0.001863	622.1	773.09	2.0918	0.96992	1.3866	585.43	0.0076735	5.298e-05	0.077426	supercritical
643.0	813.75	538.14	0.0018583	621.84	773.06	2.0908	0.97005	1.3868	586.51	0.0074038	5.3106e-05	0.077556	supercritical
643.0	817.0	539.48	0.0018536	621.58	773.02	2.0898	0.97019	1.387	587.6	0.007136	5.3232e-05	0.077686	supercritical
643.0	820.25	540.83	0.001849	621.33	772.99	2.0888	0.97032	1.3872	588.68	0.0068701	5.3358e-05	0.077816	supercritical
643.0	823.5	542.17	0.0018445	621.07	772.96	2.0878	0.97046	1.3874	589.76	0.0066062	5.3484e-05	0.077945	supercritical
643.0	826.75	543.5	0.0018399	620.82	772.93	2.0869	0.97059	1.3876	590.84	0.0063441	5.361e-05	0.078074	supercritical
643.0	830.0	544.83	0.0018354	620.56	772.9	2.0859	0.97073	1.3878	591.92	0.0060839	5.3736e-05	0.078203	supercritical
643.0	833.25	546.15	0.001831	620.31	772.88	2.0849	0.97086	1.3879	593.0	0.0058256	5.3862e-05	0.078332	supercritical
643.0	836.5	547.47	0.0018266	620.06	772.85	2.084	0.97099	1.3881	594.08	0.0055691	5.3988e-05	0.07846	supercritical
643.0	839.75	548.78	0.0018222	619.81	772.83	2.083	0.97113	1.3883	595.16	0.0053144	5.4114e-05	0.078588	supercritical
643.0	843.0	550.09	0.0018179	619.56	772.8	2.082	0.97126	1.3885	596.24	0.0050615	5.424e-05	0.078716	supercritical
643.0	846.25	551.4	0.0018136	619.31	772.78	2.0811	0.97139	1.3887	597.32	0.0048104	5.4366e-05	0.078844	supercritical
643.0	849.5	552.7	0.0018093	619.06	772.76	2.0801	0.97152	1.3888	598.39	0.0045612	5.4492e-05	0.078971	supercritical
643.0	852.75	553.99	0.0018051	618.81	772.74	2.0792	0.97166	1.389	599.47	0.0043136	5.4618e-05	0.079099	supercritical
643.0	856.0	555.28	0.0018009	618.57	772.72	2.0782	0.97179	1.3892	600.54	0.0040679	5.4744e-05	0.079225	supercritical
643.0	859.25	556.57	0.0017967	618.32	772.7	2.0773	0.97192	1.3893	601.62	0.0038238	5.487e-05	0.079352	supercritical
643.0	862.5	557.85	0.0017926	618.08	772.69	2.0764	0.97205	1.3895	602.69	0.0035815	5.4996e-05	0.079479	supercritical
643.0	865.75	559.13	0.0017885	617.83	772.67	2.0754	0.97218	1.3897	603.76	0.0033409	5.5122e-05	0.079605	supercritical
643.0	869.0	560.4	0.0017844	617.59	772.66	2.0745	0.97231	1.3898	604.84	0.003102	5.5248e-05	0.079731	supercritical
643.0	872.25	561.67	0.0017804	617.35	772.64	2.0736	0.97244	1.39	605.91	0.0028648	5.5374e-05	0.079857	supercritical
643.0	875.5	562.93	0.0017764	617.1	772.63	2.0727	0.97257	1.3901	606.98	0.0026292	5.55e-05	0.079982	supercritical
643.0	878.75	564.19	0.0017725	616.86	772.62	2.0718	0.97271	1.3903	608.05	0.0023953	5.5626e-05	0.080107	supercritical
643.0	882.0	565.44	0.0017685	616.62	772.61	2.0709	0.97284	1.3904	609.12	0.0021631	5.5752e-05	0.080232	supercritical
643.0	885.25	566.69	0.0017646	616.39	772.6	2.07	0.97297	1.3906	610.19	0.0019324	5.5877e-05	0.080357	supercritical
643.0	888.5	567.94	0.0017608	616.15	772.59	2.069	0.97309	1.3907	611.26	0.0017034	5.6003e-05	0.080482	supercritical
643.0	891.75	569.18	0.0017569	615.91	772.58	2.0681	0.97322	1.3908	612.32	0.001476	5.6129e-05	0.080606	supercritical
643.0	895.0	570.41	0.0017531	615.67	772.58	2.0673	0.97335	1.391	613.39	0.0012502	5.6255e-05	0.08073	supercritical
643.0	898.25	571.65	0.0017493	615.44	772.57	2.0664	0.97348	1.3911	614.45	0.0010259	5.6381e-05	0.080854	supercritical
643.0	901.5	572.88	0.0017456	615.2	772.57	2.0655	0.97361	1.3912	615.52	0.00080322	5.6506e-05	0.080978	supercritical
643.0	904.75	574.1	0.0017419	614.97	772.57	2.0646	0.97374	1.3914	616.58	0.00058208	5.6632e-05	0.081101	supercritical
643.0	908.0	575.32	0.0017382	614.74	772.56	2.0637	0.97387	1.3915	617.64	0.00036247	5.6758e-05	0.081224	supercritical
643.0	911.25	576.53	0.0017345	614.51	772.56	2.0628	0.974	1.3916	618.71	0.00014439	5.6884e-05	0.081347	supercritical
643.0	914.5	577.74	0.0017309	614.27	772.56	2.0619	0.97413	1.3918	619.77	-7.2184e-05	5.7009e-05	0.08147	supercritical
643.0	917.75	578.95	0.0017273	614.04	772.56	2.0611	0.97425	1.3919	620.83	-0.00028726	5.7135e-05	0.081592	supercritical
643.0	921.0	580.15	0.0017237	613.81	772.56	2.0602	0.97438	1.392	621.89	-0.00050084	5.7261e-05	0.081715	supercritical
643.0	924.25	581.35	0.0017201	613.58	772.57	2.0593	0.97451	1.3921	622.95	-0.00071295	5.7386e-05	0.081837	supercritical
643.0	927.5	582.55	0.0017166	613.36	772.57	2.0585	0.97464	1.3922	624.0	-0.0009236	5.7512e-05	0.081959	supercritical
643.0	930.75	583.74	0.0017131	613.13	772.58	2.0576	0.97476	1.3924	625.06	-0.0011328	5.7637e-05	0.08208	supercritical
643.0	934.0	584.92	0.0017096	612.9	772.58	2.0568	0.97489	1.3925	626.12	-0.0013406	5.7763e-05	0.082202	supercritical
643.0	937.25	586.1	0.0017062	612.68	772.59	2.0559	0.97502	1.3926	627.17	-0.0015469	5.7888e-05	0.082323	supercritical
643.0	940.5	587.28	0.0017028	612.45	772.6	2.0551	0.97514	1.3927	628.23	-0.0017518	5.8014e-05	0.082444	supercritical
643.0	943.75	588.46	0.0016994	612.23	772.6	2.0542	0.97527	1.3928	629.28	-0.0019553	5.8139e-05	0.082565	supercritical
643.0	947.0	589.63	0.001696	612.0	772.61	2.0534	0.9754	1.3929	630.33	-0.0021575	5.8264e-05	0.082685	supercritical
643.0	950.25	590.79	0.0016926	611.78	772.62	2.0525	0.97552	1.393	631.38	-0.0023582	5.839e-05	0.082806	supercritical
643.0	953.5	591.96	0.0016893	611.56	772.63	2.0517	0.97565	1.3931	632.43	-0.0025576	5.8515e-05	0.082926	supercritical
643.0	956.75	593.11	0.001686	611.34	772.65	2.0509	0.97577	1.3932	633.48	-0.0027556	5.864e-05	0.083046	supercritical
643.0	960.0	594.27	0.0016827	611.12	772.66	2.05	0.9759	1.3933	634.53	-0.0029523	5.8765e-05	0.083166	supercritical
643.0	963.25	595.42	0.0016795	610.9	772.67	2.0492	0.97602	1.3934	635.58	-0.0031476	5.8891e-05	0.083285	supercritical
643.0	966.5	596.57	0.0016763	610.68	772.69	2.0484	0.97615	1.3935	636.63	-0.0033417	5.9016e-05	0.083405	supercritical
643.0	969.75	597.71	0.0016731	610.46	772.7	2.0475	0.97628	1.3936	637.67	-0.0035344	5.9141e-05	0.083524	supercritical
643.0	973.0	598.85	0.0016699	610.24	772.72	2.0467	0.9764	1.3937	638.72	-0.0037258	5.9266e-05	0.083643	supercritical
643.0	976.25	599.98	0.0016667	610.02	772.74	2.0459	0.97653	1.3938	639.76	-0.0039159	5.9391e-05	0.083762	supercritical
643.0	979.5	601.11	0.0016636	609.81	772.76	2.0451	0.97665	1.3939	640.81	-0.0041048	5.9516e-05	0.08388	supercritical
643.0	982.75	602.24	0.0016605	609.59	772.77	2.0443	0.97677	1.394	641.85	-0.0042923	5.9641e-05	0.083999	supercritical
643.0	986.0	603.37	0.0016574	609.38	772.79	2.0435	0.9769	1.394	642.89	-0.0044787	5.9766e-05	0.084117	supercritical
643.0	989.25	604.49	0.0016543	609.16	772.82	2.0427	0.97702	1.3941	643.93	-0.0046637	5.9891e-05	0.084235	supercritical
643.0	992.5	605.6	0.0016512	608.95	772.84	2.0419	0.97715	1.3942	644.97	-0.0048476	6.0015e-05	0.084353	supercritical
643.0	995.75	606.72	0.0016482	608.74	772.86	2.0411	0.97727	1.3943	646.01	-0.0050302	6.014e-05	0.08447	supercritical
643.0	999.0	607.82	0.0016452	608.53	772.88	2.0403	0.97739	1.3944	647.05	-0.0052116	6.0265e-05	0.084588	supercritical
643.0	1002.2	608.93	0.0016422	608.31	772.91	2.0395	0.97752	1.3945	648.08	-0.0053918	6.039e-05	0.084705	supercritical
643.0	1005.5	610.03	0.0016393	608.1	772.93	2.0387	0.97764	1.3945	649.12	-0.0055708	6.0514e-05	0.084822	supercritical
643.0	1008.8	611.13	0.0016363	607.89	772.96	2.0379	0.97777	1.3946	650.15	-0.0057486	6.0639e-05	0.084939	supercritical
643.0	1012.0	612.23	0.0016334	607.68	772.98	2.0371	0.97789	1.3947	651.19	-0.0059252	6.0763e-05	0.085056	supercritical
643.0	1015.2	613.32	0.0016305	607.48	773.01	2.0363	0.97801	1.3948	652.22	-0.0061007	6.0888e-05	0.085172	supercritical
643.0	1018.5	614.4	0.0016276	607.27	773.04	2.0356	0.97814	1.3948	653.25	-0.006275	6.1012e-05	0.085288	supercritical
643.0	1021.8	615.49	0.0016247	607.06	773.07	2.0348	0.97826	1.3949	654.28	-0.0064482	6.1137e-05	0.085405	supercritical
643.0	1025.0	616.57	0.0016219	606.85	773.1	2.034	0.97838	1.395	655.31	-0.0066203	6.1261e-05	0.085521	supercritical
643.0	1028.2	617.65	0.001619	606.65	773.13	2.0332	0.9785	1.395	656.34	-0.0067912	6.1386e-05	0.085636	supercritical
643.0	1031.5	618.72	0.0016162	606.44	773.16	2.0325	0.97863	1.3951	657.37	-0.006961	6.151e-05	0.085752	supercritical
643.0	1034.8	619.79	0.0016134	606.24	773.19	2.0317	0.97875	1.3952	658.39	-0.0071297	6.1634e-05	0.085868	supercritical
643.0	1038.0	620.86	0.0016107	606.04	773.22	2.0309	0.97887	1.3952	659.42	-0.0072973	6.1758e-05	0.085983	supercritical
643.0	1041.2	621.92	0.0016079	605.83	773.26	2.0302	0.97899	1.3953	660.45	-0.0074639	6.1882e-05	0.086098	supercritical
643.0	1044.5	622.98	0.0016052	605.63	773.29	2.0294	0.97911	1.3954	661.47	-0.0076293	6.2006e-05	0.086213	supercritical
643.0	1047.8	624.04	0.0016025	605.43	773.33	2.0287	0.97924	1.3954	662.49	-0.0077937	6.213e-05	0.086328	supercritical
643.0	1051.0	625.09	0.0015998	605.23	773.36	2.0279	0.97936	1.3955	663.51	-0.007957	6.2254e-05	0.086442	supercritical
643.0	1054.2	626.14	0.0015971	605.03	773.4	2.0272	0.97948	1.3955	664.54	-0.0081193	6.2378e-05	0.086557	supercritical
643.0	1057.5	627.19	0.0015944	604.83	773.44	2.0264	0.9796	1.3956	665.56	-0.0082805	6.2502e-05	0.086671	supercritical
643.0	1060.8	628.23	0.0015918	604.63	773.47	2.0257	0.97972	1.3957	666.57	-0.0084407	6.2626e-05	0.086785	supercritical
643.0	1064.0	629.27	0.0015891	604.43	773.51	2.0249	0.97984	1.3957	667.59	-0.0085999	6.275e-05	0.086899	supercritical
643.0	1067.2	630.31	0.0015865	604.23	773.55	2.0242	0.97997	1.3958	668.61	-0.008758	6.2874e-05	0.087013	supercritical
643.0	1070.5	631.34	0.0015839	604.03	773.59	2.0234	0.98009	1.3958	669.63	-0.0089152	6.2997e-05	0.087127	supercritical
643.0	1073.8	632.38	0.0015813	603.84	773.63	2.0227	0.98021	1.3959	670.64	-0.0090713	6.3121e-05	0.08724	supercritical
643.0	1077.0	633.4	0.0015788	603.64	773.67	2.022	0.98033	1.3959	671.66	-0.0092265	6.3244e-05	0.087353	supercritical
643.0	1080.2	634.43	0.0015762	603.44	773.72	2.0212	0.98045	1.396	672.67	-0.0093807	6.3368e-05	0.087467	supercritical
643.0	1083.5	635.45	0.0015737	603.25	773.76	2.0205	0.98057	1.396	673.68	-0.0095339	6.3491e-05	0.08758	supercritical
643.0	1086.8	636.47	0.0015712	603.05	773.8	2.0198	0.98069	1.3961	674.69	-0.0096862	6.3615e-05	0.087693	supercritical
643.0	1090.0	637.48	0.0015687	602.86	773.85	2.0191	0.98081	1.3961	675.7	-0.0098375	6.3738e-05	0.087805	supercritical
643.0	1093.2	638.49	0.0015662	602.67	773.89	2.0183	0.98093	1.3962	676.71	-0.0099878	6.3861e-05	0.087918	supercritical
643.0	1096.5	639.5	0.0015637	602.48	773.94	2.0176	0.98105	1.3962	677.72	-0.010137	6.3985e-05	0.08803	supercritical
643.0	1099.8	640.51	0.0015613	602.28	773.98	2.0169	0.98117	1.3963	678.73	-0.010286	6.4108e-05	0.088142	supercritical
643.0	1103.0	641.51	0.0015588	602.09	774.03	2.0162	0.98129	1.3963	679.73	-0.010433	6.4231e-05	0.088255	supercritical
643.0	1106.2	642.51	0.0015564	601.9	774.08	2.0155	0.98141	1.3963	680.74	-0.01058	6.4354e-05	0.088367	supercritical
643.0	1109.5	643.5	0.001554	601.71	774.13	2.0148	0.98153	1.3964	681.74	-0.010726	6.4477e-05	0.088478	supercritical
643.0	1112.8	644.5	0.0015516	601.52	774.18	2.014	0.98165	1.3964	682.75	-0.010871	6.46e-05	0.08859	supercritical
643.0	1116.0	645.49	0.0015492	601.33	774.23	2.0133	0.98177	1.3965	683.75	-0.011014	6.4723e-05	0.088702	supercritical
643.0	1119.2	646.48	0.0015468	601.14	774.28	2.0126	0.98189	1.3965	684.75	-0.011158	6.4846e-05	0.088813	supercritical
643.0	1122.5	647.46	0.0015445	600.96	774.33	2.0119	0.98201	1.3965	685.75	-0.0113	6.4969e-05	0.088924	supercritical
643.0	1125.8	648.44	0.0015422	600.77	774.38	2.0112	0.98213	1.3966	686.75	-0.011441	6.5091e-05	0.089035	supercritical
643.0	1129.0	649.42	0.0015398	600.58	774.43	2.0105	0.98225	1.3966	687.75	-0.011581	6.5214e-05	0.089146	supercritical
643.0	1132.2	650.4	0.0015375	600.4	774.48	2.0098	0.98237	1.3967	688.75	-0.011721	6.5337e-05	0.089257	supercritical
643.0	1135.5	651.37	0.0015352	600.21	774.54	2.0091	0.98249	1.3967	689.74	-0.01186	6.5459e-05	0.089368	supercritical
643.0	1138.8	652.34	0.0015329	600.03	774.59	2.0085	0.98261	1.3967	690.74	-0.011998	6.5582e-05	0.089479	supercritical
643.0	1142.0	653.3	0.0015307	599.84	774.65	2.0078	0.98272	1.3968	691.73	-0.012135	6.5704e-05	0.089589	supercritical
643.0	1145.2	654.27	0.0015284	599.66	774.7	2.0071	0.98284	1.3968	692.73	-0.012271	6.5827e-05	0.089699	supercritical
643.0	1148.5	655.23	0.0015262	599.47	774.76	2.0064	0.98296	1.3968	693.72	-0.012406	6.5949e-05	0.089809	supercritical
643.0	1151.8	656.19	0.001524	599.29	774.81	2.0057	0.98308	1.3969	694.71	-0.012541	6.6071e-05	0.08992	supercritical
643.0	1155.0	657.14	0.0015217	599.11	774.87	2.005	0.9832	1.3969	695.7	-0.012675	6.6193e-05	0.090029	supercritical
643.0	1158.2	658.1	0.0015195	598.93	774.93	2.0043	0.98332	1.3969	696.69	-0.012808	6.6315e-05	0.090139	supercritical
643.0	1161.5	659.05	0.0015173	598.75	774.99	2.0037	0.98344	1.3969	697.68	-0.01294	6.6438e-05	0.090249	supercritical
643.0	1164.8	659.99	0.0015152	598.57	775.05	2.003	0.98355	1.397	698.67	-0.013072	6.656e-05	0.090358	supercritical
643.0	1168.0	660.94	0.001513	598.39	775.11	2.0023	0.98367	1.397	699.65	-0.013202	6.6682e-05	0.090468	supercritical
643.0	1171.2	661.88	0.0015109	598.21	775.17	2.0017	0.98379	1.397	700.64	-0.013332	6.6803e-05	0.090577	supercritical
643.0	1174.5	662.82	0.0015087	598.03	775.23	2.001	0.98391	1.3971	701.62	-0.013461	6.6925e-05	0.090686	supercritical
643.0	1177.8	663.75	0.0015066	597.85	775.29	2.0003	0.98403	1.3971	702.61	-0.013589	6.7047e-05	0.090795	supercritical
643.0	1181.0	664.69	0.0015045	597.67	775.35	1.9997	0.98414	1.3971	703.59	-0.013717	6.7169e-05	0.090904	supercritical
643.0	1184.2	665.62	0.0015024	597.5	775.41	1.999	0.98426	1.3971	704.57	-0.013844	6.7291e-05	0.091013	supercritical
643.0	1187.5	666.55	0.0015003	597.32	775.48	1.9983	0.98438	1.3972	705.55	-0.01397	6.7412e-05	0.091122	supercritical
643.0	1190.8	667.47	0.0014982	597.14	775.54	1.9977	0.9845	1.3972	706.53	-0.014095	6.7534e-05	0.09123	supercritical
643.0	1194.0	668.39	0.0014961	596.97	775.6	1.997	0.98462	1.3972	707.51	-0.01422	6.7655e-05	0.091339	supercritical
643.0	1197.2	669.31	0.0014941	596.79	775.67	1.9964	0.98473	1.3972	708.49	-0.014344	6.7777e-05	0.091447	supercritical
643.0	1200.5	670.23	0.001492	596.62	775.73	1.9957	0.98485	1.3972	709.47	-0.014467	6.7898e-05	0.091555	supercritical
643.0	1203.8	671.15	0.00149	596.44	775.8	1.9951	0.98497	1.3973	710.44	-0.014589	6.8019e-05	0.091663	supercritical
643.0	1207.0	672.06	0.001488	596.27	775.87	1.9944	0.98509	1.3973	711.42	-0.014711	6.8141e-05	0.091771	supercritical
643.0	1210.2	672.97	0.001486	596.1	775.93	1.9938	0.9852	1.3973	712.39	-0.014832	6.8262e-05	0.091879	supercritical
643.0	1213.5	673.87	0.001484	595.92	776.0	1.9931	0.98532	1.3973	713.37	-0.014952	6.8383e-05	0.091987	supercritical
643.0	1216.8	674.78	0.001482	595.75	776.07	1.9925	0.98544	1.3973	714.34	-0.015072	6.8504e-05	0.092095	supercritical
643.0	1220.0	675.68	0.00148	595.58	776.14	1.9918	0.98555	1.3973	715.31	-0.015191	6.8625e-05	0.092202	supercritical
643.0	1223.2	676.58	0.001478	595.41	776.21	1.9912	0.98567	1.3974	716.28	-0.015309	6.8746e-05	0.092309	supercritical
643.0	1226.5	677.48	0.0014761	595.24	776.28	1.9906	0.98579	1.3974	717.25	-0.015427	6.8867e-05	0.092417	supercritical
643.0	1229.8	678.37	0.0014741	595.07	776.35	1.9899	0.9859	1.3974	718.22	-0.015544	6.8988e-05	0.092524	supercritical
643.0	1233.0	679.26	0.0014722	594.9	776.42	1.9893	0.98602	1.3974	719.18	-0.01566	6.9108e-05	0.092631	supercritical
643.0	1236.2	680.15	0.0014703	594.73	776.49	1.9886	0.98614	1.3974	720.15	-0.015776	6.9229e-05	0.092738	supercritical
643.0	1239.5	681.04	0.0014683	594.56	776.56	1.988	0.98625	1.3974	721.12	-0.015891	6.935e-05	0.092845	supercritical
643.0	1242.8	681.92	0.0014664	594.39	776.63	1.9874	0.98637	1.3974	722.08	-0.016005	6.947e-05	0.092952	supercritical
643.0	1246.0	682.8	0.0014645	594.22	776.71	1.9868	0.98649	1.3975	723.04	-0.016119	6.9591e-05	0.093058	supercritical
643.0	1249.2	683.68	0.0014627	594.06	776.78	1.9861	0.9866	1.3975	724.01	-0.016232	6.9711e-05	0.093165	supercritical
643.0	1252.5	684.56	0.0014608	593.89	776.85	1.9855	0.98672	1.3975	724.97	-0.016344	6.9831e-05	0.093272	supercritical
643.0	1255.8	685.44	0.0014589	593.72	776.93	1.9849	0.98684	1.3975	725.93	-0.016456	6.9952e-05	0.093378	supercritical
643.0	1259.0	686.31	0.0014571	593.56	777.0	1.9843	0.98695	1.3975	726.89	-0.016567	7.0072e-05	0.093484	supercritical
643.0	1262.2	687.18	0.0014552	593.39	777.08	1.9837	0.98707	1.3975	727.85	-0.016677	7.0192e-05	0.09359	supercritical
643.0	1265.5	688.04	0.0014534	593.23	777.16	1.983	0.98718	1.3975	728.8	-0.016787	7.0312e-05	0.093697	supercritical
643.0	1268.8	688.91	0.0014516	593.06	777.23	1.9824	0.9873	1.3975	729.76	-0.016896	7.0432e-05	0.093803	supercritical
643.0	1272.0	689.77	0.0014498	592.9	777.31	1.9818	0.98742	1.3975	730.72	-0.017005	7.0552e-05	0.093908	supercritical
643.0	1275.2	690.63	0.0014479	592.74	777.39	1.9812	0.98753	1.3975	731.67	-0.017113	7.0672e-05	0.094014	supercritical
643.0	1278.5	691.49	0.0014462	592.57	777.46	1.9806	0.98765	1.3976	732.62	-0.01722	7.0792e-05	0.09412	supercritical
643.0	1281.8	692.35	0.0014444	592.41	777.54	1.98	0.98776	1.3976	733.58	-0.017327	7.0912e-05	0.094226	supercritical
643.0	1285.0	693.2	0.0014426	592.25	777.62	1.9794	0.98788	1.3976	734.53	-0.017433	7.1032e-05	0.094331	supercritical
643.0	1288.2	694.05	0.0014408	592.09	777.7	1.9788	0.988	1.3976	735.48	-0.017539	7.1151e-05	0.094436	supercritical
643.0	1291.5	694.9	0.0014391	591.93	777.78	1.9782	0.98811	1.3976	736.43	-0.017644	7.1271e-05	0.094542	supercritical
643.0	1294.8	695.75	0.0014373	591.77	777.86	1.9776	0.98823	1.3976	737.38	-0.017749	7.1391e-05	0.094647	supercritical
643.0	1298.0	696.59	0.0014356	591.61	777.94	1.977	0.98834	1.3976	738.33	-0.017852	7.151e-05	0.094752	supercritical
643.0	1301.2	697.43	0.0014338	591.45	778.02	1.9764	0.98846	1.3976	739.27	-0.017956	7.163e-05	0.094857	supercritical
643.0	1304.5	698.27	0.0014321	591.29	778.11	1.9758	0.98857	1.3976	740.22	-0.018059	7.1749e-05	0.094962	supercritical
643.0	1307.8	699.11	0.0014304	591.13	778.19	1.9752	0.98869	1.3976	741.16	-0.018161	7.1868e-05	0.095067	supercritical
643.0	1311.0	699.94	0.0014287	590.97	778.27	1.9746	0.9888	1.3976	742.11	-0.018262	7.1987e-05	0.095172	supercritical
643.0	1314.2	700.78	0.001427	590.81	778.35	1.974	0.98892	1.3976	743.05	-0.018363	7.2107e-05	0.095277	supercritical
643.0	1317.5	701.61	0.0014253	590.65	778.44	1.9734	0.98903	1.3976	743.99	-0.018464	7.2226e-05	0.095381	supercritical
643.0	1320.8	702.44	0.0014236	590.5	778.52	1.9728	0.98915	1.3976	744.94	-0.018564	7.2345e-05	0.095486	supercritical
643.0	1324.0	703.26	0.0014219	590.34	778.61	1.9722	0.98926	1.3976	745.88	-0.018663	7.2464e-05	0.09559	supercritical
643.0	1327.2	704.09	0.0014203	590.18	778.69	1.9716	0.98938	1.3976	746.82	-0.018762	7.2583e-05	0.095695	supercritical
643.0	1330.5	704.91	0.0014186	590.03	778.78	1.971	0.98949	1.3976	747.75	-0.018861	7.2702e-05	0.095799	supercritical
643.0	1333.8	705.73	0.001417	589.87	778.86	1.9705	0.98961	1.3976	748.69	-0.018958	7.282e-05	0.095903	supercritical
643.0	1337.0	706.55	0.0014153	589.72	778.95	1.9699	0.98972	1.3976	749.63	-0.019056	7.2939e-05	0.096008	supercritical
643.0	1340.2	707.36	0.0014137	589.56	779.04	1.9693	0.98984	1.3976	750.56	-0.019152	7.3058e-05	0.096112	supercritical
643.0	1343.5	708.18	0.0014121	589.41	779.12	1.9687	0.98995	1.3976	751.5	-0.019249	7.3176e-05	0.096216	supercritical
643.0	1346.8	708.99	0.0014105	589.26	779.21	1.9681	0.99007	1.3976	752.43	-0.019344	7.3295e-05	0.096319	supercritical
643.0	1350.0	709.8	0.0014089	589.1	779.3	1.9676	0.99018	1.3976	753.36	-0.01944	7.3413e-05	0.096423	supercritical
643.0	1353.2	710.6	0.0014073	588.95	779.39	1.967	0.9903	1.3976	754.3	-0.019534	7.3532e-05	0.096527	supercritical
643.0	1356.5	711.41	0.0014057	588.8	779.48	1.9664	0.99041	1.3976	755.23	-0.019628	7.365e-05	0.096631	supercritical
643.0	1359.8	712.21	0.0014041	588.65	779.57	1.9658	0.99052	1.3976	756.16	-0.019722	7.3769e-05	0.096734	supercritical
643.0	1363.0	713.01	0.0014025	588.49	779.66	1.9653	0.99064	1.3976	757.08	-0.019815	7.3887e-05	0.096838	supercritical
643.0	1366.2	713.81	0.0014009	588.34	779.75	1.9647	0.99075	1.3976	758.01	-0.019908	7.4005e-05	0.096941	supercritical
643.0	1369.5	714.61	0.0013994	588.19	779.84	1.9641	0.99087	1.3976	758.94	-0.02	7.4123e-05	0.097045	supercritical
643.0	1372.8	715.4	0.0013978	588.04	779.93	1.9636	0.99098	1.3976	759.87	-0.020092	7.4241e-05	0.097148	supercritical
643.0	1376.0	716.2	0.0013963	587.89	780.02	1.963	0.9911	1.3976	760.79	-0.020183	7.4359e-05	0.097251	supercritical
643.0	1379.2	716.99	0.0013947	587.74	780.11	1.9625	0.99121	1.3976	761.71	-0.020274	7.4477e-05	0.097355	supercritical
643.0	1382.5	717.78	0.0013932	587.59	780.2	1.9619	0.99132	1.3976	762.64	-0.020364	7.4595e-05	0.097458	supercritical
643.0	1385.8	718.56	0.0013917	587.45	780.3	1.9613	0.99144	1.3976	763.56	-0.020454	7.4713e-05	0.097561	supercritical
643.0	1389.0	719.35	0.0013901	587.3	780.39	1.9608	0.99155	1.3976	764.48	-0.020543	7.483e-05	0.097664	supercritical
643.0	1392.2	720.13	0.0013886	587.15	780.48	1.9602	0.99167	1.3976	765.4	-0.020632	7.4948e-05	0.097767	supercritical
643.0	1395.5	720.91	0.0013871	587.0	780.58	1.9597	0.99178	1.3975	766.32	-0.02072	7.5066e-05	0.097869	supercritical
643.0	1398.8	721.69	0.0013856	586.85	780.67	1.9591	0.99189	1.3975	767.24	-0.020808	7.5183e-05	0.097972	supercritical
643.0	1402.0	722.47	0.0013841	586.71	780.77	1.9586	0.99201	1.3975	768.16	-0.020895	7.5301e-05	0.098075	supercritical
643.0	1405.2	723.24	0.0013827	586.56	780.86	1.958	0.99212	1.3975	769.07	-0.020982	7.5418e-05	0.098177	supercritical
643.0	1408.5	724.02	0.0013812	586.42	780.96	1.9575	0.99223	1.3975	769.99	-0.021069	7.5535e-05	0.09828	supercritical
643.0	1411.8	724.79	0.0013797	586.27	781.05	1.9569	0.99235	1.3975	770.9	-0.021155	7.5653e-05	0.098382	supercritical
643.0	1415.0	725.56	0.0013783	586.12	781.15	1.9564	0.99246	1.3975	771.81	-0.02124	7.577e-05	0.098485	supercritical
643.0	1418.2	726.32	0.0013768	585.98	781.24	1.9558	0.99257	1.3975	772.73	-0.021325	7.5887e-05	0.098587	supercritical
643.0	1421.5	727.09	0.0013753	585.84	781.34	1.9553	0.99269	1.3975	773.64	-0.02141	7.6004e-05	0.09869	supercritical
643.0	1424.8	727.85	0.0013739	585.69	781.44	1.9547	0.9928	1.3975	774.55	-0.021494	7.6121e-05	0.098792	supercritical
643.0	1428.0	728.61	0.0013725	585.55	781.54	1.9542	0.99291	1.3975	775.46	-0.021578	7.6238e-05	0.098894	supercritical
643.0	1431.2	729.37	0.001371	585.4	781.63	1.9536	0.99303	1.3975	776.37	-0.021661	7.6355e-05	0.098996	supercritical
643.0	1434.5	730.13	0.0013696	585.26	781.73	1.9531	0.99314	1.3975	777.27	-0.021744	7.6472e-05	0.099098	supercritical
643.0	1437.8	730.89	0.0013682	585.12	781.83	1.9526	0.99325	1.3975	778.18	-0.021827	7.6589e-05	0.0992	supercritical
643.0	1441.0	731.64	0.0013668	584.98	781.93	1.952	0.99337	1.3974	779.09	-0.021909	7.6706e-05	0.099302	supercritical
643.0	1444.2	732.39	0.0013654	584.84	782.03	1.9515	0.99348	1.3974	779.99	-0.02199	7.6822e-05	0.099404	supercritical
643.0	1447.5	733.14	0.001364	584.69	782.13	1.951	0.99359	1.3974	780.9	-0.022071	7.6939e-05	0.099506	supercritical
643.0	1450.8	733.89	0.0013626	584.55	782.23	1.9504	0.99371	1.3974	781.8	-0.022152	7.7055e-05	0.099608	supercritical
643.0	1454.0	734.64	0.0013612	584.41	782.33	1.9499	0.99382	1.3974	782.7	-0.022232	7.7172e-05	0.099709	supercritical
643.0	1457.2	735.38	0.0013598	584.27	782.43	1.9494	0.99393	1.3974	783.6	-0.022312	7.7288e-05	0.099811	supercritical
643.0	1460.5	736.13	0.0013585	584.13	782.54	1.9488	0.99405	1.3974	784.5	-0.022392	7.7405e-05	0.099913	supercritical
643.0	1463.8	736.87	0.0013571	583.99	782.64	1.9483	0.99416	1.3974	785.4	-0.022471	7.7521e-05	0.10001	supercritical
643.0	1467.0	737.61	0.0013557	583.85	782.74	1.9478	0.99427	1.3974	786.3	-0.022549	7.7637e-05	0.10012	supercritical
643.0	1470.2	738.35	0.0013544	583.71	782.84	1.9473	0.99438	1.3974	787.2	-0.022628	7.7753e-05	0.10022	supercritical
643.0	1473.5	739.08	0.001353	583.58	782.95	1.9467	0.9945	1.3973	788.09	-0.022705	7.787e-05	0.10032	supercritical
643.0	1476.8	739.82	0.0013517	583.44	783.05	1.9462	0.99461	1.3973	788.99	-0.022783	7.7986e-05	0.10042	supercritical
643.0	1480.0	740.55	0.0013503	583.3	783.15	1.9457	0.99472	1.3973	789.88	-0.02286	7.8102e-05	0.10052	supercritical
643.0	1483.2	741.28	0.001349	583.16	783.26	1.9452	0.99483	1.3973	790.77	-0.022937	7.8218e-05	0.10062	supercritical
643.0	1486.5	742.01	0.0013477	583.03	783.36	1.9446	0.99495	1.3973	791.67	-0.023013	7.8333e-05	0.10072	supercritical
643.0	1489.8	742.74	0.0013464	582.89	783.46	1.9441	0.99506	1.3973	792.56	-0.023089	7.8449e-05	0.10082	supercritical
643.0	1493.0	743.46	0.0013451	582.75	783.57	1.9436	0.99517	1.3973	793.45	-0.023164	7.8565e-05	0.10093	supercritical
643.0	1496.2	744.19	0.0013437	582.62	783.68	1.9431	0.99528	1.3973	794.34	-0.023239	7.8681e-05	0.10103	supercritical
643.0	1499.5	744.91	0.0013424	582.48	783.78	1.9426	0.9954	1.3973	795.23	-0.023314	7.8796e-05	0.10113	supercritical
643.0	1502.8	745.63	0.0013411	582.35	783.89	1.9421	0.99551	1.3972	796.11	-0.023388	7.8912e-05	0.10123	supercritical
643.0	1506.0	746.35	0.0013399	582.21	783.99	1.9416	0.99562	1.3972	797.0	-0.023462	7.9027e-05	0.10133	supercritical
643.0	1509.2	747.07	0.0013386	582.08	784.1	1.941	0.99573	1.3972	797.88	-0.023536	7.9143e-05	0.10143	supercritical
643.0	1512.5	747.78	0.0013373	581.94	784.21	1.9405	0.99585	1.3972	798.77	-0.023609	7.9258e-05	0.10153	supercritical
643.0	1515.8	748.5	0.001336	581.81	784.31	1.94	0.99596	1.3972	799.65	-0.023681	7.9374e-05	0.10163	supercritical
643.0	1519.0	749.21	0.0013347	581.67	784.42	1.9395	0.99607	1.3972	800.54	-0.023754	7.9489e-05	0.10173	supercritical
643.0	1522.2	749.92	0.0013335	581.54	784.53	1.939	0.99618	1.3972	801.42	-0.023826	7.9604e-05	0.10183	supercritical
643.0	1525.5	750.63	0.0013322	581.41	784.64	1.9385	0.99629	1.3972	802.3	-0.023898	7.9719e-05	0.10193	supercritical
643.0	1528.8	751.33	0.001331	581.28	784.75	1.938	0.99641	1.3971	803.18	-0.023969	7.9834e-05	0.10203	supercritical
643.0	1532.0	752.04	0.0013297	581.14	784.86	1.9375	0.99652	1.3971	804.06	-0.02404	7.9949e-05	0.10213	supercritical
643.0	1535.2	752.74	0.0013285	581.01	784.97	1.937	0.99663	1.3971	804.93	-0.02411	8.0064e-05	0.10224	supercritical
643.0	1538.5	753.45	0.0013272	580.88	785.08	1.9365	0.99674	1.3971	805.81	-0.02418	8.0179e-05	0.10234	supercritical
643.0	1541.8	754.15	0.001326	580.75	785.19	1.936	0.99685	1.3971	806.69	-0.02425	8.0294e-05	0.10244	supercritical
643.0	1545.0	754.85	0.0013248	580.62	785.3	1.9355	0.99697	1.3971	807.56	-0.02432	8.0409e-05	0.10254	supercritical
643.0	1548.2	755.54	0.0013235	580.49	785.41	1.935	0.99708	1.3971	808.44	-0.024389	8.0524e-05	0.10264	supercritical
643.0	1551.5	756.24	0.0013223	580.36	785.52	1.9345	0.99719	1.3971	809.31	-0.024458	8.0638e-05	0.10274	supercritical
643.0	1554.8	756.93	0.0013211	580.23	785.63	1.934	0.9973	1.397	810.18	-0.024526	8.0753e-05	0.10284	supercritical
643.0	1558.0	757.63	0.0013199	580.1	785.74	1.9335	0.99741	1.397	811.05	-0.024594	8.0868e-05	0.10294	supercritical
643.0	1561.2	758.32	0.0013187	579.97	785.85	1.933	0.99752	1.397	811.92	-0.024662	8.0982e-05	0.10304	supercritical
643.0	1564.5	759.01	0.0013175	579.84	785.96	1.9325	0.99764	1.397	812.79	-0.024729	8.1097e-05	0.10314	supercritical
643.0	1567.8	759.7	0.0013163	579.71	786.08	1.932	0.99775	1.397	813.66	-0.024796	8.1211e-05	0.10324	supercritical
643.0	1571.0	760.38	0.0013151	579.58	786.19	1.9316	0.99786	1.397	814.53	-0.024863	8.1325e-05	0.10334	supercritical
643.0	1574.2	761.07	0.0013139	579.45	786.3	1.9311	0.99797	1.397	815.39	-0.024929	8.144e-05	0.10344	supercritical
643.0	1577.5	761.75	0.0013128	579.33	786.42	1.9306	0.99808	1.397	816.26	-0.024995	8.1554e-05	0.10354	supercritical
643.0	1580.8	762.43	0.0013116	579.2	786.53	1.9301	0.99819	1.3969	817.12	-0.025061	8.1668e-05	0.10364	supercritical
643.0	1584.0	763.11	0.0013104	579.07	786.64	1.9296	0.9983	1.3969	817.99	-0.025126	8.1782e-05	0.10374	supercritical
643.0	1587.2	763.79	0.0013093	578.95	786.76	1.9291	0.99842	1.3969	818.85	-0.025191	8.1896e-05	0.10384	supercritical
643.0	1590.5	764.47	0.0013081	578.82	786.87	1.9286	0.99853	1.3969	819.71	-0.025256	8.201e-05	0.10394	supercritical
643.0	1593.8	765.15	0.0013069	578.69	786.99	1.9282	0.99864	1.3969	820.57	-0.025321	8.2124e-05	0.10404	supercritical
643.0	1597.0	765.82	0.0013058	578.57	787.1	1.9277	0.99875	1.3969	821.43	-0.025385	8.2238e-05	0.10414	supercritical
643.0	1600.2	766.49	0.0013046	578.44	787.22	1.9272	0.99886	1.3969	822.29	-0.025448	8.2352e-05	0.10424	supercritical
643.0	1603.5	767.16	0.0013035	578.32	787.33	1.9267	0.99897	1.3969	823.15	-0.025512	8.2466e-05	0.10434	supercritical
643.0	1606.8	767.83	0.0013024	578.19	787.45	1.9262	0.99908	1.3968	824.01	-0.025575	8.2579e-05	0.10444	supercritical
643.0	1610.0	768.5	0.0013012	578.07	787.56	1.9258	0.99919	1.3968	824.86	-0.025638	8.2693e-05	0.10454	supercritical
643.0	1613.2	769.17	0.0013001	577.94	787.68	1.9253	0.9993	1.3968	825.72	-0.0257	8.2807e-05	0.10463	supercritical
643.0	1616.5	769.84	0.001299	577.82	787.8	1.9248	0.99941	1.3968	826.57	-0.025762	8.292e-05	0.10473	supercritical
643.0	1619.8	770.5	0.0012979	577.69	787.92	1.9243	0.99953	1.3968	827.42	-0.025824	8.3034e-05	0.10483	supercritical
643.0	1623.0	771.16	0.0012967	577.57	788.03	1.9239	0.99964	1.3968	828.28	-0.025886	8.3147e-05	0.10493	supercritical
643.0	1626.2	771.82	0.0012956	577.45	788.15	1.9234	0.99975	1.3968	829.13	-0.025947	8.3261e-05	0.10503	supercritical
643.0	1629.5	772.48	0.0012945	577.32	788.27	1.9229	0.99986	1.3967	829.98	-0.026008	8.3374e-05	0.10513	supercritical
643.0	1632.8	773.14	0.0012934	577.2	788.39	1.9224	0.99997	1.3967	830.83	-0.026068	8.3487e-05	0.10523	supercritical
643.0	1636.0	773.8	0.0012923	577.08	788.5	1.922	1.0001	1.3967	831.67	-0.026128	8.36e-05	0.10533	supercritical
643.0	1639.2	774.45	0.0012912	576.96	788.62	1.9215	1.0002	1.3967	832.52	-0.026188	8.3714e-05	0.10543	supercritical
643.0	1642.5	775.11	0.0012901	576.84	788.74	1.921	1.0003	1.3967	833.37	-0.026248	8.3827e-05	0.10553	supercritical
643.0	1645.8	775.76	0.0012891	576.72	788.86	1.9206	1.0004	1.3967	834.21	-0.026308	8.394e-05	0.10563	supercritical
643.0	1649.0	776.41	0.001288	576.59	788.98	1.9201	1.0005	1.3967	835.06	-0.026367	8.4053e-05	0.10573	supercritical
643.0	1652.2	777.06	0.0012869	576.47	789.1	1.9196	1.0006	1.3967	835.9	-0.026425	8.4166e-05	0.10583	supercritical
643.0	1655.5	777.71	0.0012858	576.35	789.22	1.9192	1.0007	1.3966	836.75	-0.026484	8.4279e-05	0.10593	supercritical
643.0	1658.8	778.36	0.0012848	576.23	789.34	1.9187	1.0009	1.3966	837.59	-0.026542	8.4391e-05	0.10603	supercritical
643.0	1662.0	779.0	0.0012837	576.11	789.46	1.9183	1.001	1.3966	838.43	-0.0266	8.4504e-05	0.10612	supercritical
643.0	1665.2	779.65	0.0012826	575.99	789.58	1.9178	1.0011	1.3966	839.27	-0.026658	8.4617e-05	0.10622	supercritical
643.0	1668.5	780.29	0.0012816	575.87	789.7	1.9173	1.0012	1.3966	840.11	-0.026715	8.473e-05	0.10632	supercritical
643.0	1671.8	780.93	0.0012805	575.75	789.83	1.9169	1.0013	1.3966	840.95	-0.026772	8.4842e-05	0.10642	supercritical
643.0	1675.0	781.57	0.0012795	575.64	789.95	1.9164	1.0014	1.3966	841.78	-0.026829	8.4955e-05	0.10652	supercritical
643.0	1678.2	782.21	0.0012784	575.52	790.07	1.916	1.0015	1.3966	842.62	-0.026885	8.5067e-05	0.10662	supercritical
643.0	1681.5	782.85	0.0012774	575.4	790.19	1.9155	1.0016	1.3965	843.45	-0.026942	8.518e-05	0.10672	supercritical
643.0	1684.8	783.49	0.0012763	575.28	790.31	1.9151	1.0017	1.3965	844.29	-0.026998	8.5292e-05	0.10682	supercritical
643.0	1688.0	784.12	0.0012753	575.16	790.44	1.9146	1.0018	1.3965	845.12	-0.027053	8.5405e-05	0.10692	supercritical
643.0	1691.2	784.75	0.0012743	575.05	790.56	1.9141	1.002	1.3965	845.95	-0.027109	8.5517e-05	0.10702	supercritical
643.0	1694.5	785.39	0.0012733	574.93	790.68	1.9137	1.0021	1.3965	846.79	-0.027164	8.5629e-05	0.10711	supercritical
643.0	1697.8	786.02	0.0012722	574.81	790.81	1.9132	1.0022	1.3965	847.62	-0.027219	8.5741e-05	0.10721	supercritical
643.0	1701.0	786.65	0.0012712	574.7	790.93	1.9128	1.0023	1.3965	848.45	-0.027273	8.5854e-05	0.10731	supercritical
643.0	1704.2	787.28	0.0012702	574.58	791.05	1.9123	1.0024	1.3964	849.28	-0.027328	8.5966e-05	0.10741	supercritical
643.0	1707.5	787.9	0.0012692	574.46	791.18	1.9119	1.0025	1.3964	850.1	-0.027382	8.6078e-05	0.10751	supercritical
643.0	1710.8	788.53	0.0012682	574.35	791.3	1.9114	1.0026	1.3964	850.93	-0.027435	8.619e-05	0.10761	supercritical
643.0	1714.0	789.15	0.0012672	574.23	791.43	1.911	1.0027	1.3964	851.76	-0.027489	8.6302e-05	0.10771	supercritical
643.0	1717.2	789.78	0.0012662	574.12	791.55	1.9106	1.0028	1.3964	852.58	-0.027542	8.6413e-05	0.10781	supercritical
643.0	1720.5	790.4	0.0012652	574.0	791.68	1.9101	1.0029	1.3964	853.41	-0.027595	8.6525e-05	0.1079	supercritical
643.0	1723.8	791.02	0.0012642	573.89	791.8	1.9097	1.0031	1.3964	854.23	-0.027648	8.6637e-05	0.108	supercritical
643.0	1727.0	791.64	0.0012632	573.77	791.93	1.9092	1.0032	1.3964	855.05	-0.0277	8.6749e-05	0.1081	supercritical
643.0	1730.2	792.26	0.0012622	573.66	792.05	1.9088	1.0033	1.3964	855.87	-0.027753	8.6861e-05	0.1082	supercritical
643.0	1733.5	792.87	0.0012612	573.54	792.18	1.9083	1.0034	1.3963	856.69	-0.027805	8.6972e-05	0.1083	supercritical
643.0	1736.8	793.49	0.0012603	573.43	792.31	1.9079	1.0035	1.3963	857.51	-0.027856	8.7084e-05	0.1084	supercritical
643.0	1740.0	794.1	0.0012593	573.32	792.43	1.9075	1.0036	1.3963	858.33	-0.027908	8.7195e-05	0.1085	supercritical
643.0	1743.2	794.72	0.0012583	573.2	792.56	1.907	1.0037	1.3963	859.15	-0.027959	8.7307e-05	0.10859	supercritical
643.0	1746.5	795.33	0.0012573	573.09	792.69	1.9066	1.0038	1.3963	859.97	-0.02801	8.7418e-05	0.10869	supercritical
643.0	1749.8	795.94	0.0012564	572.98	792.81	1.9061	1.0039	1.3963	860.78	-0.028061	8.753e-05	0.10879	supercritical
643.0	1753.0	796.55	0.0012554	572.87	792.94	1.9057	1.004	1.3963	861.6	-0.028111	8.7641e-05	0.10889	supercritical
643.0	1756.2	797.16	0.0012545	572.75	793.07	1.9053	1.0042	1.3963	862.41	-0.028161	8.7752e-05	0.10899	supercritical
643.0	1759.5	797.76	0.0012535	572.64	793.2	1.9048	1.0043	1.3962	863.22	-0.028211	8.7863e-05	0.10909	supercritical
643.0	1762.8	798.37	0.0012526	572.53	793.32	1.9044	1.0044	1.3962	864.04	-0.028261	8.7975e-05	0.10919	supercritical
643.0	1766.0	798.97	0.0012516	572.42	793.45	1.904	1.0045	1.3962	864.85	-0.02831	8.8086e-05	0.10928	supercritical
643.0	1769.2	799.58	0.0012507	572.31	793.58	1.9035	1.0046	1.3962	865.66	-0.02836	8.8197e-05	0.10938	supercritical
643.0	1772.5	800.18	0.0012497	572.2	793.71	1.9031	1.0047	1.3962	866.47	-0.028409	8.8308e-05	0.10948	supercritical
643.0	1775.8	800.78	0.0012488	572.09	793.84	1.9027	1.0048	1.3962	867.28	-0.028457	8.8419e-05	0.10958	supercritical
643.0	1779.0	801.38	0.0012478	571.98	793.97	1.9022	1.0049	1.3962	868.09	-0.028506	8.853e-05	0.10968	supercritical
643.0	1782.2	801.98	0.0012469	571.87	794.1	1.9018	1.005	1.3962	868.89	-0.028554	8.8641e-05	0.10978	supercritical
643.0	1785.5	802.58	0.001246	571.76	794.23	1.9014	1.0051	1.3962	869.7	-0.028602	8.8752e-05	0.10987	supercritical
643.0	1788.8	803.17	0.0012451	571.65	794.36	1.901	1.0052	1.3961	870.5	-0.02865	8.8862e-05	0.10997	supercritical
643.0	1792.0	803.77	0.0012441	571.54	794.49	1.9005	1.0054	1.3961	871.31	-0.028698	8.8973e-05	0.11007	supercritical
643.0	1795.2	804.36	0.0012432	571.43	794.62	1.9001	1.0055	1.3961	872.11	-0.028745	8.9084e-05	0.11017	supercritical
643.0	1798.5	804.95	0.0012423	571.32	794.75	1.8997	1.0056	1.3961	872.91	-0.028792	8.9194e-05	0.11027	supercritical
643.0	1801.8	805.55	0.0012414	571.21	794.88	1.8993	1.0057	1.3961	873.72	-0.028839	8.9305e-05	0.11037	supercritical
643.0	1805.0	806.14	0.0012405	571.1	795.01	1.8988	1.0058	1.3961	874.52	-0.028886	8.9416e-05	0.11046	supercritical
643.0	1808.2	806.73	0.0012396	570.99	795.14	1.8984	1.0059	1.3961	875.32	-0.028933	8.9526e-05	0.11056	supercritical
643.0	1811.5	807.31	0.0012387	570.89	795.27	1.898	1.006	1.3961	876.12	-0.028979	8.9637e-05	0.11066	supercritical
643.0	1814.8	807.9	0.0012378	570.78	795.4	1.8976	1.0061	1.3961	876.91	-0.029025	8.9747e-05	0.11076	supercritical
643.0	1818.0	808.49	0.0012369	570.67	795.54	1.8971	1.0062	1.3961	877.71	-0.029071	8.9857e-05	0.11086	supercritical
643.0	1821.2	809.07	0.001236	570.56	795.67	1.8967	1.0063	1.396	878.51	-0.029116	8.9968e-05	0.11096	supercritical
643.0	1824.5	809.66	0.0012351	570.46	795.8	1.8963	1.0064	1.396	879.3	-0.029162	9.0078e-05	0.11105	supercritical
643.0	1827.8	810.24	0.0012342	570.35	795.93	1.8959	1.0065	1.396	880.1	-0.029207	9.0188e-05	0.11115	supercritical
643.0	1831.0	810.82	0.0012333	570.24	796.07	1.8955	1.0067	1.396	880.89	-0.029252	9.0298e-05	0.11125	supercritical
643.0	1834.2	811.4	0.0012324	570.14	796.2	1.8951	1.0068	1.396	881.68	-0.029296	9.0409e-05	0.11135	supercritical
643.0	1837.5	811.98	0.0012316	570.03	796.33	1.8946	1.0069	1.396	882.48	-0.029341	9.0519e-05	0.11145	supercritical
643.0	1840.8	812.56	0.0012307	569.93	796.46	1.8942	1.007	1.396	883.27	-0.029385	9.0629e-05	0.11154	supercritical
643.0	1844.0	813.13	0.0012298	569.82	796.6	1.8938	1.0071	1.396	884.06	-0.029429	9.0739e-05	0.11164	supercritical
643.0	1847.2	813.71	0.0012289	569.72	796.73	1.8934	1.0072	1.396	884.85	-0.029473	9.0849e-05	0.11174	supercritical
643.0	1850.5	814.28	0.0012281	569.61	796.87	1.893	1.0073	1.396	885.63	-0.029517	9.0959e-05	0.11184	supercritical
643.0	1853.8	814.86	0.0012272	569.51	797.0	1.8926	1.0074	1.3959	886.42	-0.02956	9.1068e-05	0.11194	supercritical
643.0	1857.0	815.43	0.0012263	569.4	797.13	1.8922	1.0075	1.3959	887.21	-0.029604	9.1178e-05	0.11203	supercritical
643.0	1860.2	816.0	0.0012255	569.3	797.27	1.8917	1.0076	1.3959	888.0	-0.029647	9.1288e-05	0.11213	supercritical
643.0	1863.5	816.57	0.0012246	569.19	797.4	1.8913	1.0077	1.3959	888.78	-0.02969	9.1398e-05	0.11223	supercritical
643.0	1866.8	817.14	0.0012238	569.09	797.54	1.8909	1.0079	1.3959	889.56	-0.029732	9.1507e-05	0.11233	supercritical
643.0	1870.0	817.71	0.0012229	568.98	797.67	1.8905	1.008	1.3959	890.35	-0.029775	9.1617e-05	0.11243	supercritical
643.0	1873.2	818.28	0.0012221	568.88	797.81	1.8901	1.0081	1.3959	891.13	-0.029817	9.1727e-05	0.11252	supercritical
643.0	1876.5	818.84	0.0012212	568.78	797.94	1.8897	1.0082	1.3959	891.91	-0.029859	9.1836e-05	0.11262	supercritical
643.0	1879.8	819.41	0.0012204	568.67	798.08	1.8893	1.0083	1.3959	892.69	-0.029901	9.1946e-05	0.11272	supercritical
643.0	1883.0	819.97	0.0012196	568.57	798.21	1.8889	1.0084	1.3959	893.47	-0.029943	9.2055e-05	0.11282	supercritical
643.0	1886.2	820.54	0.0012187	568.47	798.35	1.8885	1.0085	1.3959	894.25	-0.029984	9.2165e-05	0.11292	supercritical
643.0	1889.5	821.1	0.0012179	568.37	798.49	1.8881	1.0086	1.3958	895.03	-0.030026	9.2274e-05	0.11301	supercritical
643.0	1892.8	821.66	0.0012171	568.26	798.62	1.8877	1.0087	1.3958	895.81	-0.030067	9.2383e-05	0.11311	supercritical
643.0	1896.0	822.22	0.0012162	568.16	798.76	1.8873	1.0088	1.3958	896.58	-0.030108	9.2493e-05	0.11321	supercritical
643.0	1899.2	822.78	0.0012154	568.06	798.9	1.8869	1.0089	1.3958	897.36	-0.030148	9.2602e-05	0.11331	supercritical
643.0	1902.5	823.34	0.0012146	567.96	799.03	1.8865	1.009	1.3958	898.13	-0.030189	9.2711e-05	0.11341	supercritical
643.0	1905.8	823.89	0.0012138	567.86	799.17	1.8861	1.0091	1.3958	898.91	-0.030229	9.282e-05	0.1135	supercritical
643.0	1909.0	824.45	0.0012129	567.76	799.31	1.8857	1.0093	1.3958	899.68	-0.030269	9.2929e-05	0.1136	supercritical
643.0	1912.2	825.0	0.0012121	567.66	799.44	1.8853	1.0094	1.3958	900.45	-0.030309	9.3038e-05	0.1137	supercritical
643.0	1915.5	825.56	0.0012113	567.56	799.58	1.8849	1.0095	1.3958	901.22	-0.030349	9.3147e-05	0.1138	supercritical
643.0	1918.8	826.11	0.0012105	567.46	799.72	1.8845	1.0096	1.3958	902.0	-0.030389	9.3256e-05	0.1139	supercritical
643.0	1922.0	826.66	0.0012097	567.36	799.86	1.8841	1.0097	1.3958	902.76	-0.030428	9.3365e-05	0.11399	supercritical
643.0	1925.2	827.21	0.0012089	567.26	800.0	1.8837	1.0098	1.3958	903.53	-0.030467	9.3474e-05	0.11409	supercritical
643.0	1928.5	827.76	0.0012081	567.16	800.13	1.8833	1.0099	1.3958	904.3	-0.030506	9.3583e-05	0.11419	supercritical
643.0	1931.8	828.31	0.0012073	567.06	800.27	1.8829	1.01	1.3958	905.07	-0.030545	9.3692e-05	0.11429	supercritical
643.0	1935.0	828.86	0.0012065	566.96	800.41	1.8825	1.0101	1.3957	905.84	-0.030584	9.3801e-05	0.11439	supercritical
643.0	1938.2	829.4	0.0012057	566.86	800.55	1.8821	1.0102	1.3957	906.6	-0.030622	9.3909e-05	0.11448	supercritical
643.0	1941.5	829.95	0.0012049	566.76	800.69	1.8817	1.0103	1.3957	907.37	-0.030661	9.4018e-05	0.11458	supercritical
643.0	1944.8	830.5	0.0012041	566.66	800.83	1.8813	1.0104	1.3957	908.13	-0.030699	9.4127e-05	0.11468	supercritical
643.0	1948.0	831.04	0.0012033	566.56	800.97	1.8809	1.0105	1.3957	908.89	-0.030737	9.4235e-05	0.11478	supercritical
643.0	1951.2	831.58	0.0012025	566.46	801.11	1.8805	1.0107	1.3957	909.66	-0.030775	9.4344e-05	0.11488	supercritical
643.0	1954.5	832.12	0.0012017	566.37	801.25	1.8801	1.0108	1.3957	910.42	-0.030812	9.4452e-05	0.11497	supercritical
643.0	1957.8	832.67	0.001201	566.27	801.39	1.8798	1.0109	1.3957	911.18	-0.03085	9.4561e-05	0.11507	supercritical
643.0	1961.0	833.21	0.0012002	566.17	801.53	1.8794	1.011	1.3957	911.94	-0.030887	9.4669e-05	0.11517	supercritical
643.0	1964.2	833.74	0.0011994	566.07	801.67	1.879	1.0111	1.3957	912.7	-0.030924	9.4778e-05	0.11527	supercritical
643.0	1967.5	834.28	0.0011986	565.98	801.81	1.8786	1.0112	1.3957	913.45	-0.030961	9.4886e-05	0.11537	supercritical
643.0	1970.8	834.82	0.0011979	565.88	801.95	1.8782	1.0113	1.3957	914.21	-0.030998	9.4995e-05	0.11546	supercritical
643.0	1974.0	835.36	0.0011971	565.78	802.09	1.8778	1.0114	1.3957	914.97	-0.031034	9.5103e-05	0.11556	supercritical
643.0	1977.2	835.89	0.0011963	565.68	802.23	1.8774	1.0115	1.3957	915.72	-0.031071	9.5211e-05	0.11566	supercritical
643.0	1980.5	836.43	0.0011956	565.59	802.37	1.877	1.0116	1.3957	916.48	-0.031107	9.5319e-05	0.11576	supercritical
643.0	1983.8	836.96	0.0011948	565.49	802.51	1.8767	1.0117	1.3956	917.23	-0.031143	9.5427e-05	0.11585	supercritical
643.0	1987.0	837.49	0.001194	565.4	802.65	1.8763	1.0118	1.3956	917.99	-0.031179	9.5536e-05	0.11595	supercritical
643.0	1990.2	838.02	0.0011933	565.3	802.79	1.8759	1.0119	1.3956	918.74	-0.031215	9.5644e-05	0.11605	supercritical
643.0	1993.5	838.55	0.0011925	565.2	802.94	1.8755	1.012	1.3956	919.49	-0.031251	9.5752e-05	0.11615	supercritical
643.0	1996.8	839.08	0.0011918	565.11	803.08	1.8751	1.0122	1.3956	920.24	-0.031286	9.586e-05	0.11625	supercritical
643.0	2000.0	839.61	0.001191	565.01	803.22	1.8748	1.0123	1.3956	920.99	-0.031322	9.5968e-05	0.11634	supercritical
