Temperature (K)	Pressure (bar)	Density (kg/m3)	Volume (m3/kg)	Internal Energy (kJ/kg)	Enthalpy (kJ/kg)	Entropy (J/g*K)	Cv (J/g*K)	Cp (J/g*K)	Sound Spd. (m/s)	Joule-Thomson (K/bar)	Viscosity (Pa*s)	Therm. Cond. (W/m*K)	Phase
633.0	56.5	47.608	0.021005	706.6	825.28	2.6925	0.91159	1.132	382.83	0.16169	2.9786e-05	0.045348	vapor
633.0	59.75	50.362	0.019856	706.05	824.69	2.681	0.912	1.1342	383.05	0.16079	2.983e-05	0.045447	vapor
633.0	63.0	53.117	0.018826	705.49	824.1	2.6702	0.91241	1.1364	383.28	0.1599	2.9875e-05	0.045546	vapor
633.0	66.25	55.873	0.017898	704.93	823.51	2.6598	0.91281	1.1387	383.52	0.15901	2.9919e-05	0.045645	vapor
633.0	69.5	58.629	0.017056	704.38	822.92	2.6499	0.91322	1.1409	383.76	0.15811	2.9965e-05	0.045744	vapor
633.0	72.75	61.387	0.01629	703.82	822.33	2.6404	0.91362	1.1432	384.01	0.15722	3.0011e-05	0.045842	vapor
633.0	76.0	64.145	0.01559	703.27	821.75	2.6313	0.91402	1.1454	384.27	0.15632	3.0057e-05	0.045941	vapor
633.0	76.0	64.145	0.01559	703.27	821.75	2.6313	0.91402	1.1454	384.27	0.15632	3.0057e-05	0.045941	supercritical
633.0	76.0	64.145	0.01559	703.27	821.75	2.6313	0.91402	1.1454	384.27	0.15632	3.0057e-05	0.045941	supercritical
633.0	79.25	66.903	0.014947	702.72	821.17	2.6226	0.91442	1.1476	384.54	0.15542	3.0104e-05	0.04604	supercritical
633.0	82.5	69.661	0.014355	702.16	820.59	2.6142	0.91482	1.1499	384.81	0.15453	3.0152e-05	0.046139	supercritical
633.0	85.75	72.42	0.013808	701.61	820.02	2.606	0.91522	1.1521	385.1	0.15363	3.02e-05	0.046238	supercritical
633.0	89.0	75.179	0.013302	701.06	819.44	2.5982	0.91562	1.1543	385.38	0.15273	3.0249e-05	0.046337	supercritical
633.0	92.25	77.937	0.012831	700.51	818.87	2.5905	0.91601	1.1566	385.68	0.15183	3.0298e-05	0.046436	supercritical
633.0	95.5	80.696	0.012392	699.95	818.3	2.5832	0.91641	1.1588	385.99	0.15092	3.0348e-05	0.046536	supercritical
633.0	98.75	83.454	0.011983	699.4	817.73	2.576	0.9168	1.161	386.3	0.15002	3.0399e-05	0.046636	supercritical
633.0	102.0	86.212	0.011599	698.86	817.17	2.5691	0.91719	1.1632	386.62	0.14911	3.045e-05	0.046736	supercritical
633.0	105.25	88.969	0.01124	698.31	816.61	2.5623	0.91758	1.1654	386.95	0.14821	3.0501e-05	0.046837	supercritical
633.0	108.5	91.726	0.010902	697.76	816.05	2.5558	0.91797	1.1677	387.28	0.1473	3.0554e-05	0.046938	supercritical
633.0	111.75	94.482	0.010584	697.21	815.49	2.5494	0.91835	1.1699	387.63	0.14639	3.0606e-05	0.047039	supercritical
633.0	115.0	97.237	0.010284	696.66	814.93	2.5431	0.91874	1.1721	387.98	0.14548	3.066e-05	0.047141	supercritical
633.0	118.25	99.99	0.010001	696.12	814.38	2.537	0.91912	1.1743	388.34	0.14456	3.0714e-05	0.047243	supercritical
633.0	121.5	102.74	0.009733	695.57	813.83	2.5311	0.9195	1.1765	388.7	0.14365	3.0769e-05	0.047346	supercritical
633.0	124.75	105.49	0.0094792	695.03	813.28	2.5253	0.91988	1.1787	389.08	0.14273	3.0824e-05	0.047449	supercritical
633.0	128.0	108.24	0.0092383	694.48	812.74	2.5196	0.92026	1.1808	389.46	0.14182	3.088e-05	0.047553	supercritical
633.0	131.25	110.99	0.0090096	693.94	812.19	2.5141	0.92064	1.183	389.85	0.1409	3.0937e-05	0.047658	supercritical
633.0	134.5	113.74	0.008792	693.4	811.65	2.5087	0.92101	1.1852	390.25	0.13998	3.0994e-05	0.047763	supercritical
633.0	137.75	116.49	0.0085848	692.86	811.11	2.5034	0.92139	1.1874	390.66	0.13905	3.1052e-05	0.047868	supercritical
633.0	141.0	119.23	0.0083872	692.32	810.58	2.4982	0.92176	1.1895	391.07	0.13813	3.111e-05	0.047975	supercritical
633.0	144.25	121.97	0.0081987	691.78	810.05	2.4931	0.92213	1.1917	391.49	0.1372	3.117e-05	0.048082	supercritical
633.0	147.5	124.71	0.0080186	691.24	809.52	2.4881	0.92249	1.1938	391.92	0.13628	3.123e-05	0.048189	supercritical
633.0	150.75	127.45	0.0078464	690.7	808.99	2.4832	0.92286	1.1959	392.36	0.13535	3.129e-05	0.048298	supercritical
633.0	154.0	130.18	0.0076816	690.17	808.46	2.4783	0.92322	1.1981	392.81	0.13442	3.1351e-05	0.048407	supercritical
633.0	157.25	132.91	0.0075237	689.63	807.94	2.4736	0.92359	1.2002	393.26	0.13349	3.1413e-05	0.048516	supercritical
633.0	160.5	135.64	0.0073723	689.1	807.42	2.469	0.92395	1.2023	393.72	0.13256	3.1476e-05	0.048627	supercritical
633.0	163.75	138.37	0.007227	688.56	806.91	2.4644	0.92431	1.2044	394.19	0.13163	3.1539e-05	0.048738	supercritical
633.0	167.0	141.09	0.0070875	688.03	806.39	2.4599	0.92466	1.2065	394.67	0.13069	3.1603e-05	0.04885	supercritical
633.0	170.25	143.81	0.0069534	687.5	805.88	2.4555	0.92502	1.2086	395.16	0.12976	3.1667e-05	0.048963	supercritical
633.0	173.5	146.53	0.0068244	686.97	805.37	2.4512	0.92537	1.2107	395.65	0.12882	3.1732e-05	0.049076	supercritical
633.0	176.75	149.25	0.0067003	686.44	804.87	2.4469	0.92572	1.2127	396.16	0.12789	3.1798e-05	0.049191	supercritical
633.0	180.0	151.96	0.0065808	685.91	804.36	2.4427	0.92607	1.2148	396.67	0.12695	3.1865e-05	0.049306	supercritical
633.0	183.25	154.67	0.0064656	685.38	803.86	2.4386	0.92642	1.2168	397.19	0.12601	3.1932e-05	0.049422	supercritical
633.0	186.5	157.37	0.0063545	684.86	803.37	2.4345	0.92676	1.2189	397.71	0.12507	3.2e-05	0.049539	supercritical
633.0	189.75	160.07	0.0062473	684.33	802.87	2.4305	0.92711	1.2209	398.25	0.12414	3.2068e-05	0.049656	supercritical
633.0	193.0	162.77	0.0061438	683.81	802.38	2.4265	0.92745	1.2229	398.79	0.1232	3.2137e-05	0.049775	supercritical
633.0	196.25	165.46	0.0060438	683.29	801.89	2.4226	0.92779	1.2249	399.34	0.12226	3.2207e-05	0.049894	supercritical
633.0	199.5	168.15	0.0059472	682.76	801.41	2.4188	0.92813	1.2269	399.9	0.12132	3.2278e-05	0.050014	supercritical
633.0	202.75	170.83	0.0058537	682.24	800.93	2.415	0.92846	1.2289	400.47	0.12038	3.2349e-05	0.050135	supercritical
633.0	206.0	173.51	0.0057633	681.72	800.45	2.4112	0.9288	1.2308	401.05	0.11944	3.2421e-05	0.050257	supercritical
633.0	209.25	176.19	0.0056758	681.21	799.97	2.4075	0.92913	1.2328	401.63	0.1185	3.2494e-05	0.050379	supercritical
633.0	212.5	178.86	0.005591	680.69	799.5	2.4039	0.92946	1.2347	402.22	0.11756	3.2567e-05	0.050503	supercritical
633.0	215.75	181.52	0.0055089	680.17	799.03	2.4003	0.92979	1.2366	402.82	0.11662	3.2641e-05	0.050627	supercritical
633.0	219.0	184.19	0.0054293	679.66	798.56	2.3968	0.93011	1.2386	403.43	0.11568	3.2716e-05	0.050752	supercritical
633.0	222.25	186.84	0.0053521	679.15	798.1	2.3933	0.93044	1.2405	404.05	0.11475	3.2791e-05	0.050878	supercritical
633.0	225.5	189.49	0.0052772	678.63	797.64	2.3898	0.93076	1.2424	404.67	0.11381	3.2867e-05	0.051005	supercritical
633.0	228.75	192.14	0.0052045	678.12	797.18	2.3864	0.93108	1.2442	405.31	0.11287	3.2944e-05	0.051132	supercritical
633.0	232.0	194.78	0.005134	677.61	796.72	2.383	0.9314	1.2461	405.95	0.11194	3.3021e-05	0.051261	supercritical
633.0	235.25	197.42	0.0050654	677.11	796.27	2.3797	0.93171	1.2479	406.6	0.11101	3.3099e-05	0.05139	supercritical
633.0	238.5	200.05	0.0049988	676.6	795.82	2.3764	0.93203	1.2498	407.25	0.11007	3.3178e-05	0.05152	supercritical
633.0	241.75	202.67	0.0049341	676.1	795.38	2.3731	0.93234	1.2516	407.92	0.10914	3.3257e-05	0.051651	supercritical
633.0	245.0	205.29	0.0048711	675.59	794.93	2.3699	0.93265	1.2534	408.59	0.10821	3.3338e-05	0.051783	supercritical
633.0	248.25	207.9	0.0048099	675.09	794.5	2.3668	0.93296	1.2552	409.27	0.10728	3.3418e-05	0.051915	supercritical
633.0	251.5	210.51	0.0047503	674.59	794.06	2.3636	0.93327	1.257	409.96	0.10636	3.35e-05	0.052049	supercritical
633.0	254.75	213.11	0.0046923	674.09	793.63	2.3605	0.93357	1.2587	410.65	0.10543	3.3582e-05	0.052183	supercritical
633.0	258.0	215.71	0.0046359	673.59	793.2	2.3574	0.93388	1.2605	411.36	0.10451	3.3665e-05	0.052318	supercritical
633.0	261.25	218.3	0.0045809	673.09	792.77	2.3544	0.93418	1.2622	412.07	0.10359	3.3748e-05	0.052453	supercritical
633.0	264.5	220.88	0.0045273	672.6	792.35	2.3514	0.93448	1.2639	412.79	0.10267	3.3832e-05	0.052589	supercritical
633.0	267.75	223.46	0.0044751	672.11	791.93	2.3484	0.93477	1.2656	413.51	0.10176	3.3917e-05	0.052727	supercritical
633.0	271.0	226.03	0.0044242	671.61	791.51	2.3455	0.93507	1.2673	414.25	0.10084	3.4002e-05	0.052864	supercritical
633.0	274.25	228.59	0.0043746	671.12	791.1	2.3426	0.93536	1.269	414.99	0.099933	3.4088e-05	0.053003	supercritical
633.0	277.5	231.15	0.0043262	670.63	790.69	2.3397	0.93565	1.2707	415.74	0.099025	3.4175e-05	0.053142	supercritical
633.0	280.75	233.7	0.004279	670.14	790.28	2.3368	0.93594	1.2723	416.49	0.098119	3.4262e-05	0.053282	supercritical
633.0	284.0	236.24	0.0042329	669.66	789.87	2.334	0.93623	1.2739	417.26	0.097217	3.435e-05	0.053423	supercritical
633.0	287.25	238.78	0.004188	669.17	789.47	2.3312	0.93652	1.2756	418.03	0.096317	3.4438e-05	0.053564	supercritical
633.0	290.5	241.31	0.0041441	668.69	789.08	2.3284	0.9368	1.2772	418.8	0.095421	3.4527e-05	0.053706	supercritical
633.0	293.75	243.83	0.0041012	668.21	788.68	2.3257	0.93708	1.2787	419.59	0.094527	3.4617e-05	0.053849	supercritical
633.0	297.0	246.35	0.0040593	667.73	788.29	2.323	0.93736	1.2803	420.38	0.093637	3.4708e-05	0.053992	supercritical
633.0	300.25	248.86	0.0040184	667.25	787.9	2.3203	0.93764	1.2819	421.18	0.092751	3.4799e-05	0.054136	supercritical
633.0	303.5	251.36	0.0039784	666.77	787.52	2.3176	0.93792	1.2834	421.98	0.091867	3.489e-05	0.05428	supercritical
633.0	306.75	253.85	0.0039393	666.3	787.14	2.315	0.93819	1.2849	422.79	0.090988	3.4982e-05	0.054425	supercritical
633.0	310.0	256.34	0.0039011	665.82	786.76	2.3124	0.93847	1.2864	423.61	0.090112	3.5075e-05	0.054571	supercritical
633.0	313.25	258.82	0.0038638	665.35	786.38	2.3098	0.93874	1.2879	424.44	0.08924	3.5169e-05	0.054717	supercritical
633.0	316.5	261.29	0.0038272	664.88	786.01	2.3072	0.93901	1.2894	425.27	0.088372	3.5263e-05	0.054864	supercritical
633.0	319.75	263.75	0.0037915	664.41	785.64	2.3047	0.93927	1.2909	426.11	0.087508	3.5357e-05	0.055012	supercritical
633.0	323.0	266.21	0.0037565	663.94	785.28	2.3022	0.93954	1.2923	426.95	0.086647	3.5453e-05	0.055159	supercritical
633.0	326.25	268.66	0.0037222	663.48	784.91	2.2997	0.9398	1.2938	427.81	0.085791	3.5548e-05	0.055308	supercritical
633.0	329.5	271.1	0.0036887	663.01	784.55	2.2972	0.94007	1.2952	428.66	0.084939	3.5645e-05	0.055457	supercritical
633.0	332.75	273.53	0.0036559	662.55	784.2	2.2948	0.94033	1.2966	429.53	0.084092	3.5741e-05	0.055606	supercritical
633.0	336.0	275.95	0.0036238	662.09	783.85	2.2923	0.94059	1.298	430.4	0.083248	3.5839e-05	0.055756	supercritical
633.0	339.25	278.37	0.0035923	661.63	783.5	2.2899	0.94085	1.2993	431.27	0.08241	3.5937e-05	0.055906	supercritical
633.0	342.5	280.78	0.0035615	661.17	783.15	2.2876	0.9411	1.3007	432.15	0.081575	3.6036e-05	0.056057	supercritical
633.0	345.75	283.18	0.0035313	660.71	782.81	2.2852	0.94136	1.3021	433.04	0.080745	3.6135e-05	0.056208	supercritical
633.0	349.0	285.57	0.0035017	660.26	782.47	2.2829	0.94161	1.3034	433.94	0.07992	3.6234e-05	0.05636	supercritical
633.0	352.25	287.96	0.0034727	659.8	782.13	2.2805	0.94186	1.3047	434.83	0.079099	3.6334e-05	0.056512	supercritical
633.0	355.5	290.34	0.0034443	659.35	781.8	2.2782	0.94211	1.306	435.74	0.078283	3.6435e-05	0.056664	supercritical
633.0	358.75	292.71	0.0034164	658.9	781.46	2.2759	0.94236	1.3073	436.65	0.077472	3.6536e-05	0.056817	supercritical
633.0	362.0	295.07	0.0033891	658.45	781.14	2.2737	0.9426	1.3086	437.56	0.076666	3.6638e-05	0.05697	supercritical
633.0	365.25	297.42	0.0033623	658.01	780.81	2.2714	0.94285	1.3098	438.49	0.075864	3.674e-05	0.057123	supercritical
633.0	368.5	299.76	0.003336	657.56	780.49	2.2692	0.94309	1.3111	439.41	0.075068	3.6843e-05	0.057277	supercritical
633.0	371.75	302.1	0.0033102	657.12	780.17	2.267	0.94333	1.3123	440.34	0.074276	3.6946e-05	0.057431	supercritical
633.0	375.0	304.43	0.0032849	656.67	779.86	2.2648	0.94357	1.3135	441.28	0.073489	3.705e-05	0.057586	supercritical
633.0	378.25	306.75	0.00326	656.23	779.55	2.2626	0.94381	1.3147	442.22	0.072708	3.7155e-05	0.05774	supercritical
633.0	381.5	309.06	0.0032357	655.8	779.24	2.2605	0.94405	1.3159	443.17	0.071931	3.7259e-05	0.057895	supercritical
633.0	384.75	311.36	0.0032117	655.36	778.93	2.2583	0.94428	1.3171	444.12	0.071159	3.7364e-05	0.058051	supercritical
633.0	388.0	313.65	0.0031882	654.92	778.63	2.2562	0.94452	1.3182	445.07	0.070393	3.747e-05	0.058206	supercritical
633.0	391.25	315.94	0.0031652	654.49	778.33	2.2541	0.94475	1.3194	446.03	0.069632	3.7576e-05	0.058362	supercritical
633.0	394.5	318.22	0.0031425	654.06	778.03	2.252	0.94498	1.3205	447.0	0.068876	3.7683e-05	0.058518	supercritical
633.0	397.75	320.48	0.0031203	653.63	777.74	2.25	0.94521	1.3217	447.97	0.068125	3.779e-05	0.058674	supercritical
633.0	401.0	322.74	0.0030984	653.2	777.44	2.2479	0.94544	1.3228	448.94	0.067379	3.7898e-05	0.05883	supercritical
633.0	404.25	325.0	0.003077	652.77	777.16	2.2459	0.94566	1.3239	449.92	0.066638	3.8006e-05	0.058987	supercritical
633.0	407.5	327.24	0.0030559	652.34	776.87	2.2438	0.94589	1.3249	450.9	0.065903	3.8114e-05	0.059143	supercritical
633.0	410.75	329.47	0.0030351	651.92	776.59	2.2418	0.94611	1.326	451.88	0.065173	3.8223e-05	0.0593	supercritical
633.0	414.0	331.7	0.0030148	651.5	776.31	2.2398	0.94634	1.3271	452.87	0.064448	3.8332e-05	0.059457	supercritical
633.0	417.25	333.92	0.0029947	651.08	776.03	2.2378	0.94656	1.3281	453.87	0.063729	3.8442e-05	0.059614	supercritical
633.0	420.5	336.13	0.0029751	650.66	775.76	2.2359	0.94678	1.3292	454.86	0.063015	3.8552e-05	0.059771	supercritical
633.0	423.75	338.33	0.0029557	650.24	775.49	2.2339	0.947	1.3302	455.87	0.062306	3.8662e-05	0.059929	supercritical
633.0	427.0	340.52	0.0029367	649.82	775.22	2.232	0.94721	1.3312	456.87	0.061602	3.8773e-05	0.060086	supercritical
633.0	430.25	342.71	0.002918	649.41	774.96	2.2301	0.94743	1.3322	457.88	0.060903	3.8885e-05	0.060243	supercritical
633.0	433.5	344.88	0.0028995	649.0	774.69	2.2282	0.94764	1.3332	458.89	0.06021	3.8996e-05	0.060401	supercritical
633.0	436.75	347.05	0.0028814	648.59	774.43	2.2263	0.94786	1.3341	459.91	0.059522	3.9108e-05	0.060559	supercritical
633.0	440.0	349.21	0.0028636	648.18	774.18	2.2244	0.94807	1.3351	460.93	0.058839	3.9221e-05	0.060716	supercritical
633.0	443.25	351.36	0.0028461	647.77	773.92	2.2225	0.94828	1.3361	461.95	0.058162	3.9334e-05	0.060874	supercritical
633.0	446.5	353.5	0.0028289	647.36	773.67	2.2207	0.94849	1.337	462.97	0.05749	3.9447e-05	0.061032	supercritical
633.0	449.75	355.63	0.0028119	646.96	773.42	2.2188	0.9487	1.3379	464.0	0.056823	3.9561e-05	0.06119	supercritical
633.0	453.0	357.76	0.0027952	646.55	773.18	2.217	0.94891	1.3388	465.03	0.056161	3.9675e-05	0.061347	supercritical
633.0	456.25	359.87	0.0027788	646.15	772.93	2.2152	0.94911	1.3397	466.07	0.055504	3.9789e-05	0.061505	supercritical
633.0	459.5	361.98	0.0027626	645.75	772.69	2.2134	0.94932	1.3406	467.11	0.054852	3.9904e-05	0.061663	supercritical
633.0	462.75	364.08	0.0027467	645.35	772.46	2.2116	0.94952	1.3415	468.15	0.054206	4.0019e-05	0.061821	supercritical
633.0	466.0	366.17	0.002731	644.96	772.22	2.2098	0.94972	1.3424	469.19	0.053565	4.0134e-05	0.061978	supercritical
633.0	469.25	368.25	0.0027155	644.56	771.99	2.2081	0.94993	1.3433	470.24	0.052929	4.025e-05	0.062136	supercritical
633.0	472.5	370.33	0.0027003	644.17	771.76	2.2063	0.95013	1.3441	471.28	0.052298	4.0366e-05	0.062294	supercritical
633.0	475.75	372.39	0.0026853	643.78	771.53	2.2046	0.95033	1.3449	472.34	0.051672	4.0482e-05	0.062451	supercritical
633.0	479.0	374.45	0.0026706	643.39	771.31	2.2028	0.95052	1.3458	473.39	0.051051	4.0598e-05	0.062609	supercritical
633.0	482.25	376.5	0.002656	643.0	771.09	2.2011	0.95072	1.3466	474.45	0.050435	4.0715e-05	0.062766	supercritical
633.0	485.5	378.54	0.0026417	642.61	770.87	2.1994	0.95092	1.3474	475.5	0.049824	4.0833e-05	0.062924	supercritical
633.0	488.75	380.57	0.0026276	642.22	770.65	2.1977	0.95111	1.3482	476.56	0.049218	4.095e-05	0.063081	supercritical
633.0	492.0	382.6	0.0026137	641.84	770.43	2.196	0.95131	1.349	477.63	0.048617	4.1068e-05	0.063238	supercritical
633.0	495.25	384.61	0.0026	641.46	770.22	2.1944	0.9515	1.3498	478.69	0.048021	4.1186e-05	0.063395	supercritical
633.0	498.5	386.62	0.0025865	641.08	770.01	2.1927	0.95169	1.3505	479.76	0.047429	4.1305e-05	0.063552	supercritical
633.0	501.75	388.62	0.0025732	640.7	769.81	2.191	0.95188	1.3513	480.83	0.046843	4.1423e-05	0.063709	supercritical
633.0	505.0	390.61	0.0025601	640.32	769.6	2.1894	0.95207	1.3521	481.9	0.046261	4.1542e-05	0.063866	supercritical
633.0	508.25	392.6	0.0025471	639.94	769.4	2.1878	0.95226	1.3528	482.97	0.045684	4.1662e-05	0.064023	supercritical
633.0	511.5	394.57	0.0025344	639.57	769.2	2.1861	0.95245	1.3535	484.05	0.045112	4.1781e-05	0.064179	supercritical
633.0	514.75	396.54	0.0025218	639.19	769.0	2.1845	0.95264	1.3543	485.12	0.044545	4.1901e-05	0.064335	supercritical
633.0	518.0	398.5	0.0025094	638.82	768.81	2.1829	0.95282	1.355	486.2	0.043982	4.2021e-05	0.064492	supercritical
633.0	521.25	400.45	0.0024972	638.45	768.62	2.1813	0.95301	1.3557	487.28	0.043424	4.2141e-05	0.064648	supercritical
633.0	524.5	402.39	0.0024851	638.08	768.43	2.1798	0.95319	1.3564	488.37	0.04287	4.2262e-05	0.064804	supercritical
633.0	527.75	404.33	0.0024732	637.71	768.24	2.1782	0.95338	1.3571	489.45	0.042321	4.2383e-05	0.064959	supercritical
633.0	531.0	406.25	0.0024615	637.35	768.05	2.1766	0.95356	1.3577	490.54	0.041777	4.2504e-05	0.065115	supercritical
633.0	534.25	408.17	0.0024499	636.98	767.87	2.1751	0.95374	1.3584	491.62	0.041237	4.2625e-05	0.06527	supercritical
633.0	537.5	410.08	0.0024385	636.62	767.69	2.1735	0.95392	1.3591	492.71	0.040701	4.2747e-05	0.065425	supercritical
633.0	540.75	411.99	0.0024273	636.26	767.51	2.172	0.9541	1.3597	493.8	0.04017	4.2868e-05	0.06558	supercritical
633.0	544.0	413.88	0.0024161	635.89	767.33	2.1705	0.95428	1.3604	494.89	0.039644	4.299e-05	0.065735	supercritical
633.0	547.25	415.77	0.0024052	635.54	767.16	2.169	0.95446	1.361	495.98	0.039121	4.3113e-05	0.06589	supercritical
633.0	550.5	417.65	0.0023943	635.18	766.99	2.1675	0.95464	1.3616	497.08	0.038603	4.3235e-05	0.066044	supercritical
633.0	553.75	419.52	0.0023837	634.82	766.82	2.166	0.95481	1.3623	498.17	0.038089	4.3358e-05	0.066199	supercritical
633.0	557.0	421.39	0.0023731	634.47	766.65	2.1645	0.95499	1.3629	499.27	0.03758	4.348e-05	0.066353	supercritical
633.0	560.25	423.24	0.0023627	634.11	766.48	2.163	0.95516	1.3635	500.37	0.037074	4.3603e-05	0.066506	supercritical
633.0	563.5	425.09	0.0023524	633.76	766.32	2.1616	0.95534	1.3641	501.46	0.036573	4.3727e-05	0.06666	supercritical
633.0	566.75	426.94	0.0023423	633.41	766.16	2.1601	0.95551	1.3647	502.56	0.036076	4.385e-05	0.066813	supercritical
633.0	570.0	428.77	0.0023323	633.06	766.0	2.1586	0.95568	1.3653	503.67	0.035583	4.3974e-05	0.066966	supercritical
633.0	573.25	430.6	0.0023224	632.71	765.84	2.1572	0.95585	1.3658	504.77	0.035094	4.4097e-05	0.067119	supercritical
633.0	576.5	432.41	0.0023126	632.37	765.69	2.1558	0.95603	1.3664	505.87	0.034609	4.4221e-05	0.067272	supercritical
633.0	579.75	434.23	0.0023029	632.02	765.54	2.1543	0.9562	1.367	506.97	0.034128	4.4346e-05	0.067424	supercritical
633.0	583.0	436.03	0.0022934	631.68	765.39	2.1529	0.95637	1.3675	508.08	0.033651	4.447e-05	0.067577	supercritical
633.0	586.25	437.83	0.002284	631.34	765.24	2.1515	0.95653	1.368	509.18	0.033177	4.4594e-05	0.067728	supercritical
633.0	589.5	439.62	0.0022747	631.0	765.09	2.1501	0.9567	1.3686	510.29	0.032708	4.4719e-05	0.06788	supercritical
633.0	592.75	441.4	0.0022655	630.66	764.95	2.1487	0.95687	1.3691	511.4	0.032242	4.4844e-05	0.068032	supercritical
633.0	596.0	443.17	0.0022565	630.32	764.8	2.1473	0.95704	1.3696	512.5	0.031781	4.4969e-05	0.068183	supercritical
633.0	599.25	444.94	0.0022475	629.98	764.66	2.146	0.9572	1.3701	513.61	0.031323	4.5094e-05	0.068334	supercritical
633.0	602.5	446.7	0.0022386	629.65	764.53	2.1446	0.95737	1.3707	514.72	0.030868	4.5219e-05	0.068484	supercritical
633.0	605.75	448.45	0.0022299	629.31	764.39	2.1432	0.95753	1.3712	515.83	0.030417	4.5345e-05	0.068635	supercritical
633.0	609.0	450.2	0.0022212	628.98	764.25	2.1419	0.9577	1.3717	516.94	0.02997	4.547e-05	0.068785	supercritical
633.0	612.25	451.94	0.0022127	628.65	764.12	2.1405	0.95786	1.3721	518.05	0.029527	4.5596e-05	0.068935	supercritical
633.0	615.5	453.67	0.0022043	628.32	763.99	2.1392	0.95802	1.3726	519.16	0.029087	4.5722e-05	0.069085	supercritical
633.0	618.75	455.39	0.0021959	627.99	763.86	2.1378	0.95819	1.3731	520.28	0.028651	4.5848e-05	0.069234	supercritical
633.0	622.0	457.11	0.0021877	627.66	763.74	2.1365	0.95835	1.3736	521.39	0.028218	4.5974e-05	0.069383	supercritical
633.0	625.25	458.82	0.0021795	627.34	763.61	2.1352	0.95851	1.374	522.5	0.027788	4.61e-05	0.069532	supercritical
633.0	628.5	460.52	0.0021715	627.01	763.49	2.1339	0.95867	1.3745	523.62	0.027362	4.6226e-05	0.06968	supercritical
633.0	631.75	462.22	0.0021635	626.69	763.37	2.1326	0.95883	1.3749	524.73	0.02694	4.6353e-05	0.069829	supercritical
633.0	635.0	463.91	0.0021556	626.36	763.25	2.1313	0.95899	1.3754	525.85	0.02652	4.6479e-05	0.069977	supercritical
633.0	638.25	465.59	0.0021478	626.04	763.13	2.13	0.95915	1.3758	526.96	0.026104	4.6606e-05	0.070124	supercritical
633.0	641.5	467.26	0.0021401	625.72	763.01	2.1287	0.9593	1.3762	528.08	0.025692	4.6733e-05	0.070272	supercritical
633.0	644.75	468.93	0.0021325	625.41	762.9	2.1274	0.95946	1.3767	529.19	0.025282	4.686e-05	0.070419	supercritical
633.0	648.0	470.59	0.002125	625.09	762.79	2.1262	0.95962	1.3771	530.31	0.024876	4.6987e-05	0.070566	supercritical
633.0	651.25	472.25	0.0021175	624.77	762.68	2.1249	0.95978	1.3775	531.42	0.024473	4.7114e-05	0.070712	supercritical
633.0	654.5	473.9	0.0021102	624.46	762.57	2.1236	0.95993	1.3779	532.54	0.024073	4.7241e-05	0.070859	supercritical
633.0	657.75	475.54	0.0021029	624.14	762.46	2.1224	0.96009	1.3783	533.66	0.023677	4.7369e-05	0.071005	supercritical
633.0	661.0	477.17	0.0020957	623.83	762.36	2.1211	0.96024	1.3787	534.77	0.023283	4.7496e-05	0.071151	supercritical
633.0	664.25	478.8	0.0020885	623.52	762.25	2.1199	0.9604	1.3791	535.89	0.022893	4.7624e-05	0.071296	supercritical
633.0	667.5	480.42	0.0020815	623.21	762.15	2.1187	0.96055	1.3795	537.01	0.022505	4.7751e-05	0.071441	supercritical
633.0	670.75	482.04	0.0020745	622.9	762.05	2.1175	0.9607	1.3798	538.12	0.022121	4.7879e-05	0.071586	supercritical
633.0	674.0	483.65	0.0020676	622.59	761.95	2.1162	0.96086	1.3802	539.24	0.021739	4.8007e-05	0.071731	supercritical
633.0	677.25	485.25	0.0020608	622.29	761.85	2.115	0.96101	1.3806	540.36	0.021361	4.8135e-05	0.071875	supercritical
633.0	680.5	486.85	0.002054	621.98	761.76	2.1138	0.96116	1.3809	541.48	0.020985	4.8263e-05	0.072019	supercritical
633.0	683.75	488.44	0.0020474	621.68	761.67	2.1126	0.96131	1.3813	542.59	0.020613	4.8391e-05	0.072163	supercritical
633.0	687.0	490.02	0.0020407	621.38	761.57	2.1114	0.96146	1.3816	543.71	0.020243	4.8519e-05	0.072306	supercritical
633.0	690.25	491.59	0.0020342	621.07	761.48	2.1102	0.96161	1.382	544.83	0.019876	4.8647e-05	0.072449	supercritical
633.0	693.5	493.17	0.0020277	620.77	761.4	2.109	0.96176	1.3823	545.95	0.019512	4.8775e-05	0.072592	supercritical
633.0	696.75	494.73	0.0020213	620.47	761.31	2.1079	0.96191	1.3827	547.06	0.01915	4.8903e-05	0.072735	supercritical
633.0	700.0	496.29	0.002015	620.18	761.22	2.1067	0.96206	1.383	548.18	0.018792	4.9032e-05	0.072877	supercritical
633.0	703.25	497.84	0.0020087	619.88	761.14	2.1055	0.96221	1.3833	549.3	0.018436	4.916e-05	0.073019	supercritical
633.0	706.5	499.38	0.0020025	619.58	761.06	2.1044	0.96236	1.3836	550.42	0.018083	4.9289e-05	0.073161	supercritical
633.0	709.75	500.92	0.0019963	619.29	760.98	2.1032	0.9625	1.3839	551.53	0.017732	4.9417e-05	0.073302	supercritical
633.0	713.0	502.46	0.0019902	619.0	760.9	2.1021	0.96265	1.3842	552.65	0.017385	4.9546e-05	0.073443	supercritical
633.0	716.25	503.98	0.0019842	618.7	760.82	2.1009	0.9628	1.3846	553.77	0.01704	4.9674e-05	0.073584	supercritical
633.0	719.5	505.5	0.0019782	618.41	760.75	2.0998	0.96294	1.3849	554.88	0.016697	4.9803e-05	0.073725	supercritical
633.0	722.75	507.02	0.0019723	618.12	760.67	2.0987	0.96309	1.3851	556.0	0.016357	4.9932e-05	0.073865	supercritical
633.0	726.0	508.53	0.0019665	617.83	760.6	2.0975	0.96324	1.3854	557.12	0.01602	5.006e-05	0.074005	supercritical
633.0	729.25	510.03	0.0019607	617.55	760.53	2.0964	0.96338	1.3857	558.23	0.015685	5.0189e-05	0.074145	supercritical
633.0	732.5	511.53	0.0019549	617.26	760.46	2.0953	0.96353	1.386	559.35	0.015353	5.0318e-05	0.074284	supercritical
633.0	735.75	513.02	0.0019492	616.97	760.39	2.0942	0.96367	1.3863	560.46	0.015023	5.0447e-05	0.074423	supercritical
633.0	739.0	514.51	0.0019436	616.69	760.32	2.0931	0.96381	1.3866	561.58	0.014696	5.0576e-05	0.074562	supercritical
633.0	742.25	515.99	0.001938	616.41	760.26	2.092	0.96396	1.3868	562.69	0.014371	5.0705e-05	0.0747	supercritical
633.0	745.5	517.46	0.0019325	616.12	760.19	2.0909	0.9641	1.3871	563.81	0.014049	5.0834e-05	0.074839	supercritical
633.0	748.75	518.93	0.0019271	615.84	760.13	2.0898	0.96424	1.3873	564.92	0.013729	5.0963e-05	0.074977	supercritical
633.0	752.0	520.39	0.0019216	615.56	760.07	2.0887	0.96439	1.3876	566.04	0.013411	5.1092e-05	0.075114	supercritical
633.0	755.25	521.85	0.0019163	615.28	760.01	2.0876	0.96453	1.3878	567.15	0.013096	5.1221e-05	0.075252	supercritical
633.0	758.5	523.3	0.001911	615.0	759.95	2.0866	0.96467	1.3881	568.26	0.012783	5.135e-05	0.075389	supercritical
633.0	761.75	524.74	0.0019057	614.73	759.89	2.0855	0.96481	1.3883	569.37	0.012472	5.1479e-05	0.075526	supercritical
633.0	765.0	526.18	0.0019005	614.45	759.84	2.0844	0.96495	1.3886	570.49	0.012164	5.1608e-05	0.075662	supercritical
633.0	768.25	527.62	0.0018953	614.18	759.78	2.0834	0.96509	1.3888	571.6	0.011858	5.1737e-05	0.075798	supercritical
633.0	771.5	529.05	0.0018902	613.9	759.73	2.0823	0.96523	1.389	572.71	0.011555	5.1866e-05	0.075934	supercritical
633.0	774.75	530.47	0.0018851	613.63	759.68	2.0813	0.96537	1.3893	573.82	0.011253	5.1995e-05	0.07607	supercritical
633.0	778.0	531.89	0.0018801	613.36	759.63	2.0802	0.96551	1.3895	574.93	0.010954	5.2125e-05	0.076205	supercritical
633.0	781.25	533.3	0.0018751	613.09	759.58	2.0792	0.96565	1.3897	576.04	0.010657	5.2254e-05	0.076341	supercritical
633.0	784.5	534.71	0.0018702	612.82	759.53	2.0781	0.96579	1.3899	577.15	0.010363	5.2383e-05	0.076475	supercritical
633.0	787.75	536.11	0.0018653	612.55	759.49	2.0771	0.96593	1.3901	578.26	0.01007	5.2512e-05	0.07661	supercritical
633.0	791.0	537.5	0.0018605	612.28	759.44	2.0761	0.96607	1.3904	579.37	0.0097797	5.2641e-05	0.076744	supercritical
633.0	794.25	538.89	0.0018557	612.01	759.4	2.0751	0.96621	1.3906	580.48	0.0094915	5.2771e-05	0.076878	supercritical
633.0	797.5	540.28	0.0018509	611.75	759.36	2.074	0.96634	1.3908	581.58	0.0092054	5.29e-05	0.077012	supercritical
633.0	800.75	541.66	0.0018462	611.48	759.31	2.073	0.96648	1.391	582.69	0.0089214	5.3029e-05	0.077146	supercritical
633.0	804.0	543.03	0.0018415	611.22	759.28	2.072	0.96662	1.3912	583.79	0.0086395	5.3158e-05	0.077279	supercritical
633.0	807.25	544.4	0.0018369	610.96	759.24	2.071	0.96676	1.3913	584.9	0.0083596	5.3287e-05	0.077412	supercritical
633.0	810.5	545.77	0.0018323	610.69	759.2	2.07	0.96689	1.3915	586.0	0.0080819	5.3417e-05	0.077545	supercritical
633.0	813.75	547.13	0.0018277	610.43	759.16	2.069	0.96703	1.3917	587.11	0.0078061	5.3546e-05	0.077677	supercritical
633.0	817.0	548.48	0.0018232	610.17	759.13	2.068	0.96717	1.3919	588.21	0.0075324	5.3675e-05	0.077809	supercritical
633.0	820.25	549.83	0.0018187	609.91	759.1	2.067	0.9673	1.3921	589.31	0.0072607	5.3804e-05	0.077941	supercritical
633.0	823.5	551.18	0.0018143	609.66	759.06	2.066	0.96744	1.3923	590.42	0.0069909	5.3933e-05	0.078073	supercritical
633.0	826.75	552.52	0.0018099	609.4	759.03	2.0651	0.96757	1.3924	591.52	0.0067232	5.4063e-05	0.078204	supercritical
633.0	830.0	553.85	0.0018055	609.14	759.0	2.0641	0.96771	1.3926	592.62	0.0064573	5.4192e-05	0.078335	supercritical
633.0	833.25	555.18	0.0018012	608.89	758.97	2.0631	0.96784	1.3928	593.72	0.0061935	5.4321e-05	0.078466	supercritical
633.0	836.5	556.5	0.0017969	608.63	758.95	2.0622	0.96798	1.3929	594.82	0.0059315	5.445e-05	0.078596	supercritical
633.0	839.75	557.82	0.0017927	608.38	758.92	2.0612	0.96811	1.3931	595.92	0.0056715	5.4579e-05	0.078727	supercritical
633.0	843.0	559.14	0.0017885	608.13	758.89	2.0602	0.96824	1.3933	597.01	0.0054133	5.4708e-05	0.078857	supercritical
633.0	846.25	560.45	0.0017843	607.88	758.87	2.0593	0.96838	1.3934	598.11	0.005157	5.4837e-05	0.078987	supercritical
633.0	849.5	561.75	0.0017801	607.62	758.85	2.0583	0.96851	1.3936	599.21	0.0049026	5.4966e-05	0.079116	supercritical
633.0	852.75	563.05	0.001776	607.38	758.83	2.0574	0.96864	1.3937	600.3	0.00465	5.5095e-05	0.079246	supercritical
633.0	856.0	564.35	0.001772	607.13	758.81	2.0564	0.96878	1.3939	601.4	0.0043993	5.5224e-05	0.079375	supercritical
633.0	859.25	565.64	0.0017679	606.88	758.79	2.0555	0.96891	1.394	602.49	0.0041503	5.5353e-05	0.079503	supercritical
633.0	862.5	566.92	0.0017639	606.63	758.77	2.0546	0.96904	1.3941	603.58	0.0039032	5.5482e-05	0.079632	supercritical
633.0	865.75	568.2	0.0017599	606.39	758.75	2.0536	0.96918	1.3943	604.68	0.0036578	5.5611e-05	0.07976	supercritical
633.0	869.0	569.48	0.001756	606.14	758.74	2.0527	0.96931	1.3944	605.77	0.0034142	5.574e-05	0.079888	supercritical
633.0	872.25	570.75	0.0017521	605.9	758.72	2.0518	0.96944	1.3946	606.86	0.0031724	5.5869e-05	0.080016	supercritical
633.0	875.5	572.02	0.0017482	605.65	758.71	2.0509	0.96957	1.3947	607.95	0.0029323	5.5998e-05	0.080144	supercritical
633.0	878.75	573.28	0.0017443	605.41	758.69	2.0499	0.9697	1.3948	609.04	0.0026939	5.6127e-05	0.080271	supercritical
633.0	882.0	574.54	0.0017405	605.17	758.68	2.049	0.96983	1.395	610.13	0.0024573	5.6256e-05	0.080398	supercritical
633.0	885.25	575.79	0.0017367	604.93	758.67	2.0481	0.96996	1.3951	611.21	0.0022223	5.6384e-05	0.080525	supercritical
633.0	888.5	577.04	0.001733	604.69	758.66	2.0472	0.9701	1.3952	612.3	0.001989	5.6513e-05	0.080652	supercritical
633.0	891.75	578.29	0.0017292	604.45	758.65	2.0463	0.97023	1.3953	613.39	0.0017574	5.6642e-05	0.080778	supercritical
633.0	895.0	579.53	0.0017255	604.21	758.65	2.0454	0.97036	1.3954	614.47	0.0015274	5.6771e-05	0.080904	supercritical
633.0	898.25	580.76	0.0017219	603.97	758.64	2.0445	0.97049	1.3956	615.55	0.001299	5.6899e-05	0.08103	supercritical
633.0	901.5	581.99	0.0017182	603.74	758.63	2.0436	0.97062	1.3957	616.64	0.0010723	5.7028e-05	0.081156	supercritical
633.0	904.75	583.22	0.0017146	603.5	758.63	2.0427	0.97075	1.3958	617.72	0.00084722	5.7157e-05	0.081281	supercritical
633.0	908.0	584.44	0.001711	603.27	758.63	2.0419	0.97088	1.3959	618.8	0.00062371	5.7285e-05	0.081407	supercritical
633.0	911.25	585.66	0.0017075	603.03	758.62	2.041	0.97101	1.396	619.88	0.00040178	5.7414e-05	0.081532	supercritical
633.0	914.5	586.88	0.0017039	602.8	758.62	2.0401	0.97113	1.3961	620.96	0.00018142	5.7542e-05	0.081656	supercritical
633.0	917.75	588.09	0.0017004	602.57	758.62	2.0392	0.97126	1.3962	622.04	-3.7378e-05	5.767e-05	0.081781	supercritical
633.0	921.0	589.29	0.001697	602.33	758.62	2.0383	0.97139	1.3963	623.11	-0.00025464	5.7799e-05	0.081905	supercritical
633.0	924.25	590.49	0.0016935	602.1	758.62	2.0375	0.97152	1.3964	624.19	-0.00047037	5.7927e-05	0.082029	supercritical
633.0	927.5	591.69	0.0016901	601.87	758.63	2.0366	0.97165	1.3965	625.27	-0.00068458	5.8056e-05	0.082153	supercritical
633.0	930.75	592.88	0.0016867	601.64	758.63	2.0358	0.97178	1.3966	626.34	-0.00089729	5.8184e-05	0.082277	supercritical
633.0	934.0	594.07	0.0016833	601.42	758.64	2.0349	0.97191	1.3967	627.41	-0.0011085	5.8312e-05	0.0824	supercritical
633.0	937.25	595.25	0.00168	601.19	758.64	2.034	0.97203	1.3968	628.49	-0.0013182	5.844e-05	0.082524	supercritical
633.0	940.5	596.43	0.0016766	600.96	758.65	2.0332	0.97216	1.3969	629.56	-0.0015265	5.8568e-05	0.082647	supercritical
633.0	943.75	597.61	0.0016733	600.73	758.66	2.0323	0.97229	1.397	630.63	-0.0017334	5.8696e-05	0.082769	supercritical
633.0	947.0	598.78	0.0016701	600.51	758.66	2.0315	0.97242	1.3971	631.7	-0.0019387	5.8825e-05	0.082892	supercritical
633.0	950.25	599.95	0.0016668	600.28	758.67	2.0307	0.97254	1.3972	632.77	-0.0021427	5.8953e-05	0.083014	supercritical
633.0	953.5	601.12	0.0016636	600.06	758.68	2.0298	0.97267	1.3973	633.84	-0.0023452	5.908e-05	0.083137	supercritical
633.0	956.75	602.28	0.0016604	599.84	758.69	2.029	0.9728	1.3973	634.9	-0.0025464	5.9208e-05	0.083259	supercritical
633.0	960.0	603.43	0.0016572	599.62	758.71	2.0281	0.97292	1.3974	635.97	-0.0027461	5.9336e-05	0.08338	supercritical
633.0	963.25	604.58	0.001654	599.39	758.72	2.0273	0.97305	1.3975	637.03	-0.0029445	5.9464e-05	0.083502	supercritical
633.0	966.5	605.73	0.0016509	599.17	758.73	2.0265	0.97318	1.3976	638.1	-0.0031415	5.9592e-05	0.083623	supercritical
633.0	969.75	606.88	0.0016478	598.95	758.75	2.0257	0.9733	1.3977	639.16	-0.0033372	5.972e-05	0.083745	supercritical
633.0	973.0	608.02	0.0016447	598.73	758.76	2.0248	0.97343	1.3977	640.22	-0.0035315	5.9847e-05	0.083866	supercritical
633.0	976.25	609.15	0.0016416	598.52	758.78	2.024	0.97356	1.3978	641.28	-0.0037245	5.9975e-05	0.083986	supercritical
633.0	979.5	610.29	0.0016386	598.3	758.8	2.0232	0.97368	1.3979	642.34	-0.0039161	6.0102e-05	0.084107	supercritical
633.0	982.75	611.41	0.0016356	598.08	758.82	2.0224	0.97381	1.3979	643.4	-0.0041065	6.023e-05	0.084227	supercritical
633.0	986.0	612.54	0.0016325	597.87	758.83	2.0216	0.97393	1.398	644.46	-0.0042956	6.0357e-05	0.084347	supercritical
633.0	989.25	613.66	0.0016296	597.65	758.85	2.0208	0.97406	1.3981	645.51	-0.0044833	6.0485e-05	0.084467	supercritical
633.0	992.5	614.78	0.0016266	597.43	758.87	2.02	0.97418	1.3982	646.57	-0.0046698	6.0612e-05	0.084587	supercritical
633.0	995.75	615.89	0.0016237	597.22	758.9	2.0192	0.97431	1.3982	647.63	-0.0048551	6.074e-05	0.084707	supercritical
633.0	999.0	617.0	0.0016207	597.01	758.92	2.0184	0.97443	1.3983	648.68	-0.0050391	6.0867e-05	0.084826	supercritical
633.0	1002.2	618.11	0.0016178	596.79	758.94	2.0176	0.97456	1.3983	649.73	-0.0052218	6.0994e-05	0.084946	supercritical
633.0	1005.5	619.21	0.001615	596.58	758.97	2.0168	0.97468	1.3984	650.78	-0.0054034	6.1121e-05	0.085065	supercritical
633.0	1008.8	620.31	0.0016121	596.37	758.99	2.016	0.97481	1.3985	651.83	-0.0055837	6.1248e-05	0.085183	supercritical
633.0	1012.0	621.41	0.0016093	596.16	759.02	2.0152	0.97493	1.3985	652.88	-0.0057628	6.1375e-05	0.085302	supercritical
633.0	1015.2	622.5	0.0016064	595.95	759.04	2.0144	0.97506	1.3986	653.93	-0.0059407	6.1502e-05	0.085421	supercritical
633.0	1018.5	623.59	0.0016036	595.74	759.07	2.0137	0.97518	1.3986	654.98	-0.0061174	6.1629e-05	0.085539	supercritical
633.0	1021.8	624.67	0.0016008	595.53	759.1	2.0129	0.97531	1.3987	656.03	-0.006293	6.1756e-05	0.085657	supercritical
633.0	1025.0	625.75	0.0015981	595.33	759.13	2.0121	0.97543	1.3987	657.07	-0.0064673	6.1883e-05	0.085775	supercritical
633.0	1028.2	626.83	0.0015953	595.12	759.16	2.0113	0.97555	1.3988	658.12	-0.0066406	6.201e-05	0.085893	supercritical
633.0	1031.5	627.91	0.0015926	594.91	759.19	2.0106	0.97568	1.3988	659.16	-0.0068126	6.2136e-05	0.08601	supercritical
633.0	1034.8	628.98	0.0015899	594.71	759.22	2.0098	0.9758	1.3989	660.2	-0.0069836	6.2263e-05	0.086128	supercritical
633.0	1038.0	630.04	0.0015872	594.5	759.25	2.009	0.97592	1.3989	661.24	-0.0071534	6.2389e-05	0.086245	supercritical
633.0	1041.2	631.11	0.0015845	594.3	759.29	2.0083	0.97605	1.399	662.28	-0.0073221	6.2516e-05	0.086362	supercritical
633.0	1044.5	632.17	0.0015819	594.09	759.32	2.0075	0.97617	1.399	663.32	-0.0074897	6.2642e-05	0.086479	supercritical
633.0	1047.8	633.22	0.0015792	593.89	759.35	2.0068	0.97629	1.3991	664.36	-0.0076562	6.2769e-05	0.086596	supercritical
633.0	1051.0	634.28	0.0015766	593.69	759.39	2.006	0.97642	1.3991	665.4	-0.0078217	6.2895e-05	0.086713	supercritical
633.0	1054.2	635.33	0.001574	593.49	759.42	2.0052	0.97654	1.3992	666.44	-0.007986	6.3021e-05	0.086829	supercritical
633.0	1057.5	636.37	0.0015714	593.29	759.46	2.0045	0.97666	1.3992	667.47	-0.0081493	6.3148e-05	0.086945	supercritical
633.0	1060.8	637.42	0.0015688	593.09	759.5	2.0038	0.97678	1.3993	668.51	-0.0083115	6.3274e-05	0.087061	supercritical
633.0	1064.0	638.46	0.0015663	592.89	759.54	2.003	0.97691	1.3993	669.54	-0.0084727	6.34e-05	0.087177	supercritical
633.0	1067.2	639.49	0.0015637	592.69	759.58	2.0023	0.97703	1.3993	670.57	-0.0086329	6.3526e-05	0.087293	supercritical
633.0	1070.5	640.53	0.0015612	592.49	759.62	2.0015	0.97715	1.3994	671.6	-0.008792	6.3652e-05	0.087409	supercritical
633.0	1073.8	641.56	0.0015587	592.29	759.66	2.0008	0.97727	1.3994	672.63	-0.0089501	6.3778e-05	0.087524	supercritical
633.0	1077.0	642.59	0.0015562	592.09	759.7	2.0001	0.9774	1.3995	673.66	-0.0091072	6.3904e-05	0.087639	supercritical
633.0	1080.2	643.61	0.0015537	591.9	759.74	1.9993	0.97752	1.3995	674.69	-0.0092633	6.4029e-05	0.087755	supercritical
633.0	1083.5	644.63	0.0015513	591.7	759.78	1.9986	0.97764	1.3995	675.72	-0.0094183	6.4155e-05	0.08787	supercritical
633.0	1086.8	645.65	0.0015488	591.5	759.82	1.9979	0.97776	1.3996	676.74	-0.0095724	6.4281e-05	0.087984	supercritical
633.0	1090.0	646.66	0.0015464	591.31	759.87	1.9971	0.97788	1.3996	677.77	-0.0097256	6.4406e-05	0.088099	supercritical
633.0	1093.2	647.67	0.001544	591.12	759.91	1.9964	0.97801	1.3996	678.79	-0.0098777	6.4532e-05	0.088214	supercritical
633.0	1096.5	648.68	0.0015416	590.92	759.96	1.9957	0.97813	1.3997	679.81	-0.010029	6.4657e-05	0.088328	supercritical
633.0	1099.8	649.69	0.0015392	590.73	760.0	1.995	0.97825	1.3997	680.84	-0.010179	6.4783e-05	0.088442	supercritical
633.0	1103.0	650.69	0.0015368	590.54	760.05	1.9943	0.97837	1.3997	681.86	-0.010328	6.4908e-05	0.088556	supercritical
633.0	1106.2	651.69	0.0015345	590.35	760.1	1.9935	0.97849	1.3997	682.88	-0.010477	6.5033e-05	0.08867	supercritical
633.0	1109.5	652.68	0.0015321	590.15	760.15	1.9928	0.97861	1.3998	683.9	-0.010624	6.5159e-05	0.088784	supercritical
633.0	1112.8	653.67	0.0015298	589.96	760.19	1.9921	0.97873	1.3998	684.91	-0.010771	6.5284e-05	0.088898	supercritical
633.0	1116.0	654.66	0.0015275	589.77	760.24	1.9914	0.97885	1.3998	685.93	-0.010916	6.5409e-05	0.089011	supercritical
633.0	1119.2	655.65	0.0015252	589.59	760.29	1.9907	0.97897	1.3998	686.95	-0.011061	6.5534e-05	0.089125	supercritical
633.0	1122.5	656.63	0.0015229	589.4	760.34	1.99	0.9791	1.3999	687.96	-0.011205	6.5659e-05	0.089238	supercritical
633.0	1125.8	657.61	0.0015207	589.21	760.4	1.9893	0.97922	1.3999	688.97	-0.011348	6.5784e-05	0.089351	supercritical
633.0	1129.0	658.59	0.0015184	589.02	760.45	1.9886	0.97934	1.3999	689.99	-0.01149	6.5909e-05	0.089464	supercritical
633.0	1132.2	659.56	0.0015162	588.83	760.5	1.9879	0.97946	1.3999	691.0	-0.011631	6.6033e-05	0.089577	supercritical
633.0	1135.5	660.54	0.0015139	588.65	760.55	1.9872	0.97958	1.4	692.01	-0.011771	6.6158e-05	0.089689	supercritical
633.0	1138.8	661.5	0.0015117	588.46	760.61	1.9865	0.9797	1.4	693.02	-0.011911	6.6283e-05	0.089802	supercritical
633.0	1142.0	662.47	0.0015095	588.28	760.66	1.9858	0.97982	1.4	694.03	-0.012049	6.6407e-05	0.089914	supercritical
633.0	1145.2	663.43	0.0015073	588.09	760.72	1.9852	0.97994	1.4	695.03	-0.012187	6.6532e-05	0.090027	supercritical
633.0	1148.5	664.39	0.0015051	587.91	760.77	1.9845	0.98006	1.4	696.04	-0.012324	6.6656e-05	0.090139	supercritical
633.0	1151.8	665.35	0.001503	587.72	760.83	1.9838	0.98018	1.4	697.05	-0.01246	6.678e-05	0.090251	supercritical
633.0	1155.0	666.3	0.0015008	587.54	760.89	1.9831	0.9803	1.4001	698.05	-0.012595	6.6905e-05	0.090363	supercritical
633.0	1158.2	667.25	0.0014987	587.36	760.94	1.9824	0.98042	1.4001	699.05	-0.01273	6.7029e-05	0.090475	supercritical
633.0	1161.5	668.2	0.0014966	587.18	761.0	1.9818	0.98054	1.4001	700.06	-0.012864	6.7153e-05	0.090586	supercritical
633.0	1164.8	669.15	0.0014944	587.0	761.06	1.9811	0.98066	1.4001	701.06	-0.012996	6.7277e-05	0.090698	supercritical
633.0	1168.0	670.09	0.0014923	586.82	761.12	1.9804	0.98078	1.4001	702.06	-0.013128	6.7401e-05	0.090809	supercritical
633.0	1171.2	671.03	0.0014902	586.64	761.18	1.9797	0.9809	1.4001	703.06	-0.01326	6.7525e-05	0.09092	supercritical
633.0	1174.5	671.97	0.0014882	586.46	761.24	1.9791	0.98102	1.4001	704.06	-0.01339	6.7649e-05	0.091031	supercritical
633.0	1177.8	672.9	0.0014861	586.28	761.3	1.9784	0.98113	1.4002	705.05	-0.01352	6.7773e-05	0.091143	supercritical
633.0	1181.0	673.83	0.001484	586.1	761.36	1.9777	0.98125	1.4002	706.05	-0.013649	6.7896e-05	0.091253	supercritical
633.0	1184.2	674.76	0.001482	585.92	761.43	1.9771	0.98137	1.4002	707.04	-0.013777	6.802e-05	0.091364	supercritical
633.0	1187.5	675.69	0.00148	585.74	761.49	1.9764	0.98149	1.4002	708.04	-0.013904	6.8144e-05	0.091475	supercritical
633.0	1190.8	676.61	0.001478	585.57	761.55	1.9758	0.98161	1.4002	709.03	-0.014031	6.8267e-05	0.091585	supercritical
633.0	1194.0	677.53	0.0014759	585.39	761.62	1.9751	0.98173	1.4002	710.02	-0.014157	6.8391e-05	0.091696	supercritical
633.0	1197.2	678.45	0.0014739	585.21	761.68	1.9744	0.98185	1.4002	711.02	-0.014282	6.8514e-05	0.091806	supercritical
633.0	1200.5	679.37	0.001472	585.04	761.75	1.9738	0.98197	1.4002	712.01	-0.014406	6.8637e-05	0.091916	supercritical
633.0	1203.8	680.28	0.00147	584.86	761.81	1.9731	0.98209	1.4002	712.99	-0.01453	6.8761e-05	0.092026	supercritical
633.0	1207.0	681.19	0.001468	584.69	761.88	1.9725	0.9822	1.4002	713.98	-0.014653	6.8884e-05	0.092136	supercritical
633.0	1210.2	682.1	0.0014661	584.52	761.95	1.9718	0.98232	1.4002	714.97	-0.014775	6.9007e-05	0.092246	supercritical
633.0	1213.5	683.0	0.0014641	584.34	762.01	1.9712	0.98244	1.4002	715.96	-0.014897	6.913e-05	0.092356	supercritical
633.0	1216.8	683.9	0.0014622	584.17	762.08	1.9705	0.98256	1.4003	716.94	-0.015017	6.9253e-05	0.092466	supercritical
633.0	1220.0	684.8	0.0014603	584.0	762.15	1.9699	0.98268	1.4003	717.93	-0.015138	6.9376e-05	0.092575	supercritical
633.0	1223.2	685.7	0.0014584	583.83	762.22	1.9693	0.9828	1.4003	718.91	-0.015257	6.9499e-05	0.092685	supercritical
633.0	1226.5	686.6	0.0014565	583.65	762.29	1.9686	0.98292	1.4003	719.89	-0.015376	6.9622e-05	0.092794	supercritical
633.0	1229.8	687.49	0.0014546	583.48	762.36	1.968	0.98303	1.4003	720.87	-0.015494	6.9744e-05	0.092903	supercritical
633.0	1233.0	688.38	0.0014527	583.31	762.43	1.9674	0.98315	1.4003	721.85	-0.015611	6.9867e-05	0.093012	supercritical
633.0	1236.2	689.26	0.0014508	583.14	762.5	1.9667	0.98327	1.4003	722.83	-0.015728	6.999e-05	0.093121	supercritical
633.0	1239.5	690.15	0.001449	582.97	762.57	1.9661	0.98339	1.4003	723.81	-0.015844	7.0112e-05	0.09323	supercritical
633.0	1242.8	691.03	0.0014471	582.81	762.65	1.9655	0.98351	1.4003	724.79	-0.015959	7.0235e-05	0.093339	supercritical
633.0	1246.0	691.91	0.0014453	582.64	762.72	1.9648	0.98362	1.4003	725.76	-0.016074	7.0357e-05	0.093447	supercritical
633.0	1249.2	692.79	0.0014434	582.47	762.79	1.9642	0.98374	1.4003	726.74	-0.016188	7.0479e-05	0.093556	supercritical
633.0	1252.5	693.66	0.0014416	582.3	762.87	1.9636	0.98386	1.4003	727.71	-0.016301	7.0601e-05	0.093665	supercritical
633.0	1255.8	694.54	0.0014398	582.14	762.94	1.963	0.98398	1.4003	728.68	-0.016414	7.0724e-05	0.093773	supercritical
633.0	1259.0	695.4	0.001438	581.97	763.02	1.9623	0.98409	1.4003	729.66	-0.016526	7.0846e-05	0.093881	supercritical
633.0	1262.2	696.27	0.0014362	581.8	763.09	1.9617	0.98421	1.4003	730.63	-0.016637	7.0968e-05	0.093989	supercritical
633.0	1265.5	697.14	0.0014344	581.64	763.17	1.9611	0.98433	1.4003	731.6	-0.016748	7.109e-05	0.094097	supercritical
633.0	1268.8	698.0	0.0014327	581.47	763.24	1.9605	0.98445	1.4002	732.56	-0.016858	7.1211e-05	0.094205	supercritical
633.0	1272.0	698.86	0.0014309	581.31	763.32	1.9599	0.98456	1.4002	733.53	-0.016968	7.1333e-05	0.094313	supercritical
633.0	1275.2	699.72	0.0014291	581.15	763.4	1.9593	0.98468	1.4002	734.5	-0.017077	7.1455e-05	0.094421	supercritical
633.0	1278.5	700.57	0.0014274	580.98	763.48	1.9587	0.9848	1.4002	735.47	-0.017185	7.1577e-05	0.094529	supercritical
633.0	1281.8	701.43	0.0014257	580.82	763.55	1.958	0.98492	1.4002	736.43	-0.017293	7.1698e-05	0.094637	supercritical
633.0	1285.0	702.28	0.0014239	580.66	763.63	1.9574	0.98503	1.4002	737.39	-0.0174	7.182e-05	0.094744	supercritical
633.0	1288.2	703.13	0.0014222	580.5	763.71	1.9568	0.98515	1.4002	738.36	-0.017507	7.1941e-05	0.094851	supercritical
633.0	1291.5	703.97	0.0014205	580.33	763.79	1.9562	0.98527	1.4002	739.32	-0.017613	7.2063e-05	0.094959	supercritical
633.0	1294.8	704.82	0.0014188	580.17	763.87	1.9556	0.98538	1.4002	740.28	-0.017718	7.2184e-05	0.095066	supercritical
633.0	1298.0	705.66	0.0014171	580.01	763.95	1.955	0.9855	1.4002	741.24	-0.017823	7.2305e-05	0.095173	supercritical
633.0	1301.2	706.5	0.0014154	579.85	764.04	1.9544	0.98562	1.4002	742.2	-0.017927	7.2426e-05	0.09528	supercritical
633.0	1304.5	707.33	0.0014138	579.69	764.12	1.9538	0.98573	1.4002	743.16	-0.01803	7.2548e-05	0.095387	supercritical
633.0	1307.8	708.17	0.0014121	579.53	764.2	1.9532	0.98585	1.4002	744.11	-0.018133	7.2669e-05	0.095494	supercritical
633.0	1311.0	709.0	0.0014104	579.37	764.28	1.9526	0.98597	1.4002	745.07	-0.018236	7.279e-05	0.095601	supercritical
633.0	1314.2	709.83	0.0014088	579.22	764.37	1.9521	0.98608	1.4002	746.02	-0.018338	7.291e-05	0.095708	supercritical
633.0	1317.5	710.66	0.0014071	579.06	764.45	1.9515	0.9862	1.4001	746.98	-0.018439	7.3031e-05	0.095814	supercritical
633.0	1320.8	711.49	0.0014055	578.9	764.53	1.9509	0.98632	1.4001	747.93	-0.01854	7.3152e-05	0.095921	supercritical
633.0	1324.0	712.31	0.0014039	578.74	764.62	1.9503	0.98643	1.4001	748.88	-0.01864	7.3273e-05	0.096028	supercritical
633.0	1327.2	713.13	0.0014023	578.59	764.7	1.9497	0.98655	1.4001	749.83	-0.018739	7.3393e-05	0.096134	supercritical
633.0	1330.5	713.95	0.0014007	578.43	764.79	1.9491	0.98667	1.4001	750.78	-0.018839	7.3514e-05	0.09624	supercritical
633.0	1333.8	714.77	0.0013991	578.27	764.87	1.9485	0.98678	1.4001	751.73	-0.018937	7.3634e-05	0.096346	supercritical
633.0	1337.0	715.58	0.0013975	578.12	764.96	1.948	0.9869	1.4001	752.68	-0.019035	7.3755e-05	0.096453	supercritical
633.0	1340.2	716.39	0.0013959	577.96	765.05	1.9474	0.98701	1.4001	753.62	-0.019132	7.3875e-05	0.096559	supercritical
633.0	1343.5	717.21	0.0013943	577.81	765.13	1.9468	0.98713	1.4001	754.57	-0.019229	7.3996e-05	0.096665	supercritical
633.0	1346.8	718.01	0.0013927	577.66	765.22	1.9462	0.98725	1.4	755.51	-0.019326	7.4116e-05	0.096771	supercritical
633.0	1350.0	718.82	0.0013912	577.5	765.31	1.9456	0.98736	1.4	756.46	-0.019422	7.4236e-05	0.096877	supercritical
633.0	1353.2	719.62	0.0013896	577.35	765.4	1.9451	0.98748	1.4	757.4	-0.019517	7.4356e-05	0.096982	supercritical
633.0	1356.5	720.43	0.0013881	577.2	765.49	1.9445	0.98759	1.4	758.34	-0.019612	7.4476e-05	0.097088	supercritical
633.0	1359.8	721.23	0.0013865	577.04	765.58	1.9439	0.98771	1.4	759.28	-0.019706	7.4596e-05	0.097194	supercritical
633.0	1363.0	722.02	0.001385	576.89	765.67	1.9434	0.98783	1.4	760.22	-0.0198	7.4716e-05	0.097299	supercritical
633.0	1366.2	722.82	0.0013835	576.74	765.76	1.9428	0.98794	1.4	761.16	-0.019893	7.4836e-05	0.097405	supercritical
633.0	1369.5	723.61	0.001382	576.59	765.85	1.9422	0.98806	1.4	762.1	-0.019986	7.4955e-05	0.09751	supercritical
633.0	1372.8	724.41	0.0013804	576.44	765.94	1.9417	0.98817	1.3999	763.04	-0.020078	7.5075e-05	0.097615	supercritical
633.0	1376.0	725.2	0.0013789	576.29	766.03	1.9411	0.98829	1.3999	763.97	-0.02017	7.5195e-05	0.097721	supercritical
633.0	1379.2	725.98	0.0013774	576.14	766.12	1.9405	0.9884	1.3999	764.91	-0.020261	7.5314e-05	0.097826	supercritical
633.0	1382.5	726.77	0.001376	575.99	766.22	1.94	0.98852	1.3999	765.84	-0.020352	7.5434e-05	0.097931	supercritical
633.0	1385.8	727.55	0.0013745	575.84	766.31	1.9394	0.98863	1.3999	766.77	-0.020442	7.5553e-05	0.098036	supercritical
633.0	1389.0	728.33	0.001373	575.69	766.4	1.9389	0.98875	1.3999	767.7	-0.020532	7.5672e-05	0.098141	supercritical
633.0	1392.2	729.11	0.0013715	575.54	766.5	1.9383	0.98887	1.3999	768.63	-0.020621	7.5792e-05	0.098246	supercritical
633.0	1395.5	729.89	0.0013701	575.4	766.59	1.9377	0.98898	1.3998	769.56	-0.02071	7.5911e-05	0.098351	supercritical
633.0	1398.8	730.67	0.0013686	575.25	766.68	1.9372	0.9891	1.3998	770.49	-0.020798	7.603e-05	0.098456	supercritical
633.0	1402.0	731.44	0.0013672	575.1	766.78	1.9366	0.98921	1.3998	771.42	-0.020886	7.6149e-05	0.09856	supercritical
633.0	1405.2	732.21	0.0013657	574.96	766.87	1.9361	0.98933	1.3998	772.34	-0.020973	7.6268e-05	0.098665	supercritical
633.0	1408.5	732.98	0.0013643	574.81	766.97	1.9355	0.98944	1.3998	773.27	-0.02106	7.6387e-05	0.09877	supercritical
633.0	1411.8	733.75	0.0013629	574.66	767.07	1.935	0.98956	1.3998	774.19	-0.021147	7.6506e-05	0.098874	supercritical
633.0	1415.0	734.52	0.0013614	574.52	767.16	1.9344	0.98967	1.3997	775.12	-0.021233	7.6625e-05	0.098979	supercritical
633.0	1418.2	735.28	0.00136	574.37	767.26	1.9339	0.98979	1.3997	776.04	-0.021318	7.6743e-05	0.099083	supercritical
633.0	1421.5	736.04	0.0013586	574.23	767.36	1.9333	0.9899	1.3997	776.96	-0.021403	7.6862e-05	0.099187	supercritical
633.0	1424.8	736.8	0.0013572	574.08	767.45	1.9328	0.99002	1.3997	777.88	-0.021488	7.6981e-05	0.099292	supercritical
633.0	1428.0	737.56	0.0013558	573.94	767.55	1.9323	0.99013	1.3997	778.8	-0.021572	7.7099e-05	0.099396	supercritical
633.0	1431.2	738.32	0.0013544	573.8	767.65	1.9317	0.99025	1.3997	779.72	-0.021656	7.7218e-05	0.0995	supercritical
633.0	1434.5	739.07	0.001353	573.65	767.75	1.9312	0.99036	1.3996	780.64	-0.021739	7.7336e-05	0.099604	supercritical
633.0	1437.8	739.83	0.0013517	573.51	767.85	1.9306	0.99048	1.3996	781.55	-0.021822	7.7454e-05	0.099708	supercritical
633.0	1441.0	740.58	0.0013503	573.37	767.95	1.9301	0.99059	1.3996	782.47	-0.021904	7.7573e-05	0.099812	supercritical
633.0	1444.2	741.33	0.0013489	573.23	768.05	1.9296	0.9907	1.3996	783.38	-0.021986	7.7691e-05	0.099916	supercritical
633.0	1447.5	742.07	0.0013476	573.09	768.15	1.929	0.99082	1.3996	784.3	-0.022068	7.7809e-05	0.10002	supercritical
633.0	1450.8	742.82	0.0013462	572.94	768.25	1.9285	0.99093	1.3995	785.21	-0.022149	7.7927e-05	0.10012	supercritical
633.0	1454.0	743.56	0.0013449	572.8	768.35	1.928	0.99105	1.3995	786.12	-0.022229	7.8045e-05	0.10023	supercritical
633.0	1457.2	744.3	0.0013435	572.66	768.45	1.9274	0.99116	1.3995	787.03	-0.02231	7.8163e-05	0.10033	supercritical
633.0	1460.5	745.04	0.0013422	572.52	768.55	1.9269	0.99128	1.3995	787.94	-0.022389	7.8281e-05	0.10043	supercritical
633.0	1463.8	745.78	0.0013409	572.38	768.65	1.9264	0.99139	1.3995	788.85	-0.022469	7.8399e-05	0.10054	supercritical
633.0	1467.0	746.52	0.0013396	572.24	768.76	1.9259	0.99151	1.3995	789.75	-0.022548	7.8516e-05	0.10064	supercritical
633.0	1470.2	747.25	0.0013382	572.1	768.86	1.9253	0.99162	1.3994	790.66	-0.022626	7.8634e-05	0.10075	supercritical
633.0	1473.5	747.99	0.0013369	571.97	768.96	1.9248	0.99173	1.3994	791.56	-0.022704	7.8752e-05	0.10085	supercritical
633.0	1476.8	748.72	0.0013356	571.83	769.06	1.9243	0.99185	1.3994	792.47	-0.022782	7.8869e-05	0.10095	supercritical
633.0	1480.0	749.45	0.0013343	571.69	769.17	1.9238	0.99196	1.3994	793.37	-0.022859	7.8987e-05	0.10106	supercritical
633.0	1483.2	750.17	0.001333	571.55	769.27	1.9232	0.99208	1.3994	794.27	-0.022936	7.9104e-05	0.10116	supercritical
633.0	1486.5	750.9	0.0013317	571.41	769.38	1.9227	0.99219	1.3993	795.18	-0.023013	7.9221e-05	0.10126	supercritical
633.0	1489.8	751.62	0.0013305	571.28	769.48	1.9222	0.9923	1.3993	796.08	-0.023089	7.9339e-05	0.10137	supercritical
633.0	1493.0	752.35	0.0013292	571.14	769.59	1.9217	0.99242	1.3993	796.97	-0.023164	7.9456e-05	0.10147	supercritical
633.0	1496.2	753.07	0.0013279	571.01	769.69	1.9212	0.99253	1.3993	797.87	-0.02324	7.9573e-05	0.10157	supercritical
633.0	1499.5	753.79	0.0013266	570.87	769.8	1.9207	0.99265	1.3993	798.77	-0.023314	7.969e-05	0.10167	supercritical
633.0	1502.8	754.5	0.0013254	570.73	769.9	1.9202	0.99276	1.3992	799.67	-0.023389	7.9807e-05	0.10178	supercritical
633.0	1506.0	755.22	0.0013241	570.6	770.01	1.9196	0.99287	1.3992	800.56	-0.023463	7.9924e-05	0.10188	supercritical
633.0	1509.2	755.93	0.0013229	570.46	770.12	1.9191	0.99299	1.3992	801.45	-0.023537	8.0041e-05	0.10198	supercritical
633.0	1512.5	756.64	0.0013216	570.33	770.23	1.9186	0.9931	1.3992	802.35	-0.02361	8.0158e-05	0.10209	supercritical
633.0	1515.8	757.35	0.0013204	570.2	770.33	1.9181	0.99321	1.3992	803.24	-0.023683	8.0275e-05	0.10219	supercritical
633.0	1519.0	758.06	0.0013192	570.06	770.44	1.9176	0.99333	1.3991	804.13	-0.023756	8.0391e-05	0.10229	supercritical
633.0	1522.2	758.77	0.0013179	569.93	770.55	1.9171	0.99344	1.3991	805.02	-0.023828	8.0508e-05	0.10239	supercritical
633.0	1525.5	759.48	0.0013167	569.8	770.66	1.9166	0.99356	1.3991	805.91	-0.023899	8.0625e-05	0.1025	supercritical
633.0	1528.8	760.18	0.0013155	569.66	770.77	1.9161	0.99367	1.3991	806.8	-0.023971	8.0741e-05	0.1026	supercritical
633.0	1532.0	760.88	0.0013143	569.53	770.88	1.9156	0.99378	1.3991	807.68	-0.024042	8.0857e-05	0.1027	supercritical
633.0	1535.2	761.58	0.0013131	569.4	770.98	1.9151	0.9939	1.399	808.57	-0.024113	8.0974e-05	0.1028	supercritical
633.0	1538.5	762.28	0.0013119	569.27	771.09	1.9146	0.99401	1.399	809.46	-0.024183	8.109e-05	0.10291	supercritical
633.0	1541.8	762.98	0.0013107	569.14	771.2	1.9141	0.99412	1.399	810.34	-0.024253	8.1206e-05	0.10301	supercritical
633.0	1545.0	763.67	0.0013095	569.0	771.32	1.9136	0.99424	1.399	811.22	-0.024322	8.1323e-05	0.10311	supercritical
633.0	1548.2	764.37	0.0013083	568.87	771.43	1.9131	0.99435	1.399	812.1	-0.024392	8.1439e-05	0.10321	supercritical
633.0	1551.5	765.06	0.0013071	568.74	771.54	1.9126	0.99446	1.3989	812.99	-0.024461	8.1555e-05	0.10332	supercritical
633.0	1554.8	765.75	0.0013059	568.61	771.65	1.9121	0.99458	1.3989	813.87	-0.024529	8.1671e-05	0.10342	supercritical
633.0	1558.0	766.44	0.0013047	568.48	771.76	1.9116	0.99469	1.3989	814.74	-0.024597	8.1787e-05	0.10352	supercritical
633.0	1561.2	767.13	0.0013036	568.35	771.87	1.9111	0.9948	1.3989	815.62	-0.024665	8.1903e-05	0.10362	supercritical
633.0	1564.5	767.82	0.0013024	568.22	771.98	1.9106	0.99491	1.3989	816.5	-0.024732	8.2019e-05	0.10373	supercritical
633.0	1567.8	768.5	0.0013012	568.1	772.1	1.9101	0.99503	1.3988	817.38	-0.0248	8.2134e-05	0.10383	supercritical
633.0	1571.0	769.18	0.0013001	567.97	772.21	1.9096	0.99514	1.3988	818.25	-0.024866	8.225e-05	0.10393	supercritical
633.0	1574.2	769.87	0.0012989	567.84	772.32	1.9092	0.99525	1.3988	819.12	-0.024933	8.2366e-05	0.10403	supercritical
633.0	1577.5	770.55	0.0012978	567.71	772.44	1.9087	0.99537	1.3988	820.0	-0.024999	8.2481e-05	0.10413	supercritical
633.0	1580.8	771.22	0.0012966	567.58	772.55	1.9082	0.99548	1.3988	820.87	-0.025065	8.2597e-05	0.10424	supercritical
633.0	1584.0	771.9	0.0012955	567.46	772.66	1.9077	0.99559	1.3987	821.74	-0.02513	8.2712e-05	0.10434	supercritical
633.0	1587.2	772.58	0.0012944	567.33	772.78	1.9072	0.9957	1.3987	822.61	-0.025195	8.2828e-05	0.10444	supercritical
633.0	1590.5	773.25	0.0012932	567.2	772.89	1.9067	0.99582	1.3987	823.48	-0.02526	8.2943e-05	0.10454	supercritical
633.0	1593.8	773.92	0.0012921	567.08	773.01	1.9062	0.99593	1.3987	824.35	-0.025324	8.3059e-05	0.10464	supercritical
633.0	1597.0	774.59	0.001291	566.95	773.12	1.9058	0.99604	1.3987	825.21	-0.025388	8.3174e-05	0.10474	supercritical
633.0	1600.2	775.26	0.0012899	566.83	773.24	1.9053	0.99616	1.3987	826.08	-0.025452	8.3289e-05	0.10485	supercritical
633.0	1603.5	775.93	0.0012888	566.7	773.36	1.9048	0.99627	1.3986	826.95	-0.025515	8.3404e-05	0.10495	supercritical
633.0	1606.8	776.6	0.0012877	566.58	773.47	1.9043	0.99638	1.3986	827.81	-0.025578	8.3519e-05	0.10505	supercritical
633.0	1610.0	777.26	0.0012866	566.45	773.59	1.9038	0.99649	1.3986	828.67	-0.025641	8.3634e-05	0.10515	supercritical
633.0	1613.2	777.93	0.0012855	566.33	773.7	1.9034	0.99661	1.3986	829.54	-0.025704	8.3749e-05	0.10525	supercritical
633.0	1616.5	778.59	0.0012844	566.2	773.82	1.9029	0.99672	1.3986	830.4	-0.025766	8.3864e-05	0.10535	supercritical
633.0	1619.8	779.25	0.0012833	566.08	773.94	1.9024	0.99683	1.3985	831.26	-0.025827	8.3979e-05	0.10546	supercritical
633.0	1623.0	779.91	0.0012822	565.95	774.06	1.902	0.99694	1.3985	832.12	-0.025889	8.4094e-05	0.10556	supercritical
633.0	1626.2	780.57	0.0012811	565.83	774.17	1.9015	0.99706	1.3985	832.97	-0.02595	8.4208e-05	0.10566	supercritical
633.0	1629.5	781.22	0.00128	565.71	774.29	1.901	0.99717	1.3985	833.83	-0.026011	8.4323e-05	0.10576	supercritical
633.0	1632.8	781.88	0.001279	565.59	774.41	1.9005	0.99728	1.3985	834.69	-0.026072	8.4438e-05	0.10586	supercritical
633.0	1636.0	782.53	0.0012779	565.46	774.53	1.9001	0.99739	1.3984	835.54	-0.026132	8.4552e-05	0.10596	supercritical
633.0	1639.2	783.18	0.0012768	565.34	774.65	1.8996	0.9975	1.3984	836.4	-0.026192	8.4667e-05	0.10607	supercritical
633.0	1642.5	783.83	0.0012758	565.22	774.77	1.8991	0.99762	1.3984	837.25	-0.026251	8.4781e-05	0.10617	supercritical
633.0	1645.8	784.48	0.0012747	565.1	774.89	1.8987	0.99773	1.3984	838.1	-0.026311	8.4895e-05	0.10627	supercritical
633.0	1649.0	785.13	0.0012737	564.98	775.01	1.8982	0.99784	1.3984	838.95	-0.02637	8.501e-05	0.10637	supercritical
633.0	1652.2	785.78	0.0012726	564.86	775.13	1.8977	0.99795	1.3983	839.8	-0.026428	8.5124e-05	0.10647	supercritical
633.0	1655.5	786.42	0.0012716	564.74	775.25	1.8973	0.99807	1.3983	840.65	-0.026487	8.5238e-05	0.10657	supercritical
633.0	1658.8	787.06	0.0012705	564.62	775.37	1.8968	0.99818	1.3983	841.5	-0.026545	8.5352e-05	0.10667	supercritical
633.0	1662.0	787.71	0.0012695	564.5	775.49	1.8964	0.99829	1.3983	842.35	-0.026603	8.5466e-05	0.10677	supercritical
633.0	1665.2	788.35	0.0012685	564.38	775.61	1.8959	0.9984	1.3983	843.2	-0.02666	8.558e-05	0.10688	supercritical
633.0	1668.5	788.99	0.0012674	564.26	775.73	1.8954	0.99851	1.3983	844.04	-0.026718	8.5694e-05	0.10698	supercritical
633.0	1671.8	789.63	0.0012664	564.14	775.85	1.895	0.99862	1.3982	844.89	-0.026775	8.5808e-05	0.10708	supercritical
633.0	1675.0	790.26	0.0012654	564.02	775.97	1.8945	0.99874	1.3982	845.73	-0.026831	8.5922e-05	0.10718	supercritical
633.0	1678.2	790.9	0.0012644	563.9	776.1	1.8941	0.99885	1.3982	846.57	-0.026888	8.6036e-05	0.10728	supercritical
633.0	1681.5	791.53	0.0012634	563.78	776.22	1.8936	0.99896	1.3982	847.41	-0.026944	8.615e-05	0.10738	supercritical
633.0	1684.8	792.16	0.0012624	563.66	776.34	1.8932	0.99907	1.3982	848.25	-0.027	8.6263e-05	0.10748	supercritical
633.0	1688.0	792.8	0.0012614	563.55	776.46	1.8927	0.99918	1.3981	849.09	-0.027055	8.6377e-05	0.10758	supercritical
633.0	1691.2	793.43	0.0012604	563.43	776.59	1.8922	0.9993	1.3981	849.93	-0.027111	8.6491e-05	0.10768	supercritical
633.0	1694.5	794.05	0.0012594	563.31	776.71	1.8918	0.99941	1.3981	850.77	-0.027166	8.6604e-05	0.10778	supercritical
633.0	1697.8	794.68	0.0012584	563.19	776.83	1.8913	0.99952	1.3981	851.61	-0.02722	8.6718e-05	0.10789	supercritical
633.0	1701.0	795.31	0.0012574	563.08	776.96	1.8909	0.99963	1.3981	852.44	-0.027275	8.6831e-05	0.10799	supercritical
633.0	1704.2	795.93	0.0012564	562.96	777.08	1.8904	0.99974	1.3981	853.28	-0.027329	8.6944e-05	0.10809	supercritical
633.0	1707.5	796.56	0.0012554	562.85	777.21	1.89	0.99985	1.398	854.11	-0.027383	8.7058e-05	0.10819	supercritical
633.0	1710.8	797.18	0.0012544	562.73	777.33	1.8895	0.99996	1.398	854.95	-0.027437	8.7171e-05	0.10829	supercritical
633.0	1714.0	797.8	0.0012534	562.61	777.45	1.8891	1.0001	1.398	855.78	-0.02749	8.7284e-05	0.10839	supercritical
633.0	1717.2	798.42	0.0012525	562.5	777.58	1.8887	1.0002	1.398	856.61	-0.027543	8.7397e-05	0.10849	supercritical
633.0	1720.5	799.04	0.0012515	562.38	777.7	1.8882	1.0003	1.398	857.44	-0.027596	8.751e-05	0.10859	supercritical
633.0	1723.8	799.66	0.0012505	562.27	777.83	1.8878	1.0004	1.398	858.27	-0.027649	8.7623e-05	0.10869	supercritical
633.0	1727.0	800.27	0.0012496	562.15	777.96	1.8873	1.0005	1.3979	859.1	-0.027701	8.7736e-05	0.10879	supercritical
633.0	1730.2	800.89	0.0012486	562.04	778.08	1.8869	1.0006	1.3979	859.92	-0.027753	8.7849e-05	0.10889	supercritical
633.0	1733.5	801.5	0.0012477	561.93	778.21	1.8864	1.0007	1.3979	860.75	-0.027805	8.7962e-05	0.10899	supercritical
633.0	1736.8	802.11	0.0012467	561.81	778.33	1.886	1.0009	1.3979	861.58	-0.027856	8.8075e-05	0.10909	supercritical
633.0	1740.0	802.72	0.0012458	561.7	778.46	1.8856	1.001	1.3979	862.4	-0.027908	8.8188e-05	0.1092	supercritical
633.0	1743.2	803.33	0.0012448	561.59	778.59	1.8851	1.0011	1.3979	863.22	-0.027959	8.8301e-05	0.1093	supercritical
633.0	1746.5	803.94	0.0012439	561.47	778.72	1.8847	1.0012	1.3978	864.05	-0.02801	8.8413e-05	0.1094	supercritical
633.0	1749.8	804.55	0.0012429	561.36	778.84	1.8842	1.0013	1.3978	864.87	-0.02806	8.8526e-05	0.1095	supercritical
633.0	1753.0	805.15	0.001242	561.25	778.97	1.8838	1.0014	1.3978	865.69	-0.028111	8.8639e-05	0.1096	supercritical
633.0	1756.2	805.76	0.0012411	561.14	779.1	1.8834	1.0015	1.3978	866.51	-0.028161	8.8751e-05	0.1097	supercritical
633.0	1759.5	806.36	0.0012401	561.02	779.23	1.8829	1.0016	1.3978	867.33	-0.02821	8.8864e-05	0.1098	supercritical
633.0	1762.8	806.96	0.0012392	560.91	779.35	1.8825	1.0017	1.3978	868.15	-0.02826	8.8976e-05	0.1099	supercritical
633.0	1766.0	807.56	0.0012383	560.8	779.48	1.8821	1.0019	1.3977	868.96	-0.028309	8.9088e-05	0.11	supercritical
633.0	1769.2	808.16	0.0012374	560.69	779.61	1.8816	1.002	1.3977	869.78	-0.028358	8.9201e-05	0.1101	supercritical
633.0	1772.5	808.76	0.0012365	560.58	779.74	1.8812	1.0021	1.3977	870.59	-0.028407	8.9313e-05	0.1102	supercritical
633.0	1775.8	809.36	0.0012355	560.47	779.87	1.8808	1.0022	1.3977	871.41	-0.028456	8.9425e-05	0.1103	supercritical
633.0	1779.0	809.96	0.0012346	560.36	780.0	1.8803	1.0023	1.3977	872.22	-0.028504	8.9537e-05	0.1104	supercritical
633.0	1782.2	810.55	0.0012337	560.25	780.13	1.8799	1.0024	1.3977	873.03	-0.028552	8.9649e-05	0.1105	supercritical
633.0	1785.5	811.15	0.0012328	560.14	780.26	1.8795	1.0025	1.3976	873.84	-0.0286	8.9762e-05	0.1106	supercritical
633.0	1788.8	811.74	0.0012319	560.03	780.39	1.8791	1.0026	1.3976	874.66	-0.028648	8.9874e-05	0.1107	supercritical
633.0	1792.0	812.33	0.001231	559.92	780.52	1.8786	1.0027	1.3976	875.46	-0.028695	8.9985e-05	0.1108	supercritical
633.0	1795.2	812.92	0.0012301	559.81	780.65	1.8782	1.0028	1.3976	876.27	-0.028743	9.0097e-05	0.1109	supercritical
633.0	1798.5	813.51	0.0012292	559.7	780.78	1.8778	1.003	1.3976	877.08	-0.02879	9.0209e-05	0.111	supercritical
633.0	1801.8	814.1	0.0012284	559.59	780.91	1.8774	1.0031	1.3976	877.89	-0.028836	9.0321e-05	0.1111	supercritical
633.0	1805.0	814.69	0.0012275	559.48	781.04	1.8769	1.0032	1.3976	878.69	-0.028883	9.0433e-05	0.1112	supercritical
633.0	1808.2	815.27	0.0012266	559.38	781.17	1.8765	1.0033	1.3975	879.5	-0.028929	9.0545e-05	0.1113	supercritical
633.0	1811.5	815.86	0.0012257	559.27	781.3	1.8761	1.0034	1.3975	880.3	-0.028975	9.0656e-05	0.1114	supercritical
633.0	1814.8	816.44	0.0012248	559.16	781.44	1.8757	1.0035	1.3975	881.11	-0.029021	9.0768e-05	0.1115	supercritical
633.0	1818.0	817.02	0.001224	559.05	781.57	1.8752	1.0036	1.3975	881.91	-0.029067	9.0879e-05	0.11161	supercritical
633.0	1821.2	817.6	0.0012231	558.95	781.7	1.8748	1.0037	1.3975	882.71	-0.029112	9.0991e-05	0.11171	supercritical
633.0	1824.5	818.18	0.0012222	558.84	781.83	1.8744	1.0038	1.3975	883.51	-0.029157	9.1102e-05	0.11181	supercritical
633.0	1827.8	818.76	0.0012214	558.73	781.97	1.874	1.004	1.3975	884.31	-0.029202	9.1214e-05	0.11191	supercritical
633.0	1831.0	819.34	0.0012205	558.63	782.1	1.8736	1.0041	1.3974	885.11	-0.029247	9.1325e-05	0.11201	supercritical
633.0	1834.2	819.92	0.0012196	558.52	782.23	1.8732	1.0042	1.3974	885.91	-0.029292	9.1437e-05	0.11211	supercritical
633.0	1837.5	820.49	0.0012188	558.41	782.36	1.8727	1.0043	1.3974	886.7	-0.029336	9.1548e-05	0.11221	supercritical
633.0	1840.8	821.07	0.0012179	558.31	782.5	1.8723	1.0044	1.3974	887.5	-0.02938	9.1659e-05	0.11231	supercritical
633.0	1844.0	821.64	0.0012171	558.2	782.63	1.8719	1.0045	1.3974	888.3	-0.029424	9.177e-05	0.11241	supercritical
633.0	1847.2	822.21	0.0012162	558.1	782.76	1.8715	1.0046	1.3974	889.09	-0.029468	9.1882e-05	0.11251	supercritical
633.0	1850.5	822.79	0.0012154	557.99	782.9	1.8711	1.0047	1.3974	889.88	-0.029511	9.1993e-05	0.11261	supercritical
633.0	1853.8	823.36	0.0012145	557.89	783.03	1.8707	1.0048	1.3974	890.68	-0.029555	9.2104e-05	0.11271	supercritical
633.0	1857.0	823.92	0.0012137	557.78	783.17	1.8703	1.0049	1.3973	891.47	-0.029598	9.2215e-05	0.11281	supercritical
633.0	1860.2	824.49	0.0012129	557.68	783.3	1.8699	1.0051	1.3973	892.26	-0.029641	9.2326e-05	0.11291	supercritical
633.0	1863.5	825.06	0.001212	557.57	783.44	1.8694	1.0052	1.3973	893.05	-0.029683	9.2437e-05	0.11301	supercritical
633.0	1866.8	825.63	0.0012112	557.47	783.57	1.869	1.0053	1.3973	893.84	-0.029726	9.2547e-05	0.11311	supercritical
633.0	1870.0	826.19	0.0012104	557.37	783.71	1.8686	1.0054	1.3973	894.62	-0.029768	9.2658e-05	0.11321	supercritical
633.0	1873.2	826.75	0.0012095	557.26	783.84	1.8682	1.0055	1.3973	895.41	-0.02981	9.2769e-05	0.11331	supercritical
633.0	1876.5	827.32	0.0012087	557.16	783.98	1.8678	1.0056	1.3973	896.2	-0.029852	9.288e-05	0.11341	supercritical
633.0	1879.8	827.88	0.0012079	557.06	784.11	1.8674	1.0057	1.3973	896.98	-0.029894	9.299e-05	0.11351	supercritical
633.0	1883.0	828.44	0.0012071	556.95	784.25	1.867	1.0058	1.3972	897.77	-0.029935	9.3101e-05	0.11361	supercritical
633.0	1886.2	829.0	0.0012063	556.85	784.38	1.8666	1.0059	1.3972	898.55	-0.029977	9.3212e-05	0.11371	supercritical
633.0	1889.5	829.56	0.0012055	556.75	784.52	1.8662	1.006	1.3972	899.33	-0.030018	9.3322e-05	0.11381	supercritical
633.0	1892.8	830.12	0.0012047	556.65	784.66	1.8658	1.0062	1.3972	900.12	-0.030059	9.3433e-05	0.11391	supercritical
633.0	1896.0	830.67	0.0012038	556.54	784.79	1.8654	1.0063	1.3972	900.9	-0.030099	9.3543e-05	0.11401	supercritical
633.0	1899.2	831.23	0.001203	556.44	784.93	1.865	1.0064	1.3972	901.68	-0.03014	9.3654e-05	0.11411	supercritical
633.0	1902.5	831.78	0.0012022	556.34	785.07	1.8646	1.0065	1.3972	902.46	-0.03018	9.3764e-05	0.11421	supercritical
633.0	1905.8	832.34	0.0012014	556.24	785.2	1.8642	1.0066	1.3972	903.24	-0.03022	9.3874e-05	0.11431	supercritical
633.0	1909.0	832.89	0.0012006	556.14	785.34	1.8638	1.0067	1.3972	904.01	-0.03026	9.3985e-05	0.11441	supercritical
633.0	1912.2	833.44	0.0011998	556.04	785.48	1.8634	1.0068	1.3971	904.79	-0.0303	9.4095e-05	0.11451	supercritical
633.0	1915.5	833.99	0.0011991	555.94	785.62	1.863	1.0069	1.3971	905.57	-0.03034	9.4205e-05	0.11461	supercritical
633.0	1918.8	834.54	0.0011983	555.84	785.75	1.8626	1.007	1.3971	906.34	-0.030379	9.4315e-05	0.11471	supercritical
633.0	1922.0	835.09	0.0011975	555.74	785.89	1.8622	1.0071	1.3971	907.11	-0.030418	9.4425e-05	0.11481	supercritical
633.0	1925.2	835.63	0.0011967	555.64	786.03	1.8618	1.0072	1.3971	907.89	-0.030457	9.4535e-05	0.11491	supercritical
633.0	1928.5	836.18	0.0011959	555.54	786.17	1.8614	1.0074	1.3971	908.66	-0.030496	9.4645e-05	0.11501	supercritical
633.0	1931.8	836.73	0.0011951	555.44	786.31	1.861	1.0075	1.3971	909.43	-0.030535	9.4755e-05	0.11511	supercritical
633.0	1935.0	837.27	0.0011944	555.34	786.45	1.8606	1.0076	1.3971	910.2	-0.030573	9.4865e-05	0.11521	supercritical
633.0	1938.2	837.81	0.0011936	555.24	786.59	1.8602	1.0077	1.3971	910.97	-0.030612	9.4975e-05	0.11531	supercritical
633.0	1941.5	838.36	0.0011928	555.14	786.72	1.8598	1.0078	1.3971	911.74	-0.03065	9.5085e-05	0.11541	supercritical
633.0	1944.8	838.9	0.001192	555.04	786.86	1.8594	1.0079	1.397	912.51	-0.030688	9.5195e-05	0.11551	supercritical
633.0	1948.0	839.44	0.0011913	554.94	787.0	1.859	1.008	1.397	913.28	-0.030726	9.5305e-05	0.11561	supercritical
633.0	1951.2	839.98	0.0011905	554.85	787.14	1.8587	1.0081	1.397	914.04	-0.030763	9.5414e-05	0.11571	supercritical
633.0	1954.5	840.52	0.0011897	554.75	787.28	1.8583	1.0082	1.397	914.81	-0.030801	9.5524e-05	0.11581	supercritical
633.0	1957.8	841.05	0.001189	554.65	787.42	1.8579	1.0083	1.397	915.57	-0.030838	9.5634e-05	0.11591	supercritical
633.0	1961.0	841.59	0.0011882	554.55	787.56	1.8575	1.0084	1.397	916.34	-0.030875	9.5743e-05	0.11601	supercritical
633.0	1964.2	842.13	0.0011875	554.45	787.7	1.8571	1.0086	1.397	917.1	-0.030912	9.5853e-05	0.11611	supercritical
633.0	1967.5	842.66	0.0011867	554.36	787.84	1.8567	1.0087	1.397	917.86	-0.030949	9.5962e-05	0.11621	supercritical
633.0	1970.8	843.2	0.001186	554.26	787.98	1.8563	1.0088	1.397	918.63	-0.030985	9.6072e-05	0.11631	supercritical
633.0	1974.0	843.73	0.0011852	554.16	788.12	1.8559	1.0089	1.397	919.39	-0.031022	9.6181e-05	0.11641	supercritical
633.0	1977.2	844.26	0.0011845	554.07	788.27	1.8555	1.009	1.397	920.15	-0.031058	9.6291e-05	0.11651	supercritical
633.0	1980.5	844.79	0.0011837	553.97	788.41	1.8552	1.0091	1.3969	920.91	-0.031094	9.64e-05	0.11661	supercritical
633.0	1983.8	845.32	0.001183	553.87	788.55	1.8548	1.0092	1.3969	921.66	-0.03113	9.6509e-05	0.11671	supercritical
633.0	1987.0	845.85	0.0011822	553.78	788.69	1.8544	1.0093	1.3969	922.42	-0.031166	9.6619e-05	0.11681	supercritical
633.0	1990.2	846.38	0.0011815	553.68	788.83	1.854	1.0094	1.3969	923.18	-0.031201	9.6728e-05	0.11691	supercritical
633.0	1993.5	846.91	0.0011808	553.59	788.97	1.8536	1.0095	1.3969	923.93	-0.031237	9.6837e-05	0.11701	supercritical
633.0	1996.8	847.43	0.00118	553.49	789.11	1.8532	1.0096	1.3969	924.69	-0.031272	9.6946e-05	0.11711	supercritical
633.0	2000.0	847.96	0.0011793	553.4	789.26	1.8529	1.0098	1.3969	925.44	-0.031307	9.7055e-05	0.11721	supercritical
