Temperature (K)	Pressure (bar)	Density (kg/m3)	Volume (m3/kg)	Internal Energy (kJ/kg)	Enthalpy (kJ/kg)	Entropy (J/g*K)	Cv (J/g*K)	Cp (J/g*K)	Sound Spd. (m/s)	Joule-Thomson (K/bar)	Viscosity (Pa*s)	Therm. Cond. (W/m*K)	Phase
534.0	56.5	57.584	0.017366	616.73	714.85	2.5028	0.8607	1.1007	349.86	0.24777	2.6128e-05	0.037727	vapor
534.0	59.75	60.983	0.016398	615.98	713.96	2.4909	0.86145	1.1045	349.89	0.24649	2.6184e-05	0.037853	vapor
534.0	63.0	64.392	0.01553	615.24	713.08	2.4795	0.86221	1.1085	349.92	0.24519	2.6242e-05	0.03798	vapor
534.0	66.25	67.808	0.014748	614.49	712.19	2.4687	0.86296	1.1124	349.98	0.24388	2.6301e-05	0.038108	vapor
534.0	69.5	71.232	0.014039	613.74	711.31	2.4583	0.86371	1.1163	350.04	0.24256	2.6361e-05	0.038237	vapor
534.0	72.75	74.664	0.013393	613.0	710.43	2.4483	0.86445	1.1203	350.12	0.24123	2.6421e-05	0.038367	vapor
534.0	76.0	78.104	0.012803	612.25	709.56	2.4387	0.8652	1.1242	350.2	0.23988	2.6483e-05	0.038498	vapor
534.0	76.0	78.104	0.012803	612.25	709.56	2.4387	0.8652	1.1242	350.2	0.23988	2.6483e-05	0.038498	supercritical
534.0	76.0	78.104	0.012803	612.25	709.56	2.4387	0.8652	1.1242	350.2	0.23988	2.6483e-05	0.038498	supercritical
534.0	79.25	81.551	0.012262	611.5	708.68	2.4294	0.86594	1.1282	350.31	0.23852	2.6547e-05	0.03863	supercritical
534.0	82.5	85.005	0.011764	610.75	707.81	2.4204	0.86668	1.1322	350.42	0.23715	2.6611e-05	0.038762	supercritical
534.0	85.75	88.466	0.011304	610.01	706.94	2.4118	0.86742	1.1362	350.55	0.23577	2.6676e-05	0.038897	supercritical
534.0	89.0	91.934	0.010877	609.26	706.07	2.4034	0.86815	1.1402	350.69	0.23438	2.6743e-05	0.039032	supercritical
534.0	92.25	95.408	0.010481	608.51	705.2	2.3953	0.86888	1.1443	350.84	0.23297	2.681e-05	0.039168	supercritical
534.0	95.5	98.888	0.010112	607.76	704.33	2.3874	0.86961	1.1483	351.0	0.23156	2.6879e-05	0.039306	supercritical
534.0	98.75	102.37	0.009768	607.01	703.47	2.3797	0.87033	1.1523	351.18	0.23013	2.6949e-05	0.039445	supercritical
534.0	102.0	105.87	0.0094459	606.26	702.61	2.3723	0.87105	1.1564	351.38	0.22868	2.702e-05	0.039585	supercritical
534.0	105.25	109.36	0.0091438	605.51	701.75	2.365	0.87177	1.1604	351.58	0.22723	2.7093e-05	0.039727	supercritical
534.0	108.5	112.87	0.0088601	604.76	700.9	2.3579	0.87248	1.1645	351.8	0.22577	2.7167e-05	0.03987	supercritical
534.0	111.75	116.37	0.008593	604.01	700.04	2.351	0.87319	1.1685	352.04	0.22429	2.7241e-05	0.040014	supercritical
534.0	115.0	119.88	0.0083413	603.27	699.19	2.3443	0.8739	1.1726	352.28	0.2228	2.7318e-05	0.04016	supercritical
534.0	118.25	123.4	0.0081037	602.52	698.34	2.3377	0.8746	1.1766	352.54	0.2213	2.7395e-05	0.040308	supercritical
534.0	121.5	126.92	0.0078789	601.77	697.5	2.3313	0.8753	1.1807	352.82	0.21979	2.7474e-05	0.040456	supercritical
534.0	124.75	130.44	0.0076661	601.02	696.66	2.3249	0.87599	1.1848	353.11	0.21826	2.7554e-05	0.040607	supercritical
534.0	128.0	133.97	0.0074643	600.28	695.82	2.3188	0.87668	1.1888	353.42	0.21673	2.7635e-05	0.040759	supercritical
534.0	131.25	137.5	0.0072727	599.53	694.98	2.3127	0.87737	1.1928	353.73	0.21519	2.7718e-05	0.040912	supercritical
534.0	134.5	141.03	0.0070905	598.78	694.15	2.3068	0.87805	1.1969	354.07	0.21363	2.7802e-05	0.041067	supercritical
534.0	137.75	144.57	0.0069171	598.04	693.32	2.301	0.87872	1.2009	354.42	0.21207	2.7887e-05	0.041224	supercritical
534.0	141.0	148.11	0.0067519	597.29	692.49	2.2953	0.8794	1.2049	354.78	0.21049	2.7973e-05	0.041382	supercritical
534.0	144.25	151.64	0.0065944	596.55	691.67	2.2897	0.88006	1.209	355.16	0.20891	2.8061e-05	0.041542	supercritical
534.0	147.5	155.18	0.006444	595.8	690.85	2.2842	0.88072	1.213	355.55	0.20732	2.8151e-05	0.041703	supercritical
534.0	150.75	158.73	0.0063002	595.06	690.04	2.2788	0.88138	1.2169	355.96	0.20572	2.8241e-05	0.041866	supercritical
534.0	154.0	162.27	0.0061627	594.32	689.23	2.2735	0.88203	1.2209	356.39	0.20411	2.8333e-05	0.042031	supercritical
534.0	157.25	165.81	0.006031	593.58	688.42	2.2682	0.88268	1.2249	356.83	0.20249	2.8426e-05	0.042197	supercritical
534.0	160.5	169.35	0.0059049	592.84	687.61	2.2631	0.88332	1.2288	357.28	0.20087	2.8521e-05	0.042365	supercritical
534.0	163.75	172.89	0.0057839	592.1	686.81	2.258	0.88396	1.2328	357.75	0.19924	2.8617e-05	0.042534	supercritical
534.0	167.0	176.43	0.0056679	591.36	686.02	2.2531	0.88459	1.2367	358.24	0.1976	2.8715e-05	0.042706	supercritical
534.0	170.25	179.97	0.0055564	590.63	685.23	2.2482	0.88521	1.2406	358.74	0.19595	2.8813e-05	0.042878	supercritical
534.0	173.5	183.51	0.0054492	589.89	684.44	2.2433	0.88583	1.2444	359.26	0.1943	2.8914e-05	0.043053	supercritical
534.0	176.75	187.05	0.0053462	589.16	683.65	2.2386	0.88645	1.2483	359.79	0.19265	2.9015e-05	0.043229	supercritical
534.0	180.0	190.58	0.0052471	588.43	682.87	2.2339	0.88706	1.2521	360.34	0.19099	2.9118e-05	0.043407	supercritical
534.0	183.25	194.11	0.0051516	587.7	682.1	2.2293	0.88766	1.2559	360.9	0.18932	2.9222e-05	0.043586	supercritical
534.0	186.5	197.64	0.0050596	586.97	681.33	2.2247	0.88826	1.2597	361.48	0.18765	2.9328e-05	0.043767	supercritical
534.0	189.75	201.17	0.004971	586.24	680.56	2.2202	0.88886	1.2635	362.08	0.18598	2.9435e-05	0.043949	supercritical
534.0	193.0	204.69	0.0048854	585.51	679.8	2.2158	0.88944	1.2672	362.69	0.18431	2.9544e-05	0.044133	supercritical
534.0	196.25	208.21	0.0048029	584.79	679.04	2.2115	0.89003	1.2709	363.32	0.18263	2.9653e-05	0.044319	supercritical
534.0	199.5	211.72	0.0047232	584.07	678.29	2.2072	0.8906	1.2746	363.96	0.18095	2.9765e-05	0.044506	supercritical
534.0	202.75	215.23	0.0046462	583.34	677.55	2.2029	0.89117	1.2782	364.62	0.17927	2.9877e-05	0.044694	supercritical
534.0	206.0	218.73	0.0045718	582.62	676.8	2.1987	0.89174	1.2818	365.3	0.17759	2.9991e-05	0.044884	supercritical
534.0	209.25	222.23	0.0044998	581.91	676.07	2.1946	0.8923	1.2854	365.99	0.1759	3.0106e-05	0.045076	supercritical
534.0	212.5	225.72	0.0044302	581.19	675.33	2.1905	0.89285	1.2889	366.7	0.17422	3.0223e-05	0.045269	supercritical
534.0	215.75	229.21	0.0043628	580.48	674.61	2.1864	0.8934	1.2924	367.42	0.17254	3.0341e-05	0.045463	supercritical
534.0	219.0	232.69	0.0042976	579.77	673.88	2.1825	0.89394	1.2959	368.16	0.17086	3.046e-05	0.045659	supercritical
534.0	222.25	236.16	0.0042344	579.06	673.17	2.1785	0.89448	1.2994	368.91	0.16918	3.0581e-05	0.045856	supercritical
534.0	225.5	239.63	0.0041731	578.35	672.46	2.1746	0.89501	1.3028	369.68	0.1675	3.0703e-05	0.046054	supercritical
534.0	228.75	243.09	0.0041138	577.65	671.75	2.1708	0.89553	1.3061	370.46	0.16582	3.0826e-05	0.046254	supercritical
534.0	232.0	246.53	0.0040562	576.94	671.05	2.167	0.89605	1.3095	371.26	0.16415	3.0951e-05	0.046455	supercritical
534.0	235.25	249.98	0.0040004	576.24	670.35	2.1632	0.89656	1.3128	372.07	0.16248	3.1077e-05	0.046657	supercritical
534.0	238.5	253.41	0.0039462	575.54	669.66	2.1595	0.89707	1.316	372.9	0.16081	3.1204e-05	0.046861	supercritical
534.0	241.75	256.83	0.0038936	574.85	668.98	2.1558	0.89757	1.3192	373.74	0.15915	3.1332e-05	0.047065	supercritical
534.0	245.0	260.25	0.0038425	574.16	668.3	2.1522	0.89807	1.3224	374.6	0.15749	3.1462e-05	0.047271	supercritical
534.0	248.25	263.65	0.0037928	573.46	667.62	2.1486	0.89856	1.3256	375.47	0.15584	3.1593e-05	0.047478	supercritical
534.0	251.5	267.05	0.0037446	572.78	666.95	2.1451	0.89904	1.3287	376.36	0.15419	3.1725e-05	0.047686	supercritical
534.0	254.75	270.44	0.0036977	572.09	666.29	2.1416	0.89952	1.3317	377.26	0.15255	3.1858e-05	0.047895	supercritical
534.0	258.0	273.81	0.0036521	571.41	665.63	2.1381	0.9	1.3347	378.18	0.15092	3.1993e-05	0.048105	supercritical
534.0	261.25	277.18	0.0036078	570.73	664.98	2.1347	0.90046	1.3377	379.1	0.14929	3.2129e-05	0.048316	supercritical
534.0	264.5	280.53	0.0035647	570.05	664.34	2.1313	0.90093	1.3406	380.05	0.14767	3.2266e-05	0.048528	supercritical
534.0	267.75	283.87	0.0035227	569.37	663.69	2.1279	0.90138	1.3435	381.0	0.14605	3.2404e-05	0.04874	supercritical
534.0	271.0	287.2	0.0034818	568.7	663.06	2.1246	0.90184	1.3464	381.97	0.14445	3.2543e-05	0.048954	supercritical
534.0	274.25	290.52	0.0034421	568.03	662.43	2.1213	0.90228	1.3492	382.95	0.14285	3.2683e-05	0.049168	supercritical
534.0	277.5	293.83	0.0034033	567.37	661.81	2.1181	0.90272	1.352	383.95	0.14126	3.2825e-05	0.049384	supercritical
534.0	280.75	297.13	0.0033656	566.7	661.19	2.1149	0.90316	1.3547	384.96	0.13968	3.2967e-05	0.0496	supercritical
534.0	284.0	300.41	0.0033288	566.04	660.58	2.1117	0.90359	1.3574	385.98	0.13811	3.3111e-05	0.049816	supercritical
534.0	287.25	303.68	0.0032929	565.38	659.97	2.1085	0.90401	1.36	387.01	0.13654	3.3256e-05	0.050034	supercritical
534.0	290.5	306.94	0.003258	564.73	659.37	2.1054	0.90443	1.3626	388.06	0.13499	3.3402e-05	0.050252	supercritical
534.0	293.75	310.18	0.0032239	564.07	658.77	2.1023	0.90485	1.3652	389.11	0.13345	3.3548e-05	0.05047	supercritical
534.0	297.0	313.42	0.0031906	563.42	658.19	2.0993	0.90526	1.3677	390.18	0.13191	3.3696e-05	0.05069	supercritical
534.0	300.25	316.64	0.0031582	562.78	657.6	2.0962	0.90566	1.3702	391.26	0.13039	3.3845e-05	0.050909	supercritical
534.0	303.5	319.84	0.0031266	562.13	657.02	2.0932	0.90606	1.3726	392.36	0.12888	3.3995e-05	0.05113	supercritical
534.0	306.75	323.03	0.0030957	561.49	656.45	2.0903	0.90646	1.375	393.46	0.12737	3.4146e-05	0.05135	supercritical
534.0	310.0	326.21	0.0030655	560.85	655.89	2.0873	0.90684	1.3773	394.57	0.12588	3.4297e-05	0.051571	supercritical
534.0	313.25	329.37	0.0030361	560.22	655.33	2.0844	0.90723	1.3797	395.7	0.1244	3.445e-05	0.051793	supercritical
534.0	316.5	332.52	0.0030073	559.59	654.77	2.0816	0.90761	1.3819	396.83	0.12293	3.4604e-05	0.052015	supercritical
534.0	319.75	335.66	0.0029792	558.96	654.22	2.0787	0.90798	1.3841	397.98	0.12147	3.4758e-05	0.052237	supercritical
534.0	323.0	338.78	0.0029518	558.33	653.68	2.0759	0.90835	1.3863	399.13	0.12003	3.4913e-05	0.05246	supercritical
534.0	326.25	341.88	0.002925	557.71	653.14	2.0731	0.90872	1.3885	400.3	0.11859	3.507e-05	0.052683	supercritical
534.0	329.5	344.98	0.0028987	557.09	652.61	2.0703	0.90908	1.3906	401.47	0.11717	3.5227e-05	0.052906	supercritical
534.0	332.75	348.05	0.0028731	556.48	652.08	2.0676	0.90944	1.3926	402.66	0.11576	3.5384e-05	0.053129	supercritical
534.0	336.0	351.12	0.0028481	555.86	651.56	2.0649	0.90979	1.3947	403.85	0.11436	3.5543e-05	0.053352	supercritical
534.0	339.25	354.16	0.0028236	555.25	651.04	2.0622	0.91014	1.3966	405.06	0.11297	3.5703e-05	0.053576	supercritical
534.0	342.5	357.19	0.0027996	554.65	650.53	2.0595	0.91048	1.3986	406.27	0.1116	3.5863e-05	0.0538	supercritical
534.0	345.75	360.21	0.0027761	554.04	650.03	2.0569	0.91082	1.4005	407.49	0.11023	3.6024e-05	0.054023	supercritical
534.0	349.0	363.21	0.0027532	553.44	649.53	2.0542	0.91116	1.4024	408.72	0.10888	3.6185e-05	0.054247	supercritical
534.0	352.25	366.2	0.0027307	552.85	649.04	2.0517	0.91149	1.4042	409.95	0.10754	3.6348e-05	0.054471	supercritical
534.0	355.5	369.17	0.0027088	552.25	648.55	2.0491	0.91182	1.406	411.2	0.10622	3.6511e-05	0.054695	supercritical
534.0	358.75	372.13	0.0026872	551.66	648.07	2.0465	0.91214	1.4077	412.45	0.1049	3.6674e-05	0.054919	supercritical
534.0	362.0	375.07	0.0026662	551.07	647.59	2.044	0.91246	1.4095	413.71	0.1036	3.6839e-05	0.055143	supercritical
534.0	365.25	377.99	0.0026455	550.49	647.12	2.0415	0.91277	1.4112	414.98	0.10231	3.7004e-05	0.055367	supercritical
534.0	368.5	380.9	0.0026253	549.91	646.65	2.039	0.91308	1.4128	416.25	0.10103	3.7169e-05	0.05559	supercritical
534.0	371.75	383.8	0.0026055	549.33	646.19	2.0366	0.91339	1.4144	417.53	0.099768	3.7336e-05	0.055814	supercritical
534.0	375.0	386.68	0.0025861	548.75	645.73	2.0341	0.9137	1.416	418.82	0.098515	3.7503e-05	0.056038	supercritical
534.0	378.25	389.54	0.0025671	548.18	645.28	2.0317	0.914	1.4175	420.11	0.097275	3.767e-05	0.056261	supercritical
534.0	381.5	392.39	0.0025485	547.61	644.84	2.0293	0.91429	1.419	421.42	0.096046	3.7838e-05	0.056484	supercritical
534.0	384.75	395.22	0.0025302	547.05	644.4	2.027	0.91459	1.4205	422.72	0.09483	3.8006e-05	0.056707	supercritical
534.0	388.0	398.04	0.0025123	546.48	643.96	2.0246	0.91488	1.422	424.04	0.093626	3.8176e-05	0.05693	supercritical
534.0	391.25	400.84	0.0024948	545.92	643.53	2.0223	0.91516	1.4234	425.36	0.092434	3.8345e-05	0.057152	supercritical
534.0	394.5	403.63	0.0024775	545.37	643.11	2.02	0.91545	1.4247	426.68	0.091254	3.8515e-05	0.057375	supercritical
534.0	397.75	406.4	0.0024606	544.81	642.69	2.0177	0.91573	1.4261	428.01	0.090086	3.8686e-05	0.057597	supercritical
534.0	401.0	409.15	0.0024441	544.26	642.27	2.0154	0.916	1.4274	429.35	0.08893	3.8857e-05	0.057818	supercritical
534.0	404.25	411.89	0.0024278	543.72	641.86	2.0132	0.91628	1.4287	430.69	0.087785	3.9028e-05	0.05804	supercritical
534.0	407.5	414.62	0.0024119	543.17	641.46	2.0109	0.91655	1.4299	432.04	0.086653	3.92e-05	0.058261	supercritical
534.0	410.75	417.33	0.0023962	542.63	641.06	2.0087	0.91681	1.4311	433.39	0.085532	3.9372e-05	0.058481	supercritical
534.0	414.0	420.02	0.0023808	542.09	640.66	2.0065	0.91708	1.4323	434.74	0.084422	3.9545e-05	0.058702	supercritical
534.0	417.25	422.7	0.0023658	541.56	640.27	2.0044	0.91734	1.4335	436.1	0.083324	3.9718e-05	0.058922	supercritical
534.0	420.5	425.36	0.002351	541.03	639.88	2.0022	0.9176	1.4346	437.47	0.082237	3.9891e-05	0.059142	supercritical
534.0	423.75	428.01	0.0023364	540.5	639.5	2.0001	0.91785	1.4357	438.84	0.081162	4.0065e-05	0.059361	supercritical
534.0	427.0	430.64	0.0023221	539.97	639.13	1.9979	0.91811	1.4368	440.21	0.080097	4.0239e-05	0.05958	supercritical
534.0	430.25	433.26	0.0023081	539.45	638.75	1.9958	0.91836	1.4378	441.59	0.079044	4.0413e-05	0.059798	supercritical
534.0	433.5	435.86	0.0022943	538.93	638.39	1.9938	0.9186	1.4389	442.97	0.078002	4.0588e-05	0.060016	supercritical
534.0	436.75	438.44	0.0022808	538.41	638.02	1.9917	0.91885	1.4399	444.36	0.076971	4.0763e-05	0.060234	supercritical
534.0	440.0	441.02	0.0022675	537.9	637.67	1.9896	0.91909	1.4408	445.75	0.07595	4.0939e-05	0.060451	supercritical
534.0	443.25	443.57	0.0022544	537.39	637.31	1.9876	0.91933	1.4418	447.14	0.07494	4.1114e-05	0.060668	supercritical
534.0	446.5	446.12	0.0022416	536.88	636.96	1.9856	0.91957	1.4427	448.54	0.073941	4.129e-05	0.060884	supercritical
534.0	449.75	448.64	0.0022289	536.37	636.62	1.9836	0.9198	1.4435	449.94	0.072952	4.1466e-05	0.061099	supercritical
534.0	453.0	451.15	0.0022165	535.87	636.28	1.9816	0.92004	1.4444	451.34	0.071974	4.1643e-05	0.061315	supercritical
534.0	456.25	453.65	0.0022043	535.37	635.94	1.9796	0.92027	1.4452	452.75	0.071006	4.1819e-05	0.061529	supercritical
534.0	459.5	456.13	0.0021923	534.88	635.61	1.9776	0.92049	1.4461	454.16	0.070048	4.1996e-05	0.061744	supercritical
534.0	462.75	458.6	0.0021805	534.38	635.29	1.9757	0.92072	1.4468	455.57	0.0691	4.2173e-05	0.061957	supercritical
534.0	466.0	461.06	0.0021689	533.89	634.96	1.9738	0.92094	1.4476	456.99	0.068162	4.235e-05	0.062171	supercritical
534.0	469.25	463.49	0.0021575	533.4	634.64	1.9719	0.92117	1.4483	458.4	0.067234	4.2528e-05	0.062383	supercritical
534.0	472.5	465.92	0.0021463	532.92	634.33	1.97	0.92138	1.4491	459.82	0.066316	4.2705e-05	0.062596	supercritical
534.0	475.75	468.33	0.0021352	532.44	634.02	1.9681	0.9216	1.4498	461.25	0.065407	4.2883e-05	0.062807	supercritical
534.0	479.0	470.73	0.0021244	531.96	633.71	1.9662	0.92182	1.4504	462.67	0.064508	4.3061e-05	0.063018	supercritical
534.0	482.25	473.11	0.0021137	531.48	633.41	1.9643	0.92203	1.4511	464.1	0.063618	4.3239e-05	0.063229	supercritical
534.0	485.5	475.47	0.0021032	531.01	633.11	1.9625	0.92224	1.4517	465.53	0.062738	4.3417e-05	0.063439	supercritical
534.0	488.75	477.83	0.0020928	530.53	632.82	1.9607	0.92245	1.4523	466.96	0.061867	4.3595e-05	0.063648	supercritical
534.0	492.0	480.17	0.0020826	530.07	632.53	1.9589	0.92266	1.4529	468.39	0.061005	4.3773e-05	0.063857	supercritical
534.0	495.25	482.49	0.0020726	529.6	632.24	1.9571	0.92287	1.4535	469.83	0.060152	4.3952e-05	0.064065	supercritical
534.0	498.5	484.81	0.0020627	529.14	631.96	1.9553	0.92307	1.454	471.26	0.059309	4.413e-05	0.064273	supercritical
534.0	501.75	487.1	0.0020529	528.68	631.68	1.9535	0.92328	1.4545	472.7	0.058474	4.4309e-05	0.06448	supercritical
534.0	505.0	489.39	0.0020434	528.22	631.41	1.9517	0.92348	1.4551	474.14	0.057648	4.4487e-05	0.064687	supercritical
534.0	508.25	491.66	0.0020339	527.76	631.14	1.95	0.92368	1.4555	475.58	0.05683	4.4666e-05	0.064893	supercritical
534.0	511.5	493.92	0.0020246	527.31	630.87	1.9483	0.92387	1.456	477.03	0.056022	4.4845e-05	0.065099	supercritical
534.0	514.75	496.16	0.0020155	526.86	630.61	1.9465	0.92407	1.4565	478.47	0.055221	4.5024e-05	0.065303	supercritical
534.0	518.0	498.39	0.0020065	526.41	630.35	1.9448	0.92427	1.4569	479.92	0.05443	4.5203e-05	0.065508	supercritical
534.0	521.25	500.61	0.0019976	525.97	630.09	1.9431	0.92446	1.4573	481.36	0.053646	4.5381e-05	0.065711	supercritical
534.0	524.5	502.81	0.0019888	525.53	629.84	1.9414	0.92465	1.4577	482.81	0.052871	4.556e-05	0.065915	supercritical
534.0	527.75	505.01	0.0019802	525.09	629.59	1.9398	0.92484	1.4581	484.26	0.052104	4.5739e-05	0.066117	supercritical
534.0	531.0	507.18	0.0019717	524.65	629.35	1.9381	0.92503	1.4585	485.71	0.051345	4.5918e-05	0.066319	supercritical
534.0	534.25	509.35	0.0019633	524.22	629.1	1.9365	0.92522	1.4588	487.16	0.050594	4.6097e-05	0.06652	supercritical
534.0	537.5	511.5	0.001955	523.78	628.87	1.9348	0.92541	1.4592	488.61	0.049851	4.6276e-05	0.066721	supercritical
534.0	540.75	513.64	0.0019469	523.35	628.63	1.9332	0.92559	1.4595	490.06	0.049116	4.6455e-05	0.066922	supercritical
534.0	544.0	515.77	0.0019388	522.93	628.4	1.9316	0.92578	1.4598	491.51	0.048388	4.6634e-05	0.067121	supercritical
534.0	547.25	517.89	0.0019309	522.5	628.17	1.93	0.92596	1.4601	492.97	0.047669	4.6812e-05	0.06732	supercritical
534.0	550.5	519.99	0.0019231	522.08	627.95	1.9284	0.92614	1.4604	494.42	0.046956	4.6991e-05	0.067519	supercritical
534.0	553.75	522.08	0.0019154	521.66	627.73	1.9268	0.92632	1.4607	495.87	0.046252	4.717e-05	0.067717	supercritical
534.0	557.0	524.16	0.0019078	521.24	627.51	1.9252	0.9265	1.4609	497.33	0.045555	4.7349e-05	0.067914	supercritical
534.0	560.25	526.22	0.0019003	520.83	627.29	1.9237	0.92668	1.4612	498.78	0.044865	4.7527e-05	0.068111	supercritical
534.0	563.5	528.28	0.0018929	520.42	627.08	1.9221	0.92686	1.4614	500.23	0.044182	4.7706e-05	0.068307	supercritical
534.0	566.75	530.32	0.0018857	520.0	626.87	1.9206	0.92703	1.4616	501.69	0.043507	4.7884e-05	0.068502	supercritical
534.0	570.0	532.35	0.0018785	519.6	626.67	1.919	0.92721	1.4618	503.14	0.042839	4.8063e-05	0.068697	supercritical
534.0	573.25	534.37	0.0018714	519.19	626.47	1.9175	0.92738	1.462	504.59	0.042177	4.8241e-05	0.068892	supercritical
534.0	576.5	536.37	0.0018644	518.79	626.27	1.916	0.92755	1.4622	506.05	0.041523	4.8419e-05	0.069085	supercritical
534.0	579.75	538.37	0.0018575	518.39	626.07	1.9145	0.92773	1.4623	507.5	0.040876	4.8597e-05	0.069279	supercritical
534.0	583.0	540.35	0.0018506	517.99	625.88	1.913	0.9279	1.4625	508.95	0.040235	4.8776e-05	0.069471	supercritical
534.0	586.25	542.32	0.0018439	517.59	625.69	1.9116	0.92807	1.4626	510.41	0.039602	4.8954e-05	0.069663	supercritical
534.0	589.5	544.28	0.0018373	517.2	625.5	1.9101	0.92824	1.4628	511.86	0.038975	4.9131e-05	0.069855	supercritical
534.0	592.75	546.23	0.0018307	516.8	625.32	1.9086	0.92841	1.4629	513.31	0.038355	4.9309e-05	0.070046	supercritical
534.0	596.0	548.17	0.0018242	516.41	625.14	1.9072	0.92857	1.463	514.76	0.037741	4.9487e-05	0.070236	supercritical
534.0	599.25	550.1	0.0018179	516.03	624.96	1.9057	0.92874	1.4631	516.21	0.037133	4.9664e-05	0.070426	supercritical
534.0	602.5	552.01	0.0018115	515.64	624.79	1.9043	0.92891	1.4632	517.66	0.036532	4.9842e-05	0.070615	supercritical
534.0	605.75	553.92	0.0018053	515.26	624.61	1.9029	0.92907	1.4633	519.11	0.035938	5.0019e-05	0.070804	supercritical
534.0	609.0	555.81	0.0017992	514.87	624.44	1.9015	0.92924	1.4634	520.56	0.03535	5.0196e-05	0.070992	supercritical
534.0	612.25	557.7	0.0017931	514.5	624.28	1.9001	0.9294	1.4635	522.0	0.034768	5.0373e-05	0.07118	supercritical
534.0	615.5	559.57	0.0017871	514.12	624.11	1.8987	0.92956	1.4635	523.45	0.034192	5.055e-05	0.071367	supercritical
534.0	618.75	561.43	0.0017812	513.74	623.95	1.8973	0.92973	1.4636	524.9	0.033622	5.0727e-05	0.071554	supercritical
534.0	622.0	563.28	0.0017753	513.37	623.79	1.8959	0.92989	1.4636	526.34	0.033058	5.0904e-05	0.07174	supercritical
534.0	625.25	565.12	0.0017695	513.0	623.64	1.8945	0.93005	1.4637	527.79	0.0325	5.108e-05	0.071925	supercritical
534.0	628.5	566.96	0.0017638	512.63	623.48	1.8932	0.93021	1.4637	529.23	0.031948	5.1257e-05	0.07211	supercritical
534.0	631.75	568.78	0.0017582	512.26	623.33	1.8918	0.93037	1.4637	530.67	0.031401	5.1433e-05	0.072294	supercritical
534.0	635.0	570.59	0.0017526	511.9	623.19	1.8905	0.93053	1.4638	532.11	0.030861	5.1609e-05	0.072478	supercritical
534.0	638.25	572.39	0.0017471	511.53	623.04	1.8891	0.93069	1.4638	533.55	0.030326	5.1785e-05	0.072662	supercritical
534.0	641.5	574.18	0.0017416	511.17	622.9	1.8878	0.93084	1.4638	534.99	0.029797	5.1961e-05	0.072844	supercritical
534.0	644.75	575.96	0.0017362	510.81	622.76	1.8865	0.931	1.4638	536.42	0.029273	5.2136e-05	0.073027	supercritical
534.0	648.0	577.73	0.0017309	510.45	622.62	1.8852	0.93116	1.4638	537.86	0.028755	5.2312e-05	0.073209	supercritical
534.0	651.25	579.49	0.0017257	510.1	622.48	1.8838	0.93131	1.4638	539.29	0.028242	5.2487e-05	0.07339	supercritical
534.0	654.5	581.24	0.0017205	509.75	622.35	1.8825	0.93147	1.4637	540.73	0.027734	5.2662e-05	0.073571	supercritical
534.0	657.75	582.98	0.0017153	509.39	622.22	1.8813	0.93162	1.4637	542.16	0.027232	5.2837e-05	0.073751	supercritical
534.0	661.0	584.72	0.0017102	509.04	622.09	1.88	0.93178	1.4637	543.59	0.026735	5.3012e-05	0.073931	supercritical
534.0	664.25	586.44	0.0017052	508.7	621.96	1.8787	0.93193	1.4636	545.02	0.026243	5.3186e-05	0.07411	supercritical
534.0	667.5	588.15	0.0017002	508.35	621.84	1.8774	0.93209	1.4636	546.44	0.025756	5.3361e-05	0.074289	supercritical
534.0	670.75	589.86	0.0016953	508.01	621.72	1.8762	0.93224	1.4636	547.87	0.025274	5.3535e-05	0.074467	supercritical
534.0	674.0	591.55	0.0016905	507.66	621.6	1.8749	0.93239	1.4635	549.29	0.024797	5.3709e-05	0.074645	supercritical
534.0	677.25	593.24	0.0016857	507.32	621.48	1.8737	0.93254	1.4635	550.71	0.024325	5.3883e-05	0.074822	supercritical
534.0	680.5	594.92	0.0016809	506.98	621.37	1.8724	0.93269	1.4634	552.14	0.023858	5.4057e-05	0.074999	supercritical
534.0	683.75	596.58	0.0016762	506.65	621.26	1.8712	0.93285	1.4633	553.56	0.023396	5.423e-05	0.075176	supercritical
534.0	687.0	598.24	0.0016716	506.31	621.15	1.87	0.933	1.4633	554.97	0.022939	5.4404e-05	0.075351	supercritical
534.0	690.25	599.89	0.001667	505.98	621.04	1.8688	0.93315	1.4632	556.39	0.022486	5.4577e-05	0.075527	supercritical
534.0	693.5	601.54	0.0016624	505.64	620.93	1.8675	0.9333	1.4631	557.8	0.022037	5.475e-05	0.075702	supercritical
534.0	696.75	603.17	0.0016579	505.31	620.83	1.8663	0.93345	1.463	559.22	0.021594	5.4923e-05	0.075876	supercritical
534.0	700.0	604.79	0.0016535	504.99	620.73	1.8651	0.93359	1.463	560.63	0.021154	5.5095e-05	0.07605	supercritical
534.0	703.25	606.41	0.001649	504.66	620.63	1.864	0.93374	1.4629	562.04	0.02072	5.5268e-05	0.076224	supercritical
534.0	706.5	608.02	0.0016447	504.33	620.53	1.8628	0.93389	1.4628	563.44	0.020289	5.544e-05	0.076397	supercritical
534.0	709.75	609.62	0.0016404	504.01	620.43	1.8616	0.93404	1.4627	564.85	0.019863	5.5612e-05	0.07657	supercritical
534.0	713.0	611.21	0.0016361	503.69	620.34	1.8604	0.93419	1.4626	566.25	0.019441	5.5784e-05	0.076742	supercritical
534.0	716.25	612.79	0.0016319	503.37	620.25	1.8593	0.93433	1.4625	567.66	0.019024	5.5956e-05	0.076914	supercritical
534.0	719.5	614.37	0.0016277	503.05	620.16	1.8581	0.93448	1.4624	569.06	0.01861	5.6127e-05	0.077086	supercritical
534.0	722.75	615.93	0.0016236	502.73	620.07	1.8569	0.93463	1.4623	570.46	0.018201	5.6298e-05	0.077256	supercritical
534.0	726.0	617.49	0.0016195	502.41	619.99	1.8558	0.93477	1.4622	571.85	0.017795	5.6469e-05	0.077427	supercritical
534.0	729.25	619.04	0.0016154	502.1	619.9	1.8547	0.93492	1.4621	573.25	0.017394	5.664e-05	0.077597	supercritical
534.0	732.5	620.58	0.0016114	501.79	619.82	1.8535	0.93507	1.462	574.64	0.016997	5.6811e-05	0.077767	supercritical
534.0	735.75	622.12	0.0016074	501.48	619.74	1.8524	0.93521	1.4618	576.03	0.016603	5.6981e-05	0.077936	supercritical
534.0	739.0	623.65	0.0016035	501.17	619.66	1.8513	0.93536	1.4617	577.42	0.016214	5.7152e-05	0.078105	supercritical
534.0	742.25	625.17	0.0015996	500.86	619.59	1.8501	0.9355	1.4616	578.81	0.015828	5.7322e-05	0.078273	supercritical
534.0	745.5	626.68	0.0015957	500.55	619.51	1.849	0.93565	1.4615	580.2	0.015446	5.7492e-05	0.078442	supercritical
534.0	748.75	628.18	0.0015919	500.25	619.44	1.8479	0.93579	1.4614	581.58	0.015068	5.7661e-05	0.078609	supercritical
534.0	752.0	629.68	0.0015881	499.94	619.37	1.8468	0.93593	1.4612	582.96	0.014693	5.7831e-05	0.078776	supercritical
534.0	755.25	631.17	0.0015844	499.64	619.3	1.8457	0.93608	1.4611	584.34	0.014322	5.8e-05	0.078943	supercritical
534.0	758.5	632.65	0.0015807	499.34	619.23	1.8446	0.93622	1.461	585.72	0.013954	5.8169e-05	0.07911	supercritical
534.0	761.75	634.12	0.001577	499.04	619.17	1.8436	0.93636	1.4608	587.1	0.01359	5.8338e-05	0.079276	supercritical
534.0	765.0	635.59	0.0015733	498.75	619.11	1.8425	0.93651	1.4607	588.47	0.01323	5.8507e-05	0.079442	supercritical
534.0	768.25	637.05	0.0015697	498.45	619.04	1.8414	0.93665	1.4606	589.85	0.012872	5.8675e-05	0.079607	supercritical
534.0	771.5	638.51	0.0015662	498.15	618.98	1.8403	0.93679	1.4604	591.22	0.012519	5.8844e-05	0.079772	supercritical
534.0	774.75	639.95	0.0015626	497.86	618.92	1.8393	0.93693	1.4603	592.59	0.012168	5.9012e-05	0.079936	supercritical
534.0	778.0	641.39	0.0015591	497.57	618.87	1.8382	0.93708	1.4601	593.95	0.011821	5.9179e-05	0.080101	supercritical
534.0	781.25	642.82	0.0015556	497.28	618.81	1.8372	0.93722	1.46	595.32	0.011477	5.9347e-05	0.080264	supercritical
534.0	784.5	644.25	0.0015522	496.99	618.76	1.8361	0.93736	1.4598	596.68	0.011136	5.9515e-05	0.080428	supercritical
534.0	787.75	645.67	0.0015488	496.7	618.71	1.8351	0.9375	1.4597	598.04	0.010799	5.9682e-05	0.080591	supercritical
534.0	791.0	647.08	0.0015454	496.41	618.66	1.8341	0.93764	1.4595	599.4	0.010465	5.9849e-05	0.080754	supercritical
534.0	794.25	648.48	0.0015421	496.13	618.61	1.833	0.93778	1.4594	600.76	0.010133	6.0016e-05	0.080916	supercritical
534.0	797.5	649.88	0.0015387	495.85	618.56	1.832	0.93792	1.4592	602.12	0.0098049	6.0182e-05	0.081078	supercritical
534.0	800.75	651.27	0.0015355	495.56	618.51	1.831	0.93806	1.4591	603.47	0.0094796	6.0349e-05	0.08124	supercritical
534.0	804.0	652.66	0.0015322	495.28	618.47	1.83	0.9382	1.4589	604.82	0.0091573	6.0515e-05	0.081401	supercritical
534.0	807.25	654.03	0.001529	495.0	618.43	1.8289	0.93834	1.4588	606.17	0.0088379	6.0681e-05	0.081562	supercritical
534.0	810.5	655.41	0.0015258	494.72	618.39	1.8279	0.93848	1.4586	607.52	0.0085215	6.0847e-05	0.081723	supercritical
534.0	813.75	656.77	0.0015226	494.45	618.35	1.8269	0.93862	1.4584	608.87	0.0082078	6.1013e-05	0.081883	supercritical
534.0	817.0	658.13	0.0015195	494.17	618.31	1.8259	0.93876	1.4583	610.21	0.007897	6.1178e-05	0.082043	supercritical
534.0	820.25	659.48	0.0015163	493.89	618.27	1.8249	0.9389	1.4581	611.56	0.007589	6.1343e-05	0.082202	supercritical
534.0	823.5	660.83	0.0015132	493.62	618.24	1.824	0.93904	1.4579	612.9	0.0072837	6.1508e-05	0.082362	supercritical
534.0	826.75	662.17	0.0015102	493.35	618.2	1.823	0.93918	1.4578	614.23	0.0069811	6.1673e-05	0.082521	supercritical
534.0	830.0	663.5	0.0015072	493.08	618.17	1.822	0.93932	1.4576	615.57	0.0066812	6.1838e-05	0.082679	supercritical
534.0	833.25	664.83	0.0015041	492.81	618.14	1.821	0.93946	1.4574	616.91	0.006384	6.2002e-05	0.082838	supercritical
534.0	836.5	666.15	0.0015012	492.54	618.11	1.8201	0.9396	1.4573	618.24	0.0060894	6.2166e-05	0.082996	supercritical
534.0	839.75	667.47	0.0014982	492.27	618.08	1.8191	0.93974	1.4571	619.57	0.0057973	6.233e-05	0.083153	supercritical
534.0	843.0	668.78	0.0014953	492.0	618.06	1.8181	0.93988	1.4569	620.9	0.0055079	6.2494e-05	0.083311	supercritical
534.0	846.25	670.08	0.0014924	491.74	618.03	1.8172	0.94001	1.4568	622.23	0.0052209	6.2658e-05	0.083468	supercritical
534.0	849.5	671.38	0.0014895	491.48	618.01	1.8162	0.94015	1.4566	623.55	0.0049364	6.2821e-05	0.083624	supercritical
534.0	852.75	672.67	0.0014866	491.21	617.98	1.8153	0.94029	1.4564	624.88	0.0046544	6.2984e-05	0.083781	supercritical
534.0	856.0	673.96	0.0014838	490.95	617.96	1.8143	0.94043	1.4562	626.2	0.0043748	6.3147e-05	0.083937	supercritical
534.0	859.25	675.24	0.001481	490.69	617.94	1.8134	0.94057	1.4561	627.52	0.0040977	6.331e-05	0.084093	supercritical
534.0	862.5	676.51	0.0014782	490.43	617.92	1.8125	0.9407	1.4559	628.84	0.0038229	6.3473e-05	0.084248	supercritical
534.0	865.75	677.78	0.0014754	490.17	617.91	1.8115	0.94084	1.4557	630.15	0.0035504	6.3635e-05	0.084404	supercritical
534.0	869.0	679.05	0.0014727	489.92	617.89	1.8106	0.94098	1.4555	631.47	0.0032803	6.3797e-05	0.084559	supercritical
534.0	872.25	680.3	0.0014699	489.66	617.87	1.8097	0.94112	1.4554	632.78	0.0030124	6.3959e-05	0.084713	supercritical
534.0	875.5	681.56	0.0014672	489.41	617.86	1.8088	0.94125	1.4552	634.09	0.0027468	6.4121e-05	0.084868	supercritical
534.0	878.75	682.8	0.0014645	489.15	617.85	1.8078	0.94139	1.455	635.4	0.0024835	6.4283e-05	0.085022	supercritical
534.0	882.0	684.05	0.0014619	488.9	617.84	1.8069	0.94153	1.4548	636.7	0.0022224	6.4444e-05	0.085175	supercritical
534.0	885.25	685.28	0.0014593	488.65	617.83	1.806	0.94166	1.4546	638.01	0.0019634	6.4605e-05	0.085329	supercritical
534.0	888.5	686.51	0.0014566	488.4	617.82	1.8051	0.9418	1.4545	639.31	0.0017066	6.4766e-05	0.085482	supercritical
534.0	891.75	687.74	0.001454	488.15	617.81	1.8042	0.94194	1.4543	640.61	0.001452	6.4927e-05	0.085635	supercritical
534.0	895.0	688.96	0.0014515	487.9	617.81	1.8033	0.94207	1.4541	641.91	0.0011995	6.5088e-05	0.085788	supercritical
534.0	898.25	690.17	0.0014489	487.65	617.8	1.8024	0.94221	1.4539	643.21	0.00094904	6.5248e-05	0.08594	supercritical
534.0	901.5	691.38	0.0014464	487.41	617.8	1.8015	0.94235	1.4537	644.5	0.00070067	6.5408e-05	0.086093	supercritical
534.0	904.75	692.59	0.0014439	487.16	617.79	1.8007	0.94248	1.4535	645.8	0.00045435	6.5568e-05	0.086244	supercritical
534.0	908.0	693.79	0.0014414	486.92	617.79	1.7998	0.94262	1.4533	647.09	0.00021005	6.5728e-05	0.086396	supercritical
534.0	911.25	694.98	0.0014389	486.67	617.79	1.7989	0.94276	1.4532	648.38	-3.2253e-05	6.5888e-05	0.086547	supercritical
534.0	914.5	696.17	0.0014364	486.43	617.79	1.798	0.94289	1.453	649.67	-0.00027258	6.6047e-05	0.086699	supercritical
534.0	917.75	697.35	0.001434	486.19	617.79	1.7972	0.94303	1.4528	650.95	-0.00051094	6.6206e-05	0.086849	supercritical
534.0	921.0	698.53	0.0014316	485.95	617.8	1.7963	0.94316	1.4526	652.23	-0.00074737	6.6365e-05	0.087	supercritical
534.0	924.25	699.71	0.0014292	485.71	617.8	1.7954	0.9433	1.4524	653.52	-0.00098189	6.6524e-05	0.08715	supercritical
534.0	927.5	700.88	0.0014268	485.47	617.81	1.7946	0.94343	1.4522	654.8	-0.0012145	6.6683e-05	0.0873	supercritical
534.0	930.75	702.04	0.0014244	485.23	617.81	1.7937	0.94357	1.452	656.07	-0.0014453	6.6841e-05	0.08745	supercritical
534.0	934.0	703.2	0.0014221	485.0	617.82	1.7929	0.94371	1.4519	657.35	-0.0016741	6.6999e-05	0.0876	supercritical
534.0	937.25	704.35	0.0014197	484.76	617.83	1.792	0.94384	1.4517	658.63	-0.0019012	6.7157e-05	0.087749	supercritical
534.0	940.5	705.5	0.0014174	484.53	617.84	1.7912	0.94398	1.4515	659.9	-0.0021264	6.7315e-05	0.087898	supercritical
534.0	943.75	706.65	0.0014151	484.3	617.85	1.7903	0.94411	1.4513	661.17	-0.0023499	6.7473e-05	0.088047	supercritical
534.0	947.0	707.79	0.0014128	484.06	617.86	1.7895	0.94425	1.4511	662.44	-0.0025716	6.763e-05	0.088196	supercritical
534.0	950.25	708.93	0.0014106	483.83	617.87	1.7886	0.94438	1.4509	663.7	-0.0027915	6.7788e-05	0.088344	supercritical
534.0	953.5	710.06	0.0014083	483.6	617.89	1.7878	0.94452	1.4507	664.97	-0.0030096	6.7945e-05	0.088492	supercritical
534.0	956.75	711.18	0.0014061	483.37	617.9	1.787	0.94465	1.4505	666.23	-0.0032261	6.8102e-05	0.08864	supercritical
534.0	960.0	712.31	0.0014039	483.14	617.92	1.7862	0.94479	1.4503	667.49	-0.0034408	6.8258e-05	0.088788	supercritical
534.0	963.25	713.42	0.0014017	482.92	617.93	1.7853	0.94492	1.4502	668.75	-0.0036538	6.8415e-05	0.088935	supercritical
534.0	966.5	714.54	0.0013995	482.69	617.95	1.7845	0.94506	1.45	670.01	-0.0038652	6.8571e-05	0.089083	supercritical
534.0	969.75	715.64	0.0013973	482.46	617.97	1.7837	0.94519	1.4498	671.26	-0.0040749	6.8727e-05	0.08923	supercritical
534.0	973.0	716.75	0.0013952	482.24	617.99	1.7829	0.94533	1.4496	672.52	-0.004283	6.8883e-05	0.089377	supercritical
534.0	976.25	717.85	0.0013931	482.01	618.01	1.7821	0.94546	1.4494	673.77	-0.0044895	6.9039e-05	0.089523	supercritical
534.0	979.5	718.94	0.0013909	481.79	618.03	1.7813	0.94559	1.4492	675.02	-0.0046943	6.9195e-05	0.089669	supercritical
534.0	982.75	720.03	0.0013888	481.57	618.05	1.7805	0.94573	1.449	676.27	-0.0048976	6.935e-05	0.089816	supercritical
534.0	986.0	721.12	0.0013867	481.35	618.08	1.7797	0.94586	1.4488	677.51	-0.0050993	6.9505e-05	0.089962	supercritical
534.0	989.25	722.2	0.0013847	481.13	618.1	1.7789	0.946	1.4487	678.76	-0.0052994	6.966e-05	0.090107	supercritical
534.0	992.5	723.28	0.0013826	480.91	618.13	1.7781	0.94613	1.4485	680.0	-0.005498	6.9815e-05	0.090253	supercritical
534.0	995.75	724.36	0.0013805	480.69	618.15	1.7773	0.94627	1.4483	681.24	-0.005695	6.997e-05	0.090398	supercritical
534.0	999.0	725.43	0.0013785	480.47	618.18	1.7765	0.9464	1.4481	682.48	-0.0058906	7.0124e-05	0.090543	supercritical
534.0	1002.2	726.49	0.0013765	480.25	618.21	1.7757	0.94653	1.4479	683.71	-0.0060846	7.0279e-05	0.090688	supercritical
534.0	1005.5	727.55	0.0013745	480.04	618.24	1.7749	0.94667	1.4477	684.95	-0.0062771	7.0433e-05	0.090833	supercritical
534.0	1008.8	728.61	0.0013725	479.82	618.27	1.7741	0.9468	1.4475	686.18	-0.0064682	7.0587e-05	0.090977	supercritical
534.0	1012.0	729.66	0.0013705	479.61	618.3	1.7734	0.94694	1.4473	687.41	-0.0066578	7.074e-05	0.091121	supercritical
534.0	1015.2	730.71	0.0013685	479.39	618.33	1.7726	0.94707	1.4471	688.64	-0.006846	7.0894e-05	0.091265	supercritical
534.0	1018.5	731.76	0.0013666	479.18	618.36	1.7718	0.9472	1.447	689.86	-0.0070328	7.1047e-05	0.091409	supercritical
534.0	1021.8	732.8	0.0013646	478.97	618.4	1.7711	0.94734	1.4468	691.09	-0.0072181	7.1201e-05	0.091553	supercritical
534.0	1025.0	733.84	0.0013627	478.76	618.43	1.7703	0.94747	1.4466	692.31	-0.007402	7.1354e-05	0.091696	supercritical
534.0	1028.2	734.87	0.0013608	478.54	618.47	1.7695	0.94761	1.4464	693.53	-0.0075845	7.1506e-05	0.09184	supercritical
534.0	1031.5	735.9	0.0013589	478.33	618.5	1.7688	0.94774	1.4462	694.75	-0.0077657	7.1659e-05	0.091983	supercritical
534.0	1034.8	736.92	0.001357	478.13	618.54	1.768	0.94787	1.446	695.97	-0.0079455	7.1812e-05	0.092126	supercritical
534.0	1038.0	737.95	0.0013551	477.92	618.58	1.7673	0.94801	1.4458	697.18	-0.0081239	7.1964e-05	0.092268	supercritical
534.0	1041.2	738.96	0.0013532	477.71	618.62	1.7665	0.94814	1.4457	698.4	-0.008301	7.2116e-05	0.092411	supercritical
534.0	1044.5	739.98	0.0013514	477.5	618.66	1.7658	0.94827	1.4455	699.61	-0.0084768	7.2268e-05	0.092553	supercritical
534.0	1047.8	740.99	0.0013495	477.3	618.7	1.765	0.94841	1.4453	700.82	-0.0086513	7.242e-05	0.092696	supercritical
534.0	1051.0	741.99	0.0013477	477.09	618.74	1.7643	0.94854	1.4451	702.03	-0.0088244	7.2572e-05	0.092837	supercritical
534.0	1054.2	743.0	0.0013459	476.89	618.78	1.7635	0.94867	1.4449	703.23	-0.0089963	7.2723e-05	0.092979	supercritical
534.0	1057.5	744.0	0.0013441	476.68	618.82	1.7628	0.94881	1.4447	704.44	-0.0091669	7.2874e-05	0.093121	supercritical
534.0	1060.8	744.99	0.0013423	476.48	618.87	1.762	0.94894	1.4446	705.64	-0.0093362	7.3025e-05	0.093262	supercritical
534.0	1064.0	745.98	0.0013405	476.28	618.91	1.7613	0.94907	1.4444	706.84	-0.0095043	7.3176e-05	0.093404	supercritical
534.0	1067.2	746.97	0.0013387	476.08	618.95	1.7606	0.94921	1.4442	708.04	-0.0096711	7.3327e-05	0.093545	supercritical
534.0	1070.5	747.96	0.001337	475.88	619.0	1.7599	0.94934	1.444	709.23	-0.0098367	7.3478e-05	0.093686	supercritical
534.0	1073.8	748.94	0.0013352	475.68	619.05	1.7591	0.94947	1.4438	710.43	-0.010001	7.3628e-05	0.093826	supercritical
534.0	1077.0	749.92	0.0013335	475.48	619.09	1.7584	0.94961	1.4437	711.62	-0.010164	7.3779e-05	0.093967	supercritical
534.0	1080.2	750.89	0.0013318	475.28	619.14	1.7577	0.94974	1.4435	712.81	-0.010326	7.3929e-05	0.094107	supercritical
534.0	1083.5	751.86	0.00133	475.08	619.19	1.757	0.94987	1.4433	714.0	-0.010487	7.4079e-05	0.094248	supercritical
534.0	1086.8	752.83	0.0013283	474.88	619.24	1.7562	0.95001	1.4431	715.18	-0.010647	7.4228e-05	0.094388	supercritical
534.0	1090.0	753.79	0.0013266	474.69	619.29	1.7555	0.95014	1.4429	716.37	-0.010805	7.4378e-05	0.094528	supercritical
534.0	1093.2	754.75	0.0013249	474.49	619.34	1.7548	0.95027	1.4428	717.55	-0.010962	7.4527e-05	0.094667	supercritical
534.0	1096.5	755.71	0.0013233	474.3	619.39	1.7541	0.9504	1.4426	718.73	-0.011118	7.4677e-05	0.094807	supercritical
534.0	1099.8	756.66	0.0013216	474.1	619.45	1.7534	0.95054	1.4424	719.91	-0.011273	7.4826e-05	0.094946	supercritical
534.0	1103.0	757.61	0.0013199	473.91	619.5	1.7527	0.95067	1.4422	721.09	-0.011427	7.4975e-05	0.095086	supercritical
534.0	1106.2	758.56	0.0013183	473.72	619.55	1.752	0.9508	1.4421	722.26	-0.01158	7.5124e-05	0.095225	supercritical
534.0	1109.5	759.5	0.0013167	473.52	619.61	1.7513	0.95094	1.4419	723.44	-0.011732	7.5272e-05	0.095364	supercritical
534.0	1112.8	760.44	0.001315	473.33	619.66	1.7506	0.95107	1.4417	724.61	-0.011882	7.5421e-05	0.095502	supercritical
534.0	1116.0	761.38	0.0013134	473.14	619.72	1.7499	0.9512	1.4415	725.78	-0.012032	7.5569e-05	0.095641	supercritical
534.0	1119.2	762.31	0.0013118	472.95	619.78	1.7492	0.95133	1.4414	726.94	-0.01218	7.5717e-05	0.09578	supercritical
534.0	1122.5	763.24	0.0013102	472.76	619.83	1.7485	0.95147	1.4412	728.11	-0.012327	7.5865e-05	0.095918	supercritical
534.0	1125.8	764.17	0.0013086	472.57	619.89	1.7478	0.9516	1.441	729.27	-0.012474	7.6013e-05	0.096056	supercritical
534.0	1129.0	765.09	0.001307	472.39	619.95	1.7472	0.95173	1.4409	730.44	-0.012619	7.6161e-05	0.096194	supercritical
534.0	1132.2	766.01	0.0013055	472.2	620.01	1.7465	0.95186	1.4407	731.6	-0.012763	7.6308e-05	0.096332	supercritical
534.0	1135.5	766.93	0.0013039	472.01	620.07	1.7458	0.952	1.4405	732.75	-0.012906	7.6456e-05	0.09647	supercritical
534.0	1138.8	767.84	0.0013023	471.83	620.13	1.7451	0.95213	1.4403	733.91	-0.013048	7.6603e-05	0.096607	supercritical
534.0	1142.0	768.75	0.0013008	471.64	620.19	1.7444	0.95226	1.4402	735.06	-0.013189	7.675e-05	0.096745	supercritical
534.0	1145.2	769.66	0.0012993	471.45	620.25	1.7438	0.95239	1.44	736.22	-0.013329	7.6897e-05	0.096882	supercritical
534.0	1148.5	770.57	0.0012977	471.27	620.32	1.7431	0.95253	1.4398	737.37	-0.013468	7.7044e-05	0.097019	supercritical
534.0	1151.8	771.47	0.0012962	471.09	620.38	1.7424	0.95266	1.4397	738.52	-0.013607	7.719e-05	0.097156	supercritical
534.0	1155.0	772.37	0.0012947	470.9	620.44	1.7417	0.95279	1.4395	739.66	-0.013744	7.7337e-05	0.097293	supercritical
534.0	1158.2	773.26	0.0012932	470.72	620.51	1.7411	0.95292	1.4393	740.81	-0.01388	7.7483e-05	0.09743	supercritical
534.0	1161.5	774.16	0.0012917	470.54	620.57	1.7404	0.95306	1.4392	741.95	-0.014015	7.7629e-05	0.097567	supercritical
534.0	1164.8	775.05	0.0012902	470.36	620.64	1.7397	0.95319	1.439	743.09	-0.014149	7.7775e-05	0.097703	supercritical
534.0	1168.0	775.93	0.0012888	470.18	620.71	1.7391	0.95332	1.4388	744.23	-0.014283	7.7921e-05	0.097839	supercritical
534.0	1171.2	776.82	0.0012873	470.0	620.77	1.7384	0.95345	1.4387	745.37	-0.014415	7.8067e-05	0.097976	supercritical
534.0	1174.5	777.7	0.0012858	469.82	620.84	1.7378	0.95358	1.4385	746.5	-0.014547	7.8213e-05	0.098112	supercritical
534.0	1177.8	778.58	0.0012844	469.64	620.91	1.7371	0.95372	1.4384	747.64	-0.014677	7.8358e-05	0.098248	supercritical
534.0	1181.0	779.45	0.0012829	469.46	620.98	1.7365	0.95385	1.4382	748.77	-0.014807	7.8503e-05	0.098384	supercritical
534.0	1184.2	780.33	0.0012815	469.28	621.05	1.7358	0.95398	1.438	749.9	-0.014935	7.8648e-05	0.098519	supercritical
534.0	1187.5	781.2	0.0012801	469.11	621.12	1.7352	0.95411	1.4379	751.03	-0.015063	7.8793e-05	0.098655	supercritical
534.0	1190.8	782.06	0.0012787	468.93	621.19	1.7345	0.95425	1.4377	752.16	-0.01519	7.8938e-05	0.09879	supercritical
534.0	1194.0	782.93	0.0012773	468.76	621.26	1.7339	0.95438	1.4376	753.28	-0.015316	7.9083e-05	0.098926	supercritical
534.0	1197.2	783.79	0.0012759	468.58	621.33	1.7332	0.95451	1.4374	754.4	-0.015441	7.9228e-05	0.099061	supercritical
534.0	1200.5	784.65	0.0012745	468.41	621.4	1.7326	0.95464	1.4373	755.52	-0.015566	7.9372e-05	0.099196	supercritical
534.0	1203.8	785.5	0.0012731	468.23	621.48	1.732	0.95477	1.4371	756.64	-0.015689	7.9516e-05	0.099331	supercritical
534.0	1207.0	786.36	0.0012717	468.06	621.55	1.7313	0.95491	1.4369	757.76	-0.015812	7.966e-05	0.099466	supercritical
534.0	1210.2	787.21	0.0012703	467.88	621.62	1.7307	0.95504	1.4368	758.88	-0.015934	7.9804e-05	0.0996	supercritical
534.0	1213.5	788.05	0.0012689	467.71	621.7	1.7301	0.95517	1.4366	759.99	-0.016054	7.9948e-05	0.099735	supercritical
534.0	1216.8	788.9	0.0012676	467.54	621.77	1.7294	0.9553	1.4365	761.1	-0.016175	8.0092e-05	0.099869	supercritical
534.0	1220.0	789.74	0.0012662	467.37	621.85	1.7288	0.95543	1.4363	762.21	-0.016294	8.0236e-05	0.1	supercritical
534.0	1223.2	790.58	0.0012649	467.2	621.93	1.7282	0.95556	1.4362	763.32	-0.016412	8.0379e-05	0.10014	supercritical
534.0	1226.5	791.42	0.0012636	467.03	622.0	1.7275	0.9557	1.436	764.43	-0.01653	8.0522e-05	0.10027	supercritical
534.0	1229.8	792.25	0.0012622	466.86	622.08	1.7269	0.95583	1.4359	765.53	-0.016647	8.0666e-05	0.10041	supercritical
534.0	1233.0	793.08	0.0012609	466.69	622.16	1.7263	0.95596	1.4357	766.63	-0.016763	8.0809e-05	0.10054	supercritical
534.0	1236.2	793.91	0.0012596	466.52	622.24	1.7257	0.95609	1.4356	767.73	-0.016878	8.0952e-05	0.10067	supercritical
534.0	1239.5	794.74	0.0012583	466.35	622.32	1.7251	0.95622	1.4354	768.83	-0.016993	8.1094e-05	0.10081	supercritical
534.0	1242.8	795.56	0.001257	466.19	622.4	1.7244	0.95635	1.4353	769.93	-0.017106	8.1237e-05	0.10094	supercritical
534.0	1246.0	796.39	0.0012557	466.02	622.48	1.7238	0.95649	1.4351	771.03	-0.017219	8.138e-05	0.10107	supercritical
534.0	1249.2	797.21	0.0012544	465.85	622.56	1.7232	0.95662	1.435	772.12	-0.017332	8.1522e-05	0.10121	supercritical
534.0	1252.5	798.02	0.0012531	465.69	622.64	1.7226	0.95675	1.4349	773.21	-0.017443	8.1664e-05	0.10134	supercritical
534.0	1255.8	798.84	0.0012518	465.52	622.72	1.722	0.95688	1.4347	774.3	-0.017554	8.1806e-05	0.10147	supercritical
534.0	1259.0	799.65	0.0012506	465.36	622.8	1.7214	0.95701	1.4346	775.39	-0.017664	8.1948e-05	0.10161	supercritical
534.0	1262.2	800.46	0.0012493	465.19	622.88	1.7208	0.95714	1.4344	776.48	-0.017773	8.209e-05	0.10174	supercritical
534.0	1265.5	801.26	0.001248	465.03	622.97	1.7202	0.95728	1.4343	777.56	-0.017881	8.2232e-05	0.10187	supercritical
534.0	1268.8	802.07	0.0012468	464.87	623.05	1.7196	0.95741	1.4341	778.64	-0.017989	8.2374e-05	0.10201	supercritical
534.0	1272.0	802.87	0.0012455	464.7	623.13	1.719	0.95754	1.434	779.73	-0.018096	8.2515e-05	0.10214	supercritical
534.0	1275.2	803.67	0.0012443	464.54	623.22	1.7184	0.95767	1.4339	780.81	-0.018203	8.2656e-05	0.10227	supercritical
534.0	1278.5	804.47	0.0012431	464.38	623.3	1.7178	0.9578	1.4337	781.88	-0.018308	8.2798e-05	0.1024	supercritical
534.0	1281.8	805.26	0.0012418	464.22	623.39	1.7172	0.95793	1.4336	782.96	-0.018413	8.2939e-05	0.10253	supercritical
534.0	1285.0	806.05	0.0012406	464.06	623.48	1.7166	0.95806	1.4334	784.03	-0.018518	8.308e-05	0.10267	supercritical
534.0	1288.2	806.84	0.0012394	463.9	623.56	1.716	0.9582	1.4333	785.11	-0.018621	8.3221e-05	0.1028	supercritical
534.0	1291.5	807.63	0.0012382	463.74	623.65	1.7154	0.95833	1.4332	786.18	-0.018724	8.3361e-05	0.10293	supercritical
534.0	1294.8	808.41	0.001237	463.58	623.74	1.7148	0.95846	1.433	787.25	-0.018826	8.3502e-05	0.10306	supercritical
534.0	1298.0	809.2	0.0012358	463.42	623.82	1.7142	0.95859	1.4329	788.31	-0.018928	8.3642e-05	0.10319	supercritical
534.0	1301.2	809.98	0.0012346	463.26	623.91	1.7136	0.95872	1.4328	789.38	-0.019029	8.3783e-05	0.10333	supercritical
534.0	1304.5	810.76	0.0012334	463.1	624.0	1.7131	0.95885	1.4326	790.44	-0.019129	8.3923e-05	0.10346	supercritical
534.0	1307.8	811.53	0.0012322	462.95	624.09	1.7125	0.95898	1.4325	791.51	-0.019228	8.4063e-05	0.10359	supercritical
534.0	1311.0	812.31	0.0012311	462.79	624.18	1.7119	0.95911	1.4324	792.57	-0.019327	8.4203e-05	0.10372	supercritical
534.0	1314.2	813.08	0.0012299	462.63	624.27	1.7113	0.95925	1.4322	793.63	-0.019426	8.4343e-05	0.10385	supercritical
534.0	1317.5	813.85	0.0012287	462.48	624.36	1.7107	0.95938	1.4321	794.68	-0.019523	8.4483e-05	0.10398	supercritical
534.0	1320.8	814.61	0.0012276	462.32	624.45	1.7102	0.95951	1.432	795.74	-0.01962	8.4622e-05	0.10411	supercritical
534.0	1324.0	815.38	0.0012264	462.17	624.54	1.7096	0.95964	1.4318	796.79	-0.019717	8.4762e-05	0.10425	supercritical
534.0	1327.2	816.14	0.0012253	462.01	624.64	1.709	0.95977	1.4317	797.84	-0.019812	8.4901e-05	0.10438	supercritical
534.0	1330.5	816.9	0.0012241	461.86	624.73	1.7084	0.9599	1.4316	798.9	-0.019908	8.5041e-05	0.10451	supercritical
534.0	1333.8	817.66	0.001223	461.7	624.82	1.7079	0.96003	1.4315	799.94	-0.020002	8.518e-05	0.10464	supercritical
534.0	1337.0	818.42	0.0012219	461.55	624.92	1.7073	0.96016	1.4313	800.99	-0.020096	8.5319e-05	0.10477	supercritical
534.0	1340.2	819.17	0.0012207	461.4	625.01	1.7067	0.96029	1.4312	802.04	-0.020189	8.5458e-05	0.1049	supercritical
534.0	1343.5	819.92	0.0012196	461.25	625.1	1.7062	0.96043	1.4311	803.08	-0.020282	8.5597e-05	0.10503	supercritical
534.0	1346.8	820.67	0.0012185	461.09	625.2	1.7056	0.96056	1.431	804.12	-0.020374	8.5735e-05	0.10516	supercritical
534.0	1350.0	821.42	0.0012174	460.94	625.29	1.705	0.96069	1.4308	805.16	-0.020466	8.5874e-05	0.10529	supercritical
534.0	1353.2	822.17	0.0012163	460.79	625.39	1.7045	0.96082	1.4307	806.2	-0.020557	8.6013e-05	0.10542	supercritical
534.0	1356.5	822.91	0.0012152	460.64	625.48	1.7039	0.96095	1.4306	807.24	-0.020647	8.6151e-05	0.10555	supercritical
534.0	1359.8	823.65	0.0012141	460.49	625.58	1.7033	0.96108	1.4305	808.27	-0.020737	8.6289e-05	0.10568	supercritical
534.0	1363.0	824.39	0.001213	460.34	625.68	1.7028	0.96121	1.4303	809.31	-0.020827	8.6427e-05	0.10581	supercritical
534.0	1366.2	825.13	0.0012119	460.19	625.77	1.7022	0.96134	1.4302	810.34	-0.020915	8.6565e-05	0.10594	supercritical
534.0	1369.5	825.86	0.0012109	460.04	625.87	1.7017	0.96147	1.4301	811.37	-0.021003	8.6703e-05	0.10607	supercritical
534.0	1372.8	826.6	0.0012098	459.9	625.97	1.7011	0.9616	1.43	812.4	-0.021091	8.6841e-05	0.1062	supercritical
534.0	1376.0	827.33	0.0012087	459.75	626.07	1.7006	0.96173	1.4299	813.43	-0.021178	8.6979e-05	0.10633	supercritical
534.0	1379.2	828.06	0.0012076	459.6	626.17	1.7	0.96187	1.4297	814.45	-0.021265	8.7117e-05	0.10646	supercritical
534.0	1382.5	828.78	0.0012066	459.45	626.26	1.6995	0.962	1.4296	815.48	-0.021351	8.7254e-05	0.10659	supercritical
534.0	1385.8	829.51	0.0012055	459.31	626.36	1.6989	0.96213	1.4295	816.5	-0.021436	8.7391e-05	0.10672	supercritical
534.0	1389.0	830.23	0.0012045	459.16	626.46	1.6984	0.96226	1.4294	817.52	-0.021521	8.7529e-05	0.10685	supercritical
534.0	1392.2	830.95	0.0012034	459.02	626.56	1.6978	0.96239	1.4293	818.54	-0.021605	8.7666e-05	0.10698	supercritical
534.0	1395.5	831.67	0.0012024	458.87	626.66	1.6973	0.96252	1.4292	819.56	-0.021689	8.7803e-05	0.10711	supercritical
534.0	1398.8	832.39	0.0012014	458.73	626.77	1.6967	0.96265	1.4291	820.57	-0.021773	8.794e-05	0.10724	supercritical
534.0	1402.0	833.11	0.0012003	458.58	626.87	1.6962	0.96278	1.4289	821.59	-0.021855	8.8077e-05	0.10736	supercritical
534.0	1405.2	833.82	0.0011993	458.44	626.97	1.6957	0.96291	1.4288	822.6	-0.021938	8.8214e-05	0.10749	supercritical
534.0	1408.5	834.53	0.0011983	458.29	627.07	1.6951	0.96304	1.4287	823.61	-0.02202	8.835e-05	0.10762	supercritical
534.0	1411.8	835.24	0.0011973	458.15	627.17	1.6946	0.96317	1.4286	824.62	-0.022101	8.8487e-05	0.10775	supercritical
534.0	1415.0	835.95	0.0011962	458.01	627.28	1.6941	0.9633	1.4285	825.63	-0.022182	8.8623e-05	0.10788	supercritical
534.0	1418.2	836.66	0.0011952	457.86	627.38	1.6935	0.96343	1.4284	826.64	-0.022262	8.876e-05	0.10801	supercritical
534.0	1421.5	837.36	0.0011942	457.72	627.48	1.693	0.96356	1.4283	827.64	-0.022342	8.8896e-05	0.10814	supercritical
534.0	1424.8	838.06	0.0011932	457.58	627.59	1.6925	0.96369	1.4282	828.65	-0.022421	8.9032e-05	0.10827	supercritical
534.0	1428.0	838.76	0.0011922	457.44	627.69	1.6919	0.96382	1.4281	829.65	-0.0225	8.9168e-05	0.10839	supercritical
534.0	1431.2	839.46	0.0011912	457.3	627.8	1.6914	0.96395	1.4279	830.65	-0.022579	8.9304e-05	0.10852	supercritical
534.0	1434.5	840.16	0.0011903	457.16	627.9	1.6909	0.96408	1.4278	831.65	-0.022657	8.944e-05	0.10865	supercritical
534.0	1437.8	840.85	0.0011893	457.02	628.01	1.6903	0.96421	1.4277	832.64	-0.022734	8.9576e-05	0.10878	supercritical
534.0	1441.0	841.55	0.0011883	456.88	628.11	1.6898	0.96435	1.4276	833.64	-0.022811	8.9711e-05	0.10891	supercritical
534.0	1444.2	842.24	0.0011873	456.74	628.22	1.6893	0.96448	1.4275	834.63	-0.022888	8.9847e-05	0.10904	supercritical
534.0	1447.5	842.93	0.0011863	456.6	628.32	1.6888	0.96461	1.4274	835.63	-0.022964	8.9983e-05	0.10916	supercritical
534.0	1450.8	843.62	0.0011854	456.46	628.43	1.6882	0.96474	1.4273	836.62	-0.023039	9.0118e-05	0.10929	supercritical
534.0	1454.0	844.3	0.0011844	456.32	628.54	1.6877	0.96487	1.4272	837.61	-0.023114	9.0253e-05	0.10942	supercritical
534.0	1457.2	844.99	0.0011835	456.19	628.64	1.6872	0.965	1.4271	838.6	-0.023189	9.0388e-05	0.10955	supercritical
534.0	1460.5	845.67	0.0011825	456.05	628.75	1.6867	0.96513	1.427	839.58	-0.023264	9.0523e-05	0.10968	supercritical
534.0	1463.8	846.35	0.0011815	455.91	628.86	1.6862	0.96526	1.4269	840.57	-0.023337	9.0658e-05	0.1098	supercritical
534.0	1467.0	847.03	0.0011806	455.77	628.97	1.6857	0.96539	1.4268	841.55	-0.023411	9.0793e-05	0.10993	supercritical
534.0	1470.2	847.71	0.0011797	455.64	629.08	1.6851	0.96552	1.4267	842.53	-0.023484	9.0928e-05	0.11006	supercritical
534.0	1473.5	848.38	0.0011787	455.5	629.19	1.6846	0.96565	1.4266	843.51	-0.023556	9.1063e-05	0.11019	supercritical
534.0	1476.8	849.06	0.0011778	455.37	629.3	1.6841	0.96578	1.4265	844.49	-0.023628	9.1198e-05	0.11031	supercritical
534.0	1480.0	849.73	0.0011768	455.23	629.41	1.6836	0.96591	1.4264	845.47	-0.0237	9.1332e-05	0.11044	supercritical
534.0	1483.2	850.4	0.0011759	455.1	629.52	1.6831	0.96604	1.4263	846.45	-0.023771	9.1466e-05	0.11057	supercritical
534.0	1486.5	851.07	0.001175	454.96	629.63	1.6826	0.96617	1.4262	847.42	-0.023842	9.1601e-05	0.1107	supercritical
534.0	1489.8	851.73	0.0011741	454.83	629.74	1.6821	0.9663	1.4261	848.4	-0.023913	9.1735e-05	0.11082	supercritical
534.0	1493.0	852.4	0.0011732	454.7	629.85	1.6816	0.96643	1.426	849.37	-0.023983	9.1869e-05	0.11095	supercritical
534.0	1496.2	853.06	0.0011722	454.56	629.96	1.6811	0.96656	1.4259	850.34	-0.024052	9.2003e-05	0.11108	supercritical
534.0	1499.5	853.73	0.0011713	454.43	630.07	1.6806	0.96669	1.4258	851.31	-0.024122	9.2137e-05	0.1112	supercritical
534.0	1502.8	854.39	0.0011704	454.3	630.18	1.6801	0.96682	1.4257	852.28	-0.02419	9.2271e-05	0.11133	supercritical
534.0	1506.0	855.05	0.0011695	454.16	630.29	1.6796	0.96695	1.4256	853.24	-0.024259	9.2405e-05	0.11146	supercritical
534.0	1509.2	855.7	0.0011686	454.03	630.41	1.6791	0.96708	1.4255	854.21	-0.024327	9.2539e-05	0.11159	supercritical
534.0	1512.5	856.36	0.0011677	453.9	630.52	1.6786	0.96721	1.4254	855.17	-0.024394	9.2672e-05	0.11171	supercritical
534.0	1515.8	857.01	0.0011668	453.77	630.63	1.6781	0.96734	1.4253	856.13	-0.024462	9.2806e-05	0.11184	supercritical
534.0	1519.0	857.67	0.001166	453.64	630.75	1.6776	0.96747	1.4252	857.09	-0.024529	9.2939e-05	0.11197	supercritical
534.0	1522.2	858.32	0.0011651	453.51	630.86	1.6771	0.9676	1.4252	858.05	-0.024595	9.3073e-05	0.11209	supercritical
534.0	1525.5	858.97	0.0011642	453.38	630.97	1.6766	0.96773	1.4251	859.01	-0.024661	9.3206e-05	0.11222	supercritical
534.0	1528.8	859.61	0.0011633	453.25	631.09	1.6761	0.96786	1.425	859.96	-0.024727	9.3339e-05	0.11235	supercritical
534.0	1532.0	860.26	0.0011624	453.12	631.2	1.6756	0.96799	1.4249	860.92	-0.024792	9.3472e-05	0.11247	supercritical
534.0	1535.2	860.9	0.0011616	452.99	631.32	1.6751	0.96811	1.4248	861.87	-0.024857	9.3605e-05	0.1126	supercritical
534.0	1538.5	861.55	0.0011607	452.86	631.43	1.6746	0.96824	1.4247	862.82	-0.024922	9.3738e-05	0.11272	supercritical
534.0	1541.8	862.19	0.0011598	452.73	631.55	1.6741	0.96837	1.4246	863.77	-0.024986	9.3871e-05	0.11285	supercritical
534.0	1545.0	862.83	0.001159	452.6	631.67	1.6736	0.9685	1.4245	864.72	-0.02505	9.4004e-05	0.11298	supercritical
534.0	1548.2	863.47	0.0011581	452.48	631.78	1.6731	0.96863	1.4244	865.67	-0.025114	9.4137e-05	0.1131	supercritical
534.0	1551.5	864.1	0.0011573	452.35	631.9	1.6726	0.96876	1.4244	866.62	-0.025177	9.4269e-05	0.11323	supercritical
534.0	1554.8	864.74	0.0011564	452.22	632.01	1.6722	0.96889	1.4243	867.56	-0.025239	9.4402e-05	0.11336	supercritical
534.0	1558.0	865.37	0.0011556	452.09	632.13	1.6717	0.96902	1.4242	868.5	-0.025302	9.4534e-05	0.11348	supercritical
534.0	1561.2	866.01	0.0011547	451.97	632.25	1.6712	0.96915	1.4241	869.45	-0.025364	9.4667e-05	0.11361	supercritical
534.0	1564.5	866.64	0.0011539	451.84	632.37	1.6707	0.96928	1.424	870.39	-0.025426	9.4799e-05	0.11373	supercritical
534.0	1567.8	867.27	0.001153	451.71	632.48	1.6702	0.96941	1.4239	871.33	-0.025487	9.4931e-05	0.11386	supercritical
534.0	1571.0	867.9	0.0011522	451.59	632.6	1.6697	0.96954	1.4238	872.26	-0.025548	9.5063e-05	0.11399	supercritical
534.0	1574.2	868.52	0.0011514	451.46	632.72	1.6693	0.96967	1.4238	873.2	-0.025609	9.5195e-05	0.11411	supercritical
534.0	1577.5	869.15	0.0011506	451.34	632.84	1.6688	0.9698	1.4237	874.14	-0.025669	9.5327e-05	0.11424	supercritical
534.0	1580.8	869.77	0.0011497	451.21	632.96	1.6683	0.96993	1.4236	875.07	-0.02573	9.5459e-05	0.11436	supercritical
534.0	1584.0	870.39	0.0011489	451.09	633.08	1.6678	0.97006	1.4235	876.0	-0.025789	9.5591e-05	0.11449	supercritical
534.0	1587.2	871.01	0.0011481	450.97	633.2	1.6674	0.97019	1.4234	876.93	-0.025849	9.5723e-05	0.11461	supercritical
534.0	1590.5	871.63	0.0011473	450.84	633.32	1.6669	0.97032	1.4233	877.86	-0.025908	9.5854e-05	0.11474	supercritical
534.0	1593.8	872.25	0.0011465	450.72	633.44	1.6664	0.97044	1.4233	878.79	-0.025967	9.5986e-05	0.11487	supercritical
534.0	1597.0	872.87	0.0011456	450.6	633.56	1.6659	0.97057	1.4232	879.72	-0.026025	9.6117e-05	0.11499	supercritical
534.0	1600.2	873.48	0.0011448	450.47	633.68	1.6655	0.9707	1.4231	880.65	-0.026083	9.6249e-05	0.11512	supercritical
534.0	1603.5	874.1	0.001144	450.35	633.8	1.665	0.97083	1.423	881.57	-0.026141	9.638e-05	0.11524	supercritical
534.0	1606.8	874.71	0.0011432	450.23	633.92	1.6645	0.97096	1.4229	882.49	-0.026198	9.6511e-05	0.11537	supercritical
534.0	1610.0	875.32	0.0011424	450.11	634.04	1.6641	0.97109	1.4229	883.42	-0.026256	9.6642e-05	0.11549	supercritical
534.0	1613.2	875.93	0.0011416	449.99	634.16	1.6636	0.97122	1.4228	884.34	-0.026312	9.6774e-05	0.11562	supercritical
534.0	1616.5	876.54	0.0011409	449.86	634.28	1.6631	0.97135	1.4227	885.26	-0.026369	9.6905e-05	0.11574	supercritical
534.0	1619.8	877.14	0.0011401	449.74	634.41	1.6627	0.97148	1.4226	886.17	-0.026425	9.7036e-05	0.11587	supercritical
534.0	1623.0	877.75	0.0011393	449.62	634.53	1.6622	0.97161	1.4225	887.09	-0.026481	9.7166e-05	0.11599	supercritical
534.0	1626.2	878.35	0.0011385	449.5	634.65	1.6617	0.97174	1.4225	888.01	-0.026537	9.7297e-05	0.11612	supercritical
534.0	1629.5	878.96	0.0011377	449.38	634.77	1.6613	0.97186	1.4224	888.92	-0.026592	9.7428e-05	0.11624	supercritical
534.0	1632.8	879.56	0.0011369	449.26	634.9	1.6608	0.97199	1.4223	889.83	-0.026647	9.7559e-05	0.11637	supercritical
534.0	1636.0	880.16	0.0011362	449.14	635.02	1.6603	0.97212	1.4222	890.75	-0.026702	9.7689e-05	0.11649	supercritical
534.0	1639.2	880.76	0.0011354	449.02	635.14	1.6599	0.97225	1.4222	891.66	-0.026756	9.782e-05	0.11662	supercritical
534.0	1642.5	881.35	0.0011346	448.91	635.27	1.6594	0.97238	1.4221	892.56	-0.026811	9.795e-05	0.11674	supercritical
534.0	1645.8	881.95	0.0011339	448.79	635.39	1.659	0.97251	1.422	893.47	-0.026864	9.8081e-05	0.11687	supercritical
534.0	1649.0	882.54	0.0011331	448.67	635.52	1.6585	0.97264	1.4219	894.38	-0.026918	9.8211e-05	0.11699	supercritical
534.0	1652.2	883.14	0.0011323	448.55	635.64	1.6581	0.97277	1.4219	895.28	-0.026971	9.8341e-05	0.11712	supercritical
534.0	1655.5	883.73	0.0011316	448.43	635.76	1.6576	0.9729	1.4218	896.19	-0.027024	9.8471e-05	0.11724	supercritical
534.0	1658.8	884.32	0.0011308	448.32	635.89	1.6571	0.97302	1.4217	897.09	-0.027077	9.8601e-05	0.11737	supercritical
534.0	1662.0	884.91	0.0011301	448.2	636.01	1.6567	0.97315	1.4217	897.99	-0.02713	9.8731e-05	0.11749	supercritical
534.0	1665.2	885.5	0.0011293	448.08	636.14	1.6562	0.97328	1.4216	898.89	-0.027182	9.8861e-05	0.11762	supercritical
534.0	1668.5	886.08	0.0011286	447.97	636.27	1.6558	0.97341	1.4215	899.79	-0.027234	9.8991e-05	0.11774	supercritical
534.0	1671.8	886.67	0.0011278	447.85	636.39	1.6553	0.97354	1.4214	900.69	-0.027285	9.9121e-05	0.11786	supercritical
534.0	1675.0	887.25	0.0011271	447.73	636.52	1.6549	0.97367	1.4214	901.59	-0.027337	9.9251e-05	0.11799	supercritical
534.0	1678.2	887.84	0.0011263	447.62	636.64	1.6544	0.9738	1.4213	902.48	-0.027388	9.9381e-05	0.11811	supercritical
534.0	1681.5	888.42	0.0011256	447.5	636.77	1.654	0.97392	1.4212	903.37	-0.027439	9.951e-05	0.11824	supercritical
534.0	1684.8	889.0	0.0011249	447.39	636.9	1.6535	0.97405	1.4212	904.27	-0.027489	9.964e-05	0.11836	supercritical
534.0	1688.0	889.58	0.0011241	447.27	637.02	1.6531	0.97418	1.4211	905.16	-0.027539	9.9769e-05	0.11849	supercritical
534.0	1691.2	890.16	0.0011234	447.16	637.15	1.6527	0.97431	1.421	906.05	-0.02759	9.9899e-05	0.11861	supercritical
534.0	1694.5	890.73	0.0011227	447.04	637.28	1.6522	0.97444	1.421	906.94	-0.027639	0.00010003	0.11873	supercritical
534.0	1697.8	891.31	0.0011219	446.93	637.41	1.6518	0.97457	1.4209	907.83	-0.027689	0.00010016	0.11886	supercritical
534.0	1701.0	891.88	0.0011212	446.82	637.54	1.6513	0.9747	1.4208	908.71	-0.027738	0.00010029	0.11898	supercritical
534.0	1704.2	892.46	0.0011205	446.7	637.66	1.6509	0.97482	1.4208	909.6	-0.027787	0.00010042	0.11911	supercritical
534.0	1707.5	893.03	0.0011198	446.59	637.79	1.6504	0.97495	1.4207	910.48	-0.027836	0.00010054	0.11923	supercritical
534.0	1710.8	893.6	0.0011191	446.48	637.92	1.65	0.97508	1.4206	911.37	-0.027884	0.00010067	0.11935	supercritical
534.0	1714.0	894.17	0.0011184	446.36	638.05	1.6496	0.97521	1.4206	912.25	-0.027933	0.0001008	0.11948	supercritical
534.0	1717.2	894.74	0.0011176	446.25	638.18	1.6491	0.97534	1.4205	913.13	-0.027981	0.00010093	0.1196	supercritical
534.0	1720.5	895.3	0.0011169	446.14	638.31	1.6487	0.97547	1.4204	914.01	-0.028029	0.00010106	0.11973	supercritical
534.0	1723.8	895.87	0.0011162	446.03	638.44	1.6482	0.97559	1.4204	914.89	-0.028076	0.00010119	0.11985	supercritical
534.0	1727.0	896.43	0.0011155	445.91	638.57	1.6478	0.97572	1.4203	915.76	-0.028123	0.00010132	0.11997	supercritical
534.0	1730.2	897.0	0.0011148	445.8	638.7	1.6474	0.97585	1.4202	916.64	-0.02817	0.00010145	0.1201	supercritical
534.0	1733.5	897.56	0.0011141	445.69	638.83	1.6469	0.97598	1.4202	917.51	-0.028217	0.00010158	0.12022	supercritical
534.0	1736.8	898.12	0.0011134	445.58	638.96	1.6465	0.97611	1.4201	918.39	-0.028264	0.0001017	0.12035	supercritical
534.0	1740.0	898.68	0.0011127	445.47	639.09	1.6461	0.97623	1.42	919.26	-0.02831	0.00010183	0.12047	supercritical
534.0	1743.2	899.24	0.001112	445.36	639.22	1.6456	0.97636	1.42	920.13	-0.028356	0.00010196	0.12059	supercritical
534.0	1746.5	899.8	0.0011114	445.25	639.35	1.6452	0.97649	1.4199	921.0	-0.028402	0.00010209	0.12072	supercritical
534.0	1749.8	900.35	0.0011107	445.14	639.48	1.6448	0.97662	1.4199	921.87	-0.028448	0.00010222	0.12084	supercritical
534.0	1753.0	900.91	0.00111	445.03	639.61	1.6443	0.97675	1.4198	922.74	-0.028493	0.00010235	0.12096	supercritical
534.0	1756.2	901.46	0.0011093	444.92	639.74	1.6439	0.97687	1.4197	923.6	-0.028538	0.00010247	0.12109	supercritical
534.0	1759.5	902.02	0.0011086	444.81	639.88	1.6435	0.977	1.4197	924.47	-0.028583	0.0001026	0.12121	supercritical
534.0	1762.8	902.57	0.0011079	444.7	640.01	1.6431	0.97713	1.4196	925.33	-0.028628	0.00010273	0.12133	supercritical
534.0	1766.0	903.12	0.0011073	444.6	640.14	1.6426	0.97726	1.4196	926.2	-0.028673	0.00010286	0.12146	supercritical
534.0	1769.2	903.67	0.0011066	444.49	640.27	1.6422	0.97739	1.4195	927.06	-0.028717	0.00010299	0.12158	supercritical
534.0	1772.5	904.22	0.0011059	444.38	640.4	1.6418	0.97751	1.4194	927.92	-0.028761	0.00010311	0.1217	supercritical
534.0	1775.8	904.77	0.0011053	444.27	640.54	1.6414	0.97764	1.4194	928.78	-0.028805	0.00010324	0.12183	supercritical
534.0	1779.0	905.31	0.0011046	444.16	640.67	1.6409	0.97777	1.4193	929.64	-0.028848	0.00010337	0.12195	supercritical
534.0	1782.2	905.86	0.0011039	444.06	640.8	1.6405	0.9779	1.4193	930.5	-0.028892	0.0001035	0.12207	supercritical
534.0	1785.5	906.4	0.0011033	443.95	640.94	1.6401	0.97802	1.4192	931.35	-0.028935	0.00010362	0.1222	supercritical
534.0	1788.8	906.95	0.0011026	443.84	641.07	1.6397	0.97815	1.4191	932.21	-0.028978	0.00010375	0.12232	supercritical
534.0	1792.0	907.49	0.0011019	443.74	641.2	1.6393	0.97828	1.4191	933.06	-0.029021	0.00010388	0.12244	supercritical
534.0	1795.2	908.03	0.0011013	443.63	641.34	1.6388	0.97841	1.419	933.91	-0.029063	0.00010401	0.12257	supercritical
534.0	1798.5	908.57	0.0011006	443.52	641.47	1.6384	0.97853	1.419	934.77	-0.029106	0.00010413	0.12269	supercritical
534.0	1801.8	909.11	0.0011	443.42	641.61	1.638	0.97866	1.4189	935.62	-0.029148	0.00010426	0.12281	supercritical
534.0	1805.0	909.64	0.0010993	443.31	641.74	1.6376	0.97879	1.4189	936.47	-0.02919	0.00010439	0.12294	supercritical
534.0	1808.2	910.18	0.0010987	443.21	641.88	1.6372	0.97892	1.4188	937.32	-0.029231	0.00010452	0.12306	supercritical
534.0	1811.5	910.72	0.001098	443.1	642.01	1.6367	0.97904	1.4188	938.16	-0.029273	0.00010464	0.12318	supercritical
534.0	1814.8	911.25	0.0010974	443.0	642.15	1.6363	0.97917	1.4187	939.01	-0.029314	0.00010477	0.12331	supercritical
534.0	1818.0	911.79	0.0010967	442.89	642.28	1.6359	0.9793	1.4186	939.86	-0.029356	0.0001049	0.12343	supercritical
534.0	1821.2	912.32	0.0010961	442.79	642.42	1.6355	0.97943	1.4186	940.7	-0.029396	0.00010502	0.12355	supercritical
534.0	1824.5	912.85	0.0010955	442.68	642.55	1.6351	0.97955	1.4185	941.54	-0.029437	0.00010515	0.12367	supercritical
534.0	1827.8	913.38	0.0010948	442.58	642.69	1.6347	0.97968	1.4185	942.38	-0.029478	0.00010528	0.1238	supercritical
534.0	1831.0	913.91	0.0010942	442.48	642.82	1.6343	0.97981	1.4184	943.23	-0.029518	0.0001054	0.12392	supercritical
534.0	1834.2	914.44	0.0010936	442.37	642.96	1.6339	0.97994	1.4184	944.07	-0.029558	0.00010553	0.12404	supercritical
534.0	1837.5	914.96	0.0010929	442.27	643.1	1.6334	0.98006	1.4183	944.9	-0.029598	0.00010566	0.12417	supercritical
534.0	1840.8	915.49	0.0010923	442.17	643.23	1.633	0.98019	1.4183	945.74	-0.029638	0.00010579	0.12429	supercritical
534.0	1844.0	916.02	0.0010917	442.06	643.37	1.6326	0.98032	1.4182	946.58	-0.029677	0.00010591	0.12441	supercritical
534.0	1847.2	916.54	0.0010911	441.96	643.51	1.6322	0.98044	1.4182	947.41	-0.029717	0.00010604	0.12453	supercritical
534.0	1850.5	917.06	0.0010904	441.86	643.64	1.6318	0.98057	1.4181	948.25	-0.029756	0.00010616	0.12466	supercritical
534.0	1853.8	917.59	0.0010898	441.76	643.78	1.6314	0.9807	1.4181	949.08	-0.029795	0.00010629	0.12478	supercritical
534.0	1857.0	918.11	0.0010892	441.65	643.92	1.631	0.98082	1.418	949.92	-0.029834	0.00010642	0.1249	supercritical
534.0	1860.2	918.63	0.0010886	441.55	644.06	1.6306	0.98095	1.418	950.75	-0.029873	0.00010654	0.12502	supercritical
534.0	1863.5	919.15	0.001088	441.45	644.19	1.6302	0.98108	1.4179	951.58	-0.029911	0.00010667	0.12515	supercritical
534.0	1866.8	919.66	0.0010874	441.35	644.33	1.6298	0.98121	1.4179	952.41	-0.029949	0.0001068	0.12527	supercritical
534.0	1870.0	920.18	0.0010867	441.25	644.47	1.6294	0.98133	1.4178	953.23	-0.029987	0.00010692	0.12539	supercritical
534.0	1873.2	920.7	0.0010861	441.15	644.61	1.629	0.98146	1.4178	954.06	-0.030025	0.00010705	0.12551	supercritical
534.0	1876.5	921.21	0.0010855	441.05	644.75	1.6286	0.98159	1.4177	954.89	-0.030063	0.00010718	0.12564	supercritical
534.0	1879.8	921.73	0.0010849	440.95	644.88	1.6282	0.98171	1.4177	955.71	-0.030101	0.0001073	0.12576	supercritical
534.0	1883.0	922.24	0.0010843	440.85	645.02	1.6278	0.98184	1.4176	956.54	-0.030138	0.00010743	0.12588	supercritical
534.0	1886.2	922.75	0.0010837	440.75	645.16	1.6274	0.98197	1.4176	957.36	-0.030175	0.00010755	0.126	supercritical
534.0	1889.5	923.26	0.0010831	440.65	645.3	1.627	0.98209	1.4175	958.18	-0.030212	0.00010768	0.12613	supercritical
534.0	1892.8	923.78	0.0010825	440.55	645.44	1.6266	0.98222	1.4175	959.0	-0.030249	0.0001078	0.12625	supercritical
534.0	1896.0	924.28	0.0010819	440.45	645.58	1.6262	0.98235	1.4174	959.82	-0.030286	0.00010793	0.12637	supercritical
534.0	1899.2	924.79	0.0010813	440.35	645.72	1.6258	0.98247	1.4174	960.64	-0.030322	0.00010806	0.12649	supercritical
534.0	1902.5	925.3	0.0010807	440.25	645.86	1.6254	0.9826	1.4173	961.46	-0.030359	0.00010818	0.12662	supercritical
534.0	1905.8	925.81	0.0010801	440.15	646.0	1.625	0.98273	1.4173	962.28	-0.030395	0.00010831	0.12674	supercritical
534.0	1909.0	926.31	0.0010795	440.05	646.14	1.6246	0.98285	1.4172	963.09	-0.030431	0.00010843	0.12686	supercritical
534.0	1912.2	926.82	0.001079	439.96	646.28	1.6242	0.98298	1.4172	963.91	-0.030467	0.00010856	0.12698	supercritical
534.0	1915.5	927.32	0.0010784	439.86	646.42	1.6238	0.98311	1.4171	964.72	-0.030502	0.00010868	0.1271	supercritical
534.0	1918.8	927.82	0.0010778	439.76	646.56	1.6234	0.98323	1.4171	965.54	-0.030538	0.00010881	0.12723	supercritical
534.0	1922.0	928.33	0.0010772	439.66	646.7	1.623	0.98336	1.4171	966.35	-0.030573	0.00010894	0.12735	supercritical
534.0	1925.2	928.83	0.0010766	439.57	646.84	1.6226	0.98349	1.417	967.16	-0.030608	0.00010906	0.12747	supercritical
534.0	1928.5	929.33	0.001076	439.47	646.98	1.6222	0.98361	1.417	967.97	-0.030643	0.00010919	0.12759	supercritical
534.0	1931.8	929.83	0.0010755	439.37	647.12	1.6219	0.98374	1.4169	968.78	-0.030678	0.00010931	0.12772	supercritical
534.0	1935.0	930.33	0.0010749	439.27	647.27	1.6215	0.98386	1.4169	969.59	-0.030713	0.00010944	0.12784	supercritical
534.0	1938.2	930.82	0.0010743	439.18	647.41	1.6211	0.98399	1.4168	970.39	-0.030747	0.00010956	0.12796	supercritical
534.0	1941.5	931.32	0.0010737	439.08	647.55	1.6207	0.98412	1.4168	971.2	-0.030782	0.00010969	0.12808	supercritical
534.0	1944.8	931.82	0.0010732	438.99	647.69	1.6203	0.98424	1.4167	972.0	-0.030816	0.00010981	0.1282	supercritical
534.0	1948.0	932.31	0.0010726	438.89	647.83	1.6199	0.98437	1.4167	972.81	-0.03085	0.00010994	0.12833	supercritical
534.0	1951.2	932.8	0.001072	438.79	647.98	1.6195	0.98449	1.4167	973.61	-0.030884	0.00011006	0.12845	supercritical
534.0	1954.5	933.3	0.0010715	438.7	648.12	1.6191	0.98462	1.4166	974.41	-0.030918	0.00011019	0.12857	supercritical
534.0	1957.8	933.79	0.0010709	438.6	648.26	1.6188	0.98475	1.4166	975.21	-0.030951	0.00011031	0.12869	supercritical
534.0	1961.0	934.28	0.0010703	438.51	648.4	1.6184	0.98487	1.4165	976.01	-0.030985	0.00011044	0.12881	supercritical
534.0	1964.2	934.77	0.0010698	438.41	648.55	1.618	0.985	1.4165	976.81	-0.031018	0.00011056	0.12893	supercritical
534.0	1967.5	935.26	0.0010692	438.32	648.69	1.6176	0.98513	1.4164	977.61	-0.031051	0.00011069	0.12906	supercritical
534.0	1970.8	935.75	0.0010687	438.22	648.83	1.6172	0.98525	1.4164	978.41	-0.031084	0.00011081	0.12918	supercritical
534.0	1974.0	936.24	0.0010681	438.13	648.97	1.6168	0.98538	1.4164	979.21	-0.031117	0.00011094	0.1293	supercritical
534.0	1977.2	936.72	0.0010676	438.04	649.12	1.6165	0.9855	1.4163	980.0	-0.03115	0.00011106	0.12942	supercritical
534.0	1980.5	937.21	0.001067	437.94	649.26	1.6161	0.98563	1.4163	980.79	-0.031182	0.00011119	0.12954	supercritical
534.0	1983.8	937.69	0.0010664	437.85	649.4	1.6157	0.98575	1.4162	981.59	-0.031215	0.00011131	0.12967	supercritical
534.0	1987.0	938.18	0.0010659	437.75	649.55	1.6153	0.98588	1.4162	982.38	-0.031247	0.00011143	0.12979	supercritical
534.0	1990.2	938.66	0.0010653	437.66	649.69	1.6149	0.98601	1.4162	983.17	-0.031279	0.00011156	0.12991	supercritical
534.0	1993.5	939.14	0.0010648	437.57	649.84	1.6146	0.98613	1.4161	983.96	-0.031311	0.00011168	0.13003	supercritical
534.0	1996.8	939.62	0.0010643	437.48	649.98	1.6142	0.98626	1.4161	984.75	-0.031343	0.00011181	0.13015	supercritical
534.0	2000.0	940.11	0.0010637	437.38	650.12	1.6138	0.98638	1.416	985.54	-0.031375	0.00011193	0.13027	supercritical
