Temperature (K)	Pressure (bar)	Density (kg/m3)	Volume (m3/kg)	Internal Energy (kJ/kg)	Enthalpy (kJ/kg)	Entropy (J/g*K)	Cv (J/g*K)	Cp (J/g*K)	Sound Spd. (m/s)	Joule-Thomson (K/bar)	Viscosity (Pa*s)	Therm. Cond. (W/m*K)	Phase
536.0	56.5	57.335	0.017441	618.5	717.05	2.5069	0.86177	1.1012	350.58	0.2455	2.6204e-05	0.037881	vapor
536.0	59.75	60.718	0.016469	617.76	716.17	2.495	0.86252	1.105	350.61	0.24423	2.626e-05	0.038006	vapor
536.0	63.0	64.11	0.015598	617.02	715.29	2.4837	0.86326	1.1089	350.65	0.24294	2.6318e-05	0.038132	vapor
536.0	66.25	67.509	0.014813	616.28	714.42	2.4728	0.864	1.1127	350.71	0.24164	2.6376e-05	0.03826	vapor
536.0	69.5	70.916	0.014101	615.54	713.55	2.4624	0.86474	1.1166	350.78	0.24033	2.6436e-05	0.038388	vapor
536.0	72.75	74.33	0.013454	614.8	712.67	2.4525	0.86548	1.1205	350.86	0.23901	2.6496e-05	0.038517	vapor
536.0	76.0	77.752	0.012861	614.06	711.8	2.4429	0.86621	1.1244	350.95	0.23768	2.6558e-05	0.038647	vapor
536.0	76.0	77.752	0.012861	614.06	711.8	2.4429	0.86621	1.1244	350.95	0.23768	2.6558e-05	0.038647	supercritical
536.0	76.0	77.752	0.012861	614.06	711.8	2.4429	0.86621	1.1244	350.95	0.23768	2.6558e-05	0.038647	supercritical
536.0	79.25	81.181	0.012318	613.32	710.94	2.4336	0.86694	1.1284	351.06	0.23633	2.662e-05	0.038777	supercritical
536.0	82.5	84.616	0.011818	612.57	710.07	2.4247	0.86767	1.1323	351.18	0.23498	2.6684e-05	0.038909	supercritical
536.0	85.75	88.059	0.011356	611.83	709.21	2.416	0.8684	1.1363	351.31	0.23361	2.6749e-05	0.039043	supercritical
536.0	89.0	91.507	0.010928	611.09	708.35	2.4077	0.86912	1.1402	351.45	0.23223	2.6815e-05	0.039177	supercritical
536.0	92.25	94.962	0.01053	610.34	707.49	2.3996	0.86984	1.1442	351.61	0.23084	2.6882e-05	0.039312	supercritical
536.0	95.5	98.423	0.01016	609.6	706.63	2.3917	0.87056	1.1482	351.78	0.22944	2.6951e-05	0.039449	supercritical
536.0	98.75	101.89	0.0098145	608.86	705.77	2.3841	0.87127	1.1521	351.96	0.22802	2.702e-05	0.039587	supercritical
536.0	102.0	105.36	0.0094911	608.11	704.92	2.3766	0.87198	1.1561	352.16	0.2266	2.7091e-05	0.039726	supercritical
536.0	105.25	108.84	0.0091879	607.37	704.07	2.3694	0.87269	1.1601	352.37	0.22516	2.7163e-05	0.039866	supercritical
536.0	108.5	112.32	0.008903	606.63	703.22	2.3623	0.87339	1.1641	352.59	0.22371	2.7236e-05	0.040008	supercritical
536.0	111.75	115.81	0.008635	605.88	702.38	2.3554	0.87409	1.1681	352.83	0.22225	2.731e-05	0.040151	supercritical
536.0	115.0	119.3	0.0083823	605.14	701.54	2.3487	0.87479	1.1721	353.08	0.22078	2.7385e-05	0.040296	supercritical
536.0	118.25	122.79	0.0081437	604.4	700.7	2.3421	0.87548	1.1761	353.34	0.2193	2.7462e-05	0.040442	supercritical
536.0	121.5	126.29	0.0079181	603.65	699.86	2.3357	0.87617	1.1801	353.62	0.2178	2.754e-05	0.04059	supercritical
536.0	124.75	129.79	0.0077045	602.91	699.03	2.3294	0.87685	1.1841	353.91	0.2163	2.762e-05	0.040739	supercritical
536.0	128.0	133.3	0.0075019	602.17	698.2	2.3232	0.87753	1.1881	354.22	0.21479	2.77e-05	0.040889	supercritical
536.0	131.25	136.81	0.0073095	601.43	697.37	2.3172	0.87821	1.192	354.54	0.21326	2.7782e-05	0.041041	supercritical
536.0	134.5	140.32	0.0071266	600.69	696.54	2.3113	0.87888	1.196	354.87	0.21173	2.7865e-05	0.041195	supercritical
536.0	137.75	143.83	0.0069525	599.95	695.72	2.3055	0.87954	1.2	355.22	0.21018	2.795e-05	0.04135	supercritical
536.0	141.0	147.35	0.0067867	599.21	694.9	2.2998	0.88021	1.204	355.59	0.20863	2.8035e-05	0.041506	supercritical
536.0	144.25	150.86	0.0066285	598.47	694.09	2.2942	0.88086	1.2079	355.97	0.20707	2.8122e-05	0.041665	supercritical
536.0	147.5	154.38	0.0064775	597.74	693.28	2.2887	0.88152	1.2119	356.36	0.20549	2.8211e-05	0.041825	supercritical
536.0	150.75	157.9	0.0063331	597.0	692.47	2.2833	0.88216	1.2158	356.77	0.20391	2.83e-05	0.041986	supercritical
536.0	154.0	161.42	0.0061951	596.26	691.67	2.278	0.88281	1.2197	357.2	0.20233	2.8391e-05	0.042149	supercritical
536.0	157.25	164.94	0.0060629	595.53	690.87	2.2728	0.88345	1.2236	357.64	0.20073	2.8484e-05	0.042314	supercritical
536.0	160.5	168.46	0.0059362	594.79	690.07	2.2677	0.88408	1.2275	358.09	0.19913	2.8578e-05	0.04248	supercritical
536.0	163.75	171.98	0.0058148	594.06	689.28	2.2626	0.88471	1.2314	358.56	0.19752	2.8673e-05	0.042648	supercritical
536.0	167.0	175.49	0.0056982	593.33	688.49	2.2577	0.88533	1.2352	359.05	0.1959	2.8769e-05	0.042817	supercritical
536.0	170.25	179.01	0.0055862	592.6	687.7	2.2528	0.88595	1.239	359.55	0.19428	2.8867e-05	0.042988	supercritical
536.0	173.5	182.53	0.0054787	591.87	686.92	2.248	0.88656	1.2429	360.06	0.19265	2.8966e-05	0.043161	supercritical
536.0	176.75	186.04	0.0053752	591.14	686.15	2.2432	0.88717	1.2467	360.59	0.19102	2.9066e-05	0.043335	supercritical
536.0	180.0	189.55	0.0052756	590.42	685.38	2.2386	0.88777	1.2504	361.14	0.18938	2.9168e-05	0.043511	supercritical
536.0	183.25	193.06	0.0051798	589.69	684.61	2.234	0.88837	1.2542	361.7	0.18774	2.9271e-05	0.043688	supercritical
536.0	186.5	196.56	0.0050874	588.97	683.85	2.2294	0.88896	1.2579	362.28	0.1861	2.9376e-05	0.043867	supercritical
536.0	189.75	200.07	0.0049983	588.24	683.09	2.225	0.88954	1.2616	362.88	0.18445	2.9482e-05	0.044048	supercritical
536.0	193.0	203.57	0.0049124	587.52	682.33	2.2206	0.89012	1.2653	363.49	0.18279	2.9589e-05	0.04423	supercritical
536.0	196.25	207.06	0.0048295	586.8	681.58	2.2162	0.8907	1.2689	364.11	0.18114	2.9698e-05	0.044414	supercritical
536.0	199.5	210.55	0.0047495	586.09	680.84	2.2119	0.89127	1.2725	364.75	0.17948	2.9808e-05	0.044599	supercritical
536.0	202.75	214.04	0.0046721	585.37	680.1	2.2077	0.89183	1.2761	365.41	0.17783	2.9919e-05	0.044785	supercritical
536.0	206.0	217.52	0.0045974	584.66	679.36	2.2035	0.89239	1.2797	366.08	0.17617	3.0031e-05	0.044973	supercritical
536.0	209.25	220.99	0.0045251	583.95	678.63	2.1994	0.89294	1.2832	366.77	0.17451	3.0145e-05	0.045163	supercritical
536.0	212.5	224.46	0.0044552	583.24	677.91	2.1953	0.89349	1.2867	367.47	0.17285	3.0261e-05	0.045354	supercritical
536.0	215.75	227.92	0.0043875	582.53	677.19	2.1913	0.89403	1.2901	368.19	0.17119	3.0377e-05	0.045546	supercritical
536.0	219.0	231.38	0.0043219	581.82	676.47	2.1873	0.89457	1.2936	368.92	0.16953	3.0495e-05	0.04574	supercritical
536.0	222.25	234.83	0.0042584	581.12	675.76	2.1834	0.8951	1.297	369.67	0.16787	3.0614e-05	0.045935	supercritical
536.0	225.5	238.27	0.0041969	580.42	675.06	2.1795	0.89562	1.3003	370.43	0.16622	3.0735e-05	0.046131	supercritical
536.0	228.75	241.71	0.0041373	579.72	674.36	2.1757	0.89614	1.3037	371.21	0.16457	3.0857e-05	0.046329	supercritical
536.0	232.0	245.13	0.0040794	579.02	673.66	2.1719	0.89665	1.3069	372.0	0.16292	3.098e-05	0.046527	supercritical
536.0	235.25	248.55	0.0040233	578.33	672.97	2.1681	0.89716	1.3102	372.81	0.16127	3.1104e-05	0.046728	supercritical
536.0	238.5	251.96	0.0039688	577.63	672.29	2.1644	0.89766	1.3134	373.63	0.15963	3.123e-05	0.046929	supercritical
536.0	241.75	255.36	0.003916	576.94	671.61	2.1608	0.89816	1.3166	374.47	0.15799	3.1357e-05	0.047131	supercritical
536.0	245.0	258.76	0.0038646	576.26	670.94	2.1572	0.89865	1.3197	375.32	0.15635	3.1485e-05	0.047335	supercritical
536.0	248.25	262.14	0.0038147	575.57	670.27	2.1536	0.89914	1.3228	376.18	0.15472	3.1614e-05	0.04754	supercritical
536.0	251.5	265.51	0.0037663	574.89	669.61	2.15	0.89962	1.3259	377.06	0.1531	3.1745e-05	0.047745	supercritical
536.0	254.75	268.88	0.0037192	574.21	668.95	2.1466	0.90009	1.3289	377.96	0.15148	3.1877e-05	0.047952	supercritical
536.0	258.0	272.23	0.0036733	573.53	668.3	2.1431	0.90056	1.3319	378.86	0.14986	3.201e-05	0.04816	supercritical
536.0	261.25	275.58	0.0036288	572.85	667.65	2.1397	0.90103	1.3348	379.79	0.14826	3.2144e-05	0.048369	supercritical
536.0	264.5	278.91	0.0035854	572.18	667.01	2.1363	0.90149	1.3377	380.72	0.14666	3.2279e-05	0.048578	supercritical
536.0	267.75	282.23	0.0035432	571.51	666.38	2.1329	0.90194	1.3406	381.67	0.14507	3.2415e-05	0.048789	supercritical
536.0	271.0	285.54	0.0035021	570.84	665.75	2.1296	0.90239	1.3434	382.63	0.14348	3.2553e-05	0.049001	supercritical
536.0	274.25	288.84	0.0034621	570.18	665.13	2.1264	0.90283	1.3462	383.6	0.1419	3.2692e-05	0.049213	supercritical
536.0	277.5	292.13	0.0034232	569.51	664.51	2.1231	0.90327	1.3489	384.59	0.14033	3.2831e-05	0.049426	supercritical
536.0	280.75	295.4	0.0033852	568.86	663.9	2.1199	0.9037	1.3516	385.59	0.13877	3.2972e-05	0.04964	supercritical
536.0	284.0	298.67	0.0033482	568.2	663.29	2.1167	0.90412	1.3543	386.6	0.13722	3.3114e-05	0.049854	supercritical
536.0	287.25	301.92	0.0033122	567.55	662.69	2.1136	0.90455	1.3569	387.63	0.13568	3.3257e-05	0.05007	supercritical
536.0	290.5	305.15	0.003277	566.89	662.09	2.1105	0.90496	1.3595	388.66	0.13414	3.3401e-05	0.050285	supercritical
536.0	293.75	308.38	0.0032428	566.25	661.5	2.1074	0.90537	1.362	389.71	0.13262	3.3546e-05	0.050502	supercritical
536.0	297.0	311.59	0.0032093	565.6	660.92	2.1044	0.90578	1.3645	390.77	0.1311	3.3692e-05	0.050719	supercritical
536.0	300.25	314.79	0.0031767	564.96	660.34	2.1014	0.90618	1.3669	391.84	0.1296	3.3839e-05	0.050937	supercritical
536.0	303.5	317.98	0.0031449	564.32	659.77	2.0984	0.90658	1.3694	392.93	0.1281	3.3987e-05	0.051155	supercritical
536.0	306.75	321.15	0.0031138	563.68	659.2	2.0954	0.90697	1.3717	394.02	0.12662	3.4136e-05	0.051373	supercritical
536.0	310.0	324.31	0.0030835	563.05	658.64	2.0925	0.90736	1.3741	395.13	0.12514	3.4286e-05	0.051592	supercritical
536.0	313.25	327.46	0.0030538	562.42	658.08	2.0896	0.90774	1.3763	396.24	0.12368	3.4437e-05	0.051812	supercritical
536.0	316.5	330.59	0.0030249	561.79	657.53	2.0867	0.90812	1.3786	397.37	0.12223	3.4589e-05	0.052032	supercritical
536.0	319.75	333.71	0.0029967	561.17	656.99	2.0839	0.90849	1.3808	398.5	0.12079	3.4742e-05	0.052252	supercritical
536.0	323.0	336.81	0.002969	560.55	656.45	2.0811	0.90886	1.383	399.65	0.11936	3.4895e-05	0.052472	supercritical
536.0	326.25	339.9	0.0029421	559.93	655.91	2.0783	0.90922	1.3851	400.8	0.11794	3.5049e-05	0.052693	supercritical
536.0	329.5	342.97	0.0029157	559.31	655.38	2.0755	0.90958	1.3872	401.97	0.11653	3.5205e-05	0.052914	supercritical
536.0	332.75	346.03	0.0028899	558.7	654.86	2.0728	0.90994	1.3892	403.14	0.11514	3.5361e-05	0.053135	supercritical
536.0	336.0	349.08	0.0028647	558.09	654.35	2.0701	0.91029	1.3913	404.33	0.11375	3.5517e-05	0.053357	supercritical
536.0	339.25	352.11	0.00284	557.49	653.83	2.0674	0.91064	1.3932	405.52	0.11238	3.5675e-05	0.053579	supercritical
536.0	342.5	355.13	0.0028159	556.88	653.33	2.0647	0.91098	1.3952	406.72	0.11102	3.5833e-05	0.0538	supercritical
536.0	345.75	358.13	0.0027923	556.28	652.83	2.0621	0.91132	1.3971	407.93	0.10967	3.5992e-05	0.054022	supercritical
536.0	349.0	361.11	0.0027692	555.69	652.33	2.0595	0.91165	1.3989	409.15	0.10834	3.6152e-05	0.054244	supercritical
536.0	352.25	364.09	0.0027466	555.09	651.84	2.0569	0.91198	1.4007	410.37	0.10701	3.6312e-05	0.054466	supercritical
536.0	355.5	367.04	0.0027245	554.5	651.36	2.0543	0.91231	1.4025	411.61	0.1057	3.6474e-05	0.054688	supercritical
536.0	358.75	369.98	0.0027028	553.91	650.88	2.0518	0.91263	1.4043	412.85	0.1044	3.6636e-05	0.05491	supercritical
536.0	362.0	372.91	0.0026816	553.33	650.4	2.0493	0.91295	1.406	414.1	0.10311	3.6798e-05	0.055132	supercritical
536.0	365.25	375.82	0.0026608	552.75	649.94	2.0468	0.91326	1.4077	415.35	0.10183	3.6961e-05	0.055354	supercritical
536.0	368.5	378.72	0.0026405	552.17	649.47	2.0443	0.91357	1.4093	416.62	0.10057	3.7125e-05	0.055576	supercritical
536.0	371.75	381.6	0.0026206	551.6	649.01	2.0419	0.91388	1.4109	417.89	0.099318	3.7289e-05	0.055798	supercritical
536.0	375.0	384.46	0.002601	551.02	648.56	2.0394	0.91418	1.4125	419.16	0.098078	3.7454e-05	0.056019	supercritical
536.0	378.25	387.31	0.0025819	550.45	648.11	2.037	0.91448	1.4141	420.45	0.09685	3.762e-05	0.056241	supercritical
536.0	381.5	390.15	0.0025631	549.89	647.67	2.0346	0.91478	1.4156	421.74	0.095634	3.7786e-05	0.056462	supercritical
536.0	384.75	392.97	0.0025447	549.33	647.23	2.0323	0.91507	1.417	423.04	0.094429	3.7953e-05	0.056683	supercritical
536.0	388.0	395.77	0.0025267	548.77	646.8	2.0299	0.91536	1.4185	424.34	0.093237	3.812e-05	0.056904	supercritical
536.0	391.25	398.56	0.002509	548.21	646.37	2.0276	0.91565	1.4199	425.65	0.092056	3.8288e-05	0.057125	supercritical
536.0	394.5	401.34	0.0024917	547.66	645.95	2.0253	0.91593	1.4213	426.96	0.090887	3.8456e-05	0.057346	supercritical
536.0	397.75	404.1	0.0024747	547.11	645.53	2.023	0.91621	1.4226	428.28	0.08973	3.8624e-05	0.057566	supercritical
536.0	401.0	406.84	0.002458	546.56	645.12	2.0208	0.91648	1.4239	429.61	0.088585	3.8794e-05	0.057786	supercritical
536.0	404.25	409.57	0.0024416	546.01	644.71	2.0185	0.91676	1.4252	430.94	0.087451	3.8963e-05	0.058006	supercritical
536.0	407.5	412.28	0.0024255	545.47	644.31	2.0163	0.91703	1.4265	432.27	0.086329	3.9133e-05	0.058225	supercritical
536.0	410.75	414.98	0.0024098	544.93	643.91	2.0141	0.9173	1.4277	433.61	0.085218	3.9304e-05	0.058444	supercritical
536.0	414.0	417.66	0.0023943	544.4	643.52	2.0119	0.91756	1.4289	434.96	0.084118	3.9474e-05	0.058663	supercritical
536.0	417.25	420.33	0.0023791	543.87	643.13	2.0097	0.91782	1.4301	436.31	0.08303	3.9646e-05	0.058881	supercritical
536.0	420.5	422.98	0.0023642	543.34	642.75	2.0076	0.91808	1.4312	437.66	0.081952	3.9817e-05	0.0591	supercritical
536.0	423.75	425.62	0.0023495	542.81	642.37	2.0054	0.91834	1.4323	439.02	0.080886	3.9989e-05	0.059317	supercritical
536.0	427.0	428.24	0.0023351	542.29	642.0	2.0033	0.91859	1.4334	440.38	0.079831	4.0161e-05	0.059535	supercritical
536.0	430.25	430.85	0.002321	541.77	641.63	2.0012	0.91884	1.4344	441.75	0.078787	4.0334e-05	0.059751	supercritical
536.0	433.5	433.44	0.0023071	541.25	641.26	1.9991	0.91909	1.4355	443.12	0.077753	4.0507e-05	0.059968	supercritical
536.0	436.75	436.02	0.0022935	540.73	640.9	1.9971	0.91933	1.4365	444.5	0.076731	4.068e-05	0.060184	supercritical
536.0	440.0	438.58	0.0022801	540.22	640.55	1.995	0.91957	1.4375	445.87	0.075719	4.0854e-05	0.0604	supercritical
536.0	443.25	441.13	0.0022669	539.71	640.19	1.993	0.91981	1.4384	447.26	0.074717	4.1028e-05	0.060615	supercritical
536.0	446.5	443.66	0.002254	539.21	639.85	1.991	0.92005	1.4393	448.64	0.073726	4.1202e-05	0.06083	supercritical
536.0	449.75	446.18	0.0022412	538.7	639.5	1.989	0.92029	1.4402	450.03	0.072745	4.1376e-05	0.061044	supercritical
536.0	453.0	448.69	0.0022287	538.2	639.17	1.987	0.92052	1.4411	451.42	0.071775	4.1551e-05	0.061258	supercritical
536.0	456.25	451.18	0.0022164	537.71	638.83	1.985	0.92075	1.4419	452.82	0.070814	4.1726e-05	0.061471	supercritical
536.0	459.5	453.65	0.0022043	537.21	638.5	1.983	0.92098	1.4428	454.22	0.069864	4.1901e-05	0.061684	supercritical
536.0	462.75	456.11	0.0021924	536.72	638.18	1.9811	0.92121	1.4436	455.62	0.068923	4.2076e-05	0.061896	supercritical
536.0	466.0	458.56	0.0021807	536.23	637.86	1.9792	0.92143	1.4443	457.02	0.067992	4.2252e-05	0.062108	supercritical
536.0	469.25	460.99	0.0021692	535.75	637.54	1.9773	0.92165	1.4451	458.43	0.067071	4.2427e-05	0.062319	supercritical
536.0	472.5	463.41	0.0021579	535.26	637.23	1.9754	0.92187	1.4458	459.84	0.06616	4.2603e-05	0.06253	supercritical
536.0	475.75	465.81	0.0021468	534.78	636.92	1.9735	0.92209	1.4465	461.25	0.065258	4.2779e-05	0.062741	supercritical
536.0	479.0	468.2	0.0021358	534.31	636.61	1.9716	0.92231	1.4472	462.66	0.064366	4.2955e-05	0.06295	supercritical
536.0	482.25	470.58	0.0021251	533.83	636.31	1.9698	0.92252	1.4479	464.08	0.063483	4.3132e-05	0.06316	supercritical
536.0	485.5	472.94	0.0021144	533.36	636.01	1.9679	0.92273	1.4485	465.5	0.062609	4.3308e-05	0.063368	supercritical
536.0	488.75	475.29	0.002104	532.89	635.72	1.9661	0.92294	1.4492	466.92	0.061744	4.3485e-05	0.063577	supercritical
536.0	492.0	477.62	0.0020937	532.42	635.43	1.9643	0.92315	1.4498	468.34	0.060888	4.3662e-05	0.063784	supercritical
536.0	495.25	479.94	0.0020836	531.96	635.15	1.9625	0.92336	1.4504	469.77	0.060041	4.3838e-05	0.063991	supercritical
536.0	498.5	482.25	0.0020736	531.5	634.87	1.9607	0.92356	1.4509	471.19	0.059203	4.4015e-05	0.064198	supercritical
536.0	501.75	484.54	0.0020638	531.04	634.59	1.9589	0.92377	1.4515	472.62	0.058374	4.4192e-05	0.064404	supercritical
536.0	505.0	486.82	0.0020542	530.58	634.32	1.9572	0.92397	1.452	474.05	0.057554	4.4369e-05	0.064609	supercritical
536.0	508.25	489.08	0.0020446	530.13	634.05	1.9554	0.92417	1.4525	475.48	0.056742	4.4546e-05	0.064814	supercritical
536.0	511.5	491.34	0.0020353	529.68	633.78	1.9537	0.92437	1.453	476.91	0.055938	4.4724e-05	0.065018	supercritical
536.0	514.75	493.58	0.002026	529.23	633.52	1.952	0.92457	1.4535	478.35	0.055143	4.4901e-05	0.065222	supercritical
536.0	518.0	495.8	0.0020169	528.78	633.26	1.9503	0.92476	1.4539	479.78	0.054357	4.5078e-05	0.065425	supercritical
536.0	521.25	498.02	0.002008	528.34	633.0	1.9486	0.92495	1.4544	481.22	0.053578	4.5256e-05	0.065628	supercritical
536.0	524.5	500.22	0.0019991	527.9	632.75	1.9469	0.92515	1.4548	482.66	0.052808	4.5433e-05	0.06583	supercritical
536.0	527.75	502.4	0.0019904	527.46	632.5	1.9452	0.92534	1.4552	484.09	0.052045	4.561e-05	0.066031	supercritical
536.0	531.0	504.58	0.0019819	527.02	632.26	1.9436	0.92553	1.4556	485.53	0.051291	4.5788e-05	0.066232	supercritical
536.0	534.25	506.74	0.0019734	526.59	632.02	1.9419	0.92572	1.4559	486.97	0.050544	4.5965e-05	0.066432	supercritical
536.0	537.5	508.89	0.0019651	526.16	631.78	1.9403	0.9259	1.4563	488.41	0.049806	4.6143e-05	0.066632	supercritical
536.0	540.75	511.03	0.0019568	525.73	631.55	1.9386	0.92609	1.4566	489.85	0.049075	4.632e-05	0.066831	supercritical
536.0	544.0	513.15	0.0019487	525.31	631.32	1.937	0.92628	1.457	491.3	0.048351	4.6497e-05	0.06703	supercritical
536.0	547.25	515.26	0.0019408	524.88	631.09	1.9354	0.92646	1.4573	492.74	0.047636	4.6675e-05	0.067228	supercritical
536.0	550.5	517.36	0.0019329	524.46	630.87	1.9338	0.92664	1.4576	494.18	0.046927	4.6852e-05	0.067425	supercritical
536.0	553.75	519.45	0.0019251	524.04	630.65	1.9323	0.92682	1.4579	495.63	0.046227	4.7029e-05	0.067622	supercritical
536.0	557.0	521.52	0.0019175	523.63	630.43	1.9307	0.927	1.4581	497.07	0.045533	4.7207e-05	0.067818	supercritical
536.0	560.25	523.59	0.0019099	523.21	630.21	1.9291	0.92718	1.4584	498.51	0.044847	4.7384e-05	0.068014	supercritical
536.0	563.5	525.64	0.0019025	522.8	630.0	1.9276	0.92736	1.4586	499.96	0.044168	4.7561e-05	0.068209	supercritical
536.0	566.75	527.68	0.0018951	522.39	629.79	1.926	0.92754	1.4589	501.4	0.043496	4.7738e-05	0.068404	supercritical
536.0	570.0	529.7	0.0018878	521.98	629.59	1.9245	0.92771	1.4591	502.85	0.042831	4.7915e-05	0.068598	supercritical
536.0	573.25	531.72	0.0018807	521.58	629.39	1.923	0.92789	1.4593	504.29	0.042173	4.8092e-05	0.068791	supercritical
536.0	576.5	533.72	0.0018736	521.18	629.19	1.9215	0.92806	1.4595	505.73	0.041522	4.8269e-05	0.068984	supercritical
536.0	579.75	535.72	0.0018667	520.78	628.99	1.92	0.92823	1.4597	507.18	0.040878	4.8446e-05	0.069176	supercritical
536.0	583.0	537.7	0.0018598	520.38	628.8	1.9185	0.9284	1.4599	508.62	0.04024	4.8623e-05	0.069368	supercritical
536.0	586.25	539.67	0.001853	519.98	628.61	1.917	0.92858	1.46	510.06	0.039609	4.8799e-05	0.069559	supercritical
536.0	589.5	541.63	0.0018463	519.59	628.43	1.9155	0.92875	1.4602	511.51	0.038985	4.8976e-05	0.06975	supercritical
536.0	592.75	543.57	0.0018397	519.2	628.24	1.9141	0.92891	1.4603	512.95	0.038367	4.9153e-05	0.06994	supercritical
536.0	596.0	545.51	0.0018331	518.81	628.06	1.9126	0.92908	1.4605	514.39	0.037756	4.9329e-05	0.070129	supercritical
536.0	599.25	547.43	0.0018267	518.42	627.88	1.9112	0.92925	1.4606	515.83	0.037151	4.9505e-05	0.070318	supercritical
536.0	602.5	549.35	0.0018203	518.03	627.71	1.9098	0.92942	1.4607	517.27	0.036553	4.9681e-05	0.070506	supercritical
536.0	605.75	551.25	0.001814	517.65	627.54	1.9083	0.92958	1.4608	518.71	0.03596	4.9857e-05	0.070694	supercritical
536.0	609.0	553.15	0.0018078	517.27	627.37	1.9069	0.92975	1.4609	520.15	0.035374	5.0033e-05	0.070882	supercritical
536.0	612.25	555.03	0.0018017	516.89	627.2	1.9055	0.92991	1.461	521.59	0.034794	5.0209e-05	0.071068	supercritical
536.0	615.5	556.9	0.0017957	516.52	627.04	1.9041	0.93008	1.4611	523.03	0.03422	5.0385e-05	0.071255	supercritical
536.0	618.75	558.76	0.0017897	516.14	626.88	1.9027	0.93024	1.4612	524.47	0.033653	5.056e-05	0.07144	supercritical
536.0	622.0	560.61	0.0017838	515.77	626.72	1.9014	0.9304	1.4612	525.9	0.033091	5.0736e-05	0.071625	supercritical
536.0	625.25	562.45	0.0017779	515.4	626.56	1.9	0.93056	1.4613	527.34	0.032534	5.0911e-05	0.07181	supercritical
536.0	628.5	564.28	0.0017722	515.03	626.41	1.8986	0.93072	1.4613	528.77	0.031984	5.1086e-05	0.071994	supercritical
536.0	631.75	566.1	0.0017665	514.66	626.26	1.8973	0.93088	1.4614	530.21	0.03144	5.1261e-05	0.072178	supercritical
536.0	635.0	567.91	0.0017608	514.3	626.11	1.8959	0.93104	1.4614	531.64	0.030901	5.1436e-05	0.072361	supercritical
536.0	638.25	569.71	0.0017553	513.93	625.96	1.8946	0.9312	1.4614	533.07	0.030367	5.1611e-05	0.072543	supercritical
536.0	641.5	571.5	0.0017498	513.57	625.82	1.8933	0.93136	1.4614	534.5	0.02984	5.1786e-05	0.072725	supercritical
536.0	644.75	573.28	0.0017443	513.21	625.68	1.8919	0.93152	1.4615	535.93	0.029317	5.196e-05	0.072907	supercritical
536.0	648.0	575.05	0.001739	512.86	625.54	1.8906	0.93167	1.4615	537.36	0.0288	5.2134e-05	0.073088	supercritical
536.0	651.25	576.81	0.0017337	512.5	625.41	1.8893	0.93183	1.4615	538.78	0.028289	5.2309e-05	0.073268	supercritical
536.0	654.5	578.56	0.0017284	512.15	625.27	1.888	0.93199	1.4615	540.21	0.027783	5.2483e-05	0.073448	supercritical
536.0	657.75	580.31	0.0017232	511.8	625.14	1.8867	0.93214	1.4615	541.63	0.027282	5.2656e-05	0.073627	supercritical
536.0	661.0	582.04	0.0017181	511.45	625.02	1.8854	0.9323	1.4614	543.05	0.026786	5.283e-05	0.073806	supercritical
536.0	664.25	583.76	0.001713	511.1	624.89	1.8842	0.93245	1.4614	544.48	0.026295	5.3004e-05	0.073985	supercritical
536.0	667.5	585.47	0.001708	510.76	624.77	1.8829	0.9326	1.4614	545.9	0.025809	5.3177e-05	0.074163	supercritical
536.0	670.75	587.18	0.0017031	510.41	624.64	1.8816	0.93276	1.4614	547.31	0.025329	5.335e-05	0.07434	supercritical
536.0	674.0	588.87	0.0016982	510.07	624.53	1.8804	0.93291	1.4613	548.73	0.024853	5.3523e-05	0.074517	supercritical
536.0	677.25	590.56	0.0016933	509.73	624.41	1.8791	0.93306	1.4613	550.15	0.024382	5.3696e-05	0.074694	supercritical
536.0	680.5	592.24	0.0016885	509.39	624.29	1.8779	0.93321	1.4613	551.56	0.023916	5.3869e-05	0.07487	supercritical
536.0	683.75	593.91	0.0016838	509.05	624.18	1.8767	0.93337	1.4612	552.97	0.023454	5.4041e-05	0.075046	supercritical
536.0	687.0	595.57	0.0016791	508.72	624.07	1.8754	0.93352	1.4612	554.38	0.022998	5.4213e-05	0.075221	supercritical
536.0	690.25	597.22	0.0016744	508.38	623.96	1.8742	0.93367	1.4611	555.79	0.022546	5.4385e-05	0.075395	supercritical
536.0	693.5	598.86	0.0016698	508.05	623.86	1.873	0.93382	1.461	557.2	0.022098	5.4557e-05	0.07557	supercritical
536.0	696.75	600.49	0.0016653	507.72	623.75	1.8718	0.93397	1.461	558.6	0.021655	5.4729e-05	0.075743	supercritical
536.0	700.0	602.12	0.0016608	507.39	623.65	1.8706	0.93412	1.4609	560.01	0.021217	5.4901e-05	0.075917	supercritical
536.0	703.25	603.73	0.0016564	507.07	623.55	1.8694	0.93427	1.4608	561.41	0.020783	5.5072e-05	0.07609	supercritical
536.0	706.5	605.34	0.001652	506.74	623.45	1.8682	0.93441	1.4608	562.81	0.020353	5.5243e-05	0.076262	supercritical
536.0	709.75	606.94	0.0016476	506.42	623.36	1.8671	0.93456	1.4607	564.21	0.019927	5.5415e-05	0.076434	supercritical
536.0	713.0	608.53	0.0016433	506.1	623.26	1.8659	0.93471	1.4606	565.61	0.019506	5.5585e-05	0.076605	supercritical
536.0	716.25	610.12	0.001639	505.78	623.17	1.8647	0.93486	1.4605	567.0	0.019089	5.5756e-05	0.076777	supercritical
536.0	719.5	611.69	0.0016348	505.46	623.08	1.8636	0.935	1.4604	568.4	0.018676	5.5927e-05	0.076947	supercritical
536.0	722.75	613.26	0.0016306	505.14	623.0	1.8624	0.93515	1.4603	569.79	0.018268	5.6097e-05	0.077117	supercritical
536.0	726.0	614.82	0.0016265	504.83	622.91	1.8613	0.9353	1.4602	571.18	0.017863	5.6267e-05	0.077287	supercritical
536.0	729.25	616.37	0.0016224	504.51	622.83	1.8601	0.93544	1.4601	572.57	0.017462	5.6437e-05	0.077457	supercritical
536.0	732.5	617.91	0.0016184	504.2	622.74	1.859	0.93559	1.46	573.96	0.017065	5.6607e-05	0.077626	supercritical
536.0	735.75	619.45	0.0016143	503.89	622.66	1.8578	0.93574	1.4599	575.34	0.016672	5.6776e-05	0.077794	supercritical
536.0	739.0	620.98	0.0016104	503.58	622.59	1.8567	0.93588	1.4598	576.72	0.016283	5.6946e-05	0.077962	supercritical
536.0	742.25	622.5	0.0016064	503.27	622.51	1.8556	0.93603	1.4597	578.11	0.015898	5.7115e-05	0.07813	supercritical
536.0	745.5	624.01	0.0016025	502.97	622.43	1.8545	0.93617	1.4596	579.48	0.015516	5.7284e-05	0.078297	supercritical
536.0	748.75	625.51	0.0015987	502.66	622.36	1.8534	0.93631	1.4595	580.86	0.015138	5.7452e-05	0.078464	supercritical
536.0	752.0	627.01	0.0015949	502.36	622.29	1.8523	0.93646	1.4594	582.24	0.014764	5.7621e-05	0.078631	supercritical
536.0	755.25	628.5	0.0015911	502.06	622.22	1.8512	0.9366	1.4592	583.61	0.014393	5.7789e-05	0.078797	supercritical
536.0	758.5	629.99	0.0015873	501.76	622.15	1.8501	0.93675	1.4591	584.99	0.014026	5.7958e-05	0.078963	supercritical
536.0	761.75	631.46	0.0015836	501.46	622.09	1.849	0.93689	1.459	586.36	0.013662	5.8126e-05	0.079128	supercritical
536.0	765.0	632.93	0.00158	501.16	622.03	1.8479	0.93703	1.4589	587.72	0.013302	5.8293e-05	0.079293	supercritical
536.0	768.25	634.39	0.0015763	500.86	621.96	1.8469	0.93718	1.4588	589.09	0.012945	5.8461e-05	0.079458	supercritical
536.0	771.5	635.85	0.0015727	500.57	621.9	1.8458	0.93732	1.4586	590.46	0.012591	5.8628e-05	0.079622	supercritical
536.0	774.75	637.29	0.0015691	500.27	621.84	1.8447	0.93746	1.4585	591.82	0.012241	5.8796e-05	0.079786	supercritical
536.0	778.0	638.73	0.0015656	499.98	621.79	1.8437	0.9376	1.4584	593.18	0.011894	5.8963e-05	0.079949	supercritical
536.0	781.25	640.17	0.0015621	499.69	621.73	1.8426	0.93774	1.4582	594.54	0.011551	5.9129e-05	0.080112	supercritical
536.0	784.5	641.59	0.0015586	499.4	621.68	1.8416	0.93789	1.4581	595.9	0.01121	5.9296e-05	0.080275	supercritical
536.0	787.75	643.01	0.0015552	499.12	621.62	1.8405	0.93803	1.4579	597.25	0.010873	5.9462e-05	0.080437	supercritical
536.0	791.0	644.42	0.0015518	498.83	621.57	1.8395	0.93817	1.4578	598.61	0.010539	5.9629e-05	0.080599	supercritical
536.0	794.25	645.83	0.0015484	498.54	621.52	1.8385	0.93831	1.4577	599.96	0.010208	5.9795e-05	0.080761	supercritical
536.0	797.5	647.23	0.001545	498.26	621.48	1.8374	0.93845	1.4575	601.31	0.0098795	5.9961e-05	0.080922	supercritical
536.0	800.75	648.62	0.0015417	497.98	621.43	1.8364	0.93859	1.4574	602.66	0.0095544	6.0126e-05	0.081083	supercritical
536.0	804.0	650.01	0.0015384	497.7	621.39	1.8354	0.93873	1.4572	604.0	0.0092323	6.0292e-05	0.081244	supercritical
536.0	807.25	651.39	0.0015352	497.42	621.34	1.8344	0.93887	1.4571	605.35	0.0089131	6.0457e-05	0.081404	supercritical
536.0	810.5	652.76	0.001532	497.14	621.3	1.8334	0.93901	1.4569	606.69	0.0085967	6.0622e-05	0.081564	supercritical
536.0	813.75	654.13	0.0015288	496.86	621.26	1.8324	0.93915	1.4568	608.03	0.0082833	6.0787e-05	0.081724	supercritical
536.0	817.0	655.49	0.0015256	496.58	621.22	1.8314	0.93929	1.4566	609.37	0.0079726	6.0951e-05	0.081883	supercritical
536.0	820.25	656.84	0.0015224	496.31	621.19	1.8304	0.93943	1.4565	610.71	0.0076647	6.1116e-05	0.082042	supercritical
536.0	823.5	658.19	0.0015193	496.04	621.15	1.8294	0.93957	1.4563	612.04	0.0073595	6.128e-05	0.0822	supercritical
536.0	826.75	659.53	0.0015162	495.76	621.12	1.8284	0.93971	1.4562	613.38	0.0070571	6.1444e-05	0.082359	supercritical
536.0	830.0	660.87	0.0015132	495.49	621.08	1.8274	0.93985	1.456	614.71	0.0067573	6.1608e-05	0.082517	supercritical
536.0	833.25	662.2	0.0015101	495.22	621.05	1.8265	0.93999	1.4559	616.04	0.0064602	6.1772e-05	0.082674	supercritical
536.0	836.5	663.52	0.0015071	494.95	621.02	1.8255	0.94013	1.4557	617.37	0.0061657	6.1935e-05	0.082832	supercritical
536.0	839.75	664.84	0.0015041	494.69	620.99	1.8245	0.94027	1.4555	618.69	0.0058737	6.2098e-05	0.082989	supercritical
536.0	843.0	666.15	0.0015012	494.42	620.97	1.8236	0.9404	1.4554	620.02	0.0055843	6.2261e-05	0.083145	supercritical
536.0	846.25	667.45	0.0014982	494.15	620.94	1.8226	0.94054	1.4552	621.34	0.0052974	6.2424e-05	0.083302	supercritical
536.0	849.5	668.75	0.0014953	493.89	620.92	1.8217	0.94068	1.455	622.66	0.005013	6.2587e-05	0.083458	supercritical
536.0	852.75	670.05	0.0014924	493.63	620.89	1.8207	0.94082	1.4549	623.98	0.0047311	6.2749e-05	0.083614	supercritical
536.0	856.0	671.34	0.0014896	493.37	620.87	1.8198	0.94096	1.4547	625.29	0.0044516	6.2911e-05	0.083769	supercritical
536.0	859.25	672.62	0.0014867	493.11	620.85	1.8188	0.94109	1.4545	626.61	0.0041745	6.3074e-05	0.083924	supercritical
536.0	862.5	673.89	0.0014839	492.85	620.83	1.8179	0.94123	1.4544	627.92	0.0038997	6.3235e-05	0.084079	supercritical
536.0	865.75	675.17	0.0014811	492.59	620.82	1.817	0.94137	1.4542	629.23	0.0036273	6.3397e-05	0.084234	supercritical
536.0	869.0	676.43	0.0014783	492.33	620.8	1.816	0.94151	1.454	630.54	0.0033572	6.3559e-05	0.084388	supercritical
536.0	872.25	677.69	0.0014756	492.07	620.78	1.8151	0.94164	1.4539	631.85	0.0030894	6.372e-05	0.084542	supercritical
536.0	875.5	678.94	0.0014729	491.82	620.77	1.8142	0.94178	1.4537	633.15	0.0028238	6.3881e-05	0.084696	supercritical
536.0	878.75	680.19	0.0014702	491.57	620.76	1.8133	0.94192	1.4535	634.46	0.0025605	6.4042e-05	0.084849	supercritical
536.0	882.0	681.44	0.0014675	491.31	620.75	1.8124	0.94206	1.4534	635.76	0.0022994	6.4202e-05	0.085002	supercritical
536.0	885.25	682.67	0.0014648	491.06	620.74	1.8115	0.94219	1.4532	637.06	0.0020404	6.4363e-05	0.085155	supercritical
536.0	888.5	683.91	0.0014622	490.81	620.73	1.8105	0.94233	1.453	638.36	0.0017837	6.4523e-05	0.085308	supercritical
536.0	891.75	685.13	0.0014596	490.56	620.72	1.8096	0.94247	1.4528	639.65	0.001529	6.4683e-05	0.08546	supercritical
536.0	895.0	686.36	0.001457	490.31	620.71	1.8088	0.9426	1.4527	640.95	0.0012765	6.4843e-05	0.085612	supercritical
536.0	898.25	687.57	0.0014544	490.07	620.71	1.8079	0.94274	1.4525	642.24	0.001026	6.5003e-05	0.085764	supercritical
536.0	901.5	688.78	0.0014518	489.82	620.7	1.807	0.94287	1.4523	643.53	0.00077764	6.5162e-05	0.085915	supercritical
536.0	904.75	689.99	0.0014493	489.57	620.7	1.8061	0.94301	1.4521	644.82	0.00053129	6.5322e-05	0.086066	supercritical
536.0	908.0	691.19	0.0014468	489.33	620.7	1.8052	0.94315	1.452	646.1	0.00028695	6.5481e-05	0.086217	supercritical
536.0	911.25	692.39	0.0014443	489.09	620.7	1.8043	0.94328	1.4518	647.39	4.4613e-05	6.564e-05	0.086368	supercritical
536.0	914.5	693.58	0.0014418	488.84	620.7	1.8034	0.94342	1.4516	648.67	-0.00019575	6.5799e-05	0.086519	supercritical
536.0	917.75	694.76	0.0014393	488.6	620.7	1.8026	0.94355	1.4514	649.95	-0.00043417	6.5957e-05	0.086669	supercritical
536.0	921.0	695.94	0.0014369	488.36	620.7	1.8017	0.94369	1.4513	651.23	-0.00067066	6.6115e-05	0.086819	supercritical
536.0	924.25	697.12	0.0014345	488.12	620.7	1.8008	0.94383	1.4511	652.51	-0.00090523	6.6274e-05	0.086968	supercritical
536.0	927.5	698.29	0.0014321	487.89	620.71	1.8	0.94396	1.4509	653.78	-0.0011379	6.6432e-05	0.087118	supercritical
536.0	930.75	699.46	0.0014297	487.65	620.72	1.7991	0.9441	1.4507	655.06	-0.0013687	6.6589e-05	0.087267	supercritical
536.0	934.0	700.62	0.0014273	487.41	620.72	1.7983	0.94423	1.4505	656.33	-0.0015977	6.6747e-05	0.087416	supercritical
536.0	937.25	701.78	0.001425	487.18	620.73	1.7974	0.94437	1.4504	657.6	-0.0018249	6.6904e-05	0.087565	supercritical
536.0	940.5	702.93	0.0014226	486.94	620.74	1.7966	0.9445	1.4502	658.87	-0.0020502	6.7062e-05	0.087713	supercritical
536.0	943.75	704.07	0.0014203	486.71	620.75	1.7957	0.94464	1.45	660.13	-0.0022737	6.7219e-05	0.087861	supercritical
536.0	947.0	705.22	0.001418	486.48	620.76	1.7949	0.94477	1.4498	661.4	-0.0024955	6.7375e-05	0.088009	supercritical
536.0	950.25	706.36	0.0014157	486.24	620.77	1.7941	0.94491	1.4496	662.66	-0.0027155	6.7532e-05	0.088157	supercritical
536.0	953.5	707.49	0.0014135	486.01	620.79	1.7932	0.94504	1.4495	663.92	-0.0029338	6.7689e-05	0.088305	supercritical
536.0	956.75	708.62	0.0014112	485.78	620.8	1.7924	0.94518	1.4493	665.18	-0.0031503	6.7845e-05	0.088452	supercritical
536.0	960.0	709.74	0.001409	485.56	620.82	1.7916	0.94531	1.4491	666.44	-0.0033652	6.8001e-05	0.088599	supercritical
536.0	963.25	710.86	0.0014067	485.33	620.83	1.7908	0.94545	1.4489	667.69	-0.0035784	6.8157e-05	0.088746	supercritical
536.0	966.5	711.98	0.0014045	485.1	620.85	1.7899	0.94558	1.4487	668.94	-0.0037899	6.8312e-05	0.088893	supercritical
536.0	969.75	713.09	0.0014024	484.87	620.87	1.7891	0.94572	1.4485	670.19	-0.0039997	6.8468e-05	0.089039	supercritical
536.0	973.0	714.19	0.0014002	484.65	620.89	1.7883	0.94585	1.4484	671.44	-0.0042079	6.8623e-05	0.089185	supercritical
536.0	976.25	715.29	0.001398	484.43	620.91	1.7875	0.94599	1.4482	672.69	-0.0044145	6.8779e-05	0.089331	supercritical
536.0	979.5	716.39	0.0013959	484.2	620.93	1.7867	0.94612	1.448	673.94	-0.0046195	6.8934e-05	0.089477	supercritical
536.0	982.75	717.48	0.0013938	483.98	620.95	1.7859	0.94625	1.4478	675.18	-0.0048229	6.9088e-05	0.089622	supercritical
536.0	986.0	718.57	0.0013916	483.76	620.97	1.7851	0.94639	1.4476	676.42	-0.0050248	6.9243e-05	0.089768	supercritical
536.0	989.25	719.66	0.0013896	483.54	621.0	1.7843	0.94652	1.4475	677.66	-0.0052251	6.9397e-05	0.089913	supercritical
536.0	992.5	720.74	0.0013875	483.32	621.02	1.7835	0.94666	1.4473	678.9	-0.0054238	6.9552e-05	0.090057	supercritical
536.0	995.75	721.81	0.0013854	483.1	621.05	1.7827	0.94679	1.4471	680.14	-0.0056211	6.9706e-05	0.090202	supercritical
536.0	999.0	722.88	0.0013833	482.88	621.08	1.7819	0.94692	1.4469	681.37	-0.0058168	6.986e-05	0.090347	supercritical
536.0	1002.2	723.95	0.0013813	482.66	621.1	1.7811	0.94706	1.4467	682.6	-0.006011	7.0013e-05	0.090491	supercritical
536.0	1005.5	725.02	0.0013793	482.45	621.13	1.7803	0.94719	1.4465	683.83	-0.0062037	7.0167e-05	0.090635	supercritical
536.0	1008.8	726.08	0.0013773	482.23	621.16	1.7796	0.94733	1.4464	685.06	-0.006395	7.032e-05	0.090779	supercritical
536.0	1012.0	727.13	0.0013753	482.02	621.19	1.7788	0.94746	1.4462	686.29	-0.0065848	7.0473e-05	0.090922	supercritical
536.0	1015.2	728.18	0.0013733	481.8	621.22	1.778	0.94759	1.446	687.51	-0.0067732	7.0626e-05	0.091066	supercritical
536.0	1018.5	729.23	0.0013713	481.59	621.26	1.7772	0.94773	1.4458	688.74	-0.0069601	7.0779e-05	0.091209	supercritical
536.0	1021.8	730.27	0.0013694	481.38	621.29	1.7765	0.94786	1.4456	689.96	-0.0071457	7.0932e-05	0.091352	supercritical
536.0	1025.0	731.31	0.0013674	481.16	621.32	1.7757	0.948	1.4455	691.18	-0.0073298	7.1084e-05	0.091495	supercritical
536.0	1028.2	732.35	0.0013655	480.95	621.36	1.7749	0.94813	1.4453	692.39	-0.0075126	7.1237e-05	0.091638	supercritical
536.0	1031.5	733.38	0.0013636	480.74	621.39	1.7742	0.94826	1.4451	693.61	-0.007694	7.1389e-05	0.09178	supercritical
536.0	1034.8	734.41	0.0013616	480.53	621.43	1.7734	0.9484	1.4449	694.82	-0.007874	7.1541e-05	0.091922	supercritical
536.0	1038.0	735.43	0.0013597	480.33	621.47	1.7727	0.94853	1.4447	696.03	-0.0080526	7.1692e-05	0.092064	supercritical
536.0	1041.2	736.45	0.0013579	480.12	621.51	1.7719	0.94866	1.4446	697.24	-0.00823	7.1844e-05	0.092206	supercritical
536.0	1044.5	737.47	0.001356	479.91	621.55	1.7712	0.9488	1.4444	698.45	-0.008406	7.1996e-05	0.092348	supercritical
536.0	1047.8	738.48	0.0013541	479.71	621.59	1.7704	0.94893	1.4442	699.66	-0.0085807	7.2147e-05	0.09249	supercritical
536.0	1051.0	739.49	0.0013523	479.5	621.63	1.7697	0.94906	1.444	700.86	-0.0087541	7.2298e-05	0.092631	supercritical
536.0	1054.2	740.49	0.0013505	479.3	621.67	1.7689	0.9492	1.4438	702.06	-0.0089262	7.2449e-05	0.092772	supercritical
536.0	1057.5	741.49	0.0013486	479.09	621.71	1.7682	0.94933	1.4437	703.26	-0.0090971	7.26e-05	0.092913	supercritical
536.0	1060.8	742.49	0.0013468	478.89	621.75	1.7674	0.94946	1.4435	704.46	-0.0092667	7.275e-05	0.093054	supercritical
536.0	1064.0	743.48	0.001345	478.69	621.8	1.7667	0.94959	1.4433	705.66	-0.009435	7.2901e-05	0.093195	supercritical
536.0	1067.2	744.47	0.0013432	478.49	621.84	1.766	0.94973	1.4431	706.85	-0.0096021	7.3051e-05	0.093335	supercritical
536.0	1070.5	745.46	0.0013415	478.28	621.89	1.7652	0.94986	1.443	708.05	-0.0097679	7.3201e-05	0.093475	supercritical
536.0	1073.8	746.44	0.0013397	478.08	621.93	1.7645	0.94999	1.4428	709.24	-0.0099326	7.3351e-05	0.093616	supercritical
536.0	1077.0	747.42	0.0013379	477.89	621.98	1.7638	0.95013	1.4426	710.43	-0.010096	7.3501e-05	0.093756	supercritical
536.0	1080.2	748.4	0.0013362	477.69	622.03	1.7631	0.95026	1.4424	711.61	-0.010258	7.365e-05	0.093895	supercritical
536.0	1083.5	749.37	0.0013345	477.49	622.08	1.7624	0.95039	1.4423	712.8	-0.010419	7.38e-05	0.094035	supercritical
536.0	1086.8	750.34	0.0013327	477.29	622.13	1.7616	0.95052	1.4421	713.98	-0.010579	7.3949e-05	0.094174	supercritical
536.0	1090.0	751.31	0.001331	477.09	622.18	1.7609	0.95066	1.4419	715.17	-0.010738	7.4098e-05	0.094314	supercritical
536.0	1093.2	752.27	0.0013293	476.9	622.23	1.7602	0.95079	1.4417	716.34	-0.010895	7.4247e-05	0.094453	supercritical
536.0	1096.5	753.23	0.0013276	476.7	622.28	1.7595	0.95092	1.4416	717.52	-0.011052	7.4396e-05	0.094592	supercritical
536.0	1099.8	754.18	0.0013259	476.51	622.33	1.7588	0.95106	1.4414	718.7	-0.011207	7.4544e-05	0.094731	supercritical
536.0	1103.0	755.13	0.0013243	476.32	622.38	1.7581	0.95119	1.4412	719.87	-0.011361	7.4693e-05	0.094869	supercritical
536.0	1106.2	756.08	0.0013226	476.12	622.44	1.7574	0.95132	1.4411	721.05	-0.011514	7.4841e-05	0.095008	supercritical
536.0	1109.5	757.03	0.001321	475.93	622.49	1.7567	0.95145	1.4409	722.22	-0.011666	7.4989e-05	0.095146	supercritical
536.0	1112.8	757.97	0.0013193	475.74	622.55	1.756	0.95159	1.4407	723.38	-0.011817	7.5137e-05	0.095284	supercritical
536.0	1116.0	758.91	0.0013177	475.55	622.6	1.7553	0.95172	1.4406	724.55	-0.011967	7.5285e-05	0.095422	supercritical
536.0	1119.2	759.84	0.0013161	475.36	622.66	1.7546	0.95185	1.4404	725.72	-0.012116	7.5433e-05	0.09556	supercritical
536.0	1122.5	760.78	0.0013144	475.17	622.71	1.7539	0.95198	1.4402	726.88	-0.012263	7.558e-05	0.095698	supercritical
536.0	1125.8	761.7	0.0013128	474.98	622.77	1.7532	0.95212	1.4401	728.04	-0.01241	7.5728e-05	0.095836	supercritical
536.0	1129.0	762.63	0.0013113	474.79	622.83	1.7525	0.95225	1.4399	729.2	-0.012555	7.5875e-05	0.095973	supercritical
536.0	1132.2	763.55	0.0013097	474.6	622.89	1.7519	0.95238	1.4397	730.36	-0.0127	7.6022e-05	0.09611	supercritical
536.0	1135.5	764.47	0.0013081	474.42	622.95	1.7512	0.95251	1.4396	731.51	-0.012843	7.6169e-05	0.096248	supercritical
536.0	1138.8	765.39	0.0013065	474.23	623.01	1.7505	0.95264	1.4394	732.66	-0.012986	7.6315e-05	0.096385	supercritical
536.0	1142.0	766.3	0.001305	474.04	623.07	1.7498	0.95278	1.4392	733.82	-0.013127	7.6462e-05	0.096521	supercritical
536.0	1145.2	767.21	0.0013034	473.86	623.13	1.7491	0.95291	1.4391	734.97	-0.013267	7.6608e-05	0.096658	supercritical
536.0	1148.5	768.12	0.0013019	473.67	623.2	1.7485	0.95304	1.4389	736.11	-0.013407	7.6755e-05	0.096795	supercritical
536.0	1151.8	769.02	0.0013004	473.49	623.26	1.7478	0.95317	1.4387	737.26	-0.013545	7.6901e-05	0.096931	supercritical
536.0	1155.0	769.92	0.0012988	473.31	623.32	1.7471	0.95331	1.4386	738.4	-0.013683	7.7047e-05	0.097067	supercritical
536.0	1158.2	770.82	0.0012973	473.12	623.39	1.7465	0.95344	1.4384	739.55	-0.013819	7.7193e-05	0.097204	supercritical
536.0	1161.5	771.72	0.0012958	472.94	623.45	1.7458	0.95357	1.4382	740.69	-0.013955	7.7338e-05	0.09734	supercritical
536.0	1164.8	772.61	0.0012943	472.76	623.52	1.7451	0.9537	1.4381	741.83	-0.014089	7.7484e-05	0.097476	supercritical
536.0	1168.0	773.5	0.0012928	472.58	623.58	1.7445	0.95383	1.4379	742.96	-0.014223	7.7629e-05	0.097611	supercritical
536.0	1171.2	774.38	0.0012913	472.4	623.65	1.7438	0.95397	1.4378	744.1	-0.014356	7.7775e-05	0.097747	supercritical
536.0	1174.5	775.27	0.0012899	472.22	623.72	1.7432	0.9541	1.4376	745.23	-0.014487	7.792e-05	0.097882	supercritical
536.0	1177.8	776.15	0.0012884	472.04	623.79	1.7425	0.95423	1.4375	746.36	-0.014618	7.8065e-05	0.098018	supercritical
536.0	1181.0	777.03	0.001287	471.86	623.85	1.7418	0.95436	1.4373	747.49	-0.014748	7.8209e-05	0.098153	supercritical
536.0	1184.2	777.9	0.0012855	471.69	623.92	1.7412	0.95449	1.4371	748.62	-0.014877	7.8354e-05	0.098288	supercritical
536.0	1187.5	778.77	0.0012841	471.51	623.99	1.7405	0.95462	1.437	749.75	-0.015005	7.8499e-05	0.098423	supercritical
536.0	1190.8	779.64	0.0012826	471.33	624.06	1.7399	0.95476	1.4368	750.87	-0.015133	7.8643e-05	0.098558	supercritical
536.0	1194.0	780.51	0.0012812	471.16	624.13	1.7393	0.95489	1.4367	751.99	-0.015259	7.8787e-05	0.098693	supercritical
536.0	1197.2	781.37	0.0012798	470.98	624.21	1.7386	0.95502	1.4365	753.11	-0.015385	7.8931e-05	0.098827	supercritical
536.0	1200.5	782.23	0.0012784	470.81	624.28	1.738	0.95515	1.4364	754.23	-0.015509	7.9075e-05	0.098962	supercritical
536.0	1203.8	783.09	0.001277	470.63	624.35	1.7373	0.95528	1.4362	755.35	-0.015633	7.9219e-05	0.099096	supercritical
536.0	1207.0	783.94	0.0012756	470.46	624.42	1.7367	0.95542	1.4361	756.46	-0.015756	7.9363e-05	0.09923	supercritical
536.0	1210.2	784.8	0.0012742	470.29	624.5	1.7361	0.95555	1.4359	757.58	-0.015878	7.9506e-05	0.099364	supercritical
536.0	1213.5	785.65	0.0012728	470.11	624.57	1.7354	0.95568	1.4358	758.69	-0.015999	7.965e-05	0.099498	supercritical
536.0	1216.8	786.49	0.0012715	469.94	624.65	1.7348	0.95581	1.4356	759.8	-0.01612	7.9793e-05	0.099632	supercritical
536.0	1220.0	787.34	0.0012701	469.77	624.72	1.7342	0.95594	1.4355	760.91	-0.016239	7.9936e-05	0.099766	supercritical
536.0	1223.2	788.18	0.0012687	469.6	624.8	1.7335	0.95607	1.4353	762.01	-0.016358	8.0079e-05	0.0999	supercritical
536.0	1226.5	789.02	0.0012674	469.43	624.87	1.7329	0.9562	1.4352	763.12	-0.016476	8.0222e-05	0.10003	supercritical
536.0	1229.8	789.85	0.0012661	469.26	624.95	1.7323	0.95634	1.435	764.22	-0.016593	8.0365e-05	0.10017	supercritical
536.0	1233.0	790.69	0.0012647	469.09	625.03	1.7317	0.95647	1.4349	765.32	-0.01671	8.0507e-05	0.1003	supercritical
536.0	1236.2	791.52	0.0012634	468.92	625.11	1.731	0.9566	1.4347	766.42	-0.016825	8.065e-05	0.10043	supercritical
536.0	1239.5	792.35	0.0012621	468.75	625.19	1.7304	0.95673	1.4346	767.52	-0.01694	8.0792e-05	0.10057	supercritical
536.0	1242.8	793.17	0.0012608	468.58	625.27	1.7298	0.95686	1.4344	768.61	-0.017054	8.0934e-05	0.1007	supercritical
536.0	1246.0	794.0	0.0012595	468.42	625.35	1.7292	0.95699	1.4343	769.7	-0.017168	8.1076e-05	0.10083	supercritical
536.0	1249.2	794.82	0.0012582	468.25	625.43	1.7286	0.95712	1.4342	770.8	-0.01728	8.1218e-05	0.10096	supercritical
536.0	1252.5	795.64	0.0012569	468.09	625.51	1.728	0.95726	1.434	771.89	-0.017392	8.136e-05	0.1011	supercritical
536.0	1255.8	796.45	0.0012556	467.92	625.59	1.7274	0.95739	1.4339	772.97	-0.017503	8.1502e-05	0.10123	supercritical
536.0	1259.0	797.27	0.0012543	467.75	625.67	1.7267	0.95752	1.4337	774.06	-0.017613	8.1643e-05	0.10136	supercritical
536.0	1262.2	798.08	0.001253	467.59	625.75	1.7261	0.95765	1.4336	775.15	-0.017723	8.1785e-05	0.10149	supercritical
536.0	1265.5	798.88	0.0012517	467.43	625.83	1.7255	0.95778	1.4335	776.23	-0.017832	8.1926e-05	0.10163	supercritical
536.0	1268.8	799.69	0.0012505	467.26	625.92	1.7249	0.95791	1.4333	777.31	-0.01794	8.2067e-05	0.10176	supercritical
536.0	1272.0	800.49	0.0012492	467.1	626.0	1.7243	0.95804	1.4332	778.39	-0.018047	8.2208e-05	0.10189	supercritical
536.0	1275.2	801.3	0.001248	466.94	626.09	1.7237	0.95817	1.433	779.47	-0.018154	8.2349e-05	0.10202	supercritical
536.0	1278.5	802.09	0.0012467	466.78	626.17	1.7231	0.95831	1.4329	780.54	-0.01826	8.249e-05	0.10215	supercritical
536.0	1281.8	802.89	0.0012455	466.61	626.26	1.7225	0.95844	1.4328	781.62	-0.018365	8.2631e-05	0.10229	supercritical
536.0	1285.0	803.68	0.0012443	466.45	626.34	1.7219	0.95857	1.4326	782.69	-0.018469	8.2771e-05	0.10242	supercritical
536.0	1288.2	804.48	0.001243	466.29	626.43	1.7213	0.9587	1.4325	783.76	-0.018573	8.2912e-05	0.10255	supercritical
536.0	1291.5	805.27	0.0012418	466.13	626.52	1.7208	0.95883	1.4324	784.83	-0.018677	8.3052e-05	0.10268	supercritical
536.0	1294.8	806.05	0.0012406	465.97	626.6	1.7202	0.95896	1.4322	785.9	-0.018779	8.3192e-05	0.10281	supercritical
536.0	1298.0	806.84	0.0012394	465.81	626.69	1.7196	0.95909	1.4321	786.96	-0.018881	8.3332e-05	0.10294	supercritical
536.0	1301.2	807.62	0.0012382	465.66	626.78	1.719	0.95922	1.432	788.03	-0.018982	8.3472e-05	0.10307	supercritical
536.0	1304.5	808.4	0.001237	465.5	626.87	1.7184	0.95935	1.4318	789.09	-0.019083	8.3612e-05	0.10321	supercritical
536.0	1307.8	809.18	0.0012358	465.34	626.96	1.7178	0.95948	1.4317	790.15	-0.019183	8.3751e-05	0.10334	supercritical
536.0	1311.0	809.95	0.0012346	465.18	627.05	1.7172	0.95962	1.4316	791.21	-0.019282	8.3891e-05	0.10347	supercritical
536.0	1314.2	810.73	0.0012335	465.03	627.13	1.7167	0.95975	1.4314	792.27	-0.01938	8.4031e-05	0.1036	supercritical
536.0	1317.5	811.5	0.0012323	464.87	627.23	1.7161	0.95988	1.4313	793.32	-0.019478	8.417e-05	0.10373	supercritical
536.0	1320.8	812.27	0.0012311	464.72	627.32	1.7155	0.96001	1.4312	794.38	-0.019576	8.4309e-05	0.10386	supercritical
536.0	1324.0	813.03	0.00123	464.56	627.41	1.7149	0.96014	1.4311	795.43	-0.019672	8.4448e-05	0.10399	supercritical
536.0	1327.2	813.8	0.0012288	464.41	627.5	1.7144	0.96027	1.4309	796.48	-0.019769	8.4587e-05	0.10412	supercritical
536.0	1330.5	814.56	0.0012277	464.25	627.59	1.7138	0.9604	1.4308	797.53	-0.019864	8.4726e-05	0.10425	supercritical
536.0	1333.8	815.32	0.0012265	464.1	627.68	1.7132	0.96053	1.4307	798.57	-0.019959	8.4865e-05	0.10438	supercritical
536.0	1337.0	816.08	0.0012254	463.94	627.78	1.7126	0.96066	1.4306	799.62	-0.020053	8.5003e-05	0.10451	supercritical
536.0	1340.2	816.83	0.0012242	463.79	627.87	1.7121	0.96079	1.4304	800.66	-0.020147	8.5142e-05	0.10464	supercritical
536.0	1343.5	817.59	0.0012231	463.64	627.96	1.7115	0.96092	1.4303	801.71	-0.02024	8.528e-05	0.10477	supercritical
536.0	1346.8	818.34	0.001222	463.49	628.06	1.7109	0.96105	1.4302	802.75	-0.020332	8.5419e-05	0.1049	supercritical
536.0	1350.0	819.09	0.0012209	463.34	628.15	1.7104	0.96118	1.4301	803.79	-0.020424	8.5557e-05	0.10503	supercritical
536.0	1353.2	819.84	0.0012198	463.19	628.25	1.7098	0.96131	1.4299	804.82	-0.020515	8.5695e-05	0.10516	supercritical
536.0	1356.5	820.58	0.0012186	463.03	628.34	1.7093	0.96145	1.4298	805.86	-0.020606	8.5833e-05	0.10529	supercritical
536.0	1359.8	821.33	0.0012175	462.88	628.44	1.7087	0.96158	1.4297	806.89	-0.020696	8.5971e-05	0.10542	supercritical
536.0	1363.0	822.07	0.0012164	462.73	628.54	1.7081	0.96171	1.4296	807.93	-0.020786	8.6108e-05	0.10555	supercritical
536.0	1366.2	822.81	0.0012154	462.59	628.63	1.7076	0.96184	1.4295	808.96	-0.020875	8.6246e-05	0.10568	supercritical
536.0	1369.5	823.54	0.0012143	462.44	628.73	1.707	0.96197	1.4293	809.98	-0.020963	8.6383e-05	0.10581	supercritical
536.0	1372.8	824.28	0.0012132	462.29	628.83	1.7065	0.9621	1.4292	811.01	-0.021051	8.6521e-05	0.10594	supercritical
536.0	1376.0	825.01	0.0012121	462.14	628.93	1.7059	0.96223	1.4291	812.04	-0.021139	8.6658e-05	0.10607	supercritical
536.0	1379.2	825.74	0.001211	461.99	629.02	1.7054	0.96236	1.429	813.06	-0.021225	8.6795e-05	0.10619	supercritical
536.0	1382.5	826.47	0.00121	461.85	629.12	1.7048	0.96249	1.4289	814.09	-0.021312	8.6932e-05	0.10632	supercritical
536.0	1385.8	827.2	0.0012089	461.7	629.22	1.7043	0.96262	1.4288	815.11	-0.021398	8.7069e-05	0.10645	supercritical
536.0	1389.0	827.92	0.0012078	461.55	629.32	1.7037	0.96275	1.4287	816.13	-0.021483	8.7206e-05	0.10658	supercritical
536.0	1392.2	828.65	0.0012068	461.41	629.42	1.7032	0.96288	1.4285	817.14	-0.021567	8.7343e-05	0.10671	supercritical
536.0	1395.5	829.37	0.0012057	461.26	629.52	1.7026	0.96301	1.4284	818.16	-0.021652	8.748e-05	0.10684	supercritical
536.0	1398.8	830.09	0.0012047	461.12	629.62	1.7021	0.96314	1.4283	819.17	-0.021735	8.7616e-05	0.10697	supercritical
536.0	1402.0	830.8	0.0012037	460.97	629.72	1.7015	0.96327	1.4282	820.19	-0.021818	8.7753e-05	0.1071	supercritical
536.0	1405.2	831.52	0.0012026	460.83	629.83	1.701	0.9634	1.4281	821.2	-0.021901	8.7889e-05	0.10722	supercritical
536.0	1408.5	832.23	0.0012016	460.68	629.93	1.7005	0.96353	1.428	822.21	-0.021983	8.8025e-05	0.10735	supercritical
536.0	1411.8	832.94	0.0012006	460.54	630.03	1.6999	0.96366	1.4279	823.22	-0.022065	8.8162e-05	0.10748	supercritical
536.0	1415.0	833.65	0.0011995	460.4	630.13	1.6994	0.96379	1.4278	824.22	-0.022146	8.8298e-05	0.10761	supercritical
536.0	1418.2	834.36	0.0011985	460.25	630.23	1.6989	0.96392	1.4277	825.23	-0.022226	8.8433e-05	0.10774	supercritical
536.0	1421.5	835.07	0.0011975	460.11	630.34	1.6983	0.96405	1.4275	826.23	-0.022307	8.8569e-05	0.10786	supercritical
536.0	1424.8	835.77	0.0011965	459.97	630.44	1.6978	0.96418	1.4274	827.24	-0.022386	8.8705e-05	0.10799	supercritical
536.0	1428.0	836.47	0.0011955	459.83	630.55	1.6973	0.96431	1.4273	828.24	-0.022465	8.8841e-05	0.10812	supercritical
536.0	1431.2	837.17	0.0011945	459.69	630.65	1.6967	0.96444	1.4272	829.24	-0.022544	8.8976e-05	0.10825	supercritical
536.0	1434.5	837.87	0.0011935	459.55	630.75	1.6962	0.96457	1.4271	830.23	-0.022622	8.9112e-05	0.10838	supercritical
536.0	1437.8	838.57	0.0011925	459.41	630.86	1.6957	0.9647	1.427	831.23	-0.0227	8.9247e-05	0.1085	supercritical
536.0	1441.0	839.26	0.0011915	459.27	630.97	1.6951	0.96483	1.4269	832.22	-0.022777	8.9382e-05	0.10863	supercritical
536.0	1444.2	839.96	0.0011905	459.13	631.07	1.6946	0.96496	1.4268	833.22	-0.022854	8.9517e-05	0.10876	supercritical
536.0	1447.5	840.65	0.0011896	458.99	631.18	1.6941	0.96509	1.4267	834.21	-0.02293	8.9652e-05	0.10889	supercritical
536.0	1450.8	841.34	0.0011886	458.85	631.28	1.6936	0.96522	1.4266	835.2	-0.023006	8.9787e-05	0.10901	supercritical
536.0	1454.0	842.03	0.0011876	458.71	631.39	1.6931	0.96535	1.4265	836.19	-0.023082	8.9922e-05	0.10914	supercritical
536.0	1457.2	842.71	0.0011866	458.57	631.5	1.6925	0.96548	1.4264	837.17	-0.023157	9.0057e-05	0.10927	supercritical
536.0	1460.5	843.4	0.0011857	458.44	631.61	1.692	0.96561	1.4263	838.16	-0.023231	9.0192e-05	0.1094	supercritical
536.0	1463.8	844.08	0.0011847	458.3	631.71	1.6915	0.96574	1.4262	839.14	-0.023305	9.0326e-05	0.10952	supercritical
536.0	1467.0	844.76	0.0011838	458.16	631.82	1.691	0.96587	1.4261	840.13	-0.023379	9.0461e-05	0.10965	supercritical
536.0	1470.2	845.44	0.0011828	458.03	631.93	1.6905	0.966	1.426	841.11	-0.023452	9.0595e-05	0.10978	supercritical
536.0	1473.5	846.12	0.0011819	457.89	632.04	1.69	0.96613	1.4259	842.09	-0.023525	9.0729e-05	0.1099	supercritical
536.0	1476.8	846.79	0.0011809	457.75	632.15	1.6894	0.96626	1.4258	843.06	-0.023597	9.0864e-05	0.11003	supercritical
536.0	1480.0	847.46	0.00118	457.62	632.26	1.6889	0.96639	1.4257	844.04	-0.023669	9.0998e-05	0.11016	supercritical
536.0	1483.2	848.14	0.0011791	457.48	632.37	1.6884	0.96652	1.4256	845.02	-0.023741	9.1132e-05	0.11029	supercritical
536.0	1486.5	848.81	0.0011781	457.35	632.48	1.6879	0.96665	1.4255	845.99	-0.023812	9.1266e-05	0.11041	supercritical
536.0	1489.8	849.48	0.0011772	457.22	632.59	1.6874	0.96678	1.4254	846.96	-0.023883	9.14e-05	0.11054	supercritical
536.0	1493.0	850.14	0.0011763	457.08	632.7	1.6869	0.96691	1.4253	847.93	-0.023953	9.1533e-05	0.11067	supercritical
536.0	1496.2	850.81	0.0011754	456.95	632.81	1.6864	0.96704	1.4252	848.9	-0.024023	9.1667e-05	0.11079	supercritical
536.0	1499.5	851.47	0.0011744	456.81	632.92	1.6859	0.96717	1.4251	849.87	-0.024092	9.1801e-05	0.11092	supercritical
536.0	1502.8	852.13	0.0011735	456.68	633.03	1.6854	0.9673	1.425	850.84	-0.024161	9.1934e-05	0.11104	supercritical
536.0	1506.0	852.8	0.0011726	456.55	633.15	1.6849	0.96743	1.4249	851.8	-0.02423	9.2067e-05	0.11117	supercritical
536.0	1509.2	853.45	0.0011717	456.42	633.26	1.6844	0.96756	1.4248	852.76	-0.024298	9.2201e-05	0.1113	supercritical
536.0	1512.5	854.11	0.0011708	456.29	633.37	1.6839	0.96769	1.4248	853.73	-0.024366	9.2334e-05	0.11142	supercritical
536.0	1515.8	854.77	0.0011699	456.15	633.48	1.6834	0.96782	1.4247	854.69	-0.024434	9.2467e-05	0.11155	supercritical
536.0	1519.0	855.42	0.001169	456.02	633.6	1.6829	0.96795	1.4246	855.65	-0.024501	9.26e-05	0.11168	supercritical
536.0	1522.2	856.07	0.0011681	455.89	633.71	1.6824	0.96807	1.4245	856.6	-0.024567	9.2733e-05	0.1118	supercritical
536.0	1525.5	856.72	0.0011672	455.76	633.82	1.6819	0.9682	1.4244	857.56	-0.024634	9.2866e-05	0.11193	supercritical
536.0	1528.8	857.37	0.0011664	455.63	633.94	1.6814	0.96833	1.4243	858.52	-0.0247	9.2999e-05	0.11205	supercritical
536.0	1532.0	858.02	0.0011655	455.5	634.05	1.6809	0.96846	1.4242	859.47	-0.024765	9.3131e-05	0.11218	supercritical
536.0	1535.2	858.67	0.0011646	455.37	634.17	1.6804	0.96859	1.4241	860.42	-0.02483	9.3264e-05	0.11231	supercritical
536.0	1538.5	859.31	0.0011637	455.24	634.28	1.6799	0.96872	1.424	861.37	-0.024895	9.3397e-05	0.11243	supercritical
536.0	1541.8	859.96	0.0011628	455.12	634.4	1.6794	0.96885	1.4239	862.32	-0.02496	9.3529e-05	0.11256	supercritical
536.0	1545.0	860.6	0.001162	454.99	634.51	1.6789	0.96898	1.4239	863.27	-0.025024	9.3661e-05	0.11268	supercritical
536.0	1548.2	861.24	0.0011611	454.86	634.63	1.6785	0.96911	1.4238	864.22	-0.025088	9.3794e-05	0.11281	supercritical
536.0	1551.5	861.88	0.0011603	454.73	634.75	1.678	0.96924	1.4237	865.16	-0.025151	9.3926e-05	0.11293	supercritical
536.0	1554.8	862.51	0.0011594	454.6	634.86	1.6775	0.96937	1.4236	866.1	-0.025214	9.4058e-05	0.11306	supercritical
536.0	1558.0	863.15	0.0011585	454.48	634.98	1.677	0.9695	1.4235	867.05	-0.025277	9.419e-05	0.11319	supercritical
536.0	1561.2	863.78	0.0011577	454.35	635.1	1.6765	0.96963	1.4234	867.99	-0.025339	9.4322e-05	0.11331	supercritical
536.0	1564.5	864.42	0.0011569	454.22	635.21	1.676	0.96975	1.4233	868.93	-0.025401	9.4454e-05	0.11344	supercritical
536.0	1567.8	865.05	0.001156	454.1	635.33	1.6755	0.96988	1.4233	869.87	-0.025463	9.4586e-05	0.11356	supercritical
536.0	1571.0	865.68	0.0011552	453.97	635.45	1.6751	0.97001	1.4232	870.8	-0.025524	9.4717e-05	0.11369	supercritical
536.0	1574.2	866.3	0.0011543	453.85	635.57	1.6746	0.97014	1.4231	871.74	-0.025585	9.4849e-05	0.11381	supercritical
536.0	1577.5	866.93	0.0011535	453.72	635.69	1.6741	0.97027	1.423	872.67	-0.025645	9.498e-05	0.11394	supercritical
536.0	1580.8	867.56	0.0011527	453.6	635.8	1.6736	0.9704	1.4229	873.61	-0.025706	9.5112e-05	0.11406	supercritical
536.0	1584.0	868.18	0.0011518	453.47	635.92	1.6732	0.97053	1.4229	874.54	-0.025766	9.5243e-05	0.11419	supercritical
536.0	1587.2	868.8	0.001151	453.35	636.04	1.6727	0.97066	1.4228	875.47	-0.025825	9.5375e-05	0.11431	supercritical
536.0	1590.5	869.42	0.0011502	453.22	636.16	1.6722	0.97079	1.4227	876.4	-0.025885	9.5506e-05	0.11444	supercritical
536.0	1593.8	870.04	0.0011494	453.1	636.28	1.6717	0.97092	1.4226	877.32	-0.025944	9.5637e-05	0.11456	supercritical
536.0	1597.0	870.66	0.0011486	452.98	636.4	1.6713	0.97104	1.4225	878.25	-0.026002	9.5768e-05	0.11469	supercritical
536.0	1600.2	871.28	0.0011477	452.86	636.52	1.6708	0.97117	1.4225	879.18	-0.02606	9.5899e-05	0.11481	supercritical
536.0	1603.5	871.89	0.0011469	452.73	636.64	1.6703	0.9713	1.4224	880.1	-0.026118	9.603e-05	0.11494	supercritical
536.0	1606.8	872.51	0.0011461	452.61	636.76	1.6698	0.97143	1.4223	881.02	-0.026176	9.6161e-05	0.11506	supercritical
536.0	1610.0	873.12	0.0011453	452.49	636.89	1.6694	0.97156	1.4222	881.94	-0.026234	9.6292e-05	0.11519	supercritical
536.0	1613.2	873.73	0.0011445	452.37	637.01	1.6689	0.97169	1.4221	882.86	-0.026291	9.6422e-05	0.11531	supercritical
536.0	1616.5	874.34	0.0011437	452.25	637.13	1.6684	0.97182	1.4221	883.78	-0.026347	9.6553e-05	0.11544	supercritical
536.0	1619.8	874.95	0.0011429	452.12	637.25	1.668	0.97195	1.422	884.7	-0.026404	9.6684e-05	0.11556	supercritical
536.0	1623.0	875.55	0.0011421	452.0	637.37	1.6675	0.97207	1.4219	885.61	-0.02646	9.6814e-05	0.11569	supercritical
536.0	1626.2	876.16	0.0011413	451.88	637.49	1.667	0.9722	1.4218	886.53	-0.026516	9.6944e-05	0.11581	supercritical
536.0	1629.5	876.76	0.0011406	451.76	637.62	1.6666	0.97233	1.4218	887.44	-0.026571	9.7075e-05	0.11594	supercritical
536.0	1632.8	877.37	0.0011398	451.64	637.74	1.6661	0.97246	1.4217	888.35	-0.026627	9.7205e-05	0.11606	supercritical
536.0	1636.0	877.97	0.001139	451.52	637.86	1.6657	0.97259	1.4216	889.26	-0.026681	9.7335e-05	0.11618	supercritical
536.0	1639.2	878.57	0.0011382	451.4	637.99	1.6652	0.97272	1.4215	890.17	-0.026736	9.7465e-05	0.11631	supercritical
536.0	1642.5	879.17	0.0011374	451.29	638.11	1.6647	0.97285	1.4215	891.08	-0.02679	9.7595e-05	0.11643	supercritical
536.0	1645.8	879.76	0.0011367	451.17	638.23	1.6643	0.97297	1.4214	891.99	-0.026845	9.7725e-05	0.11656	supercritical
536.0	1649.0	880.36	0.0011359	451.05	638.36	1.6638	0.9731	1.4213	892.89	-0.026898	9.7855e-05	0.11668	supercritical
536.0	1652.2	880.95	0.0011351	450.93	638.48	1.6634	0.97323	1.4212	893.8	-0.026952	9.7985e-05	0.11681	supercritical
536.0	1655.5	881.55	0.0011344	450.81	638.61	1.6629	0.97336	1.4212	894.7	-0.027005	9.8115e-05	0.11693	supercritical
536.0	1658.8	882.14	0.0011336	450.7	638.73	1.6625	0.97349	1.4211	895.6	-0.027058	9.8245e-05	0.11705	supercritical
536.0	1662.0	882.73	0.0011328	450.58	638.86	1.662	0.97362	1.421	896.5	-0.027111	9.8374e-05	0.11718	supercritical
536.0	1665.2	883.32	0.0011321	450.46	638.98	1.6616	0.97374	1.421	897.4	-0.027163	9.8504e-05	0.1173	supercritical
536.0	1668.5	883.91	0.0011313	450.34	639.11	1.6611	0.97387	1.4209	898.3	-0.027215	9.8633e-05	0.11743	supercritical
536.0	1671.8	884.5	0.0011306	450.23	639.23	1.6607	0.974	1.4208	899.2	-0.027267	9.8763e-05	0.11755	supercritical
536.0	1675.0	885.08	0.0011298	450.11	639.36	1.6602	0.97413	1.4208	900.09	-0.027318	9.8892e-05	0.11767	supercritical
536.0	1678.2	885.67	0.0011291	450.0	639.49	1.6598	0.97426	1.4207	900.99	-0.02737	9.9021e-05	0.1178	supercritical
536.0	1681.5	886.25	0.0011284	449.88	639.61	1.6593	0.97439	1.4206	901.88	-0.027421	9.915e-05	0.11792	supercritical
536.0	1684.8	886.83	0.0011276	449.77	639.74	1.6589	0.97451	1.4206	902.77	-0.027471	9.928e-05	0.11805	supercritical
536.0	1688.0	887.41	0.0011269	449.65	639.87	1.6584	0.97464	1.4205	903.66	-0.027522	9.9409e-05	0.11817	supercritical
536.0	1691.2	887.99	0.0011261	449.54	639.99	1.658	0.97477	1.4204	904.55	-0.027572	9.9538e-05	0.11829	supercritical
536.0	1694.5	888.57	0.0011254	449.42	640.12	1.6575	0.9749	1.4203	905.44	-0.027622	9.9667e-05	0.11842	supercritical
536.0	1697.8	889.15	0.0011247	449.31	640.25	1.6571	0.97503	1.4203	906.33	-0.027672	9.9796e-05	0.11854	supercritical
536.0	1701.0	889.72	0.0011239	449.19	640.38	1.6566	0.97515	1.4202	907.21	-0.027721	9.9924e-05	0.11866	supercritical
536.0	1704.2	890.3	0.0011232	449.08	640.5	1.6562	0.97528	1.4202	908.1	-0.02777	0.00010005	0.11879	supercritical
536.0	1707.5	890.87	0.0011225	448.97	640.63	1.6557	0.97541	1.4201	908.98	-0.027819	0.00010018	0.11891	supercritical
536.0	1710.8	891.44	0.0011218	448.85	640.76	1.6553	0.97554	1.42	909.86	-0.027868	0.00010031	0.11904	supercritical
536.0	1714.0	892.01	0.0011211	448.74	640.89	1.6549	0.97567	1.42	910.75	-0.027916	0.00010044	0.11916	supercritical
536.0	1717.2	892.58	0.0011203	448.63	641.02	1.6544	0.97579	1.4199	911.63	-0.027965	0.00010057	0.11928	supercritical
536.0	1720.5	893.15	0.0011196	448.52	641.15	1.654	0.97592	1.4198	912.5	-0.028013	0.0001007	0.11941	supercritical
536.0	1723.8	893.72	0.0011189	448.4	641.28	1.6536	0.97605	1.4198	913.38	-0.02806	0.00010082	0.11953	supercritical
536.0	1727.0	894.28	0.0011182	448.29	641.41	1.6531	0.97618	1.4197	914.26	-0.028108	0.00010095	0.11965	supercritical
536.0	1730.2	894.85	0.0011175	448.18	641.54	1.6527	0.97631	1.4196	915.13	-0.028155	0.00010108	0.11978	supercritical
536.0	1733.5	895.41	0.0011168	448.07	641.67	1.6522	0.97643	1.4196	916.01	-0.028202	0.00010121	0.1199	supercritical
536.0	1736.8	895.97	0.0011161	447.96	641.8	1.6518	0.97656	1.4195	916.88	-0.028249	0.00010134	0.12002	supercritical
536.0	1740.0	896.54	0.0011154	447.85	641.93	1.6514	0.97669	1.4195	917.75	-0.028295	0.00010147	0.12015	supercritical
536.0	1743.2	897.1	0.0011147	447.74	642.06	1.6509	0.97682	1.4194	918.62	-0.028341	0.00010159	0.12027	supercritical
536.0	1746.5	897.66	0.001114	447.63	642.19	1.6505	0.97694	1.4193	919.49	-0.028387	0.00010172	0.12039	supercritical
536.0	1749.8	898.21	0.0011133	447.52	642.32	1.6501	0.97707	1.4193	920.36	-0.028433	0.00010185	0.12051	supercritical
536.0	1753.0	898.77	0.0011126	447.41	642.45	1.6497	0.9772	1.4192	921.23	-0.028479	0.00010198	0.12064	supercritical
536.0	1756.2	899.33	0.0011119	447.3	642.58	1.6492	0.97733	1.4191	922.09	-0.028524	0.0001021	0.12076	supercritical
536.0	1759.5	899.88	0.0011113	447.19	642.71	1.6488	0.97745	1.4191	922.96	-0.028569	0.00010223	0.12088	supercritical
536.0	1762.8	900.43	0.0011106	447.08	642.85	1.6484	0.97758	1.419	923.82	-0.028614	0.00010236	0.12101	supercritical
536.0	1766.0	900.99	0.0011099	446.97	642.98	1.6479	0.97771	1.419	924.68	-0.028659	0.00010249	0.12113	supercritical
536.0	1769.2	901.54	0.0011092	446.86	643.11	1.6475	0.97784	1.4189	925.54	-0.028703	0.00010261	0.12125	supercritical
536.0	1772.5	902.09	0.0011085	446.75	643.24	1.6471	0.97796	1.4189	926.4	-0.028747	0.00010274	0.12138	supercritical
536.0	1775.8	902.64	0.0011079	446.65	643.38	1.6467	0.97809	1.4188	927.26	-0.028791	0.00010287	0.1215	supercritical
536.0	1779.0	903.18	0.0011072	446.54	643.51	1.6462	0.97822	1.4187	928.12	-0.028835	0.000103	0.12162	supercritical
536.0	1782.2	903.73	0.0011065	446.43	643.64	1.6458	0.97835	1.4187	928.98	-0.028879	0.00010312	0.12174	supercritical
536.0	1785.5	904.28	0.0011059	446.32	643.77	1.6454	0.97847	1.4186	929.83	-0.028922	0.00010325	0.12187	supercritical
536.0	1788.8	904.82	0.0011052	446.22	643.91	1.645	0.9786	1.4186	930.69	-0.028965	0.00010338	0.12199	supercritical
536.0	1792.0	905.36	0.0011045	446.11	644.04	1.6446	0.97873	1.4185	931.54	-0.029008	0.00010351	0.12211	supercritical
536.0	1795.2	905.91	0.0011039	446.0	644.18	1.6441	0.97885	1.4185	932.39	-0.029051	0.00010363	0.12223	supercritical
536.0	1798.5	906.45	0.0011032	445.9	644.31	1.6437	0.97898	1.4184	933.25	-0.029093	0.00010376	0.12236	supercritical
536.0	1801.8	906.99	0.0011026	445.79	644.44	1.6433	0.97911	1.4183	934.1	-0.029136	0.00010389	0.12248	supercritical
536.0	1805.0	907.53	0.0011019	445.69	644.58	1.6429	0.97924	1.4183	934.94	-0.029178	0.00010401	0.1226	supercritical
536.0	1808.2	908.06	0.0011012	445.58	644.71	1.6425	0.97936	1.4182	935.79	-0.02922	0.00010414	0.12273	supercritical
536.0	1811.5	908.6	0.0011006	445.48	644.85	1.642	0.97949	1.4182	936.64	-0.029261	0.00010427	0.12285	supercritical
536.0	1814.8	909.14	0.0010999	445.37	644.98	1.6416	0.97962	1.4181	937.48	-0.029303	0.00010439	0.12297	supercritical
536.0	1818.0	909.67	0.0010993	445.27	645.12	1.6412	0.97974	1.4181	938.33	-0.029344	0.00010452	0.12309	supercritical
536.0	1821.2	910.21	0.0010987	445.16	645.25	1.6408	0.97987	1.418	939.17	-0.029385	0.00010465	0.12322	supercritical
536.0	1824.5	910.74	0.001098	445.06	645.39	1.6404	0.98	1.418	940.02	-0.029426	0.00010477	0.12334	supercritical
536.0	1827.8	911.27	0.0010974	444.95	645.52	1.64	0.98013	1.4179	940.86	-0.029467	0.0001049	0.12346	supercritical
536.0	1831.0	911.8	0.0010967	444.85	645.66	1.6396	0.98025	1.4179	941.7	-0.029507	0.00010503	0.12358	supercritical
536.0	1834.2	912.33	0.0010961	444.75	645.8	1.6392	0.98038	1.4178	942.54	-0.029547	0.00010515	0.1237	supercritical
536.0	1837.5	912.86	0.0010955	444.64	645.93	1.6387	0.98051	1.4178	943.37	-0.029587	0.00010528	0.12383	supercritical
536.0	1840.8	913.39	0.0010948	444.54	646.07	1.6383	0.98063	1.4177	944.21	-0.029627	0.00010541	0.12395	supercritical
536.0	1844.0	913.91	0.0010942	444.44	646.21	1.6379	0.98076	1.4177	945.05	-0.029667	0.00010553	0.12407	supercritical
536.0	1847.2	914.44	0.0010936	444.33	646.34	1.6375	0.98089	1.4176	945.88	-0.029706	0.00010566	0.12419	supercritical
536.0	1850.5	914.96	0.0010929	444.23	646.48	1.6371	0.98101	1.4176	946.72	-0.029746	0.00010578	0.12432	supercritical
536.0	1853.8	915.49	0.0010923	444.13	646.62	1.6367	0.98114	1.4175	947.55	-0.029785	0.00010591	0.12444	supercritical
536.0	1857.0	916.01	0.0010917	444.03	646.75	1.6363	0.98127	1.4175	948.38	-0.029824	0.00010604	0.12456	supercritical
536.0	1860.2	916.53	0.0010911	443.92	646.89	1.6359	0.98139	1.4174	949.21	-0.029863	0.00010616	0.12468	supercritical
536.0	1863.5	917.05	0.0010905	443.82	647.03	1.6355	0.98152	1.4174	950.04	-0.029901	0.00010629	0.1248	supercritical
536.0	1866.8	917.57	0.0010898	443.72	647.17	1.6351	0.98165	1.4173	950.87	-0.02994	0.00010641	0.12493	supercritical
536.0	1870.0	918.09	0.0010892	443.62	647.3	1.6347	0.98177	1.4173	951.7	-0.029978	0.00010654	0.12505	supercritical
536.0	1873.2	918.61	0.0010886	443.52	647.44	1.6343	0.9819	1.4172	952.52	-0.030016	0.00010667	0.12517	supercritical
536.0	1876.5	919.12	0.001088	443.42	647.58	1.6339	0.98203	1.4172	953.35	-0.030054	0.00010679	0.12529	supercritical
536.0	1879.8	919.64	0.0010874	443.32	647.72	1.6335	0.98215	1.4171	954.17	-0.030091	0.00010692	0.12541	supercritical
536.0	1883.0	920.15	0.0010868	443.22	647.86	1.6331	0.98228	1.4171	955.0	-0.030129	0.00010704	0.12554	supercritical
536.0	1886.2	920.67	0.0010862	443.12	648.0	1.6327	0.9824	1.417	955.82	-0.030166	0.00010717	0.12566	supercritical
536.0	1889.5	921.18	0.0010856	443.02	648.14	1.6323	0.98253	1.417	956.64	-0.030203	0.00010729	0.12578	supercritical
536.0	1892.8	921.69	0.001085	442.92	648.28	1.6319	0.98266	1.4169	957.46	-0.03024	0.00010742	0.1259	supercritical
536.0	1896.0	922.2	0.0010844	442.82	648.41	1.6315	0.98278	1.4169	958.28	-0.030277	0.00010754	0.12602	supercritical
536.0	1899.2	922.71	0.0010838	442.72	648.55	1.6311	0.98291	1.4168	959.1	-0.030314	0.00010767	0.12615	supercritical
536.0	1902.5	923.22	0.0010832	442.62	648.69	1.6307	0.98304	1.4168	959.92	-0.03035	0.00010779	0.12627	supercritical
536.0	1905.8	923.73	0.0010826	442.52	648.83	1.6303	0.98316	1.4167	960.73	-0.030386	0.00010792	0.12639	supercritical
536.0	1909.0	924.23	0.001082	442.42	648.97	1.6299	0.98329	1.4167	961.55	-0.030423	0.00010805	0.12651	supercritical
536.0	1912.2	924.74	0.0010814	442.33	649.11	1.6295	0.98341	1.4166	962.36	-0.030459	0.00010817	0.12663	supercritical
536.0	1915.5	925.25	0.0010808	442.23	649.25	1.6291	0.98354	1.4166	963.18	-0.030494	0.0001083	0.12675	supercritical
536.0	1918.8	925.75	0.0010802	442.13	649.39	1.6287	0.98367	1.4166	963.99	-0.03053	0.00010842	0.12688	supercritical
536.0	1922.0	926.25	0.0010796	442.03	649.54	1.6283	0.98379	1.4165	964.8	-0.030565	0.00010855	0.127	supercritical
536.0	1925.2	926.75	0.001079	441.94	649.68	1.6279	0.98392	1.4165	965.61	-0.030601	0.00010867	0.12712	supercritical
536.0	1928.5	927.26	0.0010785	441.84	649.82	1.6275	0.98404	1.4164	966.42	-0.030636	0.0001088	0.12724	supercritical
536.0	1931.8	927.76	0.0010779	441.74	649.96	1.6271	0.98417	1.4164	967.23	-0.030671	0.00010892	0.12736	supercritical
536.0	1935.0	928.26	0.0010773	441.64	650.1	1.6268	0.9843	1.4163	968.04	-0.030706	0.00010905	0.12748	supercritical
536.0	1938.2	928.75	0.0010767	441.55	650.24	1.6264	0.98442	1.4163	968.84	-0.03074	0.00010917	0.12761	supercritical
536.0	1941.5	929.25	0.0010761	441.45	650.38	1.626	0.98455	1.4162	969.65	-0.030775	0.00010929	0.12773	supercritical
536.0	1944.8	929.75	0.0010756	441.35	650.52	1.6256	0.98467	1.4162	970.45	-0.030809	0.00010942	0.12785	supercritical
536.0	1948.0	930.24	0.001075	441.26	650.67	1.6252	0.9848	1.4162	971.25	-0.030843	0.00010954	0.12797	supercritical
536.0	1951.2	930.74	0.0010744	441.16	650.81	1.6248	0.98493	1.4161	972.06	-0.030877	0.00010967	0.12809	supercritical
536.0	1954.5	931.23	0.0010738	441.07	650.95	1.6244	0.98505	1.4161	972.86	-0.030911	0.00010979	0.12821	supercritical
536.0	1957.8	931.73	0.0010733	440.97	651.09	1.624	0.98518	1.416	973.66	-0.030945	0.00010992	0.12834	supercritical
536.0	1961.0	932.22	0.0010727	440.88	651.24	1.6237	0.9853	1.416	974.46	-0.030978	0.00011004	0.12846	supercritical
536.0	1964.2	932.71	0.0010721	440.78	651.38	1.6233	0.98543	1.416	975.26	-0.031012	0.00011017	0.12858	supercritical
536.0	1967.5	933.2	0.0010716	440.69	651.52	1.6229	0.98555	1.4159	976.06	-0.031045	0.00011029	0.1287	supercritical
536.0	1970.8	933.69	0.001071	440.59	651.66	1.6225	0.98568	1.4159	976.85	-0.031078	0.00011042	0.12882	supercritical
536.0	1974.0	934.18	0.0010705	440.5	651.81	1.6221	0.9858	1.4158	977.65	-0.031111	0.00011054	0.12894	supercritical
536.0	1977.2	934.67	0.0010699	440.4	651.95	1.6217	0.98593	1.4158	978.44	-0.031144	0.00011066	0.12906	supercritical
536.0	1980.5	935.15	0.0010693	440.31	652.09	1.6214	0.98606	1.4157	979.24	-0.031177	0.00011079	0.12918	supercritical
536.0	1983.8	935.64	0.0010688	440.22	652.24	1.621	0.98618	1.4157	980.03	-0.031209	0.00011091	0.12931	supercritical
536.0	1987.0	936.13	0.0010682	440.12	652.38	1.6206	0.98631	1.4157	980.82	-0.031241	0.00011104	0.12943	supercritical
536.0	1990.2	936.61	0.0010677	440.03	652.52	1.6202	0.98643	1.4156	981.61	-0.031274	0.00011116	0.12955	supercritical
536.0	1993.5	937.09	0.0010671	439.94	652.67	1.6198	0.98656	1.4156	982.4	-0.031306	0.00011128	0.12967	supercritical
536.0	1996.8	937.58	0.0010666	439.84	652.81	1.6195	0.98668	1.4156	983.19	-0.031338	0.00011141	0.12979	supercritical
536.0	2000.0	938.06	0.001066	439.75	652.96	1.6191	0.98681	1.4155	983.98	-0.031369	0.00011153	0.12991	supercritical
