Temperature (K)	Pressure (bar)	Density (kg/m3)	Volume (m3/kg)	Internal Energy (kJ/kg)	Enthalpy (kJ/kg)	Entropy (J/g*K)	Cv (J/g*K)	Cp (J/g*K)	Sound Spd. (m/s)	Joule-Thomson (K/bar)	Viscosity (Pa*s)	Therm. Cond. (W/m*K)	Phase
374.0	56.5	92.512	0.010809	476.98	538.05	2.1088	0.78685	1.1655	278.9	0.59558	1.9706e-05	0.026289	vapor
374.0	59.75	98.761	0.010125	475.28	535.78	2.0936	0.79058	1.1856	277.93	0.59238	1.9822e-05	0.026596	vapor
374.0	63.0	105.13	0.0095118	473.56	533.49	2.0789	0.79434	1.2066	276.99	0.58897	1.9944e-05	0.026917	vapor
374.0	66.25	111.63	0.0089581	471.81	531.16	2.0647	0.79812	1.2284	276.08	0.58532	2.0072e-05	0.027252	vapor
374.0	69.5	118.26	0.008456	470.04	528.81	2.0509	0.80193	1.2511	275.19	0.58143	2.0208e-05	0.027602	vapor
374.0	72.75	125.02	0.0079986	468.24	526.43	2.0374	0.80576	1.2747	274.34	0.57729	2.0352e-05	0.027969	vapor
374.0	76.0	131.92	0.0075802	466.42	524.03	2.0242	0.80962	1.2993	273.53	0.57289	2.0504e-05	0.028352	vapor
374.0	76.0	131.92	0.0075802	466.42	524.03	2.0242	0.80962	1.2993	273.53	0.57289	2.0504e-05	0.028352	supercritical
374.0	76.0	131.92	0.0075802	466.42	524.03	2.0242	0.80962	1.2993	273.53	0.57289	2.0504e-05	0.028352	supercritical
374.0	79.25	138.97	0.007196	464.57	521.6	2.0112	0.81349	1.3249	272.76	0.56822	2.0665e-05	0.028753	supercritical
374.0	82.5	146.15	0.0068421	462.69	519.14	1.9986	0.81737	1.3515	272.04	0.56328	2.0835e-05	0.029172	supercritical
374.0	85.75	153.49	0.0065151	460.78	516.65	1.9861	0.82126	1.3791	271.36	0.55805	2.1014e-05	0.029611	supercritical
374.0	89.0	160.98	0.006212	458.85	514.13	1.9738	0.82515	1.4078	270.73	0.55254	2.1204e-05	0.03007	supercritical
374.0	92.25	168.62	0.0059305	456.88	511.59	1.9618	0.82905	1.4376	270.16	0.54672	2.1404e-05	0.030549	supercritical
374.0	95.5	176.42	0.0056682	454.89	509.02	1.9499	0.83293	1.4684	269.65	0.54061	2.1616e-05	0.031049	supercritical
374.0	98.75	184.38	0.0054235	452.87	506.43	1.9381	0.8368	1.5003	269.2	0.53419	2.184e-05	0.031571	supercritical
374.0	102.0	192.5	0.0051947	450.83	503.82	1.9265	0.84066	1.5332	268.82	0.52746	2.2077e-05	0.032116	supercritical
374.0	105.25	200.79	0.0049804	448.76	501.18	1.915	0.84448	1.5672	268.52	0.52042	2.2327e-05	0.032684	supercritical
374.0	108.5	209.23	0.0047794	446.66	498.51	1.9037	0.84826	1.6022	268.31	0.51307	2.2591e-05	0.033274	supercritical
374.0	111.75	217.84	0.0045905	444.53	495.83	1.8924	0.852	1.6381	268.17	0.50541	2.287e-05	0.033887	supercritical
374.0	115.0	226.61	0.0044129	442.39	493.13	1.8813	0.85568	1.6748	268.13	0.49744	2.3163e-05	0.034524	supercritical
374.0	118.25	235.53	0.0042457	440.21	490.42	1.8703	0.8593	1.7123	268.19	0.48918	2.3473e-05	0.035182	supercritical
374.0	121.5	244.61	0.0040881	438.02	487.69	1.8594	0.86284	1.7504	268.36	0.48063	2.3799e-05	0.035863	supercritical
374.0	124.75	253.84	0.0039394	435.81	484.95	1.8486	0.86629	1.789	268.63	0.47179	2.4142e-05	0.036566	supercritical
374.0	128.0	263.21	0.0037992	433.58	482.21	1.8379	0.86964	1.8279	269.03	0.46269	2.4502e-05	0.037288	supercritical
374.0	131.25	272.72	0.0036668	431.33	479.46	1.8273	0.87288	1.8668	269.55	0.45333	2.488e-05	0.03803	supercritical
374.0	134.5	282.34	0.0035418	429.07	476.71	1.8168	0.876	1.9057	270.2	0.44373	2.5277e-05	0.038789	supercritical
374.0	137.75	292.08	0.0034237	426.8	473.96	1.8064	0.87899	1.9442	270.98	0.43392	2.5691e-05	0.039564	supercritical
374.0	141.0	301.92	0.0033122	424.52	471.22	1.7962	0.88183	1.9821	271.91	0.42392	2.6125e-05	0.040352	supercritical
374.0	144.25	311.84	0.0032068	422.24	468.5	1.7861	0.88453	2.019	272.99	0.41375	2.6576e-05	0.041153	supercritical
374.0	147.5	321.82	0.0031073	419.96	465.8	1.7761	0.88706	2.0548	274.21	0.40345	2.7046e-05	0.041962	supercritical
374.0	150.75	331.85	0.0030134	417.69	463.11	1.7663	0.88943	2.089	275.59	0.39304	2.7533e-05	0.042779	supercritical
374.0	154.0	341.91	0.0029247	415.42	460.46	1.7566	0.89163	2.1216	277.13	0.38257	2.8038e-05	0.043601	supercritical
374.0	157.25	351.98	0.002841	413.16	457.84	1.7471	0.89366	2.1522	278.82	0.37206	2.8559e-05	0.044425	supercritical
374.0	160.5	362.04	0.0027621	410.93	455.26	1.7377	0.89552	2.1805	280.67	0.36156	2.9096e-05	0.045249	supercritical
374.0	163.75	372.07	0.0026877	408.71	452.72	1.7286	0.8972	2.2065	282.67	0.35108	2.9648e-05	0.046071	supercritical
374.0	167.0	382.04	0.0026175	406.51	450.22	1.7196	0.89872	2.23	284.82	0.34068	3.0214e-05	0.04689	supercritical
374.0	170.25	391.94	0.0025514	404.34	447.78	1.7108	0.90007	2.2509	287.12	0.33039	3.0792e-05	0.047703	supercritical
374.0	173.5	401.75	0.0024891	402.2	445.39	1.7022	0.90127	2.2691	289.56	0.32023	3.1382e-05	0.04851	supercritical
374.0	176.75	411.46	0.0024304	400.1	443.06	1.6939	0.90232	2.2846	292.14	0.31023	3.1982e-05	0.049308	supercritical
374.0	180.0	421.03	0.0023751	398.03	440.78	1.6857	0.90322	2.2975	294.86	0.30041	3.259e-05	0.050098	supercritical
374.0	183.25	430.47	0.002323	396.0	438.57	1.6777	0.904	2.3078	297.69	0.29081	3.3205e-05	0.050877	supercritical
374.0	186.5	439.75	0.002274	394.01	436.42	1.67	0.90466	2.3156	300.64	0.28143	3.3827e-05	0.051646	supercritical
374.0	189.75	448.87	0.0022278	392.06	434.34	1.6625	0.9052	2.3211	303.7	0.27229	3.4453e-05	0.052404	supercritical
374.0	193.0	457.82	0.0021843	390.16	432.31	1.6551	0.90565	2.3243	306.86	0.2634	3.5082e-05	0.05315	supercritical
374.0	196.25	466.59	0.0021432	388.3	430.36	1.648	0.906	2.3256	310.11	0.25477	3.5714e-05	0.053884	supercritical
374.0	199.5	475.17	0.0021045	386.48	428.46	1.6411	0.90628	2.3249	313.44	0.24641	3.6347e-05	0.054607	supercritical
374.0	202.75	483.56	0.002068	384.7	426.63	1.6344	0.90648	2.3226	316.85	0.23832	3.6979e-05	0.055318	supercritical
374.0	206.0	491.76	0.0020335	382.97	424.86	1.6279	0.90662	2.3188	320.33	0.2305	3.7611e-05	0.056017	supercritical
374.0	209.25	499.76	0.002001	381.29	423.16	1.6216	0.9067	2.3137	323.87	0.22295	3.8241e-05	0.056705	supercritical
374.0	212.5	507.57	0.0019702	379.64	421.51	1.6155	0.90673	2.3074	327.46	0.21568	3.8868e-05	0.057381	supercritical
374.0	215.75	515.19	0.001941	378.04	419.92	1.6095	0.90672	2.3002	331.09	0.20867	3.9492e-05	0.058047	supercritical
374.0	219.0	522.61	0.0019135	376.49	418.39	1.6037	0.90667	2.2921	334.77	0.20192	4.0112e-05	0.058701	supercritical
374.0	222.25	529.85	0.0018873	374.97	416.91	1.5981	0.90659	2.2833	338.48	0.19543	4.0728e-05	0.059344	supercritical
374.0	225.5	536.9	0.0018625	373.49	415.49	1.5927	0.90649	2.2739	342.22	0.18918	4.1339e-05	0.059977	supercritical
374.0	228.75	543.77	0.001839	372.05	414.12	1.5874	0.90637	2.2641	345.98	0.18318	4.1945e-05	0.0606	supercritical
374.0	232.0	550.47	0.0018166	370.65	412.79	1.5823	0.90622	2.2539	349.75	0.17742	4.2545e-05	0.061213	supercritical
374.0	235.25	556.99	0.0017954	369.28	411.52	1.5773	0.90607	2.2434	353.54	0.17187	4.314e-05	0.061816	supercritical
374.0	238.5	563.35	0.0017751	367.95	410.29	1.5725	0.9059	2.2327	357.34	0.16655	4.3729e-05	0.06241	supercritical
374.0	241.75	569.54	0.0017558	366.65	409.1	1.5678	0.90573	2.2219	361.14	0.16144	4.4312e-05	0.062995	supercritical
374.0	245.0	575.58	0.0017374	365.39	407.95	1.5632	0.90555	2.211	364.94	0.15652	4.4889e-05	0.06357	supercritical
374.0	248.25	581.46	0.0017198	364.15	406.85	1.5587	0.90536	2.2001	368.73	0.1518	4.546e-05	0.064137	supercritical
374.0	251.5	587.19	0.001703	362.95	405.78	1.5544	0.90518	2.1892	372.52	0.14726	4.6024e-05	0.064696	supercritical
374.0	254.75	592.79	0.0016869	361.78	404.75	1.5502	0.90499	2.1784	376.3	0.1429	4.6583e-05	0.065246	supercritical
374.0	258.0	598.25	0.0016716	360.63	403.76	1.5461	0.90481	2.1676	380.07	0.13871	4.7135e-05	0.065789	supercritical
374.0	261.25	603.57	0.0016568	359.51	402.8	1.542	0.90463	2.157	383.83	0.13467	4.7681e-05	0.066324	supercritical
374.0	264.5	608.77	0.0016427	358.42	401.87	1.5381	0.90445	2.1464	387.57	0.13079	4.8221e-05	0.066851	supercritical
374.0	267.75	613.84	0.0016291	357.35	400.97	1.5343	0.90427	2.136	391.29	0.12706	4.8755e-05	0.067372	supercritical
374.0	271.0	618.8	0.001616	356.31	400.11	1.5306	0.9041	2.1258	394.99	0.12346	4.9283e-05	0.067885	supercritical
374.0	274.25	623.64	0.0016035	355.29	399.27	1.5269	0.90393	2.1157	398.68	0.12	4.9806e-05	0.068391	supercritical
374.0	277.5	628.37	0.0015914	354.29	398.46	1.5234	0.90377	2.1058	402.34	0.11667	5.0322e-05	0.068891	supercritical
374.0	280.75	633.0	0.0015798	353.32	397.67	1.5199	0.90361	2.0961	405.98	0.11345	5.0833e-05	0.069384	supercritical
374.0	284.0	637.52	0.0015686	352.36	396.91	1.5165	0.90346	2.0865	409.6	0.11035	5.1339e-05	0.069871	supercritical
374.0	287.25	641.94	0.0015578	351.43	396.17	1.5132	0.90332	2.0771	413.2	0.10736	5.1838e-05	0.070353	supercritical
374.0	290.5	646.27	0.0015473	350.51	395.46	1.5099	0.90318	2.0679	416.77	0.10448	5.2333e-05	0.070828	supercritical
374.0	293.75	650.51	0.0015372	349.61	394.77	1.5067	0.90304	2.0589	420.32	0.10169	5.2822e-05	0.071297	supercritical
374.0	297.0	654.66	0.0015275	348.73	394.1	1.5036	0.90292	2.0501	423.85	0.098995	5.3306e-05	0.071761	supercritical
374.0	300.25	658.73	0.0015181	347.87	393.45	1.5005	0.9028	2.0414	427.35	0.096392	5.3786e-05	0.07222	supercritical
374.0	303.5	662.71	0.0015089	347.02	392.82	1.4975	0.90268	2.033	430.83	0.093874	5.426e-05	0.072673	supercritical
374.0	306.75	666.62	0.0015001	346.19	392.21	1.4946	0.90257	2.0246	434.29	0.091438	5.4729e-05	0.073121	supercritical
374.0	310.0	670.44	0.0014915	345.38	391.62	1.4917	0.90247	2.0165	437.72	0.089079	5.5194e-05	0.073564	supercritical
374.0	313.25	674.2	0.0014832	344.58	391.04	1.4889	0.90237	2.0085	441.13	0.086795	5.5654e-05	0.074002	supercritical
374.0	316.5	677.88	0.0014752	343.79	390.48	1.4861	0.90228	2.0007	444.52	0.084582	5.611e-05	0.074436	supercritical
374.0	319.75	681.49	0.0014674	343.02	389.94	1.4834	0.90219	1.9931	447.88	0.082437	5.6561e-05	0.074865	supercritical
374.0	323.0	685.04	0.0014598	342.26	389.41	1.4807	0.90211	1.9856	451.22	0.080357	5.7008e-05	0.075289	supercritical
374.0	326.25	688.52	0.0014524	341.52	388.9	1.4781	0.90204	1.9782	454.53	0.078339	5.7451e-05	0.075709	supercritical
374.0	329.5	691.94	0.0014452	340.79	388.41	1.4755	0.90197	1.9711	457.83	0.076381	5.7889e-05	0.076125	supercritical
374.0	332.75	695.3	0.0014382	340.07	387.92	1.4729	0.90191	1.964	461.1	0.074479	5.8324e-05	0.076537	supercritical
374.0	336.0	698.6	0.0014314	339.36	387.46	1.4704	0.90185	1.9571	464.34	0.072632	5.8755e-05	0.076944	supercritical
374.0	339.25	701.84	0.0014248	338.66	387.0	1.468	0.90179	1.9504	467.57	0.070838	5.9181e-05	0.077348	supercritical
374.0	342.5	705.03	0.0014184	337.98	386.56	1.4656	0.90174	1.9437	470.77	0.069093	5.9604e-05	0.077748	supercritical
374.0	345.75	708.16	0.0014121	337.3	386.13	1.4632	0.9017	1.9372	473.96	0.067397	6.0024e-05	0.078144	supercritical
374.0	349.0	711.25	0.001406	336.64	385.71	1.4608	0.90166	1.9309	477.12	0.065748	6.044e-05	0.078536	supercritical
374.0	352.25	714.28	0.0014	335.99	385.3	1.4585	0.90163	1.9247	480.25	0.064143	6.0852e-05	0.078925	supercritical
374.0	355.5	717.26	0.0013942	335.34	384.91	1.4563	0.9016	1.9186	483.37	0.062581	6.1261e-05	0.07931	supercritical
374.0	358.75	720.2	0.0013885	334.71	384.52	1.454	0.90157	1.9126	486.47	0.06106	6.1666e-05	0.079692	supercritical
374.0	362.0	723.09	0.001383	334.08	384.15	1.4518	0.90155	1.9067	489.54	0.059579	6.2068e-05	0.08007	supercritical
374.0	365.25	725.94	0.0013775	333.47	383.78	1.4496	0.90153	1.901	492.6	0.058137	6.2467e-05	0.080446	supercritical
374.0	368.5	728.74	0.0013722	332.86	383.43	1.4475	0.90152	1.8954	495.63	0.056731	6.2863e-05	0.080818	supercritical
374.0	371.75	731.5	0.0013671	332.26	383.08	1.4454	0.90151	1.8898	498.65	0.055361	6.3255e-05	0.081187	supercritical
374.0	375.0	734.22	0.001362	331.67	382.75	1.4433	0.90151	1.8844	501.64	0.054025	6.3645e-05	0.081553	supercritical
374.0	378.25	736.9	0.001357	331.09	382.42	1.4412	0.9015	1.8791	504.61	0.052723	6.4032e-05	0.081916	supercritical
374.0	381.5	739.54	0.0013522	330.52	382.1	1.4392	0.90151	1.874	507.57	0.051452	6.4416e-05	0.082276	supercritical
374.0	384.75	742.14	0.0013474	329.95	381.79	1.4372	0.90151	1.8689	510.5	0.050212	6.4797e-05	0.082633	supercritical
374.0	388.0	744.71	0.0013428	329.39	381.49	1.4352	0.90152	1.8639	513.41	0.049003	6.5175e-05	0.082988	supercritical
374.0	391.25	747.24	0.0013383	328.84	381.2	1.4333	0.90153	1.859	516.31	0.047822	6.555e-05	0.08334	supercritical
374.0	394.5	749.74	0.0013338	328.3	380.92	1.4314	0.90155	1.8542	519.19	0.046669	6.5923e-05	0.083689	supercritical
374.0	397.75	752.2	0.0013294	327.76	380.64	1.4295	0.90157	1.8495	522.04	0.045543	6.6294e-05	0.084035	supercritical
374.0	401.0	754.63	0.0013251	327.23	380.37	1.4276	0.90159	1.8449	524.88	0.044443	6.6661e-05	0.084379	supercritical
374.0	404.25	757.03	0.001321	326.71	380.11	1.4258	0.90161	1.8404	527.7	0.043368	6.7027e-05	0.084721	supercritical
374.0	407.5	759.4	0.0013168	326.19	379.85	1.4239	0.90164	1.8359	530.51	0.042318	6.7389e-05	0.08506	supercritical
374.0	410.75	761.73	0.0013128	325.68	379.6	1.4221	0.90167	1.8316	533.29	0.041291	6.775e-05	0.085397	supercritical
374.0	414.0	764.04	0.0013088	325.17	379.36	1.4203	0.9017	1.8273	536.06	0.040288	6.8108e-05	0.085731	supercritical
374.0	417.25	766.32	0.0013049	324.67	379.12	1.4186	0.90174	1.8231	538.81	0.039306	6.8464e-05	0.086063	supercritical
374.0	420.5	768.57	0.0013011	324.18	378.89	1.4168	0.90178	1.819	541.54	0.038346	6.8817e-05	0.086393	supercritical
374.0	423.75	770.79	0.0012974	323.69	378.67	1.4151	0.90182	1.815	544.25	0.037407	6.9169e-05	0.086721	supercritical
374.0	427.0	772.98	0.0012937	323.21	378.45	1.4134	0.90186	1.811	546.95	0.036488	6.9518e-05	0.087047	supercritical
374.0	430.25	775.15	0.0012901	322.73	378.24	1.4117	0.90191	1.8072	549.63	0.035589	6.9865e-05	0.08737	supercritical
374.0	433.5	777.3	0.0012865	322.26	378.03	1.41	0.90196	1.8034	552.3	0.034709	7.021e-05	0.087692	supercritical
374.0	436.75	779.41	0.001283	321.8	377.83	1.4084	0.90201	1.7996	554.94	0.033847	7.0553e-05	0.088011	supercritical
374.0	440.0	781.51	0.0012796	321.33	377.64	1.4067	0.90206	1.796	557.57	0.033003	7.0894e-05	0.088328	supercritical
374.0	443.25	783.58	0.0012762	320.88	377.45	1.4051	0.90211	1.7924	560.19	0.032176	7.1233e-05	0.088644	supercritical
374.0	446.5	785.62	0.0012729	320.43	377.26	1.4035	0.90217	1.7888	562.79	0.031366	7.157e-05	0.088957	supercritical
374.0	449.75	787.65	0.0012696	319.98	377.08	1.4019	0.90223	1.7853	565.37	0.030573	7.1906e-05	0.089269	supercritical
374.0	453.0	789.65	0.0012664	319.54	376.91	1.4004	0.90229	1.7819	567.94	0.029795	7.2239e-05	0.089579	supercritical
374.0	456.25	791.63	0.0012632	319.1	376.74	1.3988	0.90235	1.7786	570.5	0.029033	7.2571e-05	0.089887	supercritical
374.0	459.5	793.58	0.0012601	318.67	376.57	1.3973	0.90241	1.7753	573.03	0.028286	7.2901e-05	0.090193	supercritical
374.0	462.75	795.52	0.001257	318.24	376.41	1.3957	0.90248	1.7721	575.56	0.027553	7.3229e-05	0.090498	supercritical
374.0	466.0	797.44	0.001254	317.82	376.25	1.3942	0.90255	1.7689	578.07	0.026835	7.3555e-05	0.090801	supercritical
374.0	469.25	799.33	0.001251	317.4	376.1	1.3927	0.90262	1.7658	580.56	0.02613	7.388e-05	0.091102	supercritical
374.0	472.5	801.21	0.0012481	316.98	375.95	1.3912	0.90269	1.7627	583.04	0.025439	7.4203e-05	0.091401	supercritical
374.0	475.75	803.07	0.0012452	316.57	375.81	1.3898	0.90276	1.7597	585.51	0.024761	7.4525e-05	0.091699	supercritical
374.0	479.0	804.9	0.0012424	316.16	375.67	1.3883	0.90284	1.7567	587.96	0.024095	7.4845e-05	0.091996	supercritical
374.0	482.25	806.72	0.0012396	315.76	375.53	1.3869	0.90291	1.7538	590.4	0.023442	7.5163e-05	0.09229	supercritical
374.0	485.5	808.53	0.0012368	315.36	375.4	1.3855	0.90299	1.7509	592.82	0.022801	7.548e-05	0.092584	supercritical
374.0	488.75	810.31	0.0012341	314.96	375.28	1.384	0.90307	1.7481	595.23	0.022171	7.5795e-05	0.092875	supercritical
374.0	492.0	812.08	0.0012314	314.57	375.15	1.3826	0.90315	1.7453	597.63	0.021553	7.6109e-05	0.093166	supercritical
374.0	495.25	813.83	0.0012288	314.18	375.03	1.3812	0.90323	1.7426	600.01	0.020946	7.6422e-05	0.093454	supercritical
374.0	498.5	815.56	0.0012261	313.79	374.91	1.3799	0.90332	1.7399	602.38	0.02035	7.6733e-05	0.093742	supercritical
374.0	501.75	817.28	0.0012236	313.41	374.8	1.3785	0.9034	1.7373	604.74	0.019764	7.7042e-05	0.094028	supercritical
374.0	505.0	818.98	0.001221	313.03	374.69	1.3771	0.90349	1.7347	607.09	0.019188	7.7351e-05	0.094312	supercritical
374.0	508.25	820.66	0.0012185	312.65	374.58	1.3758	0.90358	1.7321	609.42	0.018623	7.7658e-05	0.094596	supercritical
374.0	511.5	822.33	0.001216	312.28	374.48	1.3745	0.90366	1.7296	611.74	0.018067	7.7963e-05	0.094878	supercritical
374.0	514.75	823.99	0.0012136	311.91	374.38	1.3731	0.90375	1.7272	614.05	0.01752	7.8268e-05	0.095158	supercritical
374.0	518.0	825.63	0.0012112	311.54	374.28	1.3718	0.90384	1.7247	616.35	0.016983	7.8571e-05	0.095437	supercritical
374.0	521.25	827.25	0.0012088	311.18	374.19	1.3705	0.90394	1.7223	618.63	0.016455	7.8872e-05	0.095715	supercritical
374.0	524.5	828.87	0.0012065	310.82	374.1	1.3692	0.90403	1.72	620.9	0.015936	7.9173e-05	0.095992	supercritical
374.0	527.75	830.46	0.0012041	310.46	374.01	1.368	0.90413	1.7176	623.16	0.015425	7.9472e-05	0.096268	supercritical
374.0	531.0	832.05	0.0012019	310.11	373.93	1.3667	0.90422	1.7153	625.41	0.014922	7.977e-05	0.096542	supercritical
374.0	534.25	833.62	0.0011996	309.76	373.85	1.3654	0.90432	1.7131	627.65	0.014428	8.0067e-05	0.096815	supercritical
374.0	537.5	835.17	0.0011974	309.41	373.77	1.3642	0.90442	1.7109	629.88	0.013942	8.0363e-05	0.097087	supercritical
374.0	540.75	836.71	0.0011952	309.06	373.69	1.3629	0.90451	1.7087	632.09	0.013463	8.0658e-05	0.097358	supercritical
374.0	544.0	838.24	0.001193	308.72	373.62	1.3617	0.90461	1.7065	634.3	0.012992	8.0951e-05	0.097627	supercritical
374.0	547.25	839.76	0.0011908	308.38	373.55	1.3605	0.90471	1.7044	636.49	0.012529	8.1243e-05	0.097896	supercritical
374.0	550.5	841.27	0.0011887	308.04	373.48	1.3593	0.90482	1.7023	638.67	0.012073	8.1535e-05	0.098163	supercritical
374.0	553.75	842.76	0.0011866	307.71	373.41	1.358	0.90492	1.7002	640.85	0.011623	8.1825e-05	0.098429	supercritical
374.0	557.0	844.24	0.0011845	307.37	373.35	1.3568	0.90502	1.6982	643.01	0.011181	8.2114e-05	0.098695	supercritical
374.0	560.25	845.71	0.0011824	307.04	373.29	1.3557	0.90513	1.6962	645.16	0.010746	8.2402e-05	0.098959	supercritical
374.0	563.5	847.17	0.0011804	306.72	373.23	1.3545	0.90523	1.6942	647.3	0.010317	8.2689e-05	0.099222	supercritical
374.0	566.75	848.61	0.0011784	306.39	373.18	1.3533	0.90534	1.6923	649.43	0.0098945	8.2976e-05	0.099484	supercritical
374.0	570.0	850.05	0.0011764	306.07	373.12	1.3521	0.90545	1.6903	651.55	0.0094784	8.3261e-05	0.099745	supercritical
374.0	573.25	851.47	0.0011744	305.75	373.07	1.351	0.90555	1.6885	653.66	0.0090685	8.3545e-05	0.1	supercritical
374.0	576.5	852.89	0.0011725	305.43	373.02	1.3498	0.90566	1.6866	655.76	0.0086646	8.3828e-05	0.10026	supercritical
374.0	579.75	854.29	0.0011706	305.11	372.98	1.3487	0.90577	1.6847	657.85	0.0082666	8.411e-05	0.10052	supercritical
374.0	583.0	855.68	0.0011687	304.8	372.93	1.3476	0.90588	1.6829	659.94	0.0078744	8.4391e-05	0.10078	supercritical
374.0	586.25	857.06	0.0011668	304.49	372.89	1.3464	0.90599	1.6811	662.01	0.0074879	8.4672e-05	0.10104	supercritical
374.0	589.5	858.43	0.0011649	304.18	372.85	1.3453	0.90611	1.6793	664.07	0.0071069	8.4951e-05	0.10129	supercritical
374.0	592.75	859.79	0.0011631	303.87	372.81	1.3442	0.90622	1.6776	666.12	0.0067313	8.523e-05	0.10154	supercritical
374.0	596.0	861.14	0.0011612	303.57	372.78	1.3431	0.90633	1.6759	668.17	0.006361	8.5507e-05	0.1018	supercritical
374.0	599.25	862.48	0.0011594	303.26	372.74	1.342	0.90645	1.6742	670.2	0.0059959	8.5784e-05	0.10205	supercritical
374.0	602.5	863.82	0.0011577	302.96	372.71	1.3409	0.90656	1.6725	672.23	0.0056359	8.606e-05	0.1023	supercritical
374.0	605.75	865.14	0.0011559	302.66	372.68	1.3398	0.90668	1.6708	674.25	0.0052809	8.6335e-05	0.10255	supercritical
374.0	609.0	866.45	0.0011541	302.37	372.65	1.3387	0.90679	1.6692	676.26	0.0049308	8.661e-05	0.1028	supercritical
374.0	612.25	867.75	0.0011524	302.07	372.63	1.3377	0.90691	1.6676	678.26	0.0045854	8.6883e-05	0.10305	supercritical
374.0	615.5	869.05	0.0011507	301.78	372.61	1.3366	0.90703	1.666	680.25	0.0042447	8.7156e-05	0.1033	supercritical
374.0	618.75	870.33	0.001149	301.49	372.58	1.3355	0.90714	1.6644	682.23	0.0039086	8.7428e-05	0.10355	supercritical
374.0	622.0	871.61	0.0011473	301.2	372.56	1.3345	0.90726	1.6628	684.2	0.003577	8.7699e-05	0.10379	supercritical
374.0	625.25	872.88	0.0011456	300.91	372.54	1.3334	0.90738	1.6613	686.17	0.0032498	8.7969e-05	0.10404	supercritical
374.0	628.5	874.14	0.001144	300.63	372.53	1.3324	0.9075	1.6598	688.13	0.0029269	8.8238e-05	0.10428	supercritical
374.0	631.75	875.39	0.0011423	300.35	372.51	1.3314	0.90762	1.6583	690.08	0.0026082	8.8507e-05	0.10453	supercritical
374.0	635.0	876.63	0.0011407	300.06	372.5	1.3303	0.90774	1.6568	692.02	0.0022937	8.8775e-05	0.10477	supercritical
374.0	638.25	877.87	0.0011391	299.78	372.49	1.3293	0.90786	1.6553	693.95	0.0019833	8.9042e-05	0.10501	supercritical
374.0	641.5	879.09	0.0011375	299.51	372.48	1.3283	0.90799	1.6539	695.88	0.0016768	8.9309e-05	0.10525	supercritical
374.0	644.75	880.31	0.001136	299.23	372.47	1.3273	0.90811	1.6525	697.8	0.0013743	8.9575e-05	0.1055	supercritical
374.0	648.0	881.52	0.0011344	298.95	372.46	1.3263	0.90823	1.6511	699.7	0.0010756	8.984e-05	0.10574	supercritical
374.0	651.25	882.73	0.0011329	298.68	372.46	1.3253	0.90836	1.6497	701.61	0.00078072	9.0104e-05	0.10597	supercritical
374.0	654.5	883.92	0.0011313	298.41	372.46	1.3243	0.90848	1.6483	703.5	0.0004895	9.0368e-05	0.10621	supercritical
374.0	657.75	885.11	0.0011298	298.14	372.45	1.3233	0.9086	1.6469	705.39	0.00020192	9.0631e-05	0.10645	supercritical
374.0	661.0	886.29	0.0011283	297.87	372.45	1.3223	0.90873	1.6456	707.27	-8.2111e-05	9.0893e-05	0.10669	supercritical
374.0	664.25	887.46	0.0011268	297.61	372.45	1.3214	0.90886	1.6442	709.14	-0.00036264	9.1155e-05	0.10693	supercritical
374.0	667.5	888.63	0.0011253	297.34	372.46	1.3204	0.90898	1.6429	711.0	-0.00063974	9.1416e-05	0.10716	supercritical
374.0	670.75	889.79	0.0011239	297.08	372.46	1.3194	0.90911	1.6416	712.86	-0.00091347	9.1676e-05	0.1074	supercritical
374.0	674.0	890.94	0.0011224	296.82	372.47	1.3185	0.90924	1.6403	714.71	-0.0011839	9.1936e-05	0.10763	supercritical
374.0	677.25	892.08	0.001121	296.56	372.47	1.3175	0.90936	1.6391	716.55	-0.0014511	9.2195e-05	0.10786	supercritical
374.0	680.5	893.22	0.0011195	296.3	372.48	1.3166	0.90949	1.6378	718.39	-0.001715	9.2454e-05	0.1081	supercritical
374.0	683.75	894.35	0.0011181	296.04	372.49	1.3156	0.90962	1.6366	720.22	-0.0019759	9.2712e-05	0.10833	supercritical
374.0	687.0	895.47	0.0011167	295.78	372.5	1.3147	0.90975	1.6353	722.04	-0.0022336	9.2969e-05	0.10856	supercritical
374.0	690.25	896.59	0.0011153	295.53	372.52	1.3137	0.90988	1.6341	723.85	-0.0024884	9.3226e-05	0.10879	supercritical
374.0	693.5	897.7	0.001114	295.28	372.53	1.3128	0.91001	1.6329	725.66	-0.0027401	9.3482e-05	0.10902	supercritical
374.0	696.75	898.81	0.0011126	295.03	372.54	1.3119	0.91014	1.6317	727.46	-0.002989	9.3737e-05	0.10925	supercritical
374.0	700.0	899.9	0.0011112	294.78	372.56	1.3109	0.91027	1.6305	729.26	-0.0032349	9.3992e-05	0.10948	supercritical
374.0	703.25	900.99	0.0011099	294.53	372.58	1.31	0.9104	1.6294	731.05	-0.0034781	9.4246e-05	0.10971	supercritical
374.0	706.5	902.08	0.0011085	294.28	372.6	1.3091	0.91053	1.6282	732.83	-0.0037185	9.45e-05	0.10994	supercritical
374.0	709.75	903.16	0.0011072	294.03	372.62	1.3082	0.91066	1.6271	734.6	-0.0039561	9.4753e-05	0.11017	supercritical
374.0	713.0	904.23	0.0011059	293.79	372.64	1.3073	0.91079	1.6259	736.37	-0.0041911	9.5006e-05	0.11039	supercritical
374.0	716.25	905.3	0.0011046	293.55	372.66	1.3064	0.91093	1.6248	738.13	-0.0044234	9.5258e-05	0.11062	supercritical
374.0	719.5	906.36	0.0011033	293.3	372.69	1.3055	0.91106	1.6237	739.89	-0.0046532	9.5509e-05	0.11085	supercritical
374.0	722.75	907.42	0.001102	293.06	372.71	1.3046	0.91119	1.6226	741.64	-0.0048804	9.5761e-05	0.11107	supercritical
374.0	726.0	908.46	0.0011008	292.82	372.74	1.3037	0.91133	1.6215	743.38	-0.005105	9.6011e-05	0.11129	supercritical
374.0	729.25	909.51	0.0010995	292.58	372.77	1.3029	0.91146	1.6205	745.12	-0.0053272	9.6261e-05	0.11152	supercritical
374.0	732.5	910.55	0.0010982	292.35	372.79	1.302	0.91159	1.6194	746.85	-0.005547	9.651e-05	0.11174	supercritical
374.0	735.75	911.58	0.001097	292.11	372.82	1.3011	0.91173	1.6184	748.57	-0.0057644	9.6759e-05	0.11196	supercritical
374.0	739.0	912.61	0.0010958	291.88	372.85	1.3002	0.91186	1.6173	750.29	-0.0059795	9.7008e-05	0.11219	supercritical
374.0	742.25	913.63	0.0010945	291.64	372.89	1.2994	0.912	1.6163	752.0	-0.0061922	9.7256e-05	0.11241	supercritical
374.0	745.5	914.64	0.0010933	291.41	372.92	1.2985	0.91213	1.6153	753.71	-0.0064027	9.7503e-05	0.11263	supercritical
374.0	748.75	915.65	0.0010921	291.18	372.95	1.2976	0.91227	1.6143	755.41	-0.0066109	9.775e-05	0.11285	supercritical
374.0	752.0	916.66	0.0010909	290.95	372.99	1.2968	0.91241	1.6133	757.11	-0.006817	9.7997e-05	0.11307	supercritical
374.0	755.25	917.66	0.0010897	290.72	373.03	1.2959	0.91254	1.6123	758.8	-0.0070208	9.8243e-05	0.11329	supercritical
374.0	758.5	918.65	0.0010886	290.5	373.06	1.2951	0.91268	1.6113	760.48	-0.0072226	9.8488e-05	0.11351	supercritical
374.0	761.75	919.64	0.0010874	290.27	373.1	1.2942	0.91282	1.6103	762.16	-0.0074222	9.8733e-05	0.11373	supercritical
374.0	765.0	920.63	0.0010862	290.04	373.14	1.2934	0.91295	1.6094	763.83	-0.0076197	9.8978e-05	0.11394	supercritical
374.0	768.25	921.61	0.0010851	289.82	373.18	1.2926	0.91309	1.6084	765.49	-0.0078153	9.9222e-05	0.11416	supercritical
374.0	771.5	922.58	0.0010839	289.6	373.22	1.2917	0.91323	1.6075	767.16	-0.0080088	9.9465e-05	0.11438	supercritical
374.0	774.75	923.55	0.0010828	289.38	373.26	1.2909	0.91337	1.6065	768.81	-0.0082003	9.9709e-05	0.1146	supercritical
374.0	778.0	924.51	0.0010816	289.16	373.31	1.2901	0.91351	1.6056	770.46	-0.0083899	9.9952e-05	0.11481	supercritical
374.0	781.25	925.47	0.0010805	288.94	373.35	1.2893	0.91365	1.6047	772.11	-0.0085776	0.00010019	0.11503	supercritical
374.0	784.5	926.43	0.0010794	288.72	373.4	1.2884	0.91379	1.6038	773.74	-0.0087633	0.00010044	0.11524	supercritical
374.0	787.75	927.38	0.0010783	288.5	373.44	1.2876	0.91392	1.6029	775.38	-0.0089473	0.00010068	0.11546	supercritical
374.0	791.0	928.33	0.0010772	288.28	373.49	1.2868	0.91406	1.602	777.01	-0.0091294	0.00010092	0.11567	supercritical
374.0	794.25	929.27	0.0010761	288.07	373.54	1.286	0.9142	1.6011	778.63	-0.0093097	0.00010116	0.11588	supercritical
374.0	797.5	930.2	0.001075	287.85	373.59	1.2852	0.91434	1.6002	780.25	-0.0094882	0.0001014	0.1161	supercritical
374.0	800.75	931.14	0.001074	287.64	373.64	1.2844	0.91448	1.5994	781.86	-0.0096649	0.00010164	0.11631	supercritical
374.0	804.0	932.06	0.0010729	287.43	373.69	1.2836	0.91463	1.5985	783.47	-0.0098399	0.00010188	0.11652	supercritical
374.0	807.25	932.99	0.0010718	287.22	373.74	1.2828	0.91477	1.5977	785.07	-0.010013	0.00010212	0.11673	supercritical
374.0	810.5	933.91	0.0010708	287.01	373.79	1.282	0.91491	1.5968	786.67	-0.010185	0.00010236	0.11694	supercritical
374.0	813.75	934.82	0.0010697	286.8	373.85	1.2812	0.91505	1.596	788.26	-0.010355	0.00010259	0.11716	supercritical
374.0	817.0	935.73	0.0010687	286.59	373.9	1.2805	0.91519	1.5952	789.85	-0.010523	0.00010283	0.11737	supercritical
374.0	820.25	936.64	0.0010677	286.38	373.95	1.2797	0.91533	1.5944	791.43	-0.01069	0.00010307	0.11758	supercritical
374.0	823.5	937.54	0.0010666	286.17	374.01	1.2789	0.91547	1.5935	793.01	-0.010855	0.00010331	0.11779	supercritical
374.0	826.75	938.43	0.0010656	285.97	374.07	1.2781	0.91562	1.5927	794.58	-0.011019	0.00010354	0.11799	supercritical
374.0	830.0	939.33	0.0010646	285.76	374.12	1.2774	0.91576	1.5919	796.15	-0.011181	0.00010378	0.1182	supercritical
374.0	833.25	940.22	0.0010636	285.56	374.18	1.2766	0.9159	1.5911	797.71	-0.011341	0.00010402	0.11841	supercritical
374.0	836.5	941.1	0.0010626	285.36	374.24	1.2758	0.91604	1.5904	799.27	-0.0115	0.00010425	0.11862	supercritical
374.0	839.75	941.98	0.0010616	285.15	374.3	1.2751	0.91619	1.5896	800.82	-0.011658	0.00010449	0.11883	supercritical
374.0	843.0	942.86	0.0010606	284.95	374.36	1.2743	0.91633	1.5888	802.37	-0.011814	0.00010472	0.11903	supercritical
374.0	846.25	943.73	0.0010596	284.75	374.42	1.2735	0.91647	1.588	803.91	-0.011969	0.00010496	0.11924	supercritical
374.0	849.5	944.6	0.0010586	284.55	374.49	1.2728	0.91662	1.5873	805.45	-0.012122	0.00010519	0.11945	supercritical
374.0	852.75	945.47	0.0010577	284.36	374.55	1.272	0.91676	1.5865	806.99	-0.012274	0.00010542	0.11965	supercritical
374.0	856.0	946.33	0.0010567	284.16	374.61	1.2713	0.91691	1.5858	808.52	-0.012424	0.00010566	0.11986	supercritical
374.0	859.25	947.19	0.0010558	283.96	374.68	1.2705	0.91705	1.5851	810.04	-0.012573	0.00010589	0.12006	supercritical
374.0	862.5	948.04	0.0010548	283.76	374.74	1.2698	0.9172	1.5843	811.57	-0.012721	0.00010612	0.12027	supercritical
374.0	865.75	948.89	0.0010539	283.57	374.81	1.2691	0.91734	1.5836	813.08	-0.012868	0.00010636	0.12047	supercritical
374.0	869.0	949.74	0.0010529	283.38	374.87	1.2683	0.91749	1.5829	814.59	-0.013013	0.00010659	0.12067	supercritical
374.0	872.25	950.58	0.001052	283.18	374.94	1.2676	0.91763	1.5822	816.1	-0.013157	0.00010682	0.12088	supercritical
374.0	875.5	951.42	0.0010511	282.99	375.01	1.2669	0.91778	1.5815	817.61	-0.013299	0.00010705	0.12108	supercritical
374.0	878.75	952.26	0.0010501	282.8	375.08	1.2661	0.91792	1.5808	819.1	-0.01344	0.00010728	0.12128	supercritical
374.0	882.0	953.09	0.0010492	282.61	375.15	1.2654	0.91807	1.5801	820.6	-0.01358	0.00010751	0.12149	supercritical
374.0	885.25	953.92	0.0010483	282.42	375.22	1.2647	0.91821	1.5794	822.09	-0.013719	0.00010774	0.12169	supercritical
374.0	888.5	954.75	0.0010474	282.23	375.29	1.264	0.91836	1.5787	823.58	-0.013857	0.00010797	0.12189	supercritical
374.0	891.75	955.57	0.0010465	282.04	375.36	1.2632	0.9185	1.578	825.06	-0.013993	0.0001082	0.12209	supercritical
374.0	895.0	956.39	0.0010456	281.85	375.43	1.2625	0.91865	1.5773	826.54	-0.014129	0.00010843	0.12229	supercritical
374.0	898.25	957.2	0.0010447	281.66	375.5	1.2618	0.9188	1.5767	828.01	-0.014263	0.00010866	0.12249	supercritical
374.0	901.5	958.01	0.0010438	281.48	375.58	1.2611	0.91894	1.576	829.48	-0.014396	0.00010889	0.12269	supercritical
374.0	904.75	958.82	0.0010429	281.29	375.65	1.2604	0.91909	1.5753	830.94	-0.014527	0.00010912	0.12289	supercritical
374.0	908.0	959.63	0.0010421	281.11	375.73	1.2597	0.91924	1.5747	832.4	-0.014658	0.00010935	0.12309	supercritical
374.0	911.25	960.43	0.0010412	280.92	375.8	1.259	0.91938	1.574	833.86	-0.014788	0.00010958	0.12329	supercritical
374.0	914.5	961.23	0.0010403	280.74	375.88	1.2583	0.91953	1.5734	835.31	-0.014916	0.0001098	0.12349	supercritical
374.0	917.75	962.02	0.0010395	280.56	375.95	1.2576	0.91968	1.5728	836.76	-0.015043	0.00011003	0.12369	supercritical
374.0	921.0	962.82	0.0010386	280.37	376.03	1.2569	0.91983	1.5721	838.21	-0.01517	0.00011026	0.12388	supercritical
374.0	924.25	963.6	0.0010378	280.19	376.11	1.2562	0.91997	1.5715	839.65	-0.015295	0.00011048	0.12408	supercritical
374.0	927.5	964.39	0.0010369	280.01	376.19	1.2555	0.92012	1.5709	841.09	-0.015419	0.00011071	0.12428	supercritical
374.0	930.75	965.17	0.0010361	279.83	376.27	1.2548	0.92027	1.5703	842.52	-0.015542	0.00011094	0.12448	supercritical
374.0	934.0	965.95	0.0010352	279.65	376.35	1.2541	0.92042	1.5697	843.95	-0.015665	0.00011116	0.12467	supercritical
374.0	937.25	966.73	0.0010344	279.48	376.43	1.2534	0.92057	1.5691	845.37	-0.015786	0.00011139	0.12487	supercritical
374.0	940.5	967.5	0.0010336	279.3	376.51	1.2527	0.92071	1.5685	846.8	-0.015906	0.00011161	0.12506	supercritical
374.0	943.75	968.27	0.0010328	279.12	376.59	1.2521	0.92086	1.5679	848.21	-0.016025	0.00011184	0.12526	supercritical
374.0	947.0	969.04	0.0010319	278.95	376.67	1.2514	0.92101	1.5673	849.63	-0.016143	0.00011206	0.12546	supercritical
374.0	950.25	969.81	0.0010311	278.77	376.75	1.2507	0.92116	1.5667	851.04	-0.016261	0.00011229	0.12565	supercritical
374.0	953.5	970.57	0.0010303	278.6	376.84	1.25	0.92131	1.5661	852.44	-0.016377	0.00011251	0.12584	supercritical
374.0	956.75	971.33	0.0010295	278.42	376.92	1.2494	0.92146	1.5655	853.85	-0.016492	0.00011274	0.12604	supercritical
374.0	960.0	972.08	0.0010287	278.25	377.0	1.2487	0.92161	1.5649	855.25	-0.016607	0.00011296	0.12623	supercritical
374.0	963.25	972.84	0.0010279	278.07	377.09	1.248	0.92176	1.5644	856.64	-0.01672	0.00011319	0.12643	supercritical
374.0	966.5	973.59	0.0010271	277.9	377.17	1.2474	0.92191	1.5638	858.03	-0.016833	0.00011341	0.12662	supercritical
374.0	969.75	974.33	0.0010263	277.73	377.26	1.2467	0.92206	1.5632	859.42	-0.016945	0.00011363	0.12681	supercritical
374.0	973.0	975.08	0.0010256	277.56	377.35	1.246	0.92221	1.5627	860.81	-0.017056	0.00011386	0.12701	supercritical
374.0	976.25	975.82	0.0010248	277.39	377.43	1.2454	0.92236	1.5621	862.19	-0.017166	0.00011408	0.1272	supercritical
374.0	979.5	976.56	0.001024	277.22	377.52	1.2447	0.92251	1.5616	863.56	-0.017275	0.0001143	0.12739	supercritical
374.0	982.75	977.3	0.0010232	277.05	377.61	1.2441	0.92266	1.561	864.94	-0.017383	0.00011452	0.12758	supercritical
374.0	986.0	978.03	0.0010225	276.88	377.7	1.2434	0.92281	1.5605	866.31	-0.017491	0.00011474	0.12777	supercritical
374.0	989.25	978.76	0.0010217	276.71	377.79	1.2428	0.92296	1.5599	867.67	-0.017597	0.00011497	0.12797	supercritical
374.0	992.5	979.49	0.0010209	276.55	377.88	1.2421	0.92311	1.5594	869.04	-0.017703	0.00011519	0.12816	supercritical
374.0	995.75	980.21	0.0010202	276.38	377.97	1.2415	0.92326	1.5589	870.4	-0.017808	0.00011541	0.12835	supercritical
374.0	999.0	980.94	0.0010194	276.21	378.06	1.2408	0.92341	1.5584	871.75	-0.017912	0.00011563	0.12854	supercritical
374.0	1002.2	981.66	0.0010187	276.05	378.15	1.2402	0.92356	1.5578	873.11	-0.018016	0.00011585	0.12873	supercritical
374.0	1005.5	982.37	0.0010179	275.88	378.24	1.2395	0.92371	1.5573	874.45	-0.018118	0.00011607	0.12893	supercritical
374.0	1008.8	983.09	0.0010172	275.72	378.33	1.2389	0.92386	1.5568	875.8	-0.01822	0.00011629	0.12912	supercritical
374.0	1012.0	983.8	0.0010165	275.56	378.42	1.2383	0.92401	1.5563	877.14	-0.018321	0.00011651	0.12931	supercritical
374.0	1015.2	984.51	0.0010157	275.39	378.52	1.2376	0.92416	1.5558	878.48	-0.018421	0.00011673	0.1295	supercritical
374.0	1018.5	985.22	0.001015	275.23	378.61	1.237	0.92431	1.5553	879.82	-0.018521	0.00011695	0.12969	supercritical
374.0	1021.8	985.93	0.0010143	275.07	378.7	1.2364	0.92446	1.5548	881.15	-0.01862	0.00011717	0.12988	supercritical
374.0	1025.0	986.63	0.0010136	274.91	378.8	1.2357	0.92461	1.5543	882.48	-0.018718	0.00011739	0.13007	supercritical
374.0	1028.2	987.33	0.0010128	274.75	378.89	1.2351	0.92477	1.5538	883.81	-0.018815	0.00011761	0.13026	supercritical
374.0	1031.5	988.03	0.0010121	274.59	378.99	1.2345	0.92492	1.5533	885.13	-0.018912	0.00011783	0.13045	supercritical
374.0	1034.8	988.72	0.0010114	274.43	379.08	1.2339	0.92507	1.5528	886.45	-0.019008	0.00011805	0.13063	supercritical
374.0	1038.0	989.42	0.0010107	274.27	379.18	1.2332	0.92522	1.5523	887.77	-0.019103	0.00011826	0.13082	supercritical
374.0	1041.2	990.11	0.00101	274.11	379.28	1.2326	0.92537	1.5518	889.08	-0.019197	0.00011848	0.13101	supercritical
374.0	1044.5	990.79	0.0010093	273.95	379.37	1.232	0.92552	1.5514	890.39	-0.019291	0.0001187	0.1312	supercritical
374.0	1047.8	991.48	0.0010086	273.8	379.47	1.2314	0.92568	1.5509	891.7	-0.019384	0.00011892	0.13139	supercritical
374.0	1051.0	992.16	0.0010079	273.64	379.57	1.2308	0.92583	1.5504	893.0	-0.019477	0.00011914	0.13157	supercritical
374.0	1054.2	992.85	0.0010072	273.48	379.67	1.2302	0.92598	1.55	894.3	-0.019568	0.00011935	0.13176	supercritical
374.0	1057.5	993.52	0.0010065	273.33	379.77	1.2296	0.92613	1.5495	895.6	-0.019659	0.00011957	0.13195	supercritical
374.0	1060.8	994.2	0.0010058	273.17	379.86	1.2289	0.92628	1.549	896.89	-0.01975	0.00011979	0.13213	supercritical
374.0	1064.0	994.88	0.0010052	273.02	379.96	1.2283	0.92644	1.5486	898.18	-0.01984	0.00012	0.13232	supercritical
374.0	1067.2	995.55	0.0010045	272.86	380.06	1.2277	0.92659	1.5481	899.47	-0.019929	0.00012022	0.13251	supercritical
374.0	1070.5	996.22	0.0010038	272.71	380.16	1.2271	0.92674	1.5477	900.76	-0.020017	0.00012044	0.13269	supercritical
374.0	1073.8	996.89	0.0010031	272.56	380.27	1.2265	0.92689	1.5472	902.04	-0.020105	0.00012065	0.13288	supercritical
374.0	1077.0	997.55	0.0010025	272.4	380.37	1.2259	0.92705	1.5468	903.32	-0.020193	0.00012087	0.13306	supercritical
374.0	1080.2	998.22	0.0010018	272.25	380.47	1.2253	0.9272	1.5463	904.6	-0.020279	0.00012108	0.13325	supercritical
374.0	1083.5	998.88	0.0010011	272.1	380.57	1.2247	0.92735	1.5459	905.87	-0.020365	0.0001213	0.13343	supercritical
374.0	1086.8	999.54	0.0010005	271.95	380.67	1.2241	0.9275	1.5455	907.14	-0.020451	0.00012152	0.13362	supercritical
374.0	1090.0	1000.2	0.00099981	271.8	380.78	1.2235	0.92766	1.545	908.41	-0.020536	0.00012173	0.1338	supercritical
374.0	1093.2	1000.8	0.00099915	271.65	380.88	1.223	0.92781	1.5446	909.67	-0.02062	0.00012195	0.13398	supercritical
374.0	1096.5	1001.5	0.0009985	271.5	380.98	1.2224	0.92796	1.5442	910.93	-0.020703	0.00012216	0.13417	supercritical
374.0	1099.8	1002.2	0.00099785	271.35	381.09	1.2218	0.92811	1.5437	912.19	-0.020786	0.00012238	0.13435	supercritical
374.0	1103.0	1002.8	0.00099721	271.2	381.19	1.2212	0.92827	1.5433	913.45	-0.020869	0.00012259	0.13454	supercritical
374.0	1106.2	1003.4	0.00099657	271.05	381.3	1.2206	0.92842	1.5429	914.7	-0.020951	0.0001228	0.13472	supercritical
374.0	1109.5	1004.1	0.00099593	270.9	381.4	1.22	0.92857	1.5425	915.95	-0.021032	0.00012302	0.1349	supercritical
374.0	1112.8	1004.7	0.00099529	270.76	381.51	1.2194	0.92873	1.5421	917.2	-0.021113	0.00012323	0.13508	supercritical
374.0	1116.0	1005.4	0.00099466	270.61	381.61	1.2189	0.92888	1.5417	918.44	-0.021193	0.00012345	0.13527	supercritical
374.0	1119.2	1006.0	0.00099402	270.46	381.72	1.2183	0.92903	1.5413	919.68	-0.021273	0.00012366	0.13545	supercritical
374.0	1122.5	1006.6	0.0009934	270.32	381.83	1.2177	0.92919	1.5409	920.92	-0.021352	0.00012387	0.13563	supercritical
374.0	1125.8	1007.3	0.00099277	270.17	381.93	1.2171	0.92934	1.5405	922.16	-0.021431	0.00012409	0.13581	supercritical
374.0	1129.0	1007.9	0.00099215	270.03	382.04	1.2165	0.92949	1.5401	923.39	-0.021509	0.0001243	0.13599	supercritical
374.0	1132.2	1008.5	0.00099153	269.88	382.15	1.216	0.92965	1.5397	924.62	-0.021587	0.00012451	0.13617	supercritical
374.0	1135.5	1009.2	0.00099091	269.74	382.26	1.2154	0.9298	1.5393	925.85	-0.021664	0.00012473	0.13635	supercritical
374.0	1138.8	1009.8	0.00099029	269.6	382.37	1.2148	0.92996	1.5389	927.07	-0.02174	0.00012494	0.13654	supercritical
374.0	1142.0	1010.4	0.00098968	269.45	382.47	1.2143	0.93011	1.5385	928.3	-0.021816	0.00012515	0.13672	supercritical
374.0	1145.2	1011.0	0.00098907	269.31	382.58	1.2137	0.93026	1.5381	929.52	-0.021892	0.00012536	0.1369	supercritical
374.0	1148.5	1011.7	0.00098846	269.17	382.69	1.2131	0.93042	1.5377	930.73	-0.021967	0.00012557	0.13708	supercritical
374.0	1151.8	1012.3	0.00098786	269.03	382.8	1.2126	0.93057	1.5373	931.95	-0.022041	0.00012579	0.13726	supercritical
374.0	1155.0	1012.9	0.00098726	268.89	382.91	1.212	0.93072	1.5369	933.16	-0.022115	0.000126	0.13744	supercritical
374.0	1158.2	1013.5	0.00098666	268.74	383.02	1.2114	0.93088	1.5366	934.37	-0.022189	0.00012621	0.13761	supercritical
374.0	1161.5	1014.1	0.00098606	268.6	383.14	1.2109	0.93103	1.5362	935.58	-0.022262	0.00012642	0.13779	supercritical
374.0	1164.8	1014.7	0.00098547	268.46	383.25	1.2103	0.93119	1.5358	936.78	-0.022335	0.00012663	0.13797	supercritical
374.0	1168.0	1015.4	0.00098488	268.33	383.36	1.2098	0.93134	1.5354	937.98	-0.022407	0.00012684	0.13815	supercritical
374.0	1171.2	1016.0	0.00098429	268.19	383.47	1.2092	0.93149	1.5351	939.18	-0.022478	0.00012706	0.13833	supercritical
374.0	1174.5	1016.6	0.0009837	268.05	383.58	1.2086	0.93165	1.5347	940.38	-0.022549	0.00012727	0.13851	supercritical
374.0	1177.8	1017.2	0.00098311	267.91	383.7	1.2081	0.9318	1.5344	941.57	-0.02262	0.00012748	0.13869	supercritical
374.0	1181.0	1017.8	0.00098253	267.77	383.81	1.2075	0.93196	1.534	942.76	-0.02269	0.00012769	0.13886	supercritical
374.0	1184.2	1018.4	0.00098195	267.63	383.92	1.207	0.93211	1.5336	943.95	-0.02276	0.0001279	0.13904	supercritical
374.0	1187.5	1019.0	0.00098137	267.5	384.04	1.2064	0.93227	1.5333	945.13	-0.02283	0.00012811	0.13922	supercritical
374.0	1190.8	1019.6	0.0009808	267.36	384.15	1.2059	0.93242	1.5329	946.32	-0.022899	0.00012832	0.1394	supercritical
374.0	1194.0	1020.2	0.00098023	267.22	384.26	1.2053	0.93257	1.5326	947.5	-0.022967	0.00012853	0.13957	supercritical
374.0	1197.2	1020.8	0.00097966	267.09	384.38	1.2048	0.93273	1.5322	948.68	-0.023035	0.00012874	0.13975	supercritical
374.0	1200.5	1021.4	0.00097909	266.95	384.49	1.2043	0.93288	1.5319	949.85	-0.023103	0.00012895	0.13993	supercritical
374.0	1203.8	1021.9	0.00097852	266.82	384.61	1.2037	0.93304	1.5315	951.03	-0.02317	0.00012916	0.1401	supercritical
374.0	1207.0	1022.5	0.00097796	266.68	384.72	1.2032	0.93319	1.5312	952.2	-0.023237	0.00012937	0.14028	supercritical
374.0	1210.2	1023.1	0.0009774	266.55	384.84	1.2026	0.93335	1.5308	953.37	-0.023303	0.00012958	0.14046	supercritical
374.0	1213.5	1023.7	0.00097684	266.42	384.96	1.2021	0.9335	1.5305	954.53	-0.023369	0.00012979	0.14063	supercritical
374.0	1216.8	1024.3	0.00097628	266.28	385.07	1.2016	0.93366	1.5302	955.7	-0.023434	0.00013	0.14081	supercritical
374.0	1220.0	1024.9	0.00097573	266.15	385.19	1.201	0.93381	1.5298	956.86	-0.0235	0.0001302	0.14098	supercritical
374.0	1223.2	1025.5	0.00097517	266.02	385.31	1.2005	0.93397	1.5295	958.02	-0.023564	0.00013041	0.14116	supercritical
374.0	1226.5	1026.0	0.00097462	265.89	385.42	1.2	0.93412	1.5292	959.17	-0.023629	0.00013062	0.14133	supercritical
374.0	1229.8	1026.6	0.00097408	265.75	385.54	1.1994	0.93427	1.5288	960.33	-0.023692	0.00013083	0.14151	supercritical
374.0	1233.0	1027.2	0.00097353	265.62	385.66	1.1989	0.93443	1.5285	961.48	-0.023756	0.00013104	0.14168	supercritical
374.0	1236.2	1027.8	0.00097299	265.49	385.78	1.1984	0.93458	1.5282	962.63	-0.023819	0.00013125	0.14186	supercritical
374.0	1239.5	1028.3	0.00097244	265.36	385.89	1.1978	0.93474	1.5279	963.78	-0.023882	0.00013145	0.14203	supercritical
374.0	1242.8	1028.9	0.0009719	265.23	386.01	1.1973	0.93489	1.5275	964.92	-0.023944	0.00013166	0.1422	supercritical
374.0	1246.0	1029.5	0.00097137	265.1	386.13	1.1968	0.93505	1.5272	966.06	-0.024006	0.00013187	0.14238	supercritical
374.0	1249.2	1030.0	0.00097083	264.97	386.25	1.1963	0.9352	1.5269	967.2	-0.024068	0.00013208	0.14255	supercritical
374.0	1252.5	1030.6	0.0009703	264.84	386.37	1.1957	0.93536	1.5266	968.34	-0.024129	0.00013229	0.14273	supercritical
374.0	1255.8	1031.2	0.00096976	264.71	386.49	1.1952	0.93551	1.5263	969.48	-0.02419	0.00013249	0.1429	supercritical
374.0	1259.0	1031.7	0.00096924	264.58	386.61	1.1947	0.93567	1.526	970.61	-0.02425	0.0001327	0.14307	supercritical
374.0	1262.2	1032.3	0.00096871	264.46	386.73	1.1942	0.93582	1.5257	971.74	-0.02431	0.00013291	0.14324	supercritical
374.0	1265.5	1032.9	0.00096818	264.33	386.85	1.1936	0.93598	1.5253	972.87	-0.02437	0.00013312	0.14342	supercritical
374.0	1268.8	1033.4	0.00096766	264.2	386.97	1.1931	0.93613	1.525	974.0	-0.024429	0.00013332	0.14359	supercritical
374.0	1272.0	1034.0	0.00096714	264.07	387.09	1.1926	0.93629	1.5247	975.12	-0.024488	0.00013353	0.14376	supercritical
374.0	1275.2	1034.5	0.00096662	263.95	387.22	1.1921	0.93644	1.5244	976.24	-0.024547	0.00013374	0.14393	supercritical
374.0	1278.5	1035.1	0.0009661	263.82	387.34	1.1916	0.9366	1.5241	977.36	-0.024605	0.00013394	0.14411	supercritical
374.0	1281.8	1035.6	0.00096558	263.7	387.46	1.1911	0.93675	1.5238	978.48	-0.024663	0.00013415	0.14428	supercritical
374.0	1285.0	1036.2	0.00096507	263.57	387.58	1.1906	0.93691	1.5235	979.6	-0.024721	0.00013436	0.14445	supercritical
374.0	1288.2	1036.7	0.00096456	263.45	387.7	1.19	0.93706	1.5232	980.71	-0.024778	0.00013456	0.14462	supercritical
374.0	1291.5	1037.3	0.00096405	263.32	387.83	1.1895	0.93722	1.5229	981.82	-0.024835	0.00013477	0.14479	supercritical
374.0	1294.8	1037.8	0.00096354	263.2	387.95	1.189	0.93737	1.5226	982.93	-0.024892	0.00013497	0.14496	supercritical
374.0	1298.0	1038.4	0.00096303	263.07	388.07	1.1885	0.93753	1.5224	984.04	-0.024948	0.00013518	0.14514	supercritical
374.0	1301.2	1038.9	0.00096253	262.95	388.2	1.188	0.93768	1.5221	985.14	-0.025004	0.00013539	0.14531	supercritical
374.0	1304.5	1039.5	0.00096203	262.82	388.32	1.1875	0.93784	1.5218	986.25	-0.025059	0.00013559	0.14548	supercritical
374.0	1307.8	1040.0	0.00096153	262.7	388.45	1.187	0.93799	1.5215	987.35	-0.025115	0.0001358	0.14565	supercritical
374.0	1311.0	1040.6	0.00096103	262.58	388.57	1.1865	0.93815	1.5212	988.45	-0.02517	0.000136	0.14582	supercritical
374.0	1314.2	1041.1	0.00096053	262.46	388.69	1.186	0.9383	1.5209	989.54	-0.025224	0.00013621	0.14599	supercritical
374.0	1317.5	1041.6	0.00096003	262.33	388.82	1.1855	0.93846	1.5206	990.64	-0.025279	0.00013641	0.14616	supercritical
374.0	1320.8	1042.2	0.00095954	262.21	388.94	1.185	0.93862	1.5204	991.73	-0.025333	0.00013662	0.14633	supercritical
374.0	1324.0	1042.7	0.00095905	262.09	389.07	1.1845	0.93877	1.5201	992.82	-0.025386	0.00013682	0.1465	supercritical
374.0	1327.2	1043.2	0.00095856	261.97	389.19	1.184	0.93893	1.5198	993.91	-0.02544	0.00013703	0.14667	supercritical
374.0	1330.5	1043.8	0.00095807	261.85	389.32	1.1835	0.93908	1.5195	994.99	-0.025493	0.00013723	0.14684	supercritical
374.0	1333.8	1044.3	0.00095758	261.73	389.45	1.183	0.93924	1.5193	996.08	-0.025546	0.00013744	0.14701	supercritical
374.0	1337.0	1044.8	0.0009571	261.61	389.57	1.1825	0.93939	1.519	997.16	-0.025598	0.00013764	0.14717	supercritical
374.0	1340.2	1045.4	0.00095661	261.49	389.7	1.182	0.93955	1.5187	998.24	-0.02565	0.00013785	0.14734	supercritical
374.0	1343.5	1045.9	0.00095613	261.37	389.83	1.1815	0.9397	1.5185	999.32	-0.025702	0.00013805	0.14751	supercritical
374.0	1346.8	1046.4	0.00095565	261.25	389.95	1.181	0.93986	1.5182	1000.4	-0.025754	0.00013826	0.14768	supercritical
374.0	1350.0	1046.9	0.00095517	261.13	390.08	1.1805	0.94001	1.5179	1001.5	-0.025805	0.00013846	0.14785	supercritical
374.0	1353.2	1047.5	0.0009547	261.01	390.21	1.1801	0.94017	1.5177	1002.5	-0.025856	0.00013867	0.14802	supercritical
374.0	1356.5	1048.0	0.00095422	260.89	390.34	1.1796	0.94032	1.5174	1003.6	-0.025907	0.00013887	0.14818	supercritical
374.0	1359.8	1048.5	0.00095375	260.78	390.46	1.1791	0.94048	1.5171	1004.7	-0.025957	0.00013907	0.14835	supercritical
374.0	1363.0	1049.0	0.00095328	260.66	390.59	1.1786	0.94063	1.5169	1005.7	-0.026007	0.00013928	0.14852	supercritical
374.0	1366.2	1049.5	0.00095281	260.54	390.72	1.1781	0.94079	1.5166	1006.8	-0.026057	0.00013948	0.14869	supercritical
374.0	1369.5	1050.0	0.00095234	260.43	390.85	1.1776	0.94094	1.5164	1007.9	-0.026107	0.00013968	0.14886	supercritical
374.0	1372.8	1050.6	0.00095187	260.31	390.98	1.1771	0.9411	1.5161	1008.9	-0.026156	0.00013989	0.14902	supercritical
374.0	1376.0	1051.1	0.00095141	260.19	391.11	1.1767	0.94125	1.5159	1010.0	-0.026205	0.00014009	0.14919	supercritical
374.0	1379.2	1051.6	0.00095094	260.08	391.24	1.1762	0.94141	1.5156	1011.0	-0.026254	0.0001403	0.14936	supercritical
374.0	1382.5	1052.1	0.00095048	259.96	391.36	1.1757	0.94157	1.5154	1012.1	-0.026302	0.0001405	0.14952	supercritical
374.0	1385.8	1052.6	0.00095002	259.84	391.49	1.1752	0.94172	1.5151	1013.1	-0.02635	0.0001407	0.14969	supercritical
374.0	1389.0	1053.1	0.00094956	259.73	391.62	1.1747	0.94188	1.5149	1014.2	-0.026398	0.0001409	0.14986	supercritical
374.0	1392.2	1053.6	0.0009491	259.61	391.75	1.1743	0.94203	1.5146	1015.2	-0.026446	0.00014111	0.15002	supercritical
374.0	1395.5	1054.1	0.00094865	259.5	391.88	1.1738	0.94219	1.5144	1016.3	-0.026493	0.00014131	0.15019	supercritical
374.0	1398.8	1054.6	0.00094819	259.39	392.01	1.1733	0.94234	1.5141	1017.3	-0.02654	0.00014151	0.15035	supercritical
374.0	1402.0	1055.1	0.00094774	259.27	392.15	1.1728	0.9425	1.5139	1018.4	-0.026587	0.00014172	0.15052	supercritical
374.0	1405.2	1055.6	0.00094729	259.16	392.28	1.1724	0.94265	1.5136	1019.4	-0.026634	0.00014192	0.15069	supercritical
374.0	1408.5	1056.1	0.00094684	259.05	392.41	1.1719	0.94281	1.5134	1020.5	-0.02668	0.00014212	0.15085	supercritical
374.0	1411.8	1056.6	0.00094639	258.93	392.54	1.1714	0.94296	1.5132	1021.5	-0.026726	0.00014232	0.15102	supercritical
374.0	1415.0	1057.1	0.00094595	258.82	392.67	1.171	0.94312	1.5129	1022.5	-0.026772	0.00014253	0.15118	supercritical
374.0	1418.2	1057.6	0.0009455	258.71	392.8	1.1705	0.94327	1.5127	1023.6	-0.026818	0.00014273	0.15135	supercritical
374.0	1421.5	1058.1	0.00094506	258.59	392.93	1.17	0.94343	1.5125	1024.6	-0.026863	0.00014293	0.15151	supercritical
374.0	1424.8	1058.6	0.00094461	258.48	393.07	1.1695	0.94358	1.5122	1025.6	-0.026908	0.00014313	0.15168	supercritical
374.0	1428.0	1059.1	0.00094417	258.37	393.2	1.1691	0.94374	1.512	1026.7	-0.026953	0.00014334	0.15184	supercritical
374.0	1431.2	1059.6	0.00094373	258.26	393.33	1.1686	0.94389	1.5118	1027.7	-0.026998	0.00014354	0.15201	supercritical
374.0	1434.5	1060.1	0.00094329	258.15	393.46	1.1682	0.94405	1.5115	1028.7	-0.027042	0.00014374	0.15217	supercritical
374.0	1437.8	1060.6	0.00094286	258.04	393.6	1.1677	0.94421	1.5113	1029.7	-0.027087	0.00014394	0.15234	supercritical
374.0	1441.0	1061.1	0.00094242	257.93	393.73	1.1672	0.94436	1.5111	1030.8	-0.027131	0.00014414	0.1525	supercritical
374.0	1444.2	1061.6	0.00094199	257.82	393.86	1.1668	0.94452	1.5109	1031.8	-0.027174	0.00014434	0.15266	supercritical
374.0	1447.5	1062.1	0.00094156	257.71	394.0	1.1663	0.94467	1.5106	1032.8	-0.027218	0.00014455	0.15283	supercritical
374.0	1450.8	1062.6	0.00094112	257.6	394.13	1.1658	0.94483	1.5104	1033.8	-0.027261	0.00014475	0.15299	supercritical
374.0	1454.0	1063.0	0.00094069	257.49	394.26	1.1654	0.94498	1.5102	1034.8	-0.027304	0.00014495	0.15316	supercritical
374.0	1457.2	1063.5	0.00094027	257.38	394.4	1.1649	0.94514	1.51	1035.8	-0.027347	0.00014515	0.15332	supercritical
374.0	1460.5	1064.0	0.00093984	257.27	394.53	1.1645	0.94529	1.5097	1036.8	-0.027389	0.00014535	0.15348	supercritical
374.0	1463.8	1064.5	0.00093941	257.16	394.67	1.164	0.94545	1.5095	1037.9	-0.027432	0.00014555	0.15365	supercritical
374.0	1467.0	1065.0	0.00093899	257.05	394.8	1.1636	0.9456	1.5093	1038.9	-0.027474	0.00014575	0.15381	supercritical
374.0	1470.2	1065.5	0.00093856	256.94	394.94	1.1631	0.94576	1.5091	1039.9	-0.027516	0.00014595	0.15397	supercritical
374.0	1473.5	1065.9	0.00093814	256.84	395.07	1.1626	0.94591	1.5089	1040.9	-0.027557	0.00014616	0.15413	supercritical
374.0	1476.8	1066.4	0.00093772	256.73	395.21	1.1622	0.94607	1.5087	1041.9	-0.027599	0.00014636	0.1543	supercritical
374.0	1480.0	1066.9	0.0009373	256.62	395.34	1.1617	0.94622	1.5085	1042.9	-0.02764	0.00014656	0.15446	supercritical
374.0	1483.2	1067.4	0.00093689	256.51	395.48	1.1613	0.94638	1.5082	1043.9	-0.027681	0.00014676	0.15462	supercritical
374.0	1486.5	1067.8	0.00093647	256.41	395.61	1.1608	0.94653	1.508	1044.9	-0.027722	0.00014696	0.15478	supercritical
374.0	1489.8	1068.3	0.00093605	256.3	395.75	1.1604	0.94669	1.5078	1045.9	-0.027762	0.00014716	0.15495	supercritical
374.0	1493.0	1068.8	0.00093564	256.2	395.89	1.1599	0.94684	1.5076	1046.9	-0.027803	0.00014736	0.15511	supercritical
374.0	1496.2	1069.3	0.00093523	256.09	396.02	1.1595	0.947	1.5074	1047.8	-0.027843	0.00014756	0.15527	supercritical
374.0	1499.5	1069.7	0.00093482	255.98	396.16	1.159	0.94715	1.5072	1048.8	-0.027883	0.00014776	0.15543	supercritical
374.0	1502.8	1070.2	0.00093441	255.88	396.3	1.1586	0.94731	1.507	1049.8	-0.027923	0.00014796	0.15559	supercritical
374.0	1506.0	1070.7	0.000934	255.77	396.43	1.1581	0.94746	1.5068	1050.8	-0.027962	0.00014816	0.15575	supercritical
374.0	1509.2	1071.1	0.00093359	255.67	396.57	1.1577	0.94762	1.5066	1051.8	-0.028001	0.00014836	0.15592	supercritical
374.0	1512.5	1071.6	0.00093318	255.56	396.71	1.1573	0.94777	1.5064	1052.8	-0.028041	0.00014856	0.15608	supercritical
374.0	1515.8	1072.1	0.00093278	255.46	396.84	1.1568	0.94793	1.5062	1053.8	-0.028079	0.00014876	0.15624	supercritical
374.0	1519.0	1072.5	0.00093237	255.35	396.98	1.1564	0.94808	1.506	1054.7	-0.028118	0.00014896	0.1564	supercritical
374.0	1522.2	1073.0	0.00093197	255.25	397.12	1.1559	0.94824	1.5058	1055.7	-0.028157	0.00014916	0.15656	supercritical
374.0	1525.5	1073.5	0.00093157	255.15	397.26	1.1555	0.94839	1.5056	1056.7	-0.028195	0.00014936	0.15672	supercritical
374.0	1528.8	1073.9	0.00093117	255.04	397.4	1.155	0.94855	1.5054	1057.7	-0.028233	0.00014956	0.15688	supercritical
374.0	1532.0	1074.4	0.00093077	254.94	397.53	1.1546	0.9487	1.5052	1058.6	-0.028271	0.00014976	0.15704	supercritical
374.0	1535.2	1074.8	0.00093037	254.84	397.67	1.1542	0.94886	1.505	1059.6	-0.028309	0.00014996	0.1572	supercritical
374.0	1538.5	1075.3	0.00092997	254.73	397.81	1.1537	0.94901	1.5048	1060.6	-0.028347	0.00015016	0.15736	supercritical
374.0	1541.8	1075.8	0.00092958	254.63	397.95	1.1533	0.94917	1.5046	1061.6	-0.028384	0.00015036	0.15752	supercritical
374.0	1545.0	1076.2	0.00092918	254.53	398.09	1.1529	0.94932	1.5044	1062.5	-0.028421	0.00015056	0.15768	supercritical
374.0	1548.2	1076.7	0.00092879	254.43	398.23	1.1524	0.94948	1.5042	1063.5	-0.028458	0.00015076	0.15784	supercritical
374.0	1551.5	1077.1	0.0009284	254.33	398.37	1.152	0.94963	1.504	1064.5	-0.028495	0.00015096	0.158	supercritical
374.0	1554.8	1077.6	0.00092801	254.22	398.51	1.1516	0.94979	1.5039	1065.4	-0.028532	0.00015116	0.15816	supercritical
374.0	1558.0	1078.0	0.00092762	254.12	398.65	1.1511	0.94994	1.5037	1066.4	-0.028568	0.00015135	0.15832	supercritical
374.0	1561.2	1078.5	0.00092723	254.02	398.78	1.1507	0.9501	1.5035	1067.3	-0.028604	0.00015155	0.15848	supercritical
374.0	1564.5	1078.9	0.00092684	253.92	398.92	1.1503	0.95025	1.5033	1068.3	-0.02864	0.00015175	0.15864	supercritical
374.0	1567.8	1079.4	0.00092645	253.82	399.06	1.1498	0.9504	1.5031	1069.3	-0.028676	0.00015195	0.1588	supercritical
374.0	1571.0	1079.8	0.00092607	253.72	399.2	1.1494	0.95056	1.5029	1070.2	-0.028712	0.00015215	0.15896	supercritical
374.0	1574.2	1080.3	0.00092569	253.62	399.35	1.149	0.95071	1.5028	1071.2	-0.028748	0.00015235	0.15912	supercritical
374.0	1577.5	1080.7	0.0009253	253.52	399.49	1.1485	0.95087	1.5026	1072.1	-0.028783	0.00015255	0.15928	supercritical
374.0	1580.8	1081.2	0.00092492	253.42	399.63	1.1481	0.95102	1.5024	1073.1	-0.028818	0.00015275	0.15943	supercritical
374.0	1584.0	1081.6	0.00092454	253.32	399.77	1.1477	0.95118	1.5022	1074.0	-0.028853	0.00015294	0.15959	supercritical
374.0	1587.2	1082.1	0.00092416	253.22	399.91	1.1473	0.95133	1.502	1075.0	-0.028888	0.00015314	0.15975	supercritical
374.0	1590.5	1082.5	0.00092378	253.12	400.05	1.1468	0.95149	1.5019	1075.9	-0.028923	0.00015334	0.15991	supercritical
374.0	1593.8	1083.0	0.0009234	253.02	400.19	1.1464	0.95164	1.5017	1076.8	-0.028957	0.00015354	0.16007	supercritical
374.0	1597.0	1083.4	0.00092303	252.92	400.33	1.146	0.9518	1.5015	1077.8	-0.028992	0.00015374	0.16023	supercritical
374.0	1600.2	1083.8	0.00092265	252.83	400.47	1.1456	0.95195	1.5013	1078.7	-0.029026	0.00015394	0.16038	supercritical
374.0	1603.5	1084.3	0.00092228	252.73	400.61	1.1451	0.9521	1.5012	1079.7	-0.02906	0.00015414	0.16054	supercritical
374.0	1606.8	1084.7	0.0009219	252.63	400.76	1.1447	0.95226	1.501	1080.6	-0.029094	0.00015433	0.1607	supercritical
374.0	1610.0	1085.2	0.00092153	252.53	400.9	1.1443	0.95241	1.5008	1081.5	-0.029127	0.00015453	0.16086	supercritical
374.0	1613.2	1085.6	0.00092116	252.43	401.04	1.1439	0.95257	1.5006	1082.5	-0.029161	0.00015473	0.16102	supercritical
374.0	1616.5	1086.0	0.00092079	252.34	401.18	1.1435	0.95272	1.5005	1083.4	-0.029194	0.00015493	0.16117	supercritical
374.0	1619.8	1086.5	0.00092042	252.24	401.33	1.143	0.95288	1.5003	1084.4	-0.029227	0.00015513	0.16133	supercritical
374.0	1623.0	1086.9	0.00092005	252.14	401.47	1.1426	0.95303	1.5001	1085.3	-0.02926	0.00015532	0.16149	supercritical
374.0	1626.2	1087.3	0.00091968	252.05	401.61	1.1422	0.95319	1.5	1086.2	-0.029293	0.00015552	0.16164	supercritical
374.0	1629.5	1087.8	0.00091932	251.95	401.75	1.1418	0.95334	1.4998	1087.1	-0.029326	0.00015572	0.1618	supercritical
374.0	1632.8	1088.2	0.00091895	251.85	401.9	1.1414	0.95349	1.4996	1088.1	-0.029358	0.00015592	0.16196	supercritical
374.0	1636.0	1088.6	0.00091859	251.76	402.04	1.1409	0.95365	1.4995	1089.0	-0.029391	0.00015611	0.16212	supercritical
374.0	1639.2	1089.1	0.00091823	251.66	402.18	1.1405	0.9538	1.4993	1089.9	-0.029423	0.00015631	0.16227	supercritical
374.0	1642.5	1089.5	0.00091786	251.57	402.33	1.1401	0.95396	1.4991	1090.8	-0.029455	0.00015651	0.16243	supercritical
374.0	1645.8	1089.9	0.0009175	251.47	402.47	1.1397	0.95411	1.499	1091.8	-0.029487	0.00015671	0.16258	supercritical
374.0	1649.0	1090.3	0.00091714	251.38	402.61	1.1393	0.95426	1.4988	1092.7	-0.029519	0.0001569	0.16274	supercritical
374.0	1652.2	1090.8	0.00091678	251.28	402.76	1.1389	0.95442	1.4986	1093.6	-0.02955	0.0001571	0.1629	supercritical
374.0	1655.5	1091.2	0.00091643	251.19	402.9	1.1385	0.95457	1.4985	1094.5	-0.029582	0.0001573	0.16305	supercritical
374.0	1658.8	1091.6	0.00091607	251.09	403.05	1.1381	0.95473	1.4983	1095.4	-0.029613	0.0001575	0.16321	supercritical
374.0	1662.0	1092.0	0.00091571	251.0	403.19	1.1376	0.95488	1.4982	1096.3	-0.029644	0.00015769	0.16337	supercritical
374.0	1665.2	1092.5	0.00091536	250.9	403.33	1.1372	0.95503	1.498	1097.3	-0.029675	0.00015789	0.16352	supercritical
374.0	1668.5	1092.9	0.000915	250.81	403.48	1.1368	0.95519	1.4978	1098.2	-0.029706	0.00015809	0.16368	supercritical
374.0	1671.8	1093.3	0.00091465	250.72	403.62	1.1364	0.95534	1.4977	1099.1	-0.029737	0.00015829	0.16383	supercritical
374.0	1675.0	1093.7	0.0009143	250.62	403.77	1.136	0.9555	1.4975	1100.0	-0.029768	0.00015848	0.16399	supercritical
374.0	1678.2	1094.2	0.00091395	250.53	403.91	1.1356	0.95565	1.4974	1100.9	-0.029798	0.00015868	0.16414	supercritical
374.0	1681.5	1094.6	0.0009136	250.44	404.06	1.1352	0.9558	1.4972	1101.8	-0.029828	0.00015888	0.1643	supercritical
374.0	1684.8	1095.0	0.00091325	250.34	404.2	1.1348	0.95596	1.4971	1102.7	-0.029859	0.00015907	0.16445	supercritical
374.0	1688.0	1095.4	0.0009129	250.25	404.35	1.1344	0.95611	1.4969	1103.6	-0.029889	0.00015927	0.16461	supercritical
374.0	1691.2	1095.8	0.00091255	250.16	404.49	1.134	0.95627	1.4968	1104.5	-0.029918	0.00015947	0.16476	supercritical
374.0	1694.5	1096.2	0.0009122	250.07	404.64	1.1336	0.95642	1.4966	1105.4	-0.029948	0.00015966	0.16492	supercritical
374.0	1697.8	1096.7	0.00091186	249.98	404.79	1.1332	0.95657	1.4965	1106.3	-0.029978	0.00015986	0.16507	supercritical
374.0	1701.0	1097.1	0.00091151	249.88	404.93	1.1328	0.95673	1.4963	1107.2	-0.030007	0.00016006	0.16523	supercritical
374.0	1704.2	1097.5	0.00091117	249.79	405.08	1.1324	0.95688	1.4962	1108.1	-0.030037	0.00016025	0.16538	supercritical
374.0	1707.5	1097.9	0.00091082	249.7	405.22	1.132	0.95703	1.496	1109.0	-0.030066	0.00016045	0.16554	supercritical
374.0	1710.8	1098.3	0.00091048	249.61	405.37	1.1316	0.95719	1.4959	1109.9	-0.030095	0.00016065	0.16569	supercritical
374.0	1714.0	1098.7	0.00091014	249.52	405.52	1.1312	0.95734	1.4957	1110.8	-0.030124	0.00016084	0.16585	supercritical
374.0	1717.2	1099.1	0.0009098	249.43	405.66	1.1308	0.95749	1.4956	1111.7	-0.030152	0.00016104	0.166	supercritical
374.0	1720.5	1099.6	0.00090946	249.34	405.81	1.1304	0.95765	1.4954	1112.6	-0.030181	0.00016124	0.16615	supercritical
374.0	1723.8	1100.0	0.00090912	249.25	405.96	1.13	0.9578	1.4953	1113.5	-0.03021	0.00016143	0.16631	supercritical
374.0	1727.0	1100.4	0.00090878	249.16	406.1	1.1296	0.95795	1.4952	1114.4	-0.030238	0.00016163	0.16646	supercritical
374.0	1730.2	1100.8	0.00090845	249.07	406.25	1.1292	0.95811	1.495	1115.2	-0.030266	0.00016183	0.16662	supercritical
374.0	1733.5	1101.2	0.00090811	248.98	406.4	1.1288	0.95826	1.4949	1116.1	-0.030294	0.00016202	0.16677	supercritical
374.0	1736.8	1101.6	0.00090778	248.89	406.54	1.1284	0.95841	1.4947	1117.0	-0.030322	0.00016222	0.16692	supercritical
374.0	1740.0	1102.0	0.00090744	248.8	406.69	1.128	0.95857	1.4946	1117.9	-0.03035	0.00016241	0.16708	supercritical
374.0	1743.2	1102.4	0.00090711	248.71	406.84	1.1276	0.95872	1.4944	1118.8	-0.030378	0.00016261	0.16723	supercritical
374.0	1746.5	1102.8	0.00090678	248.62	406.99	1.1272	0.95887	1.4943	1119.6	-0.030406	0.00016281	0.16738	supercritical
374.0	1749.8	1103.2	0.00090644	248.53	407.13	1.1268	0.95903	1.4942	1120.5	-0.030433	0.000163	0.16754	supercritical
374.0	1753.0	1103.6	0.00090611	248.44	407.28	1.1264	0.95918	1.494	1121.4	-0.03046	0.0001632	0.16769	supercritical
374.0	1756.2	1104.0	0.00090578	248.35	407.43	1.126	0.95933	1.4939	1122.3	-0.030488	0.00016339	0.16784	supercritical
374.0	1759.5	1104.4	0.00090545	248.26	407.58	1.1256	0.95949	1.4938	1123.2	-0.030515	0.00016359	0.168	supercritical
374.0	1762.8	1104.8	0.00090513	248.18	407.73	1.1253	0.95964	1.4936	1124.0	-0.030542	0.00016379	0.16815	supercritical
374.0	1766.0	1105.2	0.0009048	248.09	407.88	1.1249	0.95979	1.4935	1124.9	-0.030569	0.00016398	0.1683	supercritical
374.0	1769.2	1105.6	0.00090447	248.0	408.02	1.1245	0.95995	1.4934	1125.8	-0.030595	0.00016418	0.16845	supercritical
374.0	1772.5	1106.0	0.00090415	247.91	408.17	1.1241	0.9601	1.4932	1126.6	-0.030622	0.00016437	0.16861	supercritical
374.0	1775.8	1106.4	0.00090382	247.83	408.32	1.1237	0.96025	1.4931	1127.5	-0.030648	0.00016457	0.16876	supercritical
374.0	1779.0	1106.8	0.0009035	247.74	408.47	1.1233	0.9604	1.493	1128.4	-0.030675	0.00016477	0.16891	supercritical
374.0	1782.2	1107.2	0.00090317	247.65	408.62	1.1229	0.96056	1.4928	1129.2	-0.030701	0.00016496	0.16906	supercritical
374.0	1785.5	1107.6	0.00090285	247.56	408.77	1.1225	0.96071	1.4927	1130.1	-0.030727	0.00016516	0.16922	supercritical
374.0	1788.8	1108.0	0.00090253	247.48	408.92	1.1222	0.96086	1.4926	1131.0	-0.030753	0.00016535	0.16937	supercritical
374.0	1792.0	1108.4	0.00090221	247.39	409.07	1.1218	0.96102	1.4924	1131.8	-0.030779	0.00016555	0.16952	supercritical
374.0	1795.2	1108.8	0.00090189	247.3	409.22	1.1214	0.96117	1.4923	1132.7	-0.030805	0.00016574	0.16967	supercritical
374.0	1798.5	1109.2	0.00090157	247.22	409.36	1.121	0.96132	1.4922	1133.6	-0.030831	0.00016594	0.16982	supercritical
374.0	1801.8	1109.6	0.00090125	247.13	409.51	1.1206	0.96147	1.492	1134.4	-0.030856	0.00016613	0.16998	supercritical
374.0	1805.0	1110.0	0.00090093	247.05	409.66	1.1202	0.96163	1.4919	1135.3	-0.030882	0.00016633	0.17013	supercritical
374.0	1808.2	1110.4	0.00090061	246.96	409.81	1.1198	0.96178	1.4918	1136.1	-0.030907	0.00016652	0.17028	supercritical
374.0	1811.5	1110.7	0.0009003	246.88	409.96	1.1195	0.96193	1.4917	1137.0	-0.030932	0.00016672	0.17043	supercritical
374.0	1814.8	1111.1	0.00089998	246.79	410.11	1.1191	0.96208	1.4915	1137.8	-0.030957	0.00016692	0.17058	supercritical
374.0	1818.0	1111.5	0.00089967	246.7	410.26	1.1187	0.96224	1.4914	1138.7	-0.030982	0.00016711	0.17073	supercritical
374.0	1821.2	1111.9	0.00089935	246.62	410.41	1.1183	0.96239	1.4913	1139.5	-0.031007	0.00016731	0.17089	supercritical
374.0	1824.5	1112.3	0.00089904	246.53	410.56	1.1179	0.96254	1.4912	1140.4	-0.031032	0.0001675	0.17104	supercritical
374.0	1827.8	1112.7	0.00089873	246.45	410.71	1.1176	0.96269	1.491	1141.2	-0.031057	0.0001677	0.17119	supercritical
374.0	1831.0	1113.1	0.00089841	246.37	410.87	1.1172	0.96285	1.4909	1142.1	-0.031081	0.00016789	0.17134	supercritical
374.0	1834.2	1113.5	0.0008981	246.28	411.02	1.1168	0.963	1.4908	1142.9	-0.031106	0.00016809	0.17149	supercritical
374.0	1837.5	1113.8	0.00089779	246.2	411.17	1.1164	0.96315	1.4907	1143.8	-0.03113	0.00016828	0.17164	supercritical
374.0	1840.8	1114.2	0.00089748	246.11	411.32	1.1161	0.9633	1.4906	1144.6	-0.031154	0.00016848	0.17179	supercritical
374.0	1844.0	1114.6	0.00089717	246.03	411.47	1.1157	0.96345	1.4904	1145.5	-0.031178	0.00016867	0.17194	supercritical
374.0	1847.2	1115.0	0.00089687	245.95	411.62	1.1153	0.96361	1.4903	1146.3	-0.031202	0.00016887	0.17209	supercritical
374.0	1850.5	1115.4	0.00089656	245.86	411.77	1.1149	0.96376	1.4902	1147.2	-0.031226	0.00016906	0.17224	supercritical
374.0	1853.8	1115.8	0.00089625	245.78	411.92	1.1146	0.96391	1.4901	1148.0	-0.03125	0.00016926	0.17239	supercritical
374.0	1857.0	1116.1	0.00089595	245.7	412.07	1.1142	0.96406	1.49	1148.8	-0.031274	0.00016945	0.17254	supercritical
374.0	1860.2	1116.5	0.00089564	245.61	412.23	1.1138	0.96422	1.4899	1149.7	-0.031297	0.00016965	0.17269	supercritical
374.0	1863.5	1116.9	0.00089534	245.53	412.38	1.1134	0.96437	1.4897	1150.5	-0.031321	0.00016984	0.17284	supercritical
374.0	1866.8	1117.3	0.00089503	245.45	412.53	1.1131	0.96452	1.4896	1151.4	-0.031344	0.00017003	0.17299	supercritical
374.0	1870.0	1117.7	0.00089473	245.37	412.68	1.1127	0.96467	1.4895	1152.2	-0.031367	0.00017023	0.17314	supercritical
374.0	1873.2	1118.0	0.00089443	245.28	412.83	1.1123	0.96482	1.4894	1153.0	-0.031391	0.00017042	0.17329	supercritical
374.0	1876.5	1118.4	0.00089413	245.2	412.98	1.112	0.96497	1.4893	1153.9	-0.031414	0.00017062	0.17344	supercritical
374.0	1879.8	1118.8	0.00089383	245.12	413.14	1.1116	0.96513	1.4892	1154.7	-0.031437	0.00017081	0.17359	supercritical
374.0	1883.0	1119.2	0.00089353	245.04	413.29	1.1112	0.96528	1.489	1155.5	-0.03146	0.00017101	0.17374	supercritical
374.0	1886.2	1119.5	0.00089323	244.96	413.44	1.1108	0.96543	1.4889	1156.3	-0.031482	0.0001712	0.17389	supercritical
374.0	1889.5	1119.9	0.00089293	244.87	413.59	1.1105	0.96558	1.4888	1157.2	-0.031505	0.0001714	0.17404	supercritical
374.0	1892.8	1120.3	0.00089263	244.79	413.75	1.1101	0.96573	1.4887	1158.0	-0.031528	0.00017159	0.17419	supercritical
374.0	1896.0	1120.7	0.00089233	244.71	413.9	1.1097	0.96588	1.4886	1158.8	-0.03155	0.00017179	0.17434	supercritical
374.0	1899.2	1121.0	0.00089204	244.63	414.05	1.1094	0.96604	1.4885	1159.6	-0.031573	0.00017198	0.17449	supercritical
374.0	1902.5	1121.4	0.00089174	244.55	414.2	1.109	0.96619	1.4884	1160.5	-0.031595	0.00017217	0.17464	supercritical
374.0	1905.8	1121.8	0.00089144	244.47	414.36	1.1086	0.96634	1.4883	1161.3	-0.031617	0.00017237	0.17479	supercritical
374.0	1909.0	1122.1	0.00089115	244.39	414.51	1.1083	0.96649	1.4882	1162.1	-0.031639	0.00017256	0.17494	supercritical
374.0	1912.2	1122.5	0.00089086	244.31	414.66	1.1079	0.96664	1.4881	1162.9	-0.031661	0.00017276	0.17509	supercritical
374.0	1915.5	1122.9	0.00089056	244.23	414.82	1.1075	0.96679	1.488	1163.8	-0.031683	0.00017295	0.17523	supercritical
374.0	1918.8	1123.3	0.00089027	244.15	414.97	1.1072	0.96694	1.4878	1164.6	-0.031705	0.00017315	0.17538	supercritical
374.0	1922.0	1123.6	0.00088998	244.07	415.12	1.1068	0.9671	1.4877	1165.4	-0.031727	0.00017334	0.17553	supercritical
374.0	1925.2	1124.0	0.00088969	243.99	415.28	1.1065	0.96725	1.4876	1166.2	-0.031748	0.00017353	0.17568	supercritical
374.0	1928.5	1124.4	0.0008894	243.91	415.43	1.1061	0.9674	1.4875	1167.0	-0.03177	0.00017373	0.17583	supercritical
374.0	1931.8	1124.7	0.00088911	243.83	415.58	1.1057	0.96755	1.4874	1167.8	-0.031791	0.00017392	0.17598	supercritical
374.0	1935.0	1125.1	0.00088882	243.75	415.74	1.1054	0.9677	1.4873	1168.6	-0.031813	0.00017412	0.17613	supercritical
374.0	1938.2	1125.5	0.00088853	243.67	415.89	1.105	0.96785	1.4872	1169.5	-0.031834	0.00017431	0.17627	supercritical
374.0	1941.5	1125.8	0.00088824	243.59	416.04	1.1046	0.968	1.4871	1170.3	-0.031855	0.0001745	0.17642	supercritical
374.0	1944.8	1126.2	0.00088795	243.51	416.2	1.1043	0.96815	1.487	1171.1	-0.031876	0.0001747	0.17657	supercritical
374.0	1948.0	1126.5	0.00088767	243.44	416.35	1.1039	0.9683	1.4869	1171.9	-0.031897	0.00017489	0.17672	supercritical
374.0	1951.2	1126.9	0.00088738	243.36	416.51	1.1036	0.96846	1.4868	1172.7	-0.031918	0.00017509	0.17687	supercritical
374.0	1954.5	1127.3	0.0008871	243.28	416.66	1.1032	0.96861	1.4867	1173.5	-0.031939	0.00017528	0.17701	supercritical
374.0	1957.8	1127.6	0.00088681	243.2	416.82	1.1028	0.96876	1.4866	1174.3	-0.03196	0.00017547	0.17716	supercritical
374.0	1961.0	1128.0	0.00088653	243.12	416.97	1.1025	0.96891	1.4865	1175.1	-0.03198	0.00017567	0.17731	supercritical
374.0	1964.2	1128.4	0.00088624	243.04	417.12	1.1021	0.96906	1.4864	1175.9	-0.032001	0.00017586	0.17746	supercritical
374.0	1967.5	1128.7	0.00088596	242.97	417.28	1.1018	0.96921	1.4863	1176.7	-0.032021	0.00017606	0.17761	supercritical
374.0	1970.8	1129.1	0.00088568	242.89	417.43	1.1014	0.96936	1.4862	1177.5	-0.032042	0.00017625	0.17775	supercritical
374.0	1974.0	1129.4	0.0008854	242.81	417.59	1.1011	0.96951	1.4861	1178.3	-0.032062	0.00017644	0.1779	supercritical
374.0	1977.2	1129.8	0.00088512	242.73	417.74	1.1007	0.96966	1.486	1179.1	-0.032082	0.00017664	0.17805	supercritical
374.0	1980.5	1130.2	0.00088484	242.66	417.9	1.1004	0.96981	1.4859	1179.9	-0.032102	0.00017683	0.17819	supercritical
374.0	1983.8	1130.5	0.00088456	242.58	418.05	1.1	0.96996	1.4858	1180.7	-0.032123	0.00017703	0.17834	supercritical
374.0	1987.0	1130.9	0.00088428	242.5	418.21	1.0996	0.97011	1.4857	1181.5	-0.032143	0.00017722	0.17849	supercritical
374.0	1990.2	1131.2	0.000884	242.43	418.36	1.0993	0.97026	1.4856	1182.3	-0.032162	0.00017741	0.17864	supercritical
374.0	1993.5	1131.6	0.00088372	242.35	418.52	1.0989	0.97041	1.4855	1183.1	-0.032182	0.00017761	0.17878	supercritical
374.0	1996.8	1131.9	0.00088344	242.27	418.67	1.0986	0.97056	1.4854	1183.9	-0.032202	0.0001778	0.17893	supercritical
374.0	2000.0	1132.3	0.00088317	242.2	418.83	1.0982	0.97071	1.4853	1184.7	-0.032222	0.00017799	0.17908	supercritical
