Temperature (K)	Pressure (bar)	Density (kg/m3)	Volume (m3/kg)	Internal Energy (kJ/kg)	Enthalpy (kJ/kg)	Entropy (J/g*K)	Cv (J/g*K)	Cp (J/g*K)	Sound Spd. (m/s)	Joule-Thomson (K/bar)	Viscosity (Pa*s)	Therm. Cond. (W/m*K)	Phase
661.0	56.5	45.432	0.022011	732.75	857.11	2.7417	0.92492	1.1418	391.39	0.14444	3.0776e-05	0.04749	vapor
661.0	59.75	48.051	0.020811	732.23	856.58	2.7303	0.92527	1.1438	391.65	0.14363	3.0818e-05	0.047584	vapor
661.0	63.0	50.67	0.019736	731.71	856.05	2.7196	0.92562	1.1458	391.91	0.14282	3.0859e-05	0.047678	vapor
661.0	66.25	53.289	0.018766	731.19	855.52	2.7093	0.92597	1.1477	392.18	0.14201	3.0901e-05	0.047771	vapor
661.0	69.5	55.908	0.017887	730.68	854.99	2.6995	0.92632	1.1497	392.46	0.1412	3.0943e-05	0.047864	vapor
661.0	72.75	58.527	0.017086	730.16	854.46	2.6901	0.92667	1.1517	392.75	0.14038	3.0986e-05	0.047957	vapor
661.0	76.0	61.145	0.016355	729.64	853.94	2.6811	0.92702	1.1536	393.04	0.13957	3.103e-05	0.048049	vapor
661.0	76.0	61.145	0.016355	729.64	853.94	2.6811	0.92702	1.1536	393.04	0.13957	3.103e-05	0.048049	supercritical
661.0	76.0	61.145	0.016355	729.64	853.94	2.6811	0.92702	1.1536	393.04	0.13957	3.103e-05	0.048049	supercritical
661.0	79.25	63.763	0.015683	729.13	853.41	2.6724	0.92737	1.1556	393.34	0.13876	3.1073e-05	0.048142	supercritical
661.0	82.5	66.38	0.015065	728.61	852.89	2.6641	0.92771	1.1575	393.64	0.13795	3.1118e-05	0.048235	supercritical
661.0	85.75	68.997	0.014493	728.1	852.38	2.656	0.92806	1.1595	393.95	0.13714	3.1162e-05	0.048327	supercritical
661.0	89.0	71.613	0.013964	727.58	851.86	2.6483	0.9284	1.1614	394.27	0.13633	3.1208e-05	0.04842	supercritical
661.0	92.25	74.228	0.013472	727.07	851.35	2.6407	0.92874	1.1634	394.59	0.13552	3.1253e-05	0.048512	supercritical
661.0	95.5	76.842	0.013014	726.56	850.84	2.6335	0.92908	1.1653	394.93	0.13471	3.13e-05	0.048605	supercritical
661.0	98.75	79.455	0.012586	726.04	850.33	2.6264	0.92942	1.1673	395.26	0.1339	3.1346e-05	0.048698	supercritical
661.0	102.0	82.067	0.012185	725.53	849.82	2.6195	0.92976	1.1692	395.61	0.13309	3.1394e-05	0.04879	supercritical
661.0	105.25	84.678	0.011809	725.02	849.32	2.6129	0.9301	1.1711	395.96	0.13228	3.1441e-05	0.048884	supercritical
661.0	108.5	87.287	0.011456	724.51	848.81	2.6064	0.93043	1.1731	396.32	0.13146	3.149e-05	0.048977	supercritical
661.0	111.75	89.895	0.011124	724.0	848.31	2.6001	0.93077	1.175	396.68	0.13065	3.1538e-05	0.04907	supercritical
661.0	115.0	92.502	0.010811	723.49	847.82	2.594	0.9311	1.1769	397.05	0.12984	3.1588e-05	0.049164	supercritical
661.0	118.25	95.107	0.010514	722.99	847.32	2.588	0.93143	1.1788	397.43	0.12903	3.1637e-05	0.049258	supercritical
661.0	121.5	97.71	0.010234	722.48	846.83	2.5821	0.93176	1.1807	397.82	0.12821	3.1688e-05	0.049353	supercritical
661.0	124.75	100.31	0.009969	721.97	846.34	2.5764	0.93209	1.1826	398.21	0.1274	3.1739e-05	0.049448	supercritical
661.0	128.0	102.91	0.0097171	721.47	845.85	2.5708	0.93242	1.1845	398.61	0.12658	3.179e-05	0.049543	supercritical
661.0	131.25	105.51	0.0094779	720.96	845.36	2.5654	0.93275	1.1864	399.01	0.12577	3.1842e-05	0.049639	supercritical
661.0	134.5	108.1	0.0092504	720.46	844.88	2.56	0.93307	1.1883	399.42	0.12495	3.1894e-05	0.049735	supercritical
661.0	137.75	110.7	0.0090337	719.96	844.4	2.5548	0.9334	1.1902	399.84	0.12413	3.1947e-05	0.049831	supercritical
661.0	141.0	113.29	0.008827	719.46	843.92	2.5497	0.93372	1.1921	400.27	0.12332	3.2001e-05	0.049928	supercritical
661.0	144.25	115.88	0.0086299	718.95	843.44	2.5447	0.93404	1.1939	400.7	0.1225	3.2055e-05	0.050026	supercritical
661.0	147.5	118.46	0.0084415	718.45	842.97	2.5398	0.93436	1.1958	401.14	0.12168	3.211e-05	0.050124	supercritical
661.0	150.75	121.05	0.0082613	717.96	842.49	2.535	0.93468	1.1977	401.59	0.12086	3.2165e-05	0.050222	supercritical
661.0	154.0	123.63	0.0080888	717.46	842.03	2.5302	0.935	1.1995	402.04	0.12004	3.2221e-05	0.050321	supercritical
661.0	157.25	126.21	0.0079236	716.96	841.56	2.5256	0.93531	1.2014	402.5	0.11922	3.2277e-05	0.050421	supercritical
661.0	160.5	128.78	0.0077651	716.46	841.09	2.521	0.93563	1.2032	402.97	0.1184	3.2334e-05	0.050521	supercritical
661.0	163.75	131.35	0.0076131	715.97	840.63	2.5165	0.93594	1.205	403.44	0.11758	3.2392e-05	0.050622	supercritical
661.0	167.0	133.92	0.007467	715.47	840.17	2.5121	0.93625	1.2068	403.92	0.11676	3.245e-05	0.050724	supercritical
661.0	170.25	136.49	0.0073266	714.98	839.72	2.5078	0.93656	1.2086	404.41	0.11594	3.2508e-05	0.050826	supercritical
661.0	173.5	139.05	0.0071916	714.49	839.26	2.5036	0.93687	1.2104	404.9	0.11512	3.2567e-05	0.050928	supercritical
661.0	176.75	141.61	0.0070616	714.0	838.81	2.4994	0.93718	1.2122	405.41	0.1143	3.2627e-05	0.051032	supercritical
661.0	180.0	144.17	0.0069364	713.51	838.36	2.4953	0.93748	1.214	405.91	0.11347	3.2688e-05	0.051136	supercritical
661.0	183.25	146.72	0.0068157	713.02	837.92	2.4912	0.93779	1.2158	406.43	0.11265	3.2748e-05	0.051241	supercritical
661.0	186.5	149.27	0.0066993	712.53	837.47	2.4872	0.93809	1.2176	406.95	0.11183	3.281e-05	0.051346	supercritical
661.0	189.75	151.81	0.006587	712.04	837.03	2.4833	0.93839	1.2193	407.48	0.11101	3.2872e-05	0.051452	supercritical
661.0	193.0	154.35	0.0064786	711.56	836.59	2.4794	0.93869	1.2211	408.02	0.11018	3.2935e-05	0.051559	supercritical
661.0	196.25	156.89	0.0063738	711.07	836.16	2.4756	0.93899	1.2228	408.56	0.10936	3.2998e-05	0.051666	supercritical
661.0	199.5	159.43	0.0062725	710.59	835.72	2.4718	0.93929	1.2245	409.11	0.10854	3.3062e-05	0.051774	supercritical
661.0	202.75	161.96	0.0061745	710.1	835.29	2.4681	0.93958	1.2263	409.67	0.10772	3.3126e-05	0.051883	supercritical
661.0	206.0	164.48	0.0060797	709.62	834.86	2.4644	0.93988	1.228	410.23	0.1069	3.3191e-05	0.051993	supercritical
661.0	209.25	167.0	0.005988	709.14	834.44	2.4608	0.94017	1.2297	410.8	0.10607	3.3257e-05	0.052103	supercritical
661.0	212.5	169.52	0.0058991	708.66	834.02	2.4573	0.94046	1.2314	411.38	0.10525	3.3323e-05	0.052214	supercritical
661.0	215.75	172.03	0.0058129	708.18	833.6	2.4538	0.94075	1.233	411.97	0.10443	3.339e-05	0.052326	supercritical
661.0	219.0	174.54	0.0057294	707.71	833.18	2.4503	0.94104	1.2347	412.56	0.10361	3.3457e-05	0.052439	supercritical
661.0	222.25	177.04	0.0056484	707.23	832.77	2.4469	0.94132	1.2364	413.16	0.10279	3.3525e-05	0.052552	supercritical
661.0	225.5	179.54	0.0055698	706.75	832.35	2.4435	0.94161	1.238	413.76	0.10198	3.3593e-05	0.052666	supercritical
661.0	228.75	182.03	0.0054935	706.28	831.94	2.4401	0.94189	1.2397	414.38	0.10116	3.3662e-05	0.052781	supercritical
661.0	232.0	184.52	0.0054194	705.81	831.54	2.4368	0.94217	1.2413	415.0	0.10034	3.3732e-05	0.052896	supercritical
661.0	235.25	187.01	0.0053474	705.34	831.13	2.4336	0.94245	1.2429	415.62	0.099525	3.3802e-05	0.053012	supercritical
661.0	238.5	189.48	0.0052775	704.87	830.73	2.4304	0.94273	1.2445	416.26	0.098711	3.3873e-05	0.053129	supercritical
661.0	241.75	191.96	0.0052095	704.4	830.34	2.4272	0.94301	1.2461	416.9	0.097897	3.3944e-05	0.053247	supercritical
661.0	245.0	194.43	0.0051434	703.93	829.94	2.424	0.94328	1.2477	417.54	0.097085	3.4016e-05	0.053365	supercritical
661.0	248.25	196.89	0.005079	703.46	829.55	2.4209	0.94356	1.2492	418.2	0.096274	3.4089e-05	0.053484	supercritical
661.0	251.5	199.35	0.0050164	703.0	829.16	2.4179	0.94383	1.2508	418.86	0.095465	3.4162e-05	0.053604	supercritical
661.0	254.75	201.8	0.0049554	702.53	828.77	2.4148	0.9441	1.2524	419.52	0.094657	3.4236e-05	0.053725	supercritical
661.0	258.0	204.25	0.0048961	702.07	828.39	2.4118	0.94437	1.2539	420.2	0.09385	3.431e-05	0.053846	supercritical
661.0	261.25	206.69	0.0048382	701.61	828.01	2.4089	0.94464	1.2554	420.88	0.093046	3.4385e-05	0.053968	supercritical
661.0	264.5	209.12	0.0047819	701.15	827.63	2.4059	0.94491	1.2569	421.56	0.092243	3.446e-05	0.05409	supercritical
661.0	267.75	211.55	0.004727	700.69	827.25	2.403	0.94517	1.2584	422.26	0.091442	3.4536e-05	0.054213	supercritical
661.0	271.0	213.98	0.0046734	700.23	826.88	2.4001	0.94544	1.2599	422.96	0.090643	3.4613e-05	0.054337	supercritical
661.0	274.25	216.39	0.0046212	699.78	826.51	2.3973	0.9457	1.2614	423.66	0.089846	3.469e-05	0.054462	supercritical
661.0	277.5	218.81	0.0045703	699.32	826.15	2.3945	0.94596	1.2628	424.38	0.089051	3.4768e-05	0.054587	supercritical
661.0	280.75	221.21	0.0045205	698.87	825.78	2.3917	0.94622	1.2643	425.09	0.088258	3.4846e-05	0.054713	supercritical
661.0	284.0	223.61	0.004472	698.41	825.42	2.3889	0.94648	1.2657	425.82	0.087467	3.4925e-05	0.05484	supercritical
661.0	287.25	226.01	0.0044247	697.96	825.06	2.3862	0.94673	1.2672	426.55	0.086679	3.5004e-05	0.054967	supercritical
661.0	290.5	228.39	0.0043784	697.51	824.71	2.3835	0.94699	1.2686	427.29	0.085894	3.5084e-05	0.055095	supercritical
661.0	293.75	230.78	0.0043332	697.06	824.35	2.3808	0.94724	1.27	428.03	0.08511	3.5164e-05	0.055223	supercritical
661.0	297.0	233.15	0.0042891	696.62	824.0	2.3782	0.94749	1.2714	428.78	0.08433	3.5245e-05	0.055352	supercritical
661.0	300.25	235.52	0.0042459	696.17	823.66	2.3756	0.94775	1.2727	429.54	0.083552	3.5327e-05	0.055482	supercritical
661.0	303.5	237.88	0.0042038	695.73	823.31	2.373	0.948	1.2741	430.3	0.082776	3.5409e-05	0.055612	supercritical
661.0	306.75	240.24	0.0041626	695.28	822.97	2.3704	0.94824	1.2755	431.07	0.082004	3.5491e-05	0.055743	supercritical
661.0	310.0	242.59	0.0041222	694.84	822.63	2.3678	0.94849	1.2768	431.84	0.081235	3.5574e-05	0.055875	supercritical
661.0	313.25	244.93	0.0040828	694.4	822.3	2.3653	0.94874	1.2781	432.62	0.080468	3.5658e-05	0.056007	supercritical
661.0	316.5	247.27	0.0040442	693.96	821.96	2.3628	0.94898	1.2795	433.41	0.079704	3.5742e-05	0.056139	supercritical
661.0	319.75	249.59	0.0040065	693.53	821.63	2.3603	0.94922	1.2808	434.2	0.078944	3.5827e-05	0.056272	supercritical
661.0	323.0	251.92	0.0039696	693.09	821.31	2.3579	0.94946	1.2821	435.0	0.078187	3.5912e-05	0.056406	supercritical
661.0	326.25	254.23	0.0039334	692.65	820.98	2.3555	0.9497	1.2833	435.8	0.077433	3.5998e-05	0.05654	supercritical
661.0	329.5	256.54	0.003898	692.22	820.66	2.353	0.94994	1.2846	436.61	0.076682	3.6084e-05	0.056675	supercritical
661.0	332.75	258.84	0.0038633	691.79	820.34	2.3506	0.95018	1.2859	437.42	0.075935	3.6171e-05	0.05681	supercritical
661.0	336.0	261.14	0.0038294	691.36	820.03	2.3483	0.95041	1.2871	438.24	0.075191	3.6258e-05	0.056946	supercritical
661.0	339.25	263.43	0.0037961	690.93	819.71	2.3459	0.95065	1.2883	439.07	0.07445	3.6346e-05	0.057082	supercritical
661.0	342.5	265.71	0.0037635	690.5	819.4	2.3436	0.95088	1.2896	439.9	0.073713	3.6434e-05	0.057218	supercritical
661.0	345.75	267.98	0.0037316	690.08	819.09	2.3413	0.95111	1.2908	440.73	0.07298	3.6523e-05	0.057355	supercritical
661.0	349.0	270.25	0.0037003	689.65	818.79	2.339	0.95134	1.292	441.57	0.07225	3.6612e-05	0.057493	supercritical
661.0	352.25	272.51	0.0036696	689.23	818.49	2.3367	0.95157	1.2932	442.42	0.071524	3.6702e-05	0.057631	supercritical
661.0	355.5	274.76	0.0036395	688.8	818.19	2.3345	0.9518	1.2943	443.27	0.070802	3.6792e-05	0.057769	supercritical
661.0	358.75	277.01	0.00361	688.38	817.89	2.3323	0.95203	1.2955	444.12	0.070083	3.6883e-05	0.057908	supercritical
661.0	362.0	279.25	0.0035811	687.96	817.6	2.33	0.95225	1.2966	444.98	0.069368	3.6974e-05	0.058047	supercritical
661.0	365.25	281.48	0.0035527	687.55	817.31	2.3279	0.95248	1.2978	445.85	0.068657	3.7066e-05	0.058186	supercritical
661.0	368.5	283.7	0.0035248	687.13	817.02	2.3257	0.9527	1.2989	446.72	0.06795	3.7158e-05	0.058326	supercritical
661.0	371.75	285.92	0.0034975	686.72	816.73	2.3235	0.95292	1.3	447.59	0.067247	3.725e-05	0.058466	supercritical
661.0	375.0	288.13	0.0034707	686.3	816.45	2.3214	0.95314	1.3011	448.47	0.066548	3.7343e-05	0.058607	supercritical
661.0	378.25	290.33	0.0034443	685.89	816.17	2.3193	0.95336	1.3022	449.35	0.065853	3.7437e-05	0.058748	supercritical
661.0	381.5	292.53	0.0034185	685.48	815.89	2.3171	0.95358	1.3033	450.24	0.065162	3.7531e-05	0.058889	supercritical
661.0	384.75	294.71	0.0033931	685.07	815.62	2.3151	0.9538	1.3044	451.13	0.064475	3.7625e-05	0.05903	supercritical
661.0	388.0	296.89	0.0033682	684.66	815.35	2.313	0.95401	1.3054	452.03	0.063793	3.772e-05	0.059172	supercritical
661.0	391.25	299.07	0.0033437	684.25	815.08	2.3109	0.95423	1.3065	452.93	0.063114	3.7815e-05	0.059314	supercritical
661.0	394.5	301.23	0.0033197	683.85	814.81	2.3089	0.95444	1.3075	453.83	0.06244	3.7911e-05	0.059457	supercritical
661.0	397.75	303.39	0.0032961	683.45	814.55	2.3069	0.95466	1.3086	454.74	0.061769	3.8007e-05	0.059599	supercritical
661.0	401.0	305.54	0.0032729	683.04	814.29	2.3048	0.95487	1.3096	455.66	0.061103	3.8103e-05	0.059742	supercritical
661.0	404.25	307.68	0.0032501	682.64	814.03	2.3029	0.95508	1.3106	456.57	0.060441	3.82e-05	0.059885	supercritical
661.0	407.5	309.82	0.0032277	682.24	813.77	2.3009	0.95529	1.3116	457.49	0.059784	3.8297e-05	0.060029	supercritical
661.0	410.75	311.95	0.0032057	681.84	813.52	2.2989	0.95549	1.3126	458.42	0.05913	3.8395e-05	0.060172	supercritical
661.0	414.0	314.07	0.003184	681.45	813.27	2.297	0.9557	1.3135	459.35	0.058481	3.8493e-05	0.060316	supercritical
661.0	417.25	316.18	0.0031627	681.05	813.02	2.295	0.95591	1.3145	460.28	0.057837	3.8592e-05	0.06046	supercritical
661.0	420.5	318.29	0.0031418	680.66	812.77	2.2931	0.95611	1.3155	461.21	0.057196	3.8691e-05	0.060604	supercritical
661.0	423.75	320.39	0.0031212	680.27	812.53	2.2912	0.95631	1.3164	462.15	0.05656	3.879e-05	0.060748	supercritical
661.0	427.0	322.48	0.003101	679.88	812.29	2.2893	0.95652	1.3173	463.1	0.055928	3.889e-05	0.060893	supercritical
661.0	430.25	324.56	0.0030811	679.49	812.05	2.2874	0.95672	1.3183	464.04	0.055301	3.899e-05	0.061038	supercritical
661.0	433.5	326.64	0.0030615	679.1	811.81	2.2856	0.95692	1.3192	464.99	0.054677	3.909e-05	0.061182	supercritical
661.0	436.75	328.7	0.0030423	678.71	811.58	2.2837	0.95712	1.3201	465.94	0.054059	3.9191e-05	0.061327	supercritical
661.0	440.0	330.77	0.0030233	678.33	811.35	2.2819	0.95732	1.321	466.9	0.053444	3.9292e-05	0.061472	supercritical
661.0	443.25	332.82	0.0030046	677.94	811.12	2.28	0.95751	1.3219	467.86	0.052834	3.9394e-05	0.061618	supercritical
661.0	446.5	334.86	0.0029863	677.56	810.9	2.2782	0.95771	1.3227	468.82	0.052228	3.9496e-05	0.061763	supercritical
661.0	449.75	336.9	0.0029682	677.18	810.67	2.2764	0.95791	1.3236	469.79	0.051627	3.9598e-05	0.061908	supercritical
661.0	453.0	338.93	0.0029504	676.8	810.45	2.2746	0.9581	1.3245	470.75	0.05103	3.9701e-05	0.062054	supercritical
661.0	456.25	340.96	0.0029329	676.42	810.23	2.2728	0.95829	1.3253	471.72	0.050437	3.9804e-05	0.062199	supercritical
661.0	459.5	342.97	0.0029157	676.04	810.02	2.2711	0.95849	1.3262	472.7	0.049848	3.9907e-05	0.062345	supercritical
661.0	462.75	344.98	0.0028987	675.67	809.8	2.2693	0.95868	1.327	473.67	0.049264	4.0011e-05	0.062491	supercritical
661.0	466.0	346.98	0.002882	675.29	809.59	2.2676	0.95887	1.3278	474.65	0.048684	4.0115e-05	0.062636	supercritical
661.0	469.25	348.98	0.0028655	674.92	809.38	2.2659	0.95906	1.3286	475.63	0.048108	4.0219e-05	0.062782	supercritical
661.0	472.5	350.96	0.0028493	674.55	809.18	2.2641	0.95925	1.3294	476.62	0.047537	4.0324e-05	0.062928	supercritical
661.0	475.75	352.94	0.0028333	674.18	808.97	2.2624	0.95943	1.3302	477.61	0.04697	4.0429e-05	0.063074	supercritical
661.0	479.0	354.91	0.0028176	673.81	808.77	2.2607	0.95962	1.331	478.59	0.046407	4.0534e-05	0.06322	supercritical
661.0	482.25	356.88	0.0028021	673.44	808.57	2.2591	0.95981	1.3318	479.59	0.045849	4.0639e-05	0.063365	supercritical
661.0	485.5	358.84	0.0027868	673.08	808.37	2.2574	0.95999	1.3326	480.58	0.045294	4.0745e-05	0.063511	supercritical
661.0	488.75	360.79	0.0027717	672.71	808.18	2.2557	0.96018	1.3333	481.58	0.044744	4.0851e-05	0.063657	supercritical
661.0	492.0	362.73	0.0027569	672.35	807.99	2.2541	0.96036	1.3341	482.57	0.044198	4.0958e-05	0.063803	supercritical
661.0	495.25	364.66	0.0027423	671.99	807.8	2.2524	0.96054	1.3348	483.57	0.043657	4.1065e-05	0.063949	supercritical
661.0	498.5	366.59	0.0027278	671.63	807.61	2.2508	0.96073	1.3356	484.58	0.043119	4.1172e-05	0.064094	supercritical
661.0	501.75	368.51	0.0027136	671.27	807.42	2.2492	0.96091	1.3363	485.58	0.042585	4.1279e-05	0.06424	supercritical
661.0	505.0	370.42	0.0026996	670.91	807.24	2.2476	0.96109	1.337	486.59	0.042056	4.1387e-05	0.064386	supercritical
661.0	508.25	372.33	0.0026858	670.55	807.06	2.246	0.96127	1.3377	487.6	0.041531	4.1495e-05	0.064532	supercritical
661.0	511.5	374.23	0.0026722	670.2	806.88	2.2444	0.96144	1.3384	488.61	0.04101	4.1603e-05	0.064677	supercritical
661.0	514.75	376.12	0.0026587	669.84	806.7	2.2428	0.96162	1.3391	489.62	0.040492	4.1711e-05	0.064823	supercritical
661.0	518.0	378.01	0.0026455	669.49	806.52	2.2412	0.9618	1.3398	490.63	0.039979	4.182e-05	0.064968	supercritical
661.0	521.25	379.88	0.0026324	669.14	806.35	2.2397	0.96197	1.3405	491.65	0.03947	4.1929e-05	0.065114	supercritical
661.0	524.5	381.75	0.0026195	668.79	806.18	2.2381	0.96215	1.3412	492.67	0.038965	4.2038e-05	0.065259	supercritical
661.0	527.75	383.62	0.0026068	668.44	806.01	2.2366	0.96232	1.3418	493.68	0.038464	4.2148e-05	0.065404	supercritical
661.0	531.0	385.47	0.0025942	668.09	805.85	2.2351	0.9625	1.3425	494.7	0.037967	4.2258e-05	0.065549	supercritical
661.0	534.25	387.32	0.0025818	667.75	805.68	2.2335	0.96267	1.3432	495.73	0.037473	4.2368e-05	0.065694	supercritical
661.0	537.5	389.16	0.0025696	667.4	805.52	2.232	0.96284	1.3438	496.75	0.036984	4.2478e-05	0.065839	supercritical
661.0	540.75	391.0	0.0025576	667.06	805.36	2.2305	0.96302	1.3444	497.78	0.036498	4.2589e-05	0.065984	supercritical
661.0	544.0	392.82	0.0025457	666.71	805.2	2.229	0.96319	1.3451	498.8	0.036016	4.2699e-05	0.066129	supercritical
661.0	547.25	394.64	0.0025339	666.37	805.04	2.2275	0.96336	1.3457	499.83	0.035538	4.281e-05	0.066273	supercritical
661.0	550.5	396.46	0.0025223	666.03	804.89	2.2261	0.96353	1.3463	500.86	0.035064	4.2921e-05	0.066418	supercritical
661.0	553.75	398.26	0.0025109	665.7	804.74	2.2246	0.9637	1.3469	501.89	0.034593	4.3033e-05	0.066562	supercritical
661.0	557.0	400.06	0.0024996	665.36	804.59	2.2231	0.96386	1.3475	502.92	0.034126	4.3144e-05	0.066706	supercritical
661.0	560.25	401.86	0.0024884	665.02	804.44	2.2217	0.96403	1.3481	503.95	0.033663	4.3256e-05	0.06685	supercritical
661.0	563.5	403.64	0.0024774	664.69	804.29	2.2202	0.9642	1.3487	504.99	0.033204	4.3368e-05	0.066994	supercritical
661.0	566.75	405.42	0.0024666	664.35	804.15	2.2188	0.96436	1.3493	506.02	0.032748	4.3481e-05	0.067138	supercritical
661.0	570.0	407.2	0.0024558	664.02	804.0	2.2174	0.96453	1.3499	507.06	0.032296	4.3593e-05	0.067281	supercritical
661.0	573.25	408.96	0.0024452	663.69	803.86	2.216	0.96469	1.3505	508.1	0.031847	4.3706e-05	0.067425	supercritical
661.0	576.5	410.72	0.0024347	663.36	803.72	2.2146	0.96486	1.351	509.13	0.031402	4.3819e-05	0.067568	supercritical
661.0	579.75	412.47	0.0024244	663.03	803.59	2.2132	0.96502	1.3516	510.17	0.03096	4.3932e-05	0.067711	supercritical
661.0	583.0	414.22	0.0024142	662.7	803.45	2.2118	0.96518	1.3521	511.21	0.030522	4.4045e-05	0.067854	supercritical
661.0	586.25	415.96	0.0024041	662.38	803.32	2.2104	0.96535	1.3527	512.26	0.030087	4.4159e-05	0.067997	supercritical
661.0	589.5	417.69	0.0023941	662.05	803.19	2.209	0.96551	1.3532	513.3	0.029655	4.4272e-05	0.068139	supercritical
661.0	592.75	419.41	0.0023843	661.73	803.06	2.2076	0.96567	1.3538	514.34	0.029227	4.4386e-05	0.068282	supercritical
661.0	596.0	421.13	0.0023745	661.41	802.93	2.2063	0.96583	1.3543	515.38	0.028803	4.45e-05	0.068424	supercritical
661.0	599.25	422.85	0.0023649	661.09	802.8	2.2049	0.96599	1.3548	516.43	0.028381	4.4615e-05	0.068566	supercritical
661.0	602.5	424.55	0.0023554	660.77	802.68	2.2036	0.96615	1.3553	517.47	0.027963	4.4729e-05	0.068708	supercritical
661.0	605.75	426.25	0.002346	660.45	802.56	2.2022	0.96631	1.3559	518.52	0.027549	4.4844e-05	0.068849	supercritical
661.0	609.0	427.94	0.0023368	660.13	802.44	2.2009	0.96647	1.3564	519.57	0.027137	4.4958e-05	0.068991	supercritical
661.0	612.25	429.63	0.0023276	659.81	802.32	2.1996	0.96662	1.3569	520.61	0.026729	4.5073e-05	0.069132	supercritical
661.0	615.5	431.31	0.0023185	659.5	802.2	2.1982	0.96678	1.3574	521.66	0.026324	4.5188e-05	0.069273	supercritical
661.0	618.75	432.98	0.0023096	659.18	802.09	2.1969	0.96694	1.3578	522.71	0.025922	4.5304e-05	0.069414	supercritical
661.0	622.0	434.65	0.0023007	658.87	801.97	2.1956	0.96709	1.3583	523.76	0.025523	4.5419e-05	0.069555	supercritical
661.0	625.25	436.31	0.0022919	658.56	801.86	2.1943	0.96725	1.3588	524.81	0.025127	4.5535e-05	0.069695	supercritical
661.0	628.5	437.97	0.0022833	658.25	801.75	2.193	0.9674	1.3593	525.86	0.024734	4.565e-05	0.069835	supercritical
661.0	631.75	439.61	0.0022747	657.94	801.64	2.1918	0.96756	1.3597	526.91	0.024344	4.5766e-05	0.069975	supercritical
661.0	635.0	441.26	0.0022663	657.63	801.54	2.1905	0.96771	1.3602	527.96	0.023958	4.5882e-05	0.070115	supercritical
661.0	638.25	442.89	0.0022579	657.32	801.43	2.1892	0.96786	1.3607	529.01	0.023574	4.5998e-05	0.070254	supercritical
661.0	641.5	444.52	0.0022496	657.01	801.33	2.1879	0.96802	1.3611	530.06	0.023193	4.6115e-05	0.070394	supercritical
661.0	644.75	446.15	0.0022414	656.71	801.23	2.1867	0.96817	1.3616	531.12	0.022815	4.6231e-05	0.070533	supercritical
661.0	648.0	447.76	0.0022333	656.41	801.13	2.1854	0.96832	1.362	532.17	0.02244	4.6347e-05	0.070672	supercritical
661.0	651.25	449.37	0.0022253	656.1	801.03	2.1842	0.96847	1.3624	533.22	0.022068	4.6464e-05	0.07081	supercritical
661.0	654.5	450.98	0.0022174	655.8	800.93	2.1829	0.96862	1.3629	534.28	0.021699	4.6581e-05	0.070949	supercritical
661.0	657.75	452.58	0.0022096	655.5	800.83	2.1817	0.96877	1.3633	535.33	0.021332	4.6698e-05	0.071087	supercritical
661.0	661.0	454.17	0.0022018	655.2	800.74	2.1805	0.96892	1.3637	536.38	0.020968	4.6815e-05	0.071225	supercritical
661.0	664.25	455.76	0.0021942	654.9	800.65	2.1793	0.96907	1.3641	537.44	0.020607	4.6932e-05	0.071363	supercritical
661.0	667.5	457.34	0.0021866	654.6	800.56	2.1781	0.96922	1.3645	538.49	0.020249	4.705e-05	0.0715	supercritical
661.0	670.75	458.91	0.0021791	654.31	800.47	2.1768	0.96937	1.365	539.55	0.019893	4.7167e-05	0.071637	supercritical
661.0	674.0	460.48	0.0021716	654.01	800.38	2.1756	0.96952	1.3654	540.6	0.019541	4.7284e-05	0.071775	supercritical
661.0	677.25	462.05	0.0021643	653.72	800.3	2.1744	0.96967	1.3658	541.66	0.01919	4.7402e-05	0.071911	supercritical
661.0	680.5	463.6	0.002157	653.43	800.21	2.1733	0.96981	1.3661	542.72	0.018843	4.752e-05	0.072048	supercritical
661.0	683.75	465.15	0.0021498	653.13	800.13	2.1721	0.96996	1.3665	543.77	0.018498	4.7638e-05	0.072184	supercritical
661.0	687.0	466.7	0.0021427	652.84	800.05	2.1709	0.97011	1.3669	544.83	0.018155	4.7756e-05	0.07232	supercritical
661.0	690.25	468.24	0.0021357	652.55	799.97	2.1697	0.97025	1.3673	545.88	0.017815	4.7874e-05	0.072456	supercritical
661.0	693.5	469.77	0.0021287	652.26	799.89	2.1686	0.9704	1.3677	546.94	0.017478	4.7992e-05	0.072592	supercritical
661.0	696.75	471.3	0.0021218	651.98	799.81	2.1674	0.97054	1.368	547.99	0.017143	4.811e-05	0.072727	supercritical
661.0	700.0	472.82	0.0021149	651.69	799.74	2.1662	0.97069	1.3684	549.05	0.016811	4.8229e-05	0.072862	supercritical
661.0	703.25	474.34	0.0021082	651.4	799.66	2.1651	0.97083	1.3688	550.11	0.016481	4.8347e-05	0.072997	supercritical
661.0	706.5	475.85	0.0021015	651.12	799.59	2.1639	0.97097	1.3691	551.16	0.016153	4.8466e-05	0.073132	supercritical
661.0	709.75	477.36	0.0020949	650.84	799.52	2.1628	0.97112	1.3695	552.22	0.015828	4.8584e-05	0.073266	supercritical
661.0	713.0	478.86	0.0020883	650.55	799.45	2.1617	0.97126	1.3698	553.28	0.015505	4.8703e-05	0.0734	supercritical
661.0	716.25	480.35	0.0020818	650.27	799.38	2.1605	0.9714	1.3702	554.33	0.015185	4.8822e-05	0.073534	supercritical
661.0	719.5	481.84	0.0020754	649.99	799.31	2.1594	0.97155	1.3705	555.39	0.014867	4.8941e-05	0.073667	supercritical
661.0	722.75	483.33	0.002069	649.71	799.25	2.1583	0.97169	1.3708	556.44	0.014551	4.906e-05	0.073801	supercritical
661.0	726.0	484.8	0.0020627	649.43	799.18	2.1572	0.97183	1.3712	557.5	0.014238	4.9179e-05	0.073934	supercritical
661.0	729.25	486.28	0.0020564	649.15	799.12	2.1561	0.97197	1.3715	558.56	0.013926	4.9298e-05	0.074067	supercritical
661.0	732.5	487.74	0.0020503	648.88	799.06	2.155	0.97211	1.3718	559.61	0.013617	4.9417e-05	0.074199	supercritical
661.0	735.75	489.21	0.0020441	648.6	799.0	2.1539	0.97225	1.3721	560.67	0.013311	4.9536e-05	0.074332	supercritical
661.0	739.0	490.66	0.0020381	648.33	798.94	2.1528	0.97239	1.3724	561.72	0.013006	4.9656e-05	0.074464	supercritical
661.0	742.25	492.11	0.0020321	648.05	798.88	2.1517	0.97253	1.3728	562.78	0.012704	4.9775e-05	0.074596	supercritical
661.0	745.5	493.56	0.0020261	647.78	798.83	2.1506	0.97267	1.3731	563.83	0.012404	4.9895e-05	0.074727	supercritical
661.0	748.75	495.0	0.0020202	647.51	798.77	2.1495	0.97281	1.3734	564.89	0.012106	5.0014e-05	0.074859	supercritical
661.0	752.0	496.43	0.0020144	647.24	798.72	2.1485	0.97295	1.3737	565.94	0.01181	5.0134e-05	0.07499	supercritical
661.0	755.25	497.86	0.0020086	646.97	798.67	2.1474	0.97309	1.374	567.0	0.011516	5.0253e-05	0.075121	supercritical
661.0	758.5	499.29	0.0020028	646.7	798.62	2.1463	0.97322	1.3742	568.05	0.011225	5.0373e-05	0.075251	supercritical
661.0	761.75	500.71	0.0019972	646.43	798.57	2.1453	0.97336	1.3745	569.11	0.010935	5.0493e-05	0.075382	supercritical
661.0	765.0	502.12	0.0019915	646.17	798.52	2.1442	0.9735	1.3748	570.16	0.010648	5.0613e-05	0.075512	supercritical
661.0	768.25	503.53	0.001986	645.9	798.47	2.1432	0.97364	1.3751	571.21	0.010362	5.0733e-05	0.075642	supercritical
661.0	771.5	504.94	0.0019804	645.63	798.43	2.1421	0.97377	1.3754	572.27	0.010079	5.0853e-05	0.075771	supercritical
661.0	774.75	506.34	0.001975	645.37	798.38	2.1411	0.97391	1.3756	573.32	0.0097975	5.0973e-05	0.075901	supercritical
661.0	778.0	507.73	0.0019695	645.11	798.34	2.1401	0.97405	1.3759	574.37	0.0095181	5.1093e-05	0.07603	supercritical
661.0	781.25	509.12	0.0019642	644.85	798.3	2.139	0.97418	1.3762	575.42	0.0092407	5.1213e-05	0.076159	supercritical
661.0	784.5	510.5	0.0019589	644.58	798.26	2.138	0.97432	1.3764	576.48	0.0089652	5.1333e-05	0.076287	supercritical
661.0	787.75	511.88	0.0019536	644.32	798.22	2.137	0.97445	1.3767	577.53	0.0086916	5.1453e-05	0.076416	supercritical
661.0	791.0	513.26	0.0019483	644.06	798.18	2.136	0.97459	1.377	578.58	0.0084199	5.1573e-05	0.076544	supercritical
661.0	794.25	514.63	0.0019432	643.81	798.14	2.1349	0.97472	1.3772	579.63	0.0081502	5.1693e-05	0.076672	supercritical
661.0	797.5	515.99	0.001938	643.55	798.11	2.1339	0.97486	1.3775	580.68	0.0078823	5.1814e-05	0.076799	supercritical
661.0	800.75	517.35	0.0019329	643.29	798.07	2.1329	0.97499	1.3777	581.73	0.0076163	5.1934e-05	0.076927	supercritical
661.0	804.0	518.7	0.0019279	643.04	798.04	2.1319	0.97512	1.378	582.78	0.0073522	5.2054e-05	0.077054	supercritical
661.0	807.25	520.05	0.0019229	642.78	798.0	2.1309	0.97526	1.3782	583.83	0.0070899	5.2175e-05	0.077181	supercritical
661.0	810.5	521.4	0.0019179	642.53	797.97	2.1299	0.97539	1.3784	584.88	0.0068294	5.2295e-05	0.077307	supercritical
661.0	813.75	522.74	0.001913	642.27	797.94	2.129	0.97552	1.3787	585.93	0.0065707	5.2416e-05	0.077434	supercritical
661.0	817.0	524.08	0.0019081	642.02	797.91	2.128	0.97566	1.3789	586.98	0.0063138	5.2536e-05	0.07756	supercritical
661.0	820.25	525.41	0.0019033	641.77	797.89	2.127	0.97579	1.3791	588.02	0.0060587	5.2657e-05	0.077686	supercritical
661.0	823.5	526.73	0.0018985	641.52	797.86	2.126	0.97592	1.3793	589.07	0.0058054	5.2777e-05	0.077812	supercritical
661.0	826.75	528.05	0.0018937	641.27	797.83	2.1251	0.97605	1.3796	590.12	0.0055538	5.2898e-05	0.077937	supercritical
661.0	830.0	529.37	0.001889	641.02	797.81	2.1241	0.97618	1.3798	591.17	0.005304	5.3018e-05	0.078062	supercritical
661.0	833.25	530.68	0.0018844	640.77	797.79	2.1231	0.97632	1.38	592.21	0.0050558	5.3139e-05	0.078187	supercritical
661.0	836.5	531.99	0.0018797	640.53	797.77	2.1222	0.97645	1.3802	593.26	0.0048094	5.326e-05	0.078312	supercritical
661.0	839.75	533.29	0.0018751	640.28	797.74	2.1212	0.97658	1.3804	594.3	0.0045647	5.338e-05	0.078436	supercritical
661.0	843.0	534.59	0.0018706	640.03	797.72	2.1203	0.97671	1.3806	595.34	0.0043216	5.3501e-05	0.078561	supercritical
661.0	846.25	535.89	0.0018661	639.79	797.71	2.1193	0.97684	1.3808	596.39	0.0040802	5.3622e-05	0.078685	supercritical
661.0	849.5	537.17	0.0018616	639.55	797.69	2.1184	0.97697	1.381	597.43	0.0038405	5.3742e-05	0.078808	supercritical
661.0	852.75	538.46	0.0018572	639.3	797.67	2.1174	0.9771	1.3812	598.47	0.0036024	5.3863e-05	0.078932	supercritical
661.0	856.0	539.74	0.0018527	639.06	797.66	2.1165	0.97723	1.3814	599.52	0.0033659	5.3984e-05	0.079055	supercritical
661.0	859.25	541.02	0.0018484	638.82	797.64	2.1156	0.97736	1.3816	600.56	0.0031311	5.4104e-05	0.079178	supercritical
661.0	862.5	542.29	0.001844	638.58	797.63	2.1146	0.97749	1.3818	601.6	0.0028978	5.4225e-05	0.079301	supercritical
661.0	865.75	543.55	0.0018397	638.34	797.61	2.1137	0.97762	1.382	602.64	0.0026662	5.4346e-05	0.079424	supercritical
661.0	869.0	544.82	0.0018355	638.1	797.6	2.1128	0.97774	1.3822	603.68	0.0024361	5.4467e-05	0.079546	supercritical
661.0	872.25	546.08	0.0018312	637.86	797.59	2.1119	0.97787	1.3824	604.72	0.0022075	5.4587e-05	0.079668	supercritical
661.0	875.5	547.33	0.001827	637.62	797.58	2.111	0.978	1.3826	605.75	0.0019805	5.4708e-05	0.07979	supercritical
661.0	878.75	548.58	0.0018229	637.39	797.57	2.11	0.97813	1.3827	606.79	0.0017551	5.4829e-05	0.079912	supercritical
661.0	882.0	549.83	0.0018188	637.15	797.57	2.1091	0.97826	1.3829	607.83	0.0015312	5.495e-05	0.080034	supercritical
661.0	885.25	551.07	0.0018147	636.92	797.56	2.1082	0.97839	1.3831	608.87	0.0013088	5.5071e-05	0.080155	supercritical
661.0	888.5	552.3	0.0018106	636.68	797.56	2.1073	0.97851	1.3833	609.9	0.0010878	5.5191e-05	0.080276	supercritical
661.0	891.75	553.54	0.0018066	636.45	797.55	2.1064	0.97864	1.3834	610.94	0.00086843	5.5312e-05	0.080397	supercritical
661.0	895.0	554.77	0.0018026	636.22	797.55	2.1056	0.97877	1.3836	611.97	0.00065049	5.5433e-05	0.080517	supercritical
661.0	898.25	555.99	0.0017986	635.99	797.55	2.1047	0.97889	1.3837	613.0	0.00043401	5.5554e-05	0.080638	supercritical
661.0	901.5	557.21	0.0017947	635.76	797.54	2.1038	0.97902	1.3839	614.04	0.00021899	5.5675e-05	0.080758	supercritical
661.0	904.75	558.43	0.0017907	635.53	797.54	2.1029	0.97915	1.3841	615.07	5.414e-06	5.5795e-05	0.080878	supercritical
661.0	908.0	559.64	0.0017869	635.3	797.54	2.102	0.97927	1.3842	616.1	-0.00020673	5.5916e-05	0.080997	supercritical
661.0	911.25	560.85	0.001783	635.07	797.55	2.1011	0.9794	1.3844	617.13	-0.00041746	5.6037e-05	0.081117	supercritical
661.0	914.5	562.05	0.0017792	634.84	797.55	2.1003	0.97953	1.3845	618.16	-0.00062677	5.6158e-05	0.081236	supercritical
661.0	917.75	563.25	0.0017754	634.61	797.55	2.0994	0.97965	1.3847	619.19	-0.00083469	5.6278e-05	0.081355	supercritical
661.0	921.0	564.45	0.0017716	634.39	797.56	2.0985	0.97978	1.3848	620.22	-0.0010412	5.6399e-05	0.081474	supercritical
661.0	924.25	565.64	0.0017679	634.16	797.56	2.0977	0.9799	1.385	621.25	-0.0012464	5.652e-05	0.081593	supercritical
661.0	927.5	566.83	0.0017642	633.94	797.57	2.0968	0.98003	1.3851	622.28	-0.0014502	5.6641e-05	0.081711	supercritical
661.0	930.75	568.01	0.0017605	633.71	797.57	2.096	0.98015	1.3853	623.3	-0.0016526	5.6761e-05	0.08183	supercritical
661.0	934.0	569.19	0.0017569	633.49	797.58	2.0951	0.98028	1.3854	624.33	-0.0018537	5.6882e-05	0.081948	supercritical
661.0	937.25	570.37	0.0017532	633.27	797.59	2.0943	0.9804	1.3856	625.35	-0.0020534	5.7003e-05	0.082065	supercritical
661.0	940.5	571.54	0.0017496	633.05	797.6	2.0934	0.98053	1.3857	626.38	-0.0022519	5.7123e-05	0.082183	supercritical
661.0	943.75	572.71	0.0017461	632.82	797.61	2.0926	0.98065	1.3858	627.4	-0.002449	5.7244e-05	0.0823	supercritical
661.0	947.0	573.88	0.0017425	632.6	797.62	2.0917	0.98077	1.386	628.42	-0.0026448	5.7365e-05	0.082418	supercritical
661.0	950.25	575.04	0.001739	632.38	797.63	2.0909	0.9809	1.3861	629.45	-0.0028393	5.7485e-05	0.082535	supercritical
661.0	953.5	576.19	0.0017355	632.17	797.65	2.0901	0.98102	1.3862	630.47	-0.0030326	5.7606e-05	0.082651	supercritical
661.0	956.75	577.35	0.0017321	631.95	797.66	2.0892	0.98115	1.3864	631.49	-0.0032246	5.7727e-05	0.082768	supercritical
661.0	960.0	578.5	0.0017286	631.73	797.68	2.0884	0.98127	1.3865	632.51	-0.0034153	5.7847e-05	0.082884	supercritical
661.0	963.25	579.64	0.0017252	631.51	797.69	2.0876	0.98139	1.3866	633.52	-0.0036047	5.7968e-05	0.083001	supercritical
661.0	966.5	580.79	0.0017218	631.3	797.71	2.0867	0.98152	1.3867	634.54	-0.0037929	5.8088e-05	0.083117	supercritical
661.0	969.75	581.92	0.0017184	631.08	797.73	2.0859	0.98164	1.3868	635.56	-0.0039799	5.8209e-05	0.083232	supercritical
661.0	973.0	583.06	0.0017151	630.87	797.74	2.0851	0.98176	1.387	636.58	-0.0041657	5.8329e-05	0.083348	supercritical
661.0	976.25	584.19	0.0017118	630.65	797.76	2.0843	0.98188	1.3871	637.59	-0.0043502	5.845e-05	0.083464	supercritical
661.0	979.5	585.32	0.0017085	630.44	797.78	2.0835	0.98201	1.3872	638.61	-0.0045336	5.857e-05	0.083579	supercritical
661.0	982.75	586.44	0.0017052	630.23	797.8	2.0827	0.98213	1.3873	639.62	-0.0047157	5.8691e-05	0.083694	supercritical
661.0	986.0	587.56	0.0017019	630.01	797.83	2.0819	0.98225	1.3874	640.63	-0.0048967	5.8811e-05	0.083809	supercritical
661.0	989.25	588.68	0.0016987	629.8	797.85	2.0811	0.98237	1.3875	641.64	-0.0050765	5.8932e-05	0.083923	supercritical
661.0	992.5	589.79	0.0016955	629.59	797.87	2.0803	0.9825	1.3876	642.66	-0.0052551	5.9052e-05	0.084038	supercritical
661.0	995.75	590.9	0.0016923	629.38	797.9	2.0795	0.98262	1.3878	643.67	-0.0054326	5.9172e-05	0.084152	supercritical
661.0	999.0	592.01	0.0016892	629.17	797.92	2.0787	0.98274	1.3879	644.67	-0.0056089	5.9293e-05	0.084266	supercritical
661.0	1002.2	593.11	0.001686	628.97	797.95	2.0779	0.98286	1.388	645.68	-0.0057841	5.9413e-05	0.08438	supercritical
661.0	1005.5	594.21	0.0016829	628.76	797.97	2.0771	0.98298	1.3881	646.69	-0.0059581	5.9533e-05	0.084494	supercritical
661.0	1008.8	595.31	0.0016798	628.55	798.0	2.0763	0.9831	1.3882	647.7	-0.0061311	5.9654e-05	0.084607	supercritical
661.0	1012.0	596.4	0.0016767	628.34	798.03	2.0755	0.98322	1.3883	648.7	-0.0063029	5.9774e-05	0.084721	supercritical
661.0	1015.2	597.49	0.0016737	628.14	798.06	2.0748	0.98334	1.3884	649.71	-0.0064736	5.9894e-05	0.084834	supercritical
661.0	1018.5	598.57	0.0016706	627.93	798.09	2.074	0.98347	1.3885	650.71	-0.0066433	6.0014e-05	0.084947	supercritical
661.0	1021.8	599.65	0.0016676	627.73	798.12	2.0732	0.98359	1.3886	651.72	-0.0068118	6.0134e-05	0.08506	supercritical
661.0	1025.0	600.73	0.0016646	627.52	798.15	2.0724	0.98371	1.3887	652.72	-0.0069793	6.0254e-05	0.085173	supercritical
661.0	1028.2	601.81	0.0016617	627.32	798.18	2.0717	0.98383	1.3888	653.72	-0.0071457	6.0375e-05	0.085285	supercritical
661.0	1031.5	602.88	0.0016587	627.12	798.21	2.0709	0.98395	1.3889	654.72	-0.007311	6.0495e-05	0.085397	supercritical
661.0	1034.8	603.95	0.0016558	626.92	798.25	2.0701	0.98407	1.3889	655.72	-0.0074753	6.0615e-05	0.08551	supercritical
661.0	1038.0	605.01	0.0016529	626.71	798.28	2.0694	0.98419	1.389	656.72	-0.0076386	6.0735e-05	0.085622	supercritical
661.0	1041.2	606.08	0.00165	626.51	798.32	2.0686	0.98431	1.3891	657.72	-0.0078008	6.0855e-05	0.085733	supercritical
661.0	1044.5	607.13	0.0016471	626.31	798.35	2.0679	0.98443	1.3892	658.72	-0.007962	6.0974e-05	0.085845	supercritical
661.0	1047.8	608.19	0.0016442	626.11	798.39	2.0671	0.98455	1.3893	659.71	-0.0081222	6.1094e-05	0.085956	supercritical
661.0	1051.0	609.24	0.0016414	625.91	798.42	2.0663	0.98467	1.3894	660.71	-0.0082814	6.1214e-05	0.086068	supercritical
661.0	1054.2	610.29	0.0016386	625.72	798.46	2.0656	0.98479	1.3895	661.7	-0.0084396	6.1334e-05	0.086179	supercritical
661.0	1057.5	611.34	0.0016358	625.52	798.5	2.0649	0.9849	1.3896	662.7	-0.0085968	6.1454e-05	0.08629	supercritical
661.0	1060.8	612.38	0.001633	625.32	798.54	2.0641	0.98502	1.3896	663.69	-0.008753	6.1574e-05	0.086401	supercritical
661.0	1064.0	613.42	0.0016302	625.13	798.58	2.0634	0.98514	1.3897	664.68	-0.0089082	6.1693e-05	0.086511	supercritical
661.0	1067.2	614.45	0.0016275	624.93	798.62	2.0626	0.98526	1.3898	665.67	-0.0090624	6.1813e-05	0.086622	supercritical
661.0	1070.5	615.49	0.0016247	624.73	798.66	2.0619	0.98538	1.3899	666.66	-0.0092157	6.1933e-05	0.086732	supercritical
661.0	1073.8	616.52	0.001622	624.54	798.7	2.0612	0.9855	1.39	667.65	-0.0093681	6.2052e-05	0.086842	supercritical
661.0	1077.0	617.54	0.0016193	624.35	798.75	2.0604	0.98562	1.39	668.64	-0.0095195	6.2172e-05	0.086952	supercritical
661.0	1080.2	618.57	0.0016166	624.15	798.79	2.0597	0.98574	1.3901	669.63	-0.00967	6.2291e-05	0.087062	supercritical
661.0	1083.5	619.59	0.001614	623.96	798.83	2.059	0.98585	1.3902	670.62	-0.0098195	6.2411e-05	0.087172	supercritical
661.0	1086.8	620.61	0.0016113	623.77	798.88	2.0582	0.98597	1.3903	671.6	-0.0099681	6.253e-05	0.087282	supercritical
661.0	1090.0	621.62	0.0016087	623.58	798.92	2.0575	0.98609	1.3903	672.59	-0.010116	6.265e-05	0.087391	supercritical
661.0	1093.2	622.63	0.0016061	623.38	798.97	2.0568	0.98621	1.3904	673.57	-0.010263	6.2769e-05	0.0875	supercritical
661.0	1096.5	623.64	0.0016035	623.19	799.02	2.0561	0.98633	1.3905	674.55	-0.010409	6.2888e-05	0.087609	supercritical
661.0	1099.8	624.65	0.0016009	623.0	799.06	2.0554	0.98644	1.3905	675.53	-0.010554	6.3008e-05	0.087718	supercritical
661.0	1103.0	625.65	0.0015983	622.81	799.11	2.0546	0.98656	1.3906	676.52	-0.010698	6.3127e-05	0.087827	supercritical
661.0	1106.2	626.65	0.0015958	622.63	799.16	2.0539	0.98668	1.3907	677.5	-0.010841	6.3246e-05	0.087936	supercritical
661.0	1109.5	627.64	0.0015933	622.44	799.21	2.0532	0.9868	1.3907	678.48	-0.010983	6.3365e-05	0.088044	supercritical
661.0	1112.8	628.64	0.0015907	622.25	799.26	2.0525	0.98692	1.3908	679.45	-0.011125	6.3484e-05	0.088153	supercritical
661.0	1116.0	629.63	0.0015882	622.06	799.31	2.0518	0.98703	1.3909	680.43	-0.011265	6.3603e-05	0.088261	supercritical
661.0	1119.2	630.62	0.0015858	621.88	799.36	2.0511	0.98715	1.3909	681.41	-0.011405	6.3722e-05	0.088369	supercritical
661.0	1122.5	631.6	0.0015833	621.69	799.41	2.0504	0.98727	1.391	682.38	-0.011544	6.3841e-05	0.088477	supercritical
661.0	1125.8	632.58	0.0015808	621.5	799.47	2.0497	0.98738	1.391	683.36	-0.011682	6.396e-05	0.088585	supercritical
661.0	1129.0	633.56	0.0015784	621.32	799.52	2.049	0.9875	1.3911	684.33	-0.01182	6.4079e-05	0.088692	supercritical
661.0	1132.2	634.54	0.001576	621.14	799.57	2.0483	0.98762	1.3912	685.31	-0.011956	6.4198e-05	0.0888	supercritical
661.0	1135.5	635.51	0.0015735	620.95	799.63	2.0476	0.98773	1.3912	686.28	-0.012092	6.4317e-05	0.088907	supercritical
661.0	1138.8	636.48	0.0015711	620.77	799.68	2.0469	0.98785	1.3913	687.25	-0.012227	6.4436e-05	0.089015	supercritical
661.0	1142.0	637.45	0.0015688	620.59	799.74	2.0463	0.98797	1.3913	688.22	-0.012361	6.4554e-05	0.089122	supercritical
661.0	1145.2	638.41	0.0015664	620.4	799.79	2.0456	0.98808	1.3914	689.19	-0.012494	6.4673e-05	0.089229	supercritical
661.0	1148.5	639.38	0.001564	620.22	799.85	2.0449	0.9882	1.3914	690.16	-0.012626	6.4792e-05	0.089336	supercritical
661.0	1151.8	640.34	0.0015617	620.04	799.91	2.0442	0.98832	1.3915	691.12	-0.012758	6.491e-05	0.089442	supercritical
661.0	1155.0	641.29	0.0015594	619.86	799.97	2.0435	0.98843	1.3916	692.09	-0.012889	6.5029e-05	0.089549	supercritical
661.0	1158.2	642.25	0.001557	619.68	800.02	2.0428	0.98855	1.3916	693.06	-0.013019	6.5148e-05	0.089655	supercritical
661.0	1161.5	643.2	0.0015547	619.5	800.08	2.0422	0.98866	1.3917	694.02	-0.013148	6.5266e-05	0.089762	supercritical
661.0	1164.8	644.15	0.0015524	619.32	800.14	2.0415	0.98878	1.3917	694.99	-0.013277	6.5384e-05	0.089868	supercritical
661.0	1168.0	645.09	0.0015502	619.14	800.2	2.0408	0.9889	1.3918	695.95	-0.013405	6.5503e-05	0.089974	supercritical
661.0	1171.2	646.03	0.0015479	618.97	800.27	2.0402	0.98901	1.3918	696.91	-0.013532	6.5621e-05	0.09008	supercritical
661.0	1174.5	646.97	0.0015457	618.79	800.33	2.0395	0.98913	1.3919	697.87	-0.013658	6.5739e-05	0.090186	supercritical
661.0	1177.8	647.91	0.0015434	618.61	800.39	2.0388	0.98924	1.3919	698.83	-0.013784	6.5858e-05	0.090292	supercritical
661.0	1181.0	648.85	0.0015412	618.44	800.45	2.0382	0.98936	1.392	699.79	-0.013909	6.5976e-05	0.090397	supercritical
661.0	1184.2	649.78	0.001539	618.26	800.51	2.0375	0.98947	1.392	700.75	-0.014033	6.6094e-05	0.090503	supercritical
661.0	1187.5	650.71	0.0015368	618.09	800.58	2.0368	0.98959	1.392	701.71	-0.014157	6.6212e-05	0.090608	supercritical
661.0	1190.8	651.64	0.0015346	617.91	800.64	2.0362	0.98971	1.3921	702.66	-0.014279	6.633e-05	0.090713	supercritical
661.0	1194.0	652.56	0.0015324	617.74	800.71	2.0355	0.98982	1.3921	703.62	-0.014401	6.6448e-05	0.090818	supercritical
661.0	1197.2	653.48	0.0015303	617.56	800.77	2.0349	0.98994	1.3922	704.58	-0.014523	6.6566e-05	0.090923	supercritical
661.0	1200.5	654.4	0.0015281	617.39	800.84	2.0342	0.99005	1.3922	705.53	-0.014643	6.6684e-05	0.091028	supercritical
661.0	1203.8	655.32	0.001526	617.22	800.91	2.0336	0.99017	1.3923	706.48	-0.014763	6.6802e-05	0.091133	supercritical
661.0	1207.0	656.23	0.0015238	617.04	800.97	2.0329	0.99028	1.3923	707.43	-0.014883	6.692e-05	0.091237	supercritical
661.0	1210.2	657.15	0.0015217	616.87	801.04	2.0323	0.9904	1.3923	708.39	-0.015001	6.7037e-05	0.091342	supercritical
661.0	1213.5	658.05	0.0015196	616.7	801.11	2.0316	0.99051	1.3924	709.34	-0.015119	6.7155e-05	0.091446	supercritical
661.0	1216.8	658.96	0.0015175	616.53	801.18	2.031	0.99062	1.3924	710.29	-0.015237	6.7273e-05	0.091551	supercritical
661.0	1220.0	659.87	0.0015155	616.36	801.25	2.0303	0.99074	1.3925	711.23	-0.015353	6.739e-05	0.091655	supercritical
661.0	1223.2	660.77	0.0015134	616.19	801.32	2.0297	0.99085	1.3925	712.18	-0.015469	6.7508e-05	0.091759	supercritical
661.0	1226.5	661.67	0.0015113	616.02	801.39	2.0291	0.99097	1.3925	713.13	-0.015584	6.7625e-05	0.091863	supercritical
661.0	1229.8	662.56	0.0015093	615.85	801.46	2.0284	0.99108	1.3926	714.08	-0.015699	6.7743e-05	0.091967	supercritical
661.0	1233.0	663.46	0.0015073	615.68	801.53	2.0278	0.9912	1.3926	715.02	-0.015813	6.786e-05	0.092071	supercritical
661.0	1236.2	664.35	0.0015052	615.52	801.6	2.0272	0.99131	1.3926	715.96	-0.015926	6.7978e-05	0.092174	supercritical
661.0	1239.5	665.24	0.0015032	615.35	801.67	2.0265	0.99142	1.3927	716.91	-0.016039	6.8095e-05	0.092278	supercritical
661.0	1242.8	666.13	0.0015012	615.18	801.75	2.0259	0.99154	1.3927	717.85	-0.016151	6.8212e-05	0.092381	supercritical
661.0	1246.0	667.01	0.0014992	615.02	801.82	2.0253	0.99165	1.3927	718.79	-0.016263	6.833e-05	0.092484	supercritical
661.0	1249.2	667.89	0.0014972	614.85	801.89	2.0247	0.99177	1.3928	719.73	-0.016373	6.8447e-05	0.092588	supercritical
661.0	1252.5	668.77	0.0014953	614.68	801.97	2.024	0.99188	1.3928	720.67	-0.016484	6.8564e-05	0.092691	supercritical
661.0	1255.8	669.65	0.0014933	614.52	802.04	2.0234	0.99199	1.3928	721.61	-0.016593	6.8681e-05	0.092794	supercritical
661.0	1259.0	670.53	0.0014914	614.35	802.12	2.0228	0.99211	1.3929	722.55	-0.016702	6.8798e-05	0.092897	supercritical
661.0	1262.2	671.4	0.0014894	614.19	802.19	2.0222	0.99222	1.3929	723.49	-0.016811	6.8915e-05	0.093	supercritical
661.0	1265.5	672.27	0.0014875	614.03	802.27	2.0216	0.99234	1.3929	724.42	-0.016919	6.9032e-05	0.093102	supercritical
661.0	1268.8	673.14	0.0014856	613.86	802.35	2.0209	0.99245	1.3929	725.36	-0.017026	6.9149e-05	0.093205	supercritical
661.0	1272.0	674.0	0.0014837	613.7	802.42	2.0203	0.99256	1.393	726.29	-0.017132	6.9265e-05	0.093307	supercritical
661.0	1275.2	674.87	0.0014818	613.54	802.5	2.0197	0.99268	1.393	727.22	-0.017239	6.9382e-05	0.09341	supercritical
661.0	1278.5	675.73	0.0014799	613.38	802.58	2.0191	0.99279	1.393	728.16	-0.017344	6.9499e-05	0.093512	supercritical
661.0	1281.8	676.59	0.001478	613.21	802.66	2.0185	0.9929	1.3931	729.09	-0.017449	6.9616e-05	0.093614	supercritical
661.0	1285.0	677.44	0.0014761	613.05	802.74	2.0179	0.99302	1.3931	730.02	-0.017553	6.9732e-05	0.093717	supercritical
661.0	1288.2	678.3	0.0014743	612.89	802.82	2.0173	0.99313	1.3931	730.95	-0.017657	6.9849e-05	0.093819	supercritical
661.0	1291.5	679.15	0.0014724	612.73	802.9	2.0167	0.99324	1.3931	731.88	-0.01776	6.9965e-05	0.093921	supercritical
661.0	1294.8	680.0	0.0014706	612.57	802.98	2.0161	0.99335	1.3932	732.81	-0.017863	7.0082e-05	0.094022	supercritical
661.0	1298.0	680.85	0.0014688	612.41	803.06	2.0155	0.99347	1.3932	733.73	-0.017965	7.0198e-05	0.094124	supercritical
661.0	1301.2	681.69	0.0014669	612.26	803.14	2.0149	0.99358	1.3932	734.66	-0.018066	7.0314e-05	0.094226	supercritical
661.0	1304.5	682.54	0.0014651	612.1	803.22	2.0143	0.99369	1.3932	735.59	-0.018167	7.0431e-05	0.094328	supercritical
661.0	1307.8	683.38	0.0014633	611.94	803.31	2.0137	0.99381	1.3933	736.51	-0.018268	7.0547e-05	0.094429	supercritical
661.0	1311.0	684.22	0.0014615	611.78	803.39	2.0131	0.99392	1.3933	737.43	-0.018368	7.0663e-05	0.09453	supercritical
661.0	1314.2	685.05	0.0014597	611.62	803.47	2.0125	0.99403	1.3933	738.36	-0.018467	7.0779e-05	0.094632	supercritical
661.0	1317.5	685.89	0.001458	611.47	803.56	2.0119	0.99414	1.3933	739.28	-0.018566	7.0895e-05	0.094733	supercritical
661.0	1320.8	686.72	0.0014562	611.31	803.64	2.0113	0.99426	1.3933	740.2	-0.018664	7.1011e-05	0.094834	supercritical
661.0	1324.0	687.55	0.0014544	611.16	803.72	2.0107	0.99437	1.3934	741.12	-0.018762	7.1127e-05	0.094935	supercritical
661.0	1327.2	688.38	0.0014527	611.0	803.81	2.0102	0.99448	1.3934	742.04	-0.018859	7.1243e-05	0.095036	supercritical
661.0	1330.5	689.2	0.0014509	610.85	803.9	2.0096	0.99459	1.3934	742.96	-0.018956	7.1359e-05	0.095137	supercritical
661.0	1333.8	690.03	0.0014492	610.69	803.98	2.009	0.99471	1.3934	743.87	-0.019052	7.1475e-05	0.095238	supercritical
661.0	1337.0	690.85	0.0014475	610.54	804.07	2.0084	0.99482	1.3934	744.79	-0.019148	7.1591e-05	0.095339	supercritical
661.0	1340.2	691.67	0.0014458	610.38	804.15	2.0078	0.99493	1.3935	745.71	-0.019243	7.1706e-05	0.095439	supercritical
661.0	1343.5	692.49	0.0014441	610.23	804.24	2.0072	0.99504	1.3935	746.62	-0.019338	7.1822e-05	0.09554	supercritical
661.0	1346.8	693.3	0.0014424	610.08	804.33	2.0067	0.99515	1.3935	747.54	-0.019432	7.1938e-05	0.09564	supercritical
661.0	1350.0	694.12	0.0014407	609.93	804.42	2.0061	0.99527	1.3935	748.45	-0.019526	7.2053e-05	0.095741	supercritical
661.0	1353.2	694.93	0.001439	609.77	804.51	2.0055	0.99538	1.3935	749.36	-0.019619	7.2169e-05	0.095841	supercritical
661.0	1356.5	695.74	0.0014373	609.62	804.6	2.005	0.99549	1.3935	750.27	-0.019712	7.2284e-05	0.095942	supercritical
661.0	1359.8	696.54	0.0014357	609.47	804.69	2.0044	0.9956	1.3935	751.18	-0.019804	7.2399e-05	0.096042	supercritical
661.0	1363.0	697.35	0.001434	609.32	804.78	2.0038	0.99571	1.3936	752.09	-0.019896	7.2515e-05	0.096142	supercritical
661.0	1366.2	698.15	0.0014324	609.17	804.87	2.0032	0.99583	1.3936	753.0	-0.019987	7.263e-05	0.096242	supercritical
661.0	1369.5	698.95	0.0014307	609.02	804.96	2.0027	0.99594	1.3936	753.91	-0.020078	7.2745e-05	0.096342	supercritical
661.0	1372.8	699.75	0.0014291	608.87	805.05	2.0021	0.99605	1.3936	754.82	-0.020168	7.286e-05	0.096442	supercritical
661.0	1376.0	700.55	0.0014275	608.72	805.14	2.0015	0.99616	1.3936	755.72	-0.020258	7.2976e-05	0.096542	supercritical
661.0	1379.2	701.34	0.0014258	608.57	805.23	2.001	0.99627	1.3936	756.63	-0.020348	7.3091e-05	0.096641	supercritical
661.0	1382.5	702.14	0.0014242	608.42	805.32	2.0004	0.99638	1.3936	757.53	-0.020437	7.3206e-05	0.096741	supercritical
661.0	1385.8	702.93	0.0014226	608.28	805.42	1.9999	0.99649	1.3937	758.43	-0.020525	7.3321e-05	0.096841	supercritical
661.0	1389.0	703.72	0.001421	608.13	805.51	1.9993	0.99661	1.3937	759.34	-0.020613	7.3436e-05	0.09694	supercritical
661.0	1392.2	704.5	0.0014194	607.98	805.6	1.9987	0.99672	1.3937	760.24	-0.020701	7.355e-05	0.09704	supercritical
661.0	1395.5	705.29	0.0014179	607.83	805.7	1.9982	0.99683	1.3937	761.14	-0.020788	7.3665e-05	0.097139	supercritical
661.0	1398.8	706.07	0.0014163	607.69	805.79	1.9976	0.99694	1.3937	762.04	-0.020874	7.378e-05	0.097238	supercritical
661.0	1402.0	706.85	0.0014147	607.54	805.89	1.9971	0.99705	1.3937	762.94	-0.020961	7.3895e-05	0.097338	supercritical
661.0	1405.2	707.63	0.0014132	607.4	805.98	1.9965	0.99716	1.3937	763.84	-0.021046	7.4009e-05	0.097437	supercritical
661.0	1408.5	708.41	0.0014116	607.25	806.08	1.996	0.99727	1.3937	764.73	-0.021132	7.4124e-05	0.097536	supercritical
661.0	1411.8	709.19	0.0014101	607.11	806.17	1.9954	0.99738	1.3937	765.63	-0.021217	7.4238e-05	0.097635	supercritical
661.0	1415.0	709.96	0.0014085	606.96	806.27	1.9949	0.99749	1.3938	766.53	-0.021301	7.4353e-05	0.097734	supercritical
661.0	1418.2	710.73	0.001407	606.82	806.37	1.9943	0.99761	1.3938	767.42	-0.021385	7.4467e-05	0.097833	supercritical
661.0	1421.5	711.5	0.0014055	606.67	806.46	1.9938	0.99772	1.3938	768.31	-0.021469	7.4582e-05	0.097932	supercritical
661.0	1424.8	712.27	0.001404	606.53	806.56	1.9933	0.99783	1.3938	769.21	-0.021552	7.4696e-05	0.09803	supercritical
661.0	1428.0	713.04	0.0014025	606.39	806.66	1.9927	0.99794	1.3938	770.1	-0.021635	7.481e-05	0.098129	supercritical
661.0	1431.2	713.8	0.0014009	606.25	806.76	1.9922	0.99805	1.3938	770.99	-0.021717	7.4924e-05	0.098228	supercritical
661.0	1434.5	714.56	0.0013995	606.1	806.85	1.9916	0.99816	1.3938	771.88	-0.021799	7.5039e-05	0.098326	supercritical
661.0	1437.8	715.33	0.001398	605.96	806.95	1.9911	0.99827	1.3938	772.77	-0.02188	7.5153e-05	0.098425	supercritical
661.0	1441.0	716.08	0.0013965	605.82	807.05	1.9906	0.99838	1.3938	773.66	-0.021961	7.5267e-05	0.098523	supercritical
661.0	1444.2	716.84	0.001395	605.68	807.15	1.99	0.99849	1.3938	774.54	-0.022042	7.5381e-05	0.098622	supercritical
661.0	1447.5	717.6	0.0013935	605.54	807.25	1.9895	0.9986	1.3938	775.43	-0.022122	7.5495e-05	0.09872	supercritical
661.0	1450.8	718.35	0.0013921	605.4	807.35	1.989	0.99871	1.3938	776.32	-0.022202	7.5609e-05	0.098819	supercritical
661.0	1454.0	719.1	0.0013906	605.26	807.45	1.9884	0.99882	1.3938	777.2	-0.022281	7.5722e-05	0.098917	supercritical
661.0	1457.2	719.85	0.0013892	605.12	807.55	1.9879	0.99893	1.3938	778.09	-0.02236	7.5836e-05	0.099015	supercritical
661.0	1460.5	720.6	0.0013877	604.98	807.66	1.9874	0.99904	1.3938	778.97	-0.022439	7.595e-05	0.099113	supercritical
661.0	1463.8	721.35	0.0013863	604.84	807.76	1.9868	0.99915	1.3939	779.85	-0.022517	7.6064e-05	0.099211	supercritical
661.0	1467.0	722.09	0.0013849	604.7	807.86	1.9863	0.99926	1.3939	780.73	-0.022595	7.6177e-05	0.099309	supercritical
661.0	1470.2	722.83	0.0013834	604.56	807.96	1.9858	0.99937	1.3939	781.61	-0.022673	7.6291e-05	0.099407	supercritical
661.0	1473.5	723.58	0.001382	604.42	808.07	1.9853	0.99948	1.3939	782.49	-0.02275	7.6404e-05	0.099505	supercritical
661.0	1476.8	724.31	0.0013806	604.29	808.17	1.9847	0.99959	1.3939	783.37	-0.022826	7.6518e-05	0.099603	supercritical
661.0	1480.0	725.05	0.0013792	604.15	808.27	1.9842	0.9997	1.3939	784.25	-0.022903	7.6631e-05	0.099701	supercritical
661.0	1483.2	725.79	0.0013778	604.01	808.38	1.9837	0.99981	1.3939	785.13	-0.022978	7.6744e-05	0.099799	supercritical
661.0	1486.5	726.52	0.0013764	603.88	808.48	1.9832	0.99992	1.3939	786.0	-0.023054	7.6858e-05	0.099896	supercritical
661.0	1489.8	727.25	0.001375	603.74	808.59	1.9827	1.0	1.3939	786.88	-0.023129	7.6971e-05	0.099994	supercritical
661.0	1493.0	727.99	0.0013737	603.6	808.69	1.9821	1.0001	1.3939	787.75	-0.023204	7.7084e-05	0.10009	supercritical
661.0	1496.2	728.71	0.0013723	603.47	808.8	1.9816	1.0003	1.3939	788.62	-0.023278	7.7197e-05	0.10019	supercritical
661.0	1499.5	729.44	0.0013709	603.33	808.9	1.9811	1.0004	1.3939	789.5	-0.023352	7.731e-05	0.10029	supercritical
661.0	1502.8	730.17	0.0013695	603.2	809.01	1.9806	1.0005	1.3939	790.37	-0.023426	7.7424e-05	0.10038	supercritical
661.0	1506.0	730.89	0.0013682	603.06	809.11	1.9801	1.0006	1.3939	791.24	-0.023499	7.7536e-05	0.10048	supercritical
661.0	1509.2	731.61	0.0013668	602.93	809.22	1.9796	1.0007	1.3939	792.11	-0.023572	7.7649e-05	0.10058	supercritical
661.0	1512.5	732.33	0.0013655	602.8	809.33	1.9791	1.0008	1.3939	792.98	-0.023644	7.7762e-05	0.10068	supercritical
661.0	1515.8	733.05	0.0013642	602.66	809.43	1.9786	1.0009	1.3939	793.85	-0.023717	7.7875e-05	0.10077	supercritical
661.0	1519.0	733.77	0.0013628	602.53	809.54	1.978	1.001	1.3939	794.71	-0.023788	7.7988e-05	0.10087	supercritical
661.0	1522.2	734.49	0.0013615	602.4	809.65	1.9775	1.0011	1.3939	795.58	-0.02386	7.8101e-05	0.10097	supercritical
661.0	1525.5	735.2	0.0013602	602.26	809.76	1.977	1.0012	1.3939	796.45	-0.023931	7.8213e-05	0.10106	supercritical
661.0	1528.8	735.91	0.0013589	602.13	809.87	1.9765	1.0013	1.3939	797.31	-0.024002	7.8326e-05	0.10116	supercritical
661.0	1532.0	736.62	0.0013575	602.0	809.98	1.976	1.0015	1.3939	798.17	-0.024072	7.8438e-05	0.10126	supercritical
661.0	1535.2	737.33	0.0013562	601.87	810.08	1.9755	1.0016	1.3939	799.04	-0.024142	7.8551e-05	0.10136	supercritical
661.0	1538.5	738.04	0.0013549	601.74	810.19	1.975	1.0017	1.3939	799.9	-0.024212	7.8663e-05	0.10145	supercritical
661.0	1541.8	738.75	0.0013536	601.61	810.3	1.9745	1.0018	1.3939	800.76	-0.024281	7.8776e-05	0.10155	supercritical
661.0	1545.0	739.45	0.0013524	601.48	810.41	1.974	1.0019	1.3939	801.62	-0.02435	7.8888e-05	0.10165	supercritical
661.0	1548.2	740.15	0.0013511	601.35	810.52	1.9735	1.002	1.3939	802.48	-0.024419	7.9e-05	0.10174	supercritical
661.0	1551.5	740.86	0.0013498	601.22	810.64	1.973	1.0021	1.3939	803.34	-0.024487	7.9113e-05	0.10184	supercritical
661.0	1554.8	741.56	0.0013485	601.09	810.75	1.9725	1.0022	1.3939	804.2	-0.024555	7.9225e-05	0.10194	supercritical
661.0	1558.0	742.25	0.0013472	600.96	810.86	1.972	1.0023	1.3939	805.05	-0.024623	7.9337e-05	0.10203	supercritical
661.0	1561.2	742.95	0.001346	600.83	810.97	1.9716	1.0024	1.3939	805.91	-0.02469	7.9449e-05	0.10213	supercritical
661.0	1564.5	743.65	0.0013447	600.7	811.08	1.9711	1.0025	1.3939	806.76	-0.024757	7.9561e-05	0.10223	supercritical
661.0	1567.8	744.34	0.0013435	600.57	811.19	1.9706	1.0027	1.3939	807.62	-0.024824	7.9673e-05	0.10232	supercritical
661.0	1571.0	745.03	0.0013422	600.44	811.31	1.9701	1.0028	1.3939	808.47	-0.02489	7.9785e-05	0.10242	supercritical
661.0	1574.2	745.72	0.001341	600.31	811.42	1.9696	1.0029	1.3939	809.32	-0.024956	7.9897e-05	0.10252	supercritical
661.0	1577.5	746.41	0.0013397	600.19	811.53	1.9691	1.003	1.3939	810.17	-0.025022	8.0009e-05	0.10261	supercritical
661.0	1580.8	747.1	0.0013385	600.06	811.65	1.9686	1.0031	1.3939	811.02	-0.025087	8.0121e-05	0.10271	supercritical
661.0	1584.0	747.78	0.0013373	599.93	811.76	1.9681	1.0032	1.3939	811.87	-0.025152	8.0232e-05	0.10281	supercritical
661.0	1587.2	748.47	0.0013361	599.81	811.87	1.9676	1.0033	1.3939	812.72	-0.025217	8.0344e-05	0.1029	supercritical
661.0	1590.5	749.15	0.0013348	599.68	811.99	1.9672	1.0034	1.3939	813.57	-0.025281	8.0456e-05	0.103	supercritical
661.0	1593.8	749.83	0.0013336	599.56	812.1	1.9667	1.0035	1.3939	814.42	-0.025345	8.0567e-05	0.10309	supercritical
661.0	1597.0	750.51	0.0013324	599.43	812.22	1.9662	1.0036	1.3939	815.26	-0.025409	8.0679e-05	0.10319	supercritical
661.0	1600.2	751.19	0.0013312	599.3	812.33	1.9657	1.0037	1.3939	816.11	-0.025472	8.079e-05	0.10329	supercritical
661.0	1603.5	751.87	0.00133	599.18	812.45	1.9652	1.0038	1.3939	816.95	-0.025536	8.0902e-05	0.10338	supercritical
661.0	1606.8	752.54	0.0013288	599.05	812.56	1.9648	1.004	1.3939	817.8	-0.025598	8.1013e-05	0.10348	supercritical
661.0	1610.0	753.22	0.0013276	598.93	812.68	1.9643	1.0041	1.3939	818.64	-0.025661	8.1124e-05	0.10357	supercritical
661.0	1613.2	753.89	0.0013265	598.81	812.8	1.9638	1.0042	1.3939	819.48	-0.025723	8.1236e-05	0.10367	supercritical
661.0	1616.5	754.56	0.0013253	598.68	812.91	1.9633	1.0043	1.3939	820.32	-0.025785	8.1347e-05	0.10377	supercritical
661.0	1619.8	755.23	0.0013241	598.56	813.03	1.9629	1.0044	1.3939	821.16	-0.025847	8.1458e-05	0.10386	supercritical
661.0	1623.0	755.9	0.0013229	598.44	813.15	1.9624	1.0045	1.3939	822.0	-0.025908	8.1569e-05	0.10396	supercritical
661.0	1626.2	756.56	0.0013218	598.31	813.27	1.9619	1.0046	1.3939	822.84	-0.025969	8.168e-05	0.10405	supercritical
661.0	1629.5	757.23	0.0013206	598.19	813.38	1.9614	1.0047	1.3939	823.68	-0.02603	8.1791e-05	0.10415	supercritical
661.0	1632.8	757.89	0.0013194	598.07	813.5	1.961	1.0048	1.3939	824.51	-0.02609	8.1902e-05	0.10425	supercritical
661.0	1636.0	758.56	0.0013183	597.95	813.62	1.9605	1.0049	1.3939	825.35	-0.02615	8.2013e-05	0.10434	supercritical
661.0	1639.2	759.22	0.0013171	597.82	813.74	1.96	1.005	1.3939	826.18	-0.02621	8.2124e-05	0.10444	supercritical
661.0	1642.5	759.88	0.001316	597.7	813.86	1.9596	1.0051	1.3939	827.02	-0.02627	8.2235e-05	0.10453	supercritical
661.0	1645.8	760.53	0.0013149	597.58	813.98	1.9591	1.0053	1.3939	827.85	-0.026329	8.2346e-05	0.10463	supercritical
661.0	1649.0	761.19	0.0013137	597.46	814.1	1.9586	1.0054	1.3939	828.68	-0.026388	8.2456e-05	0.10473	supercritical
661.0	1652.2	761.85	0.0013126	597.34	814.22	1.9582	1.0055	1.3939	829.51	-0.026447	8.2567e-05	0.10482	supercritical
661.0	1655.5	762.5	0.0013115	597.22	814.34	1.9577	1.0056	1.3938	830.35	-0.026505	8.2678e-05	0.10492	supercritical
661.0	1658.8	763.15	0.0013104	597.1	814.46	1.9572	1.0057	1.3938	831.17	-0.026563	8.2788e-05	0.10501	supercritical
661.0	1662.0	763.81	0.0013092	596.98	814.58	1.9568	1.0058	1.3938	832.0	-0.026621	8.2899e-05	0.10511	supercritical
661.0	1665.2	764.46	0.0013081	596.86	814.7	1.9563	1.0059	1.3938	832.83	-0.026678	8.3009e-05	0.1052	supercritical
661.0	1668.5	765.1	0.001307	596.74	814.82	1.9559	1.006	1.3938	833.66	-0.026736	8.312e-05	0.1053	supercritical
661.0	1671.8	765.75	0.0013059	596.62	814.94	1.9554	1.0061	1.3938	834.48	-0.026793	8.323e-05	0.10539	supercritical
661.0	1675.0	766.4	0.0013048	596.51	815.06	1.9549	1.0062	1.3938	835.31	-0.026849	8.334e-05	0.10549	supercritical
661.0	1678.2	767.04	0.0013037	596.39	815.18	1.9545	1.0063	1.3938	836.13	-0.026906	8.3451e-05	0.10559	supercritical
661.0	1681.5	767.68	0.0013026	596.27	815.3	1.954	1.0064	1.3938	836.96	-0.026962	8.3561e-05	0.10568	supercritical
661.0	1684.8	768.33	0.0013015	596.15	815.43	1.9536	1.0065	1.3938	837.78	-0.027018	8.3671e-05	0.10578	supercritical
661.0	1688.0	768.97	0.0013004	596.03	815.55	1.9531	1.0067	1.3938	838.6	-0.027073	8.3781e-05	0.10587	supercritical
661.0	1691.2	769.61	0.0012994	595.92	815.67	1.9527	1.0068	1.3938	839.42	-0.027129	8.3891e-05	0.10597	supercritical
661.0	1694.5	770.24	0.0012983	595.8	815.79	1.9522	1.0069	1.3938	840.24	-0.027184	8.4001e-05	0.10606	supercritical
661.0	1697.8	770.88	0.0012972	595.68	815.92	1.9518	1.007	1.3938	841.06	-0.027239	8.4111e-05	0.10616	supercritical
661.0	1701.0	771.52	0.0012961	595.57	816.04	1.9513	1.0071	1.3938	841.88	-0.027293	8.4221e-05	0.10625	supercritical
661.0	1704.2	772.15	0.0012951	595.45	816.17	1.9509	1.0072	1.3938	842.7	-0.027348	8.4331e-05	0.10635	supercritical
661.0	1707.5	772.78	0.001294	595.33	816.29	1.9504	1.0073	1.3938	843.51	-0.027402	8.4441e-05	0.10644	supercritical
661.0	1710.8	773.41	0.001293	595.22	816.41	1.95	1.0074	1.3938	844.33	-0.027455	8.4551e-05	0.10654	supercritical
661.0	1714.0	774.04	0.0012919	595.1	816.54	1.9495	1.0075	1.3938	845.14	-0.027509	8.4661e-05	0.10663	supercritical
661.0	1717.2	774.67	0.0012909	594.99	816.66	1.9491	1.0076	1.3938	845.96	-0.027562	8.477e-05	0.10673	supercritical
661.0	1720.5	775.3	0.0012898	594.87	816.79	1.9486	1.0077	1.3938	846.77	-0.027615	8.488e-05	0.10682	supercritical
661.0	1723.8	775.93	0.0012888	594.76	816.91	1.9482	1.0078	1.3938	847.58	-0.027668	8.499e-05	0.10692	supercritical
661.0	1727.0	776.55	0.0012877	594.64	817.04	1.9477	1.0079	1.3938	848.39	-0.027721	8.5099e-05	0.10701	supercritical
661.0	1730.2	777.18	0.0012867	594.53	817.16	1.9473	1.008	1.3938	849.21	-0.027773	8.5209e-05	0.10711	supercritical
661.0	1733.5	777.8	0.0012857	594.42	817.29	1.9469	1.0082	1.3938	850.02	-0.027825	8.5318e-05	0.1072	supercritical
661.0	1736.8	778.42	0.0012847	594.3	817.42	1.9464	1.0083	1.3938	850.82	-0.027877	8.5428e-05	0.1073	supercritical
661.0	1740.0	779.04	0.0012836	594.19	817.54	1.946	1.0084	1.3938	851.63	-0.027928	8.5537e-05	0.10739	supercritical
661.0	1743.2	779.66	0.0012826	594.08	817.67	1.9455	1.0085	1.3938	852.44	-0.027979	8.5646e-05	0.10749	supercritical
661.0	1746.5	780.28	0.0012816	593.96	817.8	1.9451	1.0086	1.3937	853.25	-0.02803	8.5755e-05	0.10758	supercritical
661.0	1749.8	780.89	0.0012806	593.85	817.92	1.9447	1.0087	1.3937	854.05	-0.028081	8.5865e-05	0.10768	supercritical
661.0	1753.0	781.51	0.0012796	593.74	818.05	1.9442	1.0088	1.3937	854.86	-0.028132	8.5974e-05	0.10777	supercritical
661.0	1756.2	782.12	0.0012786	593.63	818.18	1.9438	1.0089	1.3937	855.66	-0.028182	8.6083e-05	0.10787	supercritical
661.0	1759.5	782.73	0.0012776	593.52	818.31	1.9433	1.009	1.3937	856.46	-0.028232	8.6192e-05	0.10796	supercritical
661.0	1762.8	783.34	0.0012766	593.4	818.43	1.9429	1.0091	1.3937	857.26	-0.028282	8.6301e-05	0.10806	supercritical
661.0	1766.0	783.95	0.0012756	593.29	818.56	1.9425	1.0092	1.3937	858.07	-0.028332	8.641e-05	0.10815	supercritical
661.0	1769.2	784.56	0.0012746	593.18	818.69	1.942	1.0093	1.3937	858.87	-0.028381	8.6519e-05	0.10825	supercritical
661.0	1772.5	785.17	0.0012736	593.07	818.82	1.9416	1.0094	1.3937	859.66	-0.02843	8.6628e-05	0.10834	supercritical
661.0	1775.8	785.78	0.0012726	592.96	818.95	1.9412	1.0095	1.3937	860.46	-0.028479	8.6737e-05	0.10844	supercritical
661.0	1779.0	786.38	0.0012716	592.85	819.08	1.9408	1.0096	1.3937	861.26	-0.028528	8.6846e-05	0.10853	supercritical
661.0	1782.2	786.99	0.0012707	592.74	819.21	1.9403	1.0098	1.3937	862.06	-0.028576	8.6955e-05	0.10863	supercritical
661.0	1785.5	787.59	0.0012697	592.63	819.34	1.9399	1.0099	1.3937	862.85	-0.028624	8.7063e-05	0.10872	supercritical
661.0	1788.8	788.19	0.0012687	592.52	819.47	1.9395	1.01	1.3937	863.65	-0.028672	8.7172e-05	0.10882	supercritical
661.0	1792.0	788.79	0.0012678	592.41	819.6	1.939	1.0101	1.3937	864.44	-0.02872	8.7281e-05	0.10891	supercritical
661.0	1795.2	789.39	0.0012668	592.3	819.73	1.9386	1.0102	1.3937	865.24	-0.028767	8.7389e-05	0.10901	supercritical
661.0	1798.5	789.99	0.0012658	592.2	819.86	1.9382	1.0103	1.3937	866.03	-0.028815	8.7498e-05	0.1091	supercritical
661.0	1801.8	790.59	0.0012649	592.09	819.99	1.9378	1.0104	1.3937	866.82	-0.028862	8.7606e-05	0.1092	supercritical
661.0	1805.0	791.18	0.0012639	591.98	820.12	1.9373	1.0105	1.3937	867.61	-0.028909	8.7715e-05	0.10929	supercritical
661.0	1808.2	791.78	0.001263	591.87	820.25	1.9369	1.0106	1.3937	868.4	-0.028955	8.7823e-05	0.10939	supercritical
661.0	1811.5	792.37	0.001262	591.76	820.38	1.9365	1.0107	1.3937	869.19	-0.029002	8.7932e-05	0.10948	supercritical
661.0	1814.8	792.97	0.0012611	591.66	820.51	1.9361	1.0108	1.3937	869.98	-0.029048	8.804e-05	0.10958	supercritical
661.0	1818.0	793.56	0.0012601	591.55	820.64	1.9357	1.0109	1.3937	870.77	-0.029094	8.8148e-05	0.10967	supercritical
661.0	1821.2	794.15	0.0012592	591.44	820.77	1.9352	1.011	1.3937	871.56	-0.02914	8.8256e-05	0.10976	supercritical
661.0	1824.5	794.74	0.0012583	591.33	820.91	1.9348	1.0111	1.3937	872.34	-0.029185	8.8365e-05	0.10986	supercritical
661.0	1827.8	795.32	0.0012573	591.23	821.04	1.9344	1.0112	1.3937	873.13	-0.029231	8.8473e-05	0.10995	supercritical
661.0	1831.0	795.91	0.0012564	591.12	821.17	1.934	1.0113	1.3937	873.91	-0.029276	8.8581e-05	0.11005	supercritical
661.0	1834.2	796.5	0.0012555	591.01	821.3	1.9336	1.0115	1.3937	874.69	-0.029321	8.8689e-05	0.11014	supercritical
661.0	1837.5	797.08	0.0012546	590.91	821.44	1.9331	1.0116	1.3937	875.48	-0.029365	8.8797e-05	0.11024	supercritical
661.0	1840.8	797.67	0.0012537	590.8	821.57	1.9327	1.0117	1.3937	876.26	-0.02941	8.8905e-05	0.11033	supercritical
661.0	1844.0	798.25	0.0012527	590.7	821.7	1.9323	1.0118	1.3937	877.04	-0.029454	8.9013e-05	0.11043	supercritical
661.0	1847.2	798.83	0.0012518	590.59	821.84	1.9319	1.0119	1.3936	877.82	-0.029498	8.9121e-05	0.11052	supercritical
661.0	1850.5	799.41	0.0012509	590.49	821.97	1.9315	1.012	1.3936	878.6	-0.029542	8.9229e-05	0.11062	supercritical
661.0	1853.8	799.99	0.00125	590.38	822.1	1.9311	1.0121	1.3936	879.38	-0.029586	8.9337e-05	0.11071	supercritical
661.0	1857.0	800.57	0.0012491	590.28	822.24	1.9307	1.0122	1.3936	880.16	-0.029629	8.9444e-05	0.1108	supercritical
661.0	1860.2	801.14	0.0012482	590.17	822.37	1.9303	1.0123	1.3936	880.93	-0.029672	8.9552e-05	0.1109	supercritical
661.0	1863.5	801.72	0.0012473	590.07	822.51	1.9298	1.0124	1.3936	881.71	-0.029716	8.966e-05	0.11099	supercritical
661.0	1866.8	802.3	0.0012464	589.97	822.64	1.9294	1.0125	1.3936	882.48	-0.029758	8.9767e-05	0.11109	supercritical
661.0	1870.0	802.87	0.0012455	589.86	822.78	1.929	1.0126	1.3936	883.26	-0.029801	8.9875e-05	0.11118	supercritical
661.0	1873.2	803.44	0.0012446	589.76	822.91	1.9286	1.0127	1.3936	884.03	-0.029844	8.9983e-05	0.11128	supercritical
661.0	1876.5	804.01	0.0012438	589.66	823.05	1.9282	1.0128	1.3936	884.81	-0.029886	9.009e-05	0.11137	supercritical
661.0	1879.8	804.59	0.0012429	589.55	823.18	1.9278	1.0129	1.3936	885.58	-0.029928	9.0198e-05	0.11147	supercritical
661.0	1883.0	805.15	0.001242	589.45	823.32	1.9274	1.013	1.3936	886.35	-0.02997	9.0305e-05	0.11156	supercritical
661.0	1886.2	805.72	0.0012411	589.35	823.45	1.927	1.0131	1.3936	887.12	-0.030012	9.0412e-05	0.11165	supercritical
661.0	1889.5	806.29	0.0012402	589.25	823.59	1.9266	1.0132	1.3936	887.89	-0.030053	9.052e-05	0.11175	supercritical
661.0	1892.8	806.86	0.0012394	589.14	823.73	1.9262	1.0134	1.3936	888.66	-0.030094	9.0627e-05	0.11184	supercritical
661.0	1896.0	807.42	0.0012385	589.04	823.86	1.9258	1.0135	1.3936	889.43	-0.030135	9.0734e-05	0.11194	supercritical
661.0	1899.2	807.99	0.0012376	588.94	824.0	1.9254	1.0136	1.3936	890.19	-0.030176	9.0842e-05	0.11203	supercritical
661.0	1902.5	808.55	0.0012368	588.84	824.14	1.925	1.0137	1.3936	890.96	-0.030217	9.0949e-05	0.11213	supercritical
661.0	1905.8	809.11	0.0012359	588.74	824.27	1.9246	1.0138	1.3936	891.73	-0.030258	9.1056e-05	0.11222	supercritical
661.0	1909.0	809.67	0.0012351	588.64	824.41	1.9242	1.0139	1.3936	892.49	-0.030298	9.1163e-05	0.11232	supercritical
661.0	1912.2	810.23	0.0012342	588.54	824.55	1.9238	1.014	1.3936	893.25	-0.030338	9.127e-05	0.11241	supercritical
661.0	1915.5	810.79	0.0012334	588.44	824.69	1.9234	1.0141	1.3936	894.02	-0.030378	9.1377e-05	0.1125	supercritical
661.0	1918.8	811.35	0.0012325	588.34	824.82	1.923	1.0142	1.3936	894.78	-0.030418	9.1484e-05	0.1126	supercritical
661.0	1922.0	811.91	0.0012317	588.24	824.96	1.9226	1.0143	1.3936	895.54	-0.030458	9.1591e-05	0.11269	supercritical
661.0	1925.2	812.47	0.0012308	588.14	825.1	1.9222	1.0144	1.3936	896.3	-0.030497	9.1698e-05	0.11279	supercritical
661.0	1928.5	813.02	0.00123	588.04	825.24	1.9218	1.0145	1.3936	897.06	-0.030536	9.1805e-05	0.11288	supercritical
661.0	1931.8	813.58	0.0012291	587.94	825.38	1.9214	1.0146	1.3936	897.82	-0.030576	9.1912e-05	0.11298	supercritical
661.0	1935.0	814.13	0.0012283	587.84	825.51	1.921	1.0147	1.3936	898.58	-0.030615	9.2018e-05	0.11307	supercritical
661.0	1938.2	814.68	0.0012275	587.74	825.65	1.9206	1.0148	1.3936	899.34	-0.030653	9.2125e-05	0.11317	supercritical
661.0	1941.5	815.23	0.0012266	587.64	825.79	1.9202	1.0149	1.3936	900.09	-0.030692	9.2232e-05	0.11326	supercritical
661.0	1944.8	815.78	0.0012258	587.54	825.93	1.9198	1.015	1.3936	900.85	-0.03073	9.2339e-05	0.11335	supercritical
661.0	1948.0	816.33	0.001225	587.44	826.07	1.9194	1.0151	1.3936	901.6	-0.030768	9.2445e-05	0.11345	supercritical
661.0	1951.2	816.88	0.0012242	587.34	826.21	1.919	1.0152	1.3936	902.36	-0.030806	9.2552e-05	0.11354	supercritical
661.0	1954.5	817.43	0.0012233	587.25	826.35	1.9187	1.0153	1.3936	903.11	-0.030844	9.2658e-05	0.11364	supercritical
661.0	1957.8	817.97	0.0012225	587.15	826.49	1.9183	1.0154	1.3936	903.87	-0.030882	9.2765e-05	0.11373	supercritical
661.0	1961.0	818.52	0.0012217	587.05	826.63	1.9179	1.0156	1.3936	904.62	-0.03092	9.2871e-05	0.11383	supercritical
661.0	1964.2	819.06	0.0012209	586.95	826.77	1.9175	1.0157	1.3936	905.37	-0.030957	9.2978e-05	0.11392	supercritical
661.0	1967.5	819.61	0.0012201	586.86	826.91	1.9171	1.0158	1.3936	906.12	-0.030994	9.3084e-05	0.11401	supercritical
661.0	1970.8	820.15	0.0012193	586.76	827.05	1.9167	1.0159	1.3936	906.87	-0.031031	9.319e-05	0.11411	supercritical
661.0	1974.0	820.69	0.0012185	586.66	827.19	1.9163	1.016	1.3936	907.62	-0.031068	9.3297e-05	0.1142	supercritical
661.0	1977.2	821.23	0.0012177	586.57	827.33	1.9159	1.0161	1.3936	908.37	-0.031105	9.3403e-05	0.1143	supercritical
661.0	1980.5	821.77	0.0012169	586.47	827.47	1.9156	1.0162	1.3936	909.11	-0.031141	9.3509e-05	0.11439	supercritical
661.0	1983.8	822.31	0.0012161	586.37	827.61	1.9152	1.0163	1.3936	909.86	-0.031178	9.3616e-05	0.11449	supercritical
661.0	1987.0	822.85	0.0012153	586.28	827.75	1.9148	1.0164	1.3936	910.61	-0.031214	9.3722e-05	0.11458	supercritical
661.0	1990.2	823.39	0.0012145	586.18	827.9	1.9144	1.0165	1.3936	911.35	-0.03125	9.3828e-05	0.11467	supercritical
661.0	1993.5	823.92	0.0012137	586.09	828.04	1.914	1.0166	1.3936	912.1	-0.031286	9.3934e-05	0.11477	supercritical
661.0	1996.8	824.46	0.0012129	585.99	828.18	1.9136	1.0167	1.3936	912.84	-0.031322	9.404e-05	0.11486	supercritical
661.0	2000.0	824.99	0.0012121	585.89	828.32	1.9133	1.0168	1.3936	913.58	-0.031357	9.4146e-05	0.11496	supercritical
